2009-04-14	21271.0	1874.0	195.0	19387.0	21076.0	10.0	0.0	80.3	80.1	89.1	89.0
2009-04-21	23046.0	2499.0	145.0	20537.0	22901.0	10.0	0.0	79.9	83.4	88.7	89.8
2009-04-28	23976.0	2449.0	510.0	21471.0	23410.0	56.0	56.0	75.4	79.8	81.5	84.3
2009-05-05	21323.0	2124.0	560.0	19199.0	20763.0	0.0	0.0	83.4	87.8	91.1	93.3
2009-05-12	24324.0	2124.0	510.0	22200.0	23814.0	0.0	0.0	76.0	87.5	85.4	90.7
2009-05-19	26699.0	1874.0	610.0	24575.0	25839.0	0.0	0.0	74.7	87.2	84.3	88.9
2009-05-26	26774.0	1924.0	310.0	24650.0	26264.0	0.0	0.0	74.2	87.2	83.9	88.9
2009-06-16	28209.0	2524.0	600.0	24230.0	26154.0	1455.0	1455.0	74.9	87.9	84.7	90.1
2009-08-11	20329.0	1924.0	1750.0	18405.0	18579.0	0.0	0.0	85.8	91.0	94.6	96.5
2009-08-18	21914.0	1924.0	1910.0	19990.0	20004.0	0.0	0.0	82.5	82.4	90.7	92.9
2009-08-25	20114.0	1924.0	1910.0	18190.0	18204.0	0.0	0.0	84.9	87.2	92.5	94.4
2009-10-27	18895.0	624.0	2099.0	18134.0	16659.0	36.0	36.0	81.6	81.8	91.6	91.4
