2010-01-19	11015.0	10040.0	7696.0	878.0	3204.0	5.0	23.0	95.5	88.0	97.5	96.5
2010-01-26	11521.0	10396.0	7703.0	928.0	3590.0	0.0	31.0	94.8	83.2	97.2	93.4
2010-02-02	14848.0	13218.0	8170.0	1434.0	6432.0	80.0	130.0	92.3	81.0	98.2	92.5
2010-02-09	15726.0	14116.0	7496.0	1420.0	8057.0	103.0	86.0	92.9	81.3	98.3	92.5
2010-02-16	16320.0	14396.0	7695.0	1756.0	8490.0	81.0	48.0	91.2	79.8	97.4	91.7
2010-02-23	21798.0	15125.0	5493.0	4523.0	14201.0	129.0	83.0	74.6	67.8	83.9	79.4
2010-03-02	22660.0	15823.0	5274.0	4442.0	15036.0	54.0	9.0	72.8	66.6	81.9	78.6
2010-03-09	22681.0	16867.0	5221.0	3799.0	15489.0	119.0	75.0	77.4	65.7	82.8	77.7
2010-03-16	23334.0	17876.0	5639.0	3534.0	15834.0	421.0	358.0	79.4	64.4	84.0	78.7
2010-03-23	23048.0	17760.0	5665.0	3757.0	15904.0	65.0	13.0	79.6	65.0	85.6	80.1
2010-03-30	24802.0	17880.0	5537.0	4985.0	17361.0	385.0	352.0	75.6	68.3	84.0	81.8
2010-04-06	23467.0	19281.0	6869.0	4013.0	16449.0	29.0	5.0	85.8	83.2	95.0	94.9
2010-04-13	24855.0	20511.0	6860.0	4116.0	17826.0	82.0	23.0	85.5	80.5	93.7	94.1
2010-04-20	25682.0	20678.0	7016.0	4733.0	18473.0	118.0	40.0	85.1	78.7	92.1	92.8
2010-04-27	25665.0	20347.0	7129.0	5169.0	18445.0	91.0	33.0	85.1	80.0	91.6	94.5
2010-05-04	25153.0	20574.0	6879.0	4488.0	18250.0	91.0	24.0	87.2	84.9	93.5	97.8
2010-05-11	25509.0	20659.0	6864.0	4770.0	18638.0	80.0	7.0	86.0	84.3	92.6	98.0
2010-05-18	26623.0	20645.0	6864.0	5896.0	19738.0	77.0	16.0	82.1	85.4	92.5	97.6
2010-05-25	26477.0	20619.0	6735.0	5634.0	19593.0	212.0	137.0	82.1	85.4	92.6	97.7
2010-06-01	26122.0	20642.0	6658.0	5376.0	19426.0	94.0	28.0	83.3	86.1	93.9	98.1
2010-06-08	26008.0	20468.0	6689.0	5444.0	19279.0	89.0	33.0	83.7	86.6	94.2	97.9
2010-06-15	26086.0	20545.0	6694.0	5454.0	19377.0	87.0	15.0	83.4	86.4	94.0	97.8
2010-06-22	19542.0	14075.0	208.0	5382.0	19293.0	85.0	41.0	78.1	86.8	91.6	96.7
2010-06-29	19215.0	13698.0	208.0	5429.0	18952.0	88.0	55.0	78.7	89.2	92.4	99.3
2010-07-06	19056.0	13703.0	208.0	5063.0	18607.0	287.0	238.0	79.0	89.5	91.7	98.2
2010-07-13	18810.0	13740.0	203.0	4738.0	18317.0	311.0	269.0	80.5	89.2	92.4	97.9
2010-07-20	19267.0	14164.0	203.0	4743.0	18753.0	293.0	244.0	81.4	88.0	93.1	97.2
2010-07-27	19895.0	14244.0	212.0	5533.0	19615.0	72.0	22.0	79.4	89.3	93.4	98.3
2010-08-03	19657.0	14142.0	81.0	5423.0	19510.0	30.0	4.0	79.7	90.5	93.8	99.1
2010-08-10	19880.0	14419.0	81.0	5396.0	19773.0	39.0	0.0	78.8	90.7	93.4	99.3
2010-08-17	20037.0	14534.0	81.0	5444.0	19934.0	37.0	0.0	78.2	90.7	93.3	99.4
2010-08-24	20482.0	14590.0	71.0	5841.0	20379.0	49.0	30.0	76.5	90.8	93.2	99.4
2010-08-31	20285.0	14498.0	56.0	5710.0	20204.0	77.0	25.0	76.9	90.1	92.5	99.1
2010-09-07	20664.0	14357.0	56.0	6269.0	20603.0	38.0	5.0	76.8	92.6	93.1	99.6
2010-09-14	21439.0	15172.0	51.0	6236.0	21383.0	31.0	5.0	74.0	90.6	92.3	99.2
2010-09-21	21937.0	15495.0	39.0	6408.0	21888.0	29.0	5.0	69.4	89.7	93.1	99.3
2010-09-28	22459.0	16045.0	39.0	6348.0	22393.0	61.0	22.0	70.1	89.7	93.4	99.2
2010-10-05	22913.0	16585.0	41.0	6312.0	22867.0	16.0	5.0	71.5	91.1	93.6	99.6
2010-10-12	24525.0	17978.0	43.0	6532.0	24476.0	15.0	6.0	71.7	84.5	92.3	95.9
2010-10-19	24607.0	18054.0	43.0	6532.0	24544.0	21.0	20.0	71.5	83.8	92.0	95.7
2010-10-26	23986.0	17811.0	43.0	6163.0	23943.0	12.0	0.0	73.3	86.1	94.4	97.3
2010-11-02	24478.0	18445.0	43.0	6001.0	24411.0	13.0	5.0	73.8	83.7	94.6	97.5
2010-11-09	25021.0	18523.0	43.0	6427.0	24933.0	31.0	5.0	72.2	82.3	92.5	95.6
2010-11-16	25084.0	18609.0	39.0	6415.0	24999.0	23.0	9.0	72.1	82.0	92.3	95.3
2010-11-23	25277.0	18737.0	39.0	6477.0	25181.0	16.0	10.0	71.9	81.3	92.3	95.2
2010-11-30	25250.0	18670.0	39.0	6504.0	25144.0	14.0	5.0	72.1	81.3	92.5	95.2
2010-12-07	24446.0	18572.0	39.0	5774.0	24334.0	44.0	17.0	74.7	84.6	93.6	94.9
2010-12-14	24356.0	18416.0	39.0	5868.0	24317.0	72.0	0.0	75.0	85.2	93.7	94.7
2010-12-21	17355.0	12348.0	0.0	4906.0	17303.0	101.0	52.0	73.0	84.4	93.8	94.1
2010-12-28	15774.0	11184.0	0.0	4506.0	15765.0	84.0	9.0	76.1	90.5	94.5	96.1
