2005-01-04	141191.0	35806.0	24735.0	37380.0	63543.0	66690.0	51598.0	13.1	30.0	20.9	43.0
2005-01-11	143785.0	33414.0	17233.0	38897.0	68858.0	70904.0	57124.0	13.7	28.7	21.1	41.8
2005-01-18	131661.0	28380.0	18467.0	44413.0	62300.0	57979.0	50005.0	17.6	31.0	25.5	41.7
2005-01-25	131203.0	25401.0	24633.0	56009.0	61407.0	49219.0	44589.0	24.7	28.4	33.6	39.3
2005-02-01	129210.0	25980.0	24055.0	57821.0	64246.0	44879.0	40379.0	23.7	28.8	32.2	42.4
2005-02-08	152377.0	26185.0	26816.0	63001.0	70153.0	62483.0	54700.0	19.1	25.0	28.8	34.7
2005-02-15	148131.0	28112.0	28357.0	68660.0	71807.0	50541.0	47149.0	22.6	24.4	33.2	36.9
2005-02-22	164961.0	29004.0	24980.0	70354.0	79321.0	63987.0	59044.0	22.0	25.7	32.1	37.8
2005-03-01	169942.0	46880.0	13462.0	60219.0	108439.0	61664.0	46862.0	20.2	32.1	29.5	44.1
2005-03-08	169161.0	37116.0	14526.0	70109.0	108157.0	61386.0	45928.0	17.1	33.3	26.8	45.8
2005-03-15	122371.0	42647.0	12735.0	26959.0	68607.0	52538.0	40802.0	15.9	30.5	24.8	45.4
2005-03-22	115071.0	36967.0	9768.0	27075.0	63385.0	50846.0	41735.0	17.1	33.2	26.6	46.3
2005-03-29	116888.0	30250.0	12497.0	39394.0	63903.0	47026.0	40270.0	19.7	32.3	27.1	45.8
2005-04-05	126079.0	26469.0	19571.0	53567.0	60949.0	45851.0	45367.0	26.4	25.6	34.8	38.4
2005-04-12	131025.0	30092.0	24332.0	58423.0	68977.0	41988.0	37194.0	29.2	28.0	38.5	41.0
2005-04-19	118581.0	23613.0	18592.0	54810.0	65542.0	39801.0	34090.0	25.9	33.0	36.5	43.4
2005-04-26	133030.0	23524.0	19305.0	63574.0	69751.0	44738.0	42780.0	26.3	32.4	37.4	42.9
2005-05-03	138018.0	26070.0	21195.0	65969.0	73021.0	45416.0	43239.0	26.3	32.9	37.8	41.8
2005-05-10	148731.0	27335.0	28879.0	73185.0	70847.0	47461.0	48255.0	28.5	29.0	41.7	38.8
2005-05-17	156860.0	22232.0	35720.0	88051.0	69952.0	45519.0	50130.0	26.4	30.1	40.3	39.5
2005-05-24	162145.0	24631.0	39952.0	92321.0	68523.0	43919.0	52396.0	32.1	27.7	44.3	37.5
2005-05-31	190494.0	24211.0	42521.0	103595.0	83901.0	61645.0	63029.0	28.6	27.9	39.0	36.1
2005-06-07	193707.0	22939.0	40710.0	125244.0	105308.0	44895.0	47060.0	34.0	26.3	43.9	33.8
2005-06-14	140233.0	26335.0	46000.0	65262.0	42453.0	47023.0	50167.0	27.2	21.1	41.9	31.1
2005-06-21	142566.0	26061.0	47343.0	69289.0	44387.0	45564.0	49184.0	29.7	21.8	43.9	31.4
2005-06-28	139172.0	31816.0	46057.0	62859.0	46580.0	42925.0	44963.0	22.1	23.1	37.0	34.8
2005-07-05	148960.0	23019.0	47891.0	73540.0	46146.0	50708.0	53230.0	27.3	21.9	40.1	32.6
2005-07-12	140286.0	24267.0	32115.0	72930.0	59128.0	42604.0	48558.0	31.9	26.1	46.2	37.0
2005-07-19	143052.0	23055.0	34925.0	74964.0	60278.0	44740.0	47556.0	27.7	21.0	42.2	31.6
2005-07-26	144785.0	24520.0	32816.0	71960.0	64853.0	47654.0	46465.0	28.8	26.2	42.2	37.2
2005-08-02	143594.0	24408.0	24599.0	72783.0	74601.0	45777.0	43768.0	23.4	27.7	36.8	37.5
2005-08-09	145759.0	28507.0	24276.0	70541.0	74659.0	45563.0	45676.0	24.4	22.8	36.0	33.0
2005-08-16	148418.0	27289.0	26705.0	73571.0	77537.0	46647.0	43265.0	24.1	23.7	35.6	34.0
2005-08-23	145089.0	24238.0	30004.0	77787.0	73001.0	42046.0	41066.0	25.8	23.3	37.9	32.6
2005-09-06	161018.0	38768.0	15250.0	80291.0	109602.0	40952.0	35159.0	21.9	32.3	32.5	44.4
2005-09-13	162743.0	29321.0	21736.0	88697.0	101633.0	43131.0	37780.0	24.0	30.0	34.6	40.5
2005-09-20	118666.0	29052.0	30480.0	52941.0	47456.0	35841.0	39898.0	21.5	32.0	35.8	43.2
2005-09-27	135698.0	32927.0	34530.0	64263.0	56575.0	37316.0	43401.0	19.1	33.2	34.2	44.5
2005-10-04	143338.0	34646.0	36544.0	68778.0	56196.0	39102.0	49786.0	19.2	32.0	32.3	41.2
2005-10-11	130998.0	30103.0	25311.0	61280.0	58641.0	38370.0	45801.0	21.6	35.0	34.4	41.3
2005-10-18	144421.0	25238.0	24383.0	73072.0	68315.0	45348.0	50960.0	23.0	35.2	35.9	41.6
2005-10-25	151243.0	20794.0	23352.0	77812.0	70441.0	50965.0	55778.0	22.9	37.1	37.2	43.2
2005-11-01	144306.0	26432.0	19434.0	73569.0	75190.0	43387.0	48764.0	23.5	40.4	37.7	46.6
2005-11-08	159878.0	29558.0	36185.0	81207.0	68774.0	47738.0	53544.0	25.0	34.1	37.6	41.0
2005-11-15	175265.0	31487.0	44709.0	94478.0	73806.0	47204.0	54654.0	26.1	30.6	40.0	39.1
2005-11-22	185618.0	35452.0	46579.0	97074.0	80164.0	49876.0	55659.0	26.7	28.7	41.8	37.8
2005-11-29	182131.0	30467.0	48599.0	101892.0	83991.0	46720.0	46489.0	25.4	30.8	39.3	42.2
2005-12-06	179353.0	28784.0	51356.0	103103.0	79708.0	44090.0	44913.0	29.3	30.4	43.2	41.5
2005-12-13	192392.0	28088.0	29151.0	117671.0	114350.0	43873.0	46131.0	26.4	32.4	38.6	43.3
2005-12-20	123445.0	24852.0	20348.0	50514.0	58508.0	45636.0	42146.0	22.4	29.6	33.4	40.2
2005-12-27	112370.0	25937.0	21359.0	44261.0	50356.0	39788.0	38271.0	21.5	28.3	31.1	36.6
2006-01-03	119238.0	36013.0	24782.0	36844.0	48533.0	43961.0	43503.0	20.3	25.2	31.2	34.0
2006-01-10	127386.0	42096.0	20135.0	34870.0	63074.0	47965.0	41722.0	18.8	27.9	28.8	37.9
2006-01-17	129565.0	41207.0	19996.0	36151.0	69669.0	49477.0	37170.0	19.9	31.3	29.9	45.0
2006-01-24	144608.0	56834.0	19370.0	33491.0	89341.0	50968.0	32582.0	16.8	30.7	25.8	44.7
2006-01-31	147953.0	58564.0	22182.0	36469.0	89459.0	50538.0	33930.0	16.0	37.5	24.4	49.1
2006-02-07	140121.0	45622.0	26657.0	44620.0	75293.0	48217.0	36509.0	15.4	34.4	26.0	45.7
2006-02-14	140958.0	43279.0	31323.0	50461.0	69907.0	45530.0	38040.0	20.5	31.4	32.3	42.4
2006-02-21	151300.0	42097.0	32012.0	58946.0	75683.0	48523.0	41871.0	22.5	31.2	34.9	42.4
2006-02-28	159681.0	50882.0	32480.0	56481.0	82130.0	50836.0	43589.0	18.1	30.7	30.1	44.8
2006-03-07	177395.0	49877.0	35999.0	75783.0	98478.0	49145.0	40328.0	21.5	33.5	32.9	44.7
2006-03-14	134870.0	55058.0	27074.0	35565.0	69607.0	42812.0	36754.0	24.4	32.8	34.8	41.7
2006-03-21	141536.0	58377.0	16925.0	33700.0	88412.0	48974.0	35714.0	21.5	36.1	32.4	47.8
2006-03-28	140715.0	56336.0	15525.0	35558.0	93460.0	48011.0	30920.0	24.9	38.9	35.8	55.3
2006-04-04	161921.0	67859.0	15467.0	43679.0	113080.0	49728.0	32719.0	22.2	38.7	33.4	53.7
2006-04-11	159310.0	58717.0	17087.0	46263.0	110321.0	52318.0	29890.0	19.0	37.8	30.2	53.9
2006-04-18	165741.0	70019.0	14677.0	38561.0	118525.0	55841.0	31219.0	20.4	41.2	29.3	55.9
2006-04-25	177240.0	79841.0	14316.0	38061.0	130344.0	58625.0	31867.0	20.5	41.0	29.3	56.3
2006-05-02	187074.0	90615.0	16141.0	39152.0	138150.0	55961.0	31437.0	19.0	37.4	27.1	55.8
2006-05-09	198501.0	87975.0	15064.0	43091.0	142504.0	65655.0	39153.0	15.7	39.4	23.6	56.7
2006-05-16	195254.0	87436.0	14060.0	45579.0	143424.0	60408.0	35939.0	15.7	43.9	24.6	60.2
2006-05-23	197806.0	87361.0	15285.0	50079.0	146064.0	58049.0	34140.0	16.5	41.6	25.8	58.6
2006-05-30	195502.0	96864.0	16980.0	39005.0	138891.0	58387.0	38385.0	15.8	40.6	25.6	57.7
2006-06-06	209552.0	102560.0	14364.0	40541.0	154767.0	65272.0	39242.0	16.6	43.3	25.9	58.3
2006-06-13	202394.0	72732.0	10886.0	64770.0	152800.0	63519.0	37335.0	15.8	40.1	25.4	55.1
2006-06-20	132604.0	66017.0	13527.0	17807.0	94376.0	48399.0	24320.0	19.1	48.0	27.7	59.3
2006-06-27	148166.0	77942.0	13272.0	18274.0	106720.0	51554.0	27778.0	24.4	44.8	33.4	61.2
2006-07-03	162104.0	87088.0	18543.0	21368.0	114031.0	53130.0	29012.0	23.5	42.0	31.0	58.5
2006-07-11	168069.0	92291.0	14396.0	19781.0	128562.0	55720.0	24834.0	23.3	46.4	30.9	61.9
2006-07-18	152795.0	67816.0	16122.0	29176.0	101106.0	55354.0	35118.0	21.3	41.5	28.4	54.2
2006-07-25	146454.0	66687.0	16386.0	30207.0	100022.0	48873.0	29359.0	23.0	41.1	29.2	53.1
2006-08-01	157856.0	85072.0	11643.0	20935.0	118798.0	51204.0	26770.0	21.0	45.9	27.9	59.0
2006-08-08	177763.0	101133.0	9025.0	22548.0	144363.0	53545.0	23838.0	23.4	51.0	31.6	65.2
2006-08-15	178761.0	99050.0	8846.0	25418.0	143147.0	53607.0	26082.0	22.8	52.1	30.1	64.5
2006-08-22	175943.0	89994.0	8524.0	27222.0	139078.0	57928.0	27542.0	21.1	48.2	27.3	61.2
2006-08-29	170168.0	88423.0	8786.0	25123.0	129589.0	54968.0	30139.0	22.0	46.0	27.8	58.8
2006-09-05	171026.0	86223.0	11207.0	25562.0	129665.0	56478.0	27391.0	23.2	46.4	29.3	58.7
2006-09-12	168483.0	79626.0	12909.0	34073.0	118677.0	52744.0	34857.0	24.4	40.0	31.5	51.2
2006-09-19	131398.0	69197.0	18083.0	15429.0	79941.0	45551.0	32153.0	25.8	37.6	32.8	48.3
2006-09-26	136955.0	67422.0	17480.0	19561.0	89145.0	49154.0	29512.0	22.8	40.2	29.4	51.0
2006-10-03	142202.0	76049.0	19832.0	18656.0	90524.0	46148.0	30497.0	22.3	37.0	29.0	46.7
2006-10-10	150795.0	69105.0	32577.0	27412.0	77236.0	51464.0	38168.0	21.9	32.9	28.5	42.6
2006-10-17	154610.0	69850.0	43258.0	32824.0	67746.0	49391.0	41061.0	18.8	32.0	27.9	40.9
2006-10-24	158034.0	70934.0	43783.0	38127.0	70020.0	46089.0	41347.0	20.3	29.2	29.8	39.8
2006-10-31	162230.0	84563.0	24515.0	24644.0	102923.0	49545.0	31314.0	22.4	35.7	29.4	46.4
2006-11-07	178237.0	96738.0	27813.0	25137.0	119259.0	53018.0	27821.0	22.0	38.5	30.9	49.3
2006-11-14	170609.0	81912.0	21437.0	30625.0	114891.0	54825.0	31034.0	17.4	38.3	26.0	50.6
2006-11-21	178692.0	84717.0	19411.0	35293.0	125408.0	55522.0	30713.0	14.9	43.5	23.9	54.7
2006-11-28	207573.0	107372.0	17778.0	33719.0	142555.0	61446.0	42204.0	15.6	42.6	23.4	53.2
2006-12-05	223733.0	115201.0	16936.0	34887.0	163201.0	67280.0	37231.0	17.6	43.3	24.7	55.0
2006-12-12	230245.0	112188.0	15505.0	46473.0	175717.0	65695.0	33134.0	14.5	45.0	22.2	57.2
2006-12-19	194079.0	110993.0	19023.0	19007.0	144006.0	62558.0	29529.0	18.5	49.3	26.9	65.1
2006-12-26	186755.0	100959.0	20989.0	22399.0	138364.0	61609.0	25614.0	19.9	47.6	28.2	64.9
2007-01-03	189612.0	98245.0	20789.0	26506.0	136076.0	63713.0	31599.0	18.0	43.9	25.2	59.4
2007-01-09	183293.0	93415.0	18243.0	28061.0	132400.0	60487.0	31320.0	23.0	46.2	30.4	61.8
2007-01-16	164594.0	67482.0	13940.0	31321.0	108505.0	63758.0	40116.0	16.0	47.0	23.0	56.0
2007-01-23	169518.0	77516.0	16506.0	34954.0	115543.0	55255.0	35676.0	16.5	49.0	23.3	58.3
2007-01-30	174218.0	85505.0	22926.0	34053.0	112355.0	53135.0	37412.0	21.4	47.3	28.8	57.5
2007-02-06	182666.0	74223.0	28893.0	51936.0	117568.0	54569.0	34267.0	24.4	46.3	31.3	56.5
2007-02-13	187086.0	105371.0	21576.0	26385.0	132507.0	53662.0	31335.0	20.9	49.9	27.9	59.9
2007-02-20	202370.0	117811.0	18485.0	27304.0	150840.0	55060.0	30850.0	22.0	52.2	28.3	63.4
2007-02-27	221471.0	123508.0	20910.0	33476.0	165096.0	61749.0	32727.0	20.4	48.6	26.8	62.2
2007-03-06	201319.0	107164.0	18485.0	36846.0	152682.0	54986.0	27829.0	21.8	51.7	29.3	62.8
2007-03-13	216699.0	113009.0	16854.0	44465.0	167858.0	56911.0	29673.0	19.0	44.0	25.8	55.2
2007-03-20	182591.0	106188.0	18232.0	18674.0	135405.0	57108.0	28333.0	20.1	45.4	28.2	61.6
2007-03-27	192918.0	116347.0	22606.0	19438.0	138232.0	56479.0	31426.0	21.2	40.8	29.6	56.7
2007-04-03	198368.0	118379.0	23301.0	18325.0	143338.0	61004.0	31069.0	23.9	43.9	32.1	59.2
2007-04-10	212087.0	126947.0	22553.0	22579.0	152751.0	61695.0	35917.0	22.8	44.7	32.1	58.9
2007-04-17	217447.0	129044.0	22274.0	22960.0	158914.0	64702.0	35518.0	19.8	43.9	28.7	57.6
2007-04-24	232312.0	137322.0	26040.0	26774.0	166155.0	67364.0	39265.0	20.4	38.4	28.7	52.6
2007-05-01	235249.0	135399.0	28711.0	31403.0	166590.0	67391.0	38892.0	22.1	36.8	31.1	51.4
2007-05-08	223364.0	130342.0	25072.0	30399.0	160424.0	60551.0	35796.0	23.5	35.5	31.4	51.0
2007-05-15	236773.0	146922.0	27384.0	28486.0	170028.0	58771.0	36767.0	24.2	35.6	32.6	51.4
2007-05-22	218897.0	126860.0	31573.0	35859.0	145736.0	53046.0	38456.0	26.3	32.4	33.5	47.6
2007-05-29	213871.0	124206.0	29887.0	30545.0	146256.0	56153.0	34761.0	24.8	35.1	32.5	50.2
2007-06-05	214948.0	119341.0	34376.0	33497.0	136957.0	59381.0	40886.0	21.1	29.3	30.6	45.4
2007-06-12	227892.0	93562.0	42924.0	71199.0	140403.0	60186.0	41620.0	19.3	24.7	27.4	36.2
2007-06-19	183775.0	85173.0	38832.0	47546.0	113147.0	50130.0	30870.0	27.2	44.1	36.9	55.0
2007-06-26	183893.0	92876.0	25443.0	38856.0	125552.0	51473.0	32210.0	26.7	44.6	37.3	54.2
2007-07-03	195000.0	101643.0	25119.0	29601.0	136922.0	62426.0	31629.0	22.4	44.0	31.5	56.0
2007-07-10	223674.0	129843.0	26947.0	27319.0	157712.0	64951.0	37454.0	23.9	42.5	33.0	54.8
2007-07-17	221237.0	123364.0	24179.0	31096.0	163661.0	64722.0	31342.0	22.3	41.6	30.2	54.5
2007-07-24	225781.0	126890.0	30475.0	31658.0	162016.0	65218.0	31275.0	23.5	41.8	31.3	54.0
2007-07-31	214527.0	104189.0	25736.0	49491.0	154719.0	58845.0	32070.0	29.4	39.5	38.0	52.9
2007-08-07	227532.0	111634.0	32605.0	53782.0	161026.0	59514.0	31299.0	29.0	39.9	38.2	53.8
2007-08-14	218546.0	90832.0	26158.0	71894.0	158307.0	51739.0	30000.0	36.3	42.1	44.7	56.7
2007-08-21	216026.0	74037.0	35574.0	88533.0	147372.0	47958.0	27582.0	40.9	41.0	47.8	55.6
2007-08-28	221098.0	74495.0	31669.0	98326.0	152882.0	43192.0	31462.0	43.0	41.4	49.0	56.0
2007-09-04	221662.0	78483.0	31838.0	91240.0	155853.0	48761.0	30793.0	39.9	42.8	47.4	57.6
2007-09-11	235169.0	86476.0	28262.0	93096.0	173688.0	53168.0	30790.0	32.5	40.4	39.6	54.7
2007-09-18	203437.0	123169.0	37120.0	25057.0	136525.0	53891.0	28472.0	24.5	44.1	33.2	59.6
2007-09-25	209652.0	122295.0	38847.0	29894.0	131573.0	55655.0	37424.0	26.1	36.4	34.8	50.7
2007-10-02	214561.0	132323.0	37883.0	24276.0	137838.0	56469.0	37347.0	30.2	37.6	36.7	52.1
2007-10-09	204193.0	117894.0	30728.0	26551.0	136226.0	58003.0	35494.0	26.8	38.1	33.5	52.9
2007-10-16	208345.0	116748.0	30144.0	32931.0	141380.0	56755.0	34910.0	27.6	39.3	35.0	53.5
2007-10-23	195913.0	100683.0	31667.0	39483.0	124130.0	54037.0	38406.0	25.3	34.6	32.9	49.2
2007-10-30	199482.0	100809.0	31961.0	41037.0	128135.0	55865.0	37615.0	25.5	34.5	34.0	50.3
2007-11-06	217765.0	109002.0	32954.0	48039.0	144656.0	58947.0	38378.0	26.5	37.3	34.6	51.0
2007-11-13	219866.0	98821.0	29392.0	63973.0	149796.0	55209.0	38815.0	28.7	39.1	36.8	51.7
2007-11-20	227240.0	98548.0	28520.0	70157.0	154389.0	57102.0	42898.0	30.1	38.2	38.2	53.0
2007-11-27	222881.0	91335.0	24779.0	75599.0	155245.0	54492.0	41402.0	29.1	40.4	36.5	54.2
2007-12-04	236107.0	93659.0	24542.0	85243.0	167434.0	54378.0	41304.0	29.7	40.9	37.2	52.3
2007-12-11	259477.0	91012.0	27638.0	110298.0	186059.0	50804.0	38417.0	29.9	39.1	36.4	48.5
2007-12-18	150165.0	67396.0	36247.0	33923.0	78738.0	47518.0	33852.0	30.0	33.7	41.1	46.2
2007-12-24	157379.0	68111.0	37470.0	44647.0	87263.0	43349.0	31374.0	31.7	33.8	43.6	47.5
2007-12-31	166421.0	71697.0	35042.0	48525.0	93036.0	44951.0	37095.0	30.5	31.4	41.8	45.1
2008-01-08	179512.0	85915.0	34013.0	41398.0	108936.0	50715.0	35079.0	23.2	31.1	33.4	44.5
2008-01-15	177003.0	81812.0	36830.0	42254.0	102175.0	51636.0	36697.0	21.6	28.0	32.5	42.8
2008-01-22	184289.0	65581.0	41836.0	63634.0	99499.0	53761.0	41641.0	23.8	29.0	34.2	40.9
2008-01-29	187780.0	62078.0	39622.0	77332.0	111456.0	45963.0	34295.0	27.7	31.8	37.5	44.1
2008-02-05	199494.0	60106.0	47542.0	86513.0	109379.0	50762.0	40460.0	30.9	30.7	40.1	41.1
2008-02-12	207601.0	55016.0	44721.0	103545.0	118882.0	47015.0	41973.0	40.9	30.8	47.3	40.3
2008-02-19	209143.0	60926.0	46196.0	101376.0	120377.0	45648.0	41377.0	40.4	31.6	47.0	41.2
2008-02-26	217521.0	75598.0	43820.0	88983.0	128844.0	51093.0	43010.0	34.6	31.2	43.2	40.9
2008-03-04	226280.0	73238.0	41228.0	99752.0	141064.0	50698.0	41396.0	33.6	29.9	42.7	39.7
2008-03-11	245172.0	81646.0	52547.0	118602.0	151616.0	42679.0	38764.0	30.0	23.4	39.7	32.1
2008-03-18	162474.0	78310.0	51789.0	34582.0	65588.0	47511.0	43026.0	24.2	22.1	34.3	33.7
2008-03-25	163586.0	90956.0	48185.0	28157.0	74502.0	42837.0	39263.0	26.8	27.8	36.5	38.8
2008-04-01	165921.0	80290.0	51218.0	36173.0	68641.0	47223.0	43827.0	24.3	21.5	34.6	33.9
2008-04-08	174504.0	86826.0	57391.0	41475.0	72091.0	44050.0	42869.0	25.2	27.1	36.7	39.4
2008-04-15	175248.0	77532.0	57439.0	47123.0	70124.0	47940.0	45032.0	26.7	24.2	37.8	37.7
2008-04-22	178052.0	81612.0	62705.0	41337.0	63449.0	52003.0	48798.0	23.4	23.9	32.5	34.2
2008-04-29	191308.0	48319.0	69634.0	95786.0	71281.0	44984.0	48174.0	40.1	28.6	47.3	38.3
2008-05-06	204066.0	54383.0	66895.0	100580.0	91173.0	45475.0	42370.0	37.6	32.7	45.6	42.2
2008-05-13	207346.0	55409.0	64908.0	106832.0	98679.0	42036.0	40690.0	42.1	35.4	48.6	44.5
2008-05-20	212882.0	70240.0	63399.0	94653.0	104525.0	44508.0	41477.0	35.8	36.9	46.0	45.8
2008-05-27	222241.0	64503.0	67893.0	108565.0	110485.0	45667.0	40357.0	38.4	37.1	45.2	45.7
2008-06-03	230633.0	55845.0	70299.0	128849.0	105376.0	42470.0	51489.0	43.9	35.8	51.9	41.7
2008-06-10	254812.0	57544.0	65084.0	148879.0	135196.0	36852.0	42995.0	38.1	33.4	44.9	39.3
2008-06-17	132056.0	49514.0	58804.0	32128.0	27941.0	47791.0	42688.0	27.0	21.1	33.4	28.9
2008-06-24	147275.0	57904.0	56472.0	38893.0	49378.0	48115.0	39062.0	23.7	27.1	31.5	36.8
2008-07-01	179885.0	88162.0	60479.0	40013.0	73450.0	49453.0	43699.0	20.0	35.1	33.0	44.3
2008-07-08	176211.0	81210.0	57203.0	44165.0	69916.0	47953.0	46209.0	19.9	33.4	31.5	43.4
2008-07-15	183536.0	85052.0	62003.0	45934.0	78687.0	49185.0	39481.0	19.1	33.0	32.7	43.2
2008-07-22	171505.0	70588.0	66517.0	52550.0	58424.0	45129.0	43326.0	20.4	27.7	32.2	37.9
2008-07-29	149933.0	51585.0	67803.0	54512.0	35374.0	41308.0	44228.0	24.7	19.0	34.9	28.5
2008-08-05	160311.0	55538.0	64985.0	59169.0	45026.0	42826.0	47522.0	26.4	23.8	36.4	33.4
2008-08-12	146235.0	39822.0	59249.0	54139.0	35030.0	48122.0	47804.0	28.4	16.8	36.5	24.5
2008-08-19	153468.0	39958.0	60322.0	55286.0	33789.0	54564.0	55697.0	28.2	15.6	36.3	23.7
2008-08-26	154444.0	36026.0	69804.0	72360.0	34980.0	42730.0	46332.0	30.4	15.7	40.4	24.1
2008-09-02	163458.0	37997.0	76620.0	81688.0	38194.0	40072.0	44943.0	31.0	17.3	41.3	26.4
2008-09-09	182828.0	35890.0	72322.0	98579.0	62462.0	44059.0	43744.0	27.4	15.2	35.7	23.3
2008-09-16	142148.0	35314.0	75968.0	68208.0	23682.0	33906.0	37778.0	28.3	21.0	43.6	30.6
2008-09-23	152022.0	33266.0	64323.0	79367.0	48721.0	37331.0	36920.0	30.2	29.4	44.3	37.5
2008-09-30	173238.0	27472.0	56404.0	91067.0	58098.0	49016.0	53053.0	25.9	22.7	37.4	28.7
2008-10-07	179895.0	32058.0	50720.0	92353.0	70752.0	52490.0	55429.0	26.3	21.9	35.8	28.2
2008-10-14	175810.0	24274.0	54374.0	102280.0	65951.0	46682.0	52911.0	30.7	19.8	40.6	27.4
2008-10-21	184062.0	23536.0	54156.0	94815.0	61489.0	62975.0	65681.0	22.8	14.8	33.0	22.2
2008-10-28	193760.0	25409.0	54461.0	99852.0	67164.0	65292.0	68928.0	25.1	15.2	33.8	22.0
2008-11-04	169608.0	27825.0	49258.0	87091.0	60936.0	51779.0	56501.0	25.1	13.5	34.1	22.9
2008-11-11	170226.0	25967.0	46588.0	92836.0	63077.0	48602.0	57740.0	25.8	10.5	34.6	16.8
2008-11-18	165121.0	29073.0	46431.0	86779.0	63127.0	46716.0	53010.0	25.2	11.8	34.0	18.4
2008-11-25	172366.0	27389.0	48867.0	89976.0	70266.0	52314.0	50546.0	23.8	12.3	31.3	20.9
2008-12-02	173018.0	29631.0	49828.0	93058.0	73945.0	47946.0	46862.0	23.7	13.9	32.1	22.8
2008-12-09	179318.0	29347.0	46015.0	90454.0	82700.0	55461.0	46547.0	23.0	18.8	29.5	27.8
2008-12-16	119389.0	30798.0	37424.0	47746.0	50434.0	39851.0	30537.0	28.8	35.0	37.8	45.9
2008-12-22	118546.0	30977.0	34622.0	49358.0	56185.0	36812.0	26340.0	28.0	37.8	36.8	49.6
2008-12-30	120499.0	32529.0	35733.0	49384.0	56465.0	37506.0	27221.0	27.7	37.1	36.6	48.4
2009-01-06	123878.0	33733.0	36108.0	47299.0	58793.0	41739.0	27870.0	24.0	37.9	33.8	50.6
2009-01-13	117502.0	26970.0	36318.0	51117.0	51090.0	38066.0	28745.0	25.3	35.7	37.2	47.7
2009-01-20	131714.0	27780.0	35360.0	61010.0	55952.0	41784.0	39262.0	31.2	34.1	42.7	46.6
2009-01-27	134554.0	32077.0	39566.0	65248.0	61249.0	35933.0	32443.0	31.7	37.9	44.0	50.6
2009-02-03	145456.0	35350.0	44402.0	70629.0	67183.0	38404.0	32798.0	35.4	39.3	46.0	51.7
2009-02-10	152419.0	33943.0	43937.0	76264.0	69706.0	41057.0	37621.0	34.4	40.9	44.9	51.4
2009-02-17	157952.0	32809.0	48246.0	85908.0	70830.0	38610.0	38251.0	41.3	39.3	51.1	49.0
2009-02-24	166903.0	33201.0	43282.0	94813.0	87296.0	38022.0	35458.0	44.2	44.8	53.7	53.4
2009-03-03	183858.0	34175.0	53606.0	110616.0	91184.0	38113.0	38114.0	47.2	41.3	55.3	49.4
2009-03-10	180278.0	33930.0	44162.0	104740.0	99415.0	39689.0	34782.0	42.5	42.6	50.2	50.1
2009-03-17	111077.0	33657.0	42696.0	37055.0	34864.0	39817.0	32969.0	22.3	29.6	34.2	40.5
2009-03-24	112887.0	32680.0	38138.0	37912.0	44237.0	41703.0	29920.0	24.3	27.7	35.8	40.8
2009-03-31	104404.0	31906.0	29641.0	31025.0	44789.0	40799.0	29300.0	24.0	25.2	34.2	39.1
2009-04-07	113508.0	31596.0	27724.0	40545.0	58703.0	40923.0	26637.0	24.6	33.1	35.5	44.4
2009-04-14	108304.0	32836.0	27261.0	38217.0	55083.0	36769.0	25478.0	25.3	30.7	35.1	42.3
2009-04-21	106679.0	29708.0	28111.0	41574.0	46109.0	34763.0	31825.0	28.6	23.1	38.5	33.5
2009-04-28	108592.0	30292.0	32365.0	43424.0	41730.0	34620.0	34241.0	28.2	20.1	39.5	30.6
2009-05-05	110768.0	35025.0	31657.0	39419.0	47642.0	35846.0	30991.0	27.2	22.8	37.2	33.6
2009-05-12	124499.0	41355.0	30940.0	40143.0	60005.0	42113.0	32666.0	23.4	28.1	34.5	38.7
2009-05-19	125472.0	41754.0	29504.0	43028.0	65540.0	40129.0	29867.0	23.6	31.5	35.1	42.4
2009-05-26	139357.0	47203.0	31619.0	44732.0	75899.0	46762.0	31179.0	20.6	32.3	31.8	41.3
2009-06-02	151004.0	48585.0	41792.0	55089.0	77093.0	46473.0	31262.0	19.3	31.4	29.8	41.6
2009-06-09	150683.0	49185.0	34161.0	56630.0	89250.0	42725.0	25129.0	20.3	38.3	30.4	48.3
2009-06-16	106532.0	39854.0	27369.0	24479.0	48713.0	41869.0	30120.0	17.3	28.0	27.3	41.9
2009-06-23	118077.0	48252.0	30829.0	26865.0	53808.0	42570.0	33050.0	15.7	27.0	26.8	40.2
2009-06-30	114921.0	47701.0	30482.0	26203.0	51561.0	40632.0	32493.0	18.5	25.9	27.8	39.9
2009-07-07	124035.0	49042.0	38730.0	26172.0	52119.0	48418.0	32783.0	17.7	25.9	25.8	40.1
2009-07-14	116686.0	44406.0	30507.0	24948.0	54646.0	46899.0	31100.0	14.7	24.3	23.3	37.6
2009-07-21	143414.0	66273.0	31501.0	24786.0	79766.0	51891.0	31683.0	20.5	34.0	28.6	45.9
2009-07-28	136354.0	55671.0	35384.0	26861.0	65511.0	53322.0	34959.0	21.5	26.5	29.1	38.9
2009-08-04	138237.0	61443.0	34337.0	22984.0	72454.0	52864.0	30500.0	21.3	30.9	28.8	42.9
2009-08-11	130222.0	46396.0	29585.0	27364.0	63139.0	55898.0	36934.0	13.5	26.5	20.8	37.6
2009-08-18	127640.0	38823.0	33091.0	36807.0	58205.0	51236.0	35570.0	19.2	25.2	26.2	36.4
2009-08-25	128651.0	48251.0	30080.0	30702.0	69127.0	48580.0	28326.0	15.7	28.7	23.6	39.7
2009-09-01	128047.0	42624.0	33607.0	38126.0	63345.0	46291.0	30089.0	18.2	28.3	26.2	39.6
2009-09-08	149891.0	56543.0	38510.0	38907.0	79614.0	51653.0	28979.0	15.4	29.1	23.6	40.7
2009-09-15	156349.0	74562.0	36790.0	22673.0	86212.0	58775.0	33008.0	19.9	39.4	28.4	49.8
2009-09-22	162551.0	76545.0	38545.0	30609.0	91187.0	55024.0	32446.0	18.2	39.1	28.3	51.5
2009-09-29	164913.0	77852.0	38086.0	32122.0	94246.0	54509.0	32151.0	24.5	40.2	34.0	50.7
2009-10-06	170878.0	86229.0	35184.0	30059.0	105599.0	54234.0	29739.0	20.2	44.4	31.5	56.1
2009-10-13	166326.0	79762.0	36395.0	30875.0	96922.0	55312.0	32632.0	20.9	39.5	28.2	49.7
2009-10-20	170291.0	77829.0	41796.0	38176.0	94579.0	53834.0	33464.0	21.0	38.4	30.6	48.7
2009-10-27	164798.0	67843.0	34974.0	40621.0	97333.0	55520.0	31677.0	22.4	40.4	30.0	50.9
2009-11-03	161257.0	64023.0	41832.0	44743.0	86446.0	51617.0	32105.0	24.4	36.6	33.0	47.6
2009-11-09	164192.0	67904.0	42731.0	43340.0	87461.0	52237.0	33289.0	22.8	35.3	31.2	46.6
2009-11-17	172325.0	64268.0	52312.0	52687.0	83939.0	54985.0	35689.0	22.1	32.5	30.6	43.3
2009-11-24	173834.0	70841.0	52374.0	53323.0	89903.0	49168.0	31055.0	19.9	36.6	30.3	48.3
2009-12-01	175155.0	71123.0	48972.0	49443.0	94717.0	53954.0	30831.0	19.2	38.9	29.0	49.6
2009-12-08	179294.0	52035.0	52546.0	76017.0	92315.0	45214.0	28405.0	30.6	36.1	39.0	47.0
2009-12-15	132017.0	42987.0	59435.0	39669.0	40728.0	48690.0	31183.0	20.6	20.6	30.2	31.1
2009-12-22	134600.0	40925.0	55252.0	45292.0	46838.0	47921.0	32048.0	22.4	21.6	30.9	33.6
2009-12-29	144152.0	34132.0	67929.0	66911.0	41361.0	42210.0	33963.0	32.1	26.4	39.3	35.9
2010-01-05	156155.0	37229.0	73017.0	75603.0	46052.0	42455.0	36218.0	33.1	26.5	39.8	36.3
2010-01-12	161287.0	36186.0	54103.0	77041.0	65306.0	46227.0	40045.0	34.9	22.4	41.9	34.4
2010-01-19	164501.0	34186.0	59468.0	80493.0	59772.0	48050.0	43489.0	34.7	21.9	41.0	32.1
2010-01-26	184978.0	33106.0	72645.0	107572.0	66224.0	43648.0	45457.0	43.9	23.4	50.8	34.3
2010-02-02	186878.0	31207.0	74948.0	110320.0	63773.0	44671.0	47477.0	46.1	23.7	53.3	32.8
2010-02-09	197457.0	34867.0	92019.0	120004.0	56636.0	41888.0	48104.0	48.3	22.3	55.4	32.1
2010-02-16	196042.0	34459.0	93881.0	119236.0	55730.0	41551.0	45635.0	48.3	24.4	54.8	33.8
2010-02-23	208474.0	32728.0	104351.0	135199.0	56953.0	38824.0	45447.0	49.7	25.7	56.3	37.0
2010-03-02	218803.0	35894.0	102664.0	135287.0	66049.0	45897.0	48365.0	47.5	27.6	53.6	37.8
2010-03-09	243524.0	32589.0	107140.0	169613.0	88988.0	39086.0	45160.0	46.8	24.8	52.3	33.4
2010-03-16	163822.0	41800.0	88141.0	82124.0	32720.0	38467.0	41530.0	28.0	35.3	41.4	43.6
2010-03-23	195287.0	39953.0	114870.0	113860.0	31884.0	40160.0	47219.0	35.9	30.6	47.8	41.1
2010-03-30	223554.0	35205.0	120531.0	147689.0	49896.0	38924.0	51391.0	46.0	26.4	57.6	34.5
2010-04-06	208883.0	39036.0	106259.0	129186.0	52156.0	39574.0	49381.0	40.2	28.6	49.7	36.8
2010-04-13	203199.0	37157.0	92621.0	124881.0	58998.0	39877.0	50296.0	37.9	29.9	50.8	38.5
2010-04-20	208291.0	33614.0	105038.0	130859.0	54711.0	41483.0	46207.0	37.3	29.1	49.1	36.9
2010-04-27	238298.0	34462.0	123475.0	155391.0	58045.0	44149.0	52482.0	41.5	25.1	52.6	32.2
2010-05-04	261076.0	36675.0	140077.0	175841.0	62928.0	45662.0	55173.0	43.9	25.3	54.3	32.8
2010-05-11	287589.0	39584.0	153474.0	197808.0	73314.0	47444.0	58048.0	45.2	26.3	55.6	34.1
2010-05-18	300526.0	54411.0	161554.0	195262.0	76108.0	48129.0	60140.0	39.6	28.0	51.4	36.0
2010-05-25	281966.0	45630.0	152366.0	190207.0	72954.0	44016.0	54533.0	40.8	29.4	52.7	37.9
2010-06-01	275266.0	45006.0	138331.0	176197.0	79109.0	50814.0	54577.0	36.0	26.2	48.6	33.3
2010-06-08	305060.0	45938.0	157883.0	198558.0	87172.0	50669.0	50110.0	35.6	24.2	47.2	33.3
2010-06-15	227632.0	49526.0	111886.0	133605.0	58614.0	42646.0	55277.0	40.6	28.5	48.5	36.6
2010-06-22	224050.0	41013.0	111987.0	139417.0	58197.0	42856.0	53102.0	41.0	28.6	48.1	37.6
2010-06-29	225752.0	43357.0	117027.0	140113.0	56627.0	41321.0	51137.0	42.2	29.5	49.3	37.9
2010-07-06	228333.0	56316.0	95225.0	122675.0	80214.0	47730.0	51282.0	36.4	35.3	44.5	40.7
2010-07-13	225703.0	56187.0	83237.0	123535.0	88641.0	45018.0	52862.0	36.9	37.4	44.3	42.9
2010-07-20	230118.0	55008.0	79259.0	130879.0	97825.0	42241.0	51044.0	39.7	35.6	48.2	42.7
2010-07-27	232193.0	56622.0	77961.0	130508.0	101249.0	43272.0	51192.0	38.5	35.5	46.6	42.7
2010-08-03	236101.0	60410.0	67707.0	127496.0	116469.0	46079.0	49809.0	36.2	39.2	43.6	45.8
2010-08-10	234276.0	55797.0	59528.0	132681.0	127762.0	44484.0	45672.0	33.7	45.3	41.7	51.4
2010-08-17	250090.0	61324.0	75951.0	137257.0	124115.0	50258.0	48773.0	34.4	43.0	42.6	50.1
2010-08-24	245448.0	54591.0	76194.0	142830.0	118301.0	46829.0	49755.0	36.4	38.7	44.8	44.9
2010-08-31	241133.0	51099.0	76668.0	143877.0	112447.0	43976.0	49837.0	35.0	36.1	44.0	43.6
2010-09-07	257788.0	53156.0	76855.0	148315.0	118728.0	53764.0	59652.0	32.4	35.7	41.0	43.4
2010-09-14	170651.0	54543.0	64187.0	67986.0	58316.0	47100.0	47126.0	25.1	25.3	35.6	33.3
2010-09-21	167463.0	52300.0	47203.0	63931.0	70956.0	48627.0	46699.0	25.2	27.1	35.5	34.3
2010-09-28	190039.0	70638.0	35308.0	64109.0	106549.0	54367.0	47257.0	19.4	33.3	29.5	40.1
2010-10-05	197406.0	72979.0	24736.0	66364.0	122353.0	55978.0	48232.0	19.8	37.3	29.7	43.6
2010-10-12	197836.0	68718.0	27207.0	73180.0	122239.0	53055.0	45507.0	19.8	39.1	29.5	45.5
2010-10-19	219761.0	74855.0	28107.0	80283.0	143118.0	62319.0	46232.0	19.5	44.8	29.1	50.5
2010-10-26	209103.0	70109.0	29604.0	79733.0	130949.0	56406.0	45695.0	20.7	41.4	30.4	47.0
2010-11-02	206972.0	70185.0	31575.0	74771.0	125394.0	58837.0	46824.0	18.7	37.3	28.1	43.3
2010-11-09	204528.0	61477.0	38194.0	80065.0	117860.0	57478.0	42966.0	20.6	36.4	29.8	42.4
2010-11-16	195598.0	54708.0	46102.0	82056.0	99611.0	54066.0	45117.0	22.5	30.2	32.7	36.9
2010-11-23	187189.0	43670.0	51963.0	90172.0	91128.0	48239.0	38990.0	23.1	25.4	33.2	32.6
2010-11-30	203930.0	47264.0	54512.0	96865.0	94867.0	55948.0	50698.0	22.2	25.3	32.6	32.2
2010-12-07	198099.0	32322.0	47612.0	115122.0	92641.0	47101.0	54292.0	23.7	18.4	34.5	25.4
2010-12-14	146781.0	35689.0	45993.0	63095.0	50387.0	47751.0	50155.0	19.0	16.6	31.9	24.8
2010-12-21	156136.0	38604.0	52697.0	68741.0	54908.0	48120.0	47860.0	19.7	17.7	33.1	26.3
2010-12-28	162312.0	33833.0	60312.0	80025.0	52498.0	47602.0	48650.0	26.1	17.9	37.7	26.5
2011-01-04	163239.0	37102.0	61303.0	77703.0	52848.0	47249.0	47903.0	23.7	18.6	34.7	27.2
2011-01-11	202004.0	42359.0	87541.0	108835.0	58443.0	49493.0	54703.0	33.1	16.3	42.7	24.5
2011-01-18	188933.0	67309.0	63200.0	65807.0	71021.0	54183.0	53078.0	20.8	19.3	33.3	27.9
2011-01-25	199706.0	73488.0	50587.0	62983.0	91071.0	62138.0	56951.0	23.6	19.9	32.9	30.2
2011-02-01	211730.0	80381.0	40447.0	65404.0	111805.0	63481.0	57014.0	22.0	24.2	30.3	34.1
2011-02-08	203541.0	73502.0	38768.0	65994.0	113877.0	60524.0	47375.0	17.0	24.5	25.4	35.3
2011-02-15	193304.0	63395.0	30931.0	69268.0	111581.0	57285.0	47436.0	17.5	20.8	26.5	32.7
2011-02-22	207869.0	77454.0	31856.0	68789.0	122623.0	57896.0	49660.0	18.5	24.3	27.7	35.8
2011-03-01	217066.0	83104.0	31796.0	66564.0	129694.0	63127.0	51305.0	16.0	26.6	24.3	37.7
2011-03-08	263702.0	98171.0	35877.0	93190.0	167583.0	61739.0	49640.0	16.6	28.3	24.9	39.6
2011-03-15	190848.0	86506.0	40190.0	44477.0	108111.0	57920.0	40602.0	18.9	30.9	29.4	48.4
2011-03-22	194709.0	81574.0	33221.0	53020.0	113015.0	58080.0	46438.0	18.9	31.8	28.3	44.2
2011-03-29	218177.0	93031.0	36401.0	62196.0	134511.0	60800.0	45115.0	20.8	30.8	32.1	42.5
2011-04-05	236270.0	99405.0	39548.0	70097.0	146642.0	65269.0	48581.0	24.0	31.2	33.1	43.3
2011-04-12	243203.0	105425.0	40440.0	69054.0	151768.0	67024.0	49295.0	22.9	33.2	31.6	44.4
2011-04-19	244006.0	102686.0	40491.0	74976.0	155704.0	64455.0	45922.0	22.7	34.5	33.1	46.6
2011-04-26	249000.0	105683.0	37404.0	72619.0	161952.0	68461.0	47407.0	22.7	35.1	33.9	48.4
2011-05-03	264337.0	128460.0	28944.0	62075.0	186930.0	70935.0	45596.0	23.0	35.5	34.9	49.3
2011-05-10	242927.0	98054.0	36607.0	83295.0	163027.0	60364.0	42079.0	28.9	37.2	38.3	49.1
2011-05-17	250533.0	89941.0	48296.0	105953.0	157756.0	53506.0	43348.0	29.6	33.6	41.3	46.4
2011-05-24	258663.0	75182.0	56053.0	134068.0	156886.0	48517.0	44828.0	35.1	31.7	44.8	43.4
2011-05-31	270101.0	80494.0	58524.0	136097.0	164386.0	51791.0	45472.0	37.3	32.6	46.8	43.7
2011-06-07	296126.0	96555.0	44719.0	133843.0	193019.0	64573.0	57233.0	32.4	31.3	41.6	41.1
2011-06-14	190373.0	84580.0	34686.0	48746.0	113295.0	56525.0	41870.0	29.3	29.2	40.7	39.2
2011-06-21	189190.0	72153.0	42382.0	62478.0	103169.0	53967.0	43047.0	26.8	25.4	38.4	36.7
2011-06-28	183206.0	68800.0	35813.0	57791.0	101137.0	55862.0	45503.0	27.1	22.8	37.7	33.3
2011-07-05	194329.0	81860.0	38666.0	54485.0	111116.0	57031.0	43594.0	25.6	26.5	37.8	36.3
2011-07-12	185541.0	61392.0	48976.0	70726.0	86428.0	52766.0	49480.0	23.8	18.7	34.5	28.1
2011-07-19	180314.0	58580.0	49334.0	77199.0	83685.0	43513.0	46273.0	19.7	18.4	33.1	27.8
2011-07-26	183690.0	60177.0	43139.0	71503.0	97247.0	50933.0	42227.0	16.9	22.1	29.1	31.5
2011-08-02	190722.0	58313.0	56550.0	85149.0	91248.0	46194.0	41858.0	15.0	19.2	27.7	28.6
2011-08-09	183571.0	49029.0	57302.0	86027.0	81060.0	46408.0	43102.0	19.0	19.5	31.3	28.3
2011-08-16	168931.0	47094.0	40368.0	75036.0	82944.0	45158.0	43976.0	18.0	18.7	29.5	28.1
2011-08-23	174714.0	47711.0	45172.0	78732.0	84822.0	47389.0	43838.0	17.4	18.9	28.5	28.1
2011-08-30	179162.0	43894.0	44278.0	81983.0	85137.0	51105.0	47567.0	17.0	18.7	28.4	28.1
2011-09-06	209515.0	33167.0	69610.0	128794.0	83050.0	45133.0	54434.0	26.1	16.1	35.5	23.8
2011-09-13	264500.0	25704.0	80163.0	194836.0	115819.0	42132.0	66690.0	34.5	13.5	43.0	19.9
2011-09-20	201556.0	19920.0	99380.0	147760.0	44819.0	32594.0	56075.0	38.5	15.5	48.9	24.4
2011-09-27	215172.0	19705.0	102178.0	159618.0	51938.0	34809.0	60016.0	42.9	19.2	52.9	27.0
2011-10-04	220839.0	18104.0	100801.0	169387.0	60185.0	32554.0	59059.0	44.4	20.7	54.4	29.1
2011-10-11	223167.0	17040.0	90835.0	170021.0	69466.0	35426.0	62186.0	43.0	18.2	53.1	26.9
2011-10-18	230483.0	20977.0	98697.0	178450.0	70717.0	30235.0	60248.0	42.4	18.8	52.2	26.8
2011-10-25	235774.0	21323.0	97835.0	181494.0	76852.0	32143.0	60273.0	41.5	20.4	51.9	28.8
2011-11-01	231229.0	26311.0	86371.0	167499.0	86554.0	33833.0	54718.0	36.6	21.3	47.6	31.1
2011-11-08	231445.0	27943.0	82200.0	168347.0	88975.0	32742.0	57857.0	36.7	25.2	47.3	33.8
2011-11-15	244552.0	24048.0	100195.0	187608.0	79137.0	31351.0	63675.0	41.5	25.2	51.8	33.9
2011-11-22	260064.0	25943.0	111011.0	199707.0	81373.0	31234.0	64500.0	41.9	26.8	52.3	36.3
2011-11-29	277511.0	27620.0	131922.0	218546.0	80704.0	29040.0	62580.0	47.7	22.1	58.9	33.9
2011-12-06	283309.0	34521.0	130335.0	215981.0	92238.0	29471.0	57400.0	45.3	24.6	57.0	34.4
2011-12-13	327740.0	35507.0	151964.0	244941.0	101015.0	32211.0	59680.0	38.9	25.3	51.9	33.0
2011-12-20	266597.0	49557.0	163254.0	188839.0	45720.0	27224.0	56646.0	40.9	32.2	56.8	39.8
2011-12-27	276022.0	45183.0	173062.0	204337.0	47710.0	25516.0	54264.0	42.7	32.4	57.1	39.9
2012-01-03	282790.0	40441.0	179350.0	212985.0	46916.0	28432.0	55592.0	45.9	31.3	57.3	39.2
2012-01-10	294263.0	29770.0	184965.0	231765.0	50103.0	31597.0	58064.0	47.1	29.9	58.9	37.8
2012-01-17	300962.0	28396.0	188426.0	238254.0	51069.0	32951.0	60106.0	48.2	31.1	60.2	39.2
2012-01-24	315350.0	31299.0	202646.0	248435.0	50819.0	33669.0	59938.0	48.1	32.7	60.6	42.5
2012-01-31	305328.0	31906.0	189452.0	239127.0	55202.0	31940.0	58319.0	49.1	32.0	60.7	40.4
2012-02-07	288657.0	32128.0	172721.0	221948.0	56784.0	32383.0	56954.0	46.5	32.4	58.7	39.9
2012-02-14	291060.0	26774.0	175415.0	228941.0	53808.0	31954.0	58446.0	47.1	33.1	59.5	40.8
2012-02-21	287525.0	29369.0	171528.0	221151.0	51617.0	33774.0	61149.0	45.8	32.3	57.6	39.4
2012-02-28	271282.0	35728.0	145402.0	194512.0	63056.0	35554.0	57336.0	45.0	29.0	55.2	37.5
2012-03-06	284739.0	39943.0	156416.0	205574.0	63286.0	33112.0	58927.0	41.8	30.0	52.7	38.5
2012-03-13	311057.0	40325.0	139661.0	212175.0	83411.0	43680.0	73108.0	38.0	26.7	50.0	33.8
2012-03-20	258535.0	50416.0	133370.0	176529.0	63974.0	30528.0	60129.0	38.9	32.6	56.4	40.9
2012-03-27	239446.0	34033.0	123162.0	168190.0	55639.0	36029.0	59451.0	38.0	30.2	52.4	37.8
2012-04-03	241006.0	39835.0	119315.0	166622.0	62119.0	33291.0	58314.0	36.7	28.9	48.8	36.0
2012-04-10	274830.0	39253.0	140617.0	204616.0	66567.0	29781.0	66466.0	36.8	29.9	53.3	36.3
2012-04-17	295844.0	40310.0	158435.0	226108.0	70285.0	27817.0	65515.0	39.3	32.6	56.6	39.8
2012-04-24	287215.0	36289.0	149656.0	219295.0	70017.0	30148.0	66059.0	40.9	32.2	57.5	38.5
2012-05-01	279605.0	34957.0	141947.0	211742.0	68746.0	30878.0	66884.0	39.1	32.7	56.5	39.2
2012-05-08	321037.0	36022.0	180006.0	252598.0	69712.0	30969.0	69871.0	43.1	35.7	59.7	42.7
2012-05-15	356674.0	38475.0	212344.0	286563.0	66730.0	29968.0	75932.0	43.5	35.3	59.6	41.3
2012-05-22	376708.0	34714.0	230075.0	308311.0	69614.0	31085.0	74421.0	46.4	38.5	61.6	44.8
2012-05-29	394160.0	40287.0	243702.0	318223.0	71325.0	32852.0	76335.0	44.9	37.6	59.0	44.0
2012-06-05	401812.0	36651.0	251069.0	328987.0	69903.0	31022.0	75688.0	44.9	39.5	60.0	45.9
2012-06-12	422131.0	39245.0	234432.0	317031.0	82599.0	31653.0	70898.0	37.8	34.3	51.2	40.9
2012-06-19	311933.0	54449.0	195515.0	224084.0	47855.0	31406.0	66569.0	40.7	40.2	58.4	48.8
2012-06-26	315785.0	36933.0	196813.0	244942.0	47522.0	31954.0	69494.0	43.1	36.1	59.5	44.3
2012-07-03	302289.0	32236.0	178413.0	235912.0	54541.0	31947.0	67141.0	44.6	31.7	58.8	41.5
2012-07-10	326374.0	36409.0	202114.0	251888.0	49424.0	35572.0	72331.0	43.3	32.6	57.0	41.8
2012-07-17	323228.0	31821.0	199070.0	254350.0	51144.0	34673.0	70630.0	43.8	32.6	58.1	41.3
2012-07-24	324443.0	39501.0	194567.0	248645.0	56865.0	33118.0	69832.0	43.2	32.2	55.3	40.7
2012-07-31	311436.0	41327.0	180321.0	234082.0	61370.0	32713.0	66431.0	44.6	29.7	54.9	38.2
2012-08-07	322243.0	46742.0	178453.0	238441.0	74547.0	34067.0	66250.0	44.0	29.6	55.3	38.3
2012-08-14	321568.0	43152.0	180962.0	241859.0	73974.0	33499.0	63574.0	43.8	30.4	55.4	39.0
2012-08-21	321166.0	45986.0	169918.0	232459.0	85016.0	39808.0	63319.0	42.3	31.9	52.9	40.0
2012-08-28	311925.0	45927.0	147488.0	224688.0	97055.0	37843.0	63915.0	41.8	32.4	52.5	39.2
2012-09-04	314363.0	46580.0	148886.0	225276.0	100488.0	38929.0	61411.0	41.4	32.4	52.2	39.9
2012-09-11	332637.0	43180.0	136838.0	230240.0	117157.0	43134.0	62559.0	36.4	31.8	47.0	38.5
2012-09-18	234394.0	48817.0	122299.0	140884.0	53819.0	43282.0	56865.0	22.9	28.6	36.8	37.2
2012-09-25	218363.0	53345.0	103583.0	119654.0	59930.0	43670.0	53156.0	20.0	25.9	33.7	34.2
2012-10-02	217516.0	48335.0	98600.0	123654.0	64024.0	43132.0	52497.0	21.1	21.4	32.8	28.9
2012-10-09	227541.0	39946.0	112516.0	142542.0	60144.0	41851.0	51679.0	26.5	27.6	38.9	35.9
2012-10-16	219809.0	42041.0	95536.0	131046.0	63590.0	43302.0	57263.0	24.1	22.5	37.0	30.7
2012-10-23	216842.0	38171.0	93390.0	133705.0	64140.0	41897.0	56243.0	26.0	21.8	38.7	29.9
2012-10-30	221524.0	38189.0	96393.0	139267.0	64121.0	41205.0	58147.0	27.9	23.8	39.8	31.2
2012-11-06	227725.0	45212.0	112353.0	143191.0	54864.0	36650.0	57836.0	27.1	19.8	38.1	28.0
2012-11-13	231660.0	39863.0	123509.0	150428.0	48432.0	38801.0	57151.0	25.5	22.3	36.3	31.1
2012-11-20	232328.0	36692.0	128092.0	155028.0	45063.0	37762.0	56327.0	24.1	23.4	37.2	32.1
2012-11-27	210234.0	35799.0	102492.0	130148.0	50616.0	40545.0	53384.0	23.6	17.1	35.7	26.1
2012-12-04	217546.0	48300.0	81095.0	117877.0	78193.0	46829.0	53718.0	20.2	17.3	31.2	27.4
2012-12-11	241932.0	51536.0	83159.0	133355.0	98757.0	47413.0	50388.0	19.7	18.5	30.7	28.5
2012-12-18	193681.0	69460.0	79196.0	71803.0	64052.0	49425.0	47440.0	22.6	18.0	30.7	29.0
2012-12-24	202591.0	75072.0	77621.0	72084.0	76154.0	52584.0	45965.0	24.3	21.5	32.0	31.9
2012-12-31	207608.0	81932.0	76806.0	71891.0	82481.0	50816.0	45352.0	25.1	22.1	32.8	33.1
2013-01-08	194251.0	66329.0	74364.0	77301.0	67829.0	47896.0	49333.0	23.3	21.8	31.9	32.3
2013-01-15	211373.0	80174.0	72859.0	73119.0	88184.0	55270.0	47520.0	24.6	25.2	32.9	34.8
2013-01-22	216059.0	83840.0	62459.0	74708.0	102356.0	53704.0	47437.0	28.5	28.8	36.3	37.6
2013-01-29	237856.0	93791.0	66319.0	81422.0	116865.0	57975.0	50004.0	30.5	30.2	37.7	38.9
2013-02-05	251236.0	97397.0	59445.0	89236.0	131946.0	59055.0	54297.0	31.1	33.7	38.5	41.7
2013-02-12	239566.0	87135.0	62954.0	92973.0	126202.0	55326.0	46278.0	32.4	35.0	39.9	43.4
2013-02-19	234039.0	81014.0	61911.0	91704.0	118002.0	56391.0	49196.0	32.4	32.2	40.1	40.7
2013-02-26	230567.0	74832.0	84226.0	101311.0	93280.0	48621.0	47258.0	29.1	24.9	38.7	33.7
2013-03-05	218469.0	63355.0	89471.0	107811.0	69195.0	40548.0	53048.0	28.7	17.8	39.6	27.0
2013-03-12	213113.0	57473.0	82260.0	104909.0	68989.0	43030.0	54163.0	27.4	13.4	38.1	22.8
2013-03-19	195073.0	48958.0	93842.0	102319.0	44157.0	38234.0	51512.0	26.2	16.1	40.1	25.3
2013-03-26	204257.0	41260.0	90355.0	117345.0	54862.0	39248.0	52636.0	28.1	14.4	41.2	24.5
2013-04-02	235871.0	44459.0	110160.0	147918.0	63699.0	37479.0	55997.0	30.0	15.7	41.6	25.2
2013-04-09	220353.0	35343.0	86201.0	141694.0	72488.0	37783.0	56131.0	30.3	18.1	40.7	28.0
2013-04-16	215657.0	49321.0	79085.0	121372.0	76858.0	39206.0	53956.0	26.7	17.8	38.9	26.3
2013-04-23	220051.0	47807.0	82082.0	127780.0	78147.0	38861.0	54219.0	29.3	17.6	40.1	27.0
2013-04-30	222618.0	56771.0	86920.0	113781.0	77610.0	46699.0	52721.0	23.7	16.8	35.2	25.9
2013-05-07	214597.0	52517.0	86050.0	115146.0	69030.0	41040.0	53623.0	24.9	15.7	36.9	25.2
2013-05-14	232417.0	52843.0	99764.0	132700.0	65854.0	40178.0	60103.0	27.7	18.1	41.2	28.0
2013-05-21	265194.0	43037.0	123986.0	177851.0	69705.0	38327.0	65524.0	31.7	16.9	45.3	26.7
2013-05-28	264212.0	36916.0	121560.0	180752.0	70174.0	39979.0	65913.0	32.8	17.6	46.2	26.8
2013-06-04	240733.0	43804.0	95425.0	148967.0	78413.0	40196.0	59129.0	27.0	17.5	41.1	26.9
2013-06-11	260418.0	68956.0	76489.0	128701.0	106793.0	47901.0	62276.0	21.9	17.0	32.1	25.8
2013-06-18	213331.0	91304.0	71274.0	64586.0	80432.0	52558.0	56742.0	25.2	17.6	35.3	27.9
2013-06-25	211651.0	87192.0	69835.0	70649.0	86799.0	48759.0	49966.0	26.1	20.5	35.1	31.0
2013-07-02	196064.0	59270.0	75360.0	88115.0	61074.0	42731.0	53682.0	29.1	18.3	37.6	26.4
2013-07-09	225051.0	52159.0	93059.0	124661.0	62042.0	41932.0	63651.0	30.0	19.2	38.3	27.0
2013-07-16	220137.0	53228.0	90393.0	126783.0	65982.0	34391.0	58027.0	31.9	22.5	40.0	30.4
2013-07-23	219429.0	63130.0	91030.0	109572.0	68740.0	41090.0	54022.0	32.5	23.2	40.6	32.0
2013-07-30	222957.0	78211.0	86715.0	96694.0	73239.0	43172.0	58123.0	32.7	21.4	40.8	30.0
2013-08-06	228726.0	85239.0	79178.0	90858.0	86556.0	47327.0	57690.0	29.5	20.2	38.4	29.4
2013-08-13	225665.0	89984.0	73927.0	85283.0	87207.0	45140.0	59273.0	30.8	22.2	38.6	31.0
2013-08-20	249660.0	113092.0	76346.0	78210.0	109391.0	52519.0	58084.0	32.4	24.0	39.9	32.7
2013-08-27	248672.0	113592.0	73511.0	78540.0	114408.0	50876.0	55089.0	33.5	24.9	41.5	34.7
2013-09-03	244563.0	98589.0	75851.0	99298.0	107939.0	39921.0	54018.0	29.1	22.4	37.7	29.5
2013-09-10	257969.0	82772.0	70076.0	122829.0	123285.0	43289.0	55529.0	25.7	18.3	34.6	25.9
2013-09-17	218264.0	100963.0	69056.0	73890.0	94356.0	39864.0	51305.0	34.4	23.8	46.0	33.1
2013-09-24	254464.0	129862.0	64018.0	72759.0	138915.0	48181.0	47869.0	31.8	24.8	42.8	35.1
2013-10-01	255067.0	128580.0	60304.0	73837.0	140700.0	47284.0	48697.0	32.0	25.2	42.9	35.5
2013-10-08	263859.0	127301.0	58618.0	81614.0	147287.0	48379.0	51389.0	31.9	25.6	42.7	36.1
2013-10-15	257199.0	121327.0	60953.0	84477.0	138835.0	45353.0	51369.0	31.6	24.6	43.4	34.5
2013-10-22	278139.0	137061.0	64627.0	82406.0	153006.0	52909.0	54743.0	29.5	26.9	40.4	36.9
2013-10-29	282923.0	136054.0	65437.0	87462.0	156340.0	53599.0	55338.0	30.5	27.8	41.4	37.8
2013-11-05	252554.0	103333.0	70190.0	93269.0	124922.0	48977.0	50467.0	28.0	21.8	38.7	31.7
2013-11-12	229166.0	86121.0	69295.0	97194.0	93189.0	38452.0	59283.0	29.4	19.7	42.2	28.2
2013-11-19	232326.0	81070.0	72159.0	105889.0	95999.0	38006.0	56807.0	29.0	20.0	40.9	28.2
2013-11-26	243049.0	74118.0	74549.0	120631.0	99633.0	37844.0	58411.0	27.4	20.3	40.7	28.5
2013-12-03	253653.0	82230.0	72918.0	120205.0	109636.0	41038.0	60919.0	26.9	20.0	38.6	27.9
2013-12-10	302100.0	91669.0	75739.0	152652.0	149951.0	49494.0	68125.0	24.8	17.8	34.2	25.8
2013-12-17	230955.0	97780.0	69857.0	83222.0	97675.0	46019.0	59489.0	31.3	21.8	42.1	30.4
2013-12-24	240206.0	102462.0	70290.0	87272.0	106981.0	45647.0	58110.0	31.6	22.2	42.0	30.4
2014-01-07	238570.0	88119.0	73621.0	105422.0	99143.0	40075.0	60852.0	31.4	20.5	42.3	28.7
2014-01-14	243434.0	87059.0	77813.0	107883.0	98891.0	42980.0	61218.0	30.5	18.9	42.0	27.1
2014-01-21	255300.0	79321.0	83093.0	131073.0	96012.0	38741.0	70030.0	32.7	18.1	45.1	25.4
2014-01-28	260799.0	86963.0	72616.0	126816.0	118340.0	40357.0	63180.0	28.0	22.8	41.2	31.8
2014-02-04	274146.0	67614.0	81224.0	160736.0	119781.0	36823.0	64168.0	31.7	22.0	44.2	29.3
2014-02-11	281037.0	75048.0	81977.0	157239.0	131888.0	41066.0	59488.0	29.5	22.6	42.7	30.4
2014-02-18	291360.0	88634.0	80035.0	149375.0	142788.0	46243.0	61429.0	28.8	23.7	41.5	33.5
2014-02-25	296924.0	93003.0	79103.0	149693.0	149405.0	46580.0	60768.0	28.9	25.9	41.3	35.5
2014-03-04	304308.0	103868.0	80416.0	144494.0	155241.0	48210.0	60915.0	28.3	28.1	40.9	37.4
2014-03-11	322020.0	110103.0	73718.0	148565.0	170697.0	54931.0	69184.0	27.9	30.2	39.3	38.9
2014-03-18	264443.0	117819.0	64828.0	91888.0	130331.0	50122.0	64670.0	30.7	29.7	42.5	37.6
2014-03-25	262179.0	106914.0	67280.0	103755.0	126788.0	46532.0	63133.0	31.3	30.1	43.2	38.1
2014-04-01	260075.0	101849.0	68611.0	111333.0	125794.0	42599.0	61376.0	30.7	29.7	42.6	37.9
2014-04-08	261439.0	92635.0	69335.0	120001.0	125354.0	43729.0	61676.0	31.2	28.6	43.2	36.9
2014-04-15	270722.0	106252.0	78564.0	116428.0	125819.0	43070.0	61367.0	32.0	26.4	43.7	34.8
2014-04-22	266259.0	101204.0	75430.0	116984.0	123395.0	43474.0	62837.0	31.4	25.8	43.3	33.8
2014-04-29	271515.0	102285.0	76551.0	118635.0	124082.0	43963.0	64250.0	29.8	23.9	41.4	32.4
2014-05-06	277013.0	110673.0	78122.0	108249.0	123865.0	50182.0	67117.0	30.0	20.6	41.3	29.9
2014-05-13	268142.0	84383.0	86558.0	131899.0	112028.0	45145.0	62841.0	25.9	19.0	37.8	27.1
2014-05-20	268199.0	75013.0	84233.0	145672.0	114357.0	40924.0	63019.0	26.2	19.4	38.2	27.7
2014-05-27	274051.0	70753.0	87386.0	157716.0	116315.0	39247.0	64015.0	25.8	19.3	37.5	28.4
2014-06-03	280747.0	57109.0	90134.0	177505.0	116655.0	38419.0	66244.0	27.3	18.4	38.1	27.9
2014-06-10	331636.0	43739.0	100924.0	224523.0	136545.0	40873.0	71666.0	32.1	16.3	41.7	25.0
2014-06-17	285489.0	51405.0	113240.0	196143.0	103622.0	33681.0	64367.0	34.7	22.9	46.8	31.8
2014-06-24	291244.0	55062.0	112565.0	197697.0	107032.0	33592.0	66754.0	34.2	24.2	46.2	33.5
2014-07-01	291488.0	52665.0	113441.0	196567.0	105198.0	36902.0	67495.0	33.8	24.3	45.9	33.5
2014-07-08	294381.0	51595.0	110860.0	204115.0	107205.0	33192.0	70837.0	35.5	25.1	47.4	33.1
2014-07-15	310661.0	59506.0	122352.0	212426.0	109017.0	33139.0	73702.0	35.3	24.4	46.6	33.5
2014-07-22	339706.0	58142.0	146965.0	239961.0	108966.0	36419.0	78591.0	37.1	25.8	48.8	34.3
2014-07-29	356865.0	56562.0	164637.0	259960.0	104377.0	34712.0	82220.0	38.3	24.7	50.2	33.2
2014-08-05	379004.0	55179.0	183926.0	283373.0	104329.0	33845.0	84142.0	40.6	26.0	52.9	34.0
2014-08-12	376424.0	51596.0	177613.0	282707.0	107353.0	35964.0	85301.0	41.4	27.4	53.9	34.8
2014-08-19	396460.0	56774.0	195599.0	299068.0	109422.0	33921.0	84742.0	41.6	27.4	54.1	34.8
2014-08-26	402709.0	53989.0	204646.0	306073.0	109975.0	36618.0	82059.0	41.6	26.1	54.7	33.3
2014-09-02	419850.0	59398.0	220821.0	317713.0	108749.0	35508.0	83049.0	43.0	27.7	56.0	35.0
2014-09-09	484306.0	59376.0	216881.0	342823.0	133916.0	36588.0	87990.0	38.8	22.1	49.6	28.7
2014-09-16	397652.0	79552.0	216701.0	283275.0	94029.0	29840.0	81937.0	41.0	27.8	56.2	36.2
2014-09-23	398937.0	60654.0	202619.0	297160.0	106324.0	32965.0	81836.0	40.6	26.7	55.6	34.7
2014-09-30	409986.0	67030.0	204555.0	302134.0	114913.0	34125.0	83821.0	40.9	24.5	55.5	32.6
2014-10-07	425656.0	61467.0	207679.0	324023.0	124709.0	32499.0	85601.0	42.0	24.9	55.6	33.5
2014-10-14	434873.0	60158.0	215500.0	337436.0	132670.0	30677.0	80101.0	44.3	26.9	57.9	35.5
2014-10-21	439863.0	60188.0	219559.0	340562.0	132521.0	31719.0	80389.0	44.0	28.2	57.1	37.9
2014-10-28	441369.0	59054.0	224761.0	343150.0	130765.0	31363.0	78041.0	44.0	28.5	57.5	38.0
2014-11-04	465332.0	59566.0	238587.0	367033.0	129740.0	30991.0	89263.0	44.9	26.8	58.4	36.2
2014-11-11	463976.0	60454.0	224347.0	365507.0	142559.0	31087.0	90142.0	45.9	26.9	59.3	38.0
2014-11-18	465168.0	58048.0	226778.0	365846.0	141782.0	31968.0	87302.0	45.8	27.0	59.0	38.4
2014-11-25	465339.0	57982.0	223062.0	366561.0	144526.0	31720.0	88675.0	45.0	25.9	58.5	37.1
2014-12-02	462058.0	57272.0	216551.0	358219.0	143333.0	34246.0	89853.0	43.0	24.5	56.5	35.4
2014-12-09	477861.0	58306.0	195218.0	367178.0	174825.0	33848.0	89289.0	41.3	22.2	53.9	33.6
2014-12-16	368171.0	56179.0	182834.0	268612.0	95144.0	34303.0	81116.0	38.6	23.0	56.9	33.2
2014-12-23	376849.0	40690.0	187294.0	295843.0	99595.0	30468.0	80112.0	40.4	22.5	59.8	31.9
2014-12-30	386295.0	43202.0	195421.0	302896.0	101172.0	30452.0	79957.0	40.5	22.4	60.0	32.0
2015-01-06	406624.0	46016.0	207056.0	322212.0	105617.0	31225.0	86780.0	42.0	21.2	61.4	30.8
2015-01-13	422426.0	50858.0	218709.0	331934.0	106709.0	32523.0	89897.0	42.4	19.3	61.2	28.3
2015-01-20	450262.0	52047.0	232777.0	350433.0	114236.0	38556.0	94023.0	42.1	18.6	60.2	28.6
2015-01-27	449726.0	50489.0	235234.0	355311.0	111048.0	34977.0	94495.0	40.8	19.8	59.6	28.9
2015-02-03	457209.0	47719.0	244028.0	366203.0	113239.0	35119.0	91774.0	42.5	21.0	60.8	30.6
2015-02-10	444139.0	47217.0	241858.0	355674.0	110223.0	33562.0	84372.0	42.4	20.6	61.2	29.9
2015-02-17	438411.0	47175.0	232757.0	349201.0	111559.0	34535.0	86595.0	40.6	20.5	59.7	29.8
2015-02-24	431217.0	45511.0	223247.0	343315.0	116354.0	35546.0	84771.0	39.2	20.2	58.8	29.4
2015-03-03	440733.0	48467.0	220856.0	347041.0	122394.0	36056.0	88314.0	38.6	19.8	57.8	28.4
2015-03-10	496465.0	61271.0	242344.0	369650.0	136170.0	40353.0	92760.0	32.4	17.1	49.5	25.2
2015-03-17	449508.0	56329.0	250103.0	348754.0	101065.0	36619.0	90534.0	50.1	20.5	59.1	29.2
2015-03-24	460950.0	50148.0	271111.0	366788.0	94933.0	37723.0	88615.0	50.6	23.9	60.5	33.5
2015-03-31	459746.0	41709.0	268269.0	372420.0	97951.0	38381.0	86290.0	52.1	23.5	61.8	33.1
2015-04-07	441624.0	39444.0	254702.0	356228.0	96223.0	38336.0	83083.0	52.5	24.2	60.4	33.4
2015-04-14	453518.0	45264.0	257611.0	358360.0	101060.0	40313.0	85266.0	50.7	24.0	58.9	33.1
2015-04-21	457610.0	46821.0	261466.0	361058.0	102833.0	40010.0	83590.0	49.8	24.3	58.0	33.8
2015-04-28	456919.0	50734.0	248500.0	356986.0	116294.0	40997.0	83923.0	47.9	23.8	56.5	33.1
2015-05-05	449254.0	50116.0	240243.0	343981.0	116070.0	45384.0	83168.0	45.7	22.6	55.3	31.9
2015-05-12	439122.0	43333.0	222309.0	345101.0	127933.0	42302.0	80494.0	45.9	24.4	56.7	33.7
2015-05-19	428580.0	38758.0	207097.0	338273.0	129839.0	41998.0	82093.0	44.8	24.2	56.2	33.1
2015-05-26	431927.0	44221.0	215961.0	336026.0	127583.0	39970.0	76673.0	43.7	22.9	54.8	32.0
2015-06-02	428403.0	49471.0	214983.0	326452.0	119316.0	39394.0	81018.0	43.6	19.6	54.6	29.1
2015-06-09	436540.0	52643.0	190617.0	316710.0	139995.0	41347.0	80088.0	41.5	17.6	53.1	26.8
2015-06-16	350145.0	82714.0	172071.0	225812.0	102841.0	37128.0	70742.0	32.8	21.7	46.3	31.4
2015-06-23	345427.0	67867.0	167173.0	233162.0	101253.0	39376.0	71979.0	33.2	20.6	44.9	30.0
2015-06-30	346115.0	65554.0	165589.0	236963.0	102207.0	38072.0	72793.0	33.2	20.6	45.0	29.3
2015-07-07	354885.0	66161.0	165427.0	245408.0	103930.0	37784.0	79996.0	32.2	20.3	44.8	29.3
2015-07-14	356760.0	62676.0	170457.0	249129.0	105205.0	39111.0	75254.0	33.1	21.1	45.4	30.4
2015-07-21	366892.0	65728.0	178704.0	254622.0	101507.0	39107.0	79246.0	32.6	20.8	45.2	29.3
2015-07-28	357940.0	67842.0	171850.0	244469.0	103550.0	37973.0	74884.0	33.5	20.2	46.3	28.6
2015-08-04	367885.0	70620.0	184014.0	254646.0	102623.0	36596.0	75225.0	33.1	22.8	46.0	31.3
2015-08-11	361334.0	67373.0	182583.0	248825.0	96502.0	39031.0	76144.0	33.7	22.2	46.5	30.3
2015-08-18	356952.0	68473.0	161205.0	240738.0	118412.0	40620.0	70214.0	33.2	22.0	46.1	30.0
2015-08-25	374977.0	87807.0	153885.0	235992.0	144841.0	42988.0	68061.0	30.5	22.6	43.6	31.1
2015-09-01	363980.0	74910.0	142767.0	238443.0	150100.0	41863.0	62349.0	31.6	24.4	45.3	33.1
2015-09-08	383187.0	75715.0	156956.0	254844.0	146399.0	39435.0	66639.0	31.9	22.8	44.6	31.5
2015-09-15	311366.0	63416.0	147618.0	201476.0	99066.0	39730.0	57938.0	32.3	20.6	47.9	29.5
2015-09-22	315450.0	63526.0	144559.0	204828.0	102714.0	41352.0	62433.0	32.2	20.6	48.0	29.4
2015-09-29	322721.0	61932.0	149592.0	215338.0	103272.0	39256.0	63662.0	32.9	21.2	48.6	29.9
2015-10-06	337606.0	65410.0	154220.0	222477.0	113970.0	42037.0	61734.0	31.6	21.2	47.8	30.7
2015-10-13	349720.0	71132.0	151708.0	226415.0	129400.0	45664.0	62103.0	31.3	24.1	47.0	32.9
2015-10-20	357133.0	76291.0	138857.0	229622.0	150293.0	44130.0	60893.0	32.3	28.0	48.2	37.0
2015-10-27	380564.0	70351.0	176285.0	261683.0	127233.0	42181.0	70697.0	32.5	24.7	47.7	34.0
2015-11-03	405462.0	72883.0	207217.0	288232.0	119288.0	39822.0	74432.0	32.1	24.0	47.8	33.3
2015-11-10	421967.0	78994.0	221933.0	294780.0	110225.0	41376.0	82992.0	30.8	24.8	46.0	32.4
2015-11-17	436801.0	78898.0	243075.0	307454.0	103302.0	43375.0	83350.0	29.7	25.7	45.0	32.4
2015-11-24	444626.0	76296.0	251780.0	318441.0	102519.0	42439.0	82877.0	30.1	26.3	46.3	33.2
2015-12-01	462447.0	78782.0	261627.0	330854.0	106332.0	43882.0	85559.0	29.4	26.6	46.8	34.6
2015-12-08	474921.0	80378.0	252709.0	309680.0	112572.0	58980.0	83757.0	27.9	25.0	44.6	32.3
2015-12-15	404837.0	71295.0	231256.0	275052.0	89741.0	53795.0	79145.0	33.0	29.3	50.7	37.7
2015-12-22	406533.0	70509.0	231556.0	275354.0	93283.0	55380.0	76404.0	32.4	28.7	50.2	37.5
2015-12-29	400497.0	66973.0	227523.0	273701.0	93279.0	54847.0	74719.0	32.7	28.9	50.8	37.7
2016-01-05	407105.0	66857.0	227500.0	276815.0	97443.0	58935.0	77664.0	33.1	29.7	50.5	38.1
2016-01-12	398570.0	63162.0	209613.0	271543.0	109792.0	58042.0	73342.0	33.7	29.2	51.7	38.3
2016-01-19	400362.0	69449.0	206464.0	265334.0	117867.0	59533.0	69985.0	32.6	27.9	51.0	37.9
2016-01-26	402227.0	71446.0	198661.0	267012.0	124194.0	57543.0	73146.0	32.7	27.3	51.1	38.4
2016-02-02	403939.0	96012.0	183085.0	259869.0	147872.0	41289.0	66213.0	30.9	29.3	49.9	41.0
2016-02-09	441228.0	114607.0	177921.0	268586.0	194562.0	49679.0	60389.0	27.2	33.4	44.8	42.1
2016-02-16	429997.0	113970.0	162175.0	258996.0	205232.0	49238.0	54797.0	27.1	34.5	44.7	43.5
2016-02-23	422624.0	107566.0	154423.0	258954.0	205427.0	48426.0	55096.0	28.2	36.9	45.1	45.3
2016-03-01	417624.0	103965.0	172506.0	260901.0	174403.0	44460.0	62417.0	28.7	35.1	45.4	43.5
2016-03-08	433221.0	104165.0	176072.0	263377.0	173378.0	47416.0	65508.0	28.2	34.3	44.3	42.5
2016-03-15	322405.0	90353.0	167908.0	180672.0	92859.0	44990.0	55248.0	29.4	26.7	45.8	35.4
2016-03-22	324310.0	91334.0	157387.0	176950.0	103926.0	49212.0	56183.0	28.8	24.5	44.5	33.7
2016-03-29	330090.0	93726.0	157537.0	178491.0	111140.0	51826.0	55366.0	28.5	25.4	44.0	35.4
2016-04-05	338533.0	98014.0	151501.0	180268.0	120531.0	53452.0	59702.0	26.9	24.7	42.3	34.3
2016-04-12	333535.0	89216.0	141267.0	182596.0	126793.0	55116.0	58868.0	26.8	25.5	43.4	35.4
2016-04-19	345563.0	101211.0	148128.0	185459.0	133519.0	52533.0	57556.0	25.7	26.3	42.5	36.3
2016-04-26	340200.0	99072.0	138739.0	182996.0	138270.0	49917.0	54976.0	24.6	26.5	40.0	37.0
2016-05-03	360461.0	113034.0	136653.0	184524.0	156966.0	54626.0	58565.0	21.6	27.8	36.3	37.1
2016-05-10	344978.0	101277.0	123149.0	181863.0	152379.0	52837.0	60449.0	23.4	26.2	39.0	35.9
2016-05-17	349559.0	101723.0	124310.0	186065.0	151949.0	50428.0	61957.0	23.1	25.2	38.6	34.2
2016-05-24	350242.0	93955.0	131850.0	193758.0	145257.0	51147.0	61753.0	24.5	21.5	40.3	30.8
2016-05-31	356178.0	98218.0	135872.0	198726.0	148012.0	48602.0	61662.0	24.2	21.6	39.4	31.2
2016-06-07	386010.0	93492.0	160604.0	207448.0	127910.0	57681.0	70107.0	22.2	20.3	36.1	30.4
2016-06-14	325402.0	104510.0	160999.0	168953.0	98248.0	43988.0	58204.0	26.9	25.1	40.6	35.1
2016-06-21	317400.0	88639.0	149985.0	174231.0	100833.0	44046.0	56098.0	28.1	25.1	42.1	35.3
2016-06-28	337273.0	109580.0	171514.0	175747.0	99094.0	41089.0	55808.0	27.0	24.5	38.7	33.9
2016-07-05	362649.0	112011.0	187338.0	197845.0	104095.0	40356.0	58779.0	26.9	27.6	40.0	36.4
2016-07-12	370372.0	107635.0	195295.0	211520.0	103371.0	40954.0	61443.0	27.4	29.4	40.2	38.3
2016-07-19	388905.0	111578.0	211469.0	225909.0	101654.0	40631.0	64995.0	27.1	29.5	40.4	38.2
2016-07-26	400035.0	109193.0	221793.0	239073.0	103338.0	42327.0	65462.0	28.7	28.9	42.2	38.4
2016-08-02	378500.0	104516.0	208619.0	218778.0	99452.0	46130.0	61353.0	24.8	28.8	38.3	39.0
2016-08-09	368693.0	100442.0	198841.0	218984.0	99470.0	41599.0	62714.0	25.5	28.7	39.7	39.6
2016-08-16	366037.0	103060.0	195568.0	208203.0	99798.0	46303.0	62200.0	24.9	27.5	37.5	38.5
2016-08-23	364044.0	105374.0	182032.0	202180.0	111006.0	48087.0	62603.0	25.1	24.8	37.1	36.6
2016-08-30	364843.0	108261.0	190186.0	204241.0	103433.0	45283.0	64166.0	25.2	25.5	37.4	37.3
2016-09-06	375985.0	97324.0	189954.0	220781.0	107441.0	45546.0	66256.0	24.9	24.4	37.5	35.6
2016-09-13	379624.0	91783.0	173258.0	216048.0	112825.0	45916.0	67664.0	25.3	21.3	37.6	32.9
2016-09-20	324525.0	95698.0	180723.0	177910.0	77967.0	44603.0	59521.0	29.7	24.1	42.0	35.4
2016-09-27	328490.0	100492.0	176522.0	174828.0	86986.0	45062.0	56874.0	31.8	24.7	44.1	36.0
2016-10-04	347643.0	105634.0	187693.0	186827.0	89483.0	46415.0	61700.0	30.6	26.6	42.2	37.5
2016-10-11	378774.0	114284.0	207756.0	209879.0	99131.0	45694.0	62970.0	29.2	25.4	41.7	36.1
2016-10-18	413183.0	128181.0	237449.0	230197.0	104790.0	45728.0	61867.0	29.8	27.0	43.2	38.0
2016-10-25	448471.0	142881.0	266737.0	246230.0	108147.0	50478.0	64705.0	33.0	29.0	44.7	39.6
2016-11-01	444502.0	126443.0	263828.0	261922.0	105533.0	44892.0	63896.0	35.8	31.2	46.9	40.6
2016-11-08	418007.0	118897.0	248211.0	245616.0	101035.0	43609.0	58876.0	34.6	29.3	46.4	39.4
2016-11-15	415752.0	121575.0	240757.0	235596.0	104624.0	50453.0	62243.0	32.4	26.7	44.3	35.7
2016-11-22	434768.0	127122.0	246470.0	243796.0	111726.0	53708.0	66430.0	32.6	27.9	43.9	35.8
2016-11-29	447190.0	136108.0	255348.0	245355.0	116561.0	54681.0	64235.0	32.0	30.2	43.1	38.1
2016-12-06	433237.0	123390.0	237946.0	246681.0	120065.0	51871.0	63931.0	32.5	26.5	44.0	34.9
2016-12-13	447679.0	123597.0	211110.0	259537.0	160236.0	53749.0	65537.0	26.6	21.6	37.7	28.7
2016-12-20	399589.0	117460.0	195505.0	219648.0	130749.0	51930.0	62784.0	37.8	24.9	49.1	36.9
2016-12-27	405681.0	123281.0	192689.0	220288.0	141332.0	52160.0	61708.0	37.0	24.7	48.1	37.5
2017-01-03	416239.0	129701.0	199757.0	221781.0	148076.0	55203.0	58852.0	36.0	26.1	46.9	39.0
2017-01-10	415212.0	134747.0	200570.0	219984.0	147154.0	53374.0	60381.0	36.1	28.4	47.7	41.4
2017-01-17	415090.0	128846.0	195346.0	225333.0	150756.0	52044.0	60121.0	37.9	30.0	50.1	41.2
2017-01-24	414447.0	131904.0	184252.0	224017.0	163750.0	51280.0	59199.0	38.1	31.4	49.8	41.8
2017-01-31	405541.0	125689.0	171402.0	218274.0	164996.0	52495.0	60060.0	38.8	30.8	50.7	42.4
