2005-01-04	800333.0	205452.0	95155.0	302339.0	620759.0	279274.0	71151.0	19.2	36.6	27.7	51.1
2005-01-11	819971.0	207777.0	112588.0	322800.0	622509.0	277808.0	73288.0	18.6	34.7	27.8	46.6
2005-01-18	843323.0	188401.0	123760.0	349260.0	632509.0	295226.0	76618.0	17.4	33.0	27.1	44.7
2005-01-25	849678.0	171832.0	113841.0	350095.0	630364.0	318129.0	95851.0	16.7	32.5	25.2	44.0
2005-02-01	812013.0	158466.0	161886.0	370991.0	541274.0	275486.0	101783.0	18.2	31.3	29.5	41.4
2005-02-08	868919.0	176235.0	186446.0	385571.0	589668.0	302175.0	87867.0	17.3	30.4	27.5	41.6
2005-02-15	933078.0	187441.0	189388.0	407624.0	643454.0	330119.0	92342.0	16.6	31.7	26.0	43.5
2005-02-22	905095.0	207211.0	240226.0	381974.0	546063.0	304667.0	107563.0	19.7	26.5	30.4	35.4
2005-03-01	1001414.0	207057.0	261570.0	434474.0	627475.0	343323.0	95809.0	16.5	26.0	26.1	36.2
2005-03-08	1059985.0	226570.0	263815.0	481569.0	681858.0	326640.0	89106.0	15.8	24.1	24.8	34.9
2005-03-15	1226408.0	276083.0	227548.0	585779.0	746829.0	306625.0	194110.0	15.3	17.3	23.1	26.1
2005-03-22	843641.0	151451.0	165491.0	355462.0	568512.0	325296.0	98206.0	17.4	31.6	25.0	42.6
2005-03-29	864119.0	145794.0	165678.0	378934.0	571317.0	322818.0	110551.0	17.0	30.7	25.5	40.1
2005-04-05	879805.0	134445.0	187695.0	393870.0	568926.0	329411.0	101105.0	17.4	31.0	25.9	41.2
2005-04-12	882185.0	170798.0	191324.0	370496.0	597908.0	330236.0	82298.0	16.3	31.8	23.5	42.1
2005-04-19	974879.0	205580.0	220045.0	442087.0	639499.0	312516.0	100639.0	17.5	24.9	25.3	34.9
2005-04-26	960079.0	209318.0	211009.0	441747.0	631567.0	295189.0	103678.0	17.4	21.4	25.9	31.7
2005-05-03	972551.0	183053.0	206319.0	463945.0	636662.0	309385.0	113402.0	16.2	22.6	24.7	33.2
2005-05-10	1019983.0	196557.0	251601.0	483360.0	635018.0	323155.0	116453.0	15.6	21.9	24.2	32.3
2005-05-17	1000568.0	174830.0	209352.0	469485.0	672854.0	337291.0	99400.0	14.6	24.3	21.8	35.2
2005-05-24	1049050.0	180992.0	241162.0	497017.0	695964.0	358302.0	99185.0	14.3	24.3	20.7	34.3
2005-05-31	1064782.0	188598.0	223213.0	520372.0	733095.0	339279.0	91941.0	14.6	24.7	20.9	35.3
2005-06-07	1089415.0	199117.0	213842.0	523077.0	749207.0	339370.0	98515.0	14.2	23.6	21.3	35.4
2005-06-14	1211683.0	202817.0	211222.0	592365.0	824970.0	362109.0	121099.0	13.4	21.7	19.5	31.9
2005-06-21	799506.0	90858.0	188181.0	440308.0	498912.0	259798.0	103871.0	21.1	29.2	29.5	41.3
2005-06-28	836123.0	133534.0	167394.0	437570.0	567916.0	256113.0	91907.0	20.4	29.6	28.8	44.1
2005-07-05	858167.0	147498.0	200271.0	441744.0	548947.0	258109.0	98133.0	20.0	26.1	28.1	40.1
2005-07-12	950006.0	117034.0	250359.0	506899.0	587697.0	314311.0	100188.0	18.5	23.8	25.7	34.6
2005-07-19	948367.0	136355.0	238163.0	472874.0	607771.0	332162.0	95457.0	18.0	24.7	25.6	36.2
2005-07-26	949969.0	153712.0	249431.0	456531.0	604999.0	333823.0	89636.0	18.7	23.9	27.0	35.8
2005-08-02	1005704.0	186822.0	294936.0	504744.0	595655.0	302929.0	103904.0	20.1	21.0	29.9	32.2
2005-08-09	1022076.0	192289.0	284588.0	521621.0	606099.0	294912.0	118135.0	20.5	19.5	30.0	30.4
2005-08-16	1045387.0	199629.0	337612.0	571982.0	615157.0	258195.0	77037.0	19.7	18.2	29.3	28.8
2005-08-23	1091327.0	193366.0	324516.0	612446.0	637245.0	260558.0	104609.0	18.9	16.6	27.9	26.4
2005-09-06	1201748.0	208544.0	362085.0	674516.0	682878.0	265368.0	103465.0	18.2	15.0	27.8	23.7
2005-09-13	1428315.0	214262.0	389040.0	851358.0	823570.0	299422.0	152432.0	16.6	13.1	25.5	20.4
2005-09-20	902479.0	152951.0	259300.0	448167.0	550450.0	278825.0	70193.0	20.5	28.0	29.4	40.5
2005-09-27	948507.0	180570.0	236800.0	492962.0	599141.0	264528.0	102119.0	20.4	27.4	30.9	39.9
2005-10-04	956849.0	187216.0	245858.0	501267.0	572196.0	247886.0	118315.0	19.9	26.1	30.4	38.4
2005-10-11	983451.0	196817.0	256012.0	551669.0	606977.0	216988.0	102485.0	18.2	24.0	29.7	37.0
2005-10-18	1050108.0	152417.0	302426.0	609636.0	626922.0	275429.0	108134.0	16.7	23.3	25.5	36.6
2005-10-25	1119100.0	140596.0	362717.0	654525.0	611137.0	312604.0	133871.0	16.5	23.1	25.3	37.9
2005-11-01	1107973.0	161135.0	307586.0	609982.0	659513.0	317374.0	121392.0	16.3	25.5	23.9	37.7
2005-11-08	1136772.0	164015.0	331866.0	639566.0	678045.0	312810.0	106480.0	16.5	26.1	24.1	37.9
2005-11-15	1144708.0	163546.0	309364.0	613043.0	701837.0	348684.0	114072.0	15.0	27.2	22.6	39.1
2005-11-22	1210541.0	209791.0	316772.0	619638.0	743582.0	354409.0	123484.0	14.9	27.2	22.9	39.5
2005-11-29	1246705.0	232185.0	269327.0	623937.0	854080.0	369359.0	102074.0	14.7	27.9	22.3	41.5
2005-12-06	1277369.0	271142.0	243577.0	603363.0	865947.0	348123.0	113104.0	14.7	27.0	21.3	41.3
2005-12-13	1502276.0	294630.0	255096.0	674627.0	990013.0	398847.0	122995.0	12.5	27.5	17.9	40.3
2005-12-20	1013365.0	195126.0	262901.0	481824.0	647999.0	329131.0	95181.0	19.7	35.8	26.4	48.7
2005-12-27	1039230.0	155209.0	248706.0	515432.0	682278.0	357133.0	96790.0	19.0	36.3	26.0	50.6
2006-01-03	1066114.0	202214.0	281600.0	542526.0	670911.0	308863.0	101092.0	18.6	32.7	25.3	47.2
2006-01-10	1140746.0	191126.0	318972.0	612184.0	690162.0	323152.0	117328.0	18.1	30.1	24.9	43.6
2006-01-17	1151070.0	184738.0	325812.0	588733.0	691867.0	357890.0	113682.0	17.6	28.8	23.8	43.2
2006-01-24	1151254.0	198593.0	355078.0	599666.0	675465.0	340138.0	107854.0	17.8	27.6	24.1	42.0
2006-01-31	1216719.0	237561.0	361937.0	604909.0	734487.0	361673.0	107719.0	16.9	27.7	24.3	42.0
2006-02-07	1183852.0	239465.0	434355.0	578985.0	621129.0	351417.0	114383.0	17.3	22.4	24.6	35.3
2006-02-14	1156131.0	224169.0	413121.0	580388.0	619559.0	335236.0	107113.0	17.8	22.9	25.3	35.6
2006-02-21	1203221.0	222747.0	431755.0	607443.0	642372.0	358812.0	114875.0	17.0	23.3	24.4	35.3
2006-02-28	1220242.0	252103.0	434187.0	637835.0	643158.0	311855.0	124448.0	17.8	22.8	25.9	35.2
2006-03-07	1351728.0	247771.0	397818.0	767000.0	787228.0	292157.0	121882.0	16.2	20.5	24.6	32.6
2006-03-14	1703932.0	257022.0	388229.0	1020940.0	1022051.0	363013.0	230695.0	14.9	17.7	22.7	27.4
2006-03-21	1181330.0	219294.0	282984.0	537607.0	756134.0	406641.0	124424.0	16.6	30.7	25.9	44.5
2006-03-28	1141244.0	162646.0	301486.0	559933.0	699649.0	400131.0	121575.0	17.6	30.9	24.6	42.0
2006-04-04	1151679.0	202834.0	315377.0	622999.0	705464.0	314803.0	119795.0	18.0	30.2	26.8	42.3
2006-04-11	1179131.0	173993.0	372905.0	713454.0	667279.0	278217.0	125480.0	19.4	26.9	29.9	38.4
2006-04-18	1201932.0	189188.0	378535.0	696504.0	680509.0	292248.0	118896.0	18.9	25.8	28.1	38.5
2006-04-25	1265060.0	198252.0	438196.0	769143.0	689209.0	277256.0	117246.0	19.7	23.7	29.3	35.5
2006-05-02	1307160.0	213579.0	425888.0	800917.0	735852.0	275048.0	127804.0	20.9	22.8	31.0	35.1
2006-05-09	1361264.0	247863.0	432321.0	806744.0	789049.0	284274.0	117511.0	20.8	22.5	29.9	34.0
2006-05-16	1369005.0	207357.0	423150.0	853835.0	789452.0	272651.0	121241.0	20.6	23.5	30.2	34.6
2006-05-23	1475797.0	196500.0	453312.0	974775.0	854980.0	262549.0	125532.0	22.6	22.6	32.3	33.6
2006-05-30	1493600.0	217857.0	438229.0	1012748.0	888429.0	223805.0	127752.0	22.5	22.2	33.1	32.2
2006-06-06	1578088.0	229749.0	479507.0	1099351.0	910826.0	201269.0	140036.0	22.5	20.0	33.6	30.1
2006-06-13	2042655.0	235392.0	470466.0	1102367.0	1260610.0	556711.0	163394.0	12.3	19.6	19.9	30.1
2006-06-20	1293970.0	192329.0	380103.0	675620.0	757400.0	406720.0	137166.0	17.7	23.9	25.3	33.7
2006-06-27	1298945.0	208915.0	388717.0	685878.0	752631.0	383105.0	136550.0	17.4	23.1	25.8	33.2
2006-07-03	1332529.0	226286.0	304824.0	712009.0	876858.0	372535.0	129148.0	16.2	23.2	25.0	34.5
2006-07-11	1344585.0	207068.0	324822.0	747431.0	863466.0	364988.0	131199.0	17.9	22.7	27.6	34.0
2006-07-18	1403408.0	189559.0	393530.0	836206.0	861717.0	350275.0	120793.0	20.4	22.9	29.3	34.0
2006-07-25	1378698.0	192380.0	353505.0	828688.0	873544.0	333924.0	127943.0	20.4	22.3	29.9	32.9
2006-08-01	1386714.0	168150.0	362796.0	869369.0	868575.0	320657.0	126805.0	22.5	22.7	31.1	33.0
2006-08-08	1465662.0	194010.0	394246.0	899799.0	917394.0	342648.0	124817.0	22.0	21.8	30.8	35.1
2006-08-15	1503215.0	230513.0	400259.0	856923.0	951756.0	390305.0	125726.0	19.0	21.7	28.4	34.6
2006-08-22	1547766.0	232641.0	424305.0	880108.0	965288.0	412619.0	135775.0	19.7	21.4	29.8	34.1
2006-08-29	1581886.0	250158.0	400641.0	855679.0	1002656.0	433696.0	136236.0	18.0	21.4	28.1	34.0
2006-09-05	1672748.0	282833.0	492001.0	914620.0	1011490.0	436319.0	130281.0	18.8	20.1	29.3	32.3
2006-09-12	1998218.0	262291.0	468912.0	1225325.0	1301993.0	455848.0	172559.0	14.8	16.7	23.2	26.9
2006-09-19	1303906.0	206163.0	279636.0	696883.0	860545.0	383688.0	146553.0	19.7	26.7	30.9	39.8
2006-09-26	1428199.0	276678.0	343784.0	729243.0	920376.0	404743.0	146504.0	18.2	26.6	28.7	37.9
2006-10-03	1453775.0	306657.0	330398.0	723022.0	969998.0	401587.0	130870.0	16.6	27.9	26.2	39.9
2006-10-10	1499138.0	297772.0	341739.0	736865.0	992695.0	440073.0	140276.0	15.9	26.2	25.4	37.5
2006-10-17	1557473.0	353595.0	327439.0	763390.0	1071043.0	418719.0	137222.0	15.4	25.2	24.6	37.3
2006-10-24	1610999.0	387262.0	344273.0	768175.0	1087825.0	421764.0	145103.0	15.0	24.9	24.5	37.0
2006-10-31	1649310.0	420368.0	323552.0	795221.0	1171489.0	406483.0	127031.0	14.6	28.0	23.6	40.5
2006-11-07	1697597.0	424597.0	340753.0	805968.0	1192325.0	434704.0	132191.0	13.9	26.2	23.0	39.1
2006-11-14	1738166.0	457652.0	356472.0	811861.0	1223300.0	435693.0	125434.0	13.2	25.8	22.3	38.6
2006-11-21	1785579.0	453399.0	341088.0	872212.0	1268172.0	421868.0	138219.0	13.4	25.3	21.8	39.0
2006-11-28	1808800.0	459413.0	342765.0	918064.0	1273707.0	389656.0	150661.0	13.2	23.2	21.9	38.0
2006-12-05	1961863.0	479055.0	393720.0	1040194.0	1370522.0	393276.0	148283.0	13.9	21.6	22.6	36.0
2006-12-12	2361730.0	511473.0	408126.0	1238051.0	1640685.0	531832.0	232545.0	11.5	19.7	18.9	31.3
2006-12-19	1504936.0	348753.0	237951.0	843901.0	1113251.0	284378.0	125830.0	17.5	27.9	26.9	41.4
2006-12-26	1489606.0	298877.0	216573.0	861400.0	1134015.0	302387.0	112076.0	17.8	29.6	27.2	43.6
2007-01-03	1518364.0	312818.0	221793.0	847013.0	1137514.0	327664.0	128188.0	14.8	29.9	24.1	43.5
2007-01-09	1584567.0	330127.0	232355.0	909919.0	1183521.0	313939.0	138109.0	14.8	29.1	24.2	42.5
2007-01-16	1647575.0	373591.0	232598.0	895011.0	1238906.0	340647.0	137745.0	14.1	27.7	23.5	40.7
2007-01-23	1664762.0	356626.0	282212.0	941573.0	1224841.0	338808.0	129954.0	14.0	25.5	22.9	38.0
2007-01-30	1669513.0	350983.0	310695.0	968185.0	1215319.0	331853.0	125007.0	16.5	25.7	26.4	35.7
2007-02-06	1726207.0	396781.0	333617.0	1013435.0	1239264.0	284767.0	122102.0	17.6	24.7	27.1	34.8
2007-02-13	1783100.0	405234.0	347024.0	1021255.0	1282488.0	324148.0	121125.0	16.7	23.3	25.8	33.5
2007-02-20	1869638.0	421264.0	411111.0	1065108.0	1301024.0	353660.0	127897.0	15.3	22.3	23.8	33.4
2007-02-27	2006422.0	420637.0	449696.0	1142336.0	1338339.0	378887.0	153825.0	15.2	21.0	23.4	30.9
2007-03-06	2101358.0	341698.0	465385.0	1366754.0	1399204.0	339589.0	183452.0	16.2	15.8	25.4	25.4
2007-03-13	2700111.0	383393.0	586524.0	1804661.0	1715825.0	397580.0	283285.0	17.5	11.4	25.4	18.8
2007-03-20	1696188.0	279486.0	528759.0	967415.0	986046.0	430271.0	162367.0	14.2	15.7	23.0	25.5
2007-03-27	1741510.0	293299.0	585715.0	961051.0	985769.0	466536.0	149402.0	13.6	15.5	22.2	24.6
2007-04-03	1873931.0	299690.0	646898.0	1049992.0	1046385.0	502649.0	159048.0	12.7	15.4	21.6	25.8
2007-04-10	1887175.0	301481.0	626479.0	1079771.0	1083339.0	476393.0	147827.0	12.5	15.8	21.6	25.6
2007-04-17	1945192.0	301911.0	633203.0	1159689.0	1100738.0	448775.0	176434.0	15.1	14.4	25.3	23.4
2007-04-24	2035415.0	360840.0	648115.0	1198107.0	1195470.0	448608.0	163970.0	16.1	14.6	25.4	24.3
2007-05-01	1993806.0	376405.0	560286.0	1131967.0	1232396.0	458558.0	174248.0	15.5	15.7	24.5	27.3
2007-05-08	2008221.0	407570.0	592589.0	1104011.0	1238888.0	473033.0	153137.0	15.5	15.5	24.5	27.3
2007-05-15	2010006.0	425206.0	599999.0	1070133.0	1212170.0	492670.0	175840.0	15.2	15.3	24.4	27.1
2007-05-22	2160963.0	454487.0	688565.0	1220725.0	1276491.0	454506.0	164662.0	15.7	15.6	24.4	26.3
2007-05-29	2200527.0	455830.0	721765.0	1261355.0	1274979.0	455166.0	175607.0	15.9	15.7	24.6	25.5
2007-06-05	2405114.0	494616.0	759244.0	1478461.0	1436618.0	399717.0	176932.0	17.0	15.5	26.1	25.9
2007-06-12	2861518.0	478837.0	745970.0	1839955.0	1719044.0	442182.0	295960.0	17.1	12.2	24.9	20.1
2007-06-19	1577585.0	388811.0	431915.0	962283.0	988070.0	214709.0	145818.0	16.6	18.9	28.1	26.2
2007-06-26	1642944.0	390155.0	475032.0	967142.0	980706.0	261161.0	162720.0	14.6	17.3	24.8	24.0
2007-07-03	1619924.0	358140.0	502690.0	1041395.0	943840.0	184193.0	137198.0	15.9	17.0	27.6	24.3
2007-07-10	1682680.0	350879.0	544207.0	1128674.0	941072.0	172063.0	166337.0	17.5	16.5	29.7	24.4
2007-07-17	1702051.0	355023.0	591822.0	1119815.0	929143.0	200795.0	154668.0	18.0	16.3	28.5	24.4
2007-07-24	1787275.0	342610.0	640676.0	1225428.0	940886.0	190262.0	176738.0	19.7	16.2	30.8	23.8
2007-07-31	1981173.0	347867.0	685643.0	1391592.0	1109737.0	203669.0	147748.0	24.0	14.8	34.0	22.6
2007-08-07	2111980.0	341914.0	687186.0	1466944.0	1137665.0	247233.0	231240.0	21.4	13.3	31.7	21.3
2007-08-14	2121969.0	370333.0	700528.0	1527630.0	1202460.0	186062.0	181037.0	22.7	14.1	33.1	23.4
2007-08-21	2085581.0	329207.0	707288.0	1516906.0	1171344.0	199527.0	167008.0	22.1	15.0	33.5	23.8
2007-08-28	2115440.0	332784.0	697934.0	1500344.0	1172578.0	221435.0	184051.0	20.3	15.0	30.8	23.6
2007-09-04	2086435.0	302875.0	670612.0	1560435.0	1171090.0	149551.0	171159.0	21.9	14.7	33.7	23.4
2007-09-11	2264864.0	294860.0	703513.0	1688139.0	1204596.0	208084.0	282974.0	23.5	13.8	33.8	21.4
2007-09-18	2851893.0	297650.0	693183.0	1951008.0	1445312.0	426230.0	536393.0	17.4	10.8	25.4	16.6
2007-09-25	1747463.0	292818.0	444251.0	1042007.0	1130859.0	384965.0	144680.0	17.2	18.2	28.2	28.5
2007-10-02	1865981.0	308356.0	509548.0	1122604.0	1189477.0	409363.0	141298.0	17.8	18.9	28.6	29.1
2007-10-09	1950942.0	326945.0	542172.0	1177027.0	1232808.0	424429.0	153421.0	17.7	18.6	28.2	28.9
2007-10-16	2000172.0	328769.0	517493.0	1206237.0	1302813.0	435584.0	150284.0	17.2	19.2	27.0	29.8
2007-10-23	1977779.0	307450.0	528662.0	1203669.0	1248622.0	431674.0	165509.0	18.7	18.9	29.3	28.4
2007-10-30	2026594.0	325433.0	544199.0	1208617.0	1299491.0	467183.0	157543.0	16.6	18.2	26.9	28.3
2007-11-06	2036619.0	291436.0	568503.0	1246109.0	1248113.0	460888.0	181817.0	17.3	17.9	28.1	26.3
2007-11-13	2055383.0	278957.0	531332.0	1261565.0	1262128.0	466206.0	213268.0	18.2	16.0	29.2	24.2
2007-11-20	2149374.0	302744.0	528415.0	1331064.0	1372360.0	471445.0	204478.0	16.9	16.0	27.2	27.0
2007-11-27	2150535.0	314271.0	504882.0	1320719.0	1387347.0	452657.0	195418.0	16.4	17.2	26.9	27.0
2007-12-04	2164011.0	263575.0	541885.0	1333808.0	1384258.0	498240.0	169480.0	15.4	17.2	25.7	28.3
2007-12-11	2342983.0	286660.0	570485.0	1431634.0	1506785.0	559177.0	200201.0	12.6	17.0	22.2	27.2
2007-12-18	2757399.0	352902.0	523363.0	1774557.0	1828556.0	512690.0	288230.0	12.3	16.0	20.7	25.0
2007-12-24	1747039.0	324073.0	408214.0	1151766.0	1162913.0	247522.0	152234.0	17.0	21.1	28.6	32.6
2007-12-31	1725583.0	354831.0	431536.0	1148073.0	1138078.0	203392.0	136682.0	17.1	19.5	29.3	31.7
2008-01-08	1993208.0	415437.0	533566.0	1254672.0	1240588.0	288306.0	184261.0	16.4	14.2	26.6	26.4
2008-01-15	2139579.0	434100.0	521069.0	1334021.0	1397243.0	320345.0	170154.0	15.1	19.2	25.1	30.9
2008-01-22	2509683.0	522510.0	483069.0	1473127.0	1661300.0	458854.0	310122.0	15.0	20.5	25.2	30.7
2008-01-29	2389489.0	464934.0	554033.0	1528048.0	1543320.0	362369.0	257998.0	16.0	20.2	26.4	29.4
2008-02-05	2490724.0	507868.0	601538.0	1548318.0	1577047.0	398403.0	276004.0	14.2	17.0	24.5	25.3
2008-02-12	2473964.0	474714.0	609852.0	1498341.0	1554228.0	465645.0	274620.0	13.4	15.9	23.0	24.2
2008-02-19	2371943.0	449747.0	660020.0	1521922.0	1500246.0	371396.0	182799.0	13.6	14.7	23.4	23.3
2008-02-26	2358196.0	450532.0	642564.0	1514112.0	1517878.0	355540.0	159742.0	13.9	14.4	23.4	24.4
2008-03-04	2402309.0	429137.0	664022.0	1596552.0	1473590.0	339854.0	227931.0	14.8	11.4	24.3	21.3
2008-03-11	2494075.0	407935.0	686814.0	1700915.0	1516273.0	324776.0	230539.0	14.6	11.6	23.7	20.4
2008-03-18	3089662.0	469012.0	686798.0	1958096.0	1783639.0	511732.0	468403.0	12.7	12.0	20.2	19.4
2008-03-25	2083681.0	296219.0	526122.0	1335954.0	1299967.0	425863.0	231947.0	16.0	15.9	26.6	27.2
2008-04-01	2112188.0	297212.0	535946.0	1388117.0	1343991.0	381927.0	187319.0	16.5	16.5	26.7	28.6
2008-04-08	2098521.0	300138.0	522129.0	1383554.0	1344858.0	360881.0	177586.0	16.8	17.9	27.0	29.7
2008-04-15	2040110.0	332966.0	519647.0	1280316.0	1277833.0	359775.0	175577.0	14.0	16.9	23.8	28.2
2008-04-22	2042108.0	335252.0	519101.0	1282546.0	1284976.0	364935.0	178656.0	13.9	16.7	23.5	27.9
2008-04-29	2070518.0	321853.0	535114.0	1315316.0	1300269.0	383864.0	185650.0	13.5	17.0	23.0	28.6
2008-05-06	2117598.0	374189.0	537225.0	1317522.0	1310749.0	377027.0	220764.0	13.5	17.0	23.1	28.8
2008-05-13	2129204.0	364919.0	569583.0	1383209.0	1322169.0	329678.0	186054.0	13.8	16.6	23.5	28.0
2008-05-20	2225222.0	391253.0	616037.0	1412445.0	1338440.0	374714.0	223935.0	13.7	15.6	24.0	26.5
2008-05-27	2290268.0	425620.0	639482.0	1450053.0	1404764.0	361658.0	193085.0	15.0	14.5	25.3	26.1
2008-06-03	2348861.0	451378.0	621535.0	1507896.0	1453490.0	320939.0	205188.0	18.5	14.0	28.4	25.5
2008-06-10	2452965.0	478175.0	662406.0	1608307.0	1500505.0	291186.0	214757.0	20.2	13.8	29.9	23.8
2008-06-17	2862936.0	483418.0	634446.0	1752684.0	1713496.0	507886.0	396046.0	16.7	11.3	25.1	19.6
2008-06-24	1945640.0	270626.0	519604.0	1283486.0	1147122.0	339696.0	227082.0	15.4	14.5	25.9	25.2
2008-07-01	2128123.0	324205.0	596685.0	1375772.0	1249343.0	360921.0	214870.0	15.0	14.1	24.3	24.2
2008-07-08	2305626.0	353265.0	646519.0	1466342.0	1418769.0	425166.0	179485.0	15.1	16.5	24.8	26.7
2008-07-15	2551139.0	432921.0	626986.0	1541883.0	1650049.0	503462.0	201231.0	13.6	18.1	22.4	28.1
2008-07-22	2435264.0	441917.0	664265.0	1444497.0	1515496.0	484429.0	191082.0	13.1	14.8	22.1	23.7
2008-07-29	2488058.0	470543.0	643569.0	1471447.0	1589771.0	483879.0	192529.0	13.0	14.5	21.9	23.8
2008-08-05	2492891.0	481194.0	641628.0	1485386.0	1589598.0	465709.0	201063.0	12.5	14.2	21.3	23.5
2008-08-12	2464192.0	467345.0	619438.0	1454010.0	1569270.0	479720.0	212367.0	12.6	16.3	21.3	25.3
2008-08-19	2480117.0	478913.0	648547.0	1476200.0	1559614.0	455839.0	202791.0	12.5	16.4	21.6	25.6
2008-08-26	2444920.0	439539.0	637193.0	1500199.0	1534204.0	434021.0	202362.0	12.7	16.8	21.9	25.9
2008-09-02	2459817.0	443143.0	644189.0	1507299.0	1541722.0	443255.0	207786.0	12.1	17.0	20.8	25.9
2008-09-09	2584380.0	495857.0	662056.0	1581049.0	1637626.0	428566.0	205790.0	11.7	17.1	20.2	26.4
2008-09-16	3205598.0	575434.0	661459.0	2035538.0	2158026.0	452230.0	243717.0	9.7	14.6	16.5	22.4
2008-09-23	2266433.0	344298.0	507101.0	1436624.0	1406629.0	438533.0	305725.0	14.3	16.7	24.9	25.0
2008-09-30	2565210.0	370547.0	526524.0	1580958.0	1639750.0	545986.0	331217.0	12.1	20.2	22.8	29.1
2008-10-07	2894010.0	494983.0	599213.0	1728912.0	2028130.0	585715.0	182267.0	12.3	23.6	21.4	34.0
2008-10-14	3189495.0	549198.0	715689.0	1843847.0	2084624.0	743988.0	336720.0	12.3	24.9	21.2	36.2
2008-10-21	3023160.0	477816.0	617638.0	1860705.0	2138695.0	614592.0	196780.0	12.9	25.0	21.2	35.8
2008-10-28	3062115.0	441298.0	502415.0	1954977.0	2241847.0	580989.0	233002.0	12.8	25.4	21.0	36.7
2008-11-04	2896273.0	455053.0	391231.0	1921798.0	2229609.0	451455.0	207466.0	13.3	28.4	21.8	38.9
2008-11-11	3042768.0	501669.0	361102.0	2050819.0	2430828.0	428995.0	189553.0	11.5	28.5	19.9	40.4
2008-11-18	3199331.0	483798.0	358647.0	2211492.0	2553703.0	450596.0	233536.0	12.5	29.6	21.2	40.4
2008-11-25	3253752.0	501849.0	396872.0	2360951.0	2615893.0	341241.0	191276.0	12.4	30.9	21.2	40.8
2008-12-02	3227862.0	527800.0	371238.0	2358098.0	2646879.0	298240.0	166021.0	12.4	31.0	21.4	41.7
2008-12-09	3147959.0	479154.0	326067.0	2413172.0	2595439.0	219989.0	190809.0	13.8	31.0	23.2	41.4
2008-12-16	3814544.0	579394.0	315518.0	2927443.0	3130478.0	230018.0	290859.0	12.1	28.0	21.0	36.5
2008-12-22	2276969.0	459826.0	225195.0	1567113.0	1878419.0	227547.0	150872.0	18.3	31.0	29.8	43.7
2008-12-30	2307779.0	460552.0	217238.0	1591660.0	1942299.0	238487.0	131162.0	18.1	31.1	29.7	43.8
2009-01-06	2411321.0	456394.0	251627.0	1693048.0	1991533.0	241209.0	147491.0	20.6	30.9	32.4	42.8
2009-01-13	2438899.0	513272.0	242676.0	1712586.0	1997467.0	183039.0	168754.0	20.5	26.2	31.7	38.7
2009-01-20	2565182.0	572592.0	308676.0	1773112.0	1990522.0	193352.0	239858.0	20.4	25.5	32.5	36.4
2009-01-27	2620436.0	579249.0	277973.0	1827761.0	2067350.0	181148.0	242835.0	20.7	25.2	32.6	37.1
2009-02-03	2681609.0	604405.0	292326.0	1846705.0	2037363.0	200220.0	321641.0	18.7	22.5	30.8	33.7
2009-02-10	2746341.0	609450.0	322209.0	1926186.0	2084584.0	180972.0	309815.0	19.0	22.3	30.9	34.0
2009-02-17	3047503.0	665581.0	347783.0	2103968.0	2200480.0	242781.0	464067.0	18.6	20.4	30.7	30.5
2009-02-24	3099079.0	669949.0	309366.0	2128212.0	2292435.0	255178.0	451538.0	19.3	20.7	31.1	30.7
2009-03-03	3306527.0	721734.0	326304.0	2311415.0	2452116.0	223438.0	478167.0	20.0	19.8	31.2	29.6
2009-03-10	3582979.0	730733.0	397462.0	2546348.0	2544890.0	254860.0	589589.0	21.7	19.1	31.1	28.0
2009-03-17	3929370.0	769235.0	502897.0	2865311.0	2864422.0	198589.0	465816.0	17.2	17.4	27.2	25.6
2009-03-24	2428148.0	469144.0	394615.0	1783084.0	1816605.0	157767.0	198775.0	19.1	17.0	32.1	28.4
2009-03-31	2439953.0	496882.0	367228.0	1742770.0	1790027.0	181343.0	263740.0	18.1	17.4	31.3	28.0
2009-04-07	2412590.0	469938.0	372419.0	1765887.0	1810544.0	165005.0	217867.0	18.3	17.1	31.2	27.0
2009-04-14	2454936.0	483156.0	395189.0	1791177.0	1800938.0	164278.0	242484.0	17.6	16.6	30.2	26.3
2009-04-21	2511152.0	500761.0	367220.0	1810021.0	1833895.0	172346.0	282013.0	17.0	15.7	29.3	26.2
2009-04-28	2616834.0	529769.0	392206.0	1895161.0	1895899.0	169836.0	306661.0	16.1	14.9	28.2	24.0
2009-05-05	2629788.0	501822.0	449763.0	1926071.0	1884754.0	182107.0	275483.0	16.0	14.1	28.5	22.3
2009-05-12	2645720.0	517888.0	478817.0	1911069.0	1864149.0	193250.0	279241.0	17.2	14.0	29.7	22.8
2009-05-19	2700135.0	547574.0	457218.0	1943126.0	1936037.0	182841.0	280286.0	17.0	14.3	29.6	23.8
2009-05-26	2736726.0	568611.0	426621.0	1933791.0	1963114.0	193177.0	305844.0	16.7	14.1	29.1	23.0
2009-06-02	2757744.0	553101.0	419809.0	1991860.0	1975637.0	173030.0	322545.0	15.9	14.1	28.5	23.0
2009-06-09	2815342.0	548657.0	422928.0	2025938.0	2019729.0	182761.0	314699.0	14.9	13.9	27.0	21.7
2009-06-16	3243222.0	567457.0	388350.0	2405142.0	2472334.0	209660.0	321575.0	13.6	12.3	24.0	19.6
2009-06-23	2303107.0	472126.0	285662.0	1643915.0	1733019.0	167591.0	264951.0	19.1	14.9	33.0	24.0
2009-06-30	2330177.0	459027.0	306381.0	1707281.0	1709808.0	148662.0	298781.0	19.1	15.1	32.3	23.9
2009-07-07	2411917.0	475003.0	373519.0	1751825.0	1737905.0	166106.0	281510.0	18.2	14.4	30.5	22.7
2009-07-14	2401740.0	470513.0	366019.0	1759026.0	1715690.0	154597.0	302427.0	18.4	14.6	30.8	23.3
2009-07-21	2420483.0	465673.0	393622.0	1765122.0	1716522.0	164882.0	285533.0	18.2	14.0	30.4	22.2
2009-07-28	2503699.0	481928.0	378794.0	1818087.0	1853702.0	173566.0	241085.0	17.7	17.5	29.3	25.7
2009-08-04	2547131.0	466986.0	400655.0	1883571.0	1869591.0	162629.0	242940.0	17.0	18.3	28.9	26.3
2009-08-11	2595818.0	486943.0	384176.0	1859559.0	1941977.0	211900.0	232249.0	16.4	18.4	27.9	25.9
2009-08-18	2622199.0	513300.0	395931.0	1879169.0	1990944.0	197266.0	202860.0	16.3	17.9	27.9	25.5
2009-08-25	2651182.0	436934.0	404771.0	1956898.0	2029213.0	221416.0	181264.0	16.1	20.8	26.9	27.9
2009-09-01	2673739.0	458156.0	358009.0	1964241.0	2045280.0	214146.0	233254.0	15.7	18.8	26.5	26.0
2009-09-08	2688470.0	456292.0	376261.0	1999185.0	2036827.0	194788.0	237177.0	15.6	16.4	26.4	23.7
2009-09-15	3084056.0	494556.0	387914.0	2298904.0	2338685.0	235119.0	301980.0	13.5	14.0	22.8	21.0
2009-09-22	2284722.0	420038.0	306277.0	1670317.0	1732646.0	167242.0	218674.0	17.3	19.1	29.2	27.7
2009-09-29	2338950.0	439866.0	290356.0	1703052.0	1779922.0	176823.0	249463.0	17.3	19.0	29.2	28.3
2009-10-06	2334675.0	462070.0	299497.0	1673668.0	1689030.0	167478.0	314689.0	16.3	16.6	27.7	24.1
2009-10-13	2323932.0	448687.0	296948.0	1682604.0	1700133.0	173637.0	307847.0	16.2	15.8	27.3	23.9
2009-10-20	2392419.0	436555.0	359342.0	1759016.0	1718612.0	177145.0	294762.0	16.0	17.4	26.7	25.0
2009-10-27	2472585.0	460894.0	336658.0	1798948.0	1792438.0	179603.0	310349.0	15.5	16.4	25.7	24.0
2009-11-03	2531749.0	487310.0	278862.0	1839694.0	1876744.0	170803.0	342201.0	14.7	17.4	24.9	25.1
2009-11-09	2560834.0	475362.0	342296.0	1889569.0	1823572.0	171630.0	370693.0	14.4	16.7	24.6	23.6
2009-11-17	2606977.0	467806.0	299995.0	1890184.0	1907422.0	218427.0	369000.0	13.3	19.3	22.8	25.3
2009-11-24	2639563.0	470389.0	299610.0	1965106.0	1922108.0	169206.0	382983.0	13.3	18.8	22.4	25.0
2009-12-01	2657480.0	473537.0	312050.0	1974148.0	1921550.0	171550.0	385635.0	14.8	19.1	23.5	25.1
2009-12-08	2770435.0	454000.0	311602.0	2062054.0	1928626.0	209779.0	485605.0	14.3	17.0	22.3	22.6
2009-12-15	3378983.0	532436.0	331721.0	2541970.0	2461235.0	243270.0	524720.0	13.5	15.6	20.1	20.8
2009-12-22	2375469.0	377440.0	304897.0	1801931.0	1822904.0	189058.0	240628.0	21.2	22.6	30.8	31.0
2009-12-29	2400627.0	376329.0	315818.0	1831543.0	1839230.0	183815.0	236639.0	21.5	22.6	31.0	31.2
2010-01-05	2406829.0	379409.0	286336.0	1812522.0	1859405.0	192185.0	238375.0	21.4	21.4	30.3	30.3
2010-01-12	2445201.0	383303.0	334458.0	1846532.0	1826040.0	199512.0	268849.0	21.4	18.3	30.3	26.5
2010-01-19	2479545.0	396022.0	346720.0	1878802.0	1846906.0	189981.0	271179.0	21.0	17.3	29.3	25.2
2010-01-26	2633024.0	501352.0	409006.0	1889805.0	1926274.0	212981.0	268858.0	21.2	17.5	30.2	25.2
2010-02-02	2710912.0	554666.0	455450.0	1867372.0	1923817.0	265977.0	308748.0	21.7	17.0	30.0	24.0
2010-02-09	2835286.0	672728.0	432358.0	1895447.0	2016966.0	248719.0	367570.0	24.8	16.5	32.8	23.0
2010-02-16	2827987.0	693451.0	462331.0	1923118.0	2037876.0	194229.0	310591.0	26.3	17.7	35.1	24.2
2010-02-23	2847974.0	707401.0	468932.0	1950668.0	2025239.0	165976.0	329874.0	26.4	16.6	35.0	22.6
2010-03-02	2870663.0	719461.0	476567.0	1927973.0	2025890.0	196147.0	341124.0	26.1	16.5	35.0	22.7
2010-03-09	2971944.0	705372.0	502237.0	2025881.0	2126061.0	204103.0	307058.0	24.9	16.3	33.2	22.7
2010-03-16	3578829.0	701546.0	532280.0	2412454.0	2430102.0	413300.0	564918.0	21.6	12.7	29.0	19.1
2010-03-23	2348917.0	351567.0	375215.0	1644247.0	1710373.0	327163.0	237389.0	21.3	10.9	29.9	18.1
2010-03-30	2419469.0	296557.0	306195.0	1765846.0	1856916.0	317768.0	217060.0	20.4	10.4	29.0	17.5
2010-04-06	2408236.0	298248.0	309286.0	1765619.0	1830060.0	303921.0	228442.0	20.0	10.1	28.2	17.8
2010-04-13	2426056.0	294221.0	336297.0	1790849.0	1838725.0	315432.0	225480.0	19.7	9.6	27.7	17.4
2010-04-20	2496089.0	307929.0	359109.0	1858429.0	1864025.0	304098.0	247322.0	19.2	9.2	27.2	16.7
2010-04-27	2575827.0	344195.0	393715.0	1903344.0	1916129.0	291506.0	229201.0	18.4	8.9	26.3	16.3
2010-05-04	2566615.0	362531.0	411097.0	1851786.0	1857475.0	311004.0	256749.0	18.6	9.3	26.6	17.1
2010-05-11	2659978.0	363732.0	359302.0	1874678.0	1994821.0	386572.0	270859.0	18.3	9.3	26.1	16.7
2010-05-18	2641156.0	329592.0	328425.0	1914757.0	2046391.0	365023.0	234556.0	18.0	10.2	26.5	18.3
2010-05-25	2735512.0	358595.0	338435.0	1996183.0	2140477.0	338847.0	214713.0	15.2	9.3	24.1	16.4
2010-06-01	2820119.0	342021.0	352724.0	2122285.0	2182134.0	310892.0	240340.0	17.3	9.6	26.5	16.8
2010-06-08	3046422.0	411950.0	361212.0	2229364.0	2347016.0	357992.0	291078.0	16.3	8.8	25.6	15.4
2010-06-15	3426436.0	315215.0	332701.0	2566027.0	2611098.0	466380.0	403823.0	14.4	9.1	22.1	15.3
2010-06-22	2607245.0	254185.0	266045.0	1923947.0	2110781.0	408217.0	209523.0	18.4	10.3	28.3	18.7
2010-06-29	2752345.0	308407.0	242012.0	2017397.0	2257440.0	397103.0	223455.0	17.8	10.4	27.5	18.9
2010-07-06	2875146.0	336765.0	308007.0	2080953.0	2254990.0	425176.0	279897.0	18.3	9.2	27.8	17.5
2010-07-13	2812693.0	309841.0	381383.0	2095686.0	2130772.0	385789.0	279161.0	18.1	9.3	28.6	16.6
2010-07-20	2814633.0	354454.0	346145.0	2093505.0	2166559.0	337248.0	272503.0	18.3	9.5	28.8	16.6
2010-07-27	2780454.0	307833.0	336613.0	2096277.0	2155857.0	338293.0	249933.0	18.1	9.6	28.1	16.5
2010-08-03	2745286.0	286251.0	328977.0	2085949.0	2152576.0	351310.0	241957.0	17.6	10.2	27.3	18.2
2010-08-10	2752036.0	306101.0	328840.0	2116131.0	2171546.0	306420.0	228266.0	17.4	10.9	26.9	19.6
2010-08-17	2826725.0	366383.0	316099.0	2138016.0	2240837.0	288933.0	236396.0	16.8	9.5	26.2	17.3
2010-08-24	2939121.0	444463.0	359756.0	2258024.0	2316087.0	210331.0	236975.0	19.3	9.1	28.7	17.3
2010-08-31	3042646.0	486929.0	388787.0	2370094.0	2383516.0	159220.0	243940.0	19.9	9.2	30.3	16.8
2010-09-07	3025949.0	418696.0	423337.0	2409538.0	2335654.0	173985.0	243228.0	18.2	9.6	28.7	17.0
2010-09-14	3460098.0	407018.0	427551.0	2643557.0	2575843.0	349266.0	396447.0	15.1	8.9	24.2	15.8
2010-09-21	2480461.0	193882.0	360525.0	1969989.0	1853350.0	301953.0	251949.0	19.9	9.3	30.1	16.5
2010-09-28	2570715.0	231338.0	386811.0	2012348.0	1930177.0	301960.0	228658.0	19.1	11.9	28.8	19.2
2010-10-05	2643979.0	290958.0	418617.0	1993772.0	1971024.0	330269.0	225358.0	18.0	12.6	26.9	19.9
2010-10-12	2687051.0	273851.0	433501.0	2064639.0	2003098.0	327074.0	228965.0	19.0	13.3	27.7	20.7
2010-10-19	2689641.0	273142.0	443011.0	2087788.0	1970984.0	289045.0	235980.0	17.6	13.8	26.3	21.6
2010-10-26	2696003.0	307859.0	460496.0	2076515.0	1979139.0	281979.0	226718.0	17.6	15.5	25.9	23.5
2010-11-02	2709889.0	337198.0	476205.0	2101686.0	1994622.0	248943.0	217000.0	16.6	16.4	24.5	24.6
2010-11-09	2801910.0	344847.0	530891.0	2174504.0	2010492.0	249296.0	227264.0	16.0	16.9	23.9	24.6
2010-11-16	2859310.0	365436.0	509247.0	2157355.0	2002361.0	297020.0	308203.0	15.6	15.5	23.8	23.1
2010-11-23	2836389.0	340245.0	550299.0	2220056.0	1967906.0	250158.0	292254.0	15.6	15.3	24.3	23.0
2010-11-30	2882495.0	330645.0	504968.0	2267789.0	2026387.0	255082.0	322161.0	16.0	14.4	24.6	22.3
2010-12-07	2979326.0	333297.0	559426.0	2319535.0	2065834.0	289254.0	316826.0	15.5	15.7	23.5	24.0
2010-12-14	3391166.0	359983.0	551402.0	2639601.0	2435711.0	332637.0	345108.0	13.5	15.4	20.8	22.9
2010-12-21	2435858.0	282613.0	293737.0	1917982.0	1886790.0	215868.0	235936.0	20.8	18.5	29.8	26.9
2010-12-28	2479708.0	272250.0	308872.0	1968777.0	1892628.0	211189.0	250716.0	20.5	17.9	29.7	26.2
2011-01-04	2499724.0	290361.0	311076.0	1969414.0	1929918.0	211935.0	230716.0	20.2	17.4	28.8	25.3
2011-01-11	2533574.0	345122.0	309459.0	1941571.0	1983513.0	222060.0	215781.0	18.8	17.6	26.8	25.3
2011-01-18	2575471.0	328029.0	321994.0	2003775.0	1968378.0	212240.0	253672.0	18.5	16.5	26.9	24.2
2011-01-25	2649692.0	366784.0	346876.0	2049021.0	2026709.0	212713.0	254933.0	18.1	16.1	26.5	24.1
2011-02-01	2707779.0	401779.0	342334.0	2017563.0	2085026.0	245696.0	237678.0	17.4	15.3	25.8	22.9
2011-02-08	2775873.0	403660.0	406925.0	2131520.0	2085418.0	210755.0	253592.0	17.1	15.0	25.5	22.8
2011-02-15	2837103.0	443832.0	408673.0	2162852.0	2137552.0	204428.0	264887.0	17.1	14.8	25.7	22.4
2011-02-22	2899999.0	504311.0	448145.0	2159048.0	2129383.0	202367.0	288198.0	17.7	15.0	26.1	21.8
2011-03-01	2970595.0	498715.0	440053.0	2188229.0	2200557.0	251957.0	298291.0	18.1	15.0	26.3	21.7
2011-03-08	3037799.0	534578.0	447932.0	2246449.0	2243969.0	223638.0	312764.0	18.4	15.0	26.5	21.4
2011-03-15	3595592.0	696413.0	470915.0	2513115.0	2553076.0	270830.0	456367.0	19.8	12.8	26.6	19.4
2011-03-22	2571151.0	336705.0	388753.0	2011304.0	1824035.0	193037.0	328258.0	20.4	11.9	30.3	19.4
2011-03-29	2655711.0	356283.0	375794.0	2047920.0	1905342.0	220839.0	343906.0	19.3	12.3	29.0	20.5
2011-04-05	2682037.0	378362.0	370868.0	2021601.0	1916601.0	243199.0	355693.0	19.1	12.1	28.1	19.8
2011-04-12	2695345.0	385592.0	399646.0	2031472.0	1891655.0	245868.0	371631.0	18.6	12.0	27.5	19.4
2011-04-19	2708468.0	375629.0	430177.0	2076012.0	1841989.0	230237.0	409712.0	18.9	11.1	27.5	18.2
2011-04-26	2745754.0	385750.0	392028.0	2087003.0	1920549.0	234661.0	394837.0	17.8	11.6	26.4	18.6
2011-05-03	2816881.0	438683.0	421121.0	2111919.0	1980612.0	226214.0	375083.0	17.1	11.7	25.3	18.8
2011-05-10	2707707.0	382180.0	371415.0	2030743.0	1905792.0	268737.0	404453.0	17.8	12.0	26.1	19.1
2011-05-17	2725544.0	394409.0	361364.0	2048109.0	1914276.0	243807.0	410685.0	17.4	11.5	25.8	18.5
2011-05-24	2803618.0	414291.0	424621.0	2103621.0	1875899.0	251504.0	468896.0	16.6	11.1	25.0	18.2
2011-05-31	2866938.0	427011.0	466885.0	2172707.0	1891686.0	240591.0	481738.0	16.5	10.7	24.9	17.4
2011-06-07	3009071.0	523960.0	481892.0	2196902.0	2025732.0	246572.0	459810.0	16.4	10.2	23.9	16.8
2011-06-14	3425322.0	499928.0	432308.0	2491362.0	2353928.0	334395.0	539449.0	14.7	9.7	21.0	15.8
2011-06-21	2537969.0	282047.0	363500.0	1934553.0	1892579.0	282364.0	242885.0	18.1	14.8	26.6	23.8
2011-06-28	2516434.0	289179.0	333946.0	1954773.0	1883361.0	230691.0	257336.0	18.4	15.2	27.3	24.4
2011-07-05	2494190.0	309913.0	400113.0	1925753.0	1803886.0	220096.0	251763.0	17.5	15.4	26.4	24.2
2011-07-12	2601431.0	361033.0	342757.0	1949769.0	1958999.0	243357.0	252403.0	16.6	14.4	25.2	23.0
2011-07-19	2599222.0	301786.0	346296.0	2010637.0	1924766.0	228633.0	269994.0	16.7	14.3	25.6	23.1
2011-07-26	2581474.0	324025.0	374910.0	1996102.0	1884495.0	218067.0	278789.0	16.8	14.7	25.7	24.2
2011-08-02	2811337.0	392835.0	319141.0	2113412.0	2069256.0	254237.0	372087.0	15.7	14.4	24.3	22.2
2011-08-09	3386290.0	501568.0	481877.0	2535393.0	2309301.0	287660.0	533443.0	16.3	12.0	25.7	20.3
2011-08-16	3229005.0	344568.0	529599.0	2592105.0	2353493.0	242520.0	296101.0	18.4	12.9	27.6	21.4
2011-08-23	3438382.0	446890.0	576947.0	2693361.0	2527637.0	252416.0	288083.0	20.8	11.4	31.2	20.5
2011-08-30	3569848.0	337825.0	661121.0	2795881.0	2553485.0	391070.0	310170.0	20.2	11.3	29.6	19.5
2011-09-06	3762716.0	400409.0	672677.0	2901074.0	2729731.0	407540.0	306615.0	20.9	11.1	30.5	19.4
2011-09-13	4089537.0	448289.0	663485.0	3157952.0	2990015.0	414885.0	367626.0	20.6	10.0	29.3	17.6
2011-09-20	2920552.0	222419.0	529735.0	2248494.0	2001063.0	415307.0	355422.0	20.2	10.0	29.9	16.4
2011-09-27	2976793.0	271244.0	558278.0	2313433.0	2087089.0	360627.0	299937.0	17.9	10.9	27.5	17.3
2011-10-04	3143543.0	268305.0	563504.0	2461407.0	2250078.0	377600.0	293730.0	16.8	11.8	27.7	19.1
2011-10-11	3011932.0	244950.0	544415.0	2380242.0	2129881.0	356585.0	307481.0	18.0	11.4	28.5	18.7
2011-10-18	3003811.0	225605.0	594173.0	2388892.0	2077358.0	359727.0	302693.0	18.9	11.1	28.3	18.0
2011-10-25	3004309.0	235710.0	618694.0	2396297.0	2063176.0	345861.0	295998.0	18.3	10.1	27.8	16.9
2011-11-01	2848461.0	243818.0	541626.0	2318838.0	1976387.0	248541.0	293184.0	18.2	10.5	27.8	17.2
2011-11-08	2891815.0	238790.0	570000.0	2349417.0	2008871.0	266114.0	275450.0	18.5	10.8	27.9	18.3
2011-11-15	2962579.0	266741.0	556884.0	2369188.0	2104666.0	287804.0	262183.0	17.7	11.3	27.1	18.4
2011-11-22	3035521.0	231750.0	535165.0	2465413.0	2206756.0	296081.0	251323.0	19.6	11.6	28.9	19.2
2011-11-29	3015865.0	207632.0	527102.0	2481632.0	2161869.0	278728.0	279021.0	19.6	11.7	29.0	19.2
2011-12-06	3017064.0	235240.0	513531.0	2494999.0	2125228.0	229949.0	321429.0	19.6	11.3	29.1	19.3
2011-12-13	3406086.0	259751.0	521421.0	2753824.0	2460834.0	283463.0	314783.0	17.7	10.4	26.2	16.9
2011-12-20	2561308.0	264668.0	449566.0	1956572.0	1813060.0	295486.0	254100.0	19.4	13.5	27.1	21.6
2011-12-27	2610560.0	244844.0	501597.0	2037288.0	1823267.0	286889.0	244157.0	19.7	14.1	27.5	22.3
2012-01-03	2671088.0	276017.0	523666.0	2036703.0	1874649.0	314940.0	229345.0	19.2	14.9	26.4	23.4
2012-01-10	2592195.0	298308.0	448218.0	1999443.0	1880312.0	255520.0	224741.0	19.7	12.5	27.4	20.4
2012-01-17	2624154.0	281816.0	488637.0	2022752.0	1850535.0	271128.0	236524.0	19.5	12.3	27.5	20.0
2012-01-24	2683566.0	314258.0	511020.0	2015286.0	1868045.0	297587.0	248066.0	19.1	12.0	27.2	19.4
2012-01-31	2730177.0	379103.0	484499.0	2045803.0	1891683.0	248653.0	297377.0	17.7	11.8	25.9	18.6
2012-02-07	2724897.0	374660.0	454588.0	2056003.0	1906295.0	230524.0	300304.0	18.0	11.7	26.3	18.5
2012-02-14	2756775.0	335508.0	505260.0	2119008.0	1919578.0	228731.0	258409.0	19.0	11.8	27.3	18.6
2012-02-21	2802676.0	353640.0	492064.0	2136102.0	1966738.0	228384.0	259324.0	18.8	11.8	27.0	19.1
2012-02-28	2827921.0	370112.0	466168.0	2157245.0	2024978.0	229630.0	265841.0	18.9	11.6	27.4	19.2
2012-03-06	2970409.0	386231.0	490981.0	2217596.0	2095673.0	280757.0	297930.0	17.9	11.3	26.7	18.4
2012-03-13	3318585.0	419953.0	495986.0	2389884.0	2387732.0	379716.0	305835.0	17.8	10.4	25.4	17.5
2012-03-20	2694315.0	347648.0	535583.0	1937890.0	1874722.0	360925.0	236158.0	20.3	14.1	28.7	21.8
2012-03-27	2732746.0	368550.0	533461.0	1940756.0	1920997.0	383033.0	237881.0	19.6	13.9	28.0	21.9
2012-04-03	2753427.0	373721.0	563115.0	1964130.0	1915793.0	366166.0	225109.0	18.2	13.8	26.2	22.0
2012-04-10	2775438.0	411521.0	553166.0	1931437.0	1960841.0	396099.0	225050.0	17.1	13.5	24.7	21.4
2012-04-17	2804377.0	417430.0	536676.0	1929128.0	2004493.0	409339.0	214728.0	16.8	13.5	24.5	21.9
2012-04-24	2819711.0	385332.0	530932.0	1963639.0	2019048.0	426073.0	225064.0	16.4	13.1	24.6	21.4
2012-05-01	2858768.0	426954.0	497789.0	1956908.0	2088538.0	418763.0	216298.0	15.7	12.9	23.6	21.2
2012-05-08	2867529.0	418535.0	529108.0	1982611.0	2078351.0	421534.0	215221.0	15.2	12.9	23.6	21.9
2012-05-15	2967815.0	408713.0	481129.0	2034368.0	2197085.0	466030.0	230897.0	14.9	12.8	23.0	21.6
2012-05-22	3000650.0	344174.0	519091.0	2121988.0	2197861.0	488610.0	237820.0	16.1	13.1	24.1	21.5
2012-05-29	3040378.0	324205.0	543544.0	2158981.0	2212313.0	504694.0	232023.0	16.0	13.0	24.2	21.4
2012-06-05	3166379.0	318787.0	515182.0	2227943.0	2346507.0	555930.0	240971.0	15.9	13.0	24.9	21.9
2012-06-12	3420267.0	309900.0	514499.0	2507585.0	2589276.0	534051.0	247761.0	14.7	11.8	23.1	20.7
2012-06-19	2590421.0	284119.0	407885.0	1894980.0	1914502.0	376517.0	233229.0	17.9	15.6	26.6	25.0
2012-06-26	2741979.0	357516.0	435713.0	1951834.0	2044188.0	395559.0	225008.0	17.0	14.9	25.4	25.6
2012-07-03	2730453.0	330128.0	450827.0	1944513.0	2007752.0	407933.0	223995.0	16.9	14.4	25.8	25.3
2012-07-10	2795931.0	337532.0	468348.0	1995773.0	2057352.0	416173.0	223778.0	16.3	14.5	24.9	25.1
2012-07-17	2808514.0	321426.0	426280.0	2002221.0	2102255.0	431339.0	226451.0	16.1	14.5	24.7	24.8
2012-07-24	2860141.0	326532.0	433843.0	2058232.0	2150400.0	422910.0	223431.0	15.3	14.0	24.5	24.2
2012-07-31	2756499.0	344098.0	389127.0	1967138.0	2083153.0	395095.0	234051.0	15.4	14.5	24.7	23.9
2012-08-07	2831826.0	384863.0	390071.0	1998011.0	2157446.0	394578.0	229935.0	15.5	14.0	24.9	23.3
2012-08-14	2922565.0	385616.0	403203.0	2095018.0	2223984.0	377895.0	231342.0	15.6	14.0	25.3	22.7
2012-08-21	2998239.0	365785.0	407216.0	2169807.0	2278772.0	390107.0	239711.0	15.4	13.5	24.2	22.3
2012-08-28	3056383.0	389887.0	408716.0	2208379.0	2350245.0	390519.0	229824.0	15.0	13.5	24.3	21.6
2012-09-04	3099775.0	407084.0	429935.0	2251555.0	2371695.0	369647.0	226656.0	14.5	13.4	23.6	21.9
2012-09-11	3193602.0	436041.0	399560.0	2310824.0	2498201.0	376428.0	225532.0	14.3	12.9	23.5	21.3
2012-09-18	3584406.0	452811.0	402604.0	2686934.0	2813118.0	340125.0	264148.0	13.4	11.2	22.1	18.9
2012-09-25	2831321.0	461514.0	329114.0	2031542.0	2235327.0	282391.0	211006.0	16.9	18.2	27.4	29.6
2012-10-02	2926111.0	489300.0	367679.0	2127130.0	2297199.0	262170.0	213722.0	16.7	18.1	26.1	29.7
2012-10-09	2902097.0	452432.0	359959.0	2147598.0	2292933.0	255439.0	202577.0	16.5	18.2	25.4	30.3
2012-10-16	2927011.0	465125.0	329991.0	2141532.0	2326845.0	264087.0	213908.0	16.3	18.1	25.4	30.3
2012-10-23	2989251.0	458269.0	387584.0	2230938.0	2328997.0	239097.0	211723.0	16.4	17.7	25.7	29.7
2012-10-30	3015873.0	454062.0	400620.0	2252144.0	2351796.0	259001.0	212791.0	16.2	18.0	25.6	29.9
2012-11-06	2996323.0	432116.0	360487.0	2238535.0	2362214.0	265043.0	212993.0	15.2	18.9	24.7	30.6
2012-11-13	3075902.0	456518.0	361925.0	2253855.0	2448254.0	306831.0	207025.0	14.8	18.9	23.5	30.3
2012-11-20	3123365.0	392852.0	406486.0	2277793.0	2433273.0	389395.0	220281.0	14.8	18.1	23.3	29.2
2012-11-27	3117207.0	425812.0	408978.0	2253522.0	2419395.0	371388.0	222349.0	15.0	18.3	23.3	29.2
2012-12-04	3156565.0	441953.0	352628.0	2259481.0	2512565.0	380796.0	217037.0	14.5	18.7	23.2	29.4
2012-12-11	3226043.0	500530.0	367112.0	2294872.0	2564091.0	347416.0	211615.0	14.2	18.1	22.1	28.5
2012-12-18	3395668.0	496608.0	368506.0	2519082.0	2698765.0	277400.0	225819.0	14.2	16.2	21.9	26.0
2012-12-24	2763921.0	400228.0	321154.0	2025586.0	2220631.0	295980.0	180009.0	17.9	20.0	26.8	32.5
2012-12-31	2765033.0	430146.0	353491.0	2022743.0	2205438.0	275734.0	169694.0	18.1	19.8	26.7	32.3
2013-01-08	2799680.0	424728.0	338385.0	2092120.0	2218086.0	239266.0	199643.0	19.0	19.8	27.3	32.0
2013-01-15	2843412.0	401472.0	355240.0	2133064.0	2230853.0	262129.0	210572.0	18.4	19.7	26.7	31.7
2013-01-22	2946116.0	378360.0	357986.0	2298910.0	2253957.0	215664.0	280991.0	18.0	20.0	27.1	30.6
2013-01-29	2989252.0	419392.0	382970.0	2301384.0	2303952.0	214673.0	248527.0	18.0	20.7	26.9	31.0
2013-02-05	3001463.0	434689.0	345642.0	2273768.0	2354626.0	230336.0	238525.0	18.3	20.6	27.2	31.1
2013-02-12	3087242.0	414474.0	389092.0	2332190.0	2389953.0	282713.0	250332.0	16.9	20.1	26.0	30.2
2013-02-19	3147268.0	389674.0	377283.0	2458066.0	2466240.0	232230.0	236447.0	16.2	19.0	25.4	28.9
2013-02-26	3236746.0	439892.0	387287.0	2359707.0	2533417.0	358708.0	237603.0	15.3	18.5	24.3	28.5
2013-03-05	3275893.0	516432.0	371277.0	2292963.0	2560282.0	390175.0	268011.0	14.4	17.5	22.2	27.2
2013-03-12	3796609.0	536269.0	383987.0	2699211.0	2975636.0	422395.0	298252.0	12.7	15.5	19.3	23.8
2013-03-19	2845013.0	556279.0	300753.0	1974706.0	2244909.0	249513.0	234836.0	17.7	17.5	26.3	27.7
2013-03-26	2929558.0	544676.0	311206.0	2055049.0	2323071.0	272322.0	237770.0	17.1	17.5	26.1	27.5
2013-04-02	3010683.0	570733.0	346831.0	2077425.0	2342487.0	297011.0	255851.0	16.6	16.7	25.5	26.4
2013-04-09	3041311.0	539958.0	337425.0	2119171.0	2383730.0	309006.0	246980.0	16.4	16.1	25.4	25.6
2013-04-16	3032875.0	563563.0	312590.0	2111952.0	2396681.0	266905.0	233149.0	16.3	15.6	25.2	25.2
2013-04-23	3028179.0	524972.0	345202.0	2090420.0	2347800.0	308686.0	231076.0	16.5	15.4	25.4	25.0
2013-04-30	3087728.0	593992.0	325554.0	2115764.0	2420319.0	274121.0	238004.0	16.2	15.4	24.6	24.7
2013-05-07	3189841.0	584472.0	384112.0	2234107.0	2457972.0	275815.0	252310.0	15.1	15.8	23.4	25.0
2013-05-14	3287763.0	558611.0	365663.0	2322334.0	2562890.0	294828.0	247220.0	15.1	15.4	23.1	24.2
2013-05-21	3340104.0	514877.0	367607.0	2417993.0	2609187.0	279743.0	235819.0	15.6	15.0	25.0	24.0
2013-05-28	3384621.0	548584.0	346124.0	2445703.0	2708090.0	283009.0	223082.0	15.6	15.3	25.3	24.3
2013-06-04	3307852.0	527952.0	328240.0	2411153.0	2559830.0	256022.0	307057.0	15.9	14.5	25.6	22.8
2013-06-11	3397407.0	456571.0	341749.0	2460416.0	2579876.0	333972.0	329334.0	15.9	13.7	25.1	22.1
2013-06-18	3746507.0	481489.0	364545.0	2678557.0	2883626.0	421220.0	333095.0	15.0	12.1	23.0	20.2
2013-06-25	2729204.0	417399.0	359495.0	1899516.0	2080396.0	341709.0	218733.0	19.9	12.8	27.9	22.3
2013-07-02	2707222.0	412800.0	353387.0	1895444.0	2063208.0	327213.0	218862.0	18.2	12.6	25.5	21.5
2013-07-09	2723676.0	393249.0	362146.0	1917660.0	2072579.0	351123.0	227307.0	18.0	12.8	25.4	21.3
2013-07-16	2784081.0	434712.0	308665.0	1934514.0	2175836.0	340800.0	225525.0	17.3	12.1	24.8	20.6
2013-07-23	2813229.0	448822.0	308605.0	1971110.0	2206378.0	319796.0	224745.0	17.6	12.8	25.2	20.8
2013-07-30	2840740.0	474058.0	295109.0	1989174.0	2237199.0	303711.0	234635.0	17.2	12.7	25.7	20.6
2013-08-06	2844836.0	433534.0	336087.0	2009520.0	2179869.0	304137.0	231235.0	16.8	12.3	25.1	20.1
2013-08-13	2876427.0	448724.0	345075.0	1981997.0	2197956.0	339305.0	226995.0	16.3	12.4	24.0	19.8
2013-08-20	2929661.0	450053.0	355440.0	1996460.0	2242894.0	371685.0	219864.0	16.3	12.5	23.4	19.7
2013-08-27	2996973.0	435715.0	399594.0	2040157.0	2265114.0	420753.0	231917.0	16.0	12.5	23.4	19.5
2013-09-03	2986537.0	441299.0	428684.0	1992053.0	2242989.0	474537.0	236216.0	15.9	12.5	23.5	19.6
2013-09-10	3044856.0	392332.0	430772.0	2076026.0	2268535.0	495120.0	264171.0	15.9	12.0	23.2	19.0
2013-09-17	3337625.0	442361.0	415255.0	2261785.0	2539368.0	523458.0	272981.0	14.3	11.1	21.0	17.9
2013-09-24	2624099.0	422630.0	327137.0	1807208.0	2021556.0	316413.0	197558.0	17.2	14.6	25.7	23.3
2013-10-01	2623895.0	447422.0	346082.0	1794456.0	2001239.0	302436.0	196993.0	16.8	15.0	25.2	24.4
2013-10-08	2732549.0	434208.0	390714.0	1880736.0	2076313.0	345275.0	193192.0	16.7	16.4	24.3	25.7
2013-10-15	2690273.0	432829.0	384533.0	1859565.0	2045734.0	331953.0	194080.0	17.1	15.9	25.2	25.3
2013-10-22	2732821.0	440434.0	401420.0	1935002.0	2026391.0	286518.0	234143.0	17.3	15.7	25.8	25.1
2013-10-29	2771653.0	475023.0	377742.0	1936256.0	2087625.0	286135.0	232047.0	17.2	15.6	25.7	25.1
2013-11-05	2813333.0	490826.0	372775.0	1948697.0	2131051.0	292303.0	228000.0	16.5	15.0	24.6	24.4
2013-11-12	2811253.0	495540.0	393698.0	1970775.0	2102723.0	272022.0	241916.0	16.3	13.7	24.5	23.0
2013-11-19	2882916.0	458529.0	433858.0	2040008.0	2125237.0	296767.0	236209.0	15.5	13.0	23.8	22.0
2013-11-26	2864468.0	474461.0	414792.0	2036415.0	2139964.0	270627.0	226747.0	15.2	12.8	23.4	22.0
2013-12-03	2917291.0	486730.0	427286.0	2073248.0	2176644.0	268286.0	224334.0	14.5	12.6	22.1	21.7
2013-12-10	2947491.0	460077.0	430464.0	2086063.0	2185691.0	312437.0	242422.0	15.1	12.9	23.6	21.9
2013-12-17	3368625.0	462798.0	394388.0	2502719.0	2646997.0	278372.0	202504.0	13.7	13.3	21.2	21.1
2013-12-24	2750132.0	492660.0	399794.0	1955671.0	2070189.0	240561.0	218909.0	16.6	18.1	25.5	27.1
2014-01-07	2790363.0	528764.0	400871.0	1940869.0	2080757.0	242502.0	230507.0	16.0	18.3	24.7	27.7
2014-01-14	2885511.0	529839.0	431693.0	2030912.0	2150219.0	240151.0	218990.0	15.7	18.3	24.1	27.4
2014-01-21	2871444.0	469764.0	469111.0	2078523.0	2129965.0	248525.0	197736.0	15.4	19.4	24.0	28.7
2014-01-28	2912005.0	469031.0	482509.0	2043745.0	2165669.0	322428.0	187026.0	14.0	19.5	22.3	28.6
2014-02-04	2985967.0	497678.0	476031.0	2019240.0	2237528.0	386534.0	189893.0	13.4	19.0	21.3	28.1
2014-02-11	3078305.0	420738.0	546440.0	2124397.0	2238661.0	460245.0	220279.0	14.6	18.9	22.4	28.2
2014-02-18	3163772.0	424690.0	506721.0	2145610.0	2334328.0	512671.0	241922.0	14.1	19.1	22.0	28.2
2014-02-25	3190988.0	440541.0	487310.0	2121988.0	2391851.0	543765.0	227133.0	13.3	19.6	22.1	28.6
2014-03-04	3301075.0	466729.0	454711.0	2201480.0	2519932.0	544062.0	237628.0	13.0	18.8	22.5	27.7
2014-03-11	3368513.0	436503.0	503629.0	2268033.0	2529043.0	574112.0	245976.0	12.9	18.2	22.2	26.7
2014-03-18	3878357.0	486590.0	510985.0	2707847.0	2992949.0	557664.0	248167.0	11.7	16.6	19.8	23.8
2014-03-25	2801131.0	430228.0	429807.0	2031266.0	2071722.0	256783.0	216748.0	15.6	15.6	26.0	25.2
2014-04-01	2801019.0	451352.0	420522.0	1998981.0	2074759.0	272365.0	227417.0	15.1	15.4	24.0	25.2
2014-04-08	2760817.0	394799.0	428872.0	2018851.0	2051512.0	272698.0	205964.0	15.3	16.6	24.3	26.2
2014-04-15	2808434.0	399794.0	442192.0	2045824.0	2074825.0	289646.0	218247.0	15.5	16.8	23.3	26.3
2014-04-22	2793289.0	411997.0	455540.0	2028974.0	2050303.0	288717.0	223845.0	15.1	16.8	22.9	26.7
2014-04-29	2852227.0	429861.0	466493.0	2057660.0	2104757.0	297495.0	213766.0	14.6	16.2	22.2	25.9
2014-05-06	2851024.0	419492.0	480867.0	2070902.0	2070330.0	283389.0	222586.0	14.6	16.6	21.5	26.1
2014-05-13	2952843.0	439691.0	477571.0	2099241.0	2155939.0	330705.0	236127.0	14.4	16.7	21.1	26.0
2014-05-20	2964178.0	395342.0	529241.0	2138453.0	2130058.0	351704.0	226200.0	13.9	17.0	20.6	26.2
2014-05-27	3042386.0	433259.0	497025.0	2168076.0	2216558.0	365519.0	253271.0	14.0	16.8	20.6	26.2
2014-06-03	3090854.0	443186.0	523298.0	2190470.0	2238666.0	380545.0	252237.0	14.4	16.7	22.0	25.9
2014-06-10	3215901.0	404418.0	525443.0	2306347.0	2333616.0	419149.0	270855.0	14.2	15.5	21.7	23.9
2014-06-17	3542606.0	445496.0	542576.0	2581210.0	2651698.0	413664.0	246096.0	13.0	14.1	19.3	21.8
2014-06-24	2864180.0	402430.0	480874.0	2083599.0	2084233.0	304804.0	225726.0	16.7	17.7	24.7	26.5
2014-07-01	2941198.0	449442.0	489710.0	2089309.0	2153251.0	331811.0	227601.0	16.0	17.4	23.8	26.0
2014-07-08	2931095.0	420596.0	503657.0	2105196.0	2116321.0	327431.0	233245.0	15.8	17.6	23.2	26.1
2014-07-15	2937915.0	444576.0	457724.0	2110346.0	2160814.0	294978.0	231362.0	15.5	17.5	22.9	25.8
2014-07-22	2959472.0	456037.0	449518.0	2094075.0	2177368.0	314120.0	237346.0	15.4	17.4	22.7	26.0
2014-07-29	2972352.0	438338.0	473927.0	2119804.0	2177525.0	326194.0	232884.0	15.8	17.0	23.1	25.5
2014-08-05	2932157.0	462294.0	446222.0	2055175.0	2181482.0	341256.0	231021.0	15.3	16.6	22.9	25.1
2014-08-12	2959433.0	430483.0	463312.0	2085252.0	2205925.0	376332.0	222830.0	15.6	16.4	23.7	24.9
2014-08-19	3004564.0	426474.0	459284.0	2127862.0	2231011.0	377848.0	241889.0	15.7	15.8	23.7	24.1
2014-08-26	3027601.0	413390.0	444418.0	2156393.0	2259272.0	374548.0	240641.0	15.3	15.8	23.3	23.8
2014-09-02	3081045.0	421326.0	475432.0	2168303.0	2265797.0	400244.0	248644.0	15.1	15.5	22.8	23.3
2014-09-09	3245197.0	428439.0	452220.0	2291712.0	2437143.0	412120.0	242908.0	13.8	14.9	21.0	22.5
2014-09-16	3658403.0	485356.0	475260.0	2552036.0	2786004.0	491702.0	267830.0	12.6	14.1	19.2	21.4
2014-09-23	2799012.0	436289.0	460835.0	2043953.0	2027456.0	235649.0	227600.0	16.8	16.2	26.4	25.2
2014-09-30	2799895.0	455268.0	415295.0	2009511.0	2064387.0	245607.0	230704.0	16.9	15.4	25.7	24.7
2014-10-07	2775750.0	479335.0	437703.0	1978645.0	2021668.0	232038.0	230647.0	17.2	14.8	25.2	24.6
2014-10-14	2829396.0	508311.0	482377.0	1952574.0	2047844.0	284792.0	215456.0	17.1	15.4	25.1	24.5
2014-10-21	2829815.0	438780.0	501836.0	1935937.0	2028484.0	395965.0	240362.0	17.7	14.7	25.8	24.3
2014-10-28	2882162.0	456177.0	495447.0	1985654.0	2101387.0	386187.0	231184.0	18.1	14.8	26.1	23.9
2014-11-04	2879808.0	475468.0	522345.0	2010643.0	2067227.0	329074.0	225613.0	18.0	14.7	25.7	24.0
2014-11-11	2920705.0	489678.0	495110.0	2054344.0	2135593.0	307582.0	220901.0	17.8	14.8	25.3	24.0
2014-11-18	3024708.0	514438.0	487022.0	2136469.0	2244050.0	303737.0	223572.0	17.0	14.4	25.5	23.2
2014-11-25	3086154.0	507370.0	510799.0	2205060.0	2264457.0	301872.0	239046.0	16.6	14.0	25.1	22.7
2014-12-02	3111438.0	556057.0	513307.0	2203642.0	2298808.0	283849.0	231433.0	16.1	13.7	23.9	22.5
2014-12-09	3105541.0	508091.0	476654.0	2254899.0	2329594.0	270100.0	226842.0	16.3	13.8	23.7	22.4
2014-12-16	3295783.0	543993.0	435232.0	2367674.0	2492007.0	279215.0	263643.0	14.1	13.1	20.7	21.2
2014-12-23	2739124.0	470825.0	373824.0	1991477.0	2103050.0	222287.0	207715.0	17.5	14.5	25.8	25.4
2014-12-30	2750182.0	471831.0	339033.0	1986697.0	2123933.0	236010.0	231572.0	17.2	14.7	25.3	25.6
2015-01-06	2749558.0	501056.0	330512.0	1945140.0	2149014.0	246252.0	212922.0	17.0	15.4	25.0	26.3
2015-01-13	2714557.0	468642.0	352794.0	1931170.0	2088236.0	252107.0	210889.0	18.0	15.1	26.5	25.8
2015-01-20	2707586.0	452916.0	374259.0	1894762.0	2058701.0	295391.0	210109.0	17.7	15.1	26.2	25.4
2015-01-27	2701901.0	463276.0	385948.0	1902960.0	2045194.0	280192.0	215286.0	18.2	15.0	26.8	25.1
2015-02-03	2734995.0	480703.0	393476.0	1848959.0	2068150.0	354799.0	222835.0	17.9	14.8	26.9	24.6
2015-02-10	2791625.0	483142.0	385623.0	1867787.0	2129373.0	386224.0	222157.0	17.1	15.0	26.0	24.6
2015-02-17	2811472.0	467641.0	374612.0	1877186.0	2151699.0	399566.0	218082.0	16.0	15.4	24.9	24.9
2015-02-24	2886254.0	444251.0	420053.0	1942803.0	2170545.0	433804.0	230260.0	16.0	15.6	24.8	24.8
2015-03-03	2982284.0	466198.0	470363.0	1966464.0	2190089.0	464571.0	236781.0	15.2	15.1	23.3	24.1
2015-03-10	3181958.0	463992.0	516901.0	2044308.0	2344361.0	595279.0	242317.0	14.3	14.6	21.5	23.0
2015-03-17	3423320.0	410312.0	504225.0	2285479.0	2581558.0	626646.0	236654.0	13.7	13.9	20.4	22.2
2015-03-24	2631895.0	366729.0	410751.0	1861511.0	1910230.0	310529.0	217788.0	17.3	15.3	26.1	25.8
2015-03-31	2663980.0	390795.0	425830.0	1850347.0	1931813.0	341177.0	224676.0	16.9	15.1	25.3	25.9
2015-04-07	2671481.0	375182.0	423587.0	1847214.0	1938558.0	371274.0	231525.0	16.5	16.0	25.0	26.3
2015-04-14	2691356.0	374457.0	425016.0	1883860.0	1957667.0	359040.0	234674.0	16.8	16.3	25.7	26.3
2015-04-21	2716999.0	370350.0	418558.0	1877731.0	1977712.0	385100.0	236911.0	16.6	15.5	25.9	25.8
2015-04-28	2745013.0	382688.0	417277.0	1893416.0	1999219.0	380335.0	239943.0	16.7	15.2	26.3	25.1
2015-05-05	2745079.0	353205.0	432502.0	1885615.0	1973686.0	416327.0	248959.0	16.1	13.8	24.7	22.9
2015-05-12	2756816.0	351885.0	424656.0	1909908.0	1994284.0	401271.0	244124.0	16.5	13.8	25.0	22.4
2015-05-19	2770193.0	362382.0	393400.0	1928511.0	2014269.0	374904.0	258128.0	16.5	13.6	25.5	21.8
2015-05-26	2782314.0	348965.0	418185.0	1941399.0	2004755.0	389699.0	257123.0	16.6	13.4	24.8	21.7
2015-06-02	2849220.0	362278.0	387109.0	1995076.0	2114661.0	399438.0	255022.0	17.1	13.4	25.2	21.6
2015-06-09	2971541.0	351579.0	444381.0	2071214.0	2191893.0	465785.0	252304.0	15.1	12.9	22.8	21.0
2015-06-16	3213131.0	359995.0	444039.0	2184545.0	2394132.0	575440.0	281809.0	13.1	11.5	20.3	19.2
2015-06-23	2575407.0	331254.0	423439.0	1847639.0	1820690.0	317591.0	252355.0	15.3	13.8	25.0	22.5
2015-06-30	2641281.0	357634.0	491751.0	1857527.0	1835153.0	354462.0	242719.0	14.8	13.5	23.6	22.4
2015-07-07	2686827.0	328557.0	509021.0	1864400.0	1855382.0	430797.0	259351.0	15.0	13.4	23.2	22.4
2015-07-14	2630905.0	327058.0	462172.0	1853862.0	1841249.0	385472.0	262971.0	16.1	14.1	25.1	23.4
2015-07-21	2651956.0	356805.0	447312.0	1851024.0	1858579.0	368945.0	270883.0	15.5	13.5	25.4	22.9
2015-07-28	2705198.0	364155.0	457303.0	1899353.0	1915110.0	365309.0	256404.0	14.6	12.8	23.6	21.9
2015-08-04	2711872.0	360640.0	477289.0	1882311.0	1894564.0	393774.0	264872.0	13.4	12.3	22.1	20.8
2015-08-11	2779583.0	346560.0	508975.0	1931424.0	1917398.0	417758.0	269369.0	13.3	12.3	21.1	20.7
2015-08-18	2843824.0	352165.0	498752.0	1970227.0	1984289.0	428424.0	267775.0	13.1	12.1	20.9	20.0
2015-08-25	3147605.0	438027.0	513771.0	2026424.0	2257450.0	596355.0	289585.0	11.3	12.8	18.7	20.3
2015-09-01	3220963.0	398051.0	578557.0	2097199.0	2277676.0	655684.0	294701.0	13.3	11.9	22.0	18.5
2015-09-08	3282448.0	376080.0	603006.0	2120401.0	2319575.0	722647.0	296547.0	14.1	11.6	22.9	18.3
2015-09-15	3538131.0	346836.0	605736.0	2393356.0	2542800.0	706233.0	297889.0	14.4	10.6	22.7	17.2
2015-09-22	2885655.0	325575.0	565618.0	2055253.0	1975377.0	435191.0	275024.0	16.0	12.8	25.7	19.9
2015-09-29	2916818.0	333127.0	560702.0	2077954.0	2011823.0	425409.0	263965.0	15.9	13.0	25.8	19.9
2015-10-06	2931539.0	297560.0	575739.0	2142741.0	1985992.0	427164.0	305734.0	17.0	12.8	27.2	20.6
2015-10-13	2935847.0	300998.0	545412.0	2156609.0	2007475.0	400616.0	305336.0	17.5	12.3	28.1	19.8
2015-10-20	2978653.0	320754.0	580230.0	2203482.0	2018433.0	381564.0	307137.0	18.2	12.1	29.3	19.6
2015-10-27	2845888.0	345929.0	511968.0	2134461.0	1946955.0	289501.0	310968.0	19.6	11.8	29.7	18.7
2015-11-03	2860279.0	333999.0	491592.0	2186527.0	1959633.0	249683.0	318984.0	19.1	11.6	30.0	18.5
2015-11-10	2926441.0	336414.0	464188.0	2194358.0	2056871.0	298020.0	307733.0	18.2	12.0	29.2	19.2
2015-11-17	2875410.0	312786.0	438568.0	2135610.0	2035293.0	321747.0	296282.0	18.0	12.1	28.3	19.4
2015-11-24	2876955.0	317780.0	415835.0	2168030.0	2045421.0	288869.0	313423.0	17.2	12.1	27.6	19.0
2015-12-01	2906354.0	316333.0	412712.0	2202695.0	2073544.0	278448.0	311220.0	16.7	11.8	27.2	18.3
2015-12-08	2933232.0	321242.0	402087.0	2226077.0	2115123.0	261467.0	291576.0	15.9	11.6	25.8	18.1
2015-12-15	3144839.0	339645.0	414993.0	2298013.0	2225341.0	361454.0	358778.0	12.7	10.6	22.2	16.6
2015-12-22	2550333.0	307567.0	402786.0	1771511.0	1799518.0	383572.0	260346.0	15.3	12.3	24.8	19.9
2015-12-29	2506414.0	298004.0	395166.0	1772340.0	1754333.0	347251.0	268096.0	16.1	12.5	25.0	19.6
2016-01-05	2573728.0	312164.0	416335.0	1740588.0	1782462.0	423227.0	277182.0	14.9	12.9	23.7	20.2
2016-01-12	2745684.0	316285.0	478557.0	1857264.0	1893995.0	478554.0	279551.0	14.1	12.2	23.4	19.6
2016-01-19	2863447.0	340376.0	528912.0	1921757.0	1981208.0	514415.0	266428.0	14.0	11.5	23.8	19.1
2016-01-26	2899270.0	380557.0	512428.0	1955893.0	2019038.0	473930.0	278914.0	14.2	11.6	24.5	19.1
2016-02-02	2989501.0	355721.0	581626.0	2031332.0	2008894.0	508336.0	304869.0	14.6	11.5	24.9	18.6
2016-02-09	3067305.0	334857.0	569178.0	2083718.0	2109490.0	549479.0	289386.0	13.7	11.6	23.3	18.2
2016-02-16	3102033.0	376334.0	535139.0	2084985.0	2167738.0	553303.0	311745.0	13.8	11.7	22.6	18.5
2016-02-23	3092895.0	372637.0	580759.0	2062116.0	2081327.0	559487.0	332154.0	14.0	12.1	22.7	18.6
2016-03-01	3149871.0	379010.0	570432.0	2084090.0	2132694.0	586726.0	346700.0	13.3	12.9	22.0	19.5
2016-03-08	3271582.0	349357.0	555012.0	2188113.0	2272572.0	624679.0	334565.0	13.8	13.9	22.3	20.6
2016-03-15	3396546.0	364788.0	570733.0	2314424.0	2366935.0	598155.0	339699.0	13.3	13.4	21.4	20.2
2016-03-22	2820719.0	356773.0	503202.0	2119398.0	1891586.0	241743.0	323126.0	15.0	15.4	25.6	22.1
2016-03-29	2849125.0	374694.0	496791.0	2117923.0	1937844.0	264105.0	322087.0	14.7	15.3	24.8	22.3
2016-04-05	2867791.0	389193.0	493403.0	2113284.0	1948236.0	261074.0	321912.0	14.5	15.3	24.8	22.9
2016-04-12	2857883.0	380512.0	469973.0	2103333.0	1957986.0	262562.0	318448.0	14.4	15.2	24.1	22.7
2016-04-19	2874380.0	389847.0	455785.0	2138161.0	1956763.0	228625.0	344085.0	13.6	15.3	24.1	22.8
2016-04-26	2868896.0	428009.0	426549.0	2105895.0	1981037.0	240179.0	366497.0	13.6	14.9	23.6	23.1
2016-05-03	2811993.0	428832.0	418745.0	2043036.0	1942386.0	240293.0	351030.0	13.7	14.9	23.8	23.3
2016-05-10	2865334.0	446765.0	427089.0	2063245.0	1976602.0	248879.0	355198.0	13.5	14.6	23.3	22.7
2016-05-17	2850259.0	426661.0	435514.0	2082224.0	1981771.0	240504.0	332104.0	14.1	15.3	23.7	22.7
2016-05-24	2973946.0	529733.0	446311.0	2088721.0	2100695.0	264458.0	335906.0	13.5	14.9	22.7	22.9
2016-05-31	2989845.0	528450.0	484026.0	2100268.0	2076018.0	278068.0	346742.0	13.6	14.7	23.3	23.1
2016-06-07	3123389.0	486425.0	518190.0	2220540.0	2166636.0	328325.0	350464.0	13.3	14.1	23.1	23.0
2016-06-14	3341912.0	589717.0	471522.0	2236389.0	2345429.0	377540.0	386695.0	12.1	12.2	20.0	20.7
2016-06-21	2781212.0	509973.0	455153.0	1887630.0	1947197.0	303535.0	298788.0	13.9	14.6	21.9	22.0
2016-06-28	2950885.0	506355.0	444424.0	2016153.0	2090478.0	346324.0	333930.0	12.1	14.2	19.9	21.6
2016-07-05	3003946.0	524300.0	484429.0	2035651.0	2084765.0	350754.0	341511.0	13.5	15.6	21.7	23.3
2016-07-12	2969096.0	555734.0	485063.0	1977612.0	2058882.0	346647.0	336048.0	13.4	15.5	21.8	22.0
2016-07-19	2966710.0	616984.0	470752.0	1925951.0	2065661.0	331196.0	337718.0	14.4	15.3	22.7	22.0
2016-07-26	2963940.0	626042.0	463960.0	1924786.0	2077883.0	323637.0	332622.0	13.7	15.1	22.1	22.5
2016-08-02	2943229.0	600484.0	489234.0	1949408.0	2028456.0	308670.0	340872.0	13.2	14.8	20.9	21.7
2016-08-09	2920958.0	579965.0	479270.0	1965257.0	2025521.0	281684.0	322115.0	13.9	14.7	22.5	22.0
2016-08-16	2942915.0	611000.0	456989.0	1959106.0	2054894.0	279270.0	337493.0	14.0	14.5	22.0	22.0
2016-08-23	3004043.0	666470.0	474100.0	1981765.0	2084239.0	266877.0	356773.0	13.6	13.9	21.8	21.4
2016-08-30	3052142.0	676562.0	476507.0	2029465.0	2110464.0	254566.0	373622.0	12.7	13.6	20.8	20.9
2016-09-06	3151038.0	668701.0	485068.0	2116987.0	2181765.0	261854.0	380709.0	12.2	13.3	19.8	20.6
2016-09-13	3514714.0	623044.0	529502.0	2413414.0	2490314.0	357243.0	373885.0	10.2	11.6	16.7	18.0
2016-09-20	2898741.0	536166.0	440713.0	1994071.0	2059169.0	283603.0	313958.0	13.0	15.4	21.4	24.2
2016-09-27	2887362.0	530452.0	470323.0	1991289.0	2017067.0	285157.0	319508.0	12.8	15.8	21.1	24.3
2016-10-04	2925178.0	533493.0	488358.0	1998552.0	2037409.0	324793.0	331071.0	12.3	15.8	20.0	24.0
2016-10-11	2944782.0	501312.0	535145.0	1992244.0	2020100.0	379831.0	318142.0	12.3	16.0	20.0	23.7
2016-10-18	2946199.0	512423.0	489391.0	1986527.0	2071300.0	374040.0	312299.0	12.1	17.4	20.2	25.2
2016-10-25	3000750.0	499073.0	520543.0	2061295.0	2083690.0	367025.0	323160.0	12.4	17.0	20.1	24.8
2016-11-01	2986724.0	490171.0	510898.0	2003364.0	2060328.0	398684.0	320993.0	11.6	16.9	18.4	24.2
2016-11-08	2930959.0	484483.0	487830.0	1979957.0	2044646.0	370589.0	302553.0	11.5	17.2	18.6	24.4
2016-11-15	2913769.0	461133.0	475057.0	2004836.0	2031118.0	361287.0	321081.0	12.8	17.3	20.2	24.5
2016-11-22	3036641.0	463719.0	534167.0	2112378.0	2092163.0	370815.0	320582.0	13.5	17.1	21.1	24.7
2016-11-29	3081271.0	459497.0	598768.0	2189975.0	2108057.0	356367.0	299014.0	13.6	17.1	21.3	24.4
2016-12-06	3051926.0	422175.0	555467.0	2167162.0	2093804.0	377431.0	317497.0	12.5	17.4	20.7	24.8
2016-12-13	3389480.0	452172.0	570881.0	2396908.0	2320006.0	433058.0	391251.0	11.6	15.7	19.3	22.2
2016-12-20	2757555.0	399972.0	434877.0	2061251.0	1976801.0	233484.0	283029.0	14.3	20.5	24.0	27.5
2016-12-27	2754179.0	425301.0	415593.0	2030801.0	1981111.0	236433.0	295831.0	13.8	21.1	23.1	28.1
2017-01-03	2812086.0	473023.0	391607.0	2021109.0	2043965.0	245042.0	303602.0	14.0	20.6	22.5	27.5
2017-01-10	2831782.0	451412.0	430027.0	2059337.0	2049972.0	242821.0	273571.0	14.6	19.1	23.5	26.1
2017-01-17	2810749.0	450996.0	415665.0	2032122.0	2029506.0	250548.0	288495.0	14.7	17.3	23.9	24.1
2017-01-24	2869436.0	480582.0	407679.0	2032991.0	2105973.0	284094.0	284015.0	13.6	16.5	22.6	23.3
2017-01-31	2839486.0	486150.0	415317.0	2035062.0	2063746.0	243056.0	285205.0	13.2	16.4	22.4	22.9
