2005-01-04	13230.0	1802.0	140.0	8406.0	11890.0	3022.0	1200.0	25.9	43.7	44.2	68.8
2005-01-11	13071.0	1927.0	0.0	8413.0	12023.0	2731.0	1048.0	25.9	44.1	44.0	69.5
2005-01-18	12957.0	2055.0	0.0	8145.0	12111.0	2757.0	846.0	26.2	44.5	44.4	72.4
2005-01-25	13021.0	1390.0	0.0	6410.0	11629.0	5221.0	1392.0	26.3	44.2	43.3	72.5
2005-02-01	13084.0	1399.0	0.0	5783.0	11710.0	5902.0	1374.0	26.5	44.1	41.2	72.2
2005-02-08	13338.0	1769.0	0.0	5907.0	11829.0	5662.0	1509.0	25.5	43.3	39.8	70.6
2005-02-15	13305.0	1607.0	0.0	5840.0	11747.0	5858.0	1558.0	25.8	46.3	40.2	73.7
2005-02-22	13321.0	1610.0	240.0	5998.0	11525.0	5713.0	1556.0	26.1	46.5	40.5	74.3
2005-03-01	13913.0	1567.0	523.0	6836.0	11712.0	5454.0	1622.0	23.9	44.3	37.9	70.7
2005-03-08	15358.0	1795.0	478.0	7128.0	12397.0	5818.0	1866.0	21.5	40.1	34.2	64.0
2005-03-15	19787.0	2710.0	608.0	8878.0	14671.0	6912.0	3221.0	17.1	31.3	27.5	50.2
2005-03-22	11705.0	1464.0	2113.0	6069.0	8536.0	4172.0	1056.0	27.6	39.3	44.5	68.3
2005-03-29	11750.0	725.0	2015.0	6619.0	8687.0	4406.0	1048.0	28.2	40.5	45.0	65.0
2005-04-05	11761.0	725.0	1573.0	6418.0	8834.0	4618.0	1354.0	28.5	40.3	45.0	64.4
2005-04-12	11789.0	725.0	1273.0	6040.0	9021.0	5024.0	1495.0	28.2	40.2	44.2	65.8
2005-04-19	11814.0	725.0	1271.0	5797.0	9292.0	5292.0	1251.0	28.1	40.1	43.9	65.7
2005-04-26	11848.0	725.0	1238.0	5444.0	9263.0	5679.0	1347.0	28.4	39.7	43.9	65.3
2005-05-03	11741.0	725.0	1232.0	5827.0	9263.0	5189.0	1246.0	28.4	40.1	44.5	65.8
2005-05-10	11837.0	725.0	1429.0	5388.0	9263.0	5724.0	1145.0	27.5	39.8	43.5	65.3
2005-05-17	11683.0	725.0	1509.0	5345.0	9276.0	5613.0	898.0	27.7	40.3	43.5	66.2
2005-05-24	11515.0	725.0	1306.0	5426.0	9871.0	5364.0	338.0	28.0	40.9	44.0	67.1
2005-05-31	12144.0	725.0	1281.0	5920.0	9592.0	5480.0	1252.0	26.6	36.6	41.9	59.0
2005-06-07	15651.0	1011.0	3707.0	8851.0	10698.0	5758.0	1215.0	36.1	43.0	47.8	66.6
2005-06-14	16980.0	1011.0	3759.0	9329.0	11353.0	6527.0	1755.0	33.0	39.6	43.3	60.5
2005-06-21	11771.0	725.0	205.0	6327.0	10544.0	4719.0	1022.0	27.6	38.9	42.1	67.6
2005-06-28	12205.0	960.0	224.0	6510.0	10949.0	4735.0	1032.0	26.2	37.6	40.8	65.3
2005-07-05	12442.0	1272.0	358.0	6466.0	10962.0	4704.0	1122.0	25.3	36.8	39.8	63.9
2005-07-12	12270.0	1060.0	353.0	6525.0	10957.0	4685.0	960.0	26.0	37.4	40.7	64.8
2005-07-19	12266.0	1060.0	337.0	6543.0	10960.0	4663.0	969.0	26.0	37.4	40.9	64.9
2005-07-26	12425.0	1466.0	494.0	6803.0	11087.0	4156.0	844.0	26.1	36.9	40.2	64.1
2005-08-02	12341.0	1279.0	452.0	7027.0	10927.0	4035.0	962.0	27.0	36.8	40.7	64.1
2005-08-09	12198.0	1053.0	0.0	6930.0	10552.0	4215.0	1646.0	27.1	38.3	41.1	64.6
2005-08-16	12323.0	1053.0	0.0	6439.0	10551.0	4831.0	1772.0	27.3	37.9	41.2	64.0
2005-08-23	12331.0	1259.0	0.0	6428.0	10555.0	4644.0	1776.0	27.3	37.9	41.2	63.9
2005-09-06	13498.0	1439.0	530.0	7579.0	10344.0	4480.0	2624.0	25.4	34.2	38.0	57.9
2005-09-13	20314.0	1151.0	427.0	13208.0	15794.0	5450.0	3588.0	16.4	22.7	25.2	38.8
2005-09-20	12501.0	1551.0	427.0	6556.0	11128.0	4394.0	946.0	26.6	47.6	41.5	66.3
2005-09-27	12621.0	1786.0	427.0	6992.0	11469.0	3843.0	725.0	25.5	49.4	40.6	68.0
2005-10-04	12780.0	1940.0	427.0	6660.0	11324.0	4180.0	1029.0	25.0	48.9	38.9	68.6
2005-10-11	12792.0	1191.0	427.0	6807.0	11278.0	4794.0	1087.0	25.2	48.1	39.5	67.7
2005-10-18	12943.0	1239.0	688.0	6808.0	11133.0	4896.0	1122.0	25.2	46.5	39.4	65.8
2005-10-25	12938.0	1242.0	661.0	6807.0	11133.0	4889.0	1144.0	25.4	46.5	39.4	65.8
2005-11-01	13103.0	1323.0	661.0	6458.0	11221.0	5322.0	1221.0	25.5	46.5	40.6	65.5
2005-11-08	13198.0	1277.0	649.0	6676.0	11318.0	5245.0	1231.0	25.8	46.2	41.7	65.8
2005-11-15	12979.0	1282.0	649.0	6367.0	11157.0	5330.0	1173.0	26.1	46.9	40.2	67.1
2005-11-22	12914.0	1277.0	649.0	6284.0	11021.0	5353.0	1244.0	26.3	47.2	40.2	67.5
2005-11-29	12804.0	1497.0	866.0	6041.0	10936.0	5266.0	1002.0	27.3	47.6	41.4	67.6
2005-12-06	15065.0	1738.0	1180.0	7558.0	12559.0	5704.0	1261.0	23.4	39.8	35.2	58.5
2005-12-13	17285.0	1768.0	1486.0	8108.0	14050.0	7368.0	1708.0	20.3	34.4	30.9	54.8
2005-12-20	12122.0	1624.0	1052.0	5744.0	10070.0	4754.0	1000.0	29.4	52.7	44.4	74.5
2005-12-27	12178.0	2022.0	1052.0	5774.0	10008.0	4382.0	1118.0	29.1	52.4	44.9	73.2
2006-01-03	12263.0	1982.0	1052.0	5775.0	10163.0	4506.0	1048.0	28.9	52.1	44.2	73.8
2006-01-10	12123.0	2010.0	1052.0	5821.0	10165.0	4292.0	906.0	29.4	54.1	45.0	77.0
2006-01-17	12156.0	1995.0	1052.0	5801.0	10165.0	4360.0	939.0	29.4	54.0	44.9	76.8
2006-01-24	12230.0	1973.0	1052.0	6060.0	10165.0	4197.0	1013.0	29.5	53.6	46.5	76.4
2006-01-31	11784.0	1927.0	733.0	6078.0	9911.0	3779.0	1140.0	31.8	52.4	49.4	76.0
2006-02-07	11981.0	2049.0	733.0	5917.0	10038.0	4015.0	1210.0	31.6	51.5	48.8	74.7
2006-02-14	11897.0	2476.0	733.0	5754.0	10011.0	3667.0	1153.0	30.6	51.9	47.9	75.0
2006-02-21	11961.0	2472.0	733.0	5808.0	10238.0	3681.0	990.0	31.7	51.6	48.9	73.6
2006-02-28	12112.0	2500.0	733.0	5885.0	10238.0	3727.0	1141.0	31.8	51.0	49.1	72.7
2006-03-07	13088.0	2402.0	733.0	6403.0	10891.0	4254.0	1435.0	29.6	47.2	46.2	67.3
2006-03-14	14716.0	2199.0	705.0	7611.0	12210.0	4906.0	1801.0	26.5	41.1	40.5	61.4
2006-03-21	11132.0	1901.0	705.0	5815.0	9211.0	3416.0	1216.0	33.8	43.4	50.4	67.7
2006-03-28	11156.0	1955.0	705.0	5818.0	8905.0	3383.0	1546.0	31.7	43.3	48.3	67.5
2006-04-04	11091.0	1954.0	705.0	5545.0	8845.0	3592.0	1541.0	31.8	43.2	48.8	67.6
2006-04-11	10901.0	1948.0	705.0	5575.0	8766.0	3378.0	1430.0	32.7	43.3	49.9	68.0
2006-04-18	11009.0	1991.0	705.0	5591.0	8655.0	3427.0	1649.0	32.5	42.8	50.0	67.4
2006-04-25	11039.0	1947.0	705.0	5539.0	8659.0	3553.0	1675.0	31.9	42.7	49.1	67.2
2006-05-02	11319.0	1961.0	705.0	5609.0	8626.0	3749.0	1988.0	31.7	41.7	48.4	65.6
2006-05-09	10838.0	1838.0	705.0	5062.0	8626.0	3938.0	1507.0	33.0	43.5	47.5	68.5
2006-05-16	10917.0	2082.0	705.0	5091.0	8627.0	3744.0	1585.0	33.0	43.2	49.5	67.7
2006-05-23	10695.0	1854.0	705.0	5126.0	8699.0	3715.0	1291.0	33.6	44.0	49.2	69.1
2006-05-30	10601.0	1855.0	705.0	5000.0	8642.0	3746.0	1254.0	32.9	43.9	49.3	69.2
2006-06-06	10850.0	1560.0	705.0	5460.0	8714.0	3805.0	1406.0	32.4	42.9	48.1	67.4
2006-06-13	12717.0	1979.0	705.0	6226.0	10414.0	4116.0	1202.0	31.1	36.5	46.6	60.9
2006-07-11	9134.0	1383.0	705.0	4265.0	7275.0	3486.0	1154.0	39.3	47.1	55.1	75.5
2006-07-18	9314.0	1381.0	705.0	4265.0	7275.0	3668.0	1334.0	38.6	46.2	54.0	74.0
2006-07-25	9435.0	1339.0	705.0	4260.0	7279.0	3836.0	1451.0	38.0	42.7	52.8	70.2
2006-08-01	9494.0	622.0	0.0	4971.0	7984.0	3901.0	1510.0	37.6	42.4	52.3	69.7
2006-08-08	9553.0	700.0	0.0	4983.0	8084.0	3870.0	1469.0	37.6	42.2	53.0	69.3
2006-08-15	9729.0	700.0	0.0	4994.0	8173.0	4035.0	1556.0	37.0	42.3	52.1	69.0
2006-08-22	9736.0	355.0	0.0	4999.0	8210.0	4382.0	1526.0	37.0	42.4	50.9	69.3
2006-08-29	9833.0	611.0	217.0	4994.0	8067.0	4228.0	1549.0	36.6	43.0	50.7	69.7
2006-09-05	9978.0	759.0	0.0	4971.0	7886.0	4248.0	2092.0	36.3	40.4	51.7	66.9
2006-09-12	11871.0	387.0	0.0	6352.0	9175.0	5132.0	2696.0	30.5	33.9	42.1	55.4
2006-10-17	8361.0	601.0	0.0	4449.0	6524.0	3311.0	1837.0	39.6	42.8	54.7	66.7
2006-10-24	8536.0	749.0	0.0	4477.0	6865.0	3310.0	1671.0	38.6	50.0	54.8	69.3
2006-10-31	9149.0	842.0	0.0	5190.0	6799.0	3117.0	2350.0	36.0	44.8	52.1	58.8
2006-11-07	9372.0	831.0	0.0	5313.0	6794.0	3228.0	2578.0	32.5	41.8	48.9	57.3
2006-11-14	9305.0	961.0	0.0	5530.0	6692.0	2814.0	2613.0	34.0	44.0	50.9	64.0
2006-11-21	10411.0	992.0	0.0	5964.0	7873.0	3455.0	2538.0	31.0	48.9	46.8	66.8
2006-11-28	10339.0	1009.0	0.0	5956.0	7626.0	3374.0	2713.0	31.2	46.8	47.1	64.8
2006-12-05	11021.0	991.0	0.0	6173.0	7826.0	3857.0	3195.0	29.2	43.9	44.1	60.8
2006-12-12	12247.0	1136.0	267.0	6024.0	8745.0	4883.0	3031.0	20.1	39.5	33.1	55.8
2007-01-03	7478.0	1289.0	0.0	3379.0	5369.0	2810.0	2109.0	33.4	49.0	50.7	66.6
2007-01-09	7693.0	1277.0	0.0	3658.0	5734.0	2758.0	1959.0	32.5	47.6	49.5	66.9
2007-01-16	7772.0	1238.0	0.0	3656.0	5877.0	2878.0	1895.0	31.7	47.2	48.5	65.2
2007-01-23	7873.0	1027.0	0.0	3861.0	5612.0	2982.0	2258.0	35.9	46.6	51.0	63.8
2007-01-30	7998.0	1403.0	0.0	3848.0	5612.0	2744.0	2383.0	35.4	45.8	51.8	62.8
2007-02-06	7952.0	1432.0	0.0	3856.0	5613.0	2661.0	2336.0	36.4	46.1	52.7	63.2
2007-02-13	8221.0	1428.0	0.0	3880.0	5748.0	2910.0	2470.0	35.4	44.6	51.2	62.5
2007-02-20	8208.0	1407.0	0.0	3864.0	5746.0	2937.0	2462.0	35.1	44.7	50.9	62.6
2007-02-27	8230.0	1343.0	0.0	4043.0	5889.0	2844.0	2341.0	33.3	44.5	49.1	62.4
2007-03-06	7879.0	987.0	0.0	3841.0	5704.0	3051.0	2175.0	34.8	43.4	49.9	62.8
2007-03-13	9833.0	1028.0	0.0	5533.0	7755.0	3272.0	2078.0	28.6	32.8	40.8	49.0
2007-03-20	7360.0	920.0	0.0	3874.0	6146.0	2566.0	1214.0	37.3	55.0	55.3	77.7
2007-03-27	7454.0	968.0	0.0	4103.0	6146.0	2383.0	1308.0	38.1	54.3	55.6	76.8
2007-04-03	7388.0	1021.0	0.0	3968.0	5457.0	2399.0	1931.0	39.0	51.6	56.6	69.8
2007-04-10	7717.0	1060.0	0.0	4208.0	5748.0	2449.0	1969.0	38.1	52.1	54.9	69.5
2007-04-17	7911.0	1065.0	0.0	4200.0	5683.0	2646.0	2228.0	34.1	50.0	52.5	67.0
2007-04-24	8322.0	1031.0	0.0	4677.0	6150.0	2614.0	2172.0	32.1	53.1	50.8	69.3
2007-05-01	8937.0	917.0	0.0	5249.0	6598.0	2714.0	2282.0	32.9	49.4	51.0	65.6
2007-05-08	8705.0	918.0	0.0	5310.0	6600.0	2477.0	2105.0	34.5	50.8	53.0	67.4
2007-05-15	9294.0	919.0	0.0	5934.0	7165.0	2441.0	2129.0	39.0	48.1	56.4	69.0
2007-05-22	9563.0	909.0	0.0	5939.0	7255.0	2715.0	2308.0	37.6	47.5	54.5	67.8
2007-05-29	9348.0	908.0	0.0	5869.0	7255.0	2571.0	2093.0	37.8	48.6	55.0	69.3
2007-06-05	9650.0	891.0	0.0	6144.0	7203.0	2615.0	2447.0	37.2	47.0	53.8	65.9
2007-06-12	11882.0	953.0	0.0	7666.0	8626.0	3263.0	3256.0	30.4	38.2	44.1	53.4
2007-08-07	6468.0	351.0	286.0	3340.0	4645.0	2777.0	1537.0	28.7	42.5	46.3	61.8
2007-09-18	9777.0	340.0	234.0	4206.0	5361.0	5002.0	3953.0	20.2	29.9	31.2	42.0
2008-03-18	10556.0	252.0	1657.0	7885.0	6513.0	2183.0	2150.0	51.9	52.6	63.3	71.0
