2005-01-04	63620.0	14027.0	10587.0	27226.0	44600.0	22227.0	8293.0	18.2	43.8	27.7	55.9
2005-01-11	72140.0	12819.0	14275.0	31984.0	49244.0	27186.0	8470.0	16.4	37.5	23.3	49.3
2005-01-18	74610.0	8240.0	14642.0	33629.0	51060.0	32423.0	8590.0	15.8	37.0	22.2	50.3
2005-01-25	76455.0	6908.0	15306.0	32111.0	49339.0	37270.0	11644.0	15.9	36.3	22.8	51.5
2005-02-01	75187.0	7326.0	15740.0	31982.0	49513.0	35527.0	9582.0	17.4	41.5	25.7	56.3
2005-02-08	78723.0	5630.0	16247.0	33422.0	50426.0	39528.0	11907.0	17.7	42.1	24.9	55.9
2005-02-15	79272.0	6543.0	17384.0	33780.0	50143.0	38719.0	11515.0	17.5	43.9	24.7	55.8
2005-02-22	87138.0	4644.0	19431.0	36813.0	53561.0	45493.0	13958.0	19.0	41.9	27.2	54.6
2005-03-01	89809.0	4519.0	20074.0	40556.0	57614.0	44734.0	12121.0	19.0	41.9	26.6	54.6
2005-03-08	85610.0	4969.0	13344.0	45062.0	60504.0	34759.0	10942.0	23.4	38.8	30.8	49.3
2005-03-15	103755.0	4225.0	17342.0	54475.0	70392.0	41208.0	12174.0	18.0	28.2	24.2	38.5
2005-03-22	53688.0	5141.0	17734.0	34243.0	27103.0	14304.0	8851.0	29.0	24.3	38.6	37.5
2005-03-29	55775.0	3986.0	17416.0	36052.0	27784.0	15732.0	10570.0	31.3	25.1	40.9	40.0
2005-04-05	53645.0	4539.0	15658.0	36304.0	27224.0	12797.0	10758.0	32.3	24.8	42.3	38.7
2005-04-12	52398.0	4215.0	16845.0	36184.0	26563.0	11995.0	8986.0	33.2	25.1	43.5	40.5
2005-04-19	57727.0	5332.0	18378.0	35953.0	26019.0	16397.0	13285.0	30.4	21.4	39.6	36.7
2005-04-26	60963.0	6844.0	20407.0	35894.0	27784.0	18224.0	12771.0	29.2	24.3	38.1	38.3
2005-05-03	58203.0	4790.0	19164.0	35884.0	27382.0	17524.0	11652.0	31.5	24.1	40.7	37.8
2005-05-10	57829.0	4502.0	18228.0	35390.0	28670.0	17931.0	10925.0	31.6	24.6	40.9	39.7
2005-05-17	58332.0	4689.0	20372.0	38831.0	27286.0	14806.0	10668.0	36.8	24.2	46.4	38.3
2005-05-24	54457.0	7570.0	17683.0	37032.0	25515.0	9848.0	11252.0	38.9	26.8	49.6	41.5
2005-05-31	55678.0	9403.0	12967.0	36521.0	25724.0	9752.0	16985.0	37.8	23.0	49.5	34.5
2005-06-07	56595.0	9257.0	11473.0	36234.0	26450.0	11060.0	18628.0	35.5	21.7	47.1	32.4
2005-06-14	75607.0	8969.0	11637.0	43768.0	36571.0	21042.0	25571.0	24.2	16.3	31.9	23.1
2005-06-21	44859.0	8356.0	7413.0	21740.0	29267.0	14683.0	8099.0	20.3	35.3	30.0	47.2
2005-06-28	49441.0	6784.0	8101.0	25688.0	32764.0	16969.0	8576.0	20.1	35.0	30.5	49.6
2005-07-05	50039.0	6882.0	8066.0	25556.0	32793.0	17601.0	9180.0	20.3	35.4	30.8	50.4
2005-07-12	50381.0	6449.0	8785.0	26347.0	32795.0	17585.0	8801.0	19.8	36.4	30.6	51.9
2005-07-19	47712.0	7370.0	7104.0	26167.0	31857.0	14175.0	8751.0	21.0	35.4	32.0	49.6
2005-07-26	49334.0	6852.0	8617.0	26948.0	32606.0	15534.0	8111.0	20.3	34.3	30.7	48.4
2005-08-02	49222.0	6680.0	7552.0	27461.0	32784.0	14626.0	8431.0	20.4	34.7	31.0	48.8
2005-08-09	48286.0	7168.0	8624.0	27063.0	31729.0	14055.0	7933.0	22.4	34.0	33.3	48.4
2005-08-16	53953.0	7176.0	10882.0	29279.0	34410.0	17498.0	8661.0	21.6	33.0	31.6	46.0
2005-08-23	56853.0	6240.0	13600.0	30653.0	34455.0	19960.0	8798.0	20.5	29.9	29.9	43.2
2005-09-06	58349.0	6426.0	16274.0	34296.0	33506.0	17611.0	8553.0	24.2	24.7	33.3	40.9
2005-09-13	76760.0	7184.0	17581.0	50199.0	47000.0	18246.0	11048.0	22.2	19.8	30.5	34.2
2005-09-20	51728.0	5820.0	11790.0	30614.0	32899.0	15294.0	7039.0	28.5	28.7	37.6	43.8
2005-09-27	56422.0	5518.0	12776.0	29878.0	34721.0	20783.0	8682.0	24.6	24.5	32.8	40.4
2005-10-04	56366.0	9452.0	9622.0	28581.0	35546.0	17135.0	10000.0	25.9	23.6	35.2	39.0
2005-10-11	59669.0	7327.0	12239.0	29996.0	36905.0	21342.0	9521.0	24.9	25.0	33.8	39.9
2005-10-18	64079.0	8104.0	16076.0	33849.0	38919.0	22126.0	9084.0	29.0	28.3	37.8	42.9
2005-10-25	62890.0	9011.0	13154.0	33392.0	39280.0	19733.0	9702.0	29.1	28.5	38.1	42.0
2005-11-01	62439.0	8818.0	13591.0	33559.0	39692.0	20062.0	9156.0	29.5	30.0	38.5	43.7
2005-11-08	62037.0	11070.0	13146.0	33637.0	37908.0	17274.0	10927.0	28.4	26.0	39.6	42.2
2005-11-15	59145.0	14157.0	12487.0	33476.0	36563.0	11512.0	10095.0	28.9	27.9	40.7	43.1
2005-11-22	58829.0	14517.0	14620.0	35468.0	31987.0	8826.0	12204.0	28.6	26.0	41.4	39.4
2005-11-29	58445.0	15099.0	13898.0	34124.0	34811.0	9222.0	9736.0	30.7	28.6	43.1	43.3
2005-12-06	60858.0	16212.0	8525.0	33784.0	38244.0	10662.0	13889.0	25.8	20.9	37.9	33.9
2005-12-13	83821.0	15803.0	9303.0	53296.0	56849.0	11054.0	14001.0	18.6	16.1	27.9	25.8
2005-12-20	54376.0	14418.0	7800.0	28052.0	40648.0	11906.0	5928.0	36.1	36.3	45.9	52.9
2005-12-27	55255.0	14032.0	8349.0	28224.0	40374.0	12713.0	6246.0	35.2	33.9	44.2	49.6
2006-01-03	58601.0	14194.0	10155.0	27640.0	42163.0	16471.0	5987.0	33.6	33.1	42.0	48.9
2006-01-10	59775.0	16078.0	8025.0	31802.0	44589.0	11469.0	6735.0	30.3	35.0	43.0	50.5
2006-01-17	60410.0	18497.0	8195.0	31078.0	45273.0	10176.0	6283.0	30.6	35.6	43.1	51.3
2006-01-24	61623.0	17055.0	8543.0	29543.0	46192.0	14749.0	6612.0	28.6	36.3	39.7	53.6
2006-01-31	62762.0	16791.0	9516.0	30457.0	45883.0	15248.0	7097.0	28.5	35.6	39.3	51.6
2006-02-07	61046.0	14547.0	9091.0	30230.0	44693.0	16117.0	7110.0	25.1	37.6	37.4	51.8
2006-02-14	60909.0	12946.0	8775.0	31092.0	45496.0	16591.0	6358.0	24.5	35.7	35.4	51.8
2006-02-21	65403.0	13064.0	8709.0	31775.0	49991.0	20284.0	6423.0	25.0	32.5	34.6	51.1
2006-02-28	68475.0	13515.0	8325.0	34147.0	52674.0	20557.0	7220.0	24.1	30.7	33.3	48.0
2006-03-07	74882.0	13278.0	9188.0	38009.0	55687.0	22655.0	9067.0	23.8	27.4	32.0	43.8
2006-03-14	90832.0	12183.0	9239.0	46917.0	65427.0	27916.0	12350.0	21.0	22.6	27.6	36.7
2006-03-21	56187.0	16051.0	10810.0	30718.0	35705.0	9366.0	9620.0	39.9	34.5	51.1	48.8
2006-03-28	56451.0	15758.0	11193.0	32287.0	36479.0	8300.0	8673.0	41.5	34.7	52.6	49.9
2006-04-04	59732.0	16926.0	12184.0	33036.0	35450.0	9608.0	11936.0	39.9	31.3	51.3	45.9
2006-04-11	59672.0	16707.0	12068.0	33109.0	36080.0	9633.0	11301.0	39.1	30.4	50.9	44.4
2006-04-18	59903.0	16162.0	12077.0	33641.0	36092.0	9903.0	11537.0	39.1	31.4	50.9	46.4
2006-04-25	62058.0	16629.0	11685.0	35424.0	38584.0	9819.0	11603.0	39.4	31.4	50.8	45.9
2006-05-02	62761.0	14723.0	11875.0	38275.0	39598.0	9572.0	11097.0	41.3	32.5	52.0	44.6
2006-05-09	63735.0	15248.0	9520.0	37039.0	40502.0	11283.0	13548.0	41.0	30.7	50.8	42.6
2006-05-16	63214.0	13987.0	11768.0	38003.0	43628.0	11221.0	7815.0	42.9	36.0	52.8	48.2
2006-05-23	68692.0	13158.0	15540.0	42709.0	45610.0	12732.0	7449.0	38.9	37.1	48.2	50.1
2006-05-30	69570.0	11799.0	15230.0	42285.0	47187.0	15383.0	7050.0	36.5	38.3	46.5	52.1
2006-06-06	76676.0	10103.0	16844.0	46254.0	51264.0	18722.0	6971.0	34.0	35.8	43.1	49.9
2006-06-13	82774.0	8451.0	13957.0	47147.0	51194.0	24311.0	14758.0	29.5	30.7	37.1	41.0
2006-06-20	50710.0	8783.0	14999.0	36347.0	27120.0	5556.0	8567.0	43.5	24.3	57.7	39.7
2006-06-27	51691.0	8030.0	14229.0	36312.0	27534.0	7307.0	9886.0	43.5	22.9	57.5	39.2
2006-07-03	52018.0	7719.0	12083.0	37162.0	25001.0	7099.0	14896.0	43.2	23.8	57.1	38.7
2006-07-11	51193.0	7743.0	14736.0	36279.0	28029.0	7143.0	8400.0	43.9	25.2	58.4	44.6
2006-07-18	54901.0	10178.0	14653.0	35669.0	30664.0	9027.0	9557.0	41.2	24.8	55.5	43.8
2006-07-25	56675.0	10533.0	15629.0	36717.0	30295.0	9382.0	10708.0	42.5	24.4	55.7	41.0
2006-08-01	55500.0	6277.0	15582.0	40290.0	33629.0	8891.0	6247.0	43.1	25.7	56.6	44.4
2006-08-08	59058.0	7102.0	18108.0	40770.0	34297.0	11129.0	6596.0	39.6	25.3	53.0	43.5
2006-08-15	58943.0	7332.0	13132.0	42084.0	33817.0	9485.0	11952.0	37.7	24.4	51.0	39.5
2006-08-22	59124.0	8202.0	13804.0	41736.0	31608.0	8930.0	13456.0	37.6	28.9	50.0	42.0
2006-08-29	56781.0	8208.0	14384.0	39340.0	28706.0	8977.0	13435.0	37.3	30.2	50.3	43.6
2006-09-05	56572.0	8570.0	13833.0	39235.0	28332.0	8724.0	14364.0	37.4	30.3	51.3	44.2
2006-09-12	66991.0	7460.0	12882.0	44124.0	35850.0	13426.0	16278.0	33.9	23.6	42.5	36.8
2006-09-19	48529.0	8257.0	12939.0	26816.0	27374.0	13456.0	8216.0	38.4	38.0	47.8	50.3
2006-09-26	47311.0	7608.0	12500.0	28599.0	27294.0	11104.0	7517.0	40.9	40.7	51.2	52.6
2006-10-03	47064.0	6424.0	13128.0	29508.0	27491.0	11132.0	6445.0	41.9	41.5	51.4	53.5
2006-10-10	53172.0	11939.0	12952.0	33618.0	29101.0	7615.0	11119.0	41.7	40.4	54.9	52.8
2006-10-17	53727.0	11078.0	12567.0	34458.0	28404.0	8188.0	12753.0	41.5	39.2	54.5	50.7
2006-10-24	54585.0	10887.0	8617.0	34526.0	32195.0	9169.0	13770.0	37.4	31.0	50.4	43.2
2006-10-31	59287.0	11386.0	7653.0	40652.0	27153.0	7246.0	24478.0	41.8	24.1	55.4	33.4
2006-11-07	65417.0	12714.0	7603.0	44613.0	31886.0	8087.0	25925.0	43.9	24.4	57.7	33.1
2006-11-14	67184.0	14264.0	7853.0	45408.0	31532.0	7509.0	27796.0	45.0	23.9	58.6	33.3
2006-11-21	73414.0	18806.0	7931.0	47513.0	33080.0	7087.0	32395.0	41.8	22.5	57.4	32.7
2006-11-28	71461.0	16152.0	8018.0	47287.0	32660.0	7912.0	30673.0	41.8	22.0	56.6	31.9
2006-12-05	71300.0	16577.0	6716.0	47531.0	31652.0	6618.0	32358.0	41.4	23.5	57.5	31.5
2006-12-12	86261.0	13581.0	4995.0	58374.0	41555.0	8916.0	34321.0	37.8	19.8	49.3	27.3
2006-12-19	46558.0	10204.0	11180.0	25211.0	28768.0	11122.0	6589.0	34.1	37.7	44.8	52.1
2006-12-26	44884.0	7675.0	11118.0	23848.0	28169.0	13340.0	5576.0	28.1	39.1	39.6	53.3
2007-01-03	44188.0	6419.0	9870.0	23481.0	28085.0	14275.0	6220.0	30.3	37.8	39.4	52.7
2007-01-09	45101.0	7487.0	10939.0	23443.0	28480.0	14147.0	5658.0	33.7	38.9	42.5	52.5
2007-01-16	46307.0	13556.0	9926.0	22374.0	29571.0	10364.0	6797.0	33.7	38.1	45.9	53.3
2007-01-23	49927.0	13517.0	11258.0	26047.0	32992.0	10347.0	5661.0	35.0	37.9	51.0	54.6
2007-01-30	51633.0	13039.0	10186.0	27134.0	34280.0	11063.0	6770.0	35.3	42.5	49.9	58.3
2007-02-06	48950.0	12966.0	9457.0	26498.0	34226.0	9468.0	5249.0	37.8	41.5	51.7	57.7
2007-02-13	51721.0	12608.0	10243.0	28088.0	35810.0	11007.0	5650.0	39.9	40.2	51.8	56.5
2007-02-20	50462.0	14897.0	5404.0	25664.0	39247.0	9883.0	5793.0	40.6	43.3	52.3	57.7
2007-02-27	55795.0	13655.0	6569.0	27630.0	41527.0	13986.0	7175.0	37.5	39.2	47.2	53.5
2007-03-06	57607.0	9763.0	8563.0	28044.0	42115.0	19754.0	6883.0	33.9	38.0	40.9	51.3
2007-03-13	75766.0	8907.0	8055.0	38192.0	54870.0	26132.0	10306.0	23.1	30.0	28.5	39.7
2007-03-20	47006.0	7607.0	13381.0	31060.0	26914.0	8246.0	6618.0	42.1	36.0	57.6	49.3
2007-03-27	47167.0	5948.0	13944.0	32974.0	24952.0	8155.0	8181.0	37.4	41.8	53.3	55.0
2007-04-03	46167.0	5515.0	14277.0	33573.0	24218.0	6993.0	7586.0	40.2	42.3	55.8	55.8
2007-04-10	48724.0	6765.0	14117.0	34601.0	24566.0	7272.0	9955.0	39.5	41.8	55.0	54.6
2007-04-17	52166.0	6138.0	14103.0	38202.0	27357.0	7736.0	10616.0	43.7	41.4	58.9	53.3
2007-04-24	54327.0	7680.0	13289.0	38849.0	28204.0	7696.0	12732.0	46.6	38.8	60.8	50.3
2007-05-01	54354.0	7411.0	13512.0	39286.0	29278.0	7568.0	11475.0	46.2	39.0	60.2	51.8
2007-05-08	55824.0	8240.0	13187.0	39763.0	30916.0	7736.0	11636.0	47.2	37.9	63.0	50.4
2007-05-15	58255.0	6476.0	14897.0	44100.0	32333.0	7583.0	10929.0	44.2	37.3	60.7	51.2
2007-05-22	63849.0	8501.0	14588.0	47924.0	37463.0	7338.0	11712.0	46.1	38.9	63.7	52.6
2007-05-29	62353.0	5605.0	14542.0	49216.0	38405.0	7499.0	9373.0	47.5	37.7	64.5	52.5
2007-06-05	61701.0	7032.0	13957.0	47353.0	37144.0	7289.0	10573.0	47.4	36.0	65.8	49.7
2007-06-12	75436.0	5247.0	13886.0	55074.0	46575.0	12805.0	12665.0	39.7	31.9	53.0	43.4
2007-06-19	51994.0	5946.0	15503.0	37746.0	31839.0	8278.0	4628.0	43.5	42.5	58.9	57.3
2007-06-26	56043.0	5351.0	16079.0	39631.0	32467.0	11037.0	7473.0	43.6	41.6	55.0	56.1
2007-07-03	62484.0	7403.0	16800.0	44622.0	36726.0	10434.0	8933.0	42.5	40.6	58.9	56.1
2007-07-10	60447.0	6831.0	16825.0	44059.0	36041.0	9540.0	7564.0	43.8	41.2	60.0	57.0
2007-07-17	63327.0	8736.0	17318.0	45401.0	36106.0	9170.0	9883.0	43.2	39.4	61.5	54.3
2007-07-24	67896.0	7689.0	19747.0	52277.0	36965.0	7886.0	11140.0	43.3	37.0	60.8	51.8
2007-07-31	66926.0	6477.0	21616.0	54952.0	36312.0	5484.0	8985.0	46.7	40.4	63.1	55.4
2007-08-07	67311.0	5042.0	20594.0	55373.0	36304.0	6880.0	10397.0	46.4	39.1	59.6	54.1
2007-08-14	67526.0	3568.0	21706.0	57098.0	35068.0	6852.0	10744.0	44.8	37.5	58.5	52.3
2007-08-21	67656.0	3010.0	23651.0	57978.0	34201.0	6665.0	9801.0	46.2	40.0	59.5	55.2
2007-08-28	67903.0	3424.0	24660.0	58133.0	33717.0	6339.0	9519.0	44.6	39.9	59.2	54.4
2007-09-04	71320.0	6471.0	24771.0	58353.0	32285.0	6486.0	14254.0	42.8	39.4	56.6	53.5
2007-09-11	72501.0	6216.0	25489.0	58865.0	33181.0	7399.0	13810.0	42.6	38.8	56.1	52.7
2007-09-18	88375.0	7091.0	26060.0	67025.0	41599.0	14089.0	20546.0	35.7	32.2	46.7	43.7
2007-09-25	41463.0	9064.0	10809.0	24398.0	19778.0	8001.0	10876.0	35.7	30.0	46.5	45.6
2007-10-02	47069.0	12801.0	10023.0	24868.0	22137.0	9400.0	14909.0	33.3	30.3	44.3	43.1
2007-10-09	47753.0	13305.0	9753.0	24681.0	21158.0	9767.0	16842.0	35.3	30.8	45.8	43.9
2007-10-16	48908.0	13796.0	10465.0	24903.0	22394.0	9996.0	15836.0	33.1	31.1	43.4	44.7
2007-10-23	54960.0	13803.0	11528.0	30962.0	27641.0	10195.0	15791.0	32.6	34.8	45.6	49.7
2007-10-30	56775.0	12640.0	11487.0	34243.0	28358.0	9747.0	16785.0	35.9	34.1	48.9	48.0
2007-11-06	58533.0	13370.0	11511.0	34077.0	28027.0	10794.0	18703.0	34.8	34.3	50.1	46.7
2007-11-13	51424.0	11267.0	15762.0	30460.0	20187.0	9554.0	15332.0	36.6	36.8	50.7	50.4
2007-11-20	51002.0	10671.0	14078.0	31370.0	24801.0	8494.0	11656.0	35.6	32.5	50.9	48.8
2007-11-27	51842.0	9703.0	14838.0	31453.0	23982.0	10543.0	12879.0	35.8	31.6	50.6	47.6
2007-12-04	52715.0	9217.0	14385.0	33791.0	25432.0	9564.0	12755.0	34.4	30.3	47.7	46.5
2007-12-11	56416.0	10415.0	14170.0	35628.0	26375.0	9912.0	15410.0	33.7	29.3	47.0	44.3
2007-12-18	68103.0	8855.0	15505.0	45146.0	37615.0	11966.0	12847.0	24.5	24.2	37.4	36.6
2007-12-24	36789.0	4363.0	9861.0	23206.0	20239.0	9152.0	6621.0	43.2	42.0	52.1	58.9
2007-12-31	38122.0	5046.0	9875.0	24295.0	22714.0	8713.0	5465.0	42.8	39.4	53.2	59.2
2008-01-08	39240.0	4970.0	10364.0	24260.0	22186.0	9582.0	6262.0	41.3	34.2	51.4	51.7
2008-01-15	41516.0	6036.0	12896.0	26416.0	22119.0	8996.0	6433.0	47.0	34.4	56.0	50.0
2008-01-22	44478.0	9977.0	12291.0	26243.0	26160.0	8190.0	5959.0	44.0	35.1	55.4	51.0
2008-01-29	46519.0	10465.0	11626.0	28330.0	28975.0	7186.0	5380.0	43.8	39.7	56.8	56.9
2008-02-05	46441.0	11520.0	9591.0	28095.0	30354.0	6758.0	6428.0	46.2	38.9	58.5	57.8
2008-02-12	50323.0	11615.0	10646.0	30707.0	34005.0	7933.0	5604.0	46.9	38.7	58.8	57.2
2008-02-19	55865.0	13778.0	11541.0	32324.0	38108.0	9695.0	6148.0	47.1	39.5	57.8	59.6
2008-02-26	55382.0	13949.0	12350.0	33297.0	37479.0	8134.0	5551.0	49.2	40.5	60.0	61.5
2008-03-04	60053.0	14780.0	15340.0	36786.0	38929.0	8487.0	5784.0	51.4	41.8	61.5	62.2
2008-03-11	61505.0	14413.0	15467.0	37470.0	38854.0	9622.0	7184.0	49.7	39.6	59.5	58.3
2008-03-18	70753.0	13831.0	15479.0	36628.0	42804.0	19940.0	12116.0	39.9	37.1	51.0	52.6
2008-03-25	27689.0	3183.0	6706.0	18141.0	12649.0	6365.0	8334.0	49.6	30.3	60.6	48.2
2008-04-01	30411.0	3410.0	7243.0	21426.0	12788.0	5553.0	10358.0	45.2	25.7	58.6	39.3
2008-04-08	30845.0	4307.0	7517.0	21192.0	12858.0	5332.0	10456.0	44.1	25.1	57.6	38.6
2008-04-15	31323.0	3540.0	8640.0	22203.0	13647.0	5579.0	9035.0	43.3	25.7	56.6	38.2
2008-04-22	32141.0	4538.0	7634.0	22073.0	13604.0	5514.0	10887.0	43.9	27.7	56.9	41.4
2008-04-29	33383.0	4567.0	8185.0	22672.0	13771.0	6128.0	11411.0	41.0	26.7	54.4	39.7
2008-05-06	36665.0	4655.0	8180.0	23958.0	16611.0	8036.0	11858.0	36.6	26.1	53.3	42.1
2008-05-13	37671.0	5982.0	8030.0	24241.0	17205.0	7432.0	12420.0	37.3	25.7	53.7	41.5
2008-05-20	37186.0	6014.0	8679.0	23772.0	17204.0	7384.0	11287.0	37.1	29.2	53.7	43.3
2008-05-27	37653.0	4842.0	9545.0	25519.0	19607.0	7292.0	8501.0	37.4	32.8	56.1	49.3
2008-06-03	37281.0	5188.0	7624.0	24851.0	19402.0	7242.0	10255.0	37.9	33.1	56.2	49.1
2008-06-10	37719.0	3876.0	8042.0	26953.0	18725.0	6890.0	10952.0	37.0	31.4	53.5	47.0
2008-06-17	52547.0	4798.0	7564.0	34259.0	28546.0	13249.0	16196.0	27.3	21.8	36.9	33.6
2008-06-24	25601.0	5182.0	6535.0	14071.0	13225.0	6348.0	5841.0	35.7	36.0	46.7	52.4
2008-07-01	25294.0	4855.0	6761.0	13675.0	12918.0	6764.0	5615.0	36.1	40.2	48.6	58.3
2008-07-08	26327.0	3722.0	7211.0	15509.0	14378.0	7096.0	4738.0	40.3	37.8	53.3	56.3
2008-07-15	30081.0	3825.0	7326.0	19433.0	17256.0	6823.0	5499.0	46.9	37.2	59.2	56.5
2008-07-22	28437.0	2951.0	8030.0	19674.0	15847.0	5812.0	4560.0	49.6	39.3	62.5	61.2
2008-07-29	30101.0	3128.0	6190.0	20936.0	17603.0	6037.0	6308.0	49.3	36.4	61.6	54.6
2008-08-05	30635.0	2876.0	5807.0	21691.0	17816.0	6068.0	7012.0	52.0	31.6	64.1	52.0
2008-08-12	30059.0	3472.0	4687.0	20178.0	17790.0	6409.0	7582.0	51.6	32.2	62.5	52.9
2008-08-19	32055.0	4975.0	3004.0	18219.0	18837.0	8861.0	10214.0	38.5	27.2	51.2	44.7
2008-08-26	30310.0	3784.0	2322.0	18660.0	19572.0	7866.0	8416.0	39.5	34.2	52.2	49.9
2008-09-02	29402.0	3655.0	2310.0	18931.0	18987.0	6816.0	8105.0	42.2	31.4	54.1	47.6
2008-09-09	30729.0	4783.0	4468.0	19631.0	20365.0	6315.0	5896.0	50.4	26.3	63.3	43.1
2008-09-16	39653.0	5838.0	4419.0	25120.0	26522.0	8469.0	8486.0	41.4	21.3	51.5	33.5
2008-09-23	20727.0	1890.0	3507.0	14010.0	12171.0	4827.0	5049.0	45.5	39.3	55.5	51.9
2008-09-30	21842.0	1482.0	3416.0	15428.0	10582.0	4932.0	7844.0	37.3	33.6	49.7	45.0
2008-10-07	22350.0	1422.0	2024.0	15492.0	14335.0	5436.0	5991.0	36.4	36.8	47.5	50.1
2008-10-14	26154.0	2782.0	3144.0	19125.0	16930.0	3997.0	5830.0	37.3	28.4	48.1	45.3
2008-10-21	32655.0	3697.0	2578.0	24236.0	23405.0	4419.0	6369.0	35.9	37.0	50.6	50.8
2008-10-28	33592.0	4790.0	2487.0	24463.0	23321.0	4025.0	7470.0	34.9	35.7	50.8	48.3
2008-11-04	30700.0	4896.0	941.0	21979.0	20802.0	3825.0	8957.0	37.8	38.6	50.8	48.7
2008-11-11	31051.0	4572.0	1732.0	22270.0	21423.0	3841.0	7528.0	39.6	41.8	52.5	52.3
2008-11-18	31376.0	4621.0	1962.0	22673.0	21878.0	3711.0	7165.0	39.2	42.8	51.9	53.8
2008-11-25	33346.0	4668.0	1834.0	24343.0	23196.0	3847.0	7828.0	37.2	40.5	50.0	53.8
2008-12-02	33509.0	4272.0	2319.0	25151.0	23404.0	3585.0	7285.0	37.0	40.6	49.5	53.9
2008-12-09	34809.0	4810.0	2216.0	25764.0	24154.0	3676.0	7880.0	36.1	40.7	50.8	52.6
2008-12-16	45604.0	5206.0	1976.0	30651.0	29551.0	8990.0	13320.0	27.4	29.3	38.8	39.7
2008-12-22	19090.0	2426.0	3961.0	11378.0	13360.0	5253.0	1736.0	36.1	43.8	47.0	59.1
2008-12-30	19121.0	2404.0	3929.0	11197.0	12862.0	5520.0	2330.0	35.3	42.3	46.0	55.8
2009-01-06	20568.0	3023.0	2964.0	12039.0	15534.0	5506.0	2070.0	39.6	46.0	51.2	63.0
2009-01-13	23318.0	2467.0	4086.0	12245.0	17043.0	8606.0	2189.0	38.1	45.1	47.8	66.0
2009-01-20	25020.0	2528.0	5414.0	13072.0	17631.0	9420.0	1975.0	38.8	43.2	48.1	62.7
2009-01-27	25801.0	1674.0	4293.0	15976.0	19079.0	8151.0	2429.0	44.0	45.5	56.5	62.9
2009-02-03	26224.0	1843.0	5419.0	16655.0	19210.0	7726.0	1595.0	45.8	45.2	58.4	64.4
2009-02-10	27870.0	2100.0	5007.0	17928.0	20745.0	7842.0	2118.0	46.6	47.3	58.3	65.2
2009-02-17	30969.0	2383.0	6772.0	19755.0	21669.0	8831.0	2528.0	44.3	49.1	56.4	64.7
2009-02-24	32605.0	2385.0	6801.0	21983.0	22586.0	8137.0	3118.0	43.7	48.1	59.1	62.9
2009-03-03	32776.0	2260.0	6424.0	21759.0	23735.0	8657.0	2517.0	43.5	48.2	59.3	62.7
2009-03-10	34275.0	1739.0	4846.0	22352.0	25778.0	9969.0	3436.0	40.9	48.3	58.5	62.3
2009-03-17	45071.0	1348.0	4463.0	29173.0	32050.0	14028.0	8036.0	31.1	39.2	45.7	48.4
2009-03-24	17893.0	1877.0	1519.0	12071.0	14639.0	3945.0	1735.0	52.2	47.0	62.8	63.6
2009-03-31	19911.0	2227.0	1756.0	13549.0	15702.0	4135.0	2453.0	49.0	46.6	59.4	64.0
2009-04-07	20480.0	2476.0	2619.0	14316.0	15618.0	3688.0	2243.0	49.8	43.6	62.9	59.9
2009-04-14	21461.0	2663.0	2653.0	14925.0	16597.0	3873.0	2211.0	51.6	46.0	64.1	61.7
2009-04-21	22359.0	2606.0	2637.0	14624.0	17512.0	5129.0	2210.0	47.9	48.3	58.7	64.0
2009-04-28	22390.0	3345.0	3542.0	13544.0	16844.0	5501.0	2004.0	43.5	47.8	56.2	63.3
2009-05-05	22393.0	3968.0	3574.0	12493.0	15996.0	5932.0	2823.0	40.5	43.7	52.3	60.0
2009-05-12	22959.0	2100.0	4528.0	12626.0	15622.0	8233.0	2809.0	32.6	40.6	44.3	54.4
2009-05-19	24156.0	2464.0	5199.0	14539.0	16682.0	7153.0	2275.0	37.7	29.7	47.6	45.8
2009-05-26	27977.0	2514.0	7312.0	16996.0	16816.0	8467.0	3849.0	41.1	32.7	51.2	48.5
2009-06-02	26422.0	3045.0	7097.0	14972.0	16299.0	8405.0	3026.0	38.1	35.6	50.4	52.6
2009-06-09	26697.0	3424.0	7112.0	14807.0	15916.0	8466.0	3669.0	37.9	35.2	49.2	51.8
2009-06-16	30908.0	2073.0	8824.0	18454.0	17379.0	10381.0	4705.0	31.4	32.6	41.0	45.9
2009-06-23	13362.0	1340.0	4462.0	8190.0	6168.0	3832.0	2732.0	39.1	38.5	54.3	59.1
2009-06-30	14582.0	2712.0	4178.0	8009.0	6391.0	3861.0	4013.0	44.1	35.3	60.0	54.4
2009-07-07	15130.0	1483.0	5132.0	9752.0	6094.0	3895.0	3904.0	47.3	38.8	59.9	58.6
2009-07-14	17837.0	2503.0	4887.0	11251.0	8486.0	4083.0	4464.0	53.4	36.6	68.8	57.8
2009-07-21	19805.0	3136.0	4721.0	12504.0	8655.0	4165.0	6429.0	55.4	34.7	71.3	50.6
2009-07-28	17182.0	3817.0	3937.0	9317.0	8330.0	4048.0	4915.0	49.0	34.4	65.0	50.8
2009-08-04	19517.0	3910.0	3719.0	11630.0	11422.0	3977.0	4376.0	48.1	35.7	68.6	53.1
2009-08-11	20259.0	2966.0	4292.0	12016.0	10641.0	5277.0	5326.0	39.9	36.3	63.2	53.8
2009-08-18	20188.0	3663.0	4345.0	12883.0	12512.0	3642.0	3331.0	42.0	37.3	68.5	58.4
2009-08-25	23252.0	6155.0	5640.0	13054.0	13267.0	4043.0	4345.0	43.2	36.6	72.4	57.6
2009-09-01	22736.0	2331.0	7112.0	16268.0	12305.0	4137.0	3319.0	47.5	36.9	72.0	58.7
2009-09-08	23148.0	3509.0	6605.0	15615.0	12444.0	4024.0	4099.0	52.6	37.1	76.6	58.5
2009-09-15	33631.0	4065.0	5900.0	23986.0	19578.0	5446.0	8019.0	36.6	25.9	54.1	40.8
2009-09-22	17797.0	4661.0	1633.0	9885.0	10388.0	3251.0	5776.0	47.6	34.3	61.7	46.4
2009-09-29	17606.0	4937.0	908.0	8890.0	11191.0	3779.0	5507.0	43.8	34.0	56.8	45.4
2009-10-06	18502.0	6443.0	503.0	8216.0	12281.0	3843.0	5718.0	39.2	32.2	53.8	44.5
2009-10-13	19710.0	7114.0	565.0	8433.0	12137.0	4163.0	7008.0	40.6	29.1	55.2	42.2
2009-10-20	20306.0	6786.0	582.0	9361.0	12115.0	4159.0	7609.0	39.2	27.3	52.2	39.4
2009-10-27	19476.0	5706.0	568.0	9557.0	12617.0	4213.0	6291.0	33.9	28.5	49.0	41.7
2009-11-03	18387.0	5606.0	270.0	8820.0	12840.0	3961.0	5277.0	36.9	31.0	52.2	45.5
2009-11-09	20065.0	6724.0	270.0	10430.0	17745.0	2911.0	2050.0	46.1	37.2	59.4	59.3
2009-11-17	21494.0	9766.0	270.0	7795.0	19072.0	3933.0	2152.0	49.7	38.9	61.7	62.2
2009-11-24	24768.0	12566.0	570.0	7588.0	21292.0	4614.0	2906.0	54.8	48.6	70.0	69.3
2009-12-01	25895.0	14585.0	570.0	6860.0	21600.0	4450.0	3725.0	60.0	51.5	74.5	69.6
2009-12-08	24225.0	11836.0	570.0	7729.0	21612.0	4660.0	2043.0	54.7	55.0	71.2	73.1
2009-12-15	27808.0	10400.0	570.0	10451.0	23628.0	6737.0	3390.0	48.3	47.0	57.5	63.0
2009-12-22	9800.0	2518.0	710.0	3852.0	6717.0	3430.0	2373.0	43.6	56.8	55.9	68.6
2009-12-29	10390.0	3159.0	218.0	3854.0	8050.0	3377.0	2122.0	47.3	66.1	58.9	75.4
2010-01-05	12646.0	5171.0	0.0	3852.0	9834.0	3623.0	2812.0	50.2	56.4	62.0	72.4
2010-01-12	14549.0	4085.0	0.0	5650.0	11225.0	4189.0	2699.0	41.9	51.9	54.8	68.2
2010-01-19	15669.0	5660.0	205.0	5192.0	12065.0	4192.0	2774.0	49.1	52.8	59.7	69.0
2010-01-26	15486.0	1260.0	661.0	9594.0	11625.0	4007.0	2575.0	34.1	42.9	48.2	60.4
2010-02-02	22820.0	1126.0	7668.0	17251.0	12596.0	3818.0	1931.0	51.0	56.0	59.3	68.3
2010-02-09	28341.0	1126.0	9690.0	22818.0	16098.0	3702.0	1858.0	54.1	59.9	65.8	73.2
2010-02-16	30711.0	1126.0	10439.0	24730.0	17585.0	4160.0	1992.0	56.5	60.1	67.9	74.7
2010-02-23	32756.0	757.0	12430.0	27089.0	17429.0	4215.0	2202.0	62.2	65.6	73.4	79.2
2010-03-02	28123.0	666.0	8415.0	22438.0	16920.0	4274.0	2043.0	58.5	59.9	69.8	75.8
2010-03-09	24456.0	666.0	5964.0	18794.0	15838.0	4251.0	1909.0	51.2	53.8	64.2	73.1
2010-03-16	23642.0	1527.0	2827.0	16484.0	15909.0	4043.0	3318.0	48.1	38.8	56.6	62.5
2010-03-23	12884.0	2774.0	1445.0	5413.0	7443.0	4697.0	3996.0	47.4	51.9	59.4	65.2
2010-03-30	14192.0	4250.0	1445.0	5575.0	10062.0	4367.0	2685.0	49.3	54.0	60.1	73.9
2010-04-06	16173.0	4946.0	2195.0	6669.0	11486.0	4558.0	2492.0	44.9	52.7	57.5	75.2
2010-04-13	16152.0	5268.0	2023.0	6680.0	11725.0	4204.0	2404.0	46.9	47.8	59.7	72.1
2010-04-20	16902.0	4531.0	2769.0	7905.0	10333.0	4466.0	3800.0	44.8	44.6	60.0	66.5
2010-04-27	18793.0	5757.0	2523.0	8800.0	11501.0	4236.0	4769.0	53.6	47.7	67.2	67.7
2010-05-04	22065.0	6785.0	2277.0	11775.0	14547.0	3505.0	5241.0	54.8	51.9	68.2	66.7
2010-05-11	23511.0	6293.0	1714.0	13683.0	9586.0	3535.0	12211.0	55.3	26.9	70.1	38.8
2010-05-18	24119.0	5801.0	1714.0	14750.0	10431.0	3568.0	11974.0	56.1	23.2	68.2	35.3
2010-05-25	21641.0	4219.0	1292.0	13989.0	8483.0	3433.0	11866.0	53.9	23.9	67.9	32.9
2010-06-01	24043.0	4065.0	1468.0	15384.0	10136.0	4445.0	12290.0	52.0	31.4	67.1	40.7
2010-06-08	25787.0	3811.0	1839.0	18190.0	11535.0	3637.0	12264.0	52.3	38.6	68.6	45.7
2010-06-15	30128.0	3859.0	2210.0	21621.0	15154.0	4295.0	12411.0	48.5	40.1	63.7	46.2
2010-07-06	11078.0	550.0	775.0	5915.0	9027.0	4613.0	1276.0	35.3	70.9	49.7	86.6
2010-07-13	13097.0	0.0	1758.0	6539.0	10246.0	6558.0	1093.0	33.6	70.9	46.1	88.2
2010-07-20	13807.0	0.0	3444.0	7741.0	8991.0	6066.0	1372.0	39.9	69.2	50.8	85.3
2010-07-27	13419.0	247.0	2497.0	7601.0	9707.0	5571.0	1215.0	37.0	67.5	47.1	82.6
2010-08-03	13949.0	985.0	2497.0	7307.0	10257.0	5657.0	1195.0	41.2	68.7	52.4	81.2
2010-08-10	14399.0	1477.0	2497.0	7328.0	10749.0	5594.0	1153.0	41.7	68.3	52.6	83.8
2010-08-17	17354.0	738.0	2497.0	10708.0	13453.0	5908.0	1404.0	48.7	66.6	58.7	83.0
2010-08-24	22851.0	0.0	3727.0	17366.0	18294.0	5485.0	830.0	62.9	66.5	69.4	85.1
2010-08-31	25275.0	0.0	3973.0	18981.0	19966.0	6294.0	1336.0	65.6	63.0	71.3	84.5
2010-09-07	24940.0	0.0	3235.0	18735.0	20457.0	6205.0	1248.0	66.5	65.8	72.2	84.6
2010-09-14	27415.0	2578.0	2005.0	16951.0	22831.0	7886.0	2579.0	46.1	64.9	61.8	78.3
2010-10-05	19467.0	7246.0	0.0	9060.0	15846.0	3161.0	3621.0	75.1	50.8	83.7	73.0
2010-10-12	20244.0	6974.0	0.0	10083.0	16737.0	3187.0	3507.0	69.2	48.2	81.6	69.6
2010-10-19	22767.0	7341.0	0.0	11934.0	18441.0	3492.0	4326.0	66.3	46.1	82.2	70.4
2010-10-26	24835.0	7709.0	0.0	13378.0	20266.0	3748.0	4569.0	66.7	47.7	82.8	71.0
2010-11-02	24873.0	7709.0	205.0	13499.0	20385.0	3665.0	4283.0	66.1	47.6	83.2	70.9
2010-11-09	27936.0	8732.0	299.0	15530.0	25641.0	3674.0	1996.0	63.5	63.2	78.5	82.2
2010-11-16	30460.0	11192.0	322.0	16236.0	28621.0	3032.0	1517.0	67.9	65.2	82.5	84.3
2010-11-23	28106.0	8639.0	1520.0	15907.0	25479.0	3560.0	1107.0	68.8	57.7	78.9	81.6
2010-11-30	26647.0	7454.0	1541.0	12757.0	24036.0	6436.0	1070.0	60.3	61.7	70.0	81.7
2010-12-07	27544.0	8421.0	1573.0	13013.0	24995.0	6110.0	976.0	62.4	60.6	71.1	80.2
2010-12-14	30342.0	9553.0	1520.0	14464.0	27207.0	6315.0	1605.0	53.7	46.7	61.9	67.0
2010-12-28	9411.0	1972.0	471.0	4214.0	8001.0	3225.0	939.0	50.4	55.1	63.4	77.2
2011-01-04	13202.0	4325.0	0.0	5536.0	12020.0	3341.0	1182.0	59.1	59.8	71.1	86.4
2011-01-11	13159.0	3551.0	0.0	6050.0	11794.0	3558.0	1365.0	54.6	66.1	67.8	87.8
2011-01-18	13763.0	4286.0	0.0	6063.0	11822.0	3414.0	1941.0	57.5	66.7	66.7	84.1
2011-01-25	16843.0	5314.0	244.0	7613.0	14075.0	3660.0	2268.0	57.5	65.7	67.9	79.0
2011-02-01	16043.0	3479.0	490.0	8809.0	12524.0	3499.0	2773.0	52.5	56.1	63.8	69.6
2011-02-08	16491.0	3233.0	490.0	9575.0	12955.0	3427.0	2790.0	52.5	54.6	65.3	68.8
2011-02-15	18377.0	2497.0	613.0	11860.0	14487.0	3464.0	2721.0	49.1	49.0	65.4	67.1
2011-02-22	20267.0	3314.0	2300.0	13342.0	14936.0	3608.0	3028.0	49.2	48.5	66.8	66.5
2011-03-01	19655.0	568.0	2792.0	15253.0	13802.0	3834.0	3061.0	52.4	43.7	66.0	65.8
2011-03-08	20916.0	785.0	4731.0	16565.0	13422.0	3566.0	2763.0	54.1	40.5	68.8	64.8
2011-03-15	26962.0	835.0	9100.0	22239.0	15024.0	3751.0	2701.0	53.5	51.0	68.6	68.0
2011-03-29	11195.0	3051.0	1124.0	4307.0	8354.0	3837.0	1717.0	39.6	62.0	57.0	84.7
2011-04-05	17942.0	6977.0	611.0	7221.0	16123.0	3744.0	1208.0	55.7	58.9	72.5	79.5
2011-04-12	17258.0	5704.0	1143.0	8081.0	14989.0	3473.0	1126.0	51.5	54.1	69.4	81.4
2011-04-19	14375.0	1732.0	1376.0	8734.0	11953.0	3909.0	1046.0	41.4	52.5	59.4	80.7
2011-04-26	18384.0	4103.0	1379.0	10404.0	16107.0	3877.0	898.0	44.5	52.2	64.5	81.8
2011-05-03	24120.0	7976.0	1390.0	12787.0	21800.0	3357.0	930.0	52.8	51.5	73.5	78.0
2011-05-10	24455.0	8051.0	997.0	12525.0	22515.0	3879.0	943.0	52.1	54.3	74.0	79.5
2011-05-17	20513.0	3567.0	978.0	12996.0	18570.0	3950.0	965.0	42.3	52.7	62.6	81.9
2011-05-24	18634.0	1567.0	1875.0	12247.0	15663.0	4820.0	1096.0	40.1	50.4	58.3	81.1
2011-05-31	18137.0	932.0	1879.0	12512.0	15285.0	4693.0	973.0	41.2	51.8	59.4	83.3
2011-06-07	17715.0	526.0	3004.0	12422.0	13074.0	4767.0	1637.0	40.4	46.6	61.3	73.1
2011-06-14	20320.0	540.0	4870.0	14632.0	12969.0	5122.0	2455.0	36.9	43.5	55.7	69.0
2011-07-12	16335.0	4192.0	973.0	8464.0	11928.0	3679.0	3434.0	57.2	63.1	72.8	76.0
2011-07-19	18514.0	4438.0	1957.0	9488.0	14621.0	4588.0	1936.0	59.7	68.9	72.3	84.9
2011-07-26	17957.0	4193.0	2203.0	9660.0	14303.0	4104.0	1451.0	61.2	69.3	74.2	85.8
2011-08-02	17983.0	3713.0	2327.0	10338.0	13932.0	3932.0	1724.0	58.5	69.2	73.7	84.8
2011-08-09	15329.0	399.0	2546.0	10767.0	10989.0	4163.0	1794.0	60.3	60.9	72.8	79.8
2011-08-16	22615.0	523.0	1277.0	18884.0	15352.0	3183.0	5961.0	71.1	64.0	82.8	72.4
2011-08-23	24839.0	523.0	1525.0	21210.0	16950.0	3081.0	6339.0	70.6	65.8	83.4	74.4
2011-08-30	27050.0	523.0	2609.0	23942.0	18674.0	2550.0	5732.0	71.7	70.5	82.7	77.7
2011-09-06	27456.0	523.0	1591.0	24186.0	18674.0	2711.0	7155.0	70.6	68.6	81.5	73.8
2011-09-13	32789.0	634.0	2818.0	28893.0	22080.0	3207.0	7836.0	63.8	66.0	76.4	69.7
2011-09-27	13510.0	2058.0	0.0	5122.0	11405.0	6330.0	2105.0	37.2	60.5	46.8	82.5
2011-10-04	15366.0	1367.0	0.0	6914.0	14064.0	7085.0	1302.0	29.2	60.8	44.5	85.6
2011-10-11	15277.0	855.0	0.0	7115.0	14155.0	7307.0	1122.0	33.4	62.8	47.9	87.7
2011-10-18	20077.0	1716.0	0.0	9224.0	18640.0	9137.0	1437.0	36.4	67.8	49.7	87.9
2011-10-25	23028.0	2085.0	292.0	11372.0	21692.0	9571.0	1044.0	38.6	64.3	52.9	88.8
2011-11-01	30410.0	2331.0	292.0	15844.0	28791.0	12235.0	1327.0	40.0	62.8	54.5	88.0
2011-11-08	31311.0	2454.0	292.0	14375.0	29516.0	14432.0	1453.0	40.5	62.3	50.4	87.8
2011-11-15	32671.0	2454.0	538.0	16127.0	30598.0	14040.0	1485.0	42.6	60.8	53.8	85.2
2011-11-22	30644.0	980.0	538.0	15210.0	28634.0	14404.0	1422.0	40.7	59.7	50.9	85.5
2011-11-29	29073.0	0.0	538.0	14718.0	27160.0	14305.0	1325.0	40.4	61.2	48.9	85.0
2011-12-06	29888.0	981.0	538.0	14819.0	28246.0	14038.0	1054.0	39.3	59.5	49.7	86.0
2011-12-13	31870.0	2946.0	538.0	13950.0	30126.0	14974.0	1206.0	42.0	57.3	49.1	84.7
2012-01-10	9500.0	1201.0	365.0	5792.0	6252.0	2507.0	2883.0	42.0	54.6	59.3	67.3
2012-01-17	11477.0	1915.0	365.0	7121.0	7802.0	2441.0	3310.0	53.5	52.7	69.0	66.6
2012-01-24	16016.0	3760.0	856.0	9573.0	11096.0	2683.0	4064.0	57.9	46.1	73.1	69.2
2012-01-31	15494.0	789.0	979.0	11604.0	13801.0	3101.0	714.0	55.9	63.5	71.0	89.8
2012-02-07	15731.0	290.0	979.0	12243.0	14049.0	3198.0	703.0	58.2	65.3	72.7	90.0
2012-02-14	18495.0	762.0	1225.0	14580.0	16506.0	3153.0	764.0	62.1	67.4	75.0	89.8
2012-02-21	18193.0	819.0	1225.0	14322.0	16257.0	3052.0	711.0	62.5	70.7	76.3	91.3
2012-02-28	18544.0	1379.0	979.0	14097.0	16750.0	3068.0	815.0	60.0	71.3	74.1	89.6
2012-03-06	19618.0	1456.0	979.0	14890.0	17354.0	2997.0	1010.0	59.5	67.4	73.2	85.5
2012-03-13	22693.0	1218.0	1348.0	14723.0	18219.0	5813.0	2187.0	52.9	56.7	61.2	73.4
2012-04-10	12359.0	334.0	1011.0	5907.0	10225.0	6118.0	1123.0	34.9	67.6	48.4	81.4
2012-04-17	12989.0	672.0	486.0	6989.0	11674.0	5328.0	829.0	40.8	68.1	54.3	82.7
2012-04-24	15220.0	817.0	489.0	8535.0	13193.0	5394.0	1064.0	47.3	69.8	59.3	83.0
2012-05-01	16483.0	1474.0	957.0	9597.0	14023.0	4864.0	955.0	48.9	69.5	62.9	81.7
2012-05-08	20617.0	966.0	1248.0	14668.0	17971.0	4361.0	776.0	47.6	79.4	63.4	89.2
2012-05-15	21260.0	1711.0	1361.0	15495.0	18461.0	3425.0	809.0	47.6	78.8	64.3	88.3
2012-05-22	22449.0	1135.0	2101.0	16742.0	18831.0	3916.0	861.0	46.7	77.9	64.6	88.0
2012-05-29	22798.0	1163.0	1856.0	17747.0	19445.0	3222.0	831.0	49.3	79.9	68.1	89.9
2012-06-05	22740.0	846.0	1856.0	17989.0	19072.0	3160.0	1067.0	50.4	80.1	69.4	90.1
2012-06-12	22986.0	1151.0	1856.0	17299.0	19552.0	3798.0	840.0	49.4	76.6	65.8	87.5
2012-07-24	10488.0	1295.0	1845.0	5693.0	7822.0	3500.0	821.0	39.0	78.2	56.1	92.2
2012-08-21	13980.0	739.0	1231.0	8381.0	12107.0	4860.0	642.0	40.4	71.9	54.7	91.9
2012-08-28	18498.0	486.0	1231.0	11258.0	16320.0	6754.0	947.0	45.8	68.1	57.9	86.7
2012-09-04	21635.0	241.0	1231.0	14070.0	19269.0	7324.0	1135.0	52.7	64.1	63.6	82.8
2012-09-11	22747.0	241.0	1231.0	14771.0	20478.0	7735.0	1038.0	55.0	65.8	64.5	83.6
2012-09-18	27225.0	486.0	1661.0	19197.0	24504.0	7542.0	1060.0	56.8	62.7	62.5	77.2
2012-11-20	27942.0	646.0	736.0	24561.0	25261.0	2735.0	1945.0	60.9	82.7	81.6	91.8
2012-12-04	26258.0	277.0	0.0	22783.0	23421.0	3198.0	2837.0	61.7	81.4	81.5	87.5
2012-12-11	22770.0	891.0	0.0	18848.0	20222.0	2931.0	2448.0	58.3	80.3	76.7	87.3
2012-12-18	26916.0	1221.0	0.0	22864.0	24403.0	2631.0	2313.0	52.0	72.2	68.6	78.1
2013-06-18	13627.0	869.0	1471.0	9134.0	11155.0	3624.0	1001.0	33.8	49.3	47.4	65.0
2013-08-27	10200.0	404.0	283.0	5964.0	8929.0	3832.0	988.0	32.5	74.5	50.8	90.3
2013-09-03	10249.0	404.0	0.0	6453.0	9297.0	3392.0	952.0	34.7	76.5	53.0	90.7
2013-09-10	11580.0	404.0	0.0	7554.0	10277.0	3622.0	1303.0	33.9	74.1	52.9	88.7
2013-09-17	13757.0	772.0	0.0	8225.0	12239.0	4760.0	1518.0	27.5	64.6	41.8	83.9
2014-02-04	16062.0	1127.0	200.0	12895.0	11811.0	2040.0	4051.0	59.0	68.8	79.3	74.3
2014-03-18	22982.0	1527.0	566.0	19038.0	19319.0	2417.0	3097.0	45.8	56.4	60.5	63.9
2014-05-06	18264.0	920.0	610.0	15266.0	10702.0	2078.0	6952.0	57.7	48.9	76.6	61.9
2014-05-13	20989.0	1243.0	0.0	17612.0	12319.0	2134.0	8670.0	62.0	45.8	79.2	58.7
2014-05-20	22708.0	1168.0	366.0	19785.0	13052.0	1755.0	9290.0	61.7	45.7	79.8	59.1
2014-05-27	17636.0	1157.0	366.0	14829.0	12536.0	1650.0	4734.0	58.9	58.3	78.1	72.4
2014-06-03	16544.0	683.0	366.0	13613.0	11398.0	2248.0	4780.0	53.1	58.2	73.9	70.2
2014-06-10	16197.0	981.0	366.0	13186.0	11018.0	2030.0	4813.0	52.4	58.3	72.0	68.1
2014-06-17	13439.0	1637.0	244.0	10146.0	10944.0	1656.0	2251.0	45.9	62.9	69.4	78.2
2014-09-16	10450.0	2418.0	0.0	5787.0	7175.0	2245.0	3275.0	39.3	44.4	54.5	53.0
2014-11-11	9683.0	1313.0	0.0	6203.0	9095.0	2167.0	588.0	48.5	61.9	66.3	92.9
2014-11-18	11474.0	1494.0	0.0	7031.0	10587.0	2949.0	887.0	42.7	63.4	59.1	91.4
2014-11-25	13093.0	1108.0	400.0	8121.0	12068.0	3864.0	625.0	45.2	63.1	61.4	89.4
2014-12-02	14856.0	2307.0	1166.0	8965.0	12881.0	3584.0	809.0	44.0	58.9	64.2	86.1
2014-12-09	14716.0	1362.0	800.0	8848.0	13310.0	4506.0	606.0	38.5	62.6	55.3	93.2
2014-12-16	19672.0	1045.0	1000.0	13504.0	17978.0	5123.0	694.0	38.2	55.3	49.8	79.2
2015-02-17	17868.0	1539.0	0.0	14460.0	14619.0	1869.0	3249.0	55.5	80.6	75.6	81.8
2015-02-24	17699.0	1172.0	0.0	14560.0	15165.0	1967.0	2534.0	56.0	83.0	76.4	85.7
2015-03-03	17326.0	1175.0	0.0	14231.0	16056.0	1920.0	1270.0	56.6	88.7	75.6	92.7
2015-03-10	17894.0	1725.0	0.0	14421.0	16994.0	1748.0	900.0	54.3	88.3	72.8	93.8
2015-03-17	18053.0	1205.0	0.0	15047.0	17184.0	1801.0	869.0	56.0	84.9	73.6	90.3
2015-06-02	9357.0	779.0	923.0	5979.0	8065.0	2599.0	369.0	51.2	68.3	67.2	87.3
2015-06-09	9046.0	254.0	1621.0	6707.0	7174.0	2085.0	251.0	63.5	63.3	77.0	82.8
2015-06-16	87708.0	15887.0	7151.0	58163.0	69157.0	9960.0	7702.0	25.3	26.4	32.0	41.2
2015-06-16	9522.0	254.0	2038.0	6593.0	6868.0	2675.0	616.0	54.6	60.3	67.0	81.4
2015-06-23	69325.0	20195.0	5255.0	41982.0	59246.0	6025.0	3702.0	38.7	37.8	47.9	55.3
