2005-01-04	1980.0	439.0	543.0	874.0	351.0	559.0	978.0	46.5	24.3	57.2	32.6
2005-01-11	1995.0	512.0	606.0	785.0	369.0	607.0	929.0	43.7	24.0	54.9	32.8
2005-01-18	2022.0	375.0	463.0	921.0	403.0	636.0	1066.0	49.3	25.1	57.9	31.8
2005-01-25	2003.0	439.0	541.0	844.0	438.0	627.0	931.0	48.3	26.5	58.0	37.6
2005-02-01	2321.0	497.0	452.0	789.0	523.0	778.0	1089.0	39.8	24.6	48.0	33.0
2005-02-08	2674.0	253.0	1008.0	1292.0	356.0	711.0	892.0	44.5	25.7	52.6	37.7
2005-02-15	3289.0	169.0	1132.0	1690.0	418.0	801.0	1110.0	44.8	23.0	53.8	34.0
2005-02-22	3517.0	258.0	1267.0	1725.0	465.0	917.0	1168.0	41.6	25.6	50.4	36.7
2005-03-01	3006.0	255.0	1476.0	1654.0	399.0	1016.0	1050.0	50.7	31.1	60.6	44.3
2005-03-08	2966.0	316.0	1437.0	1697.0	373.0	808.0	1011.0	50.4	33.1	60.2	46.8
2005-03-15	3001.0	339.0	1366.0	1757.0	418.0	750.0	1062.0	50.9	31.7	61.2	44.4
2005-03-22	2717.0	126.0	861.0	1744.0	483.0	725.0	1251.0	51.0	27.1	61.2	39.1
2005-03-29	2513.0	95.0	605.0	1718.0	611.0	626.0	1223.0	51.1	30.5	61.2	39.4
2005-04-05	2331.0	156.0	591.0	1563.0	665.0	527.0	990.0	46.1	31.7	56.7	39.3
2005-04-12	2375.0	183.0	538.0	1567.0	754.0	535.0	993.0	45.7	33.6	55.1	41.3
2005-04-19	2988.0	170.0	968.0	1590.0	802.0	945.0	935.0	35.8	39.0	42.9	46.9
2005-04-26	3705.0	426.0	1504.0	1639.0	765.0	1328.0	1124.0	34.0	42.3	41.0	50.1
2005-05-03	3601.0	610.0	1471.0	1461.0	794.0	1277.0	1083.0	32.6	44.6	43.0	53.2
2005-05-10	3731.0	397.0	1484.0	1537.0	806.0	1421.0	1065.0	33.4	43.5	41.4	50.9
2005-05-17	3605.0	416.0	1436.0	1515.0	771.0	1288.0	1012.0	34.7	45.6	42.4	52.7
2005-05-24	3913.0	605.0	1708.0	1508.0	782.0	1529.0	1152.0	31.7	41.7	39.8	49.7
2005-05-31	3904.0	534.0	1688.0	1456.0	744.0	1649.0	1207.0	31.0	44.7	38.6	50.6
2005-06-07	3906.0	565.0	1703.0	1314.0	716.0	1516.0	976.0	29.2	45.2	38.0	49.7
2005-06-14	3992.0	694.0	1597.0	1227.0	744.0	1586.0	1166.0	28.8	44.6	36.6	49.4
2005-06-21	3649.0	595.0	1342.0	1134.0	759.0	1606.0	1234.0	30.9	39.6	37.7	45.8
2005-06-28	3302.0	549.0	1130.0	1075.0	786.0	1527.0	1235.0	29.2	35.3	37.1	42.4
2005-07-05	2841.0	598.0	889.0	782.0	638.0	1290.0	1143.0	25.3	36.2	33.6	43.2
2005-07-12	2711.0	571.0	1024.0	722.0	603.0	1319.0	985.0	25.7	34.5	34.2	43.7
2005-07-19	2406.0	505.0	946.0	712.0	444.0	1119.0	946.0	26.4	36.7	35.2	47.2
2005-07-26	2219.0	526.0	877.0	640.0	381.0	985.0	893.0	32.0	32.2	43.1	42.9
2005-08-02	2054.0	805.0	807.0	482.0	462.0	762.0	780.0	43.6	39.6	57.5	53.6
2005-08-09	1830.0	1040.0	692.0	341.0	405.0	442.0	726.0	60.9	42.0	73.0	54.3
2005-09-27	1085.0	584.0	347.0	25.0	46.0	469.0	685.0	36.4	22.1	49.1	33.6
2005-10-11	1714.0	1033.0	500.0	137.0	123.0	530.0	1077.0	48.8	17.9	60.5	26.9
2005-10-18	1433.0	679.0	499.0	166.0	128.0	537.0	755.0	35.0	23.2	49.8	34.3
2005-10-25	1354.0	517.0	392.0	216.0	132.0	564.0	773.0	36.0	24.2	46.5	33.8
2005-11-01	1411.0	389.0	369.0	301.0	129.0	602.0	794.0	36.1	20.6	44.9	30.5
2005-11-08	1315.0	400.0	373.0	272.0	186.0	606.0	719.0	37.3	25.8	47.1	36.3
2005-11-15	1247.0	302.0	345.0	288.0	142.0	541.0	644.0	39.5	24.5	47.1	34.7
2005-11-22	1343.0	286.0	313.0	310.0	161.0	622.0	744.0	37.3	24.2	44.2	33.7
2005-11-29	1334.0	367.0	359.0	392.0	163.0	533.0	770.0	40.6	24.0	52.7	34.4
2005-12-06	1480.0	352.0	423.0	341.0	173.0	657.0	754.0	33.1	23.8	44.4	33.7
2005-12-13	1817.0	303.0	607.0	479.0	143.0	748.0	780.0	31.5	24.9	40.4	32.6
2005-12-20	2078.0	388.0	758.0	516.0	209.0	788.0	725.0	28.1	23.4	40.5	31.6
2005-12-27	2159.0	477.0	781.0	563.0	232.0	746.0	773.0	30.9	24.9	44.0	33.7
2006-01-03	2263.0	458.0	837.0	573.0	282.0	868.0	780.0	27.7	27.0	40.6	35.5
2006-01-10	2086.0	388.0	726.0	492.0	330.0	843.0	667.0	23.3	27.4	35.1	37.1
2006-01-17	2218.0	226.0	705.0	565.0	341.0	930.0	675.0	23.1	26.7	31.7	34.2
2006-01-24	2413.0	388.0	982.0	708.0	358.0	991.0	747.0	25.5	28.8	36.7	37.6
2006-01-31	2525.0	482.0	1104.0	1033.0	436.0	824.0	799.0	35.4	32.2	45.9	43.9
2006-02-07	2622.0	350.0	1177.0	1166.0	252.0	849.0	936.0	38.9	32.6	48.6	45.3
2006-02-14	2614.0	266.0	805.0	1231.0	568.0	820.0	944.0	37.1	33.3	50.7	44.9
2006-02-21	2125.0	284.0	468.0	1033.0	652.0	749.0	946.0	35.7	33.4	52.1	45.4
2006-02-28	1871.0	321.0	127.0	872.0	648.0	569.0	987.0	35.6	32.2	51.5	38.4
2006-03-07	2202.0	623.0	169.0	718.0	669.0	649.0	1152.0	32.5	26.3	47.0	33.3
2006-03-14	2086.0	694.0	158.0	581.0	787.0	620.0	950.0	39.8	30.5	52.0	38.8
2006-03-21	1871.0	494.0	188.0	553.0	705.0	655.0	809.0	36.9	31.8	50.6	40.9
2006-03-28	1820.0	491.0	172.0	532.0	684.0	663.0	830.0	35.8	35.3	47.5	42.0
2006-04-04	1704.0	325.0	298.0	754.0	540.0	540.0	781.0	41.5	35.0	55.9	43.8
2006-04-11	1968.0	354.0	489.0	692.0	630.0	903.0	830.0	32.3	32.1	43.4	42.7
2006-04-18	2379.0	480.0	838.0	859.0	514.0	1016.0	1003.0	31.5	32.6	42.4	42.1
2006-04-25	2515.0	344.0	1058.0	957.0	371.0	971.0	843.0	31.1	38.6	41.3	46.5
2006-05-02	2178.0	542.0	697.0	884.0	407.0	692.0	1014.0	32.5	35.8	45.5	43.8
2006-05-09	2006.0	487.0	666.0	745.0	282.0	700.0	984.0	33.2	35.6	47.8	43.0
2006-05-16	2209.0	412.0	631.0	790.0	359.0	886.0	1098.0	32.4	29.0	44.8	38.6
2006-05-23	1836.0	324.0	516.0	678.0	343.0	665.0	808.0	39.2	34.9	51.1	44.5
2006-05-30	2091.0	378.0	748.0	697.0	370.0	774.0	731.0	38.5	33.2	48.4	46.1
2006-06-13	1928.0	392.0	482.0	566.0	391.0	729.0	814.0	35.0	29.4	46.3	39.4
2006-06-20	1741.0	570.0	259.0	418.0	526.0	688.0	891.0	28.8	26.9	41.9	39.1
2006-06-27	1947.0	736.0	489.0	352.0	604.0	809.0	804.0	26.6	29.2	40.6	42.3
2006-07-03	1843.0	698.0	392.0	202.0	572.0	760.0	696.0	22.3	24.3	36.6	38.8
2006-07-11	1888.0	745.0	327.0	183.0	491.0	804.0	914.0	20.6	20.3	34.5	31.9
2006-07-18	1782.0	886.0	394.0	108.0	394.0	712.0	918.0	26.0	21.3	38.9	37.8
2006-07-25	1673.0	912.0	356.0	10.0	380.0	665.0	851.0	31.4	23.0	43.3	38.7
2007-01-30	1391.0	343.0	204.0	333.0	119.0	559.0	912.0	26.3	17.1	38.9	21.9
2007-02-06	1608.0	420.0	195.0	296.0	178.0	701.0	1044.0	24.7	15.2	36.1	20.0
2007-02-13	1592.0	519.0	146.0	214.0	176.0	753.0	1164.0	24.7	16.0	35.6	18.1
2007-02-20	1523.0	497.0	204.0	196.0	231.0	765.0	1023.0	25.9	24.4	38.0	27.2
2007-03-06	1424.0	338.0	256.0	243.0	252.0	697.0	770.0	23.0	27.0	34.1	32.4
2007-03-13	1493.0	469.0	247.0	234.0	276.0	676.0	856.0	25.7	27.0	36.4	31.3
2007-06-26	1332.0	192.0	321.0	338.0	358.0	721.0	572.0	27.1	38.4	39.5	48.4
2007-09-25	1147.0	3.0	634.0	567.0	0.0	505.0	441.0	46.9	29.8	49.7	43.0
2007-10-02	1309.0	32.0	746.0	748.0	29.0	424.0	429.0	55.2	25.2	59.6	38.8
2007-10-09	1349.0	80.0	746.0	734.0	68.0	451.0	451.0	53.7	24.5	60.3	38.5
2007-10-16	1483.0	80.0	788.0	763.0	130.0	547.0	472.0	50.2	25.5	56.8	39.8
2007-10-23	1683.0	32.0	804.0	892.0	143.0	585.0	562.0	47.7	22.9	54.8	35.5
2007-10-30	1846.0	108.0	901.0	933.0	166.0	641.0	615.0	45.1	22.6	56.3	36.3
2007-11-06	2066.0	169.0	928.0	1003.0	205.0	610.0	649.0	43.9	27.3	55.4	38.1
2007-11-13	2055.0	209.0	748.0	966.0	259.0	546.0	714.0	42.4	24.3	55.7	34.7
2007-11-20	1812.0	159.0	492.0	826.0	321.0	514.0	686.0	40.7	26.0	53.7	35.8
2007-11-27	1781.0	237.0	477.0	752.0	373.0	498.0	637.0	38.8	28.3	52.0	38.2
2008-01-08	2090.0	66.0	511.0	979.0	613.0	555.0	476.0	44.5	36.5	48.9	47.2
2008-01-15	2120.0	64.0	559.0	1055.0	711.0	658.0	507.0	44.1	36.6	48.3	49.2
2008-01-22	2103.0	70.0	567.0	1088.0	709.0	653.0	535.0	45.7	37.2	50.6	49.7
2008-01-29	1829.0	97.0	534.0	940.0	734.0	598.0	367.0	47.0	43.1	51.4	54.7
2008-04-08	2024.0	215.0	299.0	885.0	1162.0	844.0	483.0	37.5	57.1	46.9	64.9
2008-04-15	2091.0	292.0	277.0	845.0	1151.0	822.0	531.0	34.2	54.8	44.0	63.9
2008-04-22	2103.0	174.0	277.0	741.0	1062.0	983.0	559.0	33.3	54.5	42.2	63.3
2008-04-29	2021.0	317.0	313.0	704.0	1063.0	805.0	450.0	33.8	56.9	44.6	64.7
2008-05-06	1968.0	367.0	303.0	691.0	1029.0	729.0	455.0	33.4	56.7	45.5	65.0
2008-05-13	1926.0	454.0	332.0	623.0	1000.0	781.0	526.0	32.4	56.3	48.4	65.1
2008-05-20	1887.0	574.0	352.0	544.0	979.0	753.0	540.0	33.8	56.4	50.0	64.8
2008-05-27	2011.0	574.0	445.0	521.0	945.0	831.0	536.0	31.3	51.3	45.8	61.7
2008-06-03	2122.0	691.0	483.0	490.0	940.0	790.0	548.0	28.8	48.7	43.4	61.1
2008-06-10	2220.0	760.0	535.0	419.0	958.0	859.0	545.0	28.2	47.3	41.5	59.0
2008-06-17	2260.0	742.0	518.0	397.0	966.0	871.0	526.0	27.5	46.8	39.4	57.6
2008-06-24	2264.0	816.0	576.0	357.0	929.0	1013.0	681.0	28.8	46.2	40.6	58.5
2008-07-01	2153.0	862.0	466.0	294.0	938.0	915.0	667.0	27.0	49.2	41.9	62.3
2008-07-08	2106.0	715.0	662.0	375.0	801.0	975.0	602.0	27.6	45.8	39.3	62.8
2008-07-15	1960.0	752.0	605.0	300.0	679.0	826.0	594.0	30.6	44.1	42.6	58.9
2008-07-22	1802.0	584.0	684.0	411.0	490.0	795.0	616.0	30.5	49.6	48.0	60.8
