2005-01-04	20414.0	1813.0	5651.0	14533.0	11345.0	3957.0	3307.0	26.9	33.6	40.0	45.8
2005-01-11	21605.0	2080.0	7412.0	15632.0	11299.0	3798.0	2799.0	24.6	37.4	38.0	50.9
2005-01-18	22550.0	2039.0	8170.0	16475.0	11289.0	3930.0	2985.0	23.8	36.6	36.5	47.5
2005-01-25	23758.0	1038.0	8557.0	15895.0	10449.0	6825.0	4752.0	21.9	38.6	33.7	48.0
2005-02-01	24159.0	1004.0	8824.0	16643.0	10851.0	6512.0	4484.0	21.2	39.1	34.0	48.7
2005-02-08	24814.0	933.0	9512.0	16896.0	11182.0	6985.0	4120.0	22.7	40.0	35.4	50.2
2005-02-15	27263.0	1264.0	10812.0	18778.0	12205.0	7147.0	4172.0	25.2	41.5	37.2	51.1
2005-02-22	31596.0	1375.0	13495.0	23583.0	13463.0	6378.0	4378.0	29.4	43.4	41.4	51.7
2005-03-01	35719.0	1503.0	14550.0	27635.0	16418.0	6271.0	4441.0	32.0	41.2	43.2	48.8
2005-03-08	39958.0	1652.0	15694.0	31573.0	19279.0	6509.0	4761.0	31.6	41.2	42.5	48.2
2005-03-15	49123.0	1694.0	18788.0	35556.0	23526.0	10266.0	5202.0	28.5	38.8	37.7	45.3
2005-03-22	28824.0	1190.0	10221.0	22748.0	12139.0	4886.0	6464.0	49.1	35.1	60.7	45.2
2005-03-29	30258.0	1190.0	10246.0	24336.0	14088.0	4732.0	5924.0	52.6	33.9	63.3	45.9
2005-04-05	31186.0	1192.0	10515.0	25647.0	14488.0	4347.0	6183.0	56.0	34.8	66.4	46.5
2005-04-12	31118.0	1192.0	10850.0	25486.0	14979.0	4440.0	5289.0	54.2	34.7	64.7	46.5
2005-04-19	32995.0	1121.0	12464.0	27315.0	15408.0	4554.0	5118.0	54.3	36.6	65.1	47.7
2005-04-26	34496.0	1121.0	13276.0	28030.0	16619.0	5340.0	4596.0	55.5	36.9	65.4	49.3
2005-05-03	35257.0	1121.0	13568.0	28661.0	16928.0	5470.0	4756.0	55.1	37.5	64.9	49.6
2005-05-10	35378.0	1121.0	13161.0	28693.0	16725.0	5559.0	5487.0	54.7	37.5	64.4	48.6
2005-05-17	36960.0	1121.0	13002.0	30221.0	18640.0	5613.0	5313.0	56.5	37.0	65.6	48.9
2005-05-24	36652.0	777.0	13017.0	29970.0	18519.0	5794.0	5005.0	56.3	37.3	64.6	49.0
2005-05-31	37826.0	1009.0	13657.0	31707.0	18605.0	5003.0	5457.0	55.0	36.2	65.0	47.4
2005-06-07	38946.0	1049.0	13880.0	30162.0	19542.0	7290.0	5079.0	51.2	35.1	59.2	46.1
2005-06-14	45504.0	555.0	14438.0	35440.0	25523.0	8623.0	4657.0	45.3	31.4	52.0	43.1
2005-06-21	28822.0	488.0	3298.0	23178.0	18752.0	5156.0	6772.0	49.9	33.9	58.8	48.1
2005-06-28	28965.0	765.0	3519.0	23144.0	18343.0	5056.0	7103.0	50.3	34.1	58.5	48.2
2005-07-05	29238.0	879.0	4319.0	23465.0	18478.0	4894.0	6441.0	49.9	33.9	59.3	47.8
2005-07-12	29085.0	800.0	4050.0	23337.0	20897.0	4948.0	4138.0	50.0	37.6	59.7	53.3
2005-07-19	29274.0	778.0	4244.0	23431.0	19290.0	5065.0	5740.0	49.7	36.6	59.3	50.6
2005-07-26	29112.0	468.0	4134.0	23345.0	19134.0	5299.0	5844.0	49.9	36.9	59.6	50.9
2005-08-02	30750.0	458.0	4072.0	25044.0	20356.0	5248.0	6322.0	53.0	35.0	62.5	49.0
2005-08-09	30811.0	452.0	4129.0	25385.0	20583.0	4974.0	6099.0	53.0	34.9	62.9	49.1
2005-08-16	31998.0	220.0	4338.0	27735.0	22213.0	4043.0	5447.0	55.5	33.7	66.5	47.7
2005-08-23	36107.0	220.0	5163.0	30820.0	25208.0	5067.0	5736.0	56.7	35.3	66.4	48.9
2005-09-06	38141.0	221.0	6145.0	32154.0	25855.0	5711.0	6086.0	59.3	32.8	66.7	46.1
2005-09-13	46478.0	785.0	6166.0	39300.0	32315.0	5497.0	7101.0	48.5	25.9	54.6	36.6
2005-09-20	31176.0	1178.0	5677.0	25739.0	20853.0	4259.0	4646.0	52.0	30.0	61.9	45.6
2005-09-27	31597.0	672.0	5889.0	26164.0	21198.0	4761.0	4510.0	54.1	28.7	63.3	44.2
2005-10-04	32198.0	669.0	6045.0	26744.0	21574.0	4785.0	4579.0	54.1	29.1	63.1	44.5
2005-10-11	33808.0	866.0	6347.0	27739.0	22725.0	5203.0	4736.0	54.5	29.8	63.6	45.5
2005-10-18	34459.0	743.0	7091.0	29542.0	22742.0	4174.0	4626.0	55.7	29.8	66.5	45.2
2005-10-25	35433.0	852.0	7087.0	31123.0	22762.0	3458.0	5584.0	54.7	30.6	66.4	45.1
2005-11-01	35941.0	900.0	6427.0	31395.0	23650.0	3646.0	5864.0	54.9	30.5	67.5	42.9
2005-11-08	37586.0	1508.0	5994.0	31700.0	23279.0	4378.0	8313.0	53.1	28.9	65.6	40.8
2005-11-15	37141.0	1516.0	5836.0	31806.0	23266.0	3819.0	8039.0	53.7	29.2	66.9	41.3
2005-11-22	36897.0	1523.0	5940.0	31436.0	22659.0	3938.0	8298.0	52.7	28.5	66.1	40.2
2005-11-29	36858.0	1522.0	5700.0	31611.0	23316.0	3725.0	7842.0	53.0	28.9	65.7	41.1
2005-12-06	41124.0	1560.0	6090.0	35390.0	27782.0	4130.0	7208.0	49.8	30.3	61.7	43.0
2005-12-13	50319.0	2411.0	5514.0	35422.0	32968.0	10366.0	9717.0	34.5	24.6	43.7	34.8
2005-12-20	28834.0	4864.0	5008.0	19215.0	15573.0	4753.0	8251.0	37.6	21.9	51.0	33.1
2005-12-27	29119.0	4864.0	5007.0	19342.0	15511.0	4911.0	8599.0	37.3	21.5	51.3	32.6
2006-01-03	28879.0	4864.0	5203.0	19188.0	15863.0	4825.0	7811.0	36.4	21.4	50.6	32.6
2006-01-10	28501.0	5063.0	5306.0	18892.0	15932.0	4544.0	7261.0	36.9	21.9	51.3	33.3
2006-01-17	28572.0	5057.0	5722.0	19296.0	15585.0	4217.0	7263.0	34.8	21.8	49.3	33.2
2006-01-24	28626.0	5106.0	5931.0	19186.0	16147.0	4332.0	6546.0	35.3	21.2	50.5	33.7
2006-01-31	28558.0	5156.0	6156.0	18884.0	15980.0	4516.0	6420.0	35.3	22.2	51.7	34.5
2006-02-07	29398.0	5095.0	6096.0	19707.0	16429.0	4594.0	6871.0	35.7	22.8	51.6	36.8
2006-02-14	31680.0	5368.0	6276.0	19783.0	17282.0	6527.0	8120.0	33.3	23.7	48.1	36.7
2006-02-21	30266.0	5371.0	6676.0	19861.0	17057.0	5032.0	6531.0	34.8	24.8	50.0	37.3
2006-02-28	31570.0	5378.0	6684.0	20936.0	17699.0	5253.0	7184.0	33.4	23.7	44.7	34.5
2006-03-07	34247.0	5384.0	6816.0	23256.0	19554.0	5413.0	7683.0	31.5	21.6	44.3	31.6
2006-03-14	46896.0	5404.0	7281.0	31387.0	26462.0	6360.0	9408.0	30.3	21.0	39.8	29.6
2006-03-21	31474.0	5026.0	4957.0	22618.0	18672.0	3810.0	7825.0	35.6	25.8	51.3	39.2
2006-03-28	30834.0	5236.0	5065.0	21982.0	18780.0	3596.0	6969.0	36.8	26.3	51.9	40.0
2006-04-04	30604.0	5310.0	4895.0	21576.0	18753.0	3697.0	6935.0	37.1	26.8	52.2	40.9
2006-04-11	32507.0	5266.0	5073.0	23820.0	20857.0	3400.0	6556.0	37.7	29.6	54.6	43.1
2006-04-18	34119.0	5261.0	5143.0	25580.0	22771.0	3257.0	6184.0	35.2	31.4	52.6	44.4
2006-04-25	36326.0	5657.0	5807.0	27188.0	24499.0	3460.0	5999.0	37.8	33.4	53.3	45.8
2006-05-02	37700.0	5853.0	5133.0	28009.0	25635.0	3817.0	6911.0	39.4	35.1	54.3	47.0
2006-05-09	40302.0	6048.0	5323.0	29933.0	28356.0	4281.0	6583.0	43.4	38.5	57.7	49.6
2006-05-16	40077.0	6090.0	5552.0	29979.0	29259.0	3968.0	5226.0	47.3	39.4	61.5	51.6
2006-05-23	42027.0	5431.0	5578.0	31690.0	30963.0	4892.0	5472.0	50.5	38.2	63.9	52.3
2006-05-30	43085.0	4998.0	5830.0	31987.0	32048.0	6086.0	5193.0	50.8	38.8	63.7	52.7
2006-06-06	50099.0	5752.0	6093.0	35120.0	37218.0	8848.0	6409.0	49.0	38.4	58.4	52.7
2006-06-13	61497.0	5427.0	7208.0	40141.0	42199.0	13846.0	10007.0	41.4	32.7	49.5	45.2
2006-06-20	32604.0	5975.0	6717.0	22548.0	18819.0	4074.0	7061.0	45.4	17.2	55.3	28.7
2006-06-27	34009.0	5975.0	7044.0	24005.0	20333.0	4022.0	6625.0	50.9	16.0	59.6	27.9
2006-07-03	33583.0	5733.0	6536.0	23760.0	20629.0	4083.0	6411.0	51.5	16.2	59.9	28.2
2006-07-11	34657.0	5733.0	6774.0	25862.0	20180.0	3055.0	7696.0	50.2	16.3	60.5	28.0
2006-07-18	36792.0	5733.0	6547.0	27019.0	23828.0	4036.0	6413.0	47.2	21.2	54.7	32.2
2006-07-25	38723.0	5733.0	6498.0	29676.0	25942.0	3310.0	6279.0	49.0	20.9	58.4	32.6
2006-08-01	40450.0	400.0	6457.0	36048.0	25791.0	3993.0	8193.0	48.4	19.7	57.8	31.1
2006-08-08	41830.0	400.0	6523.0	37602.0	27222.0	3819.0	8076.0	50.1	23.3	59.9	34.3
2006-08-15	43895.0	400.0	6498.0	39381.0	28600.0	4105.0	8788.0	50.6	25.3	61.4	35.8
2006-08-22	44221.0	400.0	6699.0	40009.0	29008.0	3803.0	8505.0	51.0	25.5	61.7	36.5
2006-08-29	42203.0	400.0	7240.0	37898.0	27010.0	3901.0	7949.0	54.7	27.5	65.9	39.3
2006-09-05	42511.0	400.0	6063.0	37187.0	26832.0	4815.0	9507.0	54.3	26.5	64.9	38.0
2006-09-12	53386.0	500.0	5894.0	43174.0	33459.0	7067.0	11388.0	40.6	20.6	49.8	29.9
2006-09-19	31798.0	800.0	5684.0	27116.0	14903.0	3882.0	11211.0	54.9	19.7	67.4	32.1
2006-09-26	33409.0	800.0	4925.0	28959.0	16727.0	3650.0	11757.0	53.7	19.1	68.3	33.0
2006-10-03	35177.0	800.0	4691.0	30832.0	19419.0	3545.0	11067.0	54.3	20.6	70.2	33.6
2006-10-10	34235.0	800.0	4355.0	29714.0	20666.0	3721.0	9214.0	58.9	20.7	73.1	34.6
2006-10-17	35736.0	1601.0	3987.0	29399.0	19384.0	4736.0	12365.0	56.4	20.9	67.9	34.5
2006-10-24	36918.0	3033.0	3776.0	29149.0	20519.0	4734.0	12621.0	49.3	21.8	66.8	36.0
2006-10-31	37793.0	3066.0	3338.0	30266.0	21346.0	4459.0	13107.0	46.7	24.2	67.5	38.7
2006-11-07	37889.0	3048.0	3503.0	30158.0	21362.0	4683.0	13024.0	47.0	24.0	67.0	38.5
2006-11-14	37575.0	3472.0	3664.0	30195.0	21087.0	3906.0	12822.0	49.5	22.8	67.7	36.0
2006-11-21	40282.0	3461.0	3639.0	32140.0	24067.0	4681.0	12576.0	49.1	24.6	69.2	38.7
2006-11-28	41790.0	3761.0	3626.0	32871.0	25006.0	5158.0	13158.0	48.8	23.7	68.2	38.3
2006-12-05	42390.0	4621.0	3611.0	33025.0	25988.0	4744.0	12791.0	48.3	22.1	69.2	36.4
2006-12-12	47238.0	4655.0	3699.0	36430.0	28919.0	5299.0	13766.0	43.8	21.9	61.2	32.7
2006-12-19	23324.0	318.0	3653.0	19002.0	12209.0	4004.0	7462.0	52.2	29.6	64.8	41.4
2006-12-26	24080.0	320.0	3635.0	20084.0	13230.0	3676.0	7215.0	51.3	28.7	65.1	40.2
2007-01-03	24264.0	338.0	3711.0	20020.0	13282.0	3906.0	7271.0	50.9	28.4	64.6	40.0
2007-01-09	26959.0	827.0	5361.0	21522.0	14603.0	4610.0	6995.0	47.8	28.3	61.4	42.4
2007-01-16	29061.0	1585.0	5202.0	22150.0	15567.0	5326.0	8292.0	43.7	27.6	58.8	43.6
2007-01-23	31655.0	1582.0	5519.0	25265.0	18172.0	4784.0	7940.0	43.3	29.4	59.5	47.8
2007-01-30	32764.0	1827.0	5348.0	26217.0	19693.0	4696.0	7699.0	44.2	30.1	61.6	48.7
2007-02-06	32522.0	1921.0	4615.0	26612.0	21090.0	3965.0	6793.0	45.7	32.1	63.3	51.4
2007-02-13	33844.0	1932.0	4347.0	27627.0	22872.0	4261.0	6601.0	47.5	34.4	66.4	53.0
2007-02-20	35713.0	1948.0	4405.0	29520.0	25568.0	4228.0	5723.0	49.8	38.1	68.3	55.7
2007-02-27	37285.0	1914.0	4079.0	31142.0	28129.0	4212.0	5060.0	51.0	41.3	68.7	57.2
2007-03-06	44076.0	1783.0	5371.0	36534.0	33576.0	5759.0	5129.0	49.5	41.7	66.7	55.4
2007-03-13	60957.0	1756.0	5960.0	49021.0	44098.0	9648.0	10367.0	43.2	33.5	57.1	44.5
2007-03-20	32465.0	1032.0	7786.0	27512.0	19038.0	3921.0	5641.0	64.3	36.6	72.9	47.9
2007-03-27	32605.0	1044.0	7554.0	27318.0	19780.0	4243.0	5271.0	64.1	36.4	72.6	49.2
2007-04-03	33379.0	1434.0	6858.0	27531.0	20892.0	4414.0	5629.0	62.6	35.5	72.1	48.6
2007-04-10	33572.0	1485.0	6522.0	28459.0	23121.0	3628.0	3929.0	62.3	38.8	71.7	51.8
2007-04-17	36824.0	2079.0	6818.0	30592.0	24923.0	4153.0	5083.0	59.4	36.9	71.3	51.2
2007-04-24	42117.0	2792.0	6175.0	33455.0	28986.0	5870.0	6956.0	56.9	41.3	67.3	56.6
2007-05-01	41687.0	2791.0	6458.0	34769.0	30818.0	4127.0	4411.0	61.8	44.3	72.3	59.3
2007-05-08	41942.0	2787.0	6351.0	34755.0	30643.0	4400.0	4948.0	60.5	45.5	70.9	59.4
2007-05-15	45755.0	2821.0	8531.0	38003.0	32924.0	4931.0	4300.0	60.7	44.7	71.8	63.8
2007-05-22	48292.0	2779.0	8549.0	40165.0	34192.0	5348.0	5551.0	62.8	43.7	73.4	61.8
2007-05-29	48424.0	2773.0	8553.0	40544.0	34405.0	5107.0	5466.0	62.7	43.6	73.2	61.6
2007-06-05	51150.0	2408.0	8191.0	43585.0	36974.0	4657.0	5485.0	65.8	45.4	75.3	62.8
2007-06-12	61023.0	2420.0	8271.0	50370.0	43562.0	6872.0	7829.0	57.8	38.9	65.7	53.7
2007-06-19	30535.0	743.0	7638.0	25179.0	17599.0	4613.0	5298.0	49.9	33.5	64.7	49.4
2007-06-26	32620.0	248.0	7745.0	27474.0	19863.0	4898.0	5012.0	51.7	31.4	65.4	48.0
2007-07-03	36756.0	238.0	8079.0	31270.0	23421.0	5248.0	5256.0	57.2	32.3	68.6	49.7
2007-07-10	39173.0	265.0	8249.0	33397.0	25669.0	5511.0	5255.0	54.1	34.8	69.3	51.7
2007-07-17	39543.0	280.0	8128.0	33494.0	26368.0	5769.0	5047.0	52.8	34.0	68.0	51.6
2007-07-24	41661.0	213.0	8302.0	34441.0	28265.0	7007.0	5094.0	51.7	34.9	66.1	54.0
2007-07-31	52048.0	380.0	10519.0	44332.0	36414.0	7331.0	5110.0	51.5	38.0	69.5	56.1
2007-08-07	56357.0	366.0	10448.0	48825.0	40601.0	7161.0	5303.0	52.9	42.1	71.2	59.6
2007-08-14	57929.0	366.0	10349.0	49873.0	42046.0	7684.0	5528.0	53.9	42.1	71.7	59.1
2007-08-21	58091.0	562.0	10472.0	49385.0	42200.0	8126.0	5401.0	54.5	41.9	72.2	58.6
2007-08-28	58341.0	0.0	10297.0	50180.0	42278.0	8049.0	5654.0	56.5	41.4	73.9	57.9
2007-09-04	58445.0	2.0	9948.0	50162.0	42356.0	8221.0	6081.0	56.4	41.3	73.8	57.8
2007-09-11	60359.0	352.0	13389.0	50911.0	41687.0	9021.0	5208.0	56.2	41.0	72.5	57.2
2007-09-18	68701.0	350.0	13448.0	52957.0	44208.0	14574.0	10225.0	50.4	37.6	60.5	53.2
2007-09-25	30605.0	1276.0	9923.0	19443.0	14155.0	9878.0	6519.0	32.2	27.8	44.5	38.3
2007-10-02	31362.0	1685.0	11009.0	19184.0	13855.0	10485.0	6490.0	31.9	26.4	43.3	37.3
2007-10-09	31610.0	2219.0	11099.0	18981.0	14613.0	10402.0	5890.0	33.5	27.8	44.7	38.7
2007-10-16	31572.0	2436.0	10981.0	18064.0	14347.0	11064.0	6236.0	32.6	26.3	43.7	37.5
2007-10-23	33563.0	2866.0	11256.0	19684.0	16401.0	11007.0	5900.0	31.2	25.4	43.4	36.3
2007-10-30	33211.0	2662.0	10932.0	19625.0	16198.0	10918.0	6075.0	32.2	25.4	45.0	36.2
2007-11-06	36190.0	2276.0	12264.0	22989.0	18235.0	10919.0	5685.0	34.3	25.7	47.5	37.1
2007-11-13	36551.0	435.0	13147.0	22258.0	17482.0	13852.0	5916.0	34.0	26.0	45.4	38.1
2007-11-20	38370.0	483.0	13381.0	23518.0	18663.0	14349.0	6306.0	32.2	24.9	42.3	36.4
2007-11-27	38996.0	483.0	14516.0	24940.0	19519.0	13563.0	4951.0	31.5	26.9	42.0	40.5
2007-12-04	38287.0	483.0	14417.0	24037.0	19045.0	13761.0	4819.0	33.1	27.8	43.0	40.2
2007-12-11	38418.0	894.0	14199.0	23892.0	18818.0	13401.0	5170.0	33.1	25.0	44.2	37.2
2007-12-18	57939.0	1827.0	15134.0	39040.0	35587.0	16864.0	7010.0	22.4	18.3	28.3	26.0
2007-12-24	34066.0	1215.0	11339.0	23634.0	18246.0	9205.0	4469.0	49.1	25.5	57.0	40.7
2007-12-31	36916.0	1290.0	12977.0	25146.0	19496.0	10468.0	4431.0	45.3	24.2	53.5	38.9
2008-01-08	40134.0	1333.0	15022.0	26938.0	21171.0	11851.0	3929.0	45.4	25.3	53.8	41.2
2008-01-15	40828.0	1394.0	14528.0	26841.0	22410.0	12581.0	3878.0	48.6	25.0	56.2	41.4
2008-01-22	42278.0	1293.0	14919.0	26874.0	23028.0	14099.0	4319.0	48.7	24.0	56.5	40.1
2008-01-29	42565.0	875.0	13775.0	27625.0	23373.0	14053.0	5405.0	49.9	23.0	57.2	38.5
2008-02-05	43593.0	1293.0	15580.0	27392.0	23590.0	14896.0	4411.0	48.8	24.7	55.9	41.3
2008-02-12	44294.0	1254.0	15700.0	28447.0	24112.0	14581.0	4470.0	49.3	24.4	55.5	38.8
2008-02-19	44263.0	997.0	15885.0	28419.0	24614.0	14835.0	3752.0	49.4	25.7	54.9	40.1
2008-02-26	45113.0	997.0	15347.0	29521.0	25097.0	14582.0	4656.0	48.7	21.7	54.8	35.5
2008-03-04	47137.0	998.0	16944.0	30419.0	26333.0	15483.0	3623.0	46.6	23.4	55.2	38.1
2008-03-11	49408.0	997.0	18578.0	31198.0	27018.0	16915.0	3514.0	44.5	23.0	54.4	36.7
2008-03-18	59389.0	999.0	16468.0	38278.0	34278.0	18132.0	6663.0	34.6	15.9	41.7	26.1
2008-03-25	32377.0	1929.0	13199.0	19381.0	16085.0	11055.0	3081.0	46.8	22.2	53.4	36.7
2008-04-01	32533.0	541.0	12594.0	19792.0	16499.0	12188.0	3428.0	44.9	22.1	51.0	36.7
2008-04-08	33256.0	537.0	12806.0	20529.0	16951.0	12178.0	3487.0	44.9	22.7	51.1	37.0
2008-04-15	35807.0	540.0	14118.0	22285.0	17938.0	12970.0	3739.0	41.9	27.1	50.2	40.1
2008-04-22	37673.0	932.0	14523.0	23358.0	19797.0	13371.0	3341.0	40.4	27.2	50.2	39.7
2008-04-29	37116.0	947.0	13642.0	22079.0	19685.0	14078.0	3777.0	41.3	30.9	52.7	44.3
2008-05-06	38458.0	3955.0	13819.0	19933.0	20415.0	14558.0	4212.0	39.6	32.6	52.8	45.8
2008-05-13	39303.0	6538.0	14003.0	17915.0	21243.0	14838.0	4045.0	37.9	33.1	51.7	46.5
2008-05-20	40170.0	6528.0	13705.0	18511.0	21942.0	15119.0	4511.0	38.5	32.7	51.6	45.9
2008-05-27	40350.0	7248.0	13355.0	18059.0	22506.0	15031.0	4477.0	38.1	32.2	49.9	45.4
2008-06-03	41165.0	6744.0	13591.0	17551.0	23289.0	16858.0	4273.0	37.6	32.8	47.5	46.2
2008-06-10	41631.0	7043.0	13788.0	17432.0	24094.0	17144.0	3737.0	37.2	27.8	44.9	41.4
2008-06-17	52245.0	8008.0	13153.0	25067.0	31844.0	17876.0	5954.0	29.0	20.6	34.8	31.3
2008-06-24	28939.0	406.0	11757.0	22109.0	13828.0	6424.0	3354.0	52.3	32.7	63.9	49.0
2008-07-01	31657.0	880.0	12975.0	24200.0	15221.0	6577.0	3461.0	50.0	30.8	60.5	46.9
2008-07-08	33842.0	860.0	15273.0	26025.0	14243.0	6957.0	4326.0	52.9	32.6	63.5	48.0
2008-07-15	38040.0	993.0	18090.0	28542.0	16329.0	8505.0	3621.0	50.7	34.2	61.2	50.5
2008-07-22	35842.0	1024.0	15629.0	27458.0	16186.0	7360.0	4027.0	49.9	31.6	60.1	46.7
2008-07-29	31462.0	1320.0	11474.0	26153.0	16219.0	3989.0	3769.0	52.4	28.2	62.8	43.3
2008-08-05	30823.0	1299.0	11363.0	25277.0	15969.0	4247.0	3491.0	48.0	29.8	60.6	45.0
2008-08-12	30086.0	1049.0	8664.0	25533.0	18328.0	3504.0	3094.0	49.4	31.6	64.3	46.6
2008-08-19	30855.0	1049.0	8516.0	25987.0	18528.0	3819.0	3811.0	45.2	31.8	64.3	47.8
2008-08-26	31570.0	1449.0	8163.0	26810.0	19479.0	3311.0	3928.0	46.7	31.7	64.6	48.4
2008-09-02	32181.0	1449.0	8642.0	28052.0	19640.0	2680.0	3899.0	53.2	32.7	68.4	47.9
2008-09-09	32170.0	1449.0	8596.0	27001.0	19767.0	3720.0	3807.0	50.1	33.0	64.7	48.0
2008-09-16	29629.0	1075.0	5761.0	26774.0	21240.0	1780.0	2628.0	63.7	32.9	74.1	48.7
