2005-01-04	108528.0	13282.0	13320.0	81305.0	85186.0	12580.0	8661.0	36.7	43.3	50.6	55.6
2005-01-11	135007.0	20739.0	17458.0	104826.0	103712.0	8258.0	12653.0	42.9	40.5	58.2	53.7
2005-01-18	142522.0	22737.0	17494.0	103256.0	108502.0	15376.0	15373.0	42.7	36.5	53.9	49.0
2005-01-25	159560.0	30381.0	23330.0	115635.0	118839.0	12491.0	16338.0	54.5	35.3	65.2	49.5
2005-02-01	160705.0	31382.0	22772.0	114067.0	119407.0	14142.0	17412.0	52.0	38.1	63.2	52.7
2005-02-08	161934.0	33303.0	26485.0	119430.0	119139.0	8489.0	15598.0	53.0	40.3	67.2	54.2
2005-02-15	177766.0	39468.0	28423.0	125094.0	134500.0	12593.0	14232.0	54.3	39.7	67.7	53.6
2005-02-22	199187.0	49793.0	31535.0	135483.0	152769.0	12525.0	13497.0	60.5	38.6	72.7	51.9
2005-03-01	211226.0	61495.0	34806.0	135446.0	160763.0	13190.0	14562.0	59.0	37.7	70.3	53.3
2005-03-08	212726.0	66550.0	36512.0	130812.0	160295.0	11078.0	11633.0	61.0	37.5	72.5	52.7
2005-03-15	249573.0	74260.0	38254.0	151854.0	160875.0	9301.0	36286.0	55.2	32.8	65.7	45.1
2005-03-22	154652.0	37464.0	31118.0	97869.0	109985.0	18256.0	12486.0	37.0	39.2	55.4	54.4
2005-03-29	162134.0	33253.0	31373.0	110537.0	116900.0	17215.0	12732.0	38.5	36.7	57.3	49.5
2005-04-05	170342.0	36457.0	31747.0	119407.0	125308.0	13559.0	12368.0	44.6	37.0	63.1	50.3
2005-04-12	175471.0	43202.0	29781.0	121119.0	132669.0	9960.0	11831.0	46.7	36.7	64.0	51.0
2005-04-19	195853.0	50635.0	28655.0	136440.0	154453.0	7363.0	11330.0	53.2	34.4	66.9	49.7
2005-04-26	217677.0	56240.0	28765.0	147635.0	169136.0	12338.0	18312.0	56.1	33.5	67.6	47.8
2005-05-03	233934.0	60117.0	35213.0	165037.0	182160.0	7334.0	15115.0	57.9	31.3	67.8	45.1
2005-05-10	234934.0	54713.0	33682.0	171911.0	183166.0	6898.0	16674.0	60.1	30.8	69.6	44.7
2005-05-17	247569.0	52684.0	39986.0	183645.0	189968.0	9472.0	15847.0	61.0	31.9	70.0	45.2
2005-05-24	242112.0	51671.0	36029.0	178440.0	189046.0	10247.0	15283.0	61.2	34.7	70.1	48.6
2005-05-31	247747.0	52587.0	35520.0	181657.0	192208.0	10682.0	17198.0	60.4	33.7	69.5	48.2
2005-06-07	248737.0	48958.0	33125.0	186146.0	191994.0	9911.0	19896.0	59.4	34.5	69.0	49.2
2005-06-14	305120.0	48353.0	36596.0	207352.0	211031.0	27687.0	35765.0	47.9	29.5	56.2	41.5
2005-06-21	216147.0	16935.0	52377.0	184575.0	152804.0	14015.0	10344.0	54.6	37.5	65.7	50.7
2005-06-28	233459.0	16665.0	45161.0	201570.0	176565.0	14703.0	11212.0	55.9	37.1	65.2	50.6
2005-07-05	240200.0	24186.0	45620.0	200992.0	183069.0	13997.0	10486.0	53.4	36.2	62.8	49.5
2005-07-12	227435.0	27030.0	43793.0	186112.0	169728.0	13226.0	12847.0	50.8	33.0	59.7	46.1
2005-07-19	224709.0	26083.0	43567.0	184792.0	170003.0	12954.0	10259.0	52.0	33.5	60.8	48.4
2005-07-26	221879.0	23976.0	42850.0	184812.0	169469.0	12509.0	8978.0	53.6	32.9	62.5	48.8
2005-08-02	226147.0	25067.0	44056.0	184317.0	171172.0	16252.0	10408.0	52.6	33.9	61.0	48.6
2005-08-09	220704.0	14863.0	44041.0	190825.0	166472.0	14431.0	9606.0	57.3	34.3	64.9	48.3
2005-08-16	227123.0	13555.0	47062.0	201044.0	169049.0	11900.0	10388.0	59.1	34.1	66.5	49.0
2005-08-23	244708.0	12781.0	48390.0	220775.0	184151.0	10498.0	11513.0	57.6	33.5	65.9	48.0
2005-09-06	240805.0	20770.0	50050.0	205110.0	178709.0	13659.0	10780.0	55.2	34.2	62.8	47.7
2005-09-13	288403.0	21071.0	48920.0	235285.0	213759.0	26644.0	20321.0	43.8	28.9	50.2	40.9
2005-09-20	213561.0	16580.0	50413.0	189325.0	151820.0	7448.0	11120.0	55.2	40.7	65.8	52.7
2005-09-27	220599.0	13753.0	49126.0	199484.0	157945.0	7013.0	13179.0	58.7	39.4	67.9	50.5
2005-10-04	230566.0	17026.0	52858.0	204653.0	161884.0	8765.0	15702.0	61.2	37.9	68.6	48.7
2005-10-11	255894.0	12550.0	56449.0	230749.0	178118.0	10876.0	19608.0	62.7	34.1	71.0	45.1
2005-10-18	265998.0	13062.0	62886.0	243534.0	188430.0	7974.0	13254.0	65.1	33.2	71.3	44.8
2005-10-25	282186.0	13624.0	69934.0	255648.0	199699.0	11522.0	11161.0	64.2	31.6	71.4	44.3
2005-11-01	286803.0	13484.0	62320.0	255089.0	211554.0	15483.0	10182.0	63.9	31.4	70.4	44.9
2005-11-08	284688.0	16447.0	59865.0	242940.0	211431.0	22714.0	10805.0	58.8	32.4	65.8	45.0
2005-11-15	288183.0	18483.0	59679.0	240654.0	215884.0	26227.0	9801.0	56.2	31.7	63.2	44.9
2005-11-22	290149.0	22809.0	57725.0	236407.0	219499.0	27971.0	9963.0	52.9	33.5	60.9	47.3
2005-11-29	298333.0	23136.0	60540.0	247498.0	225166.0	24922.0	9850.0	54.5	32.4	62.3	45.1
2005-12-06	299001.0	24072.0	47204.0	251363.0	238371.0	20769.0	10629.0	54.4	34.2	62.2	46.7
2005-12-13	360800.0	22069.0	44688.0	297907.0	276376.0	25441.0	24353.0	45.4	25.7	52.3	35.9
2005-12-20	266732.0	27428.0	46987.0	210511.0	208692.0	27805.0	10065.0	54.8	35.2	62.7	50.9
2005-12-27	268723.0	27765.0	47474.0	212212.0	210047.0	27633.0	10089.0	55.7	34.7	63.6	49.5
2006-01-03	274806.0	28578.0	51848.0	219853.0	212901.0	25481.0	9163.0	57.5	33.7	65.2	47.9
2006-01-10	276163.0	35184.0	52963.0	216710.0	208664.0	22597.0	12864.0	56.7	32.2	64.4	46.2
2006-01-17	278177.0	34902.0	60666.0	219557.0	201594.0	21421.0	13620.0	57.9	31.7	65.5	46.4
2006-01-24	268175.0	41901.0	58337.0	204764.0	194714.0	19901.0	13515.0	52.4	29.9	60.5	41.3
2006-01-31	266998.0	48898.0	56882.0	198365.0	198403.0	19193.0	11171.0	49.2	29.8	58.4	41.8
2006-02-07	271551.0	44810.0	60851.0	207251.0	198297.0	18932.0	11845.0	52.1	27.8	60.3	41.4
2006-02-14	272819.0	38212.0	62089.0	211701.0	200145.0	21886.0	9565.0	52.6	27.4	60.6	40.7
2006-02-21	276041.0	34380.0	59143.0	219991.0	203083.0	20413.0	12558.0	54.5	27.9	63.0	41.8
2006-02-28	284871.0	35616.0	65309.0	225777.0	208657.0	22930.0	10357.0	54.0	26.7	62.2	40.9
2006-03-07	305319.0	31710.0	72179.0	243629.0	215415.0	25445.0	13190.0	54.7	25.9	62.0	39.8
2006-03-14	387982.0	32191.0	69515.0	284454.0	255961.0	25656.0	16825.0	43.3	23.0	48.8	34.7
2006-03-21	289167.0	70276.0	62478.0	191900.0	212937.0	26433.0	13194.0	51.3	32.2	63.1	48.7
2006-03-28	292396.0	74502.0	63497.0	195545.0	212552.0	20299.0	14297.0	51.4	31.7	63.0	48.1
2006-04-04	301727.0	78627.0	66886.0	199912.0	221869.0	21952.0	11736.0	49.8	32.2	62.0	48.4
2006-04-11	313842.0	72406.0	65331.0	220544.0	235107.0	20220.0	12732.0	50.1	31.4	64.3	47.5
2006-04-18	318877.0	77639.0	72973.0	219200.0	229540.0	20468.0	14794.0	49.3	31.8	62.6	47.7
2006-04-25	336192.0	76421.0	79108.0	237356.0	241155.0	21536.0	15050.0	49.8	31.5	63.1	47.5
2006-05-02	355633.0	73343.0	97672.0	258032.0	242476.0	22482.0	13709.0	51.2	29.8	64.1	46.0
2006-05-09	360680.0	75795.0	102779.0	256769.0	239432.0	25852.0	16205.0	50.5	27.7	64.1	44.4
2006-05-16	410542.0	72459.0	108479.0	309384.0	275301.0	26786.0	24849.0	54.8	27.4	69.6	42.0
2006-05-23	416166.0	78136.0	102412.0	317653.0	294856.0	18611.0	17132.0	55.7	28.5	70.4	42.5
2006-05-30	425496.0	75788.0	101424.0	333955.0	295728.0	13387.0	25978.0	54.9	27.4	69.3	41.1
2006-06-06	470601.0	74119.0	112620.0	375689.0	317340.0	19191.0	39039.0	55.0	25.1	68.4	38.2
2006-06-13	633577.0	91120.0	126980.0	444378.0	381408.0	45471.0	72581.0	43.6	18.9	55.0	29.9
2006-06-20	418115.0	133716.0	128737.0	263762.0	274016.0	19734.0	14459.0	60.2	28.7	71.1	44.5
2006-06-27	423492.0	126562.0	112202.0	276436.0	293969.0	19592.0	16419.0	59.8	27.2	71.7	42.0
2006-07-03	427029.0	122909.0	111809.0	284952.0	298064.0	18375.0	16363.0	59.0	27.1	72.5	42.4
2006-07-11	420612.0	118021.0	104759.0	282555.0	299055.0	18754.0	15516.0	59.9	28.0	72.0	43.4
2006-07-18	434954.0	119616.0	101810.0	294486.0	317514.0	19345.0	14123.0	58.0	27.7	69.2	42.4
2006-07-25	448845.0	121382.0	98036.0	306329.0	332289.0	19084.0	16470.0	56.8	28.3	67.7	42.1
2006-08-01	455254.0	50736.0	96919.0	377117.0	339711.0	25817.0	17040.0	55.4	28.7	66.6	42.8
2006-08-08	459981.0	46853.0	107532.0	381956.0	335144.0	29265.0	15398.0	54.9	28.5	66.6	42.6
2006-08-15	467812.0	45375.0	111238.0	389856.0	337495.0	30717.0	17215.0	54.1	28.5	67.5	43.0
2006-08-22	470220.0	41713.0	112458.0	399346.0	337287.0	27315.0	18629.0	53.9	28.7	67.5	42.9
2006-08-29	462821.0	45291.0	118029.0	371446.0	305216.0	44874.0	38366.0	54.5	26.9	67.1	41.7
2006-09-05	459590.0	49718.0	116856.0	364812.0	309424.0	42853.0	31103.0	54.4	26.2	65.1	41.0
2006-09-12	520181.0	49092.0	118486.0	414292.0	351849.0	49729.0	42778.0	47.8	22.6	57.3	35.1
2006-09-19	402599.0	32583.0	113360.0	328315.0	270652.0	41004.0	17890.0	61.3	27.7	72.7	41.6
2006-09-26	420298.0	37272.0	132722.0	336567.0	271220.0	45562.0	15459.0	58.3	24.9	69.7	39.9
2006-10-03	423611.0	34884.0	141007.0	341690.0	265835.0	46062.0	15794.0	57.3	25.7	68.6	41.0
2006-10-10	427091.0	43092.0	143645.0	344124.0	264689.0	37911.0	16793.0	56.2	25.5	68.0	40.8
2006-10-17	415973.0	46109.0	120842.0	317116.0	275002.0	50943.0	18324.0	53.5	25.5	64.5	38.3
2006-10-24	413629.0	56457.0	117256.0	299845.0	277985.0	55107.0	16168.0	48.7	25.5	59.6	38.7
2006-10-31	417183.0	66065.0	123571.0	293820.0	277230.0	55811.0	14895.0	47.6	26.5	58.6	39.3
2006-11-07	407790.0	50902.0	145274.0	299891.0	246285.0	55303.0	14537.0	49.3	23.8	60.5	37.4
2006-11-14	414849.0	54751.0	147208.0	306383.0	251507.0	52251.0	14670.0	48.3	22.5	59.7	35.6
2006-11-21	405985.0	56558.0	126064.0	294384.0	263252.0	53543.0	15169.0	45.4	26.1	56.9	40.0
2006-11-28	397948.0	53287.0	133144.0	289840.0	248303.0	53198.0	14878.0	45.7	25.7	57.6	39.9
2006-12-05	424809.0	52941.0	135090.0	316464.0	270668.0	53346.0	16993.0	42.5	24.7	54.6	38.6
2006-12-12	465913.0	55138.0	135381.0	338543.0	293433.0	65641.0	30508.0	38.1	22.5	49.2	35.5
2006-12-19	342709.0	63454.0	118921.0	246078.0	207914.0	31023.0	13720.0	46.9	24.7	60.5	37.2
2006-12-26	348887.0	69110.0	119098.0	248230.0	213191.0	29594.0	14645.0	46.6	24.3	59.8	36.7
2007-01-03	348402.0	67897.0	124694.0	249833.0	207234.0	28713.0	14515.0	47.4	23.6	60.2	36.7
2007-01-09	353394.0	68271.0	120537.0	249798.0	212679.0	33492.0	18345.0	47.1	23.2	58.0	36.0
2007-01-16	364263.0	71224.0	118895.0	255418.0	227054.0	34913.0	15606.0	45.9	24.6	55.7	36.3
2007-01-23	368905.0	66470.0	123217.0	267100.0	225496.0	34173.0	19030.0	46.3	25.1	57.1	37.0
2007-01-30	371603.0	67763.0	126816.0	269767.0	223455.0	32434.0	19693.0	46.7	24.9	58.1	36.7
2007-02-06	378865.0	71023.0	133786.0	274990.0	225498.0	31488.0	18217.0	46.4	24.8	58.7	36.3
2007-02-13	381822.0	70484.0	137012.0	279090.0	227939.0	30245.0	14868.0	45.7	24.3	58.5	35.5
2007-02-20	398922.0	72133.0	162976.0	299527.0	215353.0	24032.0	17363.0	44.8	25.9	59.9	36.9
2007-02-27	442545.0	66973.0	179561.0	346057.0	238087.0	23554.0	18936.0	44.5	25.0	60.0	36.5
2007-03-06	486855.0	63888.0	179509.0	400259.0	271606.0	17861.0	30893.0	41.5	22.9	61.5	33.4
2007-03-13	574837.0	62580.0	196246.0	469536.0	320778.0	29836.0	44928.0	38.7	20.1	57.0	29.6
2007-03-20	405275.0	54626.0	186445.0	331123.0	196363.0	18338.0	21279.0	53.9	18.4	68.7	29.1
2007-03-27	413220.0	59775.0	193704.0	332627.0	197656.0	17409.0	18451.0	52.9	20.0	67.2	29.8
2007-04-03	416746.0	63897.0	194487.0	332390.0	201678.0	17569.0	17691.0	52.8	20.6	66.8	30.5
2007-04-10	425655.0	66835.0	201899.0	337571.0	205010.0	18893.0	16390.0	51.5	20.4	65.5	29.9
2007-04-17	441484.0	67987.0	208622.0	350147.0	209350.0	19528.0	19690.0	49.7	19.9	63.3	29.8
2007-04-24	455972.0	72084.0	213491.0	358549.0	216699.0	23685.0	24128.0	47.8	19.5	61.6	29.3
2007-05-01	476587.0	68618.0	222644.0	383670.0	227655.0	21988.0	23977.0	47.7	18.9	63.0	29.2
2007-05-08	495128.0	68086.0	233599.0	402176.0	232966.0	22041.0	25738.0	48.0	18.9	63.6	28.8
2007-05-15	537523.0	65009.0	249730.0	455243.0	263320.0	15506.0	22708.0	48.0	18.5	64.8	29.4
2007-05-22	564058.0	71081.0	240733.0	476815.0	281767.0	12914.0	38310.0	47.1	17.5	65.2	29.0
2007-05-29	568845.0	66503.0	260784.0	485075.0	279881.0	14061.0	24974.0	48.1	17.5	66.1	28.9
2007-06-05	600762.0	72191.0	265033.0	511826.0	309447.0	13924.0	23461.0	45.0	17.2	63.7	28.3
2007-06-12	715932.0	65140.0	265256.0	603647.0	397436.0	32905.0	39000.0	38.2	13.8	53.5	23.3
2007-06-19	517232.0	74650.0	229475.0	423927.0	263629.0	16389.0	21862.0	53.9	19.7	75.6	32.0
2007-06-26	523396.0	73012.0	242134.0	432323.0	256646.0	16336.0	22891.0	52.3	19.5	72.9	30.4
2007-07-03	541443.0	74116.0	250721.0	451191.0	263811.0	14120.0	24895.0	51.4	19.0	72.6	29.6
2007-07-10	565219.0	75502.0	259441.0	474699.0	276393.0	13647.0	28014.0	49.3	18.3	71.5	29.1
2007-07-17	578133.0	80749.0	262802.0	482287.0	288865.0	12902.0	24271.0	48.1	19.6	70.3	30.4
2007-07-24	615885.0	76068.0	268680.0	522383.0	313159.0	14904.0	31516.0	45.8	20.3	69.6	30.7
2007-07-31	659322.0	68978.0	278845.0	574302.0	339283.0	11364.0	36516.0	46.0	19.1	70.7	28.6
2007-08-07	686119.0	64606.0	290574.0	607581.0	356976.0	11633.0	36270.0	47.3	17.6	71.0	27.4
2007-08-14	653957.0	60390.0	263440.0	578684.0	347040.0	12911.0	41505.0	45.2	14.7	69.3	23.5
2007-08-21	589857.0	60767.0	222218.0	512251.0	323920.0	14085.0	40965.0	43.2	15.6	67.8	24.2
2007-08-28	598964.0	62708.0	229658.0	521130.0	329309.0	11675.0	36546.0	42.2	15.3	65.7	23.8
2007-09-04	602671.0	63805.0	228777.0	521327.0	328225.0	10620.0	38750.0	42.1	15.5	65.3	24.1
2007-09-11	655623.0	73618.0	258319.0	567041.0	347349.0	9127.0	44118.0	40.4	15.1	63.2	23.5
2007-09-18	728843.0	77800.0	267611.0	607605.0	375875.0	29700.0	71619.0	36.6	14.1	57.5	21.4
2007-09-25	573647.0	60683.0	252586.0	499339.0	270740.0	9734.0	46430.0	54.1	16.7	75.4	26.6
2007-10-02	572744.0	60483.0	239746.0	496800.0	274175.0	11859.0	55221.0	53.7	16.7	75.3	25.8
2007-10-09	566769.0	61263.0	240326.0	489791.0	270583.0	12453.0	52598.0	52.9	16.8	74.6	25.5
2007-10-16	572777.0	65580.0	235811.0	490684.0	281527.0	13929.0	52855.0	50.6	15.0	71.3	23.7
2007-10-23	579763.0	64806.0	243053.0	502953.0	277554.0	10182.0	57334.0	51.7	14.5	72.2	23.4
2007-10-30	580417.0	61224.0	246225.0	503502.0	277895.0	13316.0	53922.0	53.7	18.7	74.5	27.6
2007-11-06	619078.0	61786.0	244713.0	540706.0	311267.0	13993.0	60505.0	53.0	22.1	74.5	30.0
2007-11-13	633285.0	68849.0	235265.0	548293.0	322392.0	11712.0	71197.0	53.0	21.3	73.9	29.2
2007-11-20	652361.0	74355.0	237290.0	562540.0	347332.0	12688.0	64961.0	53.0	21.9	74.5	30.6
2007-11-27	661050.0	75375.0	233882.0	571168.0	354900.0	10664.0	68425.0	52.5	22.8	74.5	31.6
2007-12-04	662120.0	69560.0	237000.0	578745.0	352749.0	11744.0	70300.0	52.3	22.8	74.2	31.7
2007-12-11	675129.0	66581.0	238430.0	588626.0	361321.0	16233.0	71689.0	51.8	22.4	73.1	29.8
2007-12-18	831076.0	69916.0	238256.0	706368.0	467107.0	28626.0	99547.0	43.2	18.0	60.2	23.4
2007-12-24	564344.0	58400.0	234214.0	490983.0	277141.0	12529.0	50557.0	62.1	21.1	78.9	29.1
2007-12-31	587646.0	57175.0	252973.0	511857.0	276850.0	15500.0	54709.0	61.4	21.8	76.9	29.9
2008-01-08	627378.0	61045.0	267553.0	544476.0	295897.0	17744.0	59815.0	59.5	21.4	73.6	29.1
2008-01-15	647000.0	60783.0	255388.0	563753.0	318650.0	18665.0	69163.0	57.3	21.4	72.2	28.9
2008-01-22	643366.0	67080.0	250200.0	550449.0	338662.0	20170.0	48837.0	57.6	21.8	72.1	29.4
2008-01-29	612298.0	63640.0	233067.0	527413.0	305399.0	18857.0	71444.0	56.8	17.9	71.1	25.1
2008-02-05	624706.0	61723.0	255994.0	542768.0	290349.0	17957.0	76105.0	56.0	16.1	70.2	22.9
2008-02-12	644461.0	75215.0	271076.0	544257.0	293778.0	22747.0	77365.0	55.2	16.3	70.0	23.0
2008-02-19	653261.0	87053.0	279008.0	553701.0	295914.0	10538.0	76370.0	54.3	16.4	70.3	23.1
2008-02-26	663437.0	91435.0	290856.0	558622.0	297094.0	10938.0	73045.0	54.2	17.8	69.2	24.9
2008-03-04	696549.0	86483.0	306844.0	593053.0	304558.0	13341.0	81475.0	53.2	18.8	68.1	25.7
2008-03-11	733579.0	71719.0	308948.0	643136.0	333903.0	14605.0	86609.0	53.0	17.7	69.2	24.4
2008-03-18	881468.0	69860.0	292426.0	766658.0	462299.0	22168.0	103961.0	43.1	13.6	54.7	18.8
2008-03-25	633324.0	64735.0	279769.0	557256.0	289186.0	9662.0	62698.0	64.4	18.9	78.5	28.0
2008-04-01	639240.0	67667.0	268927.0	557137.0	300877.0	12885.0	67885.0	63.2	18.9	77.4	28.3
2008-04-08	646710.0	66804.0	268027.0	566747.0	310780.0	10197.0	64941.0	62.2	18.4	76.5	27.7
2008-04-15	660086.0	64212.0	272896.0	576317.0	312560.0	15212.0	70285.0	61.0	19.1	75.3	28.1
2008-04-22	660676.0	64297.0	267286.0	579100.0	315985.0	11542.0	71668.0	60.1	19.3	75.3	27.9
2008-04-29	667914.0	65365.0	268402.0	587380.0	324150.0	11167.0	71360.0	58.7	19.0	73.8	27.1
2008-05-06	677233.0	69170.0	273320.0	590865.0	323173.0	12134.0	75676.0	57.4	18.5	72.5	26.3
2008-05-13	701238.0	72368.0	291829.0	611465.0	325298.0	12429.0	79135.0	55.6	17.6	70.8	26.1
2008-05-20	711598.0	65771.0	301687.0	627369.0	323198.0	12890.0	81145.0	55.1	17.6	71.6	25.9
2008-05-27	725597.0	75221.0	297144.0	630280.0	339220.0	12941.0	82078.0	53.5	17.1	70.2	25.0
2008-06-03	737327.0	75587.0	307821.0	643956.0	340934.0	11999.0	82787.0	53.2	17.1	70.8	25.2
2008-06-10	739161.0	82113.0	310572.0	636864.0	337044.0	13685.0	85046.0	52.4	17.6	70.4	25.8
2008-06-17	782922.0	78413.0	303848.0	645751.0	351532.0	30026.0	98810.0	48.7	17.0	65.5	24.8
2008-06-24	599243.0	65582.0	249584.0	512920.0	308225.0	17498.0	38191.0	52.2	20.5	73.0	29.7
2008-07-01	635842.0	84093.0	267914.0	530064.0	324517.0	17577.0	39303.0	51.4	21.0	69.2	31.4
2008-07-08	653235.0	82399.0	279260.0	555580.0	330501.0	13734.0	41952.0	54.8	22.5	73.0	33.0
2008-07-15	674114.0	92573.0	294371.0	565066.0	330980.0	15437.0	47725.0	54.7	22.1	72.8	32.5
2008-07-22	630143.0	83775.0	281077.0	533759.0	300609.0	11519.0	47367.0	56.9	22.0	72.6	31.2
2008-07-29	595755.0	83692.0	261793.0	499671.0	309985.0	11981.0	23566.0	57.8	23.6	70.9	32.9
2008-08-05	581480.0	73979.0	243236.0	494754.0	310457.0	11655.0	26695.0	59.1	23.2	71.3	32.7
2008-08-12	575664.0	72935.0	208557.0	454029.0	331606.0	47039.0	33840.0	54.8	19.2	67.8	28.3
2008-08-19	572315.0	81088.0	184724.0	469566.0	362787.0	16013.0	19156.0	55.9	21.8	69.4	30.9
2008-08-26	573659.0	87007.0	176206.0	462957.0	371572.0	14805.0	16991.0	55.1	22.6	68.5	31.9
2008-09-02	565408.0	86583.0	183032.0	460131.0	358670.0	9936.0	14948.0	54.7	22.1	68.6	31.5
2008-09-09	548331.0	86165.0	175823.0	442805.0	345192.0	8447.0	16402.0	54.5	21.9	67.8	30.7
2008-09-16	499575.0	66466.0	129361.0	420395.0	350956.0	2795.0	9339.0	59.9	25.9	73.8	36.1
