2005-01-04	32220.0	12841.0	8879.0	9474.0	17516.0	9818.0	5738.0	13.8	29.7	23.1	44.5
2005-01-11	31308.0	13033.0	7199.0	9169.0	18917.0	9024.0	5110.0	14.8	29.6	24.2	44.4
2005-01-18	32572.0	13405.0	6652.0	10324.0	19824.0	8753.0	6006.0	14.6	29.2	23.8	43.1
2005-01-25	33231.0	9448.0	5790.0	10345.0	21244.0	13306.0	6065.0	12.4	29.1	21.4	41.7
2005-02-01	34449.0	9978.0	7214.0	11394.0	20957.0	12965.0	6166.0	14.7	28.8	24.2	41.6
2005-02-08	36832.0	10378.0	8027.0	12881.0	22193.0	13463.0	6502.0	15.2	29.1	25.3	42.8
2005-02-15	38314.0	10755.0	9229.0	14398.0	22426.0	13051.0	6549.0	18.1	30.7	29.2	43.7
2005-02-22	38276.0	11214.0	7374.0	13476.0	23395.0	13458.0	7379.0	16.0	33.0	25.9	44.5
2005-03-01	40064.0	11848.0	8498.0	15744.0	23908.0	12318.0	7504.0	20.5	31.3	30.7	42.1
2005-03-08	53368.0	12532.0	8247.0	15343.0	25209.0	18359.0	12778.0	15.5	23.9	22.7	31.9
2005-03-15	31177.0	11784.0	10666.0	8883.0	12932.0	10474.0	7543.0	24.0	41.7	35.3	53.7
2005-03-22	32790.0	12752.0	11210.0	9246.0	14540.0	10720.0	6968.0	23.6	39.0	35.0	51.6
2005-03-29	36850.0	12340.0	11531.0	12130.0	16222.0	12229.0	8946.0	22.7	32.9	33.6	43.6
2005-04-05	35713.0	11678.0	10369.0	12235.0	16468.0	11621.0	8697.0	22.5	29.8	32.6	43.5
2005-04-12	35452.0	11628.0	10287.0	13659.0	18173.0	10088.0	6915.0	23.2	28.2	34.9	43.4
2005-04-19	37385.0	10269.0	8289.0	15270.0	20897.0	11811.0	8164.0	21.9	26.6	31.6	41.2
2005-04-26	37069.0	10470.0	6697.0	14332.0	21017.0	12232.0	9320.0	21.6	25.7	31.5	36.8
2005-05-03	37540.0	10415.0	5828.0	14284.0	22752.0	12490.0	8609.0	22.0	26.8	30.9	39.2
2005-05-10	39391.0	10171.0	5408.0	15925.0	23801.0	12846.0	9733.0	21.6	25.8	29.8	36.7
2005-05-17	40706.0	10190.0	5889.0	17516.0	24698.0	12934.0	10053.0	21.4	25.7	29.9	35.9
2005-05-24	42339.0	13540.0	6554.0	14303.0	22824.0	14420.0	12885.0	16.1	25.6	25.3	35.6
2005-05-31	40914.0	13567.0	5556.0	13479.0	23463.0	13725.0	11752.0	15.4	27.1	25.0	36.7
2005-06-07	52315.0	14203.0	6548.0	16584.0	26063.0	18920.0	17096.0	12.3	22.8	20.1	31.3
2005-06-14	30741.0	9951.0	7215.0	9125.0	14537.0	11577.0	8901.0	18.9	41.2	30.6	49.9
2005-06-21	30821.0	10701.0	5820.0	9082.0	16669.0	10846.0	8140.0	19.9	40.0	31.6	50.8
2005-06-28	31617.0	10875.0	5825.0	9566.0	18830.0	10917.0	6703.0	19.5	38.4	32.1	50.4
2005-07-05	31978.0	11583.0	5454.0	9644.0	19185.0	10361.0	6949.0	20.2	38.9	32.8	48.9
2005-07-12	35164.0	12062.0	5937.0	11348.0	21240.0	11324.0	7557.0	20.5	39.3	33.3	48.7
2005-07-19	37610.0	13414.0	7083.0	12320.0	21970.0	11465.0	8146.0	21.1	39.1	32.7	49.7
2005-07-26	40702.0	13811.0	6602.0	13773.0	23820.0	12703.0	9865.0	19.5	38.8	31.6	48.8
2005-08-02	44679.0	16110.0	6727.0	14834.0	26556.0	13317.0	10978.0	19.5	38.8	31.4	48.8
2005-08-09	44683.0	15278.0	7013.0	14902.0	25845.0	13932.0	11254.0	19.5	39.3	30.3	48.1
2005-08-16	50026.0	19142.0	9824.0	16241.0	29186.0	14145.0	10518.0	16.5	38.2	28.5	48.1
2005-08-23	56623.0	20648.0	11770.0	19130.0	31967.0	16384.0	12425.0	15.0	36.8	26.1	46.2
2005-09-06	65798.0	20338.0	13132.0	21328.0	34291.0	17910.0	12153.0	13.0	36.5	24.1	45.0
2005-09-13	43493.0	17098.0	16007.0	14971.0	22164.0	11317.0	5215.0	19.4	49.2	32.6	59.9
2005-09-20	47160.0	18756.0	18613.0	18054.0	24149.0	10243.0	4291.0	20.8	49.0	34.2	61.0
2005-09-27	52548.0	20244.0	19355.0	20250.0	26965.0	11805.0	5979.0	21.4	46.0	35.8	57.2
2005-10-04	52991.0	17033.0	17304.0	22349.0	29008.0	12469.0	5539.0	23.3	46.5	36.5	55.4
2005-10-11	57777.0	17701.0	17452.0	26917.0	31458.0	12043.0	7751.0	23.3	44.0	37.5	52.8
2005-10-18	58951.0	17057.0	17449.0	29373.0	33860.0	11796.0	6917.0	25.2	42.8	38.3	52.2
2005-10-25	58092.0	16458.0	17330.0	28322.0	33398.0	12682.0	6734.0	25.5	42.9	37.1	53.2
2005-11-01	59019.0	18288.0	17248.0	28495.0	35398.0	11814.0	5951.0	23.1	42.8	36.6	53.8
2005-11-08	65904.0	20925.0	23872.0	32797.0	35495.0	10936.0	5291.0	22.6	39.2	36.4	50.0
2005-11-15	68244.0	20383.0	25523.0	32728.0	33338.0	13901.0	8151.0	21.7	37.7	34.8	48.5
2005-11-22	72180.0	19790.0	27102.0	36917.0	35768.0	14267.0	8104.0	24.8	37.2	34.6	47.6
2005-11-29	71750.0	17421.0	24265.0	38682.0	36978.0	14431.0	9291.0	25.4	37.0	36.0	48.3
2005-12-06	106263.0	22547.0	23165.0	51108.0	50031.0	20852.0	21311.0	19.3	25.0	29.3	32.9
2005-12-13	53008.0	15685.0	21671.0	27281.0	25915.0	10042.0	5422.0	35.4	36.4	48.7	58.5
2005-12-20	53941.0	14306.0	19860.0	26034.0	26819.0	13371.0	7032.0	32.0	34.4	45.3	55.3
2005-12-27	54362.0	13578.0	17460.0	26849.0	28214.0	13511.0	8264.0	31.0	35.6	44.8	55.6
2006-01-03	54588.0	13851.0	20160.0	26823.0	26108.0	13316.0	7722.0	31.3	36.1	44.7	53.2
2006-01-10	57289.0	17160.0	19268.0	25850.0	28785.0	13766.0	8723.0	29.4	34.9	41.2	51.1
2006-01-17	59849.0	17626.0	18410.0	27374.0	31164.0	14171.0	9597.0	28.1	33.0	40.5	49.9
2006-01-24	57829.0	16576.0	16081.0	27469.0	31624.0	13392.0	9732.0	24.9	29.7	36.5	46.8
2006-01-31	59291.0	16911.0	17026.0	29501.0	32938.0	12801.0	9249.0	27.4	29.0	38.8	43.6
2006-02-07	59178.0	18337.0	15765.0	28104.0	33639.0	12628.0	9665.0	27.4	26.3	38.3	40.3
2006-02-14	61030.0	19418.0	15605.0	28229.0	35806.0	13314.0	9550.0	26.3	31.3	38.0	43.9
2006-02-21	65913.0	21469.0	16757.0	29501.0	37068.0	14872.0	12017.0	23.4	27.9	34.7	40.3
2006-02-28	67300.0	23426.0	16250.0	29502.0	39569.0	14158.0	11267.0	23.5	30.9	35.7	43.4
2006-03-07	74629.0	20208.0	15347.0	36598.0	44893.0	15672.0	12238.0	23.1	28.7	33.9	39.3
2006-03-14	48033.0	14453.0	14791.0	22491.0	25438.0	10902.0	7617.0	35.4	34.5	47.1	46.7
2006-03-21	49609.0	17131.0	15881.0	22142.0	25094.0	10152.0	8450.0	34.8	34.0	46.1	46.2
2006-03-28	51575.0	18635.0	16868.0	23303.0	26050.0	9555.0	8575.0	33.2	29.7	45.4	40.8
2006-04-04	51591.0	18318.0	16547.0	25020.0	28027.0	8179.0	6943.0	33.6	34.0	45.0	47.0
2006-04-11	53697.0	18310.0	17800.0	25358.0	27786.0	9957.0	8039.0	33.7	35.5	44.0	45.7
2006-04-18	52370.0	15527.0	16724.0	26083.0	27043.0	10668.0	8511.0	34.1	35.2	44.1	45.6
2006-04-25	50486.0	13845.0	16296.0	25488.0	25838.0	11063.0	8262.0	33.3	35.7	44.8	46.9
2006-05-02	50687.0	15365.0	16009.0	25209.0	26327.0	10036.0	8274.0	32.4	38.7	44.2	50.6
2006-05-09	55885.0	17428.0	18094.0	26513.0	29344.0	11844.0	8347.0	32.5	39.7	45.0	50.6
2006-05-16	55625.0	17753.0	18802.0	25542.0	27711.0	12087.0	8869.0	27.9	40.5	41.9	51.1
2006-05-23	55816.0	16952.0	20231.0	24966.0	27210.0	13297.0	7774.0	27.6	41.5	41.5	52.6
2006-05-30	53645.0	14768.0	16972.0	25484.0	29128.0	12826.0	6978.0	26.9	39.0	41.7	49.9
2006-06-06	62748.0	16246.0	17813.0	30670.0	32419.0	13043.0	9727.0	23.4	31.5	36.1	41.2
2006-06-13	40853.0	12310.0	17986.0	16971.0	16422.0	11475.0	6348.0	32.3	33.5	46.1	47.3
2006-06-20	38790.0	10773.0	15409.0	17743.0	17046.0	10272.0	6333.0	35.2	33.6	50.3	48.4
2006-06-27	37267.0	10041.0	14505.0	18234.0	16219.0	8990.0	6541.0	34.9	33.2	50.7	48.2
2006-07-03	38138.0	9596.0	13872.0	18278.0	16646.0	10262.0	7618.0	38.0	31.0	53.3	45.2
2006-07-11	39161.0	9607.0	12831.0	18458.0	18247.0	10844.0	7831.0	36.4	30.0	50.5	43.9
2006-07-18	40567.0	10136.0	12765.0	17341.0	20085.0	12695.0	7322.0	32.3	30.6	46.4	44.1
2006-07-25	40253.0	9643.0	14378.0	18958.0	18893.0	11652.0	6982.0	32.8	34.4	46.4	48.6
2006-08-01	40846.0	9236.0	13441.0	18543.0	18202.0	12458.0	8594.0	33.1	34.9	46.6	47.5
2006-08-08	44551.0	9812.0	12871.0	18250.0	20501.0	16487.0	11177.0	29.9	33.7	42.9	44.6
2006-08-15	43278.0	11884.0	13266.0	17355.0	22637.0	14039.0	7375.0	31.1	38.3	43.6	54.0
2006-08-22	44220.0	12391.0	14687.0	18103.0	22421.0	13707.0	7093.0	31.6	43.2	43.6	59.9
2006-08-29	45596.0	10648.0	14522.0	19959.0	23499.0	14234.0	6820.0	30.8	43.3	42.6	59.6
2006-09-05	61361.0	11913.0	13559.0	23161.0	27853.0	16366.0	10028.0	22.7	32.5	30.9	45.5
2006-09-12	37643.0	7290.0	16460.0	17441.0	15063.0	12912.0	6120.0	36.2	40.9	49.7	51.1
2006-09-19	39121.0	7692.0	16179.0	19135.0	17757.0	12294.0	5185.0	34.4	37.5	48.3	49.9
2006-09-26	42555.0	8087.0	15799.0	21324.0	20728.0	13144.0	6028.0	32.9	33.5	44.3	45.6
2006-10-03	42146.0	8882.0	16075.0	21624.0	19834.0	11640.0	6237.0	35.2	31.8	48.9	45.8
2006-10-10	43003.0	9832.0	15472.0	21963.0	20991.0	11208.0	6540.0	34.8	30.9	47.1	44.6
2006-10-17	44653.0	10062.0	15671.0	22978.0	22852.0	11553.0	6070.0	34.4	29.0	46.7	43.8
2006-10-24	42910.0	10435.0	14363.0	21366.0	22574.0	11109.0	5973.0	35.9	31.5	47.5	48.8
2006-10-31	46049.0	11768.0	16428.0	22824.0	23686.0	11242.0	5720.0	32.8	26.6	45.9	43.6
2006-11-07	45908.0	11125.0	14042.0	23417.0	25060.0	11364.0	6804.0	29.9	25.3	41.6	43.9
2006-11-14	47491.0	11095.0	16356.0	24255.0	22962.0	11979.0	8011.0	27.9	25.0	40.4	41.1
2006-11-21	49494.0	10855.0	18556.0	25286.0	21686.0	13340.0	9239.0	28.6	25.1	41.8	40.3
2006-11-28	47842.0	9196.0	17555.0	25898.0	22129.0	12488.0	7898.0	30.8	25.7	42.8	43.1
2006-12-05	53697.0	8928.0	17567.0	27344.0	23886.0	15741.0	10560.0	27.9	23.5	38.3	38.8
2006-12-12	39278.0	8958.0	10668.0	22114.0	21145.0	8206.0	7465.0	42.4	35.8	55.5	48.2
2006-12-19	41978.0	10052.0	10242.0	22949.0	23560.0	8977.0	8176.0	41.5	32.5	53.1	46.8
2006-12-26	41864.0	10011.0	10873.0	23679.0	24485.0	8174.0	6506.0	42.3	32.4	53.5	48.5
2007-01-03	44688.0	11150.0	11257.0	24855.0	25379.0	8673.0	8042.0	40.9	36.0	52.0	51.9
2007-01-09	43777.0	11027.0	10780.0	24073.0	25087.0	8667.0	7900.0	39.2	35.7	50.3	49.8
2007-01-16	44405.0	10682.0	12572.0	24615.0	23787.0	9058.0	7996.0	39.3	38.5	50.2	50.2
2007-01-23	45442.0	10931.0	14399.0	24903.0	22609.0	9478.0	8304.0	38.5	37.2	50.5	49.1
2007-01-30	47486.0	10773.0	15544.0	27235.0	22588.0	9409.0	9285.0	38.4	35.5	49.6	46.1
2007-02-06	48618.0	10128.0	14585.0	26493.0	22615.0	11910.0	11331.0	36.8	35.1	48.3	44.8
2007-02-13	49634.0	11189.0	16327.0	27024.0	22289.0	10777.0	10374.0	36.2	34.6	47.2	44.0
2007-02-20	53338.0	12298.0	17258.0	29751.0	24447.0	11232.0	11576.0	37.1	36.6	47.7	46.9
2007-02-27	57013.0	9785.0	17530.0	33335.0	27702.0	12898.0	10786.0	36.4	36.2	46.2	50.0
2007-03-06	70004.0	11158.0	16420.0	32711.0	28820.0	14210.0	12839.0	22.5	25.2	33.2	36.1
2007-03-13	45675.0	10169.0	17327.0	24496.0	16387.0	10776.0	11727.0	34.0	35.5	47.0	47.0
2007-03-20	46706.0	11912.0	16790.0	24716.0	16448.0	9851.0	13241.0	32.8	33.0	47.0	45.0
2007-03-27	49638.0	12422.0	18003.0	26885.0	18160.0	10056.0	13200.0	32.4	32.0	48.3	40.2
2007-04-03	51162.0	9448.0	17379.0	31004.0	18851.0	10453.0	14675.0	30.4	30.4	49.1	39.6
2007-04-10	48007.0	9920.0	15861.0	27620.0	18145.0	10227.0	13761.0	32.2	29.4	47.3	39.4
2007-04-17	52438.0	9270.0	17356.0	32418.0	20196.0	10137.0	14273.0	29.2	28.0	45.6	37.7
2007-04-24	53343.0	9373.0	17986.0	33335.0	21093.0	10103.0	13732.0	28.2	30.3	44.3	38.8
2007-05-01	56067.0	9799.0	19110.0	35478.0	22726.0	10258.0	13699.0	27.0	28.0	42.9	37.2
2007-05-08	57913.0	9551.0	18545.0	35662.0	23960.0	11958.0	14666.0	26.1	28.2	42.5	36.7
2007-05-15	56893.0	11736.0	16669.0	32452.0	25711.0	11764.0	13572.0	26.0	32.8	41.6	41.8
2007-05-22	58002.0	12066.0	16503.0	32465.0	25595.0	12760.0	15193.0	24.9	28.0	38.0	35.6
2007-05-29	58254.0	12406.0	16535.0	32867.0	25419.0	12270.0	15589.0	24.5	31.5	39.6	39.0
2007-06-05	83435.0	13152.0	16608.0	48322.0	41049.0	16770.0	20587.0	16.8	24.5	28.6	30.1
2007-06-12	49932.0	8940.0	12961.0	29307.0	23786.0	11587.0	13087.0	27.8	28.8	45.7	43.6
2007-06-19	50440.0	10074.0	14910.0	29915.0	24488.0	10449.0	11040.0	27.6	32.2	45.0	48.0
2007-06-26	50585.0	12288.0	14518.0	27508.0	23428.0	10787.0	12637.0	27.8	34.5	39.7	48.2
2007-07-03	51326.0	12768.0	13718.0	27629.0	25842.0	10927.0	11764.0	27.0	32.7	40.2	49.6
2007-07-10	50411.0	11158.0	14220.0	28797.0	25472.0	10454.0	10717.0	28.6	33.3	42.1	48.6
2007-07-17	51178.0	11271.0	13725.0	29401.0	26225.0	10504.0	11226.0	27.8	31.8	41.6	48.5
2007-07-24	51530.0	11621.0	13503.0	28701.0	27341.0	11207.0	10685.0	25.9	31.4	38.2	47.7
2007-07-31	52466.0	12615.0	14646.0	30689.0	28795.0	9161.0	9024.0	25.2	30.4	38.5	45.8
2007-08-07	53901.0	11393.0	14676.0	32715.0	29159.0	9793.0	10066.0	26.6	31.1	40.8	45.6
2007-08-14	55017.0	12290.0	16016.0	32210.0	28173.0	10482.0	10793.0	25.5	30.2	39.0	42.8
2007-08-21	58505.0	12789.0	19006.0	34845.0	27493.0	10870.0	12005.0	24.6	30.1	39.0	43.8
2007-08-28	61116.0	13619.0	23851.0	38050.0	28751.0	9439.0	8506.0	24.5	31.9	40.2	49.9
2007-09-04	67321.0	12866.0	20509.0	42064.0	33306.0	8957.0	10072.0	22.5	29.8	38.4	41.8
2007-09-11	122778.0	12509.0	22948.0	72875.0	62451.0	19069.0	19054.0	12.6	17.9	22.7	25.5
2007-09-18	68937.0	8149.0	32044.0	50654.0	21963.0	9834.0	14630.0	48.5	46.9	65.0	59.7
2007-09-25	66487.0	9865.0	31449.0	47717.0	21672.0	8904.0	13365.0	46.2	44.7	65.0	58.3
2007-10-02	68686.0	12380.0	31850.0	47651.0	24688.0	8120.0	11613.0	43.3	43.2	63.3	58.7
2007-10-09	68909.0	12890.0	31993.0	46762.0	24504.0	8722.0	11877.0	42.4	42.3	62.4	57.8
2007-10-16	69437.0	12400.0	32804.0	48580.0	24391.0	8262.0	12047.0	41.8	42.5	61.7	57.1
2007-10-23	70059.0	12796.0	33566.0	47629.0	24124.0	9634.0	12369.0	41.2	42.7	60.9	59.7
2007-10-30	70912.0	13837.0	30964.0	47878.0	27800.0	9197.0	12148.0	40.0	39.9	58.6	58.7
2007-11-06	69729.0	13780.0	28318.0	47069.0	29915.0	8879.0	11495.0	40.9	38.3	59.0	56.6
2007-11-13	70886.0	12028.0	27462.0	48640.0	30529.0	9663.0	12340.0	41.1	38.7	57.7	52.2
2007-11-20	67930.0	9463.0	26420.0	48306.0	29355.0	9996.0	11990.0	43.1	42.1	61.0	54.2
2007-11-27	68262.0	9441.0	25244.0	48242.0	30041.0	10406.0	12804.0	43.1	41.4	60.8	52.7
2007-12-04	70846.0	10346.0	30950.0	50524.0	27327.0	9297.0	11890.0	42.0	39.1	58.9	51.0
2007-12-11	97152.0	10807.0	33462.0	62107.0	40124.0	12593.0	11921.0	31.0	31.3	43.5	40.5
2007-12-18	62808.0	12455.0	34517.0	40835.0	20334.0	9329.0	7768.0	45.7	60.1	64.0	68.3
2007-12-24	62612.0	13353.0	36475.0	41181.0	19770.0	7998.0	6287.0	47.0	60.4	66.1	70.2
2007-12-31	63943.0	13303.0	37017.0	41685.0	20317.0	8875.0	6529.0	45.7	57.8	64.9	68.8
2008-01-08	67502.0	12358.0	35169.0	43633.0	22857.0	11186.0	9151.0	43.2	50.3	62.4	62.6
2008-01-15	68675.0	12330.0	33665.0	43874.0	25130.0	12241.0	9650.0	42.6	47.0	59.7	59.2
2008-01-22	76302.0	11852.0	36120.0	49684.0	30765.0	13709.0	8360.0	45.3	40.7	62.1	54.1
2008-01-29	80034.0	11674.0	36724.0	53992.0	32395.0	13612.0	10159.0	49.4	37.0	65.6	49.1
2008-02-05	80163.0	11941.0	33743.0	55336.0	36368.0	12115.0	9281.0	49.4	36.7	65.2	49.8
2008-02-12	83861.0	12274.0	33771.0	57030.0	38799.0	13837.0	10571.0	47.3	35.7	63.4	49.3
2008-02-19	79632.0	11461.0	32980.0	56141.0	37113.0	11312.0	8821.0	50.2	37.4	66.8	49.4
2008-02-26	80462.0	11980.0	34510.0	57099.0	37953.0	10312.0	6928.0	49.7	38.1	66.6	51.2
2008-03-04	83490.0	12666.0	34921.0	59222.0	40009.0	10132.0	7090.0	48.2	37.3	65.5	50.7
2008-03-11	102395.0	12981.0	37175.0	68141.0	47733.0	13107.0	9321.0	39.5	30.5	54.5	42.6
2008-03-18	74855.0	12995.0	43522.0	50543.0	22006.0	10390.0	8400.0	51.3	53.8	68.7	63.3
2008-03-25	73390.0	13750.0	43321.0	49841.0	22680.0	8867.0	6457.0	52.8	57.2	68.7	69.0
2008-04-01	72865.0	10169.0	41552.0	52800.0	23860.0	9052.0	6609.0	55.6	52.1	69.9	64.5
2008-04-08	72110.0	10256.0	39698.0	52681.0	25783.0	8973.0	6429.0	56.7	51.2	70.8	65.2
2008-04-15	73591.0	9321.0	38778.0	55206.0	27883.0	8864.0	6730.0	56.4	47.6	70.7	61.7
2008-04-22	78133.0	10951.0	41897.0	58156.0	29333.0	8761.0	6638.0	53.2	45.0	67.5	58.1
2008-04-29	83003.0	11004.0	45055.0	62764.0	30180.0	8970.0	7503.0	53.2	45.3	67.4	57.6
2008-05-06	88719.0	13591.0	51463.0	65246.0	30521.0	9617.0	6470.0	52.0	48.5	65.4	61.8
2008-05-13	90444.0	13027.0	52284.0	66599.0	30046.0	10208.0	7504.0	51.1	46.3	64.2	60.9
2008-05-20	90528.0	11502.0	51293.0	68307.0	30532.0	9994.0	7978.0	50.9	45.2	64.2	60.1
2008-05-27	90755.0	11546.0	51361.0	69544.0	30781.0	9271.0	8219.0	50.8	43.2	65.1	58.7
2008-06-03	93482.0	10625.0	51298.0	71723.0	32760.0	10407.0	8697.0	49.2	39.6	63.0	55.5
2008-06-10	105962.0	10285.0	50901.0	80676.0	41586.0	13273.0	11747.0	43.2	33.8	57.1	48.2
2008-06-17	63636.0	11958.0	32497.0	43175.0	23238.0	8498.0	7896.0	55.6	56.9	70.5	70.1
2008-06-24	67081.0	12199.0	31619.0	47325.0	31767.0	7552.0	3690.0	52.7	56.1	69.9	71.6
2008-07-01	71438.0	12183.0	32357.0	49699.0	28669.0	9551.0	10407.0	51.6	47.6	68.4	61.1
2008-07-08	68868.0	11125.0	31035.0	48892.0	29808.0	8846.0	8020.0	53.9	48.7	70.9	62.8
2008-07-15	73754.0	13449.0	35060.0	51541.0	30548.0	8362.0	7744.0	52.4	45.7	69.1	59.1
2008-07-22	75267.0	14107.0	36448.0	52553.0	31569.0	8602.0	7245.0	52.6	44.4	68.5	62.7
2008-07-29	76987.0	14139.0	37870.0	54127.0	31200.0	8716.0	7912.0	52.2	43.8	67.3	63.7
2008-08-05	78107.0	14199.0	38131.0	55254.0	32607.0	8649.0	7364.0	51.5	46.1	66.9	64.4
2008-08-12	76644.0	12823.0	37994.0	55714.0	31113.0	8092.0	7522.0	52.5	46.6	68.6	64.6
2008-08-19	78105.0	10872.0	38377.0	58310.0	31246.0	8908.0	8467.0	51.6	45.1	67.9	62.5
2008-08-26	78451.0	10929.0	39146.0	59576.0	32307.0	7933.0	6985.0	51.8	45.8	69.2	62.8
2008-09-02	82503.0	11819.0	42039.0	61442.0	32120.0	8545.0	7647.0	49.6	44.8	65.3	61.5
2008-09-09	104538.0	13622.0	41207.0	71859.0	44287.0	17191.0	17178.0	39.3	36.8	52.8	50.5
2008-09-16	54885.0	11505.0	25242.0	33839.0	22012.0	9541.0	7631.0	40.2	46.5	59.0	64.5
2008-09-23	58567.0	14634.0	21231.0	36647.0	30853.0	7281.0	6478.0	40.2	40.8	57.6	56.9
2008-09-30	61394.0	14114.0	19454.0	38888.0	33741.0	8372.0	8179.0	45.4	42.4	59.9	61.0
2008-10-07	63246.0	14604.0	20212.0	39901.0	35819.0	8713.0	7187.0	46.9	39.6	63.0	58.9
2008-10-14	65607.0	13830.0	17428.0	41717.0	37364.0	9920.0	10675.0	41.5	35.3	56.9	52.2
2008-10-21	62460.0	10613.0	16617.0	43100.0	38218.0	8742.0	7620.0	43.7	36.0	58.9	53.2
2008-10-28	64097.0	9513.0	14306.0	45260.0	40242.0	9321.0	9546.0	44.5	35.6	59.1	49.1
2008-11-04	63210.0	11049.0	12461.0	44781.0	42885.0	7368.0	7852.0	44.5	43.1	60.2	57.0
2008-11-11	64387.0	11238.0	12808.0	45962.0	43746.0	7187.0	7833.0	44.9	39.5	61.3	53.4
2008-11-18	64782.0	11344.0	15733.0	44909.0	43195.0	8365.0	5690.0	41.9	36.8	58.1	53.3
2008-11-25	61674.0	10167.0	14320.0	44817.0	42422.0	6495.0	4737.0	43.6	38.1	59.2	53.7
2008-12-02	62546.0	14756.0	14407.0	39920.0	43625.0	7648.0	4292.0	42.3	37.6	56.0	53.3
2008-12-09	75879.0	13781.0	14268.0	43623.0	44042.0	14586.0	13680.0	36.2	31.2	47.9	44.2
2008-12-16	30837.0	5815.0	7577.0	19145.0	17217.0	5867.0	6033.0	50.9	39.8	62.6	54.7
2008-12-22	31471.0	4934.0	8664.0	20541.0	17772.0	5986.0	5025.0	50.0	40.5	62.2	54.8
2008-12-30	31551.0	5209.0	8006.0	20807.0	18146.0	5525.0	5389.0	49.8	39.0	62.4	54.6
2009-01-06	32976.0	5179.0	7263.0	21841.0	21168.0	5946.0	4535.0	48.6	38.3	60.3	55.5
2009-01-13	35441.0	6075.0	8911.0	23374.0	21396.0	5977.0	5119.0	45.9	35.9	57.9	52.9
2009-01-20	34450.0	6312.0	6325.0	22370.0	22600.0	5768.0	5525.0	47.6	38.0	59.5	53.0
2009-01-27	35626.0	6026.0	9099.0	24169.0	21061.0	5421.0	5456.0	45.8	35.9	60.5	49.7
2009-02-03	37574.0	6487.0	9752.0	25363.0	22513.0	5724.0	5309.0	45.4	34.3	58.8	48.3
2009-02-10	38907.0	6849.0	9988.0	24265.0	21914.0	7793.0	7005.0	43.7	34.0	56.6	47.7
2009-02-17	38777.0	6487.0	9340.0	25165.0	22991.0	7125.0	6446.0	43.4	33.3	57.0	46.7
2009-02-24	37199.0	6237.0	6802.0	23847.0	24374.0	7115.0	6023.0	45.8	32.6	59.9	47.0
2009-03-03	39084.0	7630.0	6563.0	24575.0	27431.0	6862.0	5073.0	43.5	32.3	56.9	46.3
2009-03-10	45794.0	7038.0	7824.0	29552.0	29783.0	5526.0	4509.0	37.8	27.2	48.9	38.8
2009-03-17	27943.0	4961.0	11408.0	17681.0	10380.0	5301.0	6155.0	48.3	41.1	62.3	53.5
2009-03-24	27497.0	4301.0	10895.0	17411.0	11634.0	5785.0	4968.0	49.4	35.4	62.8	50.1
2009-03-31	29158.0	4617.0	10411.0	19301.0	13527.0	5240.0	5220.0	48.5	30.5	62.3	44.5
2009-04-07	28498.0	4324.0	9726.0	18761.0	13849.0	5413.0	4923.0	48.6	36.5	61.1	49.4
2009-04-14	29342.0	4617.0	10478.0	18879.0	14688.0	5834.0	4164.0	47.2	41.9	59.1	54.2
2009-04-21	26180.0	3873.0	7884.0	16539.0	13877.0	5768.0	4419.0	48.2	40.9	60.8	54.8
2009-04-28	27910.0	5065.0	8867.0	16933.0	14193.0	5912.0	4850.0	45.2	45.2	57.6	58.7
2009-05-05	30677.0	6813.0	9880.0	17266.0	14988.0	6598.0	5809.0	41.9	45.9	53.3	58.4
2009-05-12	30625.0	7541.0	11116.0	17087.0	13943.0	5996.0	5565.0	41.1	45.8	52.8	59.1
2009-05-19	27387.0	7064.0	5029.0	12321.0	14830.0	8001.0	7527.0	26.4	34.7	40.5	47.7
2009-05-26	25476.0	8418.0	4797.0	11003.0	15175.0	6054.0	5503.0	22.7	38.8	38.0	53.5
2009-06-02	27311.0	7796.0	5743.0	13320.0	16054.0	5994.0	5313.0	24.8	34.3	39.3	47.9
2009-06-09	34147.0	7533.0	5996.0	17609.0	19102.0	7303.0	7347.0	21.6	26.9	34.5	39.1
2009-06-16	22782.0	5602.0	6255.0	11495.0	11551.0	5685.0	4976.0	35.2	25.8	52.6	42.1
2009-06-23	23105.0	7250.0	5712.0	10426.0	12971.0	5429.0	4422.0	34.9	25.8	52.7	42.0
2009-06-30	24839.0	8312.0	5402.0	11748.0	14712.0	4779.0	4725.0	39.1	25.1	55.4	41.4
2009-07-07	26249.0	7512.0	6285.0	7140.0	14213.0	11597.0	5751.0	21.3	23.7	36.1	41.0
2009-07-14	26794.0	8417.0	5403.0	6920.0	15814.0	11457.0	5577.0	21.1	29.1	34.3	45.0
2009-07-21	29423.0	8937.0	7770.0	8347.0	15880.0	12139.0	5773.0	21.9	30.7	36.2	47.3
2009-07-28	32770.0	9709.0	10528.0	10077.0	16973.0	12984.0	5269.0	19.7	36.3	33.3	51.0
2009-08-04	32300.0	9838.0	10213.0	8999.0	15488.0	13463.0	6599.0	19.4	34.7	31.8	49.6
2009-08-11	36605.0	11914.0	13686.0	11933.0	15734.0	12758.0	7185.0	22.0	33.5	34.7	46.7
2009-08-18	35353.0	10557.0	13386.0	12238.0	15338.0	12558.0	6629.0	21.1	34.0	32.9	47.9
2009-08-25	39089.0	11695.0	16018.0	14062.0	16372.0	13331.0	6698.0	19.3	36.0	30.1	48.7
2009-09-01	37276.0	10195.0	14164.0	12871.0	16099.0	14009.0	6812.0	19.6	35.1	30.5	48.5
2009-09-08	46439.0	11466.0	13610.0	15346.0	19145.0	18516.0	12573.0	15.2	27.2	23.5	38.4
2009-09-15	32137.0	10572.0	9352.0	8072.0	14160.0	13493.0	8625.0	20.1	43.5	32.0	57.6
2009-09-22	33461.0	10874.0	9398.0	8248.0	15644.0	14339.0	8419.0	19.9	47.1	31.2	61.1
2009-09-29	31497.0	12795.0	4396.0	11394.0	18714.0	7308.0	8387.0	33.9	43.3	48.6	57.3
2009-10-06	29266.0	10364.0	2283.0	11764.0	18355.0	7138.0	8628.0	26.8	45.2	39.4	57.3
2009-10-13	30032.0	11489.0	3143.0	12277.0	18563.0	6266.0	8326.0	30.7	47.1	43.5	59.0
2009-10-20	31120.0	11914.0	4075.0	13440.0	18398.0	5766.0	8647.0	31.1	42.8	44.7	54.0
2009-10-27	32052.0	11427.0	4771.0	14173.0	18074.0	6452.0	9207.0	29.6	38.3	42.7	50.6
2009-11-03	30202.0	9076.0	3745.0	14811.0	16607.0	6315.0	9850.0	28.4	39.7	43.0	48.6
2009-11-09	31018.0	9727.0	3784.0	15785.0	16966.0	5506.0	10268.0	25.0	38.4	40.7	47.0
2009-11-17	33299.0	8372.0	5198.0	19509.0	17280.0	5418.0	10821.0	23.2	36.6	38.6	44.5
2009-11-24	33784.0	8546.0	4668.0	19134.0	17535.0	6104.0	11581.0	27.7	34.0	39.3	42.7
2009-12-01	35272.0	8909.0	4983.0	20462.0	17244.0	5846.0	12990.0	27.3	33.2	39.4	41.4
2009-12-08	54995.0	10014.0	5957.0	26928.0	23350.0	16418.0	24053.0	19.2	22.1	28.3	27.5
2009-12-15	25848.0	9563.0	6825.0	10591.0	8696.0	5694.0	10327.0	32.8	32.1	48.5	43.3
2009-12-22	24375.0	7646.0	5021.0	11173.0	8417.0	5556.0	10937.0	34.5	25.6	49.9	39.2
2009-12-29	24800.0	7674.0	5502.0	11580.0	8571.0	5546.0	10727.0	33.3	24.0	49.7	37.2
2010-01-05	36093.0	12211.0	10267.0	17351.0	11259.0	6531.0	14567.0	45.9	27.3	58.2	37.3
2010-01-12	38254.0	13766.0	14609.0	18545.0	10762.0	5943.0	12883.0	42.7	34.5	54.1	46.3
2010-01-19	40127.0	14685.0	15144.0	19013.0	11767.0	6429.0	13216.0	42.3	34.6	53.8	46.6
2010-01-26	41754.0	15376.0	13223.0	20772.0	15295.0	5606.0	13236.0	34.6	32.8	46.4	41.7
2010-02-02	42095.0	15159.0	12154.0	17534.0	14055.0	9402.0	15886.0	35.0	30.2	45.1	39.1
2010-02-09	39460.0	15731.0	11679.0	16347.0	13501.0	7382.0	14280.0	39.2	27.0	51.7	37.6
2010-02-16	39443.0	15551.0	10779.0	16262.0	14789.0	7630.0	13875.0	39.7	23.8	52.1	35.2
2010-02-23	40650.0	15499.0	9296.0	16432.0	17266.0	8719.0	14088.0	38.8	23.9	49.6	34.8
2010-03-02	40694.0	15966.0	8689.0	16601.0	19026.0	8107.0	12959.0	38.8	28.0	50.9	37.4
2010-03-09	61340.0	14612.0	9824.0	27589.0	26597.0	12945.0	18725.0	27.6	18.1	35.1	25.5
2010-03-16	42225.0	14179.0	13909.0	19731.0	13876.0	8315.0	14440.0	39.4	35.4	52.6	46.5
2010-03-23	43251.0	14258.0	13865.0	20128.0	15455.0	8865.0	13931.0	38.0	33.6	50.8	45.5
2010-03-30	44669.0	14142.0	13075.0	20569.0	18577.0	9958.0	13017.0	37.7	32.2	49.6	47.0
2010-04-06	47175.0	14850.0	13423.0	22154.0	19025.0	10171.0	14727.0	35.0	29.7	47.3	44.2
2010-04-13	48193.0	14267.0	15094.0	22665.0	17690.0	11261.0	15409.0	34.1	31.3	46.3	45.6
2010-04-20	50029.0	15175.0	12201.0	18915.0	17852.0	15939.0	19976.0	26.4	27.2	37.8	39.1
2010-04-27	47697.0	14963.0	11351.0	21899.0	20045.0	10835.0	16301.0	32.4	24.8	44.2	36.9
2010-05-04	43421.0	14448.0	6122.0	17319.0	20228.0	11654.0	17071.0	31.5	23.7	43.2	31.6
2010-05-11	54951.0	15098.0	7604.0	18651.0	22440.0	21202.0	24907.0	24.6	22.5	36.0	30.1
2010-05-18	43320.0	16305.0	7699.0	18350.0	21477.0	8665.0	14144.0	30.1	28.0	44.8	36.9
2010-05-25	46472.0	14199.0	8404.0	20882.0	20930.0	11391.0	17138.0	31.6	25.2	46.7	34.1
2010-06-01	42503.0	13664.0	7902.0	19276.0	21871.0	9557.0	12724.0	31.6	27.6	45.9	36.6
2010-06-08	54674.0	16272.0	6418.0	21661.0	26689.0	14795.0	19621.0	29.9	26.9	40.8	36.1
2010-06-15	30572.0	10479.0	4582.0	11614.0	7714.0	8479.0	18276.0	36.7	24.3	49.2	31.5
2010-06-22	30840.0	10214.0	4887.0	10829.0	8896.0	9789.0	17049.0	35.0	27.8	47.9	35.5
2010-06-29	30291.0	10916.0	4804.0	12206.0	9434.0	7161.0	16045.0	34.6	26.2	48.1	33.9
2010-07-06	32413.0	12676.0	4591.0	11561.0	10728.0	8168.0	17086.0	36.4	25.5	48.2	33.7
2010-07-13	32746.0	11709.0	4458.0	13418.0	11783.0	7611.0	16497.0	36.1	27.3	47.8	35.1
2010-07-20	29643.0	9279.0	4862.0	12741.0	10221.0	7615.0	14552.0	34.0	25.9	47.0	34.4
2010-07-27	30599.0	8220.0	4329.0	14493.0	11002.0	7878.0	15260.0	32.9	26.7	46.2	35.0
2010-08-03	31950.0	7343.0	4271.0	14693.0	11405.0	9906.0	16266.0	27.3	25.3	39.8	33.6
2010-08-10	30327.0	6625.0	4917.0	14569.0	10043.0	9133.0	15367.0	26.4	24.3	39.3	33.0
2010-08-17	29751.0	6246.0	4886.0	14852.0	10164.0	8653.0	14701.0	25.1	24.7	38.1	32.7
2010-08-24	32872.0	6428.0	5410.0	17464.0	10951.0	8774.0	16305.0	27.7	22.3	39.4	29.5
2010-08-31	32031.0	5699.0	5764.0	18124.0	10382.0	8208.0	15885.0	26.0	24.5	38.7	32.4
2010-09-07	44935.0	6937.0	5893.0	17710.0	11816.0	15452.0	22390.0	21.2	19.6	29.7	25.8
2010-09-14	28162.0	5855.0	4634.0	14404.0	6641.0	7903.0	16887.0	36.6	20.1	48.6	28.1
2010-09-21	30668.0	7353.0	4521.0	15950.0	7051.0	7365.0	19096.0	39.0	19.2	51.6	27.3
2010-09-28	31418.0	7251.0	4531.0	15522.0	7794.0	8645.0	19093.0	35.6	18.9	47.3	26.0
2010-10-05	32389.0	6188.0	4089.0	16524.0	6653.0	9673.0	21643.0	33.3	15.4	43.5	22.1
2010-10-12	34118.0	7569.0	6150.0	16150.0	7139.0	10395.0	20825.0	30.2	19.2	39.5	26.7
2010-10-19	32911.0	7092.0	6865.0	16738.0	7928.0	9077.0	18114.0	25.5	23.0	36.6	31.2
2010-10-26	34411.0	7115.0	6885.0	17625.0	8346.0	9667.0	19176.0	25.5	22.7	36.2	30.7
2010-11-02	33779.0	6773.0	7129.0	17815.0	8488.0	9187.0	18158.0	25.3	24.2	35.8	31.2
2010-11-09	37669.0	10048.0	8839.0	17785.0	10026.0	9836.0	18804.0	25.1	24.4	35.6	31.7
2010-11-16	40790.0	9687.0	12014.0	21689.0	10114.0	9414.0	18662.0	25.7	27.3	37.7	34.6
2010-11-23	45144.0	11433.0	14415.0	22400.0	10535.0	11232.0	20115.0	28.8	26.2	41.5	33.9
2010-11-30	45596.0	10406.0	14995.0	23309.0	11172.0	11833.0	19381.0	29.6	28.0	43.1	36.8
2010-12-07	63587.0	10060.0	13042.0	27152.0	16963.0	25898.0	33105.0	22.7	21.9	31.6	28.9
2010-12-14	37411.0	8349.0	12161.0	18377.0	7100.0	10683.0	18148.0	30.0	30.1	41.4	38.9
2010-12-21	39299.0	9571.0	12798.0	18913.0	6156.0	10813.0	20343.0	29.6	29.2	43.8	37.8
2010-12-28	38595.0	9409.0	12342.0	19129.0	7007.0	10055.0	19244.0	30.0	28.5	44.4	37.8
2011-01-04	39695.0	9988.0	13047.0	19475.0	7364.0	10230.0	19282.0	29.2	28.4	43.9	38.1
2011-01-11	39603.0	8446.0	12996.0	20383.0	8136.0	10774.0	18471.0	25.1	28.4	38.9	37.8
2011-01-18	42039.0	8535.0	14568.0	21079.0	7975.0	12413.0	19484.0	23.8	30.9	35.1	41.4
2011-01-25	40787.0	8397.0	10761.0	19430.0	9071.0	12948.0	20943.0	23.2	25.1	33.4	36.8
2011-02-01	40398.0	8202.0	11332.0	21234.0	10405.0	10950.0	18649.0	25.7	26.6	36.5	39.0
2011-02-08	45395.0	8348.0	12650.0	25623.0	9918.0	11412.0	22815.0	31.3	24.9	44.0	35.8
2011-02-15	48292.0	8917.0	15311.0	27163.0	9315.0	12200.0	23654.0	33.1	28.2	45.2	38.7
2011-02-22	47884.0	9312.0	15534.0	26734.0	10482.0	11646.0	21676.0	32.2	27.4	44.5	38.7
2011-03-01	44396.0	8632.0	12154.0	24819.0	10572.0	10539.0	21264.0	29.1	21.6	41.6	35.2
2011-03-08	64355.0	7630.0	12409.0	34779.0	19649.0	19527.0	29878.0	23.1	16.6	31.8	26.4
2011-03-15	47888.0	11348.0	7516.0	22808.0	19591.0	13717.0	20766.0	27.0	21.8	37.6	33.2
2011-03-22	55688.0	16962.0	7449.0	30053.0	29622.0	8661.0	18605.0	35.0	29.6	46.7	37.7
2011-03-29	56725.0	20195.0	5919.0	28926.0	32706.0	7592.0	18088.0	36.3	29.0	47.4	37.4
2011-04-05	57183.0	21520.0	8140.0	28322.0	30781.0	7329.0	18250.0	35.8	26.6	48.8	35.6
2011-04-12	54553.0	23251.0	7448.0	23956.0	29971.0	7340.0	17128.0	34.6	26.9	45.4	35.0
2011-04-19	55815.0	21882.0	8466.0	27206.0	29904.0	6727.0	17445.0	34.1	27.8	47.8	36.5
2011-04-26	55806.0	19907.0	8264.0	27678.0	29205.0	6981.0	17097.0	29.3	27.1	43.1	35.9
2011-05-03	55193.0	18139.0	7047.0	26581.0	27822.0	6881.0	16732.0	26.9	26.4	39.9	34.3
2011-05-10	49692.0	17592.0	6005.0	21682.0	23408.0	6796.0	16657.0	31.4	29.7	47.8	38.4
2011-05-17	48211.0	15500.0	7598.0	21658.0	19052.0	7419.0	17927.0	28.9	16.6	46.2	26.1
2011-05-24	46675.0	15743.0	7063.0	20197.0	19548.0	7039.0	16368.0	29.8	19.2	47.9	28.7
2011-05-31	46773.0	15696.0	7124.0	19440.0	19040.0	7563.0	16535.0	29.2	19.6	46.2	29.1
2011-06-07	61071.0	17443.0	7236.0	22238.0	23042.0	9190.0	18593.0	23.9	16.1	37.4	22.5
2011-06-14	27641.0	8413.0	6706.0	12662.0	14266.0	6566.0	6669.0	31.6	44.7	42.6	57.8
2011-06-21	28718.0	9156.0	6456.0	13069.0	14936.0	6493.0	7326.0	30.4	44.4	41.8	56.8
2011-06-28	31013.0	8626.0	8335.0	15600.0	15384.0	6786.0	7293.0	30.7	40.9	44.5	55.9
2011-07-05	35341.0	10374.0	11873.0	18405.0	15568.0	6561.0	7899.0	31.2	42.0	45.4	57.8
2011-07-12	35770.0	8238.0	12308.0	19911.0	16009.0	7621.0	7453.0	30.8	39.9	48.2	55.9
2011-07-19	37432.0	8352.0	13855.0	20196.0	14802.0	8884.0	8775.0	28.9	38.8	45.7	53.9
2011-07-26	37496.0	9364.0	15018.0	20874.0	13410.0	7257.0	9067.0	29.6	39.6	49.4	54.9
2011-08-02	35988.0	9629.0	14152.0	19479.0	14476.0	6880.0	7360.0	29.0	40.8	48.2	58.3
2011-08-09	30783.0	6467.0	11055.0	17158.0	12466.0	7158.0	7262.0	34.0	40.2	51.1	55.4
2011-08-16	32081.0	6711.0	11531.0	19178.0	12093.0	6192.0	8457.0	37.3	33.4	53.8	48.3
2011-08-23	30509.0	6210.0	11124.0	18253.0	9975.0	6046.0	9410.0	39.1	31.7	56.2	46.3
2011-08-30	31101.0	6743.0	11393.0	17855.0	10730.0	6503.0	8978.0	37.5	35.1	53.4	50.6
2011-09-06	42150.0	6322.0	8873.0	17780.0	13216.0	15024.0	17037.0	24.3	20.9	34.3	30.2
2011-09-13	27120.0	3073.0	8519.0	16870.0	6761.0	7176.0	11839.0	38.6	39.4	53.4	50.4
2011-09-20	26440.0	3223.0	7624.0	16016.0	6826.0	7201.0	11990.0	35.6	40.2	50.7	49.1
2011-09-27	25772.0	4245.0	6028.0	14756.0	8406.0	6769.0	11336.0	34.6	40.5	47.0	51.2
2011-10-04	25487.0	3943.0	6558.0	14145.0	7644.0	7394.0	11280.0	29.8	40.3	44.5	50.3
2011-10-11	25452.0	3250.0	6411.0	14830.0	8104.0	7367.0	10932.0	29.3	39.7	43.9	50.3
2011-10-18	25579.0	3501.0	6250.0	14665.0	7374.0	7402.0	11944.0	29.5	39.3	43.2	48.4
2011-10-25	26427.0	4144.0	7106.0	15367.0	7594.0	6904.0	11715.0	29.8	38.1	42.7	47.4
2011-11-01	28806.0	2688.0	9012.0	19625.0	7278.0	6493.0	12516.0	31.4	36.2	47.9	47.3
2011-11-08	29003.0	3181.0	8925.0	19122.0	7498.0	6681.0	12561.0	29.7	35.1	46.8	46.6
2011-11-15	30041.0	4108.0	9250.0	19559.0	7538.0	6307.0	13186.0	28.6	35.3	45.6	47.2
2011-11-22	30572.0	4507.0	8130.0	19381.0	8114.0	6637.0	14281.0	27.6	33.7	46.1	45.6
2011-11-29	28319.0	3384.0	5582.0	18276.0	8515.0	6555.0	14118.0	30.3	33.3	49.2	43.2
2011-12-06	30676.0	3741.0	5042.0	19114.0	9649.0	6310.0	14474.0	27.7	27.8	45.7	37.3
2011-12-13	22552.0	3507.0	8718.0	13854.0	5204.0	5191.0	8630.0	36.6	46.5	56.0	57.3
2011-12-20	22336.0	3253.0	8333.0	13010.0	4624.0	6070.0	9376.0	35.9	46.8	52.9	54.6
2011-12-27	23104.0	3563.0	8360.0	13683.0	4574.0	5855.0	10167.0	34.7	44.2	51.4	51.5
2012-01-03	23554.0	3802.0	7896.0	13859.0	5362.0	5893.0	10296.0	33.5	42.7	49.9	50.8
2012-01-10	23171.0	3882.0	8490.0	13469.0	5194.0	5818.0	9485.0	34.5	45.3	50.9	53.1
2012-01-17	23372.0	4638.0	7399.0	13055.0	5169.0	5676.0	10801.0	33.3	41.8	50.2	48.8
2012-01-24	22907.0	3508.0	6364.0	13858.0	5935.0	5541.0	10608.0	37.2	38.2	53.2	47.5
2012-01-31	21835.0	3499.0	6472.0	12514.0	4984.0	5822.0	10379.0	31.5	43.1	47.4	50.3
2012-02-07	24074.0	4697.0	7810.0	12862.0	5869.0	6014.0	9894.0	28.1	41.2	41.8	48.9
2012-02-14	25302.0	4861.0	7812.0	13340.0	5312.0	6601.0	11678.0	31.8	40.2	44.9	46.6
2012-02-21	31610.0	5368.0	10158.0	18113.0	6124.0	7629.0	14828.0	30.2	35.9	43.1	44.6
2012-02-28	36664.0	6376.0	11302.0	22615.0	6143.0	7173.0	18719.0	29.1	33.8	42.8	40.7
2012-03-06	50210.0	5467.0	11490.0	32463.0	16142.0	8124.0	18422.0	20.4	27.5	29.8	32.9
2012-03-13	45950.0	6291.0	18256.0	33050.0	5433.0	6609.0	22261.0	37.1	39.5	52.2	45.9
2012-03-20	44910.0	6728.0	17379.0	31361.0	5193.0	6821.0	22338.0	38.6	42.7	52.3	48.0
2012-03-27	45659.0	7467.0	18304.0	31768.0	5183.0	6424.0	22172.0	38.4	44.2	52.1	48.9
2012-04-03	49658.0	12081.0	19240.0	31381.0	5798.0	6008.0	24432.0	41.0	40.4	53.3	46.0
2012-04-10	44073.0	10615.0	15967.0	26890.0	5666.0	6568.0	22440.0	45.3	40.0	57.3	45.7
2012-04-17	42771.0	9764.0	14658.0	26111.0	4840.0	6896.0	23273.0	46.4	39.2	58.7	43.9
2012-04-24	41814.0	9900.0	14090.0	25541.0	4875.0	6373.0	22849.0	46.4	38.8	59.0	43.6
2012-05-01	42151.0	9415.0	14182.0	25741.0	4895.0	6995.0	23074.0	45.2	38.4	57.6	43.4
2012-05-08	41146.0	9714.0	13535.0	24489.0	5043.0	6943.0	22568.0	45.8	37.9	56.9	42.9
2012-05-15	35519.0	4016.0	7179.0	23708.0	5381.0	7795.0	22959.0	42.5	27.9	54.7	32.5
2012-05-22	35095.0	3931.0	7789.0	23325.0	5300.0	7839.0	22006.0	41.6	29.8	54.0	35.2
2012-05-29	34948.0	3954.0	6882.0	23238.0	5368.0	7689.0	22631.0	41.6	27.1	54.1	32.8
2012-06-05	41501.0	4483.0	6828.0	24372.0	6916.0	8275.0	23386.0	35.0	20.7	45.5	25.6
2012-06-12	27804.0	2637.0	10629.0	18204.0	5071.0	6963.0	12104.0	42.6	45.5	55.5	52.8
2012-06-19	28364.0	3247.0	10576.0	18108.0	5085.0	7009.0	12703.0	41.6	45.1	55.4	52.1
2012-06-26	27409.0	2781.0	9707.0	17866.0	5327.0	6762.0	12375.0	43.4	43.2	55.4	50.3
2012-07-03	28497.0	1939.0	9507.0	20384.0	5567.0	6174.0	13423.0	42.2	39.0	57.4	47.8
2012-07-10	29680.0	2613.0	9564.0	21056.0	5239.0	6011.0	14877.0	44.6	37.7	58.1	45.0
2012-07-17	29531.0	2607.0	9829.0	20676.0	5415.0	6248.0	14287.0	43.9	40.2	57.5	47.0
2012-07-24	29035.0	2913.0	9578.0	19741.0	5240.0	6380.0	14216.0	41.2	41.9	55.0	48.7
2012-07-31	31261.0	4374.0	11133.0	20155.0	5418.0	6730.0	14708.0	39.3	43.2	54.8	50.0
2012-08-07	31614.0	4770.0	12151.0	19946.0	5433.0	6896.0	14028.0	38.8	44.1	54.2	51.7
2012-08-14	31161.0	4261.0	11900.0	20269.0	5069.0	6631.0	14192.0	39.5	44.8	55.1	50.6
2012-08-21	30096.0	2333.0	11423.0	20365.0	4665.0	7398.0	14008.0	41.0	47.6	54.4	51.5
2012-08-28	31129.0	2600.0	11623.0	21124.0	4774.0	7405.0	14732.0	39.6	46.4	53.2	50.8
2012-09-04	31572.0	2630.0	11540.0	20598.0	4230.0	8204.0	15662.0	37.3	46.3	50.9	48.0
2012-09-11	35704.0	3955.0	10184.0	22336.0	7291.0	9093.0	17909.0	33.4	35.3	45.8	40.2
2012-09-18	21611.0	1964.0	4295.0	13481.0	6260.0	6166.0	11056.0	39.3	40.9	51.7	47.8
2012-09-25	20773.0	1320.0	4284.0	12155.0	6547.0	7298.0	9942.0	33.6	42.7	46.6	50.6
2012-10-02	20484.0	2249.0	2642.0	11976.0	7070.0	6132.0	10645.0	34.0	38.8	47.8	46.5
2012-10-09	20785.0	2489.0	2224.0	12380.0	7428.0	5916.0	11133.0	33.5	38.3	46.7	44.8
2012-10-16	25197.0	5543.0	2980.0	13744.0	7693.0	5910.0	14524.0	37.6	30.8	51.8	39.0
2012-10-23	25635.0	3564.0	4545.0	16536.0	7828.0	5535.0	13262.0	41.7	34.5	56.0	43.0
2012-10-30	30071.0	7143.0	7312.0	17403.0	7939.0	5525.0	14820.0	43.9	37.1	57.9	46.0
2012-11-06	31730.0	7819.0	7576.0	17826.0	8126.0	6085.0	16028.0	41.5	38.0	55.5	45.1
2012-11-13	31646.0	8567.0	7374.0	17259.0	8434.0	5805.0	15823.0	41.5	39.4	55.5	46.2
2012-11-20	37244.0	9933.0	9627.0	22490.0	7904.0	4821.0	19713.0	47.2	37.4	60.9	44.5
2012-11-27	41183.0	12140.0	12937.0	21260.0	8163.0	7783.0	20083.0	41.2	37.0	57.4	44.0
2012-12-04	43623.0	12997.0	14896.0	22473.0	6282.0	8053.0	22345.0	39.0	31.6	54.7	41.4
2012-12-11	56158.0	15643.0	17555.0	25372.0	5728.0	13973.0	31705.0	33.6	25.4	48.8	34.0
2012-12-18	52544.0	18092.0	23844.0	24821.0	6172.0	9531.0	22428.0	36.1	42.7	53.3	51.5
2012-12-24	52532.0	17101.0	21967.0	24785.0	10343.0	9870.0	19446.0	32.9	44.7	46.5	58.6
2012-12-31	52920.0	18159.0	20708.0	24594.0	10782.0	9307.0	20570.0	32.7	43.9	46.2	55.9
2013-01-08	50835.0	13886.0	17561.0	24158.0	10706.0	11554.0	21331.0	32.4	44.1	44.5	52.7
2013-01-15	53906.0	18163.0	16377.0	24273.0	14492.0	11470.0	23037.0	33.1	41.1	48.2	49.8
2013-01-22	61285.0	22000.0	20429.0	26732.0	13787.0	12553.0	27069.0	34.8	35.8	50.8	47.0
2013-01-29	62857.0	24200.0	22015.0	26822.0	14721.0	11808.0	26094.0	35.8	34.8	51.6	48.2
2013-02-05	64170.0	23295.0	21568.0	29018.0	14816.0	11746.0	27675.0	34.5	33.7	48.0	46.4
2013-02-12	78532.0	24630.0	21375.0	35954.0	22269.0	17763.0	34703.0	27.8	26.3	39.8	38.3
2013-02-19	75179.0	23448.0	22415.0	37621.0	19988.0	13537.0	32203.0	27.9	27.5	42.2	39.5
2013-02-26	74869.0	21002.0	16507.0	39663.0	21621.0	13515.0	36052.0	31.5	27.9	43.1	35.9
2013-03-05	90992.0	28184.0	16503.0	45191.0	32598.0	10902.0	35176.0	26.0	20.2	37.1	29.2
2013-03-12	67465.0	26126.0	13869.0	29711.0	32951.0	11313.0	20330.0	35.0	40.7	48.9	56.5
2013-03-19	63673.0	24822.0	12096.0	29263.0	32211.0	9428.0	19206.0	37.6	41.4	50.2	56.8
2013-03-26	67841.0	26572.0	13530.0	31319.0	33069.0	9823.0	21115.0	35.3	38.6	49.2	53.2
2013-04-02	67164.0	25440.0	13188.0	31381.0	32813.0	10185.0	21005.0	35.7	38.7	50.6	53.4
2013-04-09	76030.0	33388.0	17816.0	31857.0	32812.0	10643.0	25260.0	32.0	34.2	47.7	51.7
2013-04-16	76492.0	31344.0	14675.0	32756.0	37695.0	12360.0	24090.0	32.3	41.6	49.1	58.1
2013-04-23	75334.0	30992.0	14124.0	33414.0	37557.0	10919.0	23644.0	32.7	42.5	49.3	58.2
2013-04-30	76760.0	31280.0	16138.0	33828.0	37533.0	11207.0	22644.0	31.5	43.4	47.4	59.7
2013-05-07	79230.0	32006.0	17565.0	35549.0	37203.0	11675.0	24462.0	30.5	42.6	46.2	59.0
2013-05-14	82330.0	32390.0	18609.0	38228.0	38221.0	11462.0	25250.0	29.4	42.2	44.4	57.5
2013-05-21	81990.0	30783.0	18925.0	39149.0	38023.0	11746.0	24730.0	29.5	43.4	44.9	58.7
2013-05-28	77917.0	27664.0	12562.0	36565.0	40622.0	12928.0	23973.0	29.4	43.5	42.5	56.6
2013-06-04	69667.0	23914.0	8209.0	30997.0	37110.0	14324.0	23916.0	31.0	48.1	43.2	55.6
2013-06-11	97578.0	22562.0	9027.0	56882.0	60730.0	12598.0	22285.0	20.0	33.6	29.5	39.2
2013-06-18	54701.0	15930.0	6133.0	27769.0	41112.0	10709.0	7163.0	33.7	66.8	45.8	79.4
2013-06-25	55221.0	16401.0	5531.0	27535.0	41656.0	11211.0	7960.0	34.1	66.8	45.5	77.9
2013-07-02	58865.0	18367.0	10349.0	29575.0	40812.0	10683.0	7464.0	31.5	66.8	44.2	77.8
2013-07-09	62702.0	20235.0	11510.0	31317.0	43876.0	11026.0	7192.0	29.9	70.6	43.0	81.4
2013-07-16	65374.0	21328.0	12250.0	32443.0	47201.0	11576.0	5896.0	30.9	70.6	42.8	83.7
2013-07-23	65309.0	20660.0	12293.0	33405.0	47617.0	11172.0	5327.0	28.3	72.0	40.1	85.2
2013-07-30	58093.0	16287.0	8665.0	30376.0	45605.0	11323.0	3716.0	31.6	74.9	43.3	87.7
2013-08-06	58672.0	17945.0	9036.0	30239.0	45306.0	10267.0	4109.0	30.6	72.5	42.6	85.1
2013-08-13	59180.0	17269.0	9359.0	28954.0	44669.0	12957.0	5152.0	31.1	71.4	42.0	83.6
2013-08-20	54753.0	13929.0	7864.0	28064.0	43477.0	12755.0	3407.0	33.7	76.7	45.2	89.1
2013-08-27	53779.0	12606.0	5241.0	27752.0	43947.0	12451.0	3621.0	33.1	70.8	44.9	82.4
2013-09-03	55604.0	14802.0	5437.0	27461.0	43345.0	11870.0	5351.0	33.3	68.4	44.1	79.7
2013-09-10	76580.0	17401.0	6546.0	41317.0	54949.0	11294.0	8517.0	24.2	49.6	32.6	57.6
2013-09-17	56654.0	15270.0	9648.0	31587.0	42348.0	9685.0	4546.0	32.8	67.5	44.2	81.2
2013-09-24	59857.0	17872.0	11043.0	32217.0	42995.0	9685.0	5736.0	32.7	67.7	46.5	80.2
2013-10-01	62162.0	18293.0	12439.0	33429.0	43352.0	10440.0	6371.0	31.5	65.5	45.6	78.2
2013-10-08	61747.0	16498.0	11610.0	34094.0	46465.0	11155.0	3672.0	31.5	69.8	45.3	84.1
2013-10-15	65224.0	14984.0	12410.0	39807.0	46862.0	10433.0	5952.0	34.3	65.6	49.9	79.0
2013-10-22	66746.0	16399.0	13486.0	40697.0	47361.0	9650.0	5899.0	33.7	64.2	48.7	78.0
2013-10-29	67000.0	15231.0	12843.0	41075.0	47461.0	10694.0	6696.0	33.6	64.5	47.6	79.0
2013-11-05	67453.0	15434.0	13498.0	40614.0	47942.0	11231.0	5839.0	33.3	64.1	47.0	79.1
2013-11-12	61460.0	16165.0	8769.0	33416.0	48215.0	11720.0	4317.0	31.2	64.1	43.1	81.0
2013-11-19	64856.0	16115.0	9035.0	36151.0	48176.0	11998.0	7053.0	31.6	60.0	44.0	76.0
2013-11-26	68743.0	19022.0	11451.0	36676.0	48875.0	13021.0	8393.0	32.5	58.2	45.0	73.2
2013-12-03	71237.0	19451.0	12233.0	38964.0	49279.0	12300.0	9203.0	32.6	55.9	45.3	70.5
2013-12-10	84502.0	18603.0	15017.0	46092.0	56031.0	15481.0	9128.0	28.0	48.2	38.6	60.8
2013-12-17	71148.0	22581.0	17887.0	38337.0	44841.0	10229.0	8419.0	33.1	56.4	46.3	67.0
2013-12-24	74919.0	23636.0	19189.0	39852.0	46958.0	11342.0	8683.0	31.8	59.3	44.9	69.4
2014-01-07	78585.0	25016.0	20865.0	41575.0	48966.0	11903.0	8663.0	30.3	61.5	42.9	71.2
2014-01-14	75571.0	25338.0	20295.0	38853.0	48760.0	11355.0	6491.0	31.2	64.2	43.7	74.3
2014-01-21	77289.0	25236.0	21738.0	39143.0	49047.0	12535.0	6129.0	31.3	62.9	43.5	72.8
2014-01-28	67980.0	18663.0	15714.0	37654.0	49214.0	11663.0	3052.0	32.4	65.8	43.3	77.1
2014-02-04	71165.0	24076.0	13389.0	35985.0	52731.0	10982.0	4923.0	34.1	61.0	48.3	71.8
2014-02-11	72609.0	27131.0	14383.0	34716.0	52864.0	10598.0	5198.0	37.3	59.9	49.6	70.6
2014-02-18	68886.0	23067.0	12849.0	34549.0	51248.0	11161.0	4680.0	39.2	64.4	52.2	75.3
2014-02-25	69112.0	23737.0	13243.0	35372.0	50028.0	10003.0	5841.0	39.7	64.2	52.9	75.2
2014-03-04	67691.0	21829.0	11812.0	35288.0	50432.0	10174.0	5047.0	36.8	65.1	49.8	76.3
2014-03-11	94942.0	23192.0	13844.0	52431.0	65922.0	15163.0	11020.0	27.1	45.9	36.5	54.5
2014-03-18	60943.0	19334.0	13183.0	32246.0	36478.0	9316.0	11235.0	38.9	53.2	52.2	65.5
2014-03-25	62554.0	20144.0	13592.0	33222.0	36618.0	9141.0	12297.0	38.0	51.6	51.9	63.5
2014-04-01	61990.0	19112.0	13374.0	33274.0	36463.0	9557.0	12106.0	36.9	52.1	49.3	63.9
2014-04-08	62964.0	20137.0	13076.0	32408.0	37872.0	10291.0	11888.0	36.3	52.0	48.3	65.9
2014-04-15	62589.0	21516.0	11220.0	30484.0	39516.0	10542.0	11806.0	36.5	55.1	48.8	68.7
2014-04-22	61878.0	21773.0	11196.0	30515.0	39570.0	9543.0	11065.0	36.9	56.1	49.3	70.0
2014-04-29	61062.0	20934.0	12066.0	30131.0	39297.0	9945.0	9647.0	37.4	56.8	49.7	70.7
2014-05-06	60688.0	20870.0	11400.0	29612.0	39473.0	10047.0	9656.0	37.7	57.4	49.7	71.5
2014-05-13	60157.0	19506.0	11442.0	29423.0	39502.0	10820.0	8805.0	34.1	57.7	44.9	72.0
2014-05-20	58464.0	19189.0	10648.0	29116.0	38020.0	9844.0	9481.0	35.3	56.9	48.0	71.4
2014-05-27	61437.0	22148.0	10757.0	28453.0	39323.0	10349.0	10870.0	35.0	56.4	50.8	70.4
2014-06-03	61237.0	19402.0	10587.0	27987.0	39284.0	13264.0	10782.0	35.2	56.3	48.6	70.3
2014-06-10	82345.0	24027.0	12643.0	35189.0	45871.0	18681.0	19383.0	26.1	41.9	38.0	52.3
2014-06-17	58558.0	20134.0	13199.0	28541.0	29747.0	9883.0	15612.0	37.2	51.5	49.2	60.9
2014-06-24	58332.0	19792.0	12678.0	29166.0	29660.0	9374.0	15994.0	37.8	51.0	49.8	60.3
2014-07-01	57925.0	18944.0	11788.0	29567.0	29992.0	9414.0	16145.0	35.8	52.2	47.8	61.5
2014-07-08	61196.0	22827.0	13795.0	29745.0	30232.0	8624.0	17169.0	39.2	49.6	52.5	59.0
2014-07-15	61457.0	21852.0	15041.0	30729.0	30390.0	8780.0	15930.0	38.7	54.4	51.1	63.8
2014-07-22	62315.0	21258.0	15620.0	32479.0	30464.0	8488.0	16141.0	38.0	53.7	51.8	63.0
2014-07-29	62526.0	21579.0	15892.0	32100.0	29968.0	8847.0	16666.0	38.2	52.6	52.6	61.9
2014-08-05	61316.0	19369.0	14563.0	31646.0	30382.0	10029.0	16099.0	39.2	54.3	54.0	63.8
2014-08-12	59147.0	20374.0	13603.0	28636.0	30235.0	10041.0	15213.0	40.0	56.3	52.6	65.7
2014-08-19	59592.0	21199.0	13187.0	28399.0	30305.0	9697.0	15803.0	39.7	55.4	53.8	64.7
2014-08-26	64458.0	26119.0	15960.0	28512.0	28713.0	9615.0	19573.0	39.7	50.7	54.9	58.9
2014-09-02	63958.0	25481.0	15890.0	28163.0	28421.0	9928.0	19261.0	40.4	51.0	54.5	58.7
2014-09-09	78737.0	25622.0	16342.0	36532.0	37036.0	15082.0	23858.0	32.6	41.2	45.0	47.6
2014-09-16	64448.0	23511.0	17000.0	30026.0	26952.0	10886.0	20471.0	39.3	48.5	52.6	58.8
2014-09-23	64491.0	23827.0	17662.0	29506.0	27254.0	11108.0	19525.0	38.9	48.2	52.1	58.3
2014-09-30	63635.0	22220.0	15737.0	29469.0	27343.0	11675.0	20284.0	39.0	48.6	52.4	58.0
2014-10-07	55637.0	16303.0	9633.0	28098.0	27428.0	11236.0	18576.0	36.3	49.1	49.7	59.3
2014-10-14	53919.0	15927.0	8578.0	27452.0	27130.0	10459.0	18130.0	36.1	49.5	50.0	60.2
2014-10-21	51080.0	12725.0	8691.0	26492.0	23408.0	11814.0	18932.0	38.5	41.9	52.3	51.2
2014-10-28	53400.0	12827.0	10912.0	30125.0	22100.0	10357.0	20297.0	36.8	36.2	50.1	48.2
2014-11-04	64650.0	17002.0	15147.0	33791.0	23704.0	12469.0	24411.0	37.6	40.0	50.9	49.6
2014-11-11	68444.0	20765.0	20504.0	33143.0	23583.0	13852.0	23673.0	35.5	47.3	49.2	56.4
2014-11-18	70753.0	24465.0	21995.0	32487.0	23807.0	12883.0	24033.0	36.1	46.3	48.5	55.3
2014-11-25	72034.0	24582.0	21392.0	33372.0	25712.0	14006.0	24856.0	35.1	45.7	47.3	54.6
2014-12-02	72614.0	24985.0	21562.0	33564.0	26633.0	13943.0	24297.0	35.2	45.8	47.7	54.7
2014-12-09	82427.0	23147.0	21923.0	39924.0	34423.0	14690.0	21415.0	30.3	39.8	40.9	47.5
2014-12-16	60474.0	19769.0	14544.0	29725.0	39764.0	10607.0	5793.0	40.7	60.9	53.2	77.5
2014-12-23	60998.0	20008.0	15139.0	29789.0	39603.0	10803.0	5858.0	41.6	60.7	54.4	77.2
2014-12-30	61607.0	19056.0	16985.0	30380.0	37705.0	11698.0	6444.0	42.5	58.7	55.2	75.2
2015-01-06	57543.0	14963.0	14850.0	30371.0	36311.0	12103.0	6276.0	38.8	62.7	50.7	80.4
2015-01-13	56228.0	14243.0	14875.0	30144.0	35996.0	11481.0	4997.0	40.2	64.6	52.4	82.9
2015-01-20	53498.0	14420.0	15655.0	27612.0	32489.0	11230.0	5118.0	39.4	61.5	50.8	80.3
2015-01-27	52339.0	15481.0	15902.0	25909.0	30796.0	10297.0	4989.0	37.2	59.3	49.9	78.7
2015-02-03	53044.0	16398.0	16283.0	24915.0	30794.0	10867.0	5103.0	36.7	58.5	49.5	77.8
2015-02-10	53655.0	17404.0	16131.0	24384.0	30805.0	10742.0	5594.0	37.7	57.6	50.2	76.6
2015-02-17	54081.0	17228.0	15633.0	25134.0	30793.0	10860.0	6796.0	36.3	56.9	49.3	75.8
2015-02-24	56282.0	17915.0	15902.0	25756.0	31374.0	12178.0	8573.0	34.2	55.5	46.3	74.0
2015-03-03	59068.0	17460.0	16574.0	26842.0	31220.0	14431.0	10939.0	32.6	53.9	43.1	69.9
2015-03-10	85038.0	18719.0	17824.0	49132.0	54231.0	14523.0	10319.0	22.7	37.4	30.0	48.4
2015-03-17	57894.0	19102.0	6990.0	27125.0	44635.0	11667.0	6269.0	33.6	66.1	45.5	81.4
2015-03-24	59147.0	18981.0	7689.0	28013.0	44527.0	11456.0	6234.0	32.5	64.7	46.8	79.5
2015-03-31	59404.0	19672.0	7665.0	27073.0	44153.0	12272.0	7199.0	31.3	64.4	44.8	79.0
2015-04-07	58212.0	18789.0	7141.0	27605.0	43962.0	11441.0	6732.0	31.9	65.7	45.8	80.6
2015-04-14	57224.0	15730.0	7920.0	27691.0	42569.0	12626.0	5558.0	32.5	66.8	46.8	81.1
2015-04-21	57014.0	16266.0	7058.0	27705.0	42579.0	11723.0	6057.0	32.6	67.1	46.9	81.4
2015-04-28	56365.0	16717.0	7345.0	27140.0	42610.0	11625.0	5527.0	33.0	67.9	46.4	82.4
2015-05-05	56111.0	17476.0	7969.0	26608.0	42584.0	11602.0	5133.0	34.0	68.2	47.3	82.6
2015-05-12	58777.0	19724.0	8911.0	26195.0	43133.0	12045.0	5920.0	32.7	65.1	46.6	79.3
2015-05-19	61667.0	21968.0	10433.0	27998.0	42880.0	11236.0	7889.0	33.5	62.1	48.3	75.8
2015-05-26	61759.0	21967.0	9941.0	27912.0	42902.0	11417.0	8453.0	33.4	62.0	48.3	75.6
2015-06-02	61538.0	21612.0	9087.0	27538.0	42903.0	11776.0	8936.0	32.9	62.2	46.7	76.0
2015-06-09	70461.0	20629.0	9075.0	27722.0	43566.0	12720.0	8430.0	28.7	54.3	40.9	66.2
2015-06-16	52618.0	14786.0	14396.0	28168.0	32645.0	9619.0	5532.0	37.0	60.9	52.5	75.3
2015-06-23	56236.0	17123.0	15149.0	28611.0	34194.0	10502.0	6893.0	35.2	61.0	50.0	73.6
2015-06-30	54863.0	14884.0	15245.0	28614.0	34285.0	11364.0	5332.0	36.1	67.2	51.6	78.6
2015-07-07	55030.0	15954.0	15155.0	29229.0	34262.0	9847.0	5613.0	35.2	67.4	51.6	78.7
2015-07-14	56125.0	16645.0	13687.0	29349.0	36105.0	10131.0	6333.0	34.7	69.9	50.8	80.3
2015-07-21	55757.0	15244.0	14129.0	29570.0	36467.0	10543.0	4761.0	35.0	73.4	51.1	83.8
2015-07-28	54091.0	14396.0	13513.0	29236.0	36371.0	10216.0	3964.0	36.1	75.3	51.9	85.8
2015-08-04	55194.0	14473.0	13558.0	29226.0	36685.0	11035.0	4491.0	35.3	73.7	50.9	84.1
2015-08-11	55867.0	15867.0	14344.0	29030.0	36684.0	10524.0	4393.0	34.9	72.0	50.4	82.3
2015-08-18	54606.0	16267.0	13244.0	28666.0	36681.0	9468.0	4476.0	35.9	72.3	51.5	82.9
2015-08-25	52113.0	13759.0	9537.0	26142.0	37139.0	11462.0	4687.0	39.8	70.2	54.8	80.7
2015-09-01	51836.0	15684.0	9376.0	25571.0	36675.0	10123.0	5327.0	40.0	70.7	54.2	81.4
2015-09-08	56966.0	17981.0	11082.0	27157.0	38600.0	9383.0	4839.0	34.8	64.2	49.2	74.0
2015-09-15	46086.0	16386.0	18260.0	21249.0	19600.0	7931.0	7706.0	43.9	56.7	57.5	69.7
2015-09-22	48179.0	18689.0	20933.0	21276.0	19627.0	8214.0	7619.0	43.0	56.1	56.7	68.4
2015-09-29	46703.0	18299.0	19788.0	19838.0	19408.0	8546.0	7487.0	44.3	57.8	57.7	69.2
2015-10-06	46636.0	18424.0	19735.0	20083.0	19110.0	8129.0	7791.0	44.5	57.8	57.6	69.0
2015-10-13	47905.0	19384.0	20742.0	20621.0	18656.0	7769.0	8376.0	42.2	56.2	54.9	66.9
2015-10-20	49486.0	20831.0	21440.0	20632.0	18960.0	7563.0	8626.0	40.8	58.6	54.2	68.2
2015-10-27	52546.0	20816.0	23719.0	23506.0	20241.0	7891.0	8253.0	38.5	59.0	51.0	70.0
2015-11-03	51565.0	19557.0	22138.0	23131.0	21713.0	8289.0	7126.0	36.4	61.1	50.9	73.4
2015-11-10	52595.0	21666.0	21218.0	22011.0	24164.0	8767.0	7062.0	38.5	57.6	53.0	72.8
2015-11-17	52575.0	21053.0	19636.0	22067.0	24369.0	8886.0	8001.0	36.8	55.2	50.7	70.3
2015-11-24	53522.0	22159.0	21065.0	21836.0	24598.0	8836.0	7168.0	37.2	54.2	49.8	68.6
2015-12-01	51941.0	22889.0	19515.0	19641.0	24405.0	8730.0	7340.0	38.3	55.7	52.3	71.5
2015-12-08	65715.0	20640.0	18451.0	30516.0	36917.0	12702.0	8490.0	30.4	44.1	39.7	56.5
2015-12-15	48828.0	19024.0	7803.0	20064.0	37358.0	9601.0	3528.0	41.5	70.0	56.7	81.0
2015-12-22	48555.0	18358.0	7725.0	19734.0	37348.0	10330.0	3349.0	42.6	70.3	58.2	82.3
2015-12-29	48082.0	19867.0	7162.0	19932.0	37502.0	8150.0	3285.0	43.1	71.3	61.1	83.9
2016-01-05	47061.0	20121.0	5868.0	19917.0	37541.0	6884.0	3513.0	45.6	72.4	64.0	85.4
2016-01-12	48178.0	18873.0	7149.0	20321.0	37316.0	8984.0	3713.0	40.4	70.7	57.7	83.7
2016-01-19	43963.0	16393.0	7270.0	17470.0	32011.0	10100.0	4682.0	39.2	66.6	51.9	81.2
2016-01-26	43211.0	11034.0	8952.0	21709.0	28412.0	10308.0	5687.0	40.7	64.2	57.0	75.1
2016-02-02	42282.0	13236.0	8589.0	21372.0	28570.0	7661.0	5110.0	42.3	65.7	60.8	76.3
2016-02-09	41491.0	13010.0	7622.0	20795.0	28696.0	7686.0	5173.0	43.1	66.9	61.2	76.7
2016-02-16	41184.0	12592.0	7219.0	20508.0	28811.0	7560.0	4630.0	43.4	67.3	60.1	77.6
2016-02-23	40093.0	11421.0	6485.0	20751.0	28490.0	7417.0	4614.0	44.6	67.6	59.1	77.6
2016-03-01	40667.0	11271.0	6073.0	22002.0	29708.0	7154.0	4646.0	44.2	63.7	59.8	73.0
2016-03-08	45279.0	9796.0	5296.0	23644.0	31729.0	8858.0	5273.0	39.9	57.2	52.7	66.4
2016-03-15	29282.0	6782.0	4679.0	16612.0	17722.0	5488.0	6481.0	52.8	51.0	64.6	61.2
2016-03-22	30399.0	7441.0	5337.0	17305.0	19427.0	5653.0	5635.0	53.8	50.5	66.0	61.1
2016-03-29	29701.0	7159.0	5293.0	17006.0	19398.0	5536.0	5010.0	55.1	53.3	67.5	62.3
2016-04-05	30689.0	8973.0	4735.0	15699.0	19892.0	6017.0	6062.0	52.4	53.7	64.4	62.5
2016-04-12	30407.0	9417.0	4815.0	15506.0	19808.0	5459.0	5759.0	51.9	56.6	65.9	65.4
2016-04-19	30070.0	8515.0	3792.0	15445.0	20540.0	6110.0	5738.0	49.8	58.8	64.2	67.5
2016-04-26	33521.0	10557.0	4381.0	16059.0	21790.0	6905.0	7350.0	43.5	54.3	59.6	63.6
2016-05-03	34697.0	11045.0	4254.0	16234.0	23922.0	7418.0	6521.0	43.3	59.9	58.0	67.4
2016-05-10	34093.0	12146.0	2923.0	15657.0	24511.0	6290.0	6659.0	44.1	62.1	59.3	69.4
2016-05-17	32156.0	11198.0	2095.0	15601.0	24021.0	5357.0	6040.0	44.6	64.3	60.1	71.1
2016-05-24	33222.0	11943.0	2973.0	15647.0	23462.0	5625.0	6780.0	45.6	61.3	60.5	67.8
2016-05-31	35516.0	12260.0	4677.0	15604.0	23318.0	7574.0	7443.0	43.2	57.8	57.0	64.1
2016-06-07	40713.0	11984.0	3990.0	18979.0	25887.0	6832.0	7918.0	36.5	51.1	50.0	57.2
2016-06-14	31604.0	10258.0	3572.0	15221.0	22275.0	6125.0	5757.0	40.8	65.0	56.0	74.5
2016-06-21	32479.0	10685.0	3462.0	15790.0	22827.0	6004.0	6190.0	40.2	63.6	56.2	74.6
2016-06-28	34020.0	11415.0	4704.0	16462.0	22845.0	6143.0	6471.0	40.3	63.7	56.1	73.1
2016-07-05	35176.0	12055.0	4844.0	16500.0	23977.0	6621.0	6355.0	41.8	62.1	57.9	71.8
2016-07-12	36637.0	13609.0	4373.0	16305.0	26304.0	6685.0	5922.0	40.2	67.4	55.8	76.1
2016-07-19	37418.0	12702.0	4272.0	17545.0	27250.0	7133.0	5858.0	39.2	71.4	54.4	79.1
2016-07-26	35753.0	9954.0	3643.0	17834.0	28138.0	7905.0	3912.0	40.4	76.2	55.3	83.6
2016-08-02	36017.0	9438.0	2678.0	18014.0	28713.0	8511.0	4572.0	40.5	73.3	54.2	81.1
2016-08-09	35341.0	9218.0	2431.0	17653.0	28572.0	8452.0	4320.0	41.3	73.3	54.0	80.9
2016-08-16	36532.0	9493.0	2393.0	18022.0	28599.0	8999.0	5522.0	40.3	70.9	55.9	78.1
2016-08-23	35404.0	9156.0	2264.0	18031.0	28597.0	8099.0	4425.0	41.6	73.1	57.6	80.3
2016-08-30	36796.0	10872.0	2644.0	17978.0	28509.0	7928.0	5625.0	40.9	70.4	56.4	77.1
2016-09-06	49765.0	10644.0	3000.0	28989.0	39526.0	9924.0	7031.0	30.3	52.0	41.7	58.0
2016-09-13	32801.0	10697.0	3351.0	14997.0	24001.0	7089.0	5431.0	45.3	68.1	59.3	77.9
2016-09-20	33242.0	10392.0	3297.0	16170.0	24991.0	6662.0	4936.0	44.8	69.0	58.7	78.9
2016-09-27	34218.0	11313.0	2830.0	15064.0	25680.0	7832.0	5699.0	44.6	69.1	58.0	78.5
2016-10-04	32644.0	11857.0	2589.0	14336.0	25456.0	6436.0	4584.0	43.2	70.9	57.2	80.7
2016-10-11	32862.0	9627.0	2559.0	14489.0	25580.0	8738.0	4715.0	42.0	71.2	53.8	80.9
2016-10-18	33116.0	11160.0	3335.0	14635.0	25085.0	7313.0	4688.0	42.3	69.6	55.4	79.2
2016-10-25	34701.0	11445.0	3363.0	14325.0	26263.0	8871.0	5015.0	40.4	69.8	52.9	78.2
2016-11-01	36267.0	13145.0	2925.0	14398.0	28928.0	8716.0	4406.0	37.3	73.2	49.2	81.0
2016-11-08	34948.0	11747.0	2485.0	14053.0	28346.0	9143.0	4112.0	38.0	74.7	50.4	82.7
2016-11-15	35489.0	10950.0	2951.0	15859.0	28461.0	8675.0	4072.0	35.8	73.4	48.1	81.7
2016-11-22	35836.0	12178.0	2752.0	15056.0	28702.0	8599.0	4379.0	36.8	72.8	49.0	81.5
2016-11-29	36014.0	11958.0	2797.0	15396.0	28411.0	8524.0	4670.0	36.3	72.7	48.0	81.3
2016-12-06	50456.0	11354.0	2923.0	25231.0	38863.0	12406.0	7205.0	25.4	51.6	33.8	57.7
2016-12-13	30333.0	7583.0	6368.0	15359.0	17594.0	7391.0	6371.0	40.8	66.9	52.0	75.3
2016-12-20	28999.0	6421.0	5777.0	15076.0	16360.0	7502.0	6862.0	41.3	63.5	52.2	72.3
2016-12-27	28503.0	5976.0	5911.0	15101.0	16295.0	7426.0	6297.0	42.0	63.4	53.9	72.3
2017-01-03	28256.0	7028.0	5299.0	13770.0	15878.0	7362.0	6983.0	41.4	62.1	52.4	70.7
2017-01-10	27963.0	6709.0	6344.0	13534.0	15945.0	7630.0	5584.0	42.7	63.0	53.8	73.0
2017-01-17	28908.0	7604.0	5420.0	12884.0	16731.0	8311.0	6648.0	39.6	62.8	51.4	72.3
2017-01-24	28092.0	7812.0	4973.0	11754.0	17161.0	8526.0	5958.0	36.6	65.3	47.2	74.4
2017-01-31	28665.0	7966.0	5051.0	12158.0	18094.0	8041.0	5020.0	38.6	67.3	48.7	75.0
