2005-01-04	8193.0	3468.0	451.0	2174.0	1583.0	2551.0	6159.0	52.8	12.9	62.7	22.0
2005-03-08	37666.0	7588.0	485.0	7979.0	4852.0	17641.0	27871.0	26.0	4.0	29.7	4.6
2005-03-29	27064.0	10400.0	350.0	12144.0	1754.0	4520.0	24960.0	56.4	7.8	72.9	7.8
2005-04-19	27632.0	8989.0	904.0	12743.0	1626.0	5885.0	25087.0	55.8	7.9	69.3	8.7
2005-04-26	27672.0	8452.0	666.0	13779.0	1719.0	5426.0	25272.0	58.0	7.8	69.7	8.5
2005-05-03	25339.0	7322.0	660.0	14575.0	2025.0	3422.0	22634.0	61.0	9.7	72.2	10.5
2005-05-10	30104.0	6983.0	930.0	15784.0	2248.0	7322.0	26911.0	52.6	7.8	64.5	9.4
2005-05-17	27358.0	6751.0	923.0	15850.0	2653.0	4740.0	23765.0	57.8	8.9	68.7	11.4
2005-05-24	29330.0	7160.0	350.0	15964.0	2397.0	6164.0	26541.0	55.3	7.8	63.1	7.8
2005-05-31	28334.0	7117.0	560.0	16663.0	2399.0	4451.0	25272.0	59.4	8.9	68.5	9.6
2005-06-07	39374.0	6993.0	426.0	18055.0	2439.0	12348.0	34531.0	44.9	6.5	52.1	6.7
2005-07-05	17351.0	4964.0	200.0	9396.0	2200.0	2991.0	14951.0	54.3	9.7	67.7	9.8
2005-07-19	22289.0	5592.0	0.0	12129.0	5694.0	4498.0	16525.0	49.9	20.6	60.0	20.6
2005-08-02	25351.0	6505.0	0.0	14499.0	8041.0	4347.0	17310.0	54.5	27.3	64.7	27.3
2005-08-09	26508.0	6323.0	285.0	15529.0	8715.0	4656.0	17508.0	56.2	26.5	65.8	29.6
2005-08-16	28589.0	6599.0	268.0	17477.0	9437.0	4513.0	18884.0	56.5	25.3	67.6	29.9
2005-08-23	30684.0	7288.0	891.0	18584.0	10978.0	4573.0	18576.0	55.2	24.9	66.9	32.8
2005-09-06	39046.0	6944.0	2485.0	20827.0	10982.0	7786.0	22090.0	45.9	21.0	55.2	27.1
2005-09-13	28583.0	11977.0	1942.0	13212.0	1339.0	3156.0	25064.0	57.1	7.9	70.5	10.4
2005-09-20	34289.0	12465.0	1533.0	16961.0	1490.0	4627.0	31030.0	60.6	7.1	72.6	8.1
2005-09-27	33706.0	11050.0	1873.0	19362.0	2038.0	2973.0	29474.0	59.6	7.1	71.6	8.1
2005-10-04	35013.0	8548.0	3119.0	22107.0	2526.0	3732.0	28742.0	53.1	10.8	63.6	12.7
2005-10-11	40021.0	10585.0	2070.0	22793.0	3133.0	6498.0	34673.0	54.8	9.0	64.5	11.0
2005-10-18	37182.0	10338.0	1511.0	23146.0	3573.0	3698.0	32098.0	62.3	8.0	70.7	11.1
2005-10-25	36146.0	9985.0	1531.0	21591.0	4583.0	4570.0	30032.0	62.7	8.6	72.8	13.2
2005-11-01	39407.0	11664.0	1597.0	23126.0	5720.0	4613.0	32086.0	58.3	10.1	68.5	14.4
2005-11-08	46126.0	17192.0	3618.0	24434.0	7462.0	4496.0	35042.0	49.1	7.6	62.1	12.1
2005-11-15	45105.0	17091.0	3404.0	24038.0	7594.0	3972.0	34103.0	48.4	8.2	62.4	12.7
2005-11-22	49715.0	19345.0	3227.0	24565.0	9202.0	5801.0	37282.0	43.6	8.2	57.5	13.1
2005-11-29	51511.0	18654.0	4034.0	25699.0	9313.0	7154.0	38160.0	41.5	8.3	55.3	12.9
2005-12-06	63273.0	16428.0	7739.0	26792.0	8387.0	15313.0	42407.0	33.0	10.7	44.6	15.1
2005-12-13	34149.0	21433.0	3482.0	4956.0	4312.0	7760.0	26355.0	48.6	10.6	61.3	15.6
2005-12-20	31881.0	18660.0	2457.0	8627.0	5808.0	4594.0	23616.0	51.2	10.8	61.8	15.7
2005-12-27	31423.0	16655.0	2588.0	10226.0	7260.0	4528.0	21561.0	46.4	11.9	58.8	17.9
2006-01-03	31791.0	17354.0	4424.0	10875.0	10999.0	3552.0	16358.0	47.1	18.3	59.4	27.5
2006-01-10	35512.0	16791.0	4953.0	14974.0	13974.0	3747.0	16585.0	41.2	26.4	55.4	34.2
2006-01-17	36866.0	16234.0	5808.0	14451.0	12352.0	6170.0	18695.0	36.6	24.8	51.7	31.7
2006-01-24	35831.0	15203.0	5785.0	14513.0	16517.0	6109.0	13523.0	31.3	32.6	45.5	39.6
2006-01-31	35174.0	14150.0	6307.0	15854.0	17983.0	5159.0	10873.0	29.8	35.1	45.4	43.1
2006-02-07	36764.0	12288.0	7392.0	17288.0	19033.0	7176.0	10327.0	26.2	38.5	43.4	46.2
2006-02-14	35210.0	11059.0	7591.0	18480.0	21579.0	5671.0	6040.0	26.4	45.0	44.5	54.8
2006-02-21	41164.0	13535.0	9660.0	22217.0	25302.0	5046.0	5836.0	23.3	40.6	39.1	55.3
2006-02-28	44211.0	14543.0	10132.0	22924.0	26525.0	5964.0	6774.0	21.4	39.0	35.5	53.4
2006-03-07	51160.0	13243.0	11614.0	25200.0	29058.0	7803.0	5574.0	19.4	33.5	31.7	45.0
2006-03-14	33840.0	13105.0	2751.0	15684.0	10225.0	4946.0	20759.0	36.5	18.4	53.2	28.1
2006-03-21	36790.0	15319.0	3157.0	13437.0	12037.0	8034.0	21596.0	31.0	17.3	46.6	26.5
2006-03-28	37277.0	16531.0	3101.0	15138.0	11202.0	5608.0	22974.0	31.8	16.8	48.8	25.6
2006-04-04	34521.0	14575.0	2787.0	15867.0	14921.0	4074.0	16808.0	32.1	17.7	50.7	27.3
2006-04-11	34691.0	12918.0	4538.0	16533.0	18013.0	5161.0	12061.0	32.3	27.7	50.3	35.4
2006-04-18	34142.0	13606.0	3529.0	16463.0	17974.0	4054.0	12620.0	32.6	28.2	50.0	36.8
2006-04-25	34805.0	10496.0	5362.0	18050.0	16521.0	6212.0	12875.0	28.5	26.9	46.1	35.9
2006-05-02	32087.0	8640.0	4889.0	18195.0	17996.0	5247.0	9197.0	29.0	31.7	49.1	40.4
2006-05-09	36458.0	10608.0	5548.0	20153.0	18260.0	5656.0	12609.0	25.6	28.4	43.9	36.4
2006-05-16	35674.0	7694.0	5367.0	22346.0	18452.0	4927.0	11148.0	28.9	29.1	43.6	36.4
2006-05-23	42666.0	8553.0	7011.0	26877.0	17234.0	6635.0	17820.0	30.3	21.1	43.2	29.1
2006-05-30	41581.0	7917.0	5580.0	26249.0	16475.0	7293.0	19404.0	29.7	18.6	44.7	25.8
2006-06-06	51121.0	8559.0	7733.0	30838.0	20194.0	8019.0	19489.0	21.8	15.0	33.5	22.0
2006-06-13	36395.0	14259.0	4459.0	14588.0	14914.0	7510.0	16984.0	30.5	29.0	45.3	38.1
2006-06-20	36075.0	12660.0	2722.0	16343.0	16969.0	7029.0	16341.0	31.3	33.2	46.3	42.5
2006-06-27	35809.0	11864.0	3928.0	15977.0	16818.0	7901.0	14996.0	27.7	34.0	41.7	42.4
2006-07-03	36550.0	11806.0	3394.0	17930.0	16262.0	6771.0	16851.0	28.1	34.3	42.4	42.4
2006-07-11	35444.0	9626.0	3417.0	18105.0	15926.0	7315.0	15703.0	25.3	34.8	40.0	42.2
2006-07-18	37100.0	7896.0	3785.0	21008.0	14994.0	8196.0	18321.0	28.0	29.1	44.7	36.4
2006-07-25	39814.0	6865.0	2909.0	25133.0	16777.0	7779.0	20091.0	30.9	28.9	46.1	36.2
2006-08-01	40180.0	5476.0	3373.0	27376.0	17745.0	7188.0	18922.0	29.6	32.6	45.1	39.2
2006-08-08	40874.0	6491.0	3907.0	26473.0	17476.0	7871.0	19452.0	29.6	32.0	44.7	38.6
2006-08-15	43279.0	6676.0	4660.0	29306.0	19286.0	7275.0	19311.0	29.8	31.5	44.1	37.6
2006-08-22	40092.0	3760.0	5441.0	28458.0	20398.0	7546.0	13925.0	29.0	34.4	44.2	41.3
2006-08-29	40026.0	3487.0	4685.0	29321.0	22084.0	6772.0	12811.0	27.8	35.4	44.3	42.9
2006-09-05	48496.0	3342.0	5534.0	28175.0	22353.0	13771.0	17401.0	22.6	29.3	34.3	36.3
2006-09-12	34729.0	16886.0	2278.0	11841.0	7408.0	5997.0	25038.0	43.5	18.6	56.1	23.7
2006-09-19	36055.0	16232.0	2395.0	12539.0	8702.0	7284.0	24958.0	37.7	18.3	50.6	23.2
2006-09-26	38812.0	16529.0	3347.0	15722.0	9856.0	6462.0	25510.0	32.4	17.3	44.3	23.1
2006-10-03	34882.0	15239.0	2973.0	12865.0	9458.0	6618.0	22291.0	33.7	19.0	45.8	24.6
2006-10-10	37858.0	15907.0	3389.0	14960.0	11503.0	6991.0	22966.0	31.1	17.6	42.1	24.2
2006-10-17	41230.0	16046.0	3139.0	15843.0	13002.0	9167.0	24915.0	30.1	18.4	41.0	23.7
2006-10-24	38345.0	15830.0	3421.0	15388.0	14116.0	7127.0	20808.0	29.4	19.6	40.1	27.5
2006-10-31	42211.0	15849.0	4177.0	19011.0	14323.0	7131.0	23491.0	26.6	18.2	37.3	25.5
2006-11-07	43532.0	16532.0	4168.0	19541.0	13956.0	7458.0	25407.0	24.2	17.1	35.7	24.3
2006-11-14	46285.0	16716.0	4337.0	20688.0	15227.0	8872.0	26712.0	21.3	17.7	32.4	25.7
2006-11-21	45892.0	16428.0	4402.0	23079.0	14308.0	6372.0	27169.0	19.9	17.8	31.5	24.4
2006-11-28	41763.0	13239.0	3962.0	20063.0	14996.0	8448.0	22792.0	20.3	18.0	32.4	24.4
2006-12-05	54531.0	13126.0	3636.0	31198.0	25820.0	10077.0	24945.0	17.6	13.9	27.2	19.2
2006-12-12	27950.0	6801.0	325.0	16168.0	21424.0	4761.0	5981.0	36.3	71.1	50.5	74.2
2006-12-19	33381.0	7164.0	1898.0	20540.0	23742.0	5313.0	7377.0	28.6	62.1	43.5	67.1
2006-12-26	32413.0	7664.0	1625.0	20551.0	23723.0	3791.0	6658.0	29.0	62.1	44.4	67.5
2007-01-03	35282.0	5872.0	1171.0	19916.0	24162.0	9228.0	9683.0	25.2	58.6	38.9	63.1
2007-01-09	36207.0	6546.0	2293.0	20317.0	25807.0	8802.0	7565.0	25.8	56.6	38.5	62.5
2007-01-16	34203.0	6678.0	1943.0	19771.0	26838.0	7333.0	5001.0	27.6	61.3	41.4	68.0
2007-01-23	35585.0	6952.0	2162.0	19929.0	28757.0	8074.0	4036.0	29.0	59.6	42.8	66.3
2007-01-30	37813.0	8248.0	3328.0	21590.0	29166.0	7342.0	4686.0	28.2	56.5	41.2	65.1
2007-02-06	39601.0	8673.0	3899.0	21982.0	31458.0	8399.0	3697.0	26.9	57.2	39.1	67.4
2007-02-13	42349.0	8748.0	4169.0	22485.0	34697.0	10464.0	2831.0	24.1	57.6	37.0	66.5
2007-02-20	44654.0	9590.0	4391.0	25161.0	34375.0	9129.0	5114.0	24.5	54.9	38.4	64.9
2007-02-27	55499.0	11112.0	4427.0	27828.0	37876.0	14770.0	11407.0	25.1	45.5	37.2	55.4
2007-03-06	88406.0	11092.0	8025.0	34525.0	37442.0	32952.0	33102.0	18.2	27.2	26.0	32.8
2007-03-13	46160.0	20563.0	1731.0	15358.0	18774.0	9976.0	25392.0	39.1	31.1	50.5	37.3
2007-03-20	46739.0	20129.0	1665.0	17664.0	21419.0	8943.0	23652.0	37.8	32.0	51.4	38.9
2007-03-27	48520.0	25372.0	1975.0	15329.0	22251.0	7602.0	24077.0	45.2	31.0	59.9	38.6
2007-04-03	47209.0	20085.0	2017.0	18232.0	23810.0	8257.0	20747.0	38.4	33.1	52.1	42.2
2007-04-10	47281.0	21054.0	1515.0	17656.0	27071.0	8300.0	18424.0	37.5	34.7	53.4	45.2
2007-04-17	52726.0	23259.0	1410.0	19598.0	28065.0	9571.0	22953.0	33.1	33.3	48.3	42.6
2007-04-24	53211.0	25318.0	3418.0	20936.0	28919.0	6654.0	20571.0	34.2	33.9	49.5	44.9
2007-05-01	55722.0	26321.0	3358.0	22496.0	30967.0	6480.0	20972.0	33.5	33.9	48.6	44.4
2007-05-08	59515.0	27516.0	4128.0	23370.0	32054.0	8200.0	22904.0	31.7	33.5	46.5	43.4
2007-05-15	59311.0	25413.0	4753.0	23174.0	34481.0	10060.0	19413.0	30.5	34.6	45.5	44.8
2007-05-22	58467.0	25031.0	4406.0	25227.0	34730.0	7610.0	18732.0	30.7	35.2	45.9	46.4
2007-05-29	57949.0	24881.0	4937.0	26272.0	33431.0	6294.0	19079.0	31.1	34.6	46.0	44.5
2007-06-05	70787.0	23701.0	4800.0	28582.0	35824.0	17272.0	28931.0	27.7	30.0	39.9	39.8
2007-06-12	38023.0	15554.0	815.0	14780.0	14447.0	7577.0	22649.0	38.0	22.8	53.9	31.7
2007-06-19	38741.0	18201.0	1031.0	14162.0	14254.0	6253.0	23331.0	38.6	22.0	52.3	30.2
2007-06-26	41165.0	19415.0	1122.0	13165.0	19019.0	8354.0	20793.0	36.2	30.4	48.9	38.6
2007-07-03	39803.0	20895.0	2686.0	14468.0	18520.0	4337.0	18494.0	38.1	32.8	51.3	41.2
2007-07-10	40358.0	19306.0	3364.0	14652.0	19236.0	6234.0	17592.0	37.4	32.5	50.3	42.6
2007-07-17	42194.0	19188.0	3594.0	16825.0	20430.0	6025.0	18014.0	36.3	32.1	49.2	41.0
2007-07-24	43857.0	18878.0	5186.0	19347.0	20410.0	5481.0	18110.0	38.8	31.2	53.6	42.5
2007-07-31	47847.0	13816.0	7070.0	26701.0	26643.0	7175.0	13979.0	34.8	34.7	53.0	46.8
2007-08-07	49025.0	13201.0	6603.0	29786.0	28545.0	5869.0	13708.0	31.9	36.8	50.6	48.5
2007-08-14	50090.0	13840.0	7655.0	29158.0	31185.0	6908.0	11066.0	30.3	35.6	47.4	51.4
2007-08-21	57553.0	17636.0	6929.0	32504.0	29755.0	7217.0	20673.0	28.2	31.8	43.4	41.2
2007-08-28	57715.0	21660.0	6299.0	28064.0	30882.0	7789.0	20332.0	28.7	30.4	45.6	40.4
2007-09-04	57176.0	23514.0	4205.0	28070.0	32352.0	5228.0	20255.0	29.1	33.2	46.0	42.7
2007-09-11	93038.0	18820.0	3737.0	36540.0	39705.0	20881.0	32799.0	15.3	20.8	26.4	27.4
2007-09-18	70323.0	32258.0	4194.0	31552.0	20058.0	6412.0	45970.0	51.8	22.9	70.7	28.6
2007-09-25	64413.0	29486.0	3964.0	28715.0	21400.0	6112.0	38949.0	52.0	25.3	71.1	31.0
2007-10-02	63823.0	29013.0	4967.0	28439.0	23183.0	6270.0	35572.0	51.6	25.5	70.6	32.5
2007-10-09	65159.0	28827.0	4646.0	29700.0	24414.0	6532.0	35999.0	48.8	25.0	66.6	32.1
2007-10-16	65419.0	28903.0	4997.0	29760.0	23429.0	6656.0	36893.0	46.6	24.9	63.4	32.3
2007-10-23	62922.0	26627.0	5330.0	27864.0	23201.0	8186.0	34146.0	47.4	25.8	64.1	34.6
2007-10-30	63562.0	23300.0	6699.0	34379.0	24247.0	5706.0	32439.0	42.7	25.7	64.6	34.5
2007-11-06	64369.0	20612.0	5627.0	34646.0	27269.0	8829.0	31191.0	36.7	25.8	60.0	34.3
2007-11-13	59419.0	19510.0	2832.0	31168.0	29731.0	8353.0	26468.0	39.1	30.8	56.9	40.4
2007-11-20	58768.0	18496.0	2896.0	31204.0	33117.0	8791.0	22478.0	41.5	33.3	57.1	44.9
2007-11-27	58716.0	18129.0	3096.0	31714.0	34124.0	8608.0	21231.0	41.9	34.9	55.8	48.4
2007-12-04	59359.0	18053.0	3412.0	33157.0	32346.0	7880.0	23332.0	40.7	32.5	55.4	44.1
2007-12-11	66767.0	18618.0	3438.0	36485.0	32683.0	11041.0	30023.0	37.7	27.5	53.9	36.9
2007-12-18	44647.0	17864.0	975.0	10982.0	35490.0	15761.0	8142.0	47.0	71.1	54.5	77.7
2007-12-24	48541.0	18896.0	3025.0	12428.0	35301.0	17168.0	10166.0	44.4	64.7	51.5	73.8
2007-12-31	51317.0	17638.0	4035.0	16133.0	37547.0	17356.0	9545.0	42.0	63.6	50.4	73.2
2008-01-08	58270.0	15708.0	3964.0	21163.0	39610.0	21326.0	14623.0	35.1	55.1	45.2	65.5
2008-01-15	64602.0	13766.0	8241.0	23170.0	43838.0	27562.0	12419.0	26.5	51.9	38.9	64.9
2008-01-22	74089.0	18674.0	2488.0	28232.0	55359.0	27101.0	16160.0	24.0	50.4	36.4	63.7
2008-01-29	78976.0	17147.0	7123.0	31558.0	59608.0	30200.0	12174.0	25.0	51.9	37.6	66.0
2008-02-05	81267.0	15630.0	6814.0	33057.0	62421.0	32409.0	11861.0	23.5	51.2	35.0	66.6
2008-02-12	84263.0	17200.0	7379.0	34979.0	64868.0	32029.0	11961.0	21.7	50.9	36.0	66.6
2008-02-19	85269.0	15095.0	7620.0	33889.0	64585.0	36030.0	12809.0	22.2	50.8	32.2	66.6
2008-02-26	85300.0	15389.0	9057.0	34079.0	65442.0	35777.0	10746.0	22.9	53.5	33.4	69.2
2008-03-04	86600.0	15401.0	8113.0	34744.0	65438.0	35625.0	12219.0	22.1	48.4	33.1	63.8
2008-03-11	93078.0	15346.0	7613.0	37924.0	67457.0	37603.0	15803.0	22.3	45.4	34.3	60.5
2008-03-18	45171.0	18038.0	627.0	16248.0	24922.0	10885.0	19622.0	38.9	38.7	51.7	49.9
2008-03-25	45723.0	20289.0	3037.0	15795.0	24735.0	9639.0	17951.0	46.9	39.5	62.6	51.3
2008-04-01	47314.0	19051.0	2912.0	15119.0	25686.0	13041.0	18613.0	39.6	38.0	52.7	48.9
2008-04-08	49146.0	18734.0	4243.0	16028.0	27768.0	14101.0	16852.0	36.0	37.7	47.9	50.1
2008-04-15	50186.0	14894.0	1187.0	18187.0	33454.0	16581.0	15021.0	30.7	39.8	42.2	52.7
2008-04-22	54363.0	14739.0	2969.0	16237.0	34186.0	22793.0	16614.0	27.0	36.6	36.2	48.1
2008-04-29	57393.0	18737.0	2528.0	15886.0	37947.0	21826.0	15974.0	30.6	36.9	39.0	49.4
2008-05-06	59187.0	24380.0	4134.0	18538.0	36575.0	15673.0	17882.0	39.9	36.5	49.8	49.7
2008-05-13	59462.0	24413.0	5568.0	18877.0	37620.0	15367.0	15469.0	38.2	38.0	48.6	50.6
2008-05-20	60109.0	23277.0	5383.0	18606.0	36710.0	17591.0	17381.0	35.5	39.3	46.6	52.5
2008-05-27	62789.0	22302.0	5781.0	19586.0	38312.0	20145.0	17940.0	31.2	36.9	42.2	50.7
2008-06-03	65728.0	22244.0	6028.0	22159.0	41405.0	20287.0	17257.0	28.1	36.3	38.6	49.5
2008-06-10	80398.0	22014.0	6030.0	25175.0	49296.0	32157.0	24020.0	22.3	31.5	30.4	42.9
2008-06-17	31296.0	8283.0	4639.0	10643.0	18254.0	11978.0	8011.0	31.1	43.6	41.9	54.7
2008-06-24	35471.0	7203.0	5744.0	15998.0	23767.0	11851.0	5541.0	28.4	49.5	41.5	62.7
2008-07-01	41607.0	7344.0	6222.0	17316.0	27886.0	16581.0	7133.0	18.7	47.6	33.2	58.6
2008-07-08	47401.0	5775.0	5078.0	20385.0	34374.0	20767.0	7475.0	20.9	46.6	30.0	57.5
2008-07-15	53567.0	8118.0	7021.0	22137.0	38897.0	22891.0	7228.0	23.1	45.0	32.3	57.5
2008-07-22	52053.0	7655.0	6553.0	19461.0	38267.0	24598.0	6894.0	17.5	49.4	24.4	61.2
2008-07-29	59910.0	7952.0	8666.0	20342.0	41594.0	31228.0	9262.0	17.9	46.4	25.1	58.7
2008-08-05	65794.0	8261.0	12478.0	22749.0	44298.0	34311.0	8545.0	17.0	45.0	23.7	57.9
2008-08-12	58577.0	9071.0	9599.0	22995.0	42315.0	26298.0	6450.0	16.2	48.9	25.4	62.2
2008-08-19	67231.0	13641.0	8768.0	22804.0	47504.0	30553.0	10726.0	20.0	44.1	27.7	58.1
2008-08-26	68739.0	15469.0	13993.0	24685.0	48396.0	28308.0	6073.0	21.9	47.0	31.3	64.2
2008-09-02	73527.0	15935.0	14908.0	29380.0	52681.0	27777.0	5503.0	24.5	44.3	34.4	60.5
2008-09-09	94780.0	10311.0	19138.0	35207.0	62833.0	46955.0	10502.0	17.7	37.9	24.3	53.5
2008-09-16	52680.0	7330.0	12946.0	28960.0	19693.0	15296.0	18947.0	34.3	27.5	48.8	41.7
2008-09-23	53277.0	8877.0	15069.0	28318.0	29216.0	15951.0	8861.0	36.9	32.1	50.3	51.6
2008-09-30	59304.0	9449.0	11333.0	31328.0	33032.0	18227.0	14639.0	31.4	37.3	45.1	48.9
2008-10-07	72378.0	13355.0	19626.0	35178.0	40325.0	23583.0	12165.0	34.2	37.8	47.4	52.0
2008-10-14	86774.0	14450.0	18827.0	30690.0	50456.0	40709.0	16566.0	25.9	31.6	34.1	48.4
2008-10-21	82433.0	15675.0	9836.0	31782.0	58198.0	34421.0	13844.0	26.1	33.4	36.3	50.3
2008-10-28	89659.0	21750.0	10566.0	35556.0	69942.0	31259.0	8057.0	27.3	36.8	36.7	52.5
2008-11-04	89146.0	13464.0	9852.0	33079.0	65339.0	40970.0	12322.0	22.9	33.9	31.4	50.6
2008-11-11	93747.0	13775.0	10554.0	34647.0	69966.0	41559.0	9461.0	25.4	36.4	34.8	52.3
2008-11-18	98810.0	13688.0	17103.0	36596.0	75441.0	45727.0	3467.0	21.4	36.4	30.3	55.4
2008-11-25	104419.0	14088.0	20211.0	36508.0	80009.0	51945.0	2321.0	18.0	34.0	25.9	52.3
2008-12-02	111314.0	15500.0	23203.0	36932.0	81969.0	56557.0	3817.0	16.5	32.3	25.1	50.0
2008-12-09	118751.0	11749.0	21172.0	39835.0	86897.0	63468.0	6983.0	16.7	30.4	23.4	46.8
2008-12-16	32713.0	8950.0	8259.0	16049.0	12291.0	7524.0	11973.0	29.4	31.1	43.1	42.4
2008-12-22	34308.0	9962.0	11324.0	18566.0	12641.0	5663.0	10226.0	29.7	38.9	48.2	50.7
2008-12-30	38081.0	10310.0	11771.0	20784.0	14378.0	6868.0	11813.0	26.4	36.9	43.9	50.0
2009-01-06	40172.0	8830.0	15187.0	24470.0	13917.0	6872.0	11068.0	27.3	37.7	42.8	48.9
2009-01-13	43304.0	11163.0	17413.0	24885.0	13534.0	6974.0	12075.0	27.2	34.0	43.6	46.8
2009-01-20	43019.0	9947.0	20013.0	23228.0	20117.0	9678.0	2723.0	25.4	40.5	42.6	58.4
2009-01-27	43651.0	10722.0	18027.0	24207.0	19778.0	8243.0	5367.0	25.2	36.9	43.5	54.8
2009-02-03	47696.0	12895.0	19706.0	25228.0	21571.0	8783.0	5629.0	25.3	35.4	42.9	51.3
2009-02-10	52862.0	17175.0	20037.0	26190.0	26289.0	8363.0	5402.0	29.9	31.3	47.8	46.5
2009-02-17	52682.0	16398.0	16973.0	27113.0	27745.0	8071.0	6864.0	30.2	32.1	47.3	46.0
2009-02-24	60549.0	17144.0	19724.0	27450.0	33766.0	14822.0	5926.0	24.9	36.9	40.3	51.5
2009-03-03	62025.0	15816.0	18562.0	27638.0	39357.0	17397.0	2932.0	28.2	36.0	42.2	52.3
2009-03-10	82661.0	18053.0	20715.0	28206.0	44321.0	31563.0	12786.0	17.4	30.3	27.1	43.6
2009-03-17	36772.0	16482.0	8147.0	12724.0	24248.0	7566.0	4377.0	40.5	59.0	54.5	69.6
2009-03-24	38803.0	13495.0	7265.0	17153.0	27202.0	8155.0	4336.0	28.7	57.4	42.8	69.6
2009-03-31	45611.0	14797.0	8895.0	15729.0	30404.0	14588.0	5815.0	22.2	53.1	33.7	66.4
2009-04-07	46095.0	15762.0	10091.0	17855.0	31955.0	12133.0	3704.0	27.5	56.3	40.1	70.9
2009-04-14	46883.0	16012.0	11336.0	17783.0	29465.0	12113.0	5107.0	27.6	52.4	39.1	68.0
2009-04-21	48758.0	13819.0	12894.0	16074.0	30509.0	17553.0	4043.0	22.9	54.6	33.7	69.5
2009-04-28	50738.0	14452.0	14572.0	18281.0	30258.0	16178.0	4081.0	22.2	54.2	32.2	67.8
2009-05-05	53565.0	15501.0	16334.0	22110.0	34297.0	14101.0	1081.0	22.7	56.5	34.1	69.8
2009-05-12	56968.0	18126.0	17921.0	21121.0	31748.0	15940.0	5518.0	21.9	53.2	31.7	61.8
2009-05-19	57091.0	13104.0	19404.0	21720.0	31902.0	20810.0	4328.0	16.5	54.2	27.3	63.7
2009-05-26	59114.0	10461.0	17273.0	22853.0	31074.0	23597.0	8564.0	14.9	46.5	25.9	56.5
2009-06-02	54693.0	11727.0	14278.0	24395.0	32634.0	15782.0	4992.0	19.0	49.2	30.0	60.5
2009-06-09	67668.0	12230.0	13708.0	32095.0	42364.0	20696.0	8949.0	14.6	42.2	23.0	51.0
2009-06-16	24800.0	10087.0	5211.0	9156.0	16656.0	4990.0	2366.0	26.7	41.4	43.7	57.8
2009-06-23	30526.0	8338.0	8391.0	12902.0	19108.0	8452.0	2193.0	26.2	37.6	41.5	55.5
2009-06-30	31977.0	8801.0	9741.0	10567.0	18795.0	12010.0	2842.0	22.8	38.1	35.9	55.7
2009-07-07	34618.0	8416.0	10767.0	13600.0	18967.0	11756.0	4038.0	21.6	41.3	33.8	56.1
2009-07-14	33758.0	9420.0	10266.0	15283.0	18536.0	8645.0	4546.0	25.0	37.7	38.6	57.8
2009-07-21	39804.0	10370.0	11466.0	20401.0	17102.0	7702.0	9905.0	21.4	28.7	34.3	44.6
2009-07-28	42757.0	12858.0	10692.0	23283.0	18733.0	6153.0	12869.0	29.8	25.9	42.2	40.2
2009-08-04	42116.0	12126.0	11985.0	23992.0	19273.0	5799.0	10659.0	33.4	29.9	46.3	44.4
2009-08-11	48553.0	14764.0	13528.0	26996.0	20906.0	6602.0	13928.0	33.8	31.0	45.3	44.3
2009-08-18	48693.0	15201.0	13274.0	28440.0	21527.0	4804.0	13644.0	36.8	33.7	49.8	46.8
2009-08-25	53566.0	15632.0	11779.0	32388.0	22189.0	5235.0	19287.0	35.5	27.7	47.1	38.7
2009-09-01	57243.0	16323.0	12319.0	33554.0	23608.0	6522.0	20472.0	36.2	27.9	47.1	38.9
2009-09-08	70711.0	17058.0	13762.0	40528.0	28433.0	12300.0	27691.0	31.3	24.2	40.5	33.8
2009-09-15	37929.0	9232.0	4276.0	21005.0	12240.0	5877.0	19598.0	33.8	21.4	49.5	31.6
2009-09-22	41009.0	11126.0	5389.0	24274.0	13220.0	5479.0	22270.0	35.9	22.1	53.3	31.3
2009-09-29	43466.0	9492.0	8380.0	27672.0	13774.0	5653.0	20663.0	34.1	21.2	50.1	32.3
2009-10-06	42264.0	9017.0	10697.0	26142.0	14111.0	5972.0	16323.0	36.9	22.9	52.0	34.9
2009-10-13	44399.0	9215.0	10351.0	26552.0	18251.0	6943.0	14108.0	37.1	23.4	51.2	38.1
2009-10-20	44986.0	8175.0	9974.0	27490.0	18908.0	6410.0	13193.0	39.0	25.0	53.2	38.0
2009-10-27	44333.0	8621.0	11188.0	24758.0	18672.0	6419.0	9938.0	37.2	27.3	50.6	38.8
2009-11-03	42160.0	7735.0	12156.0	24378.0	22219.0	8004.0	5742.0	38.8	32.1	53.5	50.8
2009-11-09	46821.0	8765.0	12749.0	28358.0	21447.0	7423.0	10350.0	39.4	30.3	55.1	44.0
2009-11-17	51925.0	8228.0	12681.0	34916.0	21647.0	7139.0	15955.0	43.2	28.4	57.5	39.7
2009-11-24	59267.0	9861.0	11566.0	39626.0	24621.0	6615.0	19915.0	44.7	20.7	58.8	30.6
2009-12-01	59315.0	8815.0	8626.0	38212.0	26841.0	8017.0	19577.0	43.2	20.0	57.1	31.0
2009-12-08	70285.0	8723.0	9216.0	37205.0	34380.0	18107.0	20439.0	24.2	19.1	33.0	28.5
2009-12-15	24747.0	7017.0	6186.0	10701.0	10320.0	6646.0	7858.0	31.1	28.3	45.1	42.5
2009-12-22	25361.0	4351.0	5945.0	11719.0	13083.0	8566.0	5608.0	24.1	28.0	38.2	43.8
2009-12-29	27032.0	3676.0	5795.0	11688.0	15037.0	10861.0	5393.0	23.2	30.2	34.7	45.7
2010-01-05	29857.0	10161.0	5651.0	12396.0	17873.0	6589.0	5622.0	23.6	28.0	39.2	42.8
2010-01-12	37065.0	15799.0	7848.0	14772.0	20922.0	6106.0	7907.0	35.9	24.6	51.9	36.8
2010-01-19	36241.0	13234.0	8032.0	17002.0	21647.0	5517.0	6074.0	31.3	26.4	46.7	39.5
2010-01-26	42850.0	15390.0	5659.0	17305.0	31856.0	8278.0	3458.0	24.7	27.7	35.4	41.8
2010-02-02	46480.0	16450.0	5351.0	19333.0	34772.0	9306.0	4966.0	24.6	26.9	35.6	40.1
2010-02-09	51361.0	15556.0	3569.0	21038.0	39339.0	12903.0	6589.0	21.4	27.2	32.7	41.0
2010-02-16	51488.0	15857.0	5830.0	22050.0	39992.0	13276.0	5361.0	21.4	29.7	33.3	44.0
2010-02-23	49955.0	10179.0	6011.0	25240.0	37255.0	13504.0	5657.0	21.2	29.8	30.6	42.9
2010-03-02	51507.0	12848.0	5736.0	26240.0	37931.0	11390.0	6811.0	20.8	26.2	32.1	39.7
2010-03-09	63755.0	14531.0	8803.0	31383.0	34324.0	11536.0	14323.0	17.0	23.5	28.9	35.3
2010-03-16	32350.0	16181.0	2918.0	10442.0	15672.0	5433.0	13466.0	31.6	29.2	46.5	39.9
2010-03-23	36809.0	18573.0	4600.0	11860.0	16358.0	5837.0	15312.0	30.0	24.6	44.6	34.4
2010-03-30	39353.0	19197.0	4775.0	13412.0	20482.0	6118.0	13470.0	28.0	26.5	43.9	37.3
2010-04-06	44450.0	22516.0	5652.0	14001.0	24081.0	7239.0	14023.0	26.6	30.5	42.2	41.2
2010-04-13	48430.0	25151.0	3982.0	16339.0	22164.0	6293.0	21637.0	28.3	24.3	44.3	34.7
2010-04-20	46589.0	16966.0	4466.0	17257.0	20330.0	10348.0	19775.0	21.5	25.3	34.8	34.5
2010-04-27	46300.0	16960.0	3778.0	14588.0	29270.0	13234.0	11734.0	21.4	33.2	34.3	44.6
2010-05-04	47166.0	12458.0	6624.0	15962.0	35023.0	17396.0	4169.0	19.5	38.4	27.5	51.3
2010-05-11	58398.0	8760.0	12714.0	17290.0	34316.0	31297.0	10317.0	11.9	27.0	20.2	40.0
2010-05-18	58254.0	13786.0	12648.0	17712.0	36636.0	25908.0	8122.0	21.4	29.3	29.5	41.9
2010-05-25	56812.0	15546.0	11428.0	21734.0	38898.0	18714.0	5668.0	30.7	30.2	40.5	43.2
2010-06-01	61213.0	7891.0	13463.0	33529.0	37372.0	19055.0	9640.0	28.6	28.5	40.8	39.8
2010-06-08	76437.0	5384.0	17290.0	39550.0	46708.0	30523.0	11459.0	22.6	22.7	31.7	34.8
2010-06-15	33333.0	5423.0	3866.0	21165.0	18501.0	6648.0	10869.0	44.6	32.4	58.1	41.8
2010-06-22	38044.0	6311.0	4048.0	23554.0	21091.0	8020.0	12746.0	39.7	27.0	53.6	37.6
2010-06-29	39754.0	5483.0	5845.0	24864.0	22990.0	9130.0	10642.0	44.5	27.9	56.8	38.6
2010-07-06	43298.0	5498.0	9003.0	28131.0	24536.0	9397.0	9487.0	42.2	30.2	54.0	41.5
2010-07-13	45855.0	4448.0	10977.0	32663.0	19175.0	7428.0	14387.0	42.0	27.8	55.0	38.3
2010-07-20	45526.0	4051.0	8115.0	34026.0	21986.0	6576.0	14552.0	49.0	25.9	61.5	35.8
2010-07-27	48003.0	3629.0	5958.0	36106.0	21811.0	7290.0	19256.0	48.1	24.6	60.7	33.9
2010-08-03	50048.0	3615.0	5248.0	38347.0	22862.0	7529.0	21381.0	47.7	22.6	61.4	32.7
2010-08-10	52273.0	4194.0	3643.0	39519.0	23214.0	7919.0	24775.0	47.2	20.8	60.0	28.9
2010-08-17	52569.0	5339.0	3659.0	37343.0	28926.0	9151.0	19248.0	46.0	27.9	58.7	37.0
2010-08-24	54948.0	5530.0	3728.0	36802.0	31142.0	11244.0	18706.0	41.6	27.9	54.7	36.8
2010-08-31	54513.0	5887.0	4511.0	38657.0	33043.0	9350.0	16340.0	44.6	29.0	58.0	38.9
2010-09-07	57931.0	5561.0	3968.0	40026.0	32532.0	11171.0	20258.0	42.0	23.6	52.7	33.8
2010-09-14	31032.0	2930.0	2543.0	18556.0	15791.0	9413.0	12565.0	36.7	29.4	47.7	39.8
2010-09-21	32751.0	4525.0	3265.0	20093.0	17932.0	7971.0	11392.0	37.7	31.4	50.6	44.6
2010-09-28	35531.0	3664.0	3581.0	21052.0	17931.0	10331.0	13535.0	35.1	32.7	47.0	48.8
2010-10-05	40795.0	5746.0	8731.0	24239.0	20697.0	10442.0	10999.0	37.0	40.7	49.2	56.6
2010-10-12	36800.0	6201.0	8738.0	21604.0	19791.0	8590.0	7866.0	34.0	44.4	47.2	61.2
2010-10-19	39098.0	7361.0	10395.0	23120.0	20269.0	8114.0	7931.0	34.8	40.1	49.9	54.8
2010-10-26	43971.0	7630.0	11566.0	26546.0	22272.0	9099.0	9437.0	34.3	41.6	49.0	55.7
2010-11-02	46805.0	7119.0	12126.0	30484.0	22661.0	9045.0	11861.0	37.1	38.5	52.2	52.2
2010-11-09	46925.0	7430.0	11213.0	30424.0	23722.0	9032.0	11951.0	32.6	40.0	49.4	54.1
2010-11-16	47542.0	10978.0	10430.0	25225.0	23307.0	10801.0	13267.0	33.7	37.6	48.5	50.3
2010-11-23	50318.0	13290.0	7149.0	24645.0	28640.0	11296.0	13442.0	32.2	30.7	45.1	44.6
2010-11-30	53021.0	14075.0	4438.0	23604.0	35120.0	14228.0	12349.0	32.4	29.7	44.0	43.4
2010-12-07	59504.0	14072.0	4857.0	26476.0	33400.0	17039.0	19330.0	28.8	19.0	38.3	29.7
2010-12-14	48152.0	13673.0	6116.0	22659.0	19894.0	11736.0	22058.0	31.9	37.2	47.7	45.5
2010-12-21	46453.0	13805.0	6565.0	22352.0	20662.0	9963.0	18893.0	32.4	38.8	45.6	48.3
2010-12-28	43934.0	11855.0	6230.0	21937.0	21087.0	9893.0	16368.0	32.9	41.0	44.5	50.6
2011-01-04	48172.0	14940.0	6898.0	21624.0	23624.0	11188.0	17230.0	30.5	39.1	42.9	48.8
2011-01-11	50051.0	18038.0	7175.0	19089.0	25858.0	12683.0	16777.0	29.0	36.2	41.6	47.4
2011-01-18	56536.0	14993.0	7626.0	25153.0	23161.0	16099.0	25458.0	29.2	32.3	41.0	42.2
2011-01-25	57713.0	12981.0	7512.0	29781.0	24537.0	14414.0	25127.0	28.3	32.0	42.4	42.6
2011-02-01	64245.0	13105.0	7663.0	34371.0	23788.0	15296.0	31321.0	30.1	28.6	43.7	37.6
2011-02-08	61543.0	13534.0	7960.0	34085.0	25337.0	12475.0	26797.0	31.7	31.3	47.3	40.8
2011-02-15	64421.0	15755.0	4773.0	35178.0	31926.0	12153.0	26387.0	31.4	30.3	48.7	42.1
2011-02-22	62659.0	16132.0	2749.0	35213.0	34207.0	9709.0	24098.0	31.0	33.9	48.1	43.4
2011-03-01	64564.0	15065.0	3941.0	36048.0	33069.0	12072.0	26175.0	30.3	32.6	43.2	42.1
2011-03-08	74030.0	17512.0	4632.0	44109.0	47367.0	11012.0	20634.0	23.3	28.6	36.5	43.8
2011-03-15	76375.0	15544.0	14437.0	53411.0	33667.0	6973.0	27824.0	32.1	28.1	45.5	37.6
2011-03-22	70293.0	15511.0	20843.0	36573.0	40487.0	17704.0	8458.0	16.3	31.4	25.2	50.6
2011-03-29	66878.0	9529.0	18726.0	40719.0	41714.0	15878.0	5686.0	19.5	33.0	28.7	50.1
2011-04-05	64219.0	11647.0	17241.0	44945.0	40071.0	6398.0	5678.0	24.4	31.4	35.1	45.3
2011-04-12	61402.0	10278.0	18661.0	42785.0	32444.0	7340.0	9298.0	28.1	33.3	40.2	45.7
2011-04-19	61071.0	11697.0	18145.0	41543.0	36740.0	7228.0	5583.0	26.2	33.1	37.6	49.8
2011-04-26	64230.0	11723.0	17524.0	43672.0	39463.0	7733.0	6141.0	27.8	27.8	38.9	46.4
2011-05-03	64736.0	11637.0	17614.0	42241.0	39972.0	8548.0	4840.0	26.1	28.4	37.1	45.4
2011-05-10	60337.0	11847.0	16290.0	35744.0	35725.0	9617.0	5193.0	27.8	32.3	38.7	49.6
2011-05-17	57272.0	11024.0	10033.0	35630.0	36642.0	6667.0	6646.0	29.9	32.9	41.3	48.0
2011-05-24	55377.0	11204.0	11380.0	33895.0	36801.0	7411.0	4329.0	27.2	33.7	39.1	50.9
2011-05-31	59936.0	11033.0	10649.0	32849.0	39409.0	12865.0	6689.0	22.0	32.7	32.7	47.5
2011-06-07	81827.0	12054.0	10516.0	35882.0	35568.0	22681.0	24533.0	16.1	22.1	24.1	32.1
2011-06-14	40774.0	8871.0	3463.0	26233.0	18247.0	5282.0	18676.0	31.3	24.5	48.1	34.0
2011-06-21	41753.0	8124.0	3012.0	26847.0	18894.0	6463.0	19528.0	28.9	25.0	45.9	34.8
2011-06-28	40839.0	12115.0	3242.0	22072.0	23740.0	6271.0	13476.0	28.2	29.8	42.8	42.3
2011-07-05	47706.0	15733.0	3838.0	24730.0	21862.0	6814.0	21577.0	27.5	23.5	42.4	34.6
2011-07-12	48971.0	15997.0	5034.0	19296.0	37731.0	13358.0	5886.0	20.9	38.1	35.4	55.6
2011-07-19	55644.0	19435.0	5314.0	19450.0	44633.0	16409.0	5347.0	21.1	36.7	34.6	56.2
2011-07-26	50539.0	20079.0	3752.0	22099.0	38866.0	7913.0	7473.0	23.0	40.7	39.7	57.8
2011-08-02	60274.0	21843.0	4949.0	19563.0	47412.0	17834.0	6879.0	19.7	34.2	32.4	54.5
2011-08-09	72198.0	21798.0	4696.0	15120.0	57723.0	34415.0	8914.0	15.7	31.5	26.2	50.6
2011-08-16	58962.0	18193.0	4448.0	15389.0	47028.0	24276.0	6382.0	16.5	32.3	27.9	53.4
2011-08-23	62130.0	15980.0	4939.0	18957.0	49515.0	26478.0	6961.0	16.3	30.3	26.4	51.3
2011-08-30	62626.0	15507.0	3653.0	18598.0	52030.0	27733.0	6155.0	15.7	33.9	26.2	54.2
2011-09-06	78673.0	13550.0	2898.0	23181.0	59611.0	40298.0	14520.0	12.7	31.7	21.9	48.7
2011-09-13	36141.0	9030.0	5223.0	15897.0	23256.0	11193.0	7641.0	31.1	45.4	43.9	58.9
2011-09-20	31544.0	8342.0	5083.0	17229.0	18763.0	5758.0	7483.0	35.3	40.7	50.3	51.5
2011-09-27	30635.0	5448.0	4964.0	17862.0	20813.0	6722.0	4255.0	34.1	39.4	47.6	51.8
2011-10-04	36915.0	5385.0	3722.0	17148.0	25112.0	12452.0	6151.0	28.1	37.7	38.7	51.4
2011-10-11	33009.0	5339.0	4323.0	18717.0	20472.0	7361.0	6622.0	33.3	30.8	46.5	43.7
2011-10-18	34265.0	6770.0	3127.0	18192.0	17239.0	7748.0	12344.0	31.5	27.5	44.3	38.8
2011-10-25	40811.0	6081.0	6745.0	25035.0	13651.0	8096.0	18816.0	29.8	21.8	43.5	31.4
2011-11-01	47083.0	8585.0	4722.0	28704.0	13917.0	7372.0	26022.0	24.7	17.5	37.6	25.2
2011-11-08	48306.0	7711.0	6440.0	32506.0	11772.0	6173.0	28178.0	27.2	18.7	41.0	24.4
2011-11-15	47399.0	7595.0	6348.0	31209.0	14648.0	6311.0	24119.0	27.2	19.3	40.5	26.1
2011-11-22	49442.0	7752.0	7464.0	32836.0	16505.0	7061.0	23680.0	29.2	18.7	44.8	29.5
2011-11-29	49227.0	4737.0	8423.0	34597.0	17214.0	8245.0	21942.0	27.3	19.9	42.4	30.7
2011-12-06	50054.0	4104.0	7442.0	37238.0	16749.0	6435.0	23586.0	24.1	17.3	36.6	24.1
2011-12-13	30842.0	7567.0	1321.0	16700.0	13182.0	6521.0	16285.0	38.8	25.8	54.7	35.3
2011-12-20	32500.0	7340.0	3118.0	18678.0	14273.0	5294.0	13921.0	43.2	25.3	56.3	35.0
2011-12-27	35756.0	7028.0	2680.0	21590.0	12970.0	5534.0	18502.0	39.5	22.1	52.2	31.0
2012-01-03	37355.0	7139.0	3775.0	22861.0	10533.0	5815.0	21507.0	36.3	15.8	50.6	23.2
2012-01-10	38723.0	7375.0	2890.0	23943.0	12915.0	5087.0	20600.0	37.3	17.0	52.8	26.6
2012-01-17	38709.0	6774.0	1828.0	24388.0	12081.0	5277.0	22530.0	36.5	15.7	54.3	22.5
2012-01-24	43607.0	9870.0	1771.0	23412.0	12371.0	7112.0	26252.0	30.2	14.4	44.1	21.2
2012-01-31	42431.0	7300.0	2214.0	24402.0	14687.0	5775.0	20576.0	31.8	16.0	46.8	23.9
2012-02-07	44693.0	12282.0	1259.0	24717.0	11635.0	5222.0	29327.0	28.6	13.8	46.2	18.5
2012-02-14	46081.0	11392.0	1026.0	22455.0	14494.0	8823.0	27150.0	25.1	14.2	40.7	20.9
2012-02-21	43754.0	11962.0	2509.0	21533.0	21982.0	7770.0	16774.0	26.4	20.1	41.2	32.1
2012-02-28	45261.0	12990.0	4404.0	20157.0	26916.0	9042.0	10869.0	26.8	24.0	39.8	38.3
2012-03-06	68640.0	14177.0	3974.0	21655.0	29953.0	22516.0	24421.0	19.9	15.5	28.4	24.4
2012-03-13	45893.0	19298.0	9259.0	18205.0	10891.0	8236.0	25589.0	42.3	19.2	54.1	29.7
2012-03-20	45172.0	17981.0	3214.0	19817.0	8483.0	6541.0	32642.0	42.9	12.2	56.3	17.9
2012-03-27	46875.0	18312.0	2588.0	17408.0	13095.0	7772.0	27809.0	42.1	15.1	53.9	22.1
2012-04-03	49439.0	18611.0	3133.0	19346.0	13420.0	7657.0	29061.0	40.9	15.9	51.2	22.3
2012-04-10	46491.0	15800.0	3239.0	20432.0	14353.0	6333.0	24973.0	36.3	16.3	50.7	23.9
2012-04-17	62892.0	15814.0	3423.0	27005.0	14452.0	12723.0	37667.0	34.4	12.0	45.8	17.0
2012-04-24	63583.0	16269.0	4090.0	27305.0	17980.0	12676.0	34180.0	32.8	15.6	44.3	22.7
2012-05-01	66562.0	16948.0	3626.0	29609.0	15537.0	12319.0	39713.0	33.0	13.5	43.7	17.4
2012-05-08	70080.0	18439.0	2547.0	30800.0	14767.0	12855.0	44780.0	31.9	13.0	45.5	16.7
2012-05-15	66621.0	13135.0	3630.0	30364.0	16434.0	16509.0	39944.0	26.2	14.7	38.7	19.1
2012-05-22	68620.0	13109.0	3779.0	36842.0	13083.0	11870.0	44959.0	27.9	10.9	42.1	14.8
2012-05-29	71235.0	12781.0	3198.0	39814.0	12897.0	12331.0	48831.0	29.3	8.9	43.2	13.3
2012-06-05	68827.0	10776.0	4333.0	42152.0	19402.0	7695.0	36888.0	30.9	11.3	41.5	15.7
2012-06-12	37699.0	10906.0	8282.0	21919.0	7859.0	4690.0	21374.0	36.2	24.4	50.2	30.9
2012-06-19	39398.0	10985.0	7593.0	23593.0	12413.0	4391.0	18963.0	32.0	28.7	46.0	35.3
2012-06-26	35357.0	10608.0	8438.0	20234.0	13205.0	4074.0	13273.0	32.4	37.7	49.7	46.5
2012-07-03	36247.0	10661.0	9662.0	20456.0	12156.0	4073.0	13372.0	29.9	37.3	44.5	44.5
2012-07-10	41067.0	10804.0	5498.0	24557.0	11798.0	4655.0	22720.0	31.4	24.3	46.1	29.5
2012-07-17	44945.0	10882.0	5888.0	28071.0	13141.0	5045.0	24969.0	30.9	24.5	47.7	30.1
2012-07-24	45414.0	9588.0	6027.0	31007.0	14002.0	4253.0	24819.0	36.3	23.1	53.7	28.6
2012-07-31	50766.0	10531.0	5947.0	34058.0	13930.0	5521.0	30233.0	30.7	21.3	49.1	28.4
2012-08-07	53728.0	10868.0	5238.0	34267.0	12202.0	8027.0	35722.0	28.5	19.6	46.1	24.6
2012-08-14	51626.0	10840.0	5359.0	34521.0	12893.0	5457.0	32566.0	31.1	19.8	48.7	25.0
2012-08-21	50250.0	12592.0	6357.0	30183.0	14393.0	6534.0	28559.0	30.5	22.6	47.9	28.4
2012-08-28	49291.0	11855.0	6232.0	31268.0	13536.0	4993.0	28348.0	33.1	22.3	50.6	28.4
2012-09-04	56865.0	12410.0	8075.0	37244.0	15399.0	5819.0	31999.0	32.6	19.3	49.3	26.0
2012-09-11	73313.0	13190.0	9021.0	48331.0	19508.0	6993.0	39985.0	24.5	14.1	39.0	19.0
2012-09-18	28140.0	7525.0	3903.0	14863.0	15314.0	5600.0	8771.0	27.0	32.9	39.4	48.0
2012-09-25	28962.0	6593.0	3251.0	16560.0	15518.0	5490.0	9874.0	27.5	34.5	40.6	48.4
2012-10-02	32548.0	5526.0	6453.0	20850.0	17622.0	5983.0	8284.0	29.9	36.0	44.7	51.3
2012-10-09	34541.0	4182.0	6405.0	24649.0	18657.0	5640.0	9409.0	33.3	36.5	48.3	47.1
2012-10-16	41551.0	6863.0	8147.0	24334.0	20209.0	10139.0	12980.0	26.2	27.5	39.0	42.2
2012-10-23	31445.0	6783.0	6021.0	18242.0	19373.0	6179.0	5810.0	25.9	37.2	39.8	51.4
2012-10-30	33463.0	10084.0	6053.0	17141.0	18868.0	6056.0	8360.0	27.5	33.7	39.9	47.7
2012-11-06	32596.0	9405.0	5240.0	17514.0	19953.0	5495.0	7221.0	30.8	37.4	42.8	53.2
2012-11-13	35896.0	8182.0	7181.0	21622.0	19178.0	5850.0	9295.0	34.8	36.9	48.7	48.0
2012-11-20	37615.0	12275.0	4588.0	18175.0	26910.0	6979.0	5931.0	31.4	32.0	42.0	46.8
2012-11-27	45479.0	17361.0	3879.0	21353.0	30878.0	6576.0	10533.0	30.4	30.4	42.9	49.8
2012-12-04	54593.0	21094.0	6882.0	26493.0	30948.0	6816.0	16573.0	28.3	25.2	41.2	41.3
2012-12-11	71031.0	25530.0	8991.0	30271.0	37378.0	13529.0	22961.0	22.8	23.0	33.8	35.4
2012-12-18	58730.0	31962.0	3101.0	18064.0	16590.0	8667.0	39002.0	36.4	13.2	50.0	21.6
2012-12-24	53381.0	26308.0	3282.0	19314.0	18738.0	7621.0	31223.0	36.6	15.0	50.1	25.0
2012-12-31	54529.0	26729.0	3962.0	20238.0	22928.0	7079.0	27156.0	34.9	18.6	48.8	28.1
2013-01-08	61397.0	27469.0	6108.0	25546.0	18025.0	7916.0	36798.0	33.3	14.2	47.3	23.4
2013-01-15	60707.0	25807.0	5141.0	27031.0	23968.0	7636.0	31365.0	32.0	18.7	44.8	28.8
2013-01-22	75844.0	32523.0	5321.0	35137.0	22139.0	7464.0	47664.0	30.0	12.7	43.2	20.3
2013-01-29	71259.0	33148.0	7125.0	28498.0	22840.0	8191.0	39872.0	30.5	13.2	44.6	21.3
2013-02-05	77012.0	35858.0	7333.0	30723.0	27250.0	10167.0	42165.0	27.1	16.6	40.3	24.2
2013-02-12	83185.0	37201.0	11511.0	33711.0	27322.0	11706.0	43785.0	24.1	13.9	36.0	22.3
2013-02-19	80939.0	39361.0	7312.0	32193.0	29147.0	8474.0	43569.0	25.5	11.9	38.1	20.5
2013-02-26	74575.0	33484.0	9509.0	32251.0	34095.0	7509.0	29640.0	25.7	15.8	39.8	27.2
2013-03-05	95807.0	33830.0	7959.0	31152.0	41715.0	27936.0	43244.0	19.5	11.8	30.1	21.0
2013-03-12	74882.0	31195.0	3783.0	35428.0	19486.0	8259.0	51613.0	26.8	18.5	42.3	24.8
2013-03-19	69920.0	27552.0	3587.0	34188.0	22983.0	8134.0	43304.0	25.2	21.1	40.8	27.9
2013-03-26	70516.0	27770.0	2342.0	35172.0	24880.0	7538.0	43258.0	27.4	20.6	42.2	27.0
2013-04-02	77502.0	28696.0	3303.0	38429.0	25752.0	10298.0	48368.0	26.9	19.2	41.0	26.3
2013-04-09	83947.0	32479.0	9112.0	40584.0	27017.0	10683.0	47617.0	26.6	19.2	43.4	27.2
2013-04-16	89800.0	30561.0	8346.0	46685.0	36607.0	12258.0	44551.0	30.3	20.7	45.0	31.4
2013-04-23	87081.0	32777.0	6027.0	44440.0	35441.0	9591.0	45340.0	29.0	20.1	44.1	30.0
2013-04-30	87298.0	34620.0	8612.0	43597.0	34779.0	8556.0	43382.0	27.7	24.1	43.1	32.1
2013-05-07	94333.0	38544.0	9943.0	44260.0	34742.0	10366.0	48485.0	26.6	18.3	41.6	27.6
2013-05-14	101312.0	40843.0	12296.0	49022.0	35068.0	11239.0	53740.0	26.5	16.6	39.3	25.1
2013-05-21	95589.0	37975.0	9318.0	46871.0	36360.0	9289.0	48457.0	27.9	15.2	41.7	24.5
2013-05-28	93321.0	35129.0	6725.0	42709.0	30445.0	12567.0	53235.0	24.7	14.9	36.9	21.3
2013-06-04	86161.0	27795.0	7798.0	41266.0	28548.0	14714.0	47429.0	25.3	13.9	36.5	20.1
2013-06-11	89206.0	27119.0	10490.0	41292.0	30213.0	15405.0	43113.0	24.6	15.9	34.6	22.3
2013-06-18	63074.0	26943.0	2778.0	24666.0	16735.0	11421.0	43517.0	27.6	14.4	41.1	19.4
2013-06-25	61541.0	25054.0	3104.0	25643.0	18057.0	10603.0	40139.0	29.3	14.1	40.4	19.7
2013-07-02	72269.0	30899.0	2545.0	30788.0	24821.0	10413.0	44734.0	27.8	19.9	38.8	25.4
2013-07-09	73652.0	31130.0	1835.0	32424.0	22483.0	9552.0	48788.0	30.9	17.9	43.3	22.8
2013-07-16	71541.0	31582.0	4499.0	30314.0	21498.0	9098.0	44997.0	35.6	19.3	47.5	24.5
2013-07-23	71399.0	30805.0	1788.0	30208.0	21478.0	9417.0	47164.0	37.7	17.2	50.9	21.8
2013-07-30	68518.0	28194.0	2958.0	28274.0	16339.0	10235.0	47406.0	33.7	13.0	45.8	17.5
2013-08-06	64465.0	27022.0	3335.0	27645.0	15740.0	9363.0	44955.0	36.2	13.9	46.8	19.3
2013-08-13	68464.0	29515.0	1960.0	25342.0	26889.0	12636.0	38644.0	35.4	24.1	44.7	29.5
2013-08-20	63223.0	28298.0	3708.0	23602.0	24206.0	10733.0	34719.0	37.5	23.6	46.9	29.4
2013-08-27	59673.0	23148.0	2164.0	23721.0	27348.0	11468.0	28825.0	34.1	27.5	44.4	34.4
2013-09-03	59419.0	24719.0	3150.0	22547.0	25185.0	10767.0	29698.0	33.6	24.5	45.5	31.1
2013-09-10	70904.0	25167.0	5068.0	26234.0	25254.0	14325.0	35404.0	28.9	16.6	39.1	23.9
2013-09-17	60272.0	23346.0	1904.0	28627.0	7045.0	7733.0	50757.0	40.4	5.8	47.9	8.2
2013-09-24	66638.0	26873.0	2106.0	30718.0	10053.0	8290.0	53722.0	37.4	5.8	46.9	9.9
2013-10-01	69433.0	28749.0	3299.0	31809.0	8478.0	7816.0	56597.0	38.0	6.9	47.7	9.8
2013-10-08	71971.0	26497.0	5704.0	33442.0	7677.0	10791.0	57349.0	38.8	7.6	48.5	11.9
2013-10-15	73531.0	28648.0	3603.0	35033.0	8966.0	8977.0	60089.0	39.1	7.1	47.3	10.1
2013-10-22	78890.0	31785.0	4396.0	36419.0	9718.0	9792.0	63882.0	35.9	7.2	45.1	10.8
2013-10-29	82539.0	31091.0	3082.0	41051.0	10866.0	9329.0	67523.0	34.3	6.3	48.5	10.0
2013-11-05	80984.0	30514.0	3045.0	40456.0	11048.0	8813.0	65690.0	34.9	7.0	50.0	11.1
2013-11-12	80823.0	27378.0	3499.0	41714.0	12515.0	10755.0	63833.0	30.3	7.6	46.5	11.6
2013-11-19	84742.0	31372.0	7149.0	41842.0	15277.0	10167.0	60955.0	34.6	12.5	48.8	16.8
2013-11-26	91407.0	36075.0	12006.0	43226.0	16189.0	11316.0	62422.0	30.6	15.3	47.2	19.7
2013-12-03	100627.0	37330.0	13227.0	46800.0	16063.0	14171.0	69011.0	28.5	14.0	43.5	18.2
2013-12-10	107389.0	38810.0	13916.0	48433.0	22105.0	15137.0	66359.0	27.7	13.7	42.1	18.6
2013-12-17	86386.0	32443.0	9290.0	43599.0	18607.0	10253.0	58398.0	38.5	19.6	51.9	27.7
2013-12-24	103004.0	40501.0	12934.0	50340.0	31957.0	11977.0	57927.0	37.9	30.9	52.8	37.5
2014-01-07	107751.0	40958.0	13688.0	54371.0	22972.0	12394.0	71063.0	39.3	20.0	50.3	28.4
2014-01-14	104755.0	37569.0	11481.0	57334.0	20114.0	9733.0	73041.0	40.6	18.9	52.9	25.4
2014-01-21	108903.0	40639.0	7820.0	57598.0	20523.0	10243.0	80137.0	39.3	16.7	52.0	21.4
2014-01-28	106629.0	37983.0	8768.0	57489.0	22526.0	9967.0	74145.0	35.3	18.7	48.2	23.8
2014-02-04	111669.0	37011.0	11899.0	62667.0	18469.0	11545.0	80855.0	33.5	15.4	47.7	20.3
2014-02-11	112393.0	34680.0	11369.0	67157.0	14947.0	9743.0	85264.0	33.8	15.6	45.9	18.5
2014-02-18	115052.0	30698.0	10975.0	71931.0	23225.0	10102.0	78531.0	34.8	17.3	48.4	21.8
2014-02-25	115550.0	28645.0	12088.0	73493.0	26190.0	10934.0	74794.0	36.1	19.2	48.9	23.3
2014-03-04	115159.0	27672.0	14059.0	73239.0	25032.0	11331.0	73151.0	35.2	17.3	49.4	21.0
2014-03-11	151153.0	27288.0	13938.0	87020.0	37041.0	30256.0	93585.0	26.1	13.2	37.2	16.1
2014-03-18	96124.0	27653.0	8530.0	58700.0	9227.0	9122.0	77718.0	41.5	9.1	61.4	13.1
2014-03-25	102756.0	30418.0	6693.0	62187.0	8653.0	9937.0	87196.0	40.2	8.4	59.8	11.9
2014-04-01	98586.0	30772.0	3526.0	57652.0	8625.0	9797.0	86070.0	41.1	6.5	60.0	9.5
2014-04-08	99593.0	28533.0	3723.0	58920.0	7622.0	11819.0	87927.0	40.8	6.8	58.0	9.2
2014-04-15	99297.0	29351.0	5262.0	58963.0	7955.0	10250.0	85347.0	40.9	7.5	56.4	10.1
2014-04-22	102004.0	28787.0	5984.0	59386.0	6147.0	12490.0	88532.0	41.2	6.1	56.7	8.0
2014-04-29	105592.0	30494.0	6020.0	62352.0	6130.0	11081.0	91777.0	40.0	6.0	57.8	7.6
2014-05-06	108695.0	29271.0	6709.0	66414.0	8067.0	11352.0	92261.0	39.5	6.5	56.4	8.7
2014-05-13	111042.0	35234.0	8686.0	62140.0	10489.0	11106.0	89305.0	38.8	7.2	56.1	9.9
2014-05-20	110187.0	33270.0	9043.0	64130.0	9978.0	11089.0	89468.0	39.7	8.3	56.9	11.6
2014-05-27	115941.0	38540.0	10409.0	63373.0	10877.0	11791.0	92418.0	37.8	7.9	54.0	10.8
2014-06-03	114365.0	38307.0	9903.0	62909.0	13280.0	10747.0	88780.0	38.2	7.7	53.8	11.2
2014-06-10	135104.0	43568.0	11240.0	68881.0	18815.0	19145.0	101539.0	29.4	6.6	42.9	9.6
2014-06-17	87233.0	43254.0	1773.0	33632.0	13831.0	9830.0	71112.0	29.7	7.6	47.7	11.0
2014-06-24	96348.0	44072.0	2663.0	40510.0	14838.0	10652.0	77733.0	30.9	6.3	47.8	9.5
2014-07-01	88590.0	39509.0	3551.0	37616.0	15425.0	10873.0	69022.0	34.8	6.4	50.5	10.3
2014-07-08	92441.0	41264.0	3149.0	38585.0	17060.0	12088.0	71728.0	33.9	7.1	49.1	11.1
2014-07-15	91998.0	44503.0	3757.0	37433.0	16497.0	9836.0	71518.0	38.1	7.3	53.8	11.2
2014-07-22	97530.0	46227.0	3247.0	39639.0	18163.0	11266.0	75722.0	36.5	7.0	51.5	11.0
2014-07-29	94955.0	48475.0	3238.0	34030.0	20311.0	11568.0	70524.0	35.4	6.9	48.6	11.6
2014-08-05	88911.0	41249.0	4470.0	35777.0	19312.0	10138.0	63382.0	36.6	8.2	50.7	12.8
2014-08-12	80779.0	34245.0	5076.0	36320.0	17351.0	9237.0	57375.0	40.1	9.9	49.5	14.8
2014-08-19	87346.0	37824.0	5012.0	36742.0	17778.0	11962.0	63738.0	35.4	8.8	46.6	12.6
2014-08-26	87788.0	39232.0	4832.0	35489.0	19549.0	12302.0	62642.0	34.1	12.3	44.6	16.3
2014-09-02	88666.0	40199.0	3275.0	35319.0	23645.0	12240.0	60838.0	34.5	12.6	45.2	18.0
2014-09-09	105015.0	41575.0	5040.0	38078.0	25092.0	24006.0	73527.0	27.0	12.0	37.5	15.3
2014-09-16	96996.0	41668.0	6133.0	44681.0	16311.0	10080.0	73985.0	41.9	14.1	53.3	17.0
2014-09-23	102403.0	40635.0	6914.0	51376.0	19096.0	9716.0	75717.0	40.6	15.5	51.2	19.3
2014-09-30	104548.0	38641.0	8991.0	54280.0	19683.0	11257.0	75504.0	39.5	16.3	49.7	19.9
2014-10-07	98042.0	30719.0	11452.0	56297.0	20475.0	9547.0	64636.0	36.9	17.1	50.8	22.1
2014-10-14	93285.0	30588.0	10368.0	51604.0	25558.0	9716.0	55982.0	34.1	18.7	48.7	24.7
2014-10-21	95480.0	33214.0	9358.0	50217.0	21857.0	10397.0	62613.0	30.0	17.4	42.6	21.3
2014-10-28	88708.0	34480.0	9658.0	42800.0	21152.0	10154.0	56624.0	31.3	20.6	44.7	24.9
2014-11-04	118205.0	47306.0	15809.0	57008.0	32436.0	11023.0	67092.0	26.9	21.5	42.7	27.6
2014-11-11	127608.0	55790.0	15932.0	58281.0	36325.0	11078.0	72892.0	31.7	21.1	46.3	27.8
2014-11-18	126538.0	54198.0	18248.0	58322.0	33621.0	11051.0	71702.0	32.9	21.3	47.6	27.2
2014-11-25	123997.0	50528.0	19104.0	59320.0	31081.0	11406.0	71069.0	34.7	22.2	48.6	28.2
2014-12-02	126605.0	50069.0	20618.0	63123.0	33001.0	11475.0	71048.0	33.8	21.8	49.8	28.0
2014-12-09	145725.0	52924.0	26488.0	69353.0	37122.0	17251.0	75918.0	30.2	19.8	44.4	26.1
2014-12-16	98501.0	40550.0	4183.0	45802.0	10766.0	11364.0	82767.0	31.1	7.6	46.0	10.5
2014-12-23	99900.0	43826.0	3876.0	46468.0	10449.0	8811.0	84780.0	29.2	7.0	44.5	10.3
2014-12-30	103940.0	49278.0	3974.0	43168.0	10779.0	10705.0	88398.0	28.8	6.4	43.2	9.7
2015-01-06	104980.0	49107.0	5810.0	41105.0	11002.0	13698.0	87098.0	28.3	6.4	43.9	9.8
2015-01-13	97657.0	49606.0	4074.0	36086.0	11888.0	11342.0	81072.0	29.2	6.8	44.9	10.2
2015-01-20	92848.0	48217.0	5434.0	32838.0	15138.0	9192.0	69675.0	29.0	8.8	44.6	12.8
2015-01-27	100688.0	48278.0	3748.0	40210.0	18331.0	9551.0	75960.0	32.3	9.2	47.2	13.5
2015-02-03	104668.0	51010.0	3615.0	40337.0	18627.0	10710.0	79815.0	30.8	8.9	45.7	12.3
2015-02-10	112650.0	56086.0	3931.0	43265.0	20827.0	9722.0	84315.0	28.1	8.6	41.7	12.6
2015-02-17	115497.0	54612.0	5101.0	47665.0	18571.0	10225.0	88830.0	28.1	7.2	41.0	11.3
2015-02-24	120512.0	56168.0	8384.0	50471.0	20123.0	11363.0	89495.0	26.1	8.4	38.1	13.2
2015-03-03	121242.0	54575.0	9909.0	52874.0	18647.0	11927.0	90820.0	27.8	9.1	39.5	13.1
2015-03-10	138941.0	53270.0	8035.0	70188.0	35642.0	10672.0	90453.0	25.1	8.7	34.9	11.8
2015-03-17	104930.0	36639.0	2425.0	57805.0	7912.0	10027.0	94134.0	34.2	3.8	47.3	6.0
2015-03-24	102960.0	34543.0	5342.0	56955.0	9011.0	10717.0	87862.0	35.4	5.7	48.7	9.2
2015-03-31	98700.0	31611.0	5720.0	53601.0	11126.0	12473.0	80839.0	36.7	8.0	50.7	11.5
2015-04-07	103459.0	35944.0	5458.0	55767.0	14187.0	10756.0	82822.0	36.2	7.5	49.5	11.5
2015-04-14	110708.0	36244.0	5329.0	62502.0	15533.0	11113.0	88997.0	34.0	8.6	47.1	12.7
2015-04-21	108363.0	35646.0	8095.0	59648.0	17221.0	11772.0	81750.0	33.4	9.1	46.8	14.0
2015-04-28	107051.0	35074.0	8756.0	59499.0	17980.0	11220.0	79057.0	32.6	9.1	46.1	14.1
2015-05-05	111932.0	33728.0	13319.0	66153.0	20020.0	10604.0	77146.0	30.5	9.1	44.7	13.7
2015-05-12	105550.0	35489.0	12352.0	58892.0	18970.0	10013.0	73072.0	31.2	9.2	45.5	14.5
2015-05-19	111409.0	40423.0	9809.0	58862.0	18894.0	10837.0	81419.0	29.7	8.8	43.0	13.1
2015-05-26	116694.0	40095.0	10727.0	63451.0	18772.0	11164.0	85211.0	29.2	8.6	42.1	12.7
2015-06-02	122561.0	40620.0	9113.0	69384.0	20835.0	10457.0	90513.0	34.7	8.8	47.4	12.5
2015-06-09	143522.0	38716.0	12739.0	71973.0	28420.0	24821.0	94351.0	26.5	8.4	36.9	12.4
2015-06-16	111170.0	42624.0	10111.0	58438.0	10210.0	9664.0	90405.0	30.0	7.0	45.9	10.7
2015-06-23	113918.0	44351.0	11812.0	60307.0	8081.0	9166.0	93931.0	31.8	6.8	46.1	10.1
2015-06-30	118273.0	43104.0	8049.0	63615.0	10996.0	11276.0	98950.0	36.2	6.4	50.3	9.7
2015-07-07	113284.0	44846.0	8831.0	57509.0	12271.0	10140.0	91393.0	34.8	6.6	48.4	10.4
2015-07-14	110296.0	39968.0	8613.0	61643.0	7962.0	8292.0	93328.0	37.5	6.5	53.7	8.5
2015-07-21	115359.0	42445.0	10694.0	63166.0	8317.0	9204.0	95804.0	38.4	7.1	53.9	9.9
2015-07-28	116331.0	44464.0	9793.0	62798.0	10148.0	8329.0	95650.0	38.2	7.0	53.6	10.3
2015-08-04	122778.0	47452.0	12176.0	66604.0	7986.0	8309.0	102203.0	36.5	7.5	51.5	10.3
2015-08-11	120234.0	43943.0	9964.0	66990.0	9015.0	8576.0	100530.0	36.8	6.4	52.3	8.8
2015-08-18	116115.0	41677.0	8665.0	66042.0	10122.0	7268.0	96200.0	37.4	7.1	52.9	9.4
2015-08-25	130367.0	47682.0	11803.0	68511.0	17682.0	10408.0	97116.0	36.7	9.2	52.6	12.1
2015-09-01	123406.0	36406.0	11265.0	71923.0	15754.0	11413.0	92723.0	32.3	7.6	47.2	11.8
2015-09-08	125037.0	38201.0	11705.0	73503.0	27964.0	9787.0	81822.0	31.6	10.4	45.2	15.3
2015-09-15	93114.0	39676.0	6312.0	43352.0	24477.0	9036.0	61275.0	33.9	17.1	48.1	23.2
2015-09-22	83744.0	41037.0	7997.0	32942.0	28280.0	8675.0	46377.0	31.8	20.8	46.7	28.5
2015-09-29	85230.0	44313.0	7317.0	31087.0	20670.0	9147.0	56560.0	30.4	15.7	43.8	21.6
2015-10-06	90851.0	45900.0	11272.0	34827.0	13285.0	9588.0	65758.0	26.4	15.0	38.0	18.5
2015-10-13	90435.0	46169.0	12175.0	32210.0	13050.0	11302.0	64456.0	25.9	16.3	38.6	20.6
2015-10-20	87798.0	46473.0	11920.0	29379.0	22835.0	10880.0	51977.0	29.8	24.6	41.4	30.6
2015-10-27	93269.0	48566.0	14305.0	33137.0	25359.0	10856.0	52895.0	29.1	30.4	40.1	35.1
2015-11-03	94069.0	47465.0	16363.0	34850.0	26500.0	10699.0	50151.0	29.4	28.9	40.0	34.1
2015-11-10	91161.0	46244.0	11683.0	35010.0	29927.0	9201.0	48845.0	29.4	27.3	41.4	33.2
2015-11-17	98084.0	47820.0	12839.0	39691.0	28829.0	9562.0	55405.0	26.3	23.8	39.4	29.0
2015-11-24	94872.0	44653.0	9071.0	39442.0	26801.0	9589.0	57812.0	25.3	21.3	37.0	26.5
2015-12-01	97519.0	44603.0	11119.0	42000.0	28101.0	9479.0	56862.0	25.0	23.2	36.7	28.9
2015-12-08	106729.0	42799.0	11468.0	42277.0	31229.0	18839.0	61218.0	22.9	19.4	35.0	24.3
2015-12-15	67593.0	21002.0	9370.0	37090.0	11933.0	9346.0	46135.0	27.3	19.1	41.5	25.0
2015-12-22	68106.0	20377.0	7820.0	37748.0	12415.0	8573.0	46463.0	24.2	14.9	38.1	20.8
2015-12-29	70567.0	20960.0	7345.0	40712.0	13324.0	7917.0	48920.0	26.6	12.7	40.0	18.4
2016-01-05	73704.0	19373.0	7015.0	42398.0	12547.0	11201.0	53410.0	26.2	8.0	39.0	12.9
2016-01-12	81591.0	24299.0	11881.0	47347.0	13551.0	9383.0	55597.0	28.1	8.6	42.0	14.1
2016-01-19	87769.0	28122.0	13612.0	47562.0	16647.0	11225.0	56650.0	27.0	8.8	39.4	14.4
2016-01-26	102466.0	34055.0	9041.0	57086.0	19896.0	10825.0	73029.0	25.3	14.1	37.3	18.8
2016-02-02	94529.0	33881.0	9574.0	48468.0	18377.0	10862.0	65260.0	21.4	13.0	31.9	17.3
2016-02-09	101027.0	36944.0	11938.0	51238.0	22709.0	11627.0	65162.0	25.9	13.5	35.4	19.2
2016-02-16	105307.0	34148.0	11633.0	58215.0	21751.0	12147.0	71126.0	25.5	11.4	36.0	15.9
2016-02-23	100935.0	31815.0	10828.0	57092.0	21408.0	11115.0	67786.0	28.0	11.3	38.7	15.7
2016-03-01	100816.0	32534.0	9268.0	56599.0	24071.0	10610.0	66404.0	25.1	12.9	35.8	17.9
2016-03-08	103671.0	35753.0	10309.0	51815.0	26722.0	12488.0	63025.0	25.9	13.1	36.1	18.5
2016-03-15	58497.0	19849.0	5997.0	29492.0	11581.0	8837.0	40600.0	23.3	15.5	39.3	21.3
2016-03-22	61470.0	20995.0	4839.0	30844.0	15458.0	9593.0	41135.0	26.7	15.0	41.3	20.9
2016-03-29	58669.0	19545.0	3622.0	30786.0	16285.0	8193.0	38617.0	29.2	16.3	44.0	21.9
2016-04-05	72198.0	22727.0	6758.0	40571.0	15053.0	8718.0	50205.0	28.2	15.4	42.3	21.0
2016-04-12	71157.0	22198.0	4904.0	40972.0	17888.0	7971.0	48349.0	28.6	16.3	43.3	21.3
2016-04-19	79620.0	21696.0	5977.0	48661.0	18580.0	8926.0	54726.0	25.2	16.2	38.5	22.0
2016-04-26	81261.0	21800.0	7600.0	49812.0	16791.0	9095.0	56316.0	26.2	14.6	40.5	20.3
2016-05-03	96727.0	19268.0	9180.0	67990.0	18155.0	8738.0	68661.0	32.4	13.5	49.7	18.7
2016-05-10	93158.0	19851.0	7931.0	64782.0	20204.0	8241.0	64739.0	33.6	15.0	50.1	20.1
2016-05-17	87200.0	17718.0	6690.0	60782.0	21171.0	8219.0	58858.0	36.1	16.2	53.1	21.1
2016-05-24	87836.0	16288.0	7140.0	60410.0	19099.0	10447.0	60906.0	35.2	16.4	50.5	20.7
2016-05-31	92507.0	19174.0	7957.0	63519.0	19474.0	8917.0	64179.0	33.4	19.0	48.0	22.7
2016-06-07	97456.0	17091.0	10885.0	70111.0	21469.0	8747.0	63595.0	33.7	16.4	48.3	20.6
2016-06-14	66665.0	12788.0	4122.0	44163.0	11374.0	9068.0	50523.0	35.0	7.8	49.3	12.3
2016-06-21	65068.0	12827.0	3473.0	43932.0	11839.0	7815.0	49262.0	35.6	9.6	50.1	13.8
2016-06-28	75447.0	18537.0	6630.0	44000.0	15327.0	12549.0	53129.0	30.9	14.1	44.6	18.6
2016-07-05	75103.0	20588.0	5527.0	42769.0	19115.0	11099.0	49814.0	30.7	16.7	42.9	22.2
2016-07-12	81590.0	21632.0	13025.0	50268.0	16523.0	9025.0	51377.0	31.8	18.6	42.5	24.2
2016-07-19	81962.0	22897.0	13285.0	48978.0	13992.0	9449.0	54047.0	32.3	17.0	44.8	21.9
2016-07-26	76100.0	21387.0	12855.0	45852.0	11575.0	8481.0	51290.0	34.0	19.8	46.4	24.2
2016-08-02	71526.0	15831.0	10064.0	45904.0	18216.0	9664.0	43119.0	31.7	13.8	45.0	19.4
2016-08-09	68281.0	19860.0	8869.0	38899.0	19916.0	9335.0	39309.0	29.5	16.9	45.0	22.6
2016-08-16	70703.0	22107.0	6899.0	38612.0	23784.0	9688.0	39724.0	29.8	18.6	43.7	24.8
2016-08-23	66316.0	20004.0	6553.0	36503.0	24371.0	9532.0	35115.0	30.4	18.7	44.9	26.5
2016-08-30	66588.0	19788.0	6760.0	37245.0	27831.0	8797.0	31239.0	26.5	20.1	39.7	28.1
2016-09-06	78225.0	17911.0	7285.0	43227.0	32481.0	13905.0	35277.0	21.8	17.4	34.3	23.6
2016-09-13	50716.0	11847.0	5188.0	29489.0	17921.0	8750.0	26977.0	25.1	21.8	40.2	28.5
2016-09-20	45054.0	6815.0	5800.0	28707.0	18310.0	8837.0	20249.0	33.2	26.3	45.5	35.2
2016-09-27	51862.0	11106.0	9036.0	30609.0	23298.0	8930.0	18311.0	30.6	25.1	45.7	34.2
2016-10-04	49712.0	9647.0	6318.0	29207.0	29015.0	9339.0	12860.0	28.5	27.9	42.4	39.6
2016-10-11	50716.0	10947.0	6043.0	29909.0	28846.0	7844.0	13811.0	30.6	25.8	46.2	35.2
2016-10-18	54100.0	13327.0	6674.0	29992.0	29752.0	9012.0	15905.0	29.1	25.2	44.8	34.7
2016-10-25	56883.0	12335.0	9901.0	33261.0	34626.0	9276.0	10345.0	30.4	24.3	44.5	35.3
2016-11-01	60584.0	12252.0	11771.0	37501.0	36930.0	8782.0	9834.0	34.5	29.1	50.7	40.4
2016-11-08	60718.0	11764.0	8756.0	36916.0	42308.0	9222.0	6838.0	32.9	34.6	45.0	48.3
2016-11-15	66538.0	12895.0	10123.0	42038.0	42840.0	9440.0	11410.0	30.5	35.0	42.6	46.2
2016-11-22	69201.0	9738.0	16494.0	45369.0	43478.0	11488.0	6623.0	31.3	36.3	45.9	50.4
2016-11-29	73354.0	9453.0	17750.0	48250.0	37860.0	11992.0	14085.0	31.3	28.9	47.2	40.1
2016-12-06	88361.0	10724.0	22295.0	48494.0	39022.0	23054.0	20955.0	21.0	24.7	32.7	34.9
2016-12-13	53493.0	9675.0	18657.0	34457.0	14369.0	7875.0	18981.0	33.0	23.6	41.5	33.7
2016-12-20	54965.0	9878.0	20525.0	34131.0	18371.0	9499.0	14612.0	31.9	22.3	39.1	33.3
2016-12-27	55684.0	11638.0	20519.0	34208.0	17995.0	8678.0	16010.0	33.2	24.1	40.7	35.0
2017-01-03	59207.0	12926.0	22366.0	36719.0	19881.0	7978.0	15376.0	32.1	23.0	39.8	33.2
2017-01-10	58698.0	13437.0	19506.0	34373.0	17983.0	9495.0	19816.0	32.9	18.3	40.8	27.3
2017-01-17	57184.0	11144.0	15437.0	34779.0	18579.0	9813.0	21720.0	29.6	19.2	37.3	29.2
2017-01-24	59384.0	13793.0	14918.0	35570.0	20622.0	8077.0	21900.0	30.1	18.7	39.9	29.8
2017-01-31	63203.0	14551.0	17955.0	37772.0	20592.0	9207.0	22983.0	29.5	19.9	43.1	32.1
