2005-03-08	11871.0	5933.0	0.0	3852.0	10846.0	2086.0	1025.0	62.9	71.6	72.2	84.9
2005-03-29	10026.0	6097.0	705.0	2303.0	8695.0	1626.0	626.0	71.0	76.5	80.1	90.8
2005-04-05	9820.0	6057.0	705.0	2167.0	8453.0	1596.0	662.0	67.2	77.5	79.9	90.8
2005-08-16	9004.0	4581.0	0.0	3125.0	8020.0	1298.0	984.0	64.8	69.6	76.6	83.3
2005-09-06	9596.0	5251.0	0.0	3051.0	8610.0	1294.0	986.0	63.5	71.1	76.5	83.2
2005-09-13	11677.0	5465.0	0.0	4488.0	10510.0	1502.0	945.0	53.3	60.4	64.2	69.9
2005-10-11	9438.0	5592.0	508.0	2499.0	7855.0	1347.0	1075.0	69.8	73.6	80.5	83.5
2005-10-18	10099.0	6208.0	508.0	2353.0	8421.0	1538.0	1170.0	68.3	71.3	78.7	84.0
2005-12-06	12187.0	7606.0	895.0	2485.0	10136.0	2096.0	1156.0	66.2	68.0	80.7	83.7
2005-12-13	13233.0	6980.0	973.0	4220.0	10764.0	1878.0	1341.0	62.8	63.0	75.3	78.4
2005-12-27	10731.0	6328.0	1887.0	3366.0	8226.0	1037.0	618.0	60.0	86.6	79.2	93.3
2006-01-03	12189.0	8158.0	3321.0	3074.0	7857.0	957.0	1011.0	65.5	84.3	80.4	90.7
2006-01-10	13013.0	8659.0	4915.0	3100.0	6628.0	1003.0	1219.0	69.8	79.1	82.9	86.2
2006-01-17	15026.0	10337.0	5510.0	3060.0	8156.0	1495.0	1226.0	64.9	69.7	78.6	81.4
2006-01-24	15046.0	9589.0	5740.0	4182.0	8008.0	1179.0	1202.0	67.5	69.8	82.6	83.5
2006-01-31	15684.0	9361.0	5587.0	5027.0	8699.0	1182.0	1284.0	60.2	72.3	77.0	84.4
2006-02-07	15200.0	9120.0	5019.0	4838.0	8949.0	1242.0	1232.0	63.3	78.0	80.5	86.5
2006-02-14	11225.0	4622.0	611.0	5033.0	9271.0	1452.0	1225.0	58.8	68.2	74.3	82.8
2006-02-21	14603.0	5109.0	1486.0	8017.0	11588.0	1358.0	1410.0	55.4	66.9	77.2	80.7
2006-02-28	14476.0	4273.0	1373.0	8838.0	11363.0	1365.0	1740.0	55.0	67.0	74.2	78.7
2006-03-07	17982.0	4364.0	1518.0	12566.0	14459.0	929.0	1882.0	54.3	55.9	67.8	65.5
2006-03-14	10702.0	4349.0	1746.0	5389.0	7052.0	964.0	1904.0	45.5	65.7	65.6	75.4
2006-03-21	11380.0	3661.0	1924.0	5968.0	7496.0	1751.0	1960.0	42.6	66.3	61.3	75.6
2006-03-28	12247.0	3229.0	2330.0	7058.0	7680.0	1960.0	2237.0	47.0	65.1	66.5	73.7
2006-04-04	12473.0	3002.0	2614.0	7488.0	7864.0	1983.0	1995.0	47.1	61.7	66.6	76.1
2006-04-11	12412.0	3587.0	1251.0	7192.0	9545.0	1633.0	1616.0	46.3	70.0	70.4	80.0
2006-04-18	13154.0	5272.0	800.0	6320.0	10408.0	1562.0	1946.0	49.1	72.5	70.1	81.0
2006-04-25	12171.0	5718.0	910.0	4974.0	9298.0	1479.0	1963.0	57.0	63.7	75.6	76.5
2006-05-02	12204.0	6517.0	314.0	4245.0	9917.0	1442.0	1973.0	68.1	68.8	83.8	78.2
2006-05-09	13736.0	7284.0	398.0	5278.0	11400.0	1174.0	1938.0	69.9	73.2	85.8	80.5
2006-05-16	14193.0	7867.0	501.0	5136.0	11955.0	1190.0	1737.0	70.4	72.6	85.8	80.4
2006-05-23	14325.0	7483.0	216.0	5595.0	12040.0	1247.0	2069.0	69.3	70.7	85.4	80.9
2006-05-30	13244.0	7614.0	4786.0	4459.0	6802.0	1171.0	1656.0	72.4	74.7	84.4	83.9
2006-06-06	13175.0	6910.0	4752.0	5126.0	6990.0	1139.0	1433.0	67.6	75.8	79.5	84.7
2006-06-13	22546.0	7030.0	4717.0	13997.0	16553.0	1486.0	1243.0	40.7	43.9	47.3	49.9
2006-07-11	14081.0	4329.0	5272.0	8115.0	7500.0	1637.0	1309.0	63.1	77.0	79.4	82.9
2006-07-18	14948.0	7204.0	3636.0	6189.0	9629.0	1555.0	1683.0	74.6	68.0	81.9	79.6
2006-07-25	16341.0	9103.0	3658.0	5799.0	11495.0	1439.0	1188.0	80.3	69.5	86.4	81.7
2006-08-01	18160.0	10955.0	2752.0	5581.0	14214.0	1624.0	1194.0	79.6	63.5	85.6	80.4
2006-08-08	17327.0	9468.0	2523.0	6233.0	13907.0	1626.0	897.0	75.5	66.4	82.1	82.2
2006-08-15	19536.0	13438.0	176.0	4216.0	18424.0	1882.0	936.0	80.6	73.5	88.1	89.7
2006-08-22	19886.0	11787.0	296.0	6022.0	18680.0	2077.0	910.0	66.9	73.3	82.0	88.3
2006-08-29	18099.0	10687.0	171.0	5375.0	17092.0	2037.0	836.0	65.3	74.0	80.6	88.7
2006-09-05	18852.0	11218.0	175.0	5518.0	17906.0	2116.0	771.0	65.1	75.2	79.2	90.4
2006-09-12	19320.0	9750.0	239.0	7865.0	18037.0	1679.0	1018.0	56.7	65.2	71.8	79.7
2006-09-19	17608.0	13350.0	468.0	2568.0	16218.0	1690.0	922.0	77.8	71.6	85.3	89.3
2006-09-26	17727.0	13141.0	468.0	2272.0	16282.0	2314.0	977.0	74.3	71.5	81.7	88.7
2006-10-03	13426.0	8391.0	616.0	3043.0	11573.0	1992.0	1237.0	60.7	76.4	71.7	86.2
2006-10-10	15750.0	11656.0	1547.0	2392.0	13392.0	1702.0	811.0	71.0	70.1	81.1	84.1
2006-10-17	19759.0	15075.0	1273.0	2503.0	17233.0	2181.0	1253.0	73.1	68.7	82.8	84.1
2006-10-24	21403.0	16443.0	1208.0	2831.0	18817.0	2129.0	1378.0	70.4	65.1	79.4	83.2
2006-10-31	18440.0	13531.0	1274.0	2838.0	16046.0	2071.0	1120.0	67.3	67.8	76.4	82.3
2006-11-07	18916.0	14371.0	452.0	2362.0	17477.0	2183.0	987.0	66.9	66.9	76.6	86.4
2006-11-14	15514.0	10747.0	452.0	2945.0	13993.0	1822.0	1069.0	60.4	68.0	70.5	83.8
2006-11-21	17654.0	13298.0	452.0	2201.0	16100.0	2155.0	1102.0	63.4	65.1	73.6	84.9
2006-11-28	18078.0	13682.0	759.0	2259.0	16527.0	2137.0	792.0	60.5	63.4	70.9	81.6
2006-12-05	19768.0	15427.0	957.0	2057.0	17707.0	2284.0	1104.0	58.0	69.7	68.3	83.8
2006-12-12	22265.0	17432.0	865.0	2634.0	20327.0	2199.0	1073.0	58.8	65.9	68.2	80.1
2006-12-19	22440.0	19129.0	1240.0	1690.0	20658.0	1621.0	542.0	66.8	72.9	75.6	84.6
2006-12-26	21961.0	18350.0	761.0	1785.0	20568.0	1826.0	632.0	66.0	74.3	75.1	86.7
2007-01-03	22855.0	19054.0	702.0	1894.0	21111.0	1907.0	1042.0	61.2	74.9	73.1	86.4
2007-01-09	20440.0	15283.0	665.0	3300.0	18804.0	1857.0	971.0	57.2	77.2	66.8	88.7
2007-01-16	19988.0	14032.0	631.0	4173.0	18429.0	1783.0	928.0	54.1	74.6	66.4	86.3
2007-01-23	18687.0	11450.0	1255.0	4745.0	16429.0	2492.0	1003.0	47.4	77.1	59.8	86.4
2007-01-30	18000.0	8758.0	637.0	7489.0	16413.0	1753.0	950.0	43.6	77.7	60.5	85.7
2007-02-06	18326.0	10592.0	471.0	5773.0	16837.0	1961.0	1018.0	43.2	77.9	63.1	85.6
2007-02-13	19219.0	12894.0	421.0	4378.0	17707.0	1947.0	1091.0	49.3	75.7	67.3	85.3
2007-02-20	21969.0	16240.0	372.0	3363.0	20441.0	2366.0	1156.0	52.3	70.3	69.2	81.7
2007-02-27	22779.0	16798.0	292.0	3423.0	21024.0	2558.0	1463.0	49.0	69.8	66.2	82.4
2007-03-06	21159.0	14404.0	115.0	4468.0	19240.0	2182.0	1699.0	55.6	70.2	68.3	82.9
2007-03-13	23442.0	15091.0	329.0	6233.0	21442.0	1937.0	1490.0	51.0	63.2	63.4	73.5
2007-03-20	23099.0	19735.0	879.0	1806.0	20532.0	1558.0	1688.0	66.8	58.9	78.7	77.2
2007-03-27	27611.0	23824.0	1036.0	2017.0	24524.0	1770.0	2051.0	67.4	57.1	79.7	77.1
2007-04-03	27025.0	23361.0	836.0	1912.0	24441.0	1752.0	1748.0	65.4	58.1	77.6	78.4
2007-04-10	25383.0	21068.0	1001.0	1916.0	22835.0	2399.0	1547.0	62.7	57.8	75.4	79.9
2007-04-17	28672.0	24198.0	1101.0	1772.0	25992.0	2702.0	1579.0	62.5	57.3	75.9	78.0
2007-04-24	28091.0	22801.0	1698.0	2184.0	24689.0	3106.0	1704.0	59.7	59.6	72.6	79.7
2007-05-01	25253.0	18777.0	1254.0	3592.0	22385.0	2884.0	1614.0	49.7	62.6	65.3	83.2
2007-05-08	23617.0	16416.0	1161.0	4251.0	20934.0	2950.0	1522.0	46.3	67.6	60.9	82.8
2007-05-15	26331.0	20095.0	856.0	3430.0	23794.0	2800.0	1675.0	55.1	65.5	68.6	82.1
2007-05-22	24381.0	16607.0	800.0	5054.0	21951.0	2714.0	1624.0	52.6	71.1	69.1	84.4
2007-05-29	23796.0	15707.0	796.0	5598.0	21530.0	2485.0	1464.0	48.3	73.0	65.2	87.2
2007-06-05	27528.0	21210.0	1292.0	3823.0	24816.0	2489.0	1414.0	51.5	68.2	66.7	82.2
2007-06-12	55629.0	27973.0	1577.0	24618.0	52210.0	3020.0	1824.0	35.5	35.7	43.1	49.7
2007-06-19	41113.0	26386.0	2070.0	11530.0	36852.0	2800.0	1794.0	62.8	82.5	75.1	90.6
2007-06-26	41393.0	26627.0	2753.0	11141.0	36751.0	3204.0	1468.0	62.7	81.0	75.7	89.2
2007-07-03	41316.0	25511.0	2617.0	11608.0	36383.0	3817.0	1936.0	62.7	82.3	75.9	87.4
2007-07-10	41167.0	25480.0	2230.0	12028.0	36581.0	3285.0	1982.0	61.0	82.0	75.1	87.8
2007-07-17	43212.0	26292.0	1906.0	13151.0	39007.0	3514.0	2044.0	64.5	80.2	76.3	87.7
2007-07-24	46589.0	30047.0	2203.0	13182.0	42066.0	3360.0	2320.0	65.7	75.9	77.3	87.3
2007-07-31	32233.0	15457.0	1193.0	14162.0	29164.0	2614.0	1876.0	54.0	72.3	72.4	86.8
2007-08-07	32616.0	17778.0	1118.0	12560.0	29999.0	2278.0	1499.0	60.4	71.6	77.3	87.1
2007-08-14	31708.0	16345.0	2308.0	12769.0	27971.0	2594.0	1429.0	64.8	68.0	78.3	82.4
2007-08-21	29542.0	11912.0	3027.0	15189.0	24931.0	2336.0	1479.0	62.2	68.7	75.1	81.9
2007-08-28	29236.0	8429.0	4604.0	18194.0	22069.0	2508.0	2458.0	60.2	67.4	75.8	80.0
2007-09-04	29416.0	10850.0	4507.0	16277.0	23332.0	2184.0	1472.0	66.6	65.9	79.5	77.9
2007-09-11	33398.0	14013.0	4339.0	16920.0	27162.0	2173.0	1605.0	66.0	60.6	76.2	73.7
2007-09-18	19015.0	14444.0	3272.0	2553.0	14342.0	1864.0	1247.0	66.1	64.4	79.5	80.7
2007-09-25	21124.0	15904.0	3182.0	2731.0	16473.0	2384.0	1364.0	60.2	62.3	72.2	78.1
2007-10-02	25717.0	20974.0	2480.0	2203.0	22027.0	2435.0	1105.0	59.0	61.5	73.3	78.5
2007-10-09	29258.0	24238.0	3153.0	2245.0	25561.0	2670.0	439.0	63.1	62.6	77.0	81.4
2007-10-16	30684.0	25591.0	3206.0	2407.0	25560.0	2581.0	1813.0	64.6	60.0	77.4	77.9
2007-10-23	30493.0	23802.0	4351.0	3410.0	24335.0	3183.0	1709.0	62.5	57.6	76.4	77.7
2007-10-30	26253.0	19101.0	4433.0	4134.0	20665.0	2920.0	1057.0	52.7	63.0	68.2	81.0
2007-11-06	25305.0	17935.0	4554.0	4058.0	19548.0	3214.0	1105.0	50.4	66.0	63.7	82.0
2007-11-13	24117.0	15369.0	4946.0	5785.0	17981.0	2963.0	1190.0	42.6	74.7	57.6	89.0
2007-11-20	23219.0	12132.0	5078.0	8312.0	17384.0	2775.0	757.0	34.2	74.9	55.7	89.1
2007-11-27	22618.0	11672.0	4813.0	8489.0	16820.0	2457.0	985.0	40.1	74.8	62.0	89.4
2007-12-04	22019.0	14124.0	3125.0	5486.0	18023.0	2328.0	790.0	45.9	71.8	64.2	84.9
2007-12-11	27458.0	14047.0	2706.0	9286.0	22383.0	3675.0	1919.0	38.7	57.0	53.6	69.5
2007-12-18	19080.0	12556.0	2930.0	3200.0	15991.0	3243.0	78.0	56.8	62.0	74.9	83.7
2007-12-24	20826.0	14098.0	1851.0	4190.0	17818.0	2457.0	1076.0	54.3	56.3	71.2	74.5
2007-12-31	21344.0	16237.0	2272.0	2819.0	18455.0	2231.0	560.0	55.7	55.2	72.7	76.7
2008-01-08	21286.0	14848.0	1345.0	3471.0	19013.0	2910.0	871.0	53.5	58.4	69.9	80.5
2008-01-15	22467.0	16969.0	1220.0	2458.0	20520.0	2932.0	619.0	54.8	55.4	71.4	78.6
2008-01-22	21818.0	14406.0	2951.0	4692.0	17513.0	2612.0	1246.0	50.8	58.6	69.7	80.1
2008-01-29	20854.0	13429.0	2707.0	4779.0	16948.0	2559.0	1112.0	46.8	60.9	65.1	80.8
2008-02-05	23061.0	16150.0	1361.0	3859.0	20565.0	2965.0	1048.0	49.0	66.4	67.2	82.1
2008-02-12	24074.0	17294.0	1315.0	3637.0	21639.0	3056.0	1033.0	48.1	64.9	65.2	82.6
2008-02-19	24663.0	16735.0	1608.0	4796.0	21833.0	3064.0	1154.0	49.1	63.2	69.2	82.1
2008-02-26	25565.0	16954.0	1421.0	5250.0	22976.0	3293.0	1100.0	50.0	63.1	69.1	82.5
2008-03-04	24541.0	14988.0	1357.0	6646.0	22125.0	2839.0	991.0	52.0	65.5	71.5	82.0
2008-03-11	25732.0	13379.0	983.0	9553.0	23723.0	2779.0	1005.0	51.3	62.4	65.2	73.8
2008-03-18	17754.0	12921.0	2543.0	2196.0	14288.0	2637.0	923.0	53.2	71.1	70.2	87.7
2008-03-25	18330.0	12476.0	3025.0	3298.0	14437.0	2556.0	868.0	48.1	61.7	69.0	80.6
2008-04-01	19790.0	11600.0	4146.0	5292.0	14194.0	2898.0	1450.0	42.8	65.3	64.5	81.1
2008-04-08	20951.0	12412.0	4040.0	5647.0	15570.0	2875.0	1324.0	44.9	63.5	67.2	81.3
2008-04-15	22254.0	12015.0	5421.0	7812.0	15976.0	2410.0	840.0	37.1	62.0	61.3	80.4
2008-04-22	23365.0	12726.0	4832.0	7844.0	17295.0	2763.0	1206.0	38.9	62.9	61.7	80.8
2008-04-29	23624.0	10798.0	5309.0	10420.0	17531.0	2374.0	752.0	46.8	60.1	66.5	78.9
2008-05-06	23946.0	11449.0	5112.0	9248.0	17547.0	3225.0	1263.0	46.8	60.7	63.7	80.0
2008-05-13	30377.0	11193.0	7749.0	16377.0	21339.0	2783.0	1265.0	52.0	55.8	67.7	79.2
2008-05-20	30921.0	12274.0	7733.0	16327.0	21836.0	2320.0	1352.0	54.1	58.2	70.9	81.9
2008-05-27	32124.0	12903.0	7939.0	16861.0	22857.0	2341.0	1309.0	50.5	58.5	69.2	80.6
2008-06-03	32954.0	13965.0	7637.0	16523.0	18750.0	2433.0	6534.0	50.6	47.7	66.8	62.6
2008-06-10	36876.0	11677.0	8477.0	22045.0	21652.0	3073.0	6666.0	48.2	45.2	63.9	58.3
2008-06-17	25095.0	10806.0	9240.0	8943.0	14099.0	5346.0	1756.0	53.1	77.1	68.7	87.0
2008-06-24	25319.0	11543.0	8893.0	11244.0	14484.0	2532.0	1942.0	56.4	81.4	76.4	88.1
2008-07-01	26855.0	11988.0	8822.0	12034.0	16627.0	2833.0	1406.0	54.3	82.0	71.2	89.3
2008-07-08	30523.0	12212.0	10071.0	14092.0	18605.0	4219.0	1847.0	49.1	77.3	65.9	85.3
2008-07-15	29068.0	13581.0	8254.0	12655.0	19023.0	2832.0	1791.0	50.6	80.6	66.6	87.2
2008-07-22	27932.0	13384.0	8400.0	11894.0	18096.0	2654.0	1436.0	52.1	80.0	68.6	89.1
2008-07-29	28995.0	11649.0	10065.0	14667.0	17116.0	2679.0	1814.0	50.7	72.7	65.8	80.5
2008-08-05	32162.0	11583.0	12964.0	17983.0	16893.0	2596.0	2305.0	44.5	62.4	61.0	72.8
2008-08-12	31708.0	10639.0	12090.0	18802.0	17271.0	2267.0	2347.0	46.1	64.0	62.0	71.9
2008-08-19	28137.0	10267.0	10864.0	15206.0	13776.0	2664.0	3497.0	48.9	52.8	64.5	69.4
2008-08-26	26713.0	9849.0	10312.0	15871.0	12853.0	993.0	3548.0	51.7	57.8	71.7	74.5
2008-09-02	26943.0	9365.0	11179.0	16856.0	13307.0	722.0	2457.0	49.9	61.3	71.5	77.8
2008-09-09	28411.0	8773.0	11723.0	18656.0	13985.0	982.0	2703.0	45.6	58.3	68.6	76.0
2008-09-16	19338.0	7744.0	11644.0	10869.0	4698.0	725.0	2996.0	61.8	65.3	88.6	74.0
2008-09-23	22337.0	4418.0	9004.0	16676.0	9725.0	1243.0	3608.0	64.1	67.7	89.7	77.4
2008-09-30	18911.0	4552.0	9333.0	13508.0	7110.0	851.0	2468.0	65.9	72.1	86.3	81.0
2008-10-07	19057.0	4533.0	9011.0	13310.0	7593.0	1214.0	2453.0	65.9	73.4	85.0	80.6
2008-10-14	18508.0	2366.0	6926.0	14791.0	9790.0	1351.0	1792.0	67.1	65.7	87.2	82.5
2008-10-21	18222.0	2317.0	6488.0	14609.0	9487.0	1296.0	2247.0	68.0	65.6	82.6	79.9
2008-10-28	18412.0	2897.0	5344.0	14334.0	10932.0	1181.0	2136.0	66.5	66.1	80.6	81.2
2008-11-04	18501.0	2907.0	3839.0	14230.0	12377.0	1364.0	2285.0	65.4	63.7	81.9	80.3
2008-11-11	19041.0	2878.0	4244.0	14668.0	12449.0	1495.0	2348.0	63.2	63.2	79.9	80.1
2008-11-18	18864.0	2607.0	4248.0	15006.0	12619.0	1251.0	1997.0	64.8	65.0	80.4	82.7
2008-11-25	19099.0	2432.0	4810.0	15190.0	12765.0	1477.0	1524.0	63.5	68.1	80.7	83.1
2008-12-02	19050.0	2266.0	4828.0	15424.0	12466.0	1360.0	1756.0	64.4	65.8	82.8	80.2
2008-12-09	19891.0	2231.0	4524.0	15024.0	11492.0	2542.0	3781.0	61.3	57.7	80.8	69.1
2008-12-16	9130.0	2060.0	3595.0	4041.0	4071.0	3029.0	1464.0	55.0	55.9	65.7	75.2
2008-12-22	8905.0	2063.0	3263.0	3904.0	4274.0	2938.0	1368.0	52.9	58.4	65.6	75.9
2008-12-30	9033.0	2360.0	3369.0	4152.0	4267.0	2521.0	1397.0	51.6	57.3	66.1	77.1
2009-01-06	9970.0	3286.0	3038.0	4080.0	5417.0	2604.0	1515.0	45.3	52.8	65.1	74.5
2009-01-13	9998.0	3416.0	3609.0	3936.0	4802.0	2646.0	1587.0	47.9	55.2	66.5	75.0
2009-01-20	9714.0	2059.0	3996.0	4972.0	3760.0	2683.0	1958.0	52.8	53.6	67.4	71.9
2009-01-27	10782.0	1802.0	6099.0	6268.0	2810.0	2712.0	1873.0	58.4	57.9	70.5	72.1
2009-02-03	12945.0	1638.0	7616.0	7879.0	2802.0	3428.0	2527.0	54.8	58.7	68.5	72.4
2009-02-10	12701.0	2184.0	6523.0	7737.0	3822.0	2780.0	2356.0	55.8	56.0	73.8	70.2
2009-02-17	12828.0	2286.0	6868.0	7787.0	3671.0	2755.0	2289.0	55.6	56.8	73.0	72.0
2009-02-24	13690.0	2161.0	8091.0	8832.0	3597.0	2697.0	2002.0	52.4	59.5	72.0	74.2
2009-03-03	15870.0	2139.0	8907.0	11336.0	4788.0	2395.0	2175.0	49.4	56.8	72.5	75.5
2009-03-10	17991.0	2116.0	10095.0	13231.0	5892.0	2610.0	1970.0	50.3	54.6	71.4	70.2
2009-03-17	15548.0	2872.0	8952.0	8978.0	4857.0	3698.0	1739.0	52.8	60.3	74.6	75.3
2009-03-24	15198.0	3383.0	6268.0	8146.0	7392.0	3669.0	1538.0	43.9	62.7	68.8	83.9
2009-03-31	14124.0	3583.0	4522.0	6778.0	8139.0	3763.0	1463.0	45.1	63.4	67.1	82.3
2009-04-07	13704.0	4359.0	1391.0	5388.0	10906.0	3957.0	1407.0	45.3	69.9	67.9	80.4
2009-04-14	15202.0	5362.0	1002.0	8449.0	12986.0	1391.0	1214.0	60.5	70.1	82.8	82.1
2009-04-21	13843.0	4538.0	1033.0	8161.0	11130.0	1144.0	1680.0	64.0	74.4	81.3	83.8
2009-04-28	14095.0	4855.0	1207.0	7800.0	11299.0	1440.0	1589.0	63.0	72.9	80.1	84.3
2009-05-05	13993.0	4658.0	849.0	7889.0	11853.0	1446.0	1291.0	62.1	75.5	79.3	84.4
2009-05-12	16914.0	7031.0	773.0	7898.0	15194.0	1985.0	947.0	52.0	75.3	74.1	86.2
2009-05-19	19239.0	7841.0	1022.0	9172.0	17354.0	2226.0	863.0	50.0	79.3	70.7	88.8
2009-05-26	24755.0	13351.0	819.0	8991.0	23076.0	2413.0	860.0	56.4	80.8	74.4	91.0
2009-06-02	27273.0	15297.0	1165.0	9349.0	25171.0	2627.0	937.0	56.0	80.7	72.9	88.7
2009-06-09	34760.0	15712.0	939.0	16667.0	32998.0	2381.0	823.0	47.0	66.1	58.7	71.8
2009-06-16	20666.0	16325.0	865.0	2081.0	19131.0	2260.0	670.0	68.8	82.0	84.1	92.3
2009-06-23	22606.0	17977.0	1021.0	2554.0	20794.0	2075.0	791.0	68.2	81.0	83.6	90.9
2009-06-30	23742.0	18679.0	996.0	2886.0	21519.0	2177.0	1227.0	67.1	75.9	83.2	89.6
2009-07-07	21694.0	16391.0	1034.0	3178.0	19513.0	2125.0	1147.0	64.1	77.6	79.3	89.5
2009-07-14	22089.0	15990.0	1021.0	4042.0	19945.0	2057.0	1123.0	63.3	77.7	81.9	88.7
2009-07-21	21987.0	16959.0	776.0	2591.0	20097.0	2437.0	1114.0	62.0	80.3	80.8	88.7
2009-07-28	22692.0	17990.0	423.0	2220.0	21440.0	2482.0	829.0	61.8	78.9	80.5	87.7
2009-08-04	23883.0	18975.0	775.0	2134.0	22163.0	2774.0	945.0	60.4	78.2	79.2	88.1
2009-08-11	25034.0	19896.0	1085.0	2351.0	23000.0	2787.0	949.0	58.5	69.2	76.0	85.5
2009-08-18	24783.0	18515.0	1079.0	3647.0	22957.0	2621.0	747.0	57.3	69.6	74.5	86.6
2009-08-25	25735.0	19835.0	1186.0	3074.0	23735.0	2826.0	814.0	56.6	70.3	72.9	86.0
2009-09-01	26059.0	18602.0	938.0	4734.0	24226.0	2723.0	895.0	56.2	69.6	72.8	84.9
2009-09-08	29859.0	18988.0	865.0	7950.0	28358.0	2921.0	636.0	49.3	63.1	65.4	76.4
2009-09-15	23371.0	20206.0	1211.0	131.0	21192.0	3034.0	968.0	63.2	72.5	76.8	87.1
2009-09-22	23603.0	19874.0	1229.0	442.0	21007.0	3287.0	1367.0	60.6	71.1	74.6	84.5
2009-09-29	23776.0	19045.0	1542.0	1342.0	21187.0	3389.0	1047.0	59.5	70.5	73.2	84.5
2009-10-06	24851.0	19606.0	1513.0	2190.0	22212.0	3055.0	1126.0	58.5	67.7	72.5	84.0
2009-10-13	24376.0	19432.0	1802.0	1528.0	21707.0	3416.0	867.0	57.5	67.2	70.2	83.0
2009-10-20	24862.0	19531.0	2373.0	1880.0	21600.0	3451.0	889.0	57.2	65.7	69.5	81.5
2009-10-27	24230.0	17613.0	2585.0	3100.0	20052.0	3517.0	1593.0	56.1	63.8	69.4	80.2
2009-11-03	21898.0	15802.0	2486.0	3208.0	18307.0	2888.0	1105.0	59.3	68.3	74.2	84.3
2009-11-09	21106.0	14709.0	3454.0	3476.0	16196.0	2921.0	1456.0	53.6	64.3	68.9	83.2
2009-11-17	21639.0	15676.0	3002.0	2819.0	17426.0	3144.0	1211.0	56.9	64.3	70.7	82.0
2009-11-24	21639.0	15130.0	3546.0	3604.0	16942.0	2905.0	1151.0	56.6	65.5	73.3	82.9
2009-12-01	22778.0	13729.0	5626.0	5906.0	15543.0	3143.0	1609.0	53.5	61.4	70.5	80.9
2009-12-08	23110.0	12583.0	4788.0	7465.0	16152.0	3062.0	2170.0	52.5	63.2	69.7	76.8
2009-12-15	18647.0	14235.0	4783.0	1598.0	12224.0	2814.0	1640.0	63.1	53.7	79.9	78.8
2009-12-22	19372.0	15164.0	5418.0	1705.0	12386.0	2503.0	1568.0	66.7	53.6	81.3	78.6
2009-12-29	18893.0	13872.0	5067.0	2028.0	12604.0	2993.0	1222.0	67.9	53.3	77.5	80.2
2010-01-05	23053.0	18106.0	5133.0	1457.0	16490.0	3490.0	1430.0	65.6	54.9	77.8	79.4
2010-01-12	25732.0	21417.0	5734.0	1196.0	18810.0	3119.0	1188.0	64.0	53.3	79.8	76.5
2010-01-19	26917.0	22397.0	6041.0	1218.0	19664.0	3302.0	1212.0	64.7	52.5	80.1	75.2
2010-01-26	21440.0	16005.0	7534.0	2762.0	12630.0	2673.0	1276.0	61.9	59.6	76.9	82.3
2010-02-02	21312.0	15251.0	9868.0	3659.0	9838.0	2402.0	1606.0	62.5	55.4	76.6	74.7
2010-02-09	20171.0	14359.0	9636.0	3988.0	8734.0	1824.0	1801.0	64.2	53.9	76.5	74.4
2010-02-16	19679.0	14523.0	7088.0	3380.0	10366.0	1776.0	2225.0	65.6	56.1	75.7	78.4
2010-02-23	20201.0	14641.0	8249.0	3676.0	10223.0	1884.0	1729.0	62.1	60.4	75.6	79.3
2010-03-02	20158.0	13715.0	8603.0	4085.0	9678.0	2358.0	1877.0	58.5	57.3	72.9	77.6
2010-03-09	21863.0	11964.0	8717.0	7237.0	11490.0	2527.0	1521.0	47.9	50.6	64.9	69.2
2010-03-16	15638.0	11334.0	8525.0	1827.0	5970.0	2477.0	1143.0	60.3	58.5	75.6	75.5
2010-03-23	17599.0	13621.0	8132.0	1294.0	8155.0	2684.0	1312.0	57.5	48.3	75.6	69.8
2010-03-30	17143.0	13049.0	7243.0	1073.0	9012.0	3021.0	888.0	55.1	47.4	69.3	70.0
2010-04-06	16221.0	12836.0	7333.0	606.0	7564.0	2779.0	1324.0	57.4	53.3	71.6	75.8
2010-04-13	17540.0	13771.0	6620.0	657.0	9759.0	3112.0	1161.0	55.1	48.0	69.7	71.5
2010-04-20	17911.0	14497.0	5745.0	508.0	10771.0	2906.0	1395.0	57.1	44.6	71.6	68.8
2010-04-27	21797.0	17554.0	4645.0	1118.0	15819.0	3125.0	1333.0	59.6	48.2	71.7	71.2
2010-05-04	23312.0	18961.0	3985.0	888.0	17835.0	3463.0	1492.0	61.0	45.7	73.0	72.4
2010-05-11	24215.0	20428.0	3536.0	902.0	19501.0	2885.0	1178.0	68.0	52.2	78.6	78.2
2010-05-18	21357.0	16740.0	4187.0	2171.0	15281.0	2446.0	1889.0	61.7	56.2	77.9	81.4
2010-05-25	17760.0	11342.0	3680.0	5345.0	12089.0	1073.0	1991.0	63.8	52.2	80.8	73.4
2010-06-01	15586.0	7622.0	5418.0	6403.0	8285.0	1522.0	1844.0	55.7	58.4	73.5	77.9
2010-06-08	17962.0	6230.0	7099.0	10301.0	8902.0	1392.0	1922.0	43.7	49.6	64.6	69.3
2010-06-15	9089.0	4329.0	6458.0	2855.0	1261.0	1905.0	1370.0	42.7	74.5	63.5	82.3
2010-06-22	10476.0	6721.0	5899.0	1194.0	3272.0	2561.0	1305.0	55.1	62.7	69.4	76.3
2010-06-29	12880.0	8459.0	5973.0	1957.0	5511.0	2464.0	1396.0	55.4	53.6	70.1	70.7
2010-07-06	12959.0	8093.0	5516.0	2751.0	6141.0	2115.0	1302.0	59.8	60.8	75.3	76.8
2010-07-13	16798.0	12683.0	7231.0	1740.0	8103.0	2375.0	1464.0	54.1	58.7	71.7	75.7
2010-07-20	18631.0	14523.0	5550.0	1511.0	11887.0	2597.0	1194.0	59.0	58.1	76.1	78.6
2010-07-27	22919.0	18398.0	4724.0	1407.0	17037.0	3114.0	1158.0	61.5	53.2	77.3	77.9
2010-08-03	24399.0	20353.0	5294.0	816.0	17742.0	3230.0	1363.0	66.3	55.3	81.2	77.6
2010-08-10	25036.0	18992.0	6448.0	1889.0	16756.0	3411.0	1088.0	64.0	56.1	73.7	76.4
2010-08-17	23627.0	17595.0	5456.0	3229.0	16406.0	2803.0	1765.0	62.7	59.1	76.2	78.3
2010-08-24	20271.0	14931.0	4248.0	1997.0	13798.0	3343.0	2225.0	60.8	65.3	73.5	78.1
2010-08-31	20099.0	12193.0	5236.0	4956.0	12678.0	2950.0	2185.0	51.9	66.0	64.9	77.7
2010-09-07	27922.0	14648.0	5271.0	9876.0	20791.0	2735.0	1197.0	45.3	50.2	56.9	61.4
2010-09-14	25755.0	21414.0	4575.0	865.0	20102.0	3476.0	1078.0	69.6	60.1	80.7	86.6
2010-09-21	26820.0	22636.0	4228.0	563.0	21198.0	3621.0	1394.0	71.6	56.1	82.1	80.2
2010-09-28	25965.0	21604.0	4334.0	641.0	20115.0	3720.0	1516.0	69.2	57.2	80.1	78.4
2010-10-05	26042.0	21339.0	5005.0	881.0	19451.0	3822.0	1586.0	68.0	58.3	78.2	79.6
2010-10-12	26437.0	21276.0	4703.0	1213.0	20607.0	3948.0	1127.0	66.4	56.1	77.7	79.2
2010-10-19	27031.0	21477.0	6146.0	1856.0	19755.0	3698.0	1130.0	65.4	56.0	78.5	81.1
2010-10-26	26754.0	21577.0	5706.0	1573.0	19978.0	3604.0	1070.0	67.0	57.0	80.7	82.1
2010-11-02	28353.0	23393.0	4245.0	1356.0	22906.0	3604.0	1202.0	65.9	55.6	81.4	82.9
2010-11-09	31494.0	26965.0	4715.0	991.0	25931.0	3538.0	848.0	66.9	55.2	81.3	83.9
2010-11-16	33423.0	28915.0	5470.0	1200.0	27077.0	3308.0	876.0	68.0	53.2	82.4	82.4
2010-11-23	30969.0	26095.0	5026.0	1644.0	25160.0	3230.0	783.0	66.8	52.2	80.2	80.2
2010-11-30	27575.0	22982.0	4537.0	1301.0	21802.0	3292.0	1236.0	73.3	52.7	82.2	83.7
2010-12-07	27595.0	22024.0	3763.0	2185.0	22194.0	3220.0	1472.0	68.6	50.8	77.7	81.6
2010-12-14	24510.0	21314.0	8793.0	985.0	14758.0	2211.0	959.0	78.1	67.8	85.5	87.8
2010-12-21	25081.0	17780.0	10414.0	5150.0	13326.0	2151.0	1341.0	58.7	67.3	77.5	86.3
2010-12-28	25090.0	18570.0	10455.0	3991.0	13434.0	2529.0	1201.0	57.2	69.1	74.4	87.5
2011-01-04	26443.0	21162.0	10431.0	2210.0	15002.0	3071.0	1010.0	66.3	68.6	77.9	87.2
2011-01-11	27358.0	20943.0	11323.0	2746.0	15156.0	3669.0	879.0	62.9	67.3	75.6	85.1
2011-01-18	27636.0	21224.0	9977.0	2761.0	16664.0	3651.0	995.0	62.8	65.1	76.1	84.5
2011-01-25	26199.0	18507.0	9880.0	3744.0	15179.0	3948.0	1140.0	58.0	69.4	70.9	85.6
2011-02-01	27450.0	20041.0	9771.0	3486.0	16667.0	3923.0	1012.0	56.3	68.4	72.3	86.2
2011-02-08	27897.0	20804.0	9947.0	3468.0	16994.0	3625.0	956.0	55.4	67.3	69.5	84.6
2011-02-15	27735.0	18018.0	8208.0	6570.0	18389.0	3147.0	1138.0	52.3	66.3	69.6	82.6
2011-02-22	27830.0	15975.0	7874.0	8466.0	18270.0	3247.0	1544.0	51.4	63.0	70.9	79.5
2011-03-01	26966.0	15326.0	7915.0	8738.0	17260.0	2760.0	1649.0	52.6	61.1	70.2	76.2
2011-03-08	27699.0	13467.0	9121.0	10783.0	15449.0	2600.0	2280.0	48.3	55.5	63.9	71.4
2011-03-15	15851.0	7277.0	10086.0	5986.0	3295.0	2378.0	2260.0	44.1	54.1	61.4	66.1
2011-03-22	13974.0	6005.0	7487.0	5713.0	3736.0	2044.0	2539.0	41.9	50.9	61.6	64.8
2011-03-29	13401.0	6598.0	6359.0	4356.0	4767.0	2231.0	2059.0	42.3	53.0	61.3	69.8
2011-04-05	16197.0	10129.0	7434.0	2772.0	7022.0	3293.0	1738.0	51.0	54.3	65.8	71.2
2011-04-12	21143.0	14233.0	7897.0	3348.0	11788.0	3562.0	1458.0	48.1	53.1	66.7	72.3
2011-04-19	25789.0	17722.0	8383.0	3666.0	15986.0	4188.0	1207.0	48.9	52.1	67.2	74.2
2011-04-26	27220.0	19205.0	7748.0	3523.0	18088.0	4279.0	1171.0	51.6	49.7	70.3	74.5
2011-05-03	31620.0	22522.0	9722.0	4593.0	20380.0	4265.0	1278.0	53.0	49.3	70.3	77.4
2011-05-10	30504.0	22828.0	9114.0	3826.0	20049.0	3845.0	1336.0	60.5	46.8	76.5	78.0
2011-05-17	29636.0	22518.0	9894.0	3827.0	18443.0	3291.0	1299.0	64.3	47.7	79.1	76.6
2011-05-24	30930.0	23234.0	9358.0	4023.0	20138.0	3673.0	1434.0	62.7	44.7	79.0	76.9
2011-05-31	30915.0	23579.0	7855.0	3089.0	21686.0	4231.0	1358.0	58.4	46.4	72.7	76.2
2011-06-07	37227.0	23573.0	7569.0	8573.0	28106.0	4935.0	1406.0	48.2	40.1	62.3	65.8
2011-06-14	31432.0	23520.0	4302.0	3507.0	26051.0	4405.0	1079.0	59.6	68.3	72.7	83.6
2011-06-21	30261.0	22942.0	4093.0	2970.0	24942.0	4349.0	1226.0	59.9	70.0	72.7	86.4
2011-06-28	29652.0	22242.0	3878.0	2998.0	24437.0	4412.0	1337.0	59.7	70.3	73.2	87.0
2011-07-05	30520.0	22648.0	3662.0	3381.0	25687.0	4491.0	1171.0	54.8	71.9	70.7	87.5
2011-07-12	29745.0	22687.0	3103.0	2838.0	25417.0	4220.0	1225.0	56.4	72.9	71.6	87.8
2011-07-19	31072.0	23364.0	1926.0	2745.0	27376.0	4849.0	1656.0	53.8	73.7	69.6	88.7
2011-07-26	32793.0	25241.0	1950.0	2498.0	29111.0	4940.0	1618.0	54.4	70.1	70.3	87.2
2011-08-02	33788.0	25808.0	1682.0	2540.0	30637.0	5307.0	1336.0	54.3	70.2	70.3	88.1
2011-08-09	28943.0	21588.0	1161.0	2937.0	25502.0	4285.0	2147.0	56.8	74.8	71.0	88.3
2011-08-16	26705.0	19214.0	797.0	3774.0	24389.0	3717.0	1519.0	57.6	78.4	72.3	91.0
2011-08-23	26504.0	17980.0	1104.0	4305.0	23942.0	4119.0	1358.0	52.9	77.8	67.3	90.7
2011-08-30	26856.0	17953.0	1388.0	4625.0	24059.0	4207.0	1338.0	49.2	77.6	66.1	90.3
2011-09-06	27939.0	19215.0	1545.0	4090.0	24315.0	4620.0	2065.0	50.7	73.9	65.8	87.7
2011-09-13	34664.0	19303.0	1639.0	10392.0	30727.0	4806.0	2135.0	44.1	58.5	56.4	70.1
2011-09-20	22307.0	16511.0	2946.0	2437.0	18019.0	3359.0	1342.0	61.4	68.1	71.4	85.7
2011-09-27	23804.0	14475.0	4884.0	7068.0	16921.0	2261.0	1999.0	59.4	61.1	78.7	78.5
2011-10-04	26211.0	12929.0	7363.0	11686.0	16078.0	1494.0	2668.0	63.9	52.4	83.0	70.7
2011-10-11	25059.0	12075.0	5237.0	11594.0	17538.0	1288.0	2182.0	66.7	55.4	86.1	74.1
2011-10-18	24055.0	12445.0	4220.0	9752.0	17898.0	1858.0	1937.0	69.6	60.1	86.5	76.1
2011-10-25	24675.0	13298.0	4079.0	9443.0	19200.0	1934.0	1396.0	65.1	62.5	83.2	76.6
2011-11-01	24021.0	13394.0	2739.0	8317.0	19682.0	2310.0	1600.0	66.3	64.8	81.5	79.3
2011-11-08	24750.0	14585.0	3035.0	8111.0	20379.0	2049.0	1331.0	71.5	64.2	85.2	80.3
2011-11-15	25966.0	14255.0	3641.0	9807.0	20317.0	1904.0	2008.0	75.5	58.8	88.2	73.9
2011-11-22	26870.0	12639.0	4723.0	12745.0	19574.0	1486.0	2573.0	77.1	53.6	89.9	68.8
2011-11-29	28277.0	11018.0	7300.0	15819.0	18612.0	1440.0	2365.0	76.0	47.5	88.9	64.6
2011-12-06	27597.0	10745.0	6888.0	15376.0	18497.0	1475.0	2211.0	73.2	51.1	87.2	69.2
2011-12-13	28686.0	11148.0	5765.0	15164.0	19901.0	1823.0	2469.0	69.3	51.8	84.0	67.7
2011-12-20	9442.0	5735.0	5123.0	1834.0	1811.0	1648.0	2283.0	54.8	39.7	72.1	56.9
2011-12-27	10181.0	6571.0	5166.0	1540.0	2351.0	1845.0	2439.0	57.0	39.2	71.7	55.0
2012-01-03	10812.0	7857.0	5421.0	687.0	2984.0	2043.0	2182.0	63.8	43.7	74.0	59.6
2012-01-10	14173.0	10658.0	5629.0	542.0	6388.0	2607.0	1790.0	66.4	48.2	73.1	65.3
2012-01-17	20955.0	16195.0	6740.0	1478.0	12208.0	2916.0	1641.0	73.2	61.2	80.1	76.2
2012-01-24	25569.0	20232.0	7300.0	1715.0	16265.0	3256.0	1638.0	70.2	67.5	78.0	81.9
2012-01-31	31627.0	25330.0	10533.0	1796.0	19087.0	4121.0	1627.0	64.4	67.5	75.6	80.1
2012-02-07	35020.0	28201.0	4866.0	1992.0	28240.0	4447.0	1534.0	62.8	64.7	74.5	81.2
2012-02-14	36704.0	29202.0	5332.0	2769.0	29272.0	4312.0	1679.0	60.2	61.3	71.8	79.9
2012-02-21	36889.0	29422.0	5211.0	2712.0	29577.0	4337.0	1683.0	58.7	60.2	69.7	78.9
2012-02-28	35159.0	27006.0	4892.0	3110.0	28059.0	4625.0	1790.0	53.0	59.8	65.1	78.5
2012-03-06	29950.0	23506.0	6718.0	2039.0	20754.0	3922.0	1995.0	53.6	62.8	65.4	78.3
2012-03-13	32911.0	19223.0	6000.0	5280.0	20713.0	3954.0	1744.0	36.1	51.8	47.9	61.0
2012-03-20	20288.0	14686.0	10476.0	2300.0	7757.0	3086.0	1839.0	52.5	67.2	64.5	80.5
2012-03-27	20247.0	14046.0	10062.0	2594.0	8703.0	3455.0	1330.0	49.1	66.6	62.5	80.3
2012-04-03	20753.0	14477.0	8631.0	2543.0	10403.0	3583.0	1569.0	46.4	67.0	61.3	80.0
2012-04-10	21802.0	15433.0	8263.0	2835.0	11762.0	3391.0	1634.0	49.1	62.9	63.0	78.1
2012-04-17	23952.0	16999.0	5060.0	3151.0	17201.0	3802.0	1691.0	48.7	66.7	62.4	80.5
2012-04-24	19126.0	13984.0	4498.0	1304.0	13030.0	3737.0	1497.0	47.1	64.5	60.8	75.8
2012-05-01	19815.0	12155.0	4130.0	3302.0	14182.0	4233.0	1378.0	44.7	71.3	58.9	81.7
2012-05-08	17969.0	11688.0	5464.0	3427.0	9902.0	2729.0	2478.0	48.1	51.9	60.2	69.3
2012-05-15	17263.0	9124.0	6527.0	5462.0	8723.0	2515.0	1851.0	47.9	54.7	63.3	69.8
2012-05-22	21439.0	8418.0	9927.0	11398.0	8145.0	1623.0	3367.0	56.5	44.0	75.9	59.4
2012-05-29	21453.0	5798.0	11006.0	13817.0	7012.0	1680.0	3277.0	48.6	42.9	74.9	68.2
2012-06-05	21530.0	6575.0	12105.0	13207.0	6024.0	1596.0	3249.0	50.2	47.8	75.3	68.5
2012-06-12	27485.0	6640.0	10525.0	18395.0	12864.0	1822.0	3468.0	38.7	34.1	55.6	51.3
2012-06-19	12612.0	3564.0	5777.0	6587.0	4245.0	2312.0	2441.0	56.6	45.2	75.7	60.7
2012-06-26	16601.0	6108.0	5532.0	7651.0	8737.0	2693.0	2183.0	54.3	50.1	74.6	69.0
2012-07-03	20483.0	9862.0	5542.0	7158.0	12967.0	3329.0	1840.0	54.3	59.3	74.6	75.7
2012-07-10	22356.0	11434.0	5843.0	7057.0	14771.0	3731.0	1608.0	57.9	61.6	75.1	74.6
2012-07-17	23328.0	10986.0	4047.0	8749.0	17052.0	3459.0	2095.0	61.9	65.2	76.4	78.3
2012-07-24	23206.0	11703.0	3924.0	8382.0	17039.0	2987.0	2109.0	59.7	65.6	76.3	77.7
2012-07-31	24967.0	13659.0	3312.0	7151.0	19684.0	3971.0	1785.0	52.9	72.8	68.2	83.0
2012-08-07	28945.0	17808.0	3220.0	6619.0	23871.0	4375.0	1711.0	51.0	76.7	66.5	85.0
2012-08-14	30100.0	18273.0	3026.0	7482.0	25208.0	4221.0	1742.0	51.9	78.3	67.2	84.3
2012-08-21	31984.0	19835.0	3463.0	7596.0	26527.0	4429.0	1870.0	50.7	76.7	67.6	83.3
2012-08-28	31374.0	18215.0	3986.0	9294.0	25514.0	3739.0	1748.0	50.2	76.7	65.8	83.5
2012-09-04	25393.0	14815.0	3414.0	7271.0	19836.0	3179.0	2015.0	44.4	74.4	58.1	82.1
2012-09-11	27152.0	13641.0	3609.0	8115.0	20781.0	4667.0	2033.0	35.5	63.4	46.9	70.4
2012-09-18	29331.0	20402.0	3797.0	4067.0	23695.0	4733.0	1710.0	51.9	63.6	68.4	75.0
2012-09-25	32787.0	23389.0	3424.0	3973.0	27511.0	5295.0	1722.0	50.5	68.7	67.1	79.5
2012-10-02	34171.0	25298.0	3917.0	3456.0	28120.0	5191.0	1908.0	48.3	68.8	67.0	80.8
2012-10-09	30497.0	21075.0	4365.0	3857.0	24123.0	5428.0	1872.0	46.8	65.7	63.1	78.3
2012-10-16	29486.0	20646.0	4362.0	3950.0	23402.0	4753.0	1585.0	48.1	68.2	61.3	80.1
2012-10-23	29136.0	20528.0	4179.0	4011.0	22716.0	4466.0	2110.0	54.5	68.4	66.9	78.9
2012-10-30	31020.0	20849.0	4104.0	5473.0	24721.0	4472.0	1969.0	57.6	67.7	70.8	78.1
2012-11-06	35323.0	24440.0	5052.0	5508.0	28113.0	5153.0	1936.0	55.9	68.2	68.3	79.1
2012-11-13	33252.0	23692.0	4498.0	5019.0	26577.0	4319.0	1955.0	58.0	68.6	72.2	80.3
2012-11-20	29757.0	21436.0	3578.0	4087.0	23693.0	4012.0	2264.0	56.7	69.2	72.4	79.9
2012-11-27	31901.0	21653.0	2943.0	5539.0	26972.0	4487.0	1764.0	55.8	73.7	70.5	81.7
2012-12-04	32167.0	23272.0	2184.0	3771.0	27225.0	4708.0	2342.0	48.5	74.1	68.2	81.7
2012-12-11	41381.0	29560.0	4960.0	2845.0	31436.0	6225.0	2234.0	47.4	67.6	60.5	77.4
2012-12-18	42446.0	31830.0	17600.0	4529.0	22939.0	5931.0	1751.0	55.7	76.6	71.3	87.3
2012-12-24	40135.0	27425.0	12686.0	5177.0	25784.0	7304.0	1436.0	52.4	73.1	64.3	85.5
2012-12-31	34531.0	25832.0	8750.0	4147.0	23921.0	4321.0	1629.0	53.1	72.3	68.3	83.1
2013-01-08	36531.0	26635.0	7415.0	4735.0	26913.0	4932.0	1974.0	48.2	67.3	65.2	81.8
2013-01-15	38654.0	29920.0	7658.0	3202.0	28841.0	5170.0	1793.0	49.4	64.1	63.1	78.9
2013-01-22	37179.0	28815.0	5283.0	2733.0	29667.0	5268.0	1866.0	50.1	67.3	64.5	79.3
2013-01-29	35480.0	26830.0	5014.0	3271.0	28344.0	4806.0	1549.0	49.2	65.4	62.5	76.7
2013-02-05	37058.0	26343.0	3643.0	3054.0	29818.0	6253.0	2189.0	41.5	67.2	57.2	77.1
2013-02-12	35107.0	24898.0	3560.0	3018.0	27701.0	5555.0	2210.0	45.3	64.3	59.1	74.4
2013-02-19	37555.0	28153.0	3460.0	3192.0	31128.0	5449.0	2206.0	47.3	66.6	60.9	78.3
2013-02-26	32864.0	23570.0	3273.0	2987.0	24627.0	4281.0	2938.0	50.2	60.0	62.8	69.9
2013-03-05	31547.0	23812.0	4768.0	3391.0	23741.0	4009.0	2703.0	48.8	59.1	66.7	70.9
2013-03-12	32813.0	24250.0	4900.0	3591.0	24022.0	3832.0	2751.0	49.0	55.5	65.6	66.2
2013-03-19	28933.0	23384.0	10907.0	2269.0	15389.0	3168.0	2525.0	63.2	67.0	76.0	77.5
2013-03-26	34922.0	27946.0	11030.0	1943.0	21484.0	4923.0	2298.0	54.8	63.3	68.1	74.6
2013-04-02	39229.0	31358.0	12971.0	2885.0	23660.0	4876.0	2488.0	54.1	62.6	68.5	74.1
2013-04-09	42549.0	35358.0	10208.0	2234.0	28924.0	4847.0	3307.0	58.1	58.8	71.0	74.0
2013-04-16	46640.0	39986.0	9178.0	2030.0	34561.0	4503.0	2780.0	65.0	56.2	76.1	75.8
2013-04-23	45127.0	38027.0	10322.0	2374.0	31703.0	4608.0	2984.0	66.8	54.6	75.7	73.3
2013-04-30	46571.0	38184.0	9134.0	2743.0	34388.0	5515.0	2920.0	62.1	53.5	71.3	74.8
2013-05-07	46005.0	37775.0	9239.0	3069.0	33070.0	5032.0	3567.0	63.1	52.5	71.9	71.0
2013-05-14	37320.0	30436.0	7220.0	3428.0	26128.0	3362.0	3878.0	61.0	53.2	72.4	65.1
2013-05-21	32833.0	23978.0	6196.0	5914.0	19888.0	2920.0	6728.0	58.4	45.1	72.2	57.0
2013-05-28	29377.0	19666.0	5655.0	7407.0	19788.0	2245.0	3875.0	56.3	51.0	72.3	62.7
2013-06-04	25530.0	11700.0	5687.0	11883.0	15641.0	1905.0	4160.0	50.8	50.3	70.6	61.6
2013-06-11	26293.0	8940.0	6287.0	15339.0	15573.0	1969.0	4388.0	51.6	44.4	68.1	57.0
2013-06-18	11742.0	8469.0	6343.0	1511.0	1543.0	1760.0	3854.0	61.3	39.8	75.3	52.5
2013-06-25	11632.0	5377.0	6088.0	4617.0	1357.0	1577.0	4126.0	43.4	41.2	65.9	53.9
2013-07-02	12384.0	5288.0	6462.0	5151.0	1481.0	1895.0	4391.0	48.8	40.3	68.8	52.3
2013-07-09	12512.0	5390.0	6398.0	5003.0	1494.0	2091.0	4592.0	50.6	38.2	71.1	50.1
2013-07-16	12904.0	4224.0	6968.0	6403.0	1656.0	2253.0	4256.0	52.6	36.6	73.1	48.9
2013-07-23	12613.0	4517.0	6363.0	6125.0	2243.0	1971.0	4007.0	55.2	36.5	70.6	49.3
2013-07-30	12153.0	5593.0	6113.0	3916.0	2747.0	2461.0	3110.0	46.7	32.4	64.4	47.4
2013-08-06	11572.0	4595.0	6134.0	4667.0	1899.0	2106.0	3335.0	48.3	30.4	66.8	42.6
2013-08-13	11976.0	6632.0	6435.0	2725.0	2607.0	2436.0	2751.0	40.0	27.4	60.1	40.8
2013-08-20	13500.0	9760.0	7370.0	1066.0	3612.0	2389.0	2233.0	52.5	30.1	66.7	45.3
2013-08-27	12193.0	7463.0	7211.0	2092.0	2292.0	2299.0	2351.0	43.4	30.4	58.1	44.4
2013-09-03	13105.0	6384.0	7181.0	4609.0	2732.0	2094.0	3174.0	52.8	30.2	68.5	44.1
2013-09-10	15097.0	8068.0	8669.0	4501.0	3656.0	2379.0	2623.0	57.5	34.5	69.6	46.7
2013-09-17	15842.0	12463.0	6806.0	913.0	7042.0	2461.0	1989.0	61.0	48.4	72.9	66.6
2013-09-24	19621.0	15470.0	7415.0	845.0	10382.0	3301.0	1819.0	55.9	54.1	68.0	70.3
2013-10-01	22577.0	17706.0	6815.0	911.0	14017.0	3955.0	1740.0	52.5	63.1	67.1	78.6
2013-10-08	23230.0	18343.0	7577.0	1074.0	13650.0	3808.0	1998.0	54.6	61.6	67.2	75.9
2013-10-15	24608.0	19379.0	6711.0	1317.0	16118.0	3897.0	1764.0	50.6	66.8	63.5	80.5
2013-10-22	27336.0	21349.0	8235.0	1634.0	17331.0	4348.0	1765.0	48.8	67.0	61.1	80.4
2013-10-29	23564.0	17705.0	7080.0	1964.0	14552.0	3892.0	1929.0	46.4	63.8	59.5	78.5
2013-11-05	22367.0	16937.0	7229.0	1603.0	12732.0	3824.0	2403.0	50.7	61.9	64.6	73.7
2013-11-12	21996.0	16814.0	6448.0	1664.0	13288.0	3403.0	2145.0	52.7	64.1	67.8	74.5
2013-11-19	24450.0	18940.0	6464.0	1910.0	15519.0	3487.0	2354.0	50.3	62.7	64.5	78.0
2013-11-26	20919.0	16064.0	5815.0	1352.0	12825.0	3497.0	2273.0	49.6	64.9	63.5	74.9
2013-12-03	18318.0	13660.0	6021.0	1069.0	9785.0	3337.0	2260.0	44.9	54.8	60.6	68.1
2013-12-10	19953.0	13183.0	4630.0	1803.0	12497.0	4363.0	2222.0	40.8	49.4	54.1	64.7
2013-12-17	17939.0	12842.0	7169.0	871.0	8217.0	3974.0	2301.0	45.2	61.7	58.8	72.5
2013-12-24	18668.0	13899.0	7443.0	880.0	9060.0	3607.0	1883.0	43.4	55.0	58.0	68.5
2014-01-07	20039.0	14803.0	6937.0	922.0	10754.0	4032.0	2066.0	41.3	58.1	55.3	70.8
2014-01-14	22870.0	17539.0	7925.0	1117.0	12629.0	4012.0	2114.0	42.9	55.3	56.8	69.6
2014-01-21	22817.0	17330.0	8774.0	1258.0	11346.0	3667.0	2135.0	48.0	47.6	60.7	63.9
2014-01-28	21796.0	16606.0	6921.0	947.0	11872.0	3469.0	2229.0	50.3	44.3	63.4	61.9
2014-02-04	20098.0	14588.0	6556.0	1732.0	10020.0	3165.0	2909.0	45.5	44.7	60.8	63.7
2014-02-11	19085.0	13176.0	5535.0	2021.0	10674.0	3120.0	2108.0	45.7	51.8	59.2	67.9
2014-02-18	21516.0	15331.0	6425.0	1872.0	12362.0	3589.0	2005.0	48.4	51.2	61.8	65.8
2014-02-25	22142.0	16529.0	5547.0	1367.0	13877.0	3663.0	2135.0	50.9	52.0	63.8	66.6
2014-03-04	25616.0	19346.0	5914.0	1291.0	16808.0	4305.0	2220.0	49.2	54.2	64.7	69.8
2014-03-11	31905.0	21155.0	6706.0	1586.0	17882.0	4927.0	3080.0	41.0	47.5	56.4	61.8
2014-03-18	31463.0	24645.0	8894.0	1243.0	19745.0	5371.0	2620.0	47.5	70.6	64.7	81.6
2014-03-25	32748.0	26243.0	8030.0	1234.0	22092.0	5005.0	2360.0	49.8	70.3	66.3	81.0
2014-04-01	32313.0	25765.0	7285.0	1439.0	22307.0	4887.0	2499.0	49.8	67.3	64.6	79.5
2014-04-08	32898.0	26521.0	6755.0	1477.0	23279.0	4696.0	2660.0	52.0	65.5	65.2	79.5
2014-04-15	33100.0	26671.0	6824.0	1477.0	23326.0	4742.0	2740.0	52.8	64.7	65.8	77.5
2014-04-22	32579.0	26056.0	5881.0	1532.0	24018.0	4769.0	2458.0	53.0	65.0	66.0	77.0
2014-04-29	29858.0	22979.0	4499.0	1791.0	22364.0	4876.0	2783.0	49.8	66.6	61.3	75.9
2014-05-06	33025.0	25027.0	4334.0	2686.0	24207.0	5108.0	4280.0	42.7	63.3	59.7	72.9
2014-05-13	30932.0	23806.0	4466.0	2439.0	23434.0	4445.0	2790.0	44.1	65.7	59.6	76.9
2014-05-20	30556.0	22486.0	4892.0	3565.0	23040.0	4278.0	2397.0	42.7	68.4	56.9	78.2
2014-05-27	30649.0	22034.0	4090.0	3654.0	23716.0	4757.0	2639.0	41.0	69.9	54.9	79.6
2014-06-03	30066.0	22400.0	4869.0	2986.0	21608.0	4032.0	2941.0	38.5	65.3	51.0	75.2
2014-06-10	32946.0	20401.0	3546.0	5419.0	23502.0	3944.0	2716.0	34.3	56.9	42.9	66.3
2014-06-17	28467.0	21671.0	17938.0	2667.0	7656.0	3784.0	2528.0	42.4	66.6	54.2	75.8
2014-06-24	31415.0	24855.0	18703.0	2739.0	9621.0	3476.0	2746.0	41.9	62.7	56.7	71.9
2014-07-01	33455.0	26563.0	17578.0	2890.0	12759.0	3802.0	2918.0	40.2	61.8	55.1	72.6
2014-07-08	36123.0	26750.0	12334.0	1959.0	16826.0	4214.0	3763.0	38.2	43.4	51.1	61.3
2014-07-15	32879.0	26570.0	11117.0	2140.0	17414.0	3969.0	4148.0	42.2	48.5	56.5	67.9
2014-07-22	32728.0	26028.0	10896.0	2581.0	18458.0	3919.0	3174.0	42.5	50.1	56.5	69.4
2014-07-29	30531.0	23552.0	8263.0	2884.0	19439.0	3870.0	2604.0	42.0	46.0	55.3	68.4
2014-08-05	25603.0	18949.0	4449.0	3057.0	18339.0	3397.0	2615.0	40.6	42.9	53.0	64.6
2014-08-12	25214.0	17913.0	4484.0	3376.0	17731.0	3704.0	2778.0	36.7	40.9	48.0	62.6
2014-08-19	24048.0	16796.0	4764.0	3600.0	16042.0	3441.0	3031.0	38.4	38.2	50.2	60.3
2014-08-26	23619.0	16405.0	4564.0	3483.0	16020.0	3502.0	2806.0	36.9	39.2	50.9	59.7
2014-09-02	23319.0	15623.0	5451.0	4328.0	14831.0	3162.0	2831.0	33.9	38.0	46.5	58.7
2014-09-09	24920.0	14369.0	4847.0	5346.0	15048.0	3434.0	3254.0	32.2	34.8	45.6	53.6
2014-09-16	16050.0	9814.0	8694.0	3703.0	3664.0	2376.0	3535.0	43.7	28.0	60.5	44.2
2014-09-23	16146.0	9779.0	7938.0	3664.0	3873.0	2507.0	4139.0	38.0	21.1	55.0	37.7
2014-09-30	18209.0	10092.0	10028.0	5356.0	3214.0	2352.0	4558.0	34.0	22.8	49.9	36.2
2014-10-07	19214.0	10052.0	10152.0	6708.0	4345.0	2049.0	4312.0	41.6	25.8	58.9	39.0
2014-10-14	21317.0	9171.0	11555.0	9967.0	4482.0	1796.0	4897.0	51.3	27.7	70.5	42.8
2014-10-21	21311.0	8526.0	10858.0	10519.0	4654.0	1793.0	5326.0	52.3	24.7	70.6	39.0
2014-10-28	22023.0	8506.0	12404.0	10951.0	4390.0	2155.0	4818.0	48.6	32.6	69.4	45.1
2014-11-04	23716.0	9737.0	13846.0	11941.0	3892.0	1577.0	5517.0	50.8	34.4	66.8	48.4
2014-11-11	19809.0	9244.0	10233.0	8368.0	3957.0	1905.0	5327.0	55.2	26.9	67.4	40.4
2014-11-18	19907.0	9134.0	10381.0	8111.0	4159.0	2440.0	5145.0	56.8	23.6	70.0	37.9
2014-11-25	21096.0	9630.0	11924.0	8276.0	3708.0	2757.0	5031.0	50.5	22.6	63.8	36.2
2014-12-02	20448.0	9272.0	10952.0	8156.0	3848.0	2437.0	5065.0	49.3	22.1	63.9	36.3
2014-12-09	23550.0	9786.0	12081.0	10974.0	5042.0	2075.0	5712.0	38.1	19.9	55.0	32.6
2014-12-16	18447.0	9865.0	10504.0	5858.0	2611.0	2371.0	4979.0	43.9	33.7	58.8	50.6
2014-12-23	19295.0	9786.0	11194.0	7099.0	2655.0	2040.0	5076.0	50.2	29.2	63.8	44.6
2014-12-30	18071.0	8236.0	10082.0	6733.0	2636.0	2775.0	5026.0	41.9	29.9	57.2	44.2
2015-01-06	19437.0	9865.0	10772.0	6679.0	2816.0	2421.0	5377.0	37.5	32.0	53.6	44.1
2015-01-13	21064.0	8396.0	10172.0	9158.0	3839.0	2943.0	6486.0	39.2	25.2	52.5	35.8
2015-01-20	22818.0	10941.0	12758.0	7997.0	4228.0	3524.0	5476.0	43.0	26.0	58.4	39.7
2015-01-27	25594.0	11908.0	15567.0	11093.0	3581.0	2298.0	6151.0	51.8	27.4	64.4	43.2
2015-02-03	25687.0	10537.0	15034.0	13108.0	3821.0	1883.0	6673.0	48.7	28.1	63.3	43.8
2015-02-10	26593.0	9272.0	15472.0	15243.0	4125.0	1937.0	6855.0	49.3	25.4	66.5	41.7
2015-02-17	27700.0	10021.0	15774.0	14702.0	4543.0	2198.0	6604.0	51.6	23.2	66.9	38.3
2015-02-24	27328.0	11107.0	15437.0	13392.0	4561.0	1954.0	6455.0	48.7	24.8	65.7	39.2
2015-03-03	27610.0	14597.0	15964.0	9773.0	4434.0	1810.0	5782.0	40.8	25.3	59.5	40.4
2015-03-10	29726.0	13347.0	15827.0	11646.0	4560.0	1788.0	6394.0	41.2	23.5	56.1	37.7
2015-03-17	23317.0	13117.0	14258.0	7155.0	2711.0	2302.0	5605.0	46.0	25.4	65.7	41.3
2015-03-24	20958.0	12149.0	13015.0	5470.0	2413.0	2707.0	4898.0	44.5	27.6	60.9	43.3
2015-03-31	24049.0	16443.0	12412.0	4473.0	5776.0	2627.0	5355.0	54.8	35.8	68.0	49.3
2015-04-07	24920.0	16950.0	11172.0	4489.0	8929.0	2982.0	4320.0	53.8	39.2	67.2	50.6
2015-04-14	25176.0	17081.0	11078.0	4579.0	9134.0	2979.0	4427.0	54.9	40.2	67.9	53.1
2015-04-21	26617.0	18473.0	9985.0	4241.0	11950.0	3470.0	4249.0	50.9	51.2	63.2	62.9
2015-04-28	28071.0	18281.0	8101.0	5134.0	15431.0	3745.0	3628.0	52.2	58.7	64.1	69.2
2015-05-05	28379.0	19585.0	10521.0	4813.0	13039.0	3152.0	3990.0	53.6	52.3	64.6	61.5
2015-05-12	25525.0	14268.0	12498.0	7678.0	8233.0	3009.0	4224.0	37.3	39.2	55.0	50.6
2015-05-19	26331.0	11192.0	13423.0	11720.0	8044.0	2869.0	4314.0	39.5	37.0	55.0	48.5
2015-05-26	28514.0	10426.0	15513.0	14925.0	7265.0	2448.0	5021.0	46.8	34.2	62.5	47.5
2015-06-02	33005.0	9432.0	19971.0	19500.0	6313.0	2878.0	5526.0	46.0	33.6	62.9	49.4
2015-06-09	36911.0	11097.0	22892.0	21258.0	6226.0	2455.0	5692.0	45.7	32.4	61.2	46.4
2015-06-16	37169.0	19382.0	28550.0	14652.0	1954.0	2500.0	6030.0	51.2	39.0	68.0	51.3
2015-06-23	42911.0	19661.0	33224.0	19844.0	2338.0	2713.0	6656.0	45.6	39.4	65.3	52.3
2015-06-30	43256.0	16949.0	33015.0	22781.0	2618.0	2845.0	6942.0	45.6	39.6	64.4	52.6
2015-07-07	42873.0	14679.0	33027.0	24535.0	2371.0	2946.0	6762.0	50.2	38.0	67.0	50.7
2015-07-14	42311.0	13504.0	33158.0	25907.0	2370.0	2535.0	6418.0	54.4	35.4	73.1	48.7
2015-07-21	38544.0	13200.0	29154.0	22843.0	2306.0	2231.0	6814.0	52.7	38.6	72.8	49.9
2015-07-28	37487.0	13550.0	26315.0	21230.0	4189.0	2474.0	6750.0	48.6	40.0	69.0	51.3
2015-08-04	38530.0	14391.0	26290.0	21363.0	5422.0	2557.0	6599.0	47.7	36.1	66.9	49.3
2015-08-11	36861.0	13931.0	24503.0	20282.0	5906.0	2456.0	6260.0	49.8	38.9	69.0	53.5
2015-08-18	36523.0	14012.0	23969.0	20025.0	6344.0	2154.0	5878.0	47.3	37.2	67.7	51.7
2015-08-25	33400.0	15388.0	21451.0	15789.0	6103.0	2042.0	5665.0	44.5	34.4	63.2	49.3
2015-09-01	34339.0	13543.0	21822.0	18292.0	6027.0	2168.0	6154.0	47.0	32.6	66.4	48.4
2015-09-08	38325.0	11677.0	23497.0	22252.0	6572.0	2111.0	5971.0	48.6	29.9	66.3	45.8
2015-09-15	33352.0	22462.0	24556.0	9043.0	3282.0	1624.0	5291.0	64.4	35.6	77.6	53.1
2015-09-22	35920.0	22990.0	26519.0	11126.0	3286.0	1580.0	5891.0	64.1	33.1	78.1	49.9
2015-09-29	34105.0	20995.0	24057.0	11339.0	4392.0	1570.0	5455.0	61.8	31.3	77.3	48.6
2015-10-06	31930.0	18357.0	19328.0	11860.0	6426.0	1513.0	5976.0	64.6	35.8	77.1	53.5
2015-10-13	29038.0	18344.0	17652.0	8794.0	5958.0	1825.0	5353.0	68.2	33.8	79.7	50.7
2015-10-20	30142.0	19447.0	15688.0	8216.0	9634.0	2412.0	4753.0	67.8	39.2	80.2	53.1
2015-10-27	31743.0	20339.0	14750.0	9123.0	12152.0	2179.0	4739.0	62.5	44.4	76.0	56.1
2015-11-03	32539.0	21266.0	14648.0	9013.0	13079.0	2158.0	4710.0	63.8	46.6	76.7	59.0
2015-11-10	33719.0	21267.0	15703.0	9798.0	12013.0	2289.0	5638.0	62.0	44.3	73.5	58.0
2015-11-17	34899.0	22219.0	16971.0	10212.0	11113.0	1990.0	6337.0	60.5	40.0	73.4	53.0
2015-11-24	35099.0	22603.0	18593.0	10292.0	10740.0	1940.0	5502.0	58.9	39.8	70.8	54.4
2015-12-01	36623.0	22881.0	18124.0	10658.0	12451.0	2681.0	5645.0	55.7	43.1	68.7	56.6
2015-12-08	38425.0	24452.0	15571.0	10251.0	17357.0	2719.0	4494.0	51.6	47.4	64.3	59.9
2015-12-15	23626.0	16346.0	15227.0	4713.0	4255.0	2465.0	4042.0	34.9	42.9	55.0	57.5
2015-12-22	24057.0	14946.0	15167.0	6207.0	4514.0	2693.0	4165.0	33.2	41.2	51.9	55.8
2015-12-29	24587.0	14971.0	15117.0	6004.0	5148.0	3509.0	4219.0	29.3	39.0	47.5	54.2
2016-01-05	24928.0	16842.0	15263.0	5142.0	5078.0	2833.0	4476.0	38.6	37.7	53.7	51.8
2016-01-12	25434.0	17149.0	15608.0	5297.0	4977.0	2791.0	4652.0	32.2	40.2	47.5	54.0
2016-01-19	28114.0	14938.0	17892.0	10398.0	4395.0	2434.0	5483.0	33.9	37.3	52.7	50.6
2016-01-26	30437.0	15166.0	20566.0	12538.0	4207.0	2398.0	5329.0	38.8	41.4	58.3	54.3
2016-02-02	30979.0	13492.0	21928.0	14585.0	4046.0	2510.0	4613.0	44.5	44.0	60.8	57.0
2016-02-09	33544.0	13666.0	22805.0	16620.0	6621.0	2844.0	3704.0	44.8	52.8	62.1	65.9
2016-02-16	33596.0	14465.0	22782.0	16161.0	6295.0	2606.0	4155.0	48.3	50.8	65.0	61.9
2016-02-23	32618.0	15968.0	22583.0	13626.0	6031.0	2853.0	3833.0	43.7	52.6	58.8	65.2
2016-03-01	31473.0	16593.0	20750.0	12386.0	6500.0	2298.0	4027.0	41.7	42.0	59.7	55.5
2016-03-08	34957.0	20419.0	22419.0	9122.0	6897.0	3044.0	3269.0	35.8	42.4	50.6	56.4
2016-03-15	28451.0	20524.0	19234.0	5082.0	4797.0	2293.0	3868.0	46.9	40.9	64.2	54.8
2016-03-22	27163.0	19375.0	18358.0	4040.0	5493.0	3600.0	3164.0	44.5	44.0	62.2	57.6
2016-03-29	28248.0	20255.0	18381.0	4700.0	6357.0	3075.0	3292.0	39.7	42.9	57.1	56.3
2016-04-05	28309.0	20152.0	17249.0	4971.0	7764.0	3152.0	3262.0	40.7	39.0	59.1	53.8
2016-04-12	29575.0	21472.0	17180.0	4666.0	8640.0	3389.0	3707.0	42.2	42.4	58.7	58.0
2016-04-19	31313.0	22674.0	17323.0	4673.0	10632.0	3848.0	3240.0	42.2	47.8	58.5	62.0
2016-04-26	33789.0	24459.0	17075.0	4851.0	14224.0	4399.0	2410.0	43.0	52.5	58.5	66.8
2016-05-03	36578.0	25306.0	16106.0	6791.0	17334.0	4420.0	3077.0	41.0	54.3	54.9	65.3
2016-05-10	45419.0	33573.0	24221.0	7951.0	17640.0	3615.0	3278.0	52.2	63.3	63.9	73.0
2016-05-17	43986.0	32545.0	25857.0	7388.0	14213.0	3750.0	3613.0	51.2	59.4	63.1	69.6
2016-05-24	42189.0	30414.0	25838.0	8040.0	12224.0	3471.0	3863.0	50.4	59.6	62.9	70.2
2016-05-31	44604.0	31919.0	26415.0	9061.0	14500.0	3495.0	3560.0	47.8	60.7	60.8	71.5
2016-06-07	57750.0	38562.0	30026.0	9710.0	19654.0	4807.0	3399.0	43.8	53.9	54.9	65.2
2016-06-14	41919.0	29558.0	33376.0	7076.0	5538.0	5261.0	2981.0	36.2	57.7	50.6	69.0
2016-06-21	43562.0	30013.0	33058.0	8232.0	7418.0	5199.0	2968.0	35.4	58.2	49.7	69.6
2016-06-28	43462.0	29798.0	32624.0	8594.0	8316.0	5046.0	2498.0	38.8	58.5	54.2	70.1
2016-07-05	44234.0	30606.0	32009.0	8336.0	8965.0	4873.0	2841.0	36.8	59.2	51.5	71.1
2016-07-12	44750.0	31694.0	30683.0	7455.0	11110.0	5552.0	2908.0	35.4	59.6	49.5	72.5
2016-07-19	41199.0	29156.0	26983.0	7029.0	11129.0	4666.0	2739.0	38.2	60.6	51.6	72.5
2016-07-26	39825.0	26598.0	26383.0	8610.0	9833.0	4394.0	3386.0	33.1	60.2	48.4	72.0
2016-08-02	40392.0	27049.0	26832.0	7911.0	9898.0	5105.0	3335.0	32.7	59.4	47.8	70.4
2016-08-09	41475.0	28314.0	28927.0	7865.0	9045.0	4916.0	3123.0	33.8	58.4	49.0	69.2
2016-08-16	43268.0	28980.0	29675.0	8865.0	9909.0	5296.0	3557.0	38.2	58.2	53.1	69.4
2016-08-23	44393.0	29926.0	30804.0	9141.0	9758.0	5209.0	3714.0	36.7	57.1	51.9	69.0
2016-08-30	46496.0	31747.0	29854.0	8751.0	12285.0	5665.0	4024.0	34.2	56.5	49.7	69.1
2016-09-06	51939.0	37243.0	31115.0	8475.0	16386.0	6144.0	4361.0	34.3	56.5	48.4	68.6
2016-09-13	61941.0	34900.0	29771.0	10563.0	18029.0	5933.0	3596.0	27.9	46.9	38.6	55.5
2016-09-20	49526.0	34778.0	42694.0	9079.0	3156.0	5596.0	3603.0	35.8	63.0	49.3	73.3
2016-09-27	49416.0	34159.0	40952.0	9649.0	4995.0	5533.0	3394.0	33.6	64.1	49.5	74.5
2016-10-04	49242.0	32224.0	40054.0	10859.0	5712.0	6081.0	3398.0	31.4	64.4	46.8	74.2
2016-10-11	47124.0	30962.0	38698.0	10585.0	4586.0	5378.0	3641.0	24.7	65.8	40.3	76.5
2016-10-18	47413.0	29513.0	29666.0	12805.0	13729.0	4937.0	3860.0	27.8	65.5	43.2	76.4
2016-10-25	47257.0	29504.0	29924.0	12928.0	13816.0	4709.0	3401.0	29.5	65.5	47.5	75.7
2016-11-01	46788.0	28557.0	29522.0	13015.0	13448.0	4845.0	3447.0	30.2	66.0	47.7	77.2
2016-11-08	52113.0	36124.0	33619.0	9833.0	14127.0	5999.0	4210.0	38.0	66.4	51.6	76.4
2016-11-15	48563.0	33547.0	31504.0	9845.0	13582.0	4677.0	2983.0	41.9	70.9	56.2	80.5
2016-11-22	50007.0	31779.0	32312.0	13359.0	13882.0	4326.0	3270.0	36.6	69.0	54.7	78.6
2016-11-29	49885.0	30231.0	32103.0	15554.0	13979.0	3755.0	3458.0	41.2	69.1	58.1	78.6
2016-12-06	48740.0	27641.0	31593.0	16585.0	14267.0	4239.0	2605.0	44.6	71.1	60.0	81.1
2016-12-13	54226.0	29402.0	33104.0	18064.0	15942.0	4726.0	3146.0	38.2	64.6	52.4	73.6
2016-12-20	41806.0	28313.0	35266.0	9684.0	3149.0	3560.0	3142.0	33.3	70.2	50.6	77.5
2016-12-27	43266.0	25448.0	36449.0	14716.0	2984.0	2896.0	3627.0	31.3	68.2	49.6	75.6
2017-01-03	44227.0	25522.0	36935.0	15554.0	3414.0	3113.0	3840.0	30.6	66.7	51.3	73.7
2017-01-10	43936.0	22989.0	36949.0	17423.0	3672.0	3370.0	3161.0	33.6	67.1	53.0	75.3
2017-01-17	45994.0	25517.0	37805.0	16566.0	4544.0	3872.0	3606.0	35.7	64.7	54.1	74.7
2017-01-24	44940.0	25851.0	35734.0	14606.0	5809.0	4445.0	3359.0	37.4	62.5	54.4	75.1
2017-01-31	51587.0	32712.0	33734.0	13518.0	14149.0	5350.0	3697.0	38.1	50.5	55.2	69.9
