2006-03-14	24123.0	6280.0	1208.0	16977.0	22234.0	630.0	445.0	73.1	89.8	85.3	91.2
2006-03-21	22683.0	6250.0	738.0	15431.0	21088.0	763.0	618.0	77.9	94.5	89.9	96.0
2006-03-28	22699.0	6326.0	474.0	15343.0	21374.0	810.0	631.0	77.3	94.4	89.4	96.0
2006-04-04	23380.0	7206.0	1122.0	15185.0	21740.0	892.0	421.0	78.2	95.0	90.1	97.8
2006-04-11	23508.0	5560.0	1048.0	15142.0	21909.0	2748.0	493.0	71.7	95.0	83.5	97.7
2006-04-18	24975.0	7110.0	1140.0	16941.0	23505.0	825.0	231.0	73.1	90.1	84.2	92.2
2006-05-30	21375.0	5734.0	498.0	14688.0	20585.0	830.0	169.0	73.3	98.6	86.8	98.6
2006-06-06	21774.0	5929.0	380.0	14682.0	20613.0	1133.0	751.0	72.0	96.4	84.8	96.4
2006-06-13	22364.0	4507.0	510.0	14677.0	20428.0	3053.0	1299.0	63.8	93.1	76.0	93.5
2006-06-27	20517.0	4858.0	738.0	14913.0	19299.0	653.0	387.0	75.6	97.1	89.5	97.7
2006-07-03	20570.0	4858.0	738.0	14898.0	19312.0	721.0	427.0	75.1	96.9	88.9	97.5
2006-07-11	21984.0	4157.0	800.0	15349.0	20580.0	2478.0	604.0	67.5	93.8	80.4	95.1
2006-08-01	20685.0	4564.0	218.0	15337.0	20167.0	784.0	300.0	73.9	98.2	87.6	98.2
2006-08-08	20528.0	3924.0	100.0	15532.0	19977.0	978.0	357.0	70.5	97.4	85.0	97.4
2006-08-15	20450.0	3964.0	450.0	15622.0	19681.0	771.0	226.0	70.5	96.2	85.1	97.6
2006-08-22	19696.0	3632.0	875.0	15458.0	18483.0	606.0	338.0	73.9	96.8	86.6	97.4
2006-08-29	19621.0	3706.0	1105.0	15426.0	18034.0	396.0	389.0	74.2	95.5	87.1	97.0
2006-09-05	19665.0	3735.0	1403.0	15398.0	17831.0	439.0	338.0	74.6	95.8	87.9	97.7
2006-09-12	20367.0	3634.0	1851.0	15306.0	17333.0	1310.0	1066.0	71.2	90.8	84.5	94.0
2006-09-19	18950.0	3374.0	1773.0	14995.0	16306.0	488.0	778.0	75.8	91.3	89.9	95.2
2006-09-26	19274.0	3436.0	1647.0	15180.0	16936.0	551.0	584.0	75.0	93.0	89.7	96.3
2006-10-03	19275.0	3491.0	1758.0	15333.0	16636.0	396.0	826.0	76.7	91.3	90.9	95.3
2006-10-17	20294.0	4921.0	1853.0	14731.0	17258.0	642.0	1183.0	79.2	91.0	91.0	94.0
2006-10-24	20594.0	5681.0	2629.0	14583.0	17173.0	289.0	751.0	81.8	89.9	93.2	95.5
2006-10-31	21827.0	6718.0	3361.0	14665.0	17676.0	403.0	749.0	81.8	87.7	92.6	95.1
2006-11-07	23975.0	6501.0	3336.0	14597.0	17520.0	2836.0	3078.0	74.4	79.0	83.4	86.0
2006-11-14	23297.0	7331.0	3252.0	15111.0	18677.0	814.0	1327.0	79.1	83.1	88.1	89.6
2006-11-21	21972.0	7304.0	2348.0	14121.0	18761.0	361.0	677.0	84.0	90.3	93.5	94.9
2006-11-28	21909.0	7323.0	1575.0	14042.0	19403.0	358.0	745.0	84.1	91.4	93.7	95.5
2006-12-05	21873.0	7002.0	1717.0	14320.0	19406.0	510.0	709.0	83.5	92.7	92.9	95.8
2006-12-12	21907.0	6874.0	1746.0	14284.0	19050.0	708.0	1070.0	83.2	92.1	91.9	94.5
2006-12-19	21208.0	6440.0	1655.0	14279.0	18660.0	448.0	852.0	83.2	93.2	92.2	95.4
2006-12-26	21958.0	6580.0	1846.0	14967.0	18920.0	370.0	1151.0	80.4	91.5	90.0	94.2
2007-01-03	22084.0	6582.0	2347.0	14982.0	18711.0	479.0	985.0	80.5	90.5	90.1	94.8
2007-01-09	22507.0	6177.0	2810.0	15727.0	18840.0	533.0	787.0	75.6	89.7	88.0	94.6
2007-01-16	22556.0	4691.0	1925.0	15365.0	19051.0	2459.0	1539.0	65.6	88.5	80.3	91.9
2007-01-23	20182.0	5109.0	1849.0	14517.0	17342.0	515.0	950.0	81.0	89.7	91.5	92.7
2007-01-30	19971.0	5104.0	1709.0	14324.0	17134.0	266.0	851.0	81.6	88.9	92.4	92.7
2007-02-06	21593.0	5796.0	2139.0	14473.0	18032.0	1048.0	1146.0	76.3	89.0	88.8	93.4
2007-02-13	22857.0	5192.0	2225.0	15744.0	19101.0	1616.0	1226.0	66.8	82.0	78.6	86.1
2007-02-20	20175.0	5534.0	1505.0	14159.0	17799.0	171.0	560.0	77.5	89.7	90.9	94.5
2007-02-27	20382.0	5800.0	1523.0	14025.0	18079.0	241.0	464.0	78.0	89.5	91.2	93.3
2007-03-06	21484.0	6511.0	1959.0	14264.0	18483.0	398.0	731.0	74.4	88.4	90.0	93.1
2007-03-13	22229.0	6437.0	2138.0	14373.0	18555.0	1293.0	1410.0	71.6	85.6	86.3	90.7
2007-03-20	19751.0	4578.0	2103.0	14249.0	16686.0	618.0	656.0	71.3	89.1	88.4	94.0
2007-03-27	20714.0	5226.0	1830.0	14273.0	17595.0	909.0	983.0	71.6	87.5	87.9	92.5
2007-04-03	20759.0	5430.0	1469.0	14116.0	17943.0	933.0	1067.0	70.5	87.8	86.8	91.8
2007-04-10	21320.0	5271.0	1678.0	14033.0	18204.0	1727.0	1149.0	68.5	86.2	84.5	90.4
2007-04-17	21299.0	5546.0	1657.0	14505.0	17871.0	954.0	1477.0	68.0	85.0	84.1	88.6
2007-04-24	20193.0	4900.0	1077.0	14171.0	17944.0	852.0	902.0	68.0	89.6	85.0	93.4
2007-05-01	20297.0	4948.0	1101.0	14278.0	17981.0	801.0	945.0	68.6	89.4	85.6	93.3
