2007-05-08	20974.0	4550.0	771.0	14105.0	18072.0	2042.0	1854.0	66.7	87.9	82.6	89.8
2007-05-15	21441.0	5002.0	701.0	14616.0	18715.0	1553.0	1755.0	63.1	84.5	78.6	86.7
2007-05-22	19333.0	4688.0	811.0	13752.0	17636.0	623.0	616.0	70.4	91.5	87.4	94.8
2007-05-29	19508.0	4472.0	851.0	14120.0	17899.0	646.0	488.0	70.5	91.9	88.4	95.5
2007-06-05	20420.0	5048.0	1038.0	14409.0	18503.0	693.0	609.0	70.1	90.1	88.9	94.5
2007-06-12	21011.0	5048.0	1233.0	14412.0	18405.0	1232.0	1054.0	68.1	87.1	86.3	91.4
2007-06-19	20489.0	5697.0	926.0	13813.0	18681.0	709.0	612.0	67.7	91.7	87.5	95.2
2007-06-26	20203.0	5609.0	955.0	13614.0	18464.0	710.0	514.0	69.2	92.2	88.1	95.6
2007-07-03	20281.0	5389.0	1122.0	13715.0	18363.0	902.0	521.0	68.7	92.5	87.8	95.5
2007-07-10	22070.0	5478.0	1449.0	13602.0	18320.0	2774.0	2085.0	63.2	86.8	81.0	89.5
2007-07-17	21812.0	5756.0	1750.0	14287.0	18906.0	1499.0	886.0	63.9	89.6	82.1	92.6
2007-07-24	20751.0	5767.0	1148.0	13636.0	18788.0	1077.0	544.0	67.3	94.3	86.3	96.1
2007-07-31	21014.0	5764.0	1112.0	13606.0	18823.0	1374.0	809.0	66.7	93.2	85.8	94.9
2007-08-07	21560.0	5463.0	535.0	14173.0	19281.0	1321.0	1141.0	64.4	90.3	81.6	91.9
2007-08-14	24754.0	5460.0	859.0	14215.0	19275.0	3295.0	2836.0	56.1	78.7	70.8	81.3
2007-08-21	19662.0	4918.0	2401.0	13799.0	16659.0	675.0	332.0	70.4	91.6	88.8	96.6
2007-08-28	20513.0	5073.0	2343.0	14531.0	17436.0	639.0	464.0	71.0	91.0	88.5	96.1
2007-09-04	21013.0	5688.0	2783.0	14076.0	17530.0	1249.0	700.0	70.8	90.6	87.9	96.7
2007-09-11	21538.0	5734.0	2938.0	13944.0	17529.0	1853.0	1064.0	69.4	88.2	86.1	93.6
2007-09-18	24097.0	6235.0	2803.0	16742.0	20664.0	1120.0	630.0	62.0	80.4	77.1	85.8
2007-09-25	21669.0	6701.0	1695.0	14093.0	19742.0	873.0	230.0	69.1	92.8	86.4	98.3
2007-10-02	22122.0	6714.0	1844.0	14413.0	19996.0	971.0	258.0	69.3	92.9	85.8	98.2
2007-10-09	22409.0	6305.0	1783.0	14386.0	19950.0	1718.0	676.0	68.8	91.4	84.9	96.5
2007-10-16	22108.0	6575.0	1784.0	14315.0	19942.0	1218.0	382.0	68.8	94.0	85.3	97.8
2007-10-23	22032.0	6458.0	1740.0	14190.0	19845.0	1384.0	447.0	68.8	94.2	85.7	97.5
2007-10-30	22063.0	6369.0	1716.0	14257.0	19674.0	1437.0	673.0	68.8	95.1	85.8	96.9
2007-11-06	21694.0	5985.0	1534.0	14295.0	19744.0	1414.0	416.0	69.3	96.3	86.3	97.6
2007-11-13	23280.0	5943.0	1399.0	15422.0	20993.0	1915.0	888.0	64.6	90.2	79.8	91.3
2007-11-20	21562.0	6028.0	715.0	14240.0	20566.0	1294.0	281.0	69.1	96.1	85.3	98.3
2007-11-27	21487.0	6066.0	659.0	14251.0	20510.0	1170.0	318.0	69.1	96.2	85.2	98.1
2007-12-04	21100.0	5662.0	445.0	14216.0	20293.0	1185.0	325.0	69.9	97.0	85.8	97.6
2007-12-11	21476.0	5510.0	284.0	14229.0	20265.0	1737.0	927.0	68.9	95.1	84.5	95.1
2007-12-18	21439.0	5784.0	709.0	14223.0	19924.0	1432.0	806.0	68.7	94.3	84.6	95.5
2007-12-24	21178.0	5878.0	783.0	14179.0	20064.0	1121.0	331.0	69.3	95.9	85.3	97.7
2007-12-31	21580.0	6264.0	992.0	14133.0	20339.0	1183.0	249.0	67.8	95.7	83.6	98.1
2008-01-15	22626.0	5682.0	825.0	14050.0	20201.0	2894.0	1600.0	65.0	90.2	80.0	91.6
2008-01-22	21093.0	5360.0	355.0	14172.0	20276.0	1561.0	462.0	69.3	95.9	85.2	96.6
2008-01-29	21376.0	5766.0	638.0	14283.0	20396.0	1326.0	341.0	68.2	95.4	83.9	97.2
2008-02-05	21114.0	5741.0	343.0	14149.0	20424.0	1223.0	346.0	69.0	96.0	84.6	97.0
2008-02-12	22185.0	6023.0	282.0	14143.0	20830.0	2014.0	1068.0	65.6	92.6	80.8	93.8
2008-02-19	21092.0	5569.0	410.0	13899.0	20292.0	1624.0	390.0	68.7	95.2	83.7	96.7
2008-02-26	20656.0	5925.0	142.0	13056.0	19988.0	1675.0	526.0	66.1	96.0	81.6	96.0
2008-03-04	19765.0	6245.0	139.0	11652.0	19004.0	1835.0	589.0	62.8	94.6	77.6	95.3
2008-03-11	19444.0	6348.0	139.0	10671.0	18202.0	2425.0	1103.0	63.7	92.5	75.4	93.2
2008-03-18	19115.0	6677.0	139.0	10034.0	18103.0	2382.0	851.0	65.6	92.8	77.2	93.0
2008-03-25	17290.0	6248.0	262.0	9273.0	16261.0	1769.0	767.0	67.5	91.9	79.5	92.8
2008-04-01	17318.0	6691.0	247.0	9204.0	16119.0	1413.0	942.0	67.1	91.6	80.6	92.5
2008-04-15	18190.0	6700.0	160.0	9576.0	16863.0	1661.0	914.0	63.8	89.7	77.3	89.8
2008-04-22	17213.0	6891.0	139.0	9140.0	16505.0	1182.0	569.0	66.9	94.8	80.9	94.8
2008-04-29	18018.0	6873.0	139.0	9100.0	16428.0	2045.0	1451.0	58.6	90.1	71.8	90.1
2008-05-06	17447.0	6956.0	216.0	9220.0	16518.0	1237.0	679.0	60.7	94.1	74.5	94.1
2008-05-13	17956.0	6809.0	216.0	9000.0	16313.0	2147.0	1427.0	58.8	90.3	73.7	90.3
2008-05-20	16170.0	6378.0	344.0	8598.0	15256.0	1194.0	570.0	62.6	93.8	79.6	94.6
2008-05-27	16093.0	6280.0	204.0	8531.0	15131.0	1282.0	758.0	62.7	93.4	79.7	93.4
2008-06-03	16160.0	6490.0	328.0	8332.0	15109.0	1338.0	723.0	61.1	92.8	77.9	93.6
2008-06-24	15451.0	6332.0	418.0	8009.0	14166.0	1110.0	867.0	66.9	91.1	83.3	92.4
2008-07-01	15506.0	6431.0	572.0	7697.0	13999.0	1378.0	935.0	63.3	89.7	79.4	91.8
2008-07-08	16206.0	6343.0	574.0	7659.0	14068.0	2023.0	1383.0	60.3	86.3	75.2	88.3
2008-07-15	16371.0	6511.0	693.0	7889.0	14188.0	1927.0	1446.0	59.4	83.9	74.0	87.2
2008-07-22	14707.0	6034.0	784.0	7735.0	13149.0	938.0	774.0	66.1	88.1	81.8	91.8
2008-07-29	14849.0	6288.0	1490.0	7718.0	12626.0	843.0	733.0	65.1	86.7	81.8	91.4
2008-08-05	15082.0	6249.0	1750.0	7839.0	12564.0	992.0	766.0	65.0	87.1	81.6	91.3
2008-08-12	17510.0	5890.0	1213.0	7902.0	12504.0	3329.0	3404.0	56.5	72.4	69.3	75.9
2008-08-19	13909.0	5144.0	1310.0	7831.0	11785.0	932.0	812.0	70.9	87.1	83.8	91.8
2008-08-26	13964.0	5227.0	1139.0	7815.0	12138.0	920.0	685.0	70.5	89.2	83.0	92.8
2008-09-02	14287.0	5419.0	1282.0	7847.0	12256.0	1021.0	749.0	70.6	88.2	83.7	92.5
2008-09-09	15510.0	5335.0	1213.0	7926.0	12447.0	2244.0	1845.0	64.6	81.3	76.2	86.0
2008-09-16	15983.0	6353.0	1583.0	8069.0	12899.0	1410.0	1350.0	62.9	81.7	78.4	87.0
2008-09-23	15624.0	6332.0	1809.0	8602.0	12973.0	690.0	842.0	64.5	84.3	82.8	90.0
2008-09-30	15716.0	6404.0	1915.0	8478.0	13048.0	834.0	753.0	65.6	84.4	83.9	90.1
2008-10-07	16247.0	5988.0	1643.0	8232.0	12834.0	2016.0	1759.0	62.2	79.5	77.4	84.0
2008-10-14	16567.0	5919.0	1397.0	8480.0	13295.0	1783.0	1490.0	59.7	79.4	73.5	83.4
2008-10-21	14949.0	5857.0	2013.0	8463.0	12482.0	629.0	454.0	66.7	87.5	82.4	92.0
2008-10-28	14955.0	5834.0	1631.0	8515.0	12878.0	606.0	446.0	66.4	89.1	81.6	93.1
2008-11-04	15796.0	6584.0	1850.0	8380.0	13432.0	832.0	514.0	70.0	88.3	84.1	92.5
2008-11-11	16438.0	6033.0	1547.0	8138.0	13134.0	2266.0	1756.0	67.2	82.5	79.9	86.6
2008-11-18	15344.0	6515.0	1146.0	8235.0	13730.0	594.0	468.0	69.7	90.0	82.9	94.0
2008-11-25	15461.0	6475.0	1068.0	8364.0	13849.0	622.0	544.0	68.2	89.7	82.6	93.6
2008-12-02	15957.0	4799.0	738.0	9693.0	13895.0	1454.0	1313.0	64.4	86.9	78.5	88.7
2008-12-09	14156.0	2861.0	494.0	9828.0	12624.0	1334.0	905.0	61.9	88.0	75.8	89.5
2008-12-30	13873.0	3263.0	1201.0	10003.0	12292.0	606.0	379.0	69.0	91.1	83.8	94.6
2009-01-06	14368.0	3620.0	1020.0	10005.0	12736.0	742.0	611.0	68.6	93.0	82.8	94.7
2009-01-20	14103.0	3775.0	766.0	9535.0	12744.0	793.0	593.0	66.9	93.7	80.9	94.6
2009-01-27	14250.0	3768.0	780.0	9706.0	12807.0	776.0	663.0	66.1	93.2	81.3	94.1
2009-02-03	14538.0	4025.0	1306.0	9753.0	12522.0	738.0	688.0	65.3	91.0	81.6	94.3
2009-02-10	16228.0	3707.0	1190.0	9363.0	12098.0	3158.0	2940.0	57.0	78.2	71.2	80.9
2009-02-17	15584.0	3750.0	1298.0	9333.0	11937.0	2402.0	2250.0	57.9	80.7	72.2	84.2
2009-02-24	14068.0	3724.0	1130.0	9529.0	12147.0	815.0	791.0	67.1	90.7	82.7	93.5
2009-03-03	14287.0	3842.0	910.0	9594.0	12345.0	791.0	972.0	67.3	90.1	83.0	91.4
2009-03-10	17666.0	4209.0	723.0	9468.0	13046.0	3933.0	3841.0	53.5	76.3	66.0	76.8
2009-03-17	14668.0	4168.0	1067.0	9835.0	12941.0	665.0	660.0	65.8	93.1	80.5	94.7
2009-03-24	14891.0	4085.0	1591.0	9959.0	13023.0	847.0	277.0	65.6	94.1	78.8	97.5
2009-03-31	14511.0	3860.0	1035.0	9730.0	12912.0	915.0	558.0	66.5	92.9	80.2	94.5
2009-04-14	17204.0	4356.0	1521.0	9720.0	13187.0	2186.0	1554.0	55.1	83.8	66.6	84.5
2009-04-21	15606.0	4522.0	2527.0	10174.0	12383.0	910.0	696.0	60.9	93.0	75.3	93.8
2009-04-28	14798.0	4143.0	1008.0	9771.0	13287.0	882.0	501.0	64.3	94.0	77.8	95.5
2009-05-05	14523.0	3727.0	783.0	9570.0	13087.0	1138.0	565.0	62.9	93.9	76.7	94.8
2009-05-12	16629.0	4204.0	656.0	10774.0	15262.0	1651.0	711.0	54.6	89.0	66.6	89.0
2009-05-19	15936.0	4079.0	452.0	10295.0	14912.0	1359.0	369.0	58.5	95.7	71.3	95.7
2009-05-26	16672.0	4484.0	719.0	10590.0	15387.0	1598.0	566.0	56.1	96.0	69.2	96.0
2009-06-02	16177.0	4649.0	753.0	10156.0	15104.0	1372.0	320.0	57.2	95.9	71.2	97.2
2009-06-09	17569.0	4640.0	855.0	9943.0	14754.0	2986.0	1960.0	53.4	87.5	66.4	88.0
2009-06-16	17545.0	4567.0	877.0	11268.0	16254.0	1710.0	414.0	52.5	88.8	65.6	89.4
2009-06-23	15727.0	4396.0	229.0	10015.0	15329.0	1316.0	169.0	57.7	97.4	71.4	98.0
2009-06-30	15879.0	4235.0	114.0	10174.0	15545.0	1470.0	220.0	57.3	97.6	71.1	97.6
2009-07-07	15782.0	4012.0	114.0	10437.0	15129.0	1333.0	539.0	58.5	95.7	72.2	95.7
2009-07-14	17758.0	3940.0	726.0	12104.0	15958.0	1687.0	1047.0	52.9	86.5	66.2	87.6
2009-07-21	15078.0	3298.0	543.0	10727.0	13833.0	1053.0	702.0	62.7	93.0	77.9	94.4
2009-07-28	15422.0	3433.0	701.0	10830.0	14219.0	1159.0	502.0	61.6	94.4	76.9	95.8
2009-08-04	16959.0	4222.0	756.0	11223.0	15773.0	1514.0	430.0	57.9	96.2	72.3	97.4
2009-08-11	17743.0	4621.0	738.0	11342.0	16406.0	1778.0	597.0	56.0	96.0	69.2	96.6
2009-08-18	17218.0	4296.0	114.0	11262.0	16879.0	1660.0	225.0	57.5	98.7	71.3	98.7
2009-08-25	17719.0	4457.0	255.0	11708.0	17211.0	1554.0	253.0	57.5	98.6	71.2	98.6
2009-09-01	17168.0	3929.0	233.0	11690.0	16615.0	1549.0	320.0	57.6	98.1	72.1	98.1
2009-09-08	16591.0	3412.0	221.0	11616.0	15713.0	1563.0	657.0	58.9	96.0	74.0	96.0
2009-09-15	17175.0	3684.0	546.0	12044.0	15958.0	1445.0	669.0	56.5	92.4	70.8	93.0
2009-09-22	16550.0	3967.0	651.0	11286.0	15497.0	1297.0	402.0	58.4	96.2	73.6	97.5
2009-09-29	17498.0	3604.0	1127.0	12799.0	15731.0	1095.0	640.0	62.9	95.0	78.4	96.3
2009-10-06	17835.0	3612.0	1097.0	12962.0	16097.0	1261.0	641.0	62.6	95.1	77.8	96.3
2009-10-13	19097.0	4110.0	845.0	13212.0	17729.0	1775.0	523.0	57.3	92.1	70.9	94.1
2009-10-20	19778.0	6012.0	885.0	12158.0	18664.0	1608.0	229.0	55.6	97.8	68.6	98.8
2009-10-27	20744.0	6718.0	985.0	12182.0	19376.0	1844.0	383.0	53.0	97.6	66.0	98.2
2009-11-03	20045.0	6204.0	666.0	12176.0	19117.0	1665.0	262.0	55.1	97.6	68.2	98.7
2009-11-09	20035.0	5862.0	493.0	12340.0	18917.0	1833.0	625.0	55.1	96.3	68.5	96.9
2009-11-17	19062.0	5579.0	282.0	11725.0	18339.0	1758.0	441.0	59.2	97.7	72.5	97.7
2009-11-24	19054.0	5407.0	237.0	11952.0	18387.0	1695.0	430.0	59.7	97.2	73.0	97.7
2009-12-01	19413.0	5602.0	363.0	11627.0	18706.0	2184.0	344.0	56.8	96.9	69.8	98.1
2009-12-08	19694.0	5141.0	108.0	11783.0	18766.0	2770.0	820.0	55.6	95.4	68.2	95.4
2009-12-15	19535.0	4899.0	558.0	12293.0	18240.0	2264.0	658.0	54.8	95.7	67.8	95.7
2009-12-22	17721.0	3914.0	633.0	11815.0	16488.0	1992.0	600.0	61.1	96.0	74.5	96.6
2009-12-29	18330.0	4533.0	340.0	11808.0	17525.0	1989.0	465.0	59.1	96.2	72.2	97.4
2010-01-05	19102.0	5382.0	526.0	11522.0	18079.0	2145.0	444.0	57.2	96.3	70.3	97.4
2010-01-12	19944.0	5894.0	931.0	11134.0	18622.0	2823.0	298.0	54.9	96.8	66.2	97.9
2010-01-19	19150.0	4962.0	315.0	11430.0	18383.0	2743.0	437.0	56.2	96.7	67.3	97.2
2010-01-26	17376.0	4123.0	318.0	11025.0	16551.0	2207.0	486.0	60.4	97.1	72.2	97.1
2010-02-02	18556.0	4028.0	1651.0	13096.0	15988.0	1347.0	832.0	62.5	93.6	75.7	94.8
2010-02-09	18762.0	4208.0	1238.0	12870.0	16031.0	1461.0	1270.0	63.2	90.3	75.0	91.5
2010-02-16	18623.0	3952.0	852.0	12894.0	16108.0	1486.0	1372.0	63.1	89.7	74.8	90.2
2010-02-23	15244.0	3170.0	1264.0	10713.0	12889.0	1360.0	1090.0	66.8	90.2	79.9	92.8
2010-03-02	15730.0	3261.0	1332.0	10930.0	13236.0	1539.0	1162.0	66.9	90.8	79.7	92.6
2010-03-09	16585.0	3869.0	1660.0	10941.0	13557.0	1775.0	1368.0	63.5	89.7	76.6	91.8
2010-03-16	18556.0	4494.0	1568.0	12480.0	15719.0	1582.0	1269.0	65.3	90.4	79.3	93.2
2010-03-23	18761.0	4417.0	1706.0	12593.0	16117.0	1751.0	938.0	64.7	91.1	78.4	95.0
2010-03-30	18149.0	4124.0	1634.0	12458.0	15561.0	1567.0	954.0	66.8	93.0	79.3	94.7
2010-04-06	20811.0	4895.0	2485.0	11965.0	17791.0	3843.0	427.0	58.4	93.6	68.6	97.4
2010-04-13	26958.0	7176.0	2540.0	10425.0	18370.0	5449.0	2140.0	42.3	74.3	52.3	77.6
2010-04-20	19744.0	4813.0	5774.0	10639.0	13469.0	4292.0	501.0	54.2	95.8	65.2	97.5
2010-04-27	19662.0	4903.0	5781.0	10542.0	13467.0	4217.0	414.0	54.7	96.3	65.6	97.9
2010-05-04	19599.0	5002.0	5740.0	10551.0	13371.0	3933.0	375.0	53.5	95.9	64.3	97.5
2010-05-11	22177.0	5380.0	5996.0	11287.0	13544.0	5192.0	2319.0	49.4	85.9	61.9	88.1
2010-05-18	17637.0	3587.0	7147.0	10033.0	9162.0	3488.0	799.0	56.2	89.1	65.9	92.5
2010-05-25	17109.0	3643.0	7205.0	10037.0	8767.0	3294.0	1002.0	59.9	90.0	69.7	93.4
2010-06-01	17159.0	3445.0	7535.0	10080.0	8648.0	3634.0	976.0	58.8	91.0	69.1	94.3
2010-06-08	18761.0	3790.0	8073.0	10244.0	8661.0	4726.0	2026.0	54.0	83.4	63.3	88.6
2010-06-15	19765.0	3802.0	7441.0	11375.0	10279.0	3851.0	1308.0	51.0	79.3	60.0	83.0
2010-06-22	16422.0	2966.0	5307.0	10029.0	10325.0	3427.0	790.0	61.1	90.3	71.4	95.1
2010-06-29	16251.0	2725.0	5142.0	9903.0	10302.0	3397.0	581.0	60.9	90.0	70.8	94.2
2010-07-06	15967.0	2513.0	5138.0	9949.0	10349.0	3505.0	480.0	62.3	91.7	72.5	96.3
2010-07-13	17123.0	2848.0	5219.0	9907.0	10334.0	4368.0	1570.0	56.1	86.6	65.5	90.2
2010-07-20	16223.0	4145.0	4242.0	11052.0	10989.0	1026.0	992.0	62.5	89.9	75.7	93.2
2010-07-27	16001.0	4153.0	4106.0	10748.0	10989.0	1100.0	906.0	63.4	91.0	76.3	94.3
2010-08-03	15996.0	4217.0	3716.0	10566.0	11331.0	1210.0	946.0	63.1	92.5	75.3	93.9
2010-08-10	15987.0	4201.0	3035.0	10120.0	11615.0	1619.0	1290.0	62.4	89.0	73.0	91.1
2010-08-24	13949.0	3366.0	4754.0	9742.0	8464.0	841.0	731.0	69.1	91.9	81.8	94.5
2010-08-31	13933.0	3231.0	4828.0	9914.0	8324.0	788.0	781.0	69.0	92.5	82.8	94.4
2010-09-14	15831.0	3116.0	4775.0	9820.0	8592.0	1859.0	1428.0	60.1	81.4	70.3	82.4
2010-09-21	13341.0	2768.0	5743.0	9321.0	6796.0	1252.0	802.0	71.1	87.5	83.2	94.0
2010-09-28	13290.0	2672.0	5747.0	9356.0	6814.0	1262.0	729.0	71.5	87.6	83.8	94.5
2010-10-05	13999.0	3445.0	6008.0	9473.0	7281.0	1010.0	639.0	68.6	87.5	80.5	94.9
2010-10-12	15742.0	4136.0	6283.0	10027.0	8455.0	1579.0	1004.0	61.0	80.7	72.4	90.1
2010-10-19	14874.0	4225.0	4736.0	9430.0	9310.0	1219.0	828.0	64.4	92.4	76.9	94.4
2010-10-26	15147.0	4451.0	4978.0	9418.0	9437.0	1278.0	732.0	65.7	92.1	77.9	95.1
2010-11-02	14878.0	4012.0	4710.0	9510.0	9491.0	1356.0	677.0	64.3	92.9	76.9	95.4
2010-11-09	15228.0	4289.0	4822.0	9408.0	9432.0	1526.0	969.0	63.0	91.7	75.7	93.6
2010-11-16	14765.0	4228.0	2752.0	9390.0	11571.0	1147.0	442.0	65.9	97.0	79.2	97.0
2010-11-30	14556.0	3810.0	2647.0	9349.0	11496.0	1391.0	407.0	64.8	97.2	76.7	97.2
2010-12-14	15865.0	4008.0	2735.0	9157.0	11626.0	1966.0	770.0	59.7	90.5	71.5	90.5
2011-01-04	14817.0	4149.0	3469.0	9093.0	11071.0	1561.0	263.0	63.5	98.1	76.0	98.1
2011-01-18	16069.0	3841.0	3458.0	9180.0	11709.0	2883.0	737.0	57.8	90.9	69.6	93.5
2011-01-25	14593.0	3787.0	2976.0	8248.0	10975.0	2494.0	578.0	58.3	94.6	71.0	95.4
2011-02-01	14827.0	4114.0	3314.0	8224.0	10939.0	2484.0	569.0	57.1	94.4	69.6	96.0
2011-02-08	15177.0	4106.0	3214.0	8084.0	11010.0	2868.0	834.0	55.7	91.8	67.5	93.7
2011-02-15	15315.0	4216.0	3145.0	7991.0	11077.0	2974.0	959.0	54.6	90.9	67.5	92.9
2011-02-22	14283.0	3828.0	3107.0	7967.0	10893.0	2488.0	283.0	58.4	95.3	72.3	97.9
2011-03-01	14328.0	3916.0	3122.0	7907.0	10890.0	2505.0	316.0	57.8	95.8	72.2	97.6
2011-03-08	14716.0	4370.0	3117.0	7376.0	10878.0	2916.0	667.0	52.7	92.8	67.4	95.1
2011-03-15	14407.0	4268.0	2879.0	7012.0	10680.0	3115.0	836.0	49.1	92.9	63.0	93.6
2011-03-22	13421.0	3984.0	2789.0	6637.0	10215.0	2788.0	405.0	51.9	96.9	65.9	96.9
2011-03-29	13372.0	4028.0	2789.0	6540.0	10218.0	2792.0	353.0	50.6	97.2	65.1	97.2
2011-04-05	13417.0	6888.0	2807.0	4523.0	10267.0	1994.0	331.0	47.4	97.4	64.9	97.4
2011-04-12	13840.0	6860.0	2809.0	4828.0	10312.0	2104.0	671.0	45.4	94.1	61.7	94.1
2011-04-19	12040.0	5606.0	691.0	4315.0	10768.0	2107.0	569.0	51.2	94.1	67.9	95.2
2011-05-10	13184.0	5537.0	819.0	4876.0	10719.0	1888.0	763.0	44.9	85.5	60.2	86.4
2011-05-17	10597.0	4884.0	2098.0	4247.0	8042.0	1453.0	444.0	55.5	93.7	72.3	95.7
2011-05-24	10671.0	4979.0	2160.0	4239.0	8071.0	1376.0	363.0	55.0	93.9	71.3	95.9
2011-05-31	10685.0	5044.0	2165.0	4237.0	8106.0	1393.0	403.0	55.0	94.2	71.2	96.1
2011-06-21	10211.0	4615.0	408.0	4162.0	9466.0	1434.0	337.0	52.8	96.7	68.6	96.7
2011-06-28	10595.0	4882.0	715.0	4226.0	9493.0	1477.0	377.0	52.2	93.7	69.3	96.1
2011-09-27	9013.0	3847.0	1214.0	4122.0	7287.0	1044.0	512.0	58.8	88.3	76.9	94.2
2012-02-14	10903.0	4484.0	1110.0	5048.0	9457.0	1358.0	323.0	49.2	83.3	64.0	86.0
2012-02-21	9711.0	4357.0	989.0	4113.0	8567.0	1241.0	155.0	55.2	95.7	71.9	98.4
2012-02-28	9528.0	5353.0	645.0	2754.0	8742.0	1421.0	141.0	43.1	97.4	62.6	98.5
2012-03-06	10350.0	6251.0	743.0	2684.0	9340.0	1415.0	267.0	50.6	96.1	68.6	97.4
2012-03-13	11692.0	6394.0	828.0	3673.0	10451.0	1625.0	413.0	45.1	87.0	61.1	88.1
2012-09-11	9650.0	6056.0	1522.0	2491.0	7618.0	1103.0	510.0	53.7	93.4	72.8	94.7
2012-09-18	10475.0	5880.0	1377.0	3248.0	8835.0	1347.0	263.0	49.2	88.2	64.2	89.2
2012-10-02	9296.0	5857.0	991.0	2390.0	8127.0	1049.0	178.0	56.3	98.1	71.4	98.1
2012-10-16	9597.0	5481.0	1592.0	3168.0	7790.0	948.0	215.0	56.1	96.1	75.9	97.8
2013-05-21	9561.0	5280.0	1845.0	3668.0	7033.0	613.0	683.0	64.3	91.3	83.3	92.9
2013-05-28	10649.0	6393.0	2340.0	3495.0	7436.0	644.0	756.0	64.4	87.7	83.5	91.8
2013-06-04	10583.0	6421.0	2347.0	3475.0	7465.0	552.0	636.0	65.1	88.4	84.3	92.7
2013-06-18	10295.0	6249.0	1899.0	3470.0	7903.0	505.0	422.0	62.4	93.5	82.5	95.2
2013-06-25	9557.0	5504.0	1261.0	3457.0	7693.0	596.0	603.0	61.5	93.7	82.2	93.7
2013-07-16	9987.0	5935.0	1266.0	3125.0	8054.0	782.0	522.0	61.8	91.2	78.3	93.3
2013-07-23	10439.0	6474.0	1593.0	3125.0	8345.0	773.0	434.0	62.1	93.6	79.0	95.2
2013-08-06	10221.0	6149.0	1580.0	3076.0	8249.0	929.0	325.0	63.5	96.2	79.3	96.2
2013-08-13	10054.0	5539.0	1070.0	3069.0	7883.0	813.0	468.0	58.7	89.0	73.2	89.0
2013-08-20	9862.0	5802.0	1894.0	3199.0	7567.0	823.0	363.0	59.8	94.6	74.5	94.6
2013-08-27	10045.0	5967.0	2063.0	3156.0	7583.0	884.0	361.0	58.8	95.1	75.0	95.1
2013-09-03	10443.0	6610.0	2292.0	2987.0	7774.0	794.0	325.0	57.2	96.4	75.8	96.4
2013-09-17	9572.0	5831.0	1771.0	2722.0	7524.0	979.0	237.0	60.1	97.1	77.9	97.1
2014-02-25	9477.0	5750.0	2885.0	2717.0	6395.0	960.0	147.0	67.4	92.6	78.8	97.9
2014-03-04	9321.0	5429.0	2439.0	2705.0	6461.0	990.0	224.0	67.6	93.7	77.0	95.5
2014-06-17	9466.0	5523.0	2856.0	2708.0	6346.0	1085.0	114.0	66.2	95.0	75.3	97.2
2014-06-24	10160.0	6021.0	3083.0	2747.0	6654.0	1166.0	197.0	65.4	93.6	74.0	95.8
2014-07-01	10231.0	5818.0	3017.0	2789.0	6671.0	1218.0	137.0	62.5	92.9	71.4	94.7
2015-01-13	11993.0	7505.0	3906.0	3512.0	7637.0	828.0	302.0	74.3	88.8	83.9	96.2
2015-01-20	12740.0	7530.0	4527.0	4715.0	7655.0	495.0	558.0	76.5	92.0	86.1	95.6
2015-01-27	12788.0	7579.0	4477.0	4715.0	7808.0	494.0	503.0	76.5	92.1	86.1	96.1
2015-02-03	12907.0	7487.0	4427.0	4770.0	7982.0	650.0	498.0	77.2	91.9	87.2	96.1
2015-02-17	13676.0	7210.0	4206.0	5693.0	8927.0	651.0	421.0	72.7	86.1	80.3	89.4
2015-04-21	12500.0	7186.0	4313.0	4651.0	7862.0	663.0	325.0	78.3	96.4	86.9	97.4
2015-05-05	12526.0	7161.0	4453.0	4736.0	7862.0	629.0	211.0	78.9	96.4	86.8	98.3
2015-05-19	12546.0	7121.0	4234.0	4744.0	8075.0	681.0	237.0	78.2	97.3	86.9	98.1
2015-05-26	12523.0	7128.0	4159.0	4744.0	8075.0	651.0	289.0	78.2	96.9	86.7	97.7
2016-08-23	13280.0	7782.0	5510.0	4563.0	7581.0	888.0	142.0	79.0	93.2	89.6	98.6
2016-08-30	13635.0	8087.0	5800.0	4538.0	7581.0	954.0	198.0	76.8	90.9	89.3	98.1
2016-10-04	14946.0	8748.0	7460.0	5078.0	7278.0	1091.0	179.0	82.4	90.7	89.6	98.6
2016-11-08	15629.0	7048.0	6684.0	6037.0	8719.0	2544.0	226.0	68.4	88.1	81.4	97.8
2016-12-20	14483.0	7853.0	4853.0	5953.0	9436.0	677.0	194.0	77.6	95.4	88.0	98.5
2016-12-27	14315.0	7679.0	4731.0	5930.0	9436.0	706.0	148.0	78.5	95.7	88.5	98.8
2017-01-03	14984.0	8138.0	5424.0	6072.0	9408.0	774.0	152.0	75.2	95.7	87.5	99.0
2017-01-17	16366.0	8634.0	5563.0	6003.0	9524.0	635.0	185.0	71.9	87.4	82.1	91.5
2017-01-24	15234.0	8482.0	6053.0	6003.0	8892.0	635.0	175.0	76.3	95.9	87.2	97.3
2017-01-31	15158.0	8597.0	5942.0	5873.0	8892.0	629.0	265.0	77.5	96.4	87.7	97.1
