2009-10-06	17017.0	2920.0	480.0	10188.0	15419.0	3909.0	1118.0	54.0	89.7	66.2	92.4
2009-10-13	17737.0	3135.0	752.0	10101.0	15855.0	4501.0	1130.0	52.1	86.7	63.7	92.2
2009-10-20	17664.0	2584.0	480.0	9628.0	16134.0	5452.0	1050.0	49.9	85.8	60.0	92.6
2009-10-27	17942.0	2539.0	764.0	9632.0	16393.0	5771.0	785.0	52.2	85.0	61.9	93.0
2009-11-03	17262.0	1771.0	480.0	9693.0	15608.0	5798.0	1174.0	48.6	84.1	58.0	91.6
2009-11-09	17752.0	2306.0	480.0	9850.0	15871.0	5596.0	1401.0	47.6	84.2	57.9	91.2
2009-11-17	18967.0	3099.0	1124.0	10001.0	16923.0	5867.0	920.0	48.7	84.6	57.4	92.0
2009-11-24	19479.0	3221.0	1328.0	10034.0	17151.0	6224.0	1000.0	49.3	84.0	58.3	91.7
2009-12-01	19500.0	2821.0	1591.0	10501.0	17262.0	6178.0	647.0	49.4	86.2	58.7	93.8
2009-12-08	20397.0	2829.0	1625.0	11339.0	18092.0	6229.0	680.0	46.8	86.2	56.9	94.0
2009-12-15	21869.0	3165.0	1779.0	11634.0	18424.0	7070.0	1666.0	46.6	79.3	56.4	87.2
2009-12-22	17322.0	1918.0	718.0	8922.0	15000.0	6482.0	1604.0	43.2	84.9	52.5	89.7
2009-12-29	18232.0	2144.0	1159.0	9317.0	15488.0	6771.0	1585.0	44.7	83.3	53.5	90.3
2010-01-05	19751.0	3790.0	920.0	9580.0	17712.0	6381.0	1119.0	46.3	85.1	56.1	92.1
2010-01-12	20575.0	4135.0	1246.0	10242.0	17817.0	6198.0	1512.0	46.6	82.3	56.2	89.4
2010-01-19	20089.0	4050.0	1157.0	9592.0	17674.0	6407.0	1218.0	44.1	83.9	53.9	91.5
2010-01-26	19859.0	3772.0	920.0	9972.0	17620.0	6075.0	1279.0	45.5	85.1	53.8	92.3
2010-02-02	19851.0	3928.0	1185.0	9941.0	17284.0	5900.0	1300.0	46.2	82.2	55.1	89.7
2010-02-09	20117.0	3925.0	1842.0	10587.0	16793.0	5518.0	1395.0	45.9	79.5	55.2	87.2
2010-02-16	21001.0	3696.0	2224.0	10822.0	17258.0	6335.0	1371.0	47.2	78.3	55.5	88.0
2010-02-23	20561.0	3513.0	1663.0	10610.0	17175.0	6340.0	1625.0	47.2	81.2	56.6	89.4
2010-03-02	20674.0	3710.0	1270.0	10845.0	17473.0	6037.0	1849.0	48.1	80.9	57.4	88.2
2010-03-09	20509.0	3896.0	1173.0	10605.0	17253.0	5926.0	2001.0	46.5	80.4	55.9	86.3
2010-03-16	25169.0	3377.0	908.0	13440.0	19941.0	8352.0	4320.0	38.6	66.4	47.7	72.6
2010-03-23	19973.0	4366.0	793.0	8715.0	17340.0	6810.0	1758.0	38.2	76.3	51.0	87.3
2010-03-30	20261.0	4935.0	500.0	8080.0	18090.0	7164.0	1589.0	36.7	76.2	48.3	88.6
2010-04-06	20474.0	5345.0	500.0	8227.0	18003.0	6820.0	1889.0	36.4	76.0	48.3	88.3
2010-04-13	20765.0	5382.0	500.0	9154.0	18150.0	6146.0	2032.0	38.5	75.9	50.2	87.9
2010-04-20	21423.0	6102.0	750.0	10016.0	18492.0	5222.0	2098.0	38.1	74.4	53.4	87.7
2010-04-27	21544.0	5914.0	0.0	10335.0	19550.0	5295.0	1994.0	39.2	75.2	54.6	88.5
2010-05-04	22103.0	5676.0	0.0	10299.0	19990.0	6128.0	2113.0	38.1	75.0	52.7	88.4
2010-05-11	21985.0	5518.0	0.0	9847.0	19679.0	6620.0	2306.0	37.5	74.1	52.8	88.5
2010-05-18	21834.0	5551.0	202.0	10323.0	19499.0	5960.0	2133.0	39.7	73.7	54.9	88.3
2010-05-25	22830.0	6152.0	235.0	11256.0	20335.0	5422.0	2260.0	41.4	71.5	55.5	85.5
2010-06-01	23705.0	6846.0	235.0	11101.0	21043.0	5758.0	2427.0	40.1	69.2	54.4	83.1
2010-06-08	24773.0	6015.0	235.0	12905.0	21985.0	5853.0	2553.0	39.4	67.6	56.2	82.8
2010-06-15	28971.0	5287.0	235.0	14114.0	23622.0	9481.0	5025.0	34.9	58.1	49.6	71.5
2010-06-22	25016.0	5800.0	235.0	12869.0	23031.0	6347.0	1750.0	41.4	67.6	56.0	84.2
2010-06-29	25519.0	6115.0	713.0	13497.0	23146.0	5907.0	1660.0	38.4	66.8	53.3	82.9
2010-07-06	25694.0	5799.0	818.0	14294.0	23377.0	5601.0	1499.0	40.8	66.8	56.3	82.3
2010-07-13	26361.0	5706.0	235.0	15377.0	24348.0	5278.0	1778.0	39.3	67.3	53.6	84.4
2010-07-20	26710.0	5830.0	643.0	15491.0	23947.0	5389.0	2120.0	39.6	64.0	53.9	80.7
2010-07-27	27227.0	6805.0	411.0	15416.0	25040.0	5006.0	1776.0	38.6	66.1	50.9	82.9
2010-08-03	27104.0	6790.0	204.0	14555.0	25149.0	5759.0	1751.0	34.8	68.5	47.4	85.0
2010-08-10	27515.0	6620.0	204.0	15088.0	24696.0	5807.0	2615.0	34.2	67.8	47.9	83.9
2010-08-17	27095.0	6162.0	204.0	14676.0	24598.0	6257.0	2293.0	34.5	67.7	48.9	84.3
2010-08-24	27529.0	5798.0	442.0	16160.0	24906.0	5571.0	2181.0	35.1	67.4	49.3	83.1
2010-08-31	26930.0	5974.0	481.0	15523.0	24298.0	5433.0	2151.0	34.2	69.3	49.4	83.1
2010-09-07	26469.0	5836.0	204.0	15234.0	24358.0	5399.0	1907.0	34.0	69.8	48.2	83.6
2010-09-14	28852.0	6881.0	204.0	16072.0	26397.0	5895.0	2247.0	30.2	61.4	43.0	76.8
2010-09-21	28387.0	7112.0	0.0	15894.0	26734.0	5381.0	1653.0	31.9	69.2	48.2	87.3
2010-09-28	29281.0	7374.0	1534.0	15318.0	25585.0	6460.0	2033.0	28.8	65.4	43.0	83.5
2010-10-05	30527.0	7853.0	1281.0	16182.0	27191.0	6492.0	2055.0	29.9	67.7	43.8	85.1
2010-10-12	30773.0	7906.0	1485.0	16409.0	27327.0	6458.0	1961.0	29.2	67.8	42.4	84.7
2010-10-19	33087.0	7137.0	1281.0	19096.0	30599.0	6854.0	1207.0	30.1	68.3	44.0	86.3
2010-10-26	34261.0	6502.0	1281.0	20237.0	30797.0	7522.0	2183.0	28.3	65.8	42.7	83.2
2010-11-02	34603.0	7232.0	1281.0	19744.0	31116.0	7627.0	2206.0	27.3	65.8	41.7	83.2
2010-11-09	36046.0	7538.0	1626.0	20407.0	33013.0	8038.0	1344.0	26.7	66.2	41.3	83.6
2010-11-16	37701.0	10088.0	2010.0	19530.0	34133.0	8079.0	1554.0	28.5	63.8	42.5	80.7
2010-11-23	37216.0	9999.0	1896.0	19764.0	34043.0	7445.0	1269.0	28.9	64.3	43.1	81.5
2010-11-30	37512.0	10041.0	1577.0	20845.0	34111.0	6626.0	1824.0	30.0	63.8	44.7	80.7
2010-12-07	39484.0	13332.0	1772.0	18836.0	35928.0	7300.0	1768.0	30.8	61.9	45.1	79.6
2010-12-14	46631.0	14257.0	1681.0	20513.0	38032.0	11861.0	6918.0	25.9	50.1	38.9	65.1
2010-12-21	38318.0	13775.0	1920.0	17379.0	34546.0	7158.0	1846.0	31.3	57.9	47.4	75.1
2010-12-28	37890.0	13989.0	1920.0	16937.0	34568.0	6958.0	1396.0	31.7	58.4	47.8	75.9
2011-01-04	38064.0	13257.0	2195.0	17322.0	34482.0	7479.0	1381.0	35.2	55.9	51.5	73.3
2011-01-11	37979.0	10654.0	2219.0	19797.0	34289.0	7522.0	1465.0	35.2	55.0	51.0	73.4
2011-01-18	38087.0	10822.0	2893.0	19388.0	33550.0	7822.0	1589.0	36.0	54.5	50.8	73.1
2011-01-25	38225.0	10304.0	3756.0	19831.0	32801.0	8006.0	1584.0	38.4	50.7	52.0	69.6
2011-02-01	34150.0	8626.0	3885.0	18159.0	28237.0	7281.0	1944.0	38.1	49.4	52.6	68.2
2011-02-08	34593.0	9204.0	2965.0	18763.0	28653.0	6542.0	2891.0	38.0	49.2	55.3	67.1
2011-02-15	33720.0	8473.0	1659.0	18601.0	29517.0	6562.0	2460.0	40.0	50.5	58.3	68.8
2011-02-22	35145.0	9422.0	2573.0	19715.0	29916.0	5924.0	2572.0	40.3	48.5	58.8	67.3
2011-03-15	41402.0	10728.0	1717.0	24032.0	36254.0	6558.0	3347.0	33.4	41.4	43.1	59.2
2011-03-22	34794.0	8787.0	2448.0	20506.0	29372.0	5383.0	2856.0	40.4	46.9	53.3	66.4
2011-03-29	35536.0	10653.0	2458.0	18973.0	30652.0	5787.0	2303.0	40.9	48.7	52.9	67.4
2011-04-05	38042.0	12047.0	2626.0	19240.0	32193.0	6661.0	3129.0	35.0	51.3	48.6	69.3
2011-04-12	40472.0	13580.0	3334.0	20117.0	34289.0	6700.0	2774.0	33.4	51.6	48.2	68.6
2011-04-19	41816.0	13434.0	3684.0	22505.0	35130.0	5843.0	2968.0	33.5	50.6	49.0	68.1
2011-04-26	41006.0	13291.0	2872.0	20582.0	34869.0	7116.0	3248.0	32.1	53.5	47.4	71.0
2011-05-03	41907.0	13228.0	2588.0	20817.0	36403.0	7845.0	2899.0	31.3	56.0	48.3	72.5
2011-05-10	40234.0	11875.0	2124.0	20839.0	35587.0	7503.0	2506.0	34.2	57.6	47.8	75.1
2011-05-17	39818.0	11082.0	2124.0	21279.0	34863.0	7440.0	2814.0	39.1	57.1	51.7	74.8
2011-05-24	39065.0	11173.0	1857.0	20009.0	34252.0	7866.0	2939.0	37.1	56.8	49.1	75.0
2011-05-31	39853.0	10741.0	1857.0	20855.0	35153.0	8068.0	2654.0	37.6	56.8	49.2	75.2
2011-06-07	38800.0	9874.0	2458.0	20884.0	33804.0	7853.0	2349.0	38.9	50.7	50.1	71.1
2011-06-14	28269.0	6096.0	1309.0	16449.0	24957.0	5724.0	2003.0	46.8	57.1	55.6	75.0
