2010-06-15	1132309.0	67613.0	83149.0	819504.0	825894.0	199725.0	177801.0	11.7	7.6	17.6	12.6
2010-06-22	822092.0	67766.0	72899.0	594634.0	615490.0	148310.0	122322.0	16.2	12.1	23.9	20.4
2010-06-29	850401.0	69820.0	70834.0	613773.0	639288.0	147851.0	121322.0	15.8	11.5	24.1	19.9
2010-07-06	883425.0	64842.0	85465.0	631550.0	633522.0	155452.0	132857.0	15.3	9.7	23.2	16.3
2010-07-13	874896.0	63843.0	98538.0	636298.0	609334.0	148284.0	140552.0	15.5	9.7	24.3	16.4
2010-07-20	870890.0	66009.0	95334.0	633554.0	619374.0	140850.0	125705.0	15.4	9.9	24.3	16.7
2010-07-27	868087.0	65268.0	92454.0	636659.0	627457.0	140933.0	122949.0	15.8	10.3	24.7	17.4
2010-08-03	865807.0	64806.0	90058.0	637074.0	638644.0	145972.0	119149.0	15.2	11.2	23.7	18.4
2010-08-10	870141.0	67131.0	91966.0	644384.0	647077.0	137925.0	110396.0	15.0	11.6	23.5	18.9
2010-08-17	884624.0	71973.0	90359.0	650475.0	650443.0	131808.0	113453.0	14.3	10.4	22.6	17.1
2010-08-24	910530.0	66850.0	96389.0	681565.0	670053.0	117060.0	99033.0	14.3	9.4	22.6	15.6
2010-08-31	938443.0	67684.0	104198.0	708129.0	689249.0	109316.0	91682.0	14.3	8.9	22.8	15.7
2010-09-07	943773.0	60997.0	108961.0	709530.0	685121.0	124900.0	101345.0	14.2	9.5	22.5	16.7
2010-09-14	1103826.0	65772.0	111424.0	811799.0	789156.0	177274.0	154265.0	12.2	9.2	19.4	15.5
2010-09-21	779357.0	54164.0	82123.0	577320.0	567166.0	132822.0	115017.0	16.6	11.1	25.4	18.0
2010-09-28	811413.0	62349.0	76660.0	590227.0	598063.0	131177.0	109029.0	15.9	11.2	24.2	18.6
2010-10-05	829851.0	73698.0	76889.0	584563.0	613416.0	137451.0	105408.0	15.5	11.1	23.3	18.4
2010-10-12	843960.0	68702.0	77112.0	601535.0	625599.0	138266.0	105792.0	16.3	11.2	23.9	18.9
2010-10-19	854075.0	71744.0	77980.0	614601.0	635726.0	130971.0	103610.0	15.4	11.6	22.8	19.7
2010-10-26	869680.0	78107.0	73923.0	620460.0	649461.0	127397.0	102581.0	15.0	12.7	22.4	20.7
2010-11-02	879024.0	82688.0	75060.0	633249.0	668121.0	117601.0	90356.0	14.5	14.0	21.7	22.0
2010-11-09	904392.0	82945.0	80798.0	644424.0	680586.0	121344.0	87328.0	13.8	13.9	20.7	21.5
2010-11-16	921238.0	86215.0	85101.0	646111.0	686161.0	140196.0	101261.0	13.4	14.0	20.1	21.5
2010-11-23	936881.0	79605.0	92002.0	665560.0	689956.0	139746.0	102953.0	13.1	14.2	19.6	21.7
2010-11-30	941143.0	77469.0	82306.0	676049.0	703227.0	136063.0	104048.0	13.2	14.2	19.8	21.4
2010-12-07	980643.0	75408.0	79933.0	685937.0	724090.0	150204.0	107526.0	12.6	14.4	18.7	21.4
2010-12-14	1109473.0	83287.0	71300.0	779498.0	826616.0	162893.0	127763.0	11.2	12.9	16.6	19.0
2010-12-21	758336.0	71031.0	70957.0	555976.0	591710.0	121359.0	85699.0	17.7	18.5	25.4	28.0
2010-12-28	769754.0	68750.0	74162.0	568053.0	594361.0	119863.0	88143.0	17.5	18.1	25.2	27.5
2011-01-04	776403.0	72171.0	76924.0	570959.0	603295.0	121437.0	84348.0	17.3	17.8	24.8	26.8
2011-01-11	793466.0	82253.0	76724.0	578179.0	624461.0	121051.0	80299.0	16.4	18.4	23.1	27.3
2011-01-18	810682.0	75954.0	82285.0	597424.0	626466.0	124039.0	88666.0	16.0	17.5	22.7	25.7
2011-01-25	837948.0	82941.0	82989.0	609810.0	649014.0	129194.0	89942.0	15.6	16.9	22.3	25.2
2011-02-01	855085.0	83521.0	84313.0	616916.0	660000.0	128416.0	84540.0	15.3	15.6	21.6	23.1
2011-02-08	878168.0	76924.0	93938.0	647441.0	660888.0	120110.0	89649.0	15.1	14.9	21.3	22.0
2011-02-15	893447.0	78530.0	94614.0	657919.0	671408.0	120472.0	90898.0	15.1	14.0	21.1	21.0
2011-02-22	917177.0	83311.0	101338.0	665257.0	673753.0	124567.0	98045.0	14.7	13.0	20.6	20.2
2011-03-01	946217.0	78801.0	96475.0	672042.0	695056.0	142577.0	101888.0	14.3	12.1	19.9	19.0
2011-03-08	979528.0	78626.0	97692.0	698932.0	715745.0	142916.0	107036.0	13.7	11.6	19.0	18.7
2011-03-15	1173662.0	81187.0	103701.0	815196.0	810236.0	164431.0	146877.0	11.6	8.7	16.3	14.2
2011-03-22	808947.0	66378.0	93228.0	584545.0	575325.0	134017.0	116388.0	16.8	13.6	24.5	20.4
2011-03-29	826332.0	72854.0	95623.0	584123.0	595107.0	150775.0	117022.0	16.1	14.3	23.7	21.3
2011-04-05	838763.0	83505.0	93573.0	580197.0	610712.0	159982.0	119399.0	15.5	14.7	22.3	21.7
2011-04-12	843173.0	78729.0	101382.0	583679.0	601175.0	161712.0	121562.0	15.0	14.4	21.9	21.2
2011-04-19	859929.0	72895.0	106650.0	600242.0	603141.0	164937.0	128284.0	15.5	14.1	21.8	20.9
2011-04-26	872221.0	83074.0	95228.0	605934.0	636890.0	164720.0	121609.0	14.8	15.6	21.2	22.5
2011-05-03	885078.0	93482.0	91735.0	605282.0	652773.0	162174.0	116430.0	14.2	15.8	20.2	22.4
2011-05-10	863175.0	82166.0	87896.0	591556.0	636735.0	172117.0	121208.0	14.0	15.9	19.9	22.6
2011-05-17	870469.0	80938.0	85862.0	595871.0	635850.0	169593.0	124690.0	13.6	15.5	19.8	22.3
2011-05-24	896257.0	83607.0	99834.0	609141.0	632271.0	178486.0	139129.0	13.0	15.2	19.2	21.7
2011-05-31	905541.0	86812.0	106898.0	616517.0	637786.0	178771.0	137417.0	12.6	15.0	18.7	21.1
2011-06-07	948917.0	85698.0	108808.0	624780.0	646436.0	190506.0	145741.0	11.8	13.1	17.5	19.5
2011-06-14	1072737.0	81652.0	101328.0	699129.0	716213.0	219516.0	182757.0	10.2	10.6	15.2	16.7
2011-06-21	771574.0	70743.0	88173.0	555388.0	574761.0	125827.0	89024.0	14.0	16.3	21.2	24.8
2011-06-28	767317.0	68689.0	85211.0	564417.0	579426.0	116571.0	85040.0	14.3	16.3	21.5	24.9
2011-07-05	767993.0	72107.0	95655.0	561395.0	565378.0	113207.0	85676.0	13.6	16.8	20.8	25.6
2011-07-12	795442.0	83477.0	84875.0	567091.0	599796.0	123210.0	89108.0	13.1	16.1	20.0	24.6
2011-07-19	792364.0	71532.0	84412.0	573911.0	595066.0	122588.0	88553.0	13.2	15.9	20.2	24.5
2011-07-26	802406.0	75764.0	85577.0	573700.0	599429.0	126707.0	91166.0	13.2	16.2	20.2	25.0
2011-08-02	855617.0	82089.0	86501.0	608152.0	631439.0	143377.0	115678.0	13.2	13.6	20.2	21.1
2011-08-09	1011909.0	69741.0	116810.0	709000.0	678261.0	172610.0	156280.0	9.8	9.2	17.0	16.0
2011-08-16	977983.0	61400.0	133380.0	761309.0	693090.0	119134.0	115373.0	11.8	9.6	20.0	15.7
2011-08-23	1062071.0	66810.0	151303.0	823050.0	746075.0	119342.0	111825.0	12.1	8.8	20.0	15.4
2011-08-30	1113795.0	58329.0	166243.0	864544.0	763239.0	150638.0	144030.0	11.9	8.7	19.6	14.4
2011-09-06	1193021.0	60375.0	168492.0	917237.0	819995.0	159361.0	148485.0	11.0	8.5	18.4	14.1
2011-09-13	1322673.0	64482.0	163271.0	1023081.0	916096.0	164512.0	172709.0	10.0	7.6	17.0	12.4
2011-09-20	849368.0	57426.0	128659.0	636462.0	558855.0	144665.0	151039.0	15.7	8.1	25.2	14.4
2011-09-27	881093.0	59783.0	127764.0	661090.0	584121.0	136371.0	145359.0	14.5	8.0	23.4	14.0
2011-10-04	925564.0	56382.0	124086.0	694185.0	630180.0	147063.0	143364.0	13.1	8.8	22.6	14.6
2011-10-11	886848.0	54846.0	118412.0	670439.0	602146.0	137747.0	142474.0	14.2	9.1	24.2	14.7
2011-10-18	892321.0	52644.0	123260.0	676071.0	600557.0	138152.0	143051.0	14.8	9.1	23.9	14.7
2011-10-25	896677.0	54024.0	118743.0	675945.0	610951.0	135502.0	135777.0	14.3	8.0	23.3	13.8
2011-11-01	859816.0	57346.0	113548.0	663797.0	613478.0	113999.0	108116.0	14.1	9.8	22.7	15.4
2011-11-08	874939.0	55439.0	109398.0	672485.0	623625.0	117523.0	112424.0	14.1	8.8	22.3	14.3
2011-11-15	897885.0	62716.0	108139.0	677523.0	641483.0	126609.0	117225.0	13.4	8.5	21.4	14.3
2011-11-22	901580.0	53817.0	110744.0	694906.0	649763.0	129024.0	117240.0	13.6	8.8	21.9	15.0
2011-11-29	902281.0	48822.0	109425.0	698318.0	649105.0	128037.0	116647.0	13.4	8.8	21.8	14.8
2011-12-06	926993.0	58477.0	102580.0	702025.0	671268.0	133419.0	120073.0	12.6	8.9	20.5	15.2
2011-12-13	1023384.0	71350.0	106964.0	772724.0	751025.0	139809.0	125894.0	11.3	8.4	18.8	14.1
2011-12-20	745391.0	58312.0	95575.0	532445.0	514982.0	129351.0	109551.0	15.2	11.2	23.9	17.7
2011-12-27	764761.0	54238.0	98727.0	553760.0	524778.0	122868.0	107360.0	15.4	11.0	23.8	17.3
2012-01-03	788830.0	56905.0	95016.0	560996.0	544944.0	129631.0	107572.0	14.6	10.6	22.5	17.2
2012-01-10	755841.0	61440.0	100473.0	558551.0	545949.0	119316.0	92884.0	15.4	11.0	23.8	17.7
2012-01-17	766599.0	59805.0	105451.0	563699.0	543855.0	122549.0	96747.0	15.2	10.9	23.5	17.6
2012-01-24	794994.0	64829.0	105525.0	573869.0	558915.0	127842.0	102100.0	14.6	10.9	22.8	18.5
2012-01-31	799299.0	76615.0	109187.0	572547.0	570406.0	127835.0	97404.0	14.2	11.6	22.1	19.6
2012-02-07	798596.0	73919.0	102558.0	575964.0	574005.0	123162.0	96481.0	14.2	12.4	22.1	20.1
2012-02-14	796294.0	71630.0	112429.0	588944.0	573931.0	113302.0	87516.0	14.7	12.4	22.9	19.9
2012-02-21	808052.0	74736.0	110657.0	593528.0	581707.0	114044.0	89945.0	14.6	12.3	22.5	19.9
2012-02-28	811993.0	80391.0	104618.0	596662.0	589934.0	112881.0	95382.0	14.7	11.8	22.8	19.6
2012-03-06	846787.0	79292.0	109191.0	609663.0	595589.0	128301.0	112477.0	14.1	10.9	21.5	18.3
2012-03-13	967328.0	87438.0	104556.0	686658.0	688240.0	153040.0	134340.0	13.6	9.8	20.2	16.4
2012-03-20	761130.0	78944.0	110947.0	539048.0	528344.0	131036.0	109737.0	15.9	14.6	24.7	23.1
2012-03-27	772728.0	81917.0	110007.0	538797.0	538473.0	138569.0	110802.0	15.5	14.6	23.9	23.3
2012-04-03	776067.0	83131.0	115234.0	542873.0	541507.0	135148.0	104412.0	14.4	14.4	22.5	23.7
2012-04-10	790586.0	86798.0	113035.0	544805.0	552282.0	143003.0	109289.0	13.5	13.8	20.9	22.6
2012-04-17	796135.0	92587.0	108560.0	539870.0	557196.0	147000.0	113701.0	13.4	13.5	20.8	22.4
2012-04-24	805068.0	82948.0	110424.0	554635.0	558730.0	151467.0	119896.0	13.0	12.2	20.5	20.7
2012-05-01	816564.0	94620.0	98204.0	550150.0	581442.0	149634.0	114758.0	12.5	12.4	19.9	21.2
2012-05-08	822718.0	90142.0	109516.0	560147.0	576081.0	151889.0	116580.0	12.0	11.8	19.3	20.8
2012-05-15	851882.0	87753.0	99319.0	575335.0	595197.0	160419.0	128990.0	11.7	11.5	18.5	19.9
2012-05-22	873488.0	74029.0	108494.0	608380.0	600939.0	166960.0	139935.0	11.6	11.0	18.5	18.3
2012-05-29	881189.0	71857.0	113173.0	618591.0	602236.0	168361.0	143401.0	11.5	10.8	18.5	18.2
2012-06-05	933308.0	67549.0	104261.0	651526.0	640740.0	179542.0	153615.0	10.8	10.4	17.5	17.6
2012-06-12	1016255.0	66961.0	104564.0	730404.0	719704.0	182896.0	155992.0	10.3	9.6	16.7	16.5
2012-06-19	740602.0	61807.0	86991.0	522555.0	520609.0	140045.0	116807.0	14.4	12.1	22.5	22.6
2012-06-26	774074.0	74284.0	91716.0	537877.0	545061.0	142861.0	118246.0	13.9	12.4	21.7	22.0
2012-07-03	773321.0	71090.0	89242.0	534277.0	541827.0	147286.0	121583.0	13.6	13.0	21.7	22.5
2012-07-10	794026.0	68187.0	94058.0	552631.0	554585.0	149973.0	122147.0	13.0	12.6	20.9	22.1
2012-07-17	801482.0	67232.0	85482.0	557976.0	568474.0	154368.0	125619.0	12.7	12.4	20.6	21.8
2012-07-24	817472.0	61689.0	84997.0	575041.0	577961.0	150480.0	124252.0	11.7	11.9	19.8	20.6
2012-07-31	781796.0	71955.0	78374.0	542133.0	565295.0	147436.0	117855.0	12.2	12.2	20.5	21.3
2012-08-07	802712.0	80950.0	75769.0	552555.0	585847.0	144375.0	116264.0	12.1	12.2	20.4	21.0
2012-08-14	820949.0	79767.0	80695.0	572264.0	599821.0	141895.0	113409.0	12.4	12.1	20.7	20.8
2012-08-21	834977.0	74879.0	83505.0	586733.0	609366.0	147026.0	115767.0	12.0	11.2	20.0	19.8
2012-08-28	848540.0	81605.0	84500.0	597908.0	628238.0	146563.0	113338.0	11.8	11.1	19.6	19.2
2012-09-04	861624.0	81663.0	88228.0	608269.0	633769.0	144615.0	112550.0	11.4	10.9	18.8	18.5
2012-09-11	871458.0	92814.0	80912.0	608943.0	656174.0	144693.0	109363.0	11.4	10.6	18.9	18.3
2012-09-18	976025.0	97385.0	78729.0	705594.0	761757.0	141699.0	104193.0	10.8	9.4	17.7	16.9
2012-09-25	754465.0	96443.0	70052.0	525973.0	590713.0	117362.0	79013.0	13.9	18.1	22.8	28.2
2012-10-02	777618.0	101055.0	79705.0	548690.0	603920.0	112142.0	78262.0	12.9	17.4	21.6	27.4
2012-10-09	775286.0	95958.0	74078.0	553521.0	612720.0	111301.0	73981.0	12.5	18.3	21.2	28.3
2012-10-16	784344.0	100149.0	69284.0	555753.0	620245.0	113343.0	79717.0	12.4	18.7	21.1	28.6
2012-10-23	805026.0	94431.0	83642.0	580247.0	626046.0	110474.0	75464.0	12.3	18.1	21.1	28.0
2012-10-30	809024.0	97857.0	85870.0	585760.0	630688.0	111871.0	78930.0	12.3	17.9	21.4	27.8
2012-11-06	807567.0	92828.0	77113.0	588317.0	632002.0	110223.0	82254.0	11.7	18.2	20.1	28.0
2012-11-13	828091.0	96915.0	71926.0	591566.0	649395.0	120836.0	87997.0	11.6	16.8	19.4	26.5
2012-11-20	852640.0	85610.0	78813.0	604839.0	645653.0	141827.0	107809.0	11.4	15.4	19.1	24.8
2012-11-27	847506.0	91327.0	80871.0	599923.0	637066.0	134379.0	107692.0	11.6	15.5	19.6	24.9
2012-12-04	851897.0	95885.0	70419.0	595590.0	654049.0	137071.0	104078.0	11.3	15.8	19.2	25.0
2012-12-11	866940.0	109997.0	66286.0	592476.0	668194.0	131256.0	99250.0	11.0	16.3	18.4	25.3
2012-12-18	923950.0	109934.0	68228.0	658118.0	734674.0	118783.0	83934.0	10.9	15.4	17.7	24.3
2012-12-24	728890.0	89259.0	64037.0	513860.0	575556.0	112285.0	75812.0	14.1	18.0	22.7	29.9
2012-12-31	739159.0	97475.0	69182.0	517785.0	582325.0	108725.0	72478.0	14.0	18.1	22.0	30.0
2013-01-08	751437.0	89647.0	66329.0	540195.0	594395.0	100087.0	69205.0	15.0	18.3	23.1	28.7
2013-01-15	754799.0	91147.0	67952.0	540849.0	591331.0	107528.0	80241.0	14.7	18.5	22.8	27.6
2013-01-22	788046.0	85452.0	68557.0	574026.0	613777.0	111109.0	88252.0	14.3	18.7	22.2	27.4
2013-01-29	805010.0	94728.0	73544.0	592488.0	631347.0	99500.0	81824.0	14.9	20.1	24.1	28.7
2013-02-05	807925.0	95912.0	65469.0	587241.0	642569.0	102778.0	77893.0	14.8	20.0	23.6	28.6
2013-02-12	830577.0	95397.0	74038.0	603501.0	643155.0	113144.0	94849.0	14.0	18.6	22.2	26.7
2013-02-19	856539.0	93173.0	73429.0	635935.0	673860.0	107319.0	89138.0	12.8	16.9	19.7	24.5
2013-02-26	875260.0	97415.0	76975.0	620074.0	667922.0	127917.0	100509.0	12.0	15.2	18.7	23.1
2013-03-05	892367.0	118843.0	72216.0	611617.0	677023.0	136715.0	117935.0	11.2	13.7	17.1	21.1
2013-03-12	1017100.0	121529.0	71619.0	710695.0	780155.0	142596.0	123046.0	10.1	12.0	15.3	18.4
2013-03-19	724003.0	121559.0	64759.0	487181.0	565380.0	97358.0	75959.0	14.7	16.4	22.8	25.4
2013-03-26	745524.0	119431.0	68366.0	506692.0	575954.0	103572.0	85375.0	14.3	15.8	22.5	24.6
2013-04-02	763804.0	123584.0	74271.0	512264.0	582297.0	111237.0	90516.0	13.8	15.2	22.0	23.6
2013-04-09	775766.0	118753.0	71415.0	523070.0	592192.0	115425.0	93641.0	13.6	14.9	21.8	23.4
2013-04-16	772200.0	121386.0	69953.0	520951.0	598636.0	106942.0	80691.0	13.6	15.1	21.8	23.3
2013-04-23	782302.0	115759.0	75662.0	522834.0	590993.0	117747.0	89685.0	13.6	14.7	21.3	22.7
2013-04-30	791342.0	128170.0	71998.0	524737.0	609156.0	112980.0	84734.0	13.4	15.2	20.7	23.0
2013-05-07	816274.0	127941.0	84152.0	548718.0	619371.0	116674.0	89810.0	12.5	14.4	19.7	21.9
2013-05-14	846248.0	122597.0	78987.0	576658.0	647239.0	117941.0	90970.0	12.4	14.3	19.3	21.5
2013-05-21	860454.0	114464.0	82007.0	603393.0	664070.0	111245.0	83024.0	12.4	14.4	20.5	21.7
2013-05-28	876502.0	121207.0	79247.0	613376.0	690632.0	114733.0	79436.0	12.4	14.1	20.5	21.0
2013-06-04	867486.0	111159.0	75980.0	611391.0	657414.0	111772.0	100928.0	12.5	12.4	20.6	18.9
2013-06-11	894602.0	101393.0	74941.0	625366.0	660842.0	133178.0	124155.0	12.3	11.9	19.8	18.5
2013-06-18	991389.0	109863.0	77661.0	692093.0	728922.0	147924.0	143297.0	11.4	10.9	18.3	17.0
2013-06-25	703009.0	96519.0	72708.0	469299.0	524031.0	121422.0	90501.0	16.1	12.4	24.8	20.7
2013-07-02	703729.0	90708.0	70437.0	476445.0	524885.0	117047.0	88877.0	14.8	12.0	22.8	20.2
2013-07-09	705746.0	88839.0	70117.0	477726.0	524473.0	122712.0	94687.0	14.7	11.4	23.5	19.3
2013-07-16	716164.0	95789.0	58351.0	480385.0	545295.0	120970.0	93498.0	14.6	11.6	23.3	19.4
2013-07-23	727263.0	100254.0	60030.0	492842.0	561209.0	115397.0	87254.0	14.3	11.7	23.5	19.8
2013-07-30	730838.0	105387.0	59225.0	493663.0	566382.0	113789.0	87232.0	14.7	11.8	23.9	19.8
2013-08-06	732142.0	96566.0	67664.0	496364.0	555366.0	115524.0	85424.0	15.0	11.6	23.6	19.5
2013-08-13	738273.0	98778.0	69614.0	494160.0	552811.0	119809.0	90323.0	13.8	11.2	22.3	18.8
2013-08-20	754996.0	98421.0	71732.0	502453.0	557801.0	125521.0	96862.0	13.3	10.3	21.7	17.4
2013-08-27	780789.0	91212.0	80681.0	523989.0	559748.0	135551.0	110323.0	13.0	9.6	21.0	16.1
2013-09-03	789961.0	95347.0	86218.0	523949.0	555013.0	147710.0	125775.0	12.6	8.9	19.8	15.3
2013-09-10	810027.0	90352.0	86367.0	546837.0	567684.0	153259.0	136397.0	12.2	8.7	19.0	14.8
2013-09-17	917682.0	99443.0	78020.0	627271.0	673428.0	158534.0	133800.0	10.9	8.8	16.9	14.7
2013-09-24	675574.0	96150.0	66008.0	450893.0	518864.0	111694.0	73865.0	14.6	15.2	23.0	24.3
2013-10-01	677685.0	99410.0	70575.0	446335.0	511547.0	111760.0	75384.0	14.3	15.3	22.3	24.1
2013-10-08	701923.0	94319.0	79834.0	466470.0	521309.0	120319.0	79966.0	13.8	14.8	21.4	23.0
2013-10-15	695078.0	97788.0	76197.0	463064.0	522278.0	117760.0	80137.0	13.8	14.5	21.5	23.3
2013-10-22	708537.0	100139.0	77830.0	482018.0	529422.0	108107.0	83012.0	14.4	14.8	22.3	23.6
2013-10-29	721121.0	106224.0	71354.0	488239.0	548249.0	105964.0	80823.0	14.5	14.0	22.3	23.2
2013-11-05	728659.0	105387.0	71898.0	490223.0	556358.0	109226.0	76580.0	14.0	13.1	21.6	21.6
2013-11-12	728575.0	107657.0	75264.0	493177.0	554848.0	105155.0	75877.0	14.1	12.1	21.7	20.9
2013-11-19	745718.0	101123.0	81265.0	510657.0	560647.0	108853.0	78721.0	13.6	11.7	21.0	20.0
2013-11-26	741827.0	102231.0	78135.0	510397.0	567916.0	104114.0	70691.0	13.6	12.2	20.7	20.4
2013-12-03	748300.0	100110.0	81961.0	516177.0	568595.0	104303.0	70034.0	13.1	11.9	19.9	19.8
2013-12-10	764651.0	98682.0	79945.0	523169.0	577898.0	116268.0	80275.0	13.6	12.5	20.5	20.3
2013-12-17	873627.0	105227.0	74831.0	628867.0	689864.0	105862.0	75261.0	12.4	12.6	18.4	18.8
2013-12-24	684782.0	105213.0	80004.0	463846.0	522413.0	100433.0	67076.0	15.4	19.9	23.5	28.4
2014-01-07	699646.0	111615.0	81827.0	464701.0	529094.0	105100.0	70494.0	14.5	19.4	22.2	27.9
2014-01-14	719529.0	110087.0	87412.0	486812.0	541639.0	99690.0	67539.0	14.3	19.0	21.9	26.7
2014-01-21	722076.0	101748.0	95137.0	508658.0	545616.0	93823.0	63475.0	14.0	19.3	21.6	26.6
2014-01-28	743768.0	102145.0	98136.0	512920.0	552642.0	109389.0	73675.0	12.7	17.9	20.1	25.0
2014-02-04	771947.0	97995.0	96661.0	521166.0	560161.0	122689.0	85028.0	12.0	15.2	18.7	22.3
2014-02-11	808380.0	91024.0	111701.0	556971.0	565693.0	140455.0	111056.0	12.9	13.5	18.9	20.9
2014-02-18	833784.0	92652.0	104737.0	569003.0	586160.0	151895.0	122653.0	12.4	13.2	18.1	20.2
2014-02-25	851046.0	94911.0	98577.0	572621.0	603504.0	160722.0	126173.0	11.6	13.2	17.6	19.9
2014-03-04	880372.0	98232.0	92997.0	598975.0	634028.0	159196.0	129378.0	11.3	12.5	17.5	19.1
2014-03-11	899687.0	97348.0	104364.0	614418.0	639637.0	168020.0	135785.0	11.2	12.2	17.3	18.5
2014-03-18	1029593.0	108915.0	105079.0	730480.0	766173.0	162588.0	130731.0	10.0	11.3	15.8	16.7
2014-03-25	683526.0	95420.0	88332.0	473287.0	511465.0	97380.0	66290.0	15.1	15.9	23.7	25.4
2014-04-01	681463.0	100384.0	85233.0	462142.0	507542.0	100753.0	70504.0	14.5	15.5	22.6	24.5
2014-04-08	676428.0	91188.0	85868.0	467434.0	505506.0	99911.0	67159.0	14.5	16.2	22.7	25.3
2014-04-15	688040.0	89659.0	90346.0	473194.0	504610.0	106327.0	74223.0	14.6	16.2	22.1	24.5
2014-04-22	686751.0	94326.0	91855.0	474012.0	501606.0	103609.0	78487.0	14.2	16.3	21.4	25.0
2014-04-29	702673.0	97191.0	90260.0	479128.0	517574.0	107296.0	75781.0	13.7	16.5	20.9	25.0
2014-05-06	703712.0	92216.0	96034.0	487834.0	511520.0	102418.0	74914.0	13.7	16.4	20.5	24.5
2014-05-13	729317.0	99585.0	95178.0	497439.0	530877.0	112851.0	83820.0	13.5	16.7	19.9	24.4
2014-05-20	742933.0	87696.0	106420.0	514041.0	528503.0	120586.0	87400.0	12.9	16.4	19.2	24.0
2014-05-27	758245.0	98178.0	100658.0	522907.0	545110.0	119935.0	95252.0	13.0	16.1	19.3	23.8
2014-06-03	774514.0	94525.0	106440.0	534668.0	551348.0	124145.0	95549.0	13.1	15.7	20.1	23.3
2014-06-10	814572.0	92808.0	105689.0	570477.0	578526.0	130345.0	109415.0	12.6	14.7	19.2	21.5
2014-06-17	914025.0	100748.0	107531.0	654077.0	670254.0	131635.0	108675.0	11.2	12.3	17.3	19.1
2014-06-24	705455.0	92543.0	102603.0	497450.0	509169.0	100295.0	78516.0	15.5	16.1	23.4	24.5
2014-07-01	727127.0	101688.0	105392.0	503930.0	525400.0	106855.0	81681.0	14.9	15.2	22.3	23.3
2014-07-08	727096.0	96071.0	106843.0	508716.0	518191.0	104381.0	84134.0	14.3	15.3	21.8	23.4
2014-07-15	726972.0	98366.0	100214.0	509450.0	531765.0	99896.0	75733.0	14.0	15.1	21.6	23.1
2014-07-22	739612.0	101069.0	97579.0	513871.0	538385.0	103471.0	82448.0	13.5	14.3	21.1	21.8
2014-07-29	746886.0	96305.0	100862.0	522860.0	542270.0	106158.0	82190.0	13.7	13.7	20.9	21.1
2014-08-05	746293.0	96077.0	95458.0	518153.0	545213.0	109523.0	83081.0	13.4	12.5	20.5	19.7
2014-08-12	752126.0	95674.0	98383.0	524980.0	547408.0	115837.0	90700.0	13.7	12.3	20.6	19.5
2014-08-19	764463.0	95012.0	97312.0	535543.0	553249.0	116657.0	96651.0	13.7	11.9	20.5	18.8
2014-08-26	769648.0	92675.0	95650.0	542747.0	558657.0	115957.0	97071.0	13.4	11.8	20.2	18.7
2014-09-02	781007.0	92247.0	100955.0	547421.0	559750.0	120563.0	99525.0	13.2	11.3	19.8	18.0
2014-09-09	818907.0	91977.0	96748.0	573948.0	596190.0	125931.0	98919.0	12.1	10.8	18.5	17.2
2014-09-16	949208.0	106507.0	93257.0	656998.0	692947.0	142626.0	119928.0	10.7	9.9	16.7	15.7
2014-09-23	687035.0	97068.0	102658.0	483665.0	504642.0	87690.0	61123.0	15.5	14.1	24.2	22.9
2014-09-30	688127.0	100887.0	94971.0	477661.0	513132.0	90943.0	61388.0	15.3	13.2	23.7	22.1
2014-10-07	683188.0	101611.0	100611.0	471057.0	499059.0	87089.0	60086.0	15.4	11.7	23.3	20.6
2014-10-14	695436.0	112525.0	107653.0	466006.0	504795.0	98362.0	64446.0	15.4	12.0	22.6	20.4
2014-10-21	720693.0	97298.0	110552.0	480641.0	491874.0	125595.0	101108.0	15.2	10.5	22.5	18.1
2014-10-28	732657.0	99866.0	111627.0	495507.0	509279.0	121952.0	96419.0	15.5	10.5	22.7	17.8
2014-11-04	728520.0	103327.0	106882.0	496107.0	516401.0	108740.0	84890.0	15.2	11.4	22.2	19.4
2014-11-11	730037.0	106577.0	102034.0	498411.0	527077.0	104346.0	80224.0	15.2	12.2	22.1	19.9
2014-11-18	753656.0	110990.0	99307.0	515612.0	553514.0	103579.0	77359.0	14.6	12.2	21.9	19.5
2014-11-25	772687.0	109677.0	103539.0	533730.0	562393.0	103212.0	80687.0	14.2	12.1	21.5	19.6
2014-12-02	776987.0	119013.0	102759.0	534521.0	574424.0	96584.0	72936.0	13.8	11.6	20.5	19.3
2014-12-09	775987.0	108669.0	97265.0	546163.0	581967.0	93473.0	69072.0	13.9	11.5	20.4	19.1
2014-12-16	832516.0	116311.0	88149.0	579413.0	635560.0	103523.0	75538.0	12.0	11.7	18.5	19.7
2014-12-23	672428.0	105909.0	79039.0	467139.0	518166.0	81865.0	57708.0	15.3	14.7	23.6	24.2
2014-12-30	677927.0	106900.0	74698.0	468080.0	523808.0	88061.0	64535.0	14.9	14.8	23.1	24.0
2015-01-06	675726.0	106272.0	72689.0	461182.0	526542.0	90063.0	58286.0	14.8	15.3	22.5	24.6
2015-01-13	671513.0	101656.0	77781.0	466190.0	517784.0	87021.0	59303.0	15.6	14.6	23.6	24.0
2015-01-20	671899.0	103169.0	83052.0	457881.0	507274.0	96805.0	67529.0	15.3	14.0	23.3	23.5
2015-01-27	672635.0	101957.0	84100.0	462829.0	507189.0	92640.0	66137.0	15.6	13.6	23.8	23.3
2015-02-03	689848.0	103800.0	84902.0	459483.0	505577.0	110818.0	83622.0	15.1	13.3	23.5	22.2
2015-02-10	703790.0	106598.0	84352.0	463874.0	511766.0	118546.0	92900.0	14.5	13.1	22.9	21.7
2015-02-17	705929.0	104949.0	82379.0	465682.0	513536.0	121249.0	95965.0	14.1	13.1	21.8	21.7
2015-02-24	729019.0	97910.0	91163.0	487970.0	519239.0	128101.0	103579.0	14.1	12.4	21.4	20.8
2015-03-03	754597.0	101138.0	99891.0	497406.0	522265.0	135478.0	111866.0	13.3	12.0	20.1	19.8
2015-03-10	830808.0	100344.0	110244.0	545262.0	563737.0	165432.0	137055.0	11.7	10.6	18.5	17.4
2015-03-17	904970.0	96082.0	103177.0	620313.0	635853.0	165777.0	143143.0	11.1	10.4	17.7	17.3
2015-03-24	629452.0	84963.0	82937.0	428181.0	451578.0	97234.0	75863.0	15.5	14.4	24.7	23.5
2015-03-31	635500.0	86421.0	86756.0	425976.0	445922.0	102802.0	82522.0	15.2	13.8	23.3	23.0
2015-04-07	643859.0	86548.0	86518.0	431618.0	449979.0	109270.0	90939.0	14.8	13.5	22.8	22.6
2015-04-14	648744.0	86301.0	86447.0	439285.0	455964.0	107457.0	90632.0	14.9	13.5	23.1	22.7
2015-04-21	658194.0	86233.0	85004.0	442180.0	458247.0	111081.0	96242.0	14.8	12.4	22.9	21.4
2015-04-28	667287.0	88196.0	84649.0	449760.0	464973.0	110742.0	99077.0	14.8	12.0	23.2	20.4
2015-05-05	669417.0	82232.0	88130.0	451427.0	453337.0	116808.0	109001.0	14.2	10.8	22.0	18.2
2015-05-12	674672.0	80597.0	85904.0	458508.0	462465.0	114192.0	104928.0	14.5	10.5	22.2	17.7
2015-05-19	683932.0	83866.0	78140.0	467898.0	479505.0	108778.0	102898.0	14.3	11.2	22.2	18.5
2015-05-26	685015.0	78812.0	84536.0	468837.0	472952.0	114145.0	104306.0	14.5	11.1	21.7	18.2
2015-06-02	699436.0	82536.0	80201.0	479815.0	494626.0	117405.0	104928.0	14.8	11.4	22.2	18.4
2015-06-09	744892.0	79214.0	91454.0	514066.0	516068.0	132171.0	117930.0	12.9	10.7	19.8	17.3
2015-06-30	624941.0	74469.0	97279.0	424124.0	410936.0	102958.0	93337.0	13.5	12.1	21.9	20.2
2015-07-07	644368.0	74219.0	101245.0	434613.0	412444.0	120530.0	115673.0	13.5	10.6	21.9	18.7
2015-07-14	633569.0	74077.0	90209.0	431672.0	417235.0	110435.0	108740.0	14.4	11.0	22.5	19.2
2015-07-21	635291.0	79536.0	88408.0	429693.0	424302.0	107923.0	104443.0	14.0	10.5	22.7	18.5
2015-07-28	647180.0	79012.0	90353.0	439652.0	436465.0	108121.0	99966.0	13.2	10.0	21.2	17.7
2015-08-04	651953.0	78302.0	94045.0	437755.0	430672.0	115154.0	106494.0	12.2	9.4	19.8	16.9
2015-08-11	671573.0	77345.0	101554.0	453152.0	436736.0	119047.0	111254.0	12.0	9.4	18.9	16.5
2015-08-18	688260.0	82280.0	99456.0	466582.0	448788.0	117211.0	117829.0	11.8	9.4	18.8	16.1
2015-08-25	782911.0	97267.0	102868.0	509645.0	509661.0	151964.0	146347.0	10.0	9.8	17.3	15.8
2015-09-01	816628.0	85691.0	112244.0	543300.0	514354.0	164188.0	166580.0	11.7	7.8	19.4	13.3
2015-09-08	848170.0	85062.0	116020.0	568243.0	527762.0	174460.0	183983.0	10.8	7.3	18.8	12.4
2015-09-15	921243.0	79327.0	114527.0	638357.0	599209.0	175294.0	179242.0	10.6	7.8	18.0	12.6
2015-09-22	679965.0	73204.0	113974.0	473258.0	429572.0	116315.0	119230.0	14.7	11.1	24.9	17.3
2015-09-29	686659.0	77088.0	111828.0	477026.0	442157.0	113901.0	114030.0	14.9	10.7	24.7	17.3
2015-10-06	696897.0	69657.0	113913.0	495257.0	438707.0	116108.0	128401.0	15.4	10.0	25.1	16.6
2015-10-13	692719.0	70483.0	110180.0	493599.0	446235.0	111390.0	119057.0	15.5	9.6	25.5	16.2
2015-10-20	700025.0	73771.0	114751.0	500258.0	451039.0	106917.0	115156.0	16.2	9.6	26.4	16.3
2015-10-27	668152.0	78128.0	102501.0	484428.0	449376.0	86917.0	97597.0	17.4	9.7	26.1	16.0
2015-11-03	671878.0	74884.0	101006.0	494388.0	457567.0	82390.0	93090.0	16.5	9.5	25.6	15.8
2015-11-10	689592.0	73791.0	94027.0	497906.0	473398.0	92112.0	96384.0	15.4	9.7	25.2	16.2
2015-11-17	680871.0	71529.0	88053.0	485089.0	467123.0	97266.0	98709.0	15.4	9.9	24.4	16.3
2015-11-24	678277.0	72334.0	83935.0	488408.0	474465.0	92184.0	94526.0	14.9	10.1	23.3	16.4
2015-12-01	685208.0	71967.0	82199.0	496431.0	484580.0	88307.0	89926.0	14.4	10.0	22.5	16.0
2015-12-08	689577.0	71922.0	81397.0	505005.0	501098.0	82401.0	76834.0	12.9	10.3	20.2	16.7
2015-12-15	757425.0	75053.0	80083.0	523356.0	524722.0	118487.0	112091.0	11.2	9.7	18.4	15.1
2015-12-22	593654.0	67962.0	79327.0	396910.0	388842.0	105070.0	101774.0	14.2	11.0	22.4	17.5
2015-12-29	584476.0	65543.0	78229.0	395390.0	385718.0	99278.0	96264.0	15.0	11.1	22.6	17.2
2016-01-05	612018.0	66819.0	83627.0	404763.0	392169.0	112703.0	108488.0	14.0	10.9	22.2	17.2
2016-01-12	649905.0	67258.0	95857.0	434845.0	411731.0	122598.0	117112.0	12.8	10.1	21.8	16.4
2016-01-19	681362.0	72653.0	106712.0	454639.0	431599.0	130790.0	119772.0	12.6	9.1	21.7	15.5
2016-01-26	687081.0	78916.0	102497.0	459802.0	439834.0	122817.0	119204.0	12.9	9.1	22.3	15.5
2016-02-02	719671.0	71022.0	116393.0	491345.0	439868.0	127822.0	133929.0	12.9	8.4	22.3	13.8
2016-02-09	742952.0	73206.0	113690.0	506517.0	463221.0	137128.0	139939.0	12.1	8.3	21.2	13.4
2016-02-16	760791.0	80725.0	113128.0	516251.0	479879.0	139705.0	143674.0	12.4	8.3	20.9	13.0
2016-02-23	761112.0	81237.0	123282.0	515054.0	459692.0	139946.0	153263.0	13.1	8.3	21.3	13.1
2016-03-01	776246.0	81740.0	120938.0	519718.0	469865.0	148148.0	158803.0	12.7	9.0	20.8	14.0
2016-03-08	812089.0	80754.0	117641.0	543347.0	499031.0	161998.0	169426.0	12.5	10.5	20.5	15.4
2016-03-15	835103.0	81649.0	119281.0	565138.0	521628.0	158505.0	164383.0	11.9	10.9	19.5	16.1
2016-03-22	624401.0	80690.0	105868.0	444175.0	406759.0	77804.0	90041.0	14.0	14.4	24.0	20.5
2016-03-29	632054.0	84406.0	103624.0	444481.0	417482.0	82824.0	90604.0	13.8	14.3	23.7	20.7
2016-04-05	640464.0	86752.0	102416.0	449213.0	427737.0	80685.0	86496.0	13.9	14.5	23.9	21.4
2016-04-12	644744.0	85316.0	95600.0	449855.0	436183.0	81233.0	84621.0	14.2	14.2	23.3	20.9
2016-04-19	647049.0	88250.0	88190.0	455358.0	446188.0	75614.0	84845.0	13.8	14.3	23.2	21.1
2016-04-26	653325.0	96139.0	82321.0	446678.0	458362.0	86872.0	89005.0	12.8	13.4	21.7	20.6
2016-05-03	640333.0	93388.0	83185.0	436116.0	445037.0	86030.0	87311.0	13.3	13.6	22.4	21.0
2016-05-10	648848.0	97871.0	86046.0	441018.0	450757.0	84835.0	86920.0	13.1	13.4	22.1	20.6
2016-05-17	644341.0	93574.0	87088.0	448512.0	448578.0	77497.0	83917.0	13.9	13.7	22.7	20.3
2016-05-24	673452.0	115253.0	89641.0	454293.0	471736.0	81861.0	90029.0	13.3	13.3	21.8	20.4
2016-05-31	681779.0	112371.0	97419.0	464352.0	466977.0	83121.0	95447.0	13.5	12.9	22.2	20.3
2016-06-07	715957.0	107094.0	104130.0	494254.0	487032.0	94689.0	104875.0	12.7	12.0	21.8	19.8
2016-06-14	774471.0	127876.0	97403.0	510429.0	534799.0	105549.0	111652.0	10.9	10.4	18.2	16.9
2016-06-21	620998.0	108900.0	93951.0	404632.0	423143.0	89687.0	86125.0	12.6	13.1	20.4	20.1
2016-06-28	673460.0	106535.0	92487.0	448369.0	453151.0	98309.0	107575.0	11.2	12.4	19.0	19.1
2016-07-05	689194.0	110415.0	100190.0	456815.0	455402.0	99406.0	111044.0	12.3	13.6	20.7	20.2
2016-07-12	685818.0	117407.0	98083.0	444412.0	459653.0	101452.0	105536.0	11.9	13.4	19.5	19.5
2016-07-19	688835.0	129928.0	93666.0	437871.0	469387.0	97771.0	102517.0	12.8	13.1	20.1	19.6
2016-07-26	688070.0	131772.0	90237.0	437833.0	474793.0	94942.0	99517.0	12.2	13.1	19.6	19.6
2016-08-02	683947.0	126751.0	93694.0	441056.0	470796.0	90623.0	93939.0	11.8	13.0	18.8	19.5
2016-08-09	676437.0	123651.0	91262.0	440475.0	470831.0	85823.0	87856.0	12.4	12.9	19.9	19.5
2016-08-16	682836.0	126523.0	88046.0	442660.0	477395.0	84685.0	88428.0	12.4	12.9	19.3	19.6
2016-08-23	700378.0	133341.0	91144.0	451585.0	488587.0	83364.0	88560.0	12.0	12.0	19.0	18.8
2016-08-30	710340.0	135125.0	86276.0	453221.0	496674.0	84589.0	89985.0	11.2	12.0	18.7	18.8
2016-09-06	735322.0	134195.0	92336.0	478795.0	514806.0	86190.0	92039.0	11.1	11.8	18.1	18.4
2016-09-13	825324.0	119140.0	100576.0	554217.0	571307.0	106753.0	108226.0	8.9	9.8	15.0	15.1
2016-09-20	641083.0	110229.0	90463.0	425897.0	441972.0	83590.0	87281.0	12.3	14.3	20.8	22.5
2016-09-27	641376.0	111265.0	94104.0	426480.0	439287.0	84278.0	88632.0	11.9	14.5	20.4	22.6
2016-10-04	659410.0	108077.0	97342.0	438211.0	440813.0	91929.0	100062.0	11.5	13.9	19.6	21.7
2016-10-11	667013.0	104197.0	106414.0	438361.0	438139.0	106203.0	104208.0	11.6	13.7	18.9	21.0
2016-10-18	665364.0	107706.0	95050.0	435113.0	447699.0	103518.0	103589.0	11.6	15.2	19.2	22.4
2016-10-25	682461.0	102827.0	102809.0	459352.0	451984.0	101227.0	108613.0	11.7	15.4	19.2	22.0
2016-11-01	681289.0	102026.0	100054.0	448913.0	446505.0	107333.0	111713.0	11.3	15.6	18.0	21.7
2016-11-08	672984.0	101870.0	92197.0	440722.0	446304.0	103263.0	107355.0	10.8	15.6	17.7	22.0
2016-11-15	667044.0	97544.0	93626.0	447113.0	446002.0	101131.0	106161.0	11.9	15.8	19.0	22.0
2016-11-22	697761.0	97136.0	105689.0	473416.0	457630.0	104416.0	111649.0	12.1	15.6	19.6	21.6
2016-11-29	707887.0	96958.0	115816.0	488817.0	465908.0	100440.0	104492.0	12.2	15.6	19.5	21.7
2016-12-06	702523.0	91075.0	110320.0	484529.0	465602.0	106876.0	106558.0	11.2	15.9	18.9	22.0
2016-12-13	779925.0	96682.0	105393.0	529323.0	518506.0	121341.0	123446.0	10.2	14.4	17.3	19.5
2016-12-20	607961.0	84787.0	85802.0	432515.0	431769.0	75709.0	75440.0	13.7	19.6	22.5	25.9
2016-12-27	609421.0	89989.0	83335.0	427699.0	434749.0	78384.0	77987.0	13.3	20.1	21.7	26.5
2017-01-03	628650.0	98348.0	77437.0	430070.0	453909.0	83706.0	80778.0	13.2	19.5	20.9	25.9
2017-01-10	628415.0	91962.0	85545.0	439529.0	452609.0	78159.0	71496.0	14.0	17.8	22.0	24.6
2017-01-17	624477.0	92286.0	83377.0	435267.0	445498.0	78869.0	77546.0	14.1	15.9	22.3	22.8
2017-01-24	639223.0	99295.0	83019.0	437170.0	459688.0	85819.0	79578.0	13.0	15.5	21.1	22.6
2017-01-31	636204.0	100350.0	85183.0	441492.0	459114.0	77591.0	75136.0	12.4	15.3	20.8	22.7
