2011-04-05	37456.0	32067.0	26202.0	4056.0	11117.0	1333.0	137.0	92.0	90.6	95.5	99.2
2011-04-12	37396.0	31884.0	26202.0	4168.0	11052.0	1344.0	142.0	91.0	89.7	95.3	99.2
2011-04-19	37402.0	31911.0	26202.0	4100.0	11010.0	1391.0	190.0	90.8	89.4	95.1	99.0
2011-05-24	32498.0	28797.0	26201.0	2439.0	6102.0	1196.0	129.0	89.5	92.6	93.5	98.2
2011-05-31	41221.0	29743.0	27129.0	4763.0	8778.0	1735.0	334.0	71.8	76.3	75.4	80.8
2011-06-14	38596.0	30165.0	27209.0	2107.0	6316.0	1424.0	171.0	77.2	83.2	81.0	86.8
2011-06-21	38505.0	30074.0	27209.0	2122.0	6225.0	1409.0	171.0	77.4	83.1	81.3	86.8
2011-06-28	38644.0	30195.0	27209.0	2122.0	6140.0	1427.0	395.0	77.2	82.9	81.0	86.3
2011-07-05	38168.0	34133.0	10098.0	2518.0	27682.0	1451.0	322.0	88.6	90.5	93.1	99.0
2011-07-12	37878.0	33831.0	10228.0	2532.0	27307.0	1443.0	271.0	89.4	89.8	93.7	98.7
2011-07-19	18044.0	13881.0	10525.0	2526.0	7240.0	1565.0	207.0	76.8	89.3	86.1	97.7
2011-07-26	20632.0	16582.0	12279.0	2526.0	8061.0	1452.0	220.0	80.2	90.3	88.4	97.9
2011-08-02	20722.0	16551.0	12275.0	2539.0	8120.0	1560.0	255.0	80.1	90.1	88.5	97.8
2011-08-23	27738.0	17730.0	12849.0	4068.0	9515.0	851.0	285.0	67.1	74.5	73.8	80.4
2011-08-30	39411.0	18516.0	12860.0	14890.0	21406.0	916.0	56.0	73.0	78.3	77.6	82.9
2011-09-06	33956.0	20641.0	15842.0	12535.0	17630.0	711.0	415.0	92.1	94.7	95.4	98.5
2011-09-13	36761.0	21562.0	17591.0	14331.0	18115.0	799.0	986.0	86.7	90.4	95.5	97.1
2011-09-27	34997.0	18703.0	16831.0	15739.0	17098.0	489.0	1002.0	87.6	87.8	95.2	94.3
2011-10-04	32190.0	11826.0	16978.0	14769.0	9111.0	459.0	965.0	71.8	71.8	80.4	79.0
2012-04-17	17699.0	15816.0	13686.0	1379.0	3363.0	338.0	484.0	84.3	93.2	91.1	96.2
2012-04-24	20616.0	15277.0	14517.0	3661.0	4008.0	422.0	835.0	72.9	83.7	83.0	86.2
2012-05-01	18898.0	13597.0	14503.0	3571.0	2383.0	466.0	748.0	72.6	87.9	84.2	89.3
2012-05-08	18977.0	13700.0	14701.0	3418.0	2298.0	648.0	767.0	72.9	87.0	83.2	89.4
2012-05-15	20259.0	14370.0	15146.0	3801.0	2975.0	917.0	967.0	72.8	84.4	84.3	88.6
2012-05-22	20542.0	14500.0	15147.0	4268.0	3243.0	614.0	992.0	71.8	83.2	83.0	87.0
2012-05-29	21041.0	14401.0	14313.0	4637.0	4430.0	409.0	704.0	65.8	81.3	76.8	82.5
2012-06-05	19747.0	14382.0	14948.0	4892.0	3794.0	355.0	887.0	86.6	89.3	94.2	93.9
2012-06-12	20744.0	14540.0	14987.0	5470.0	4804.0	563.0	782.0	84.8	88.6	93.4	93.9
2012-06-19	21484.0	14870.0	14900.0	5922.0	5572.0	435.0	755.0	80.8	88.6	91.8	94.3
2012-06-26	19125.0	14920.0	14896.0	3516.0	3121.0	346.0	765.0	85.1	87.0	92.6	93.1
2012-07-03	17905.0	14821.0	14965.0	2711.0	1970.0	308.0	905.0	88.9	86.7	96.2	93.2
2012-07-10	17476.0	14569.0	15105.0	2442.0	1549.0	390.0	747.0	87.2	86.4	94.8	93.4
2012-07-17	16330.0	12965.0	13907.0	2895.0	1541.0	398.0	810.0	85.4	85.2	93.8	91.9
2012-07-24	16393.0	12972.0	13931.0	2907.0	1586.0	438.0	800.0	85.0	84.8	93.3	91.9
2012-07-31	16507.0	13053.0	13939.0	2843.0	1688.0	486.0	755.0	83.9	85.2	92.1	91.9
2012-08-07	17002.0	13917.0	14285.0	2553.0	1835.0	496.0	846.0	82.0	86.0	91.9	92.4
2012-08-14	17180.0	14124.0	14285.0	2482.0	2042.0	538.0	817.0	80.5	85.9	90.3	91.9
2012-08-21	17010.0	14126.0	14285.0	2294.0	2020.0	554.0	669.0	81.1	87.2	90.2	92.5
2012-08-28	18078.0	14076.0	14043.0	2593.0	2812.0	910.0	724.0	76.2	81.4	85.2	88.2
2012-09-11	16112.0	13640.0	13765.0	1768.0	1840.0	626.0	429.0	82.1	87.2	90.8	94.7
2012-09-18	16541.0	14673.0	14003.0	1202.0	2062.0	638.0	448.0	83.4	88.8	91.2	97.1
2012-09-25	19088.0	17257.0	16513.0	1164.0	2098.0	639.0	449.0	86.5	90.9	93.6	97.4
2012-10-09	20795.0	18573.0	532.0	1429.0	19722.0	734.0	482.0	87.0	90.1	93.5	97.4
2012-10-16	27658.0	18773.0	532.0	8150.0	26461.0	676.0	606.0	81.3	86.3	87.4	91.5
2012-10-23	27696.0	18772.0	496.0	8178.0	26671.0	687.0	470.0	81.2	86.9	87.4	92.0
2012-10-30	28703.0	18643.0	491.0	9135.0	27763.0	866.0	390.0	78.1	84.0	83.9	88.9
2012-11-06	32590.0	19030.0	692.0	12662.0	31576.0	888.0	312.0	86.2	90.0	90.7	94.9
2012-11-13	32424.0	18950.0	692.0	12787.0	31349.0	677.0	373.0	86.7	90.4	91.6	95.2
2012-11-20	32762.0	18953.0	946.0	12999.0	31196.0	653.0	463.0	85.9	89.2	90.9	93.9
2012-11-27	34629.0	19208.0	1968.0	14565.0	31855.0	676.0	626.0	84.2	86.2	89.0	91.9
2012-12-04	34124.0	19296.0	3680.0	13964.0	29735.0	793.0	638.0	85.9	88.4	90.7	94.5
2012-12-11	35698.0	21143.0	4729.0	13850.0	30292.0	637.0	609.0	85.1	87.1	91.0	94.6
2012-12-18	40302.0	21614.0	8086.0	16860.0	30352.0	740.0	776.0	75.6	85.9	89.3	92.3
2012-12-24	41054.0	22347.0	7583.0	16945.0	31718.0	671.0	662.0	73.8	84.3	88.1	91.8
2012-12-31	38246.0	22143.0	7430.0	15495.0	30169.0	569.0	608.0	82.1	88.9	93.1	96.0
2013-01-08	38461.0	22376.0	6421.0	15156.0	31263.0	717.0	565.0	81.6	87.6	92.6	95.9
2013-01-15	35698.0	15508.0	8530.0	19003.0	26141.0	672.0	512.0	74.4	81.5	90.3	95.0
2013-01-22	35784.0	15600.0	8513.0	19039.0	26231.0	624.0	519.0	74.8	81.9	90.6	95.0
2013-01-29	38984.0	18272.0	8816.0	19561.0	29363.0	702.0	356.0	68.7	78.0	86.7	91.7
2013-02-05	36636.0	15775.0	6732.0	19639.0	29122.0	870.0	430.0	65.3	77.7	81.0	88.0
2013-02-12	37767.0	15850.0	7551.0	20623.0	29480.0	940.0	382.0	65.8	78.2	81.0	88.7
2013-02-19	40040.0	17618.0	9702.0	20803.0	29558.0	1085.0	246.0	62.5	75.4	78.4	86.6
2013-02-26	43124.0	17430.0	11088.0	23842.0	30914.0	1092.0	362.0	56.0	69.6	72.4	80.0
2013-03-05	35104.0	16638.0	7038.0	16672.0	26940.0	1050.0	382.0	69.8	77.1	86.8	93.5
2013-03-12	35944.0	16332.0	6617.0	17333.0	27803.0	1125.0	370.0	69.4	80.2	85.4	92.5
2013-03-19	39835.0	18370.0	6353.0	19219.0	32008.0	1151.0	379.0	70.7	80.2	84.6	92.3
2013-03-26	39555.0	18581.0	6295.0	18930.0	31880.0	1061.0	397.0	71.5	80.2	84.5	92.8
2013-04-02	36811.0	16461.0	7831.0	18516.0	27587.0	838.0	397.0	72.3	81.4	82.6	94.0
2013-04-09	38140.0	18201.0	6503.0	17986.0	30097.0	969.0	556.0	74.4	82.7	84.3	92.9
2013-04-16	38974.0	18510.0	6420.0	18660.0	31239.0	948.0	459.0	72.9	81.1	83.2	91.3
2013-04-23	41390.0	18768.0	8356.0	20983.0	31857.0	869.0	407.0	72.2	81.2	83.9	91.9
2013-04-30	44186.0	19425.0	8362.0	22606.0	34354.0	1015.0	330.0	66.8	76.0	79.2	86.4
2013-05-07	39392.0	18718.0	3501.0	18812.0	34536.0	849.0	342.0	67.3	74.8	78.6	86.7
2013-05-14	41892.0	21514.0	3174.0	18371.0	37307.0	970.0	374.0	66.7	75.4	76.3	88.0
2013-05-21	41971.0	21477.0	3575.0	18661.0	36941.0	815.0	437.0	66.7	74.6	76.4	87.4
2013-05-28	43754.0	21918.0	3887.0	19948.0	38148.0	639.0	470.0	63.6	71.3	74.0	84.0
2013-06-04	38940.0	12244.0	7137.0	21760.0	26777.0	676.0	766.0	52.1	58.9	68.7	72.3
2013-06-11	39852.0	12857.0	6532.0	22002.0	27547.0	455.0	1235.0	48.9	57.6	65.1	70.0
2013-06-18	37359.0	12015.0	3856.0	20976.0	28122.0	548.0	1561.0	52.9	62.5	70.2	74.9
2013-06-25	32142.0	9566.0	5645.0	18510.0	21809.0	770.0	1392.0	50.7	48.7	67.1	70.4
2013-07-02	27642.0	6211.0	4670.0	17529.0	18229.0	669.0	1510.0	64.4	57.5	79.7	77.9
2013-07-09	27791.0	6203.0	4654.0	17575.0	18316.0	713.0	1521.0	64.3	57.3	79.8	77.7
2013-07-16	27576.0	6540.0	4836.0	17065.0	18385.0	727.0	1111.0	64.7	57.5	81.1	77.9
2013-07-23	27238.0	6518.0	4625.0	16703.0	18282.0	755.0	1069.0	64.8	58.3	81.5	79.1
2013-07-30	26510.0	6661.0	4389.0	15872.0	17887.0	803.0	1060.0	64.1	57.8	80.0	78.0
2013-08-06	23744.0	5013.0	3965.0	14740.0	15489.0	850.0	1149.0	68.1	65.5	80.8	80.4
2013-08-13	22890.0	4256.0	3915.0	14728.0	14749.0	785.0	1105.0	70.6	68.0	81.3	80.6
2013-08-20	24506.0	5416.0	5207.0	15120.0	15233.0	869.0	965.0	67.4	63.6	82.1	80.6
2013-08-27	26942.0	5411.0	4506.0	17290.0	18395.0	1063.0	863.0	64.3	58.3	77.2	76.9
2013-09-03	22287.0	5548.0	4463.0	12774.0	13764.0	828.0	923.0	70.1	67.6	77.9	75.5
2013-09-10	21677.0	5868.0	4225.0	12030.0	13579.0	673.0	767.0	67.7	64.5	77.0	75.6
2013-09-17	20139.0	4842.0	3139.0	11584.0	13224.0	583.0	646.0	68.7	68.1	74.9	73.7
2013-09-24	19744.0	4393.0	3239.0	11605.0	12725.0	604.0	638.0	70.5	70.0	76.8	75.2
2013-10-01	19813.0	4164.0	3279.0	11944.0	12900.0	600.0	529.0	70.3	71.3	75.5	74.9
2013-10-15	20423.0	5071.0	3285.0	11628.0	13242.0	616.0	788.0	70.2	69.6	77.1	77.1
2013-11-26	12817.0	5927.0	1336.0	2984.0	7432.0	632.0	775.0	47.7	51.7	62.0	60.6
2014-01-14	12239.0	4998.0	4469.0	3402.0	3191.0	473.0	1213.0	50.9	51.0	66.5	58.5
2014-01-21	12349.0	4970.0	4432.0	3400.0	3201.0	526.0	1263.0	50.2	48.9	64.9	56.9
2014-01-28	12527.0	4360.0	4346.0	4321.0	3201.0	571.0	1705.0	50.0	44.7	66.1	54.6
2014-02-04	16431.0	8350.0	8303.0	4308.0	3160.0	643.0	1838.0	61.0	55.7	77.0	66.9
2014-02-18	12649.0	5278.0	4422.0	3623.0	3630.0	545.0	1394.0	55.2	49.2	69.8	59.4
2014-02-25	14406.0	6512.0	6116.0	3765.0	4026.0	609.0	744.0	53.4	51.9	71.0	64.0
2014-03-04	18463.0	12103.0	4832.0	2266.0	9675.0	1034.0	896.0	65.6	42.9	72.0	60.7
2014-03-11	20185.0	13914.0	6094.0	2223.0	10078.0	988.0	953.0	64.0	41.2	74.2	61.4
2014-03-18	19417.0	13092.0	5555.0	2255.0	9847.0	1008.0	953.0	62.3	40.8	73.1	60.7
2014-03-25	24298.0	18467.0	11415.0	1586.0	8762.0	1094.0	970.0	70.0	53.5	81.4	71.9
2014-04-01	26490.0	15347.0	7538.0	5233.0	13267.0	1175.0	950.0	57.9	42.4	60.7	54.1
2014-04-08	22284.0	16367.0	6934.0	1369.0	11438.0	1245.0	609.0	66.8	64.0	78.2	76.7
2014-04-15	23432.0	17050.0	7444.0	1814.0	12078.0	1225.0	567.0	72.8	61.8	77.5	75.1
2014-04-22	20955.0	14406.0	6491.0	2129.0	10561.0	1139.0	622.0	68.7	60.0	74.6	72.0
2014-04-29	22059.0	14635.0	7037.0	2645.0	10710.0	1065.0	598.0	67.2	59.4	72.0	68.9
2014-05-06	20272.0	14878.0	5725.0	1160.0	10876.0	1174.0	611.0	73.0	64.3	79.1	78.1
2014-05-13	20617.0	14733.0	5739.0	1473.0	11190.0	1351.0	628.0	69.4	64.6	78.1	79.0
2014-05-20	20807.0	14665.0	5737.0	1683.0	11397.0	1398.0	612.0	67.4	64.1	77.4	78.2
2014-05-27	21599.0	14652.0	5492.0	2044.0	11829.0	1396.0	771.0	66.3	61.8	74.6	75.9
2014-06-03	26138.0	13805.0	4583.0	4854.0	14512.0	1214.0	778.0	48.9	55.9	59.3	61.2
2014-06-10	26258.0	13273.0	4825.0	5271.0	14341.0	1310.0	688.0	44.7	54.2	58.7	59.5
2014-06-17	26514.0	13306.0	5016.0	5666.0	14615.0	1329.0	670.0	43.9	54.1	57.3	59.9
2014-06-24	34430.0	19276.0	5021.0	6166.0	21184.0	1422.0	659.0	53.7	48.6	60.0	59.4
2014-07-01	38539.0	23493.0	5885.0	5839.0	24147.0	1449.0	749.0	58.7	47.1	64.2	61.1
2014-07-08	35751.0	23760.0	8214.0	4425.0	20594.0	1324.0	701.0	68.2	47.5	70.7	66.7
2014-07-15	35431.0	23517.0	8175.0	4430.0	20435.0	1244.0	581.0	68.0	47.1	70.6	67.5
2014-07-22	36572.0	22900.0	8315.0	6243.0	21130.0	1272.0	970.0	60.5	47.2	70.1	69.1
2014-07-29	38522.0	23832.0	7453.0	6663.0	23494.0	1310.0	858.0	59.9	47.0	69.5	67.4
2014-08-05	35832.0	21875.0	5767.0	6621.0	23126.0	1211.0	814.0	57.6	49.8	70.2	69.1
2014-08-12	34789.0	20117.0	5579.0	7031.0	22251.0	1275.0	593.0	53.3	49.8	68.5	68.7
2014-08-19	47781.0	21016.0	17411.0	19139.0	23268.0	1253.0	729.0	55.6	54.6	69.8	70.1
2014-08-26	63964.0	23568.0	30321.0	32273.0	25867.0	1224.0	877.0	65.8	61.7	75.4	74.6
2014-09-02	86435.0	30054.0	33055.0	47153.0	38842.0	1929.0	7239.0	56.4	46.2	63.3	54.9
2014-09-09	64243.0	26912.0	27593.0	29538.0	29618.0	1189.0	428.0	70.5	73.7	78.0	78.1
2014-09-16	60496.0	21923.0	26161.0	30798.0	27229.0	1118.0	449.0	59.6	70.9	74.1	74.6
2014-09-23	60800.0	18271.0	25831.0	34414.0	27336.0	1041.0	559.0	52.8	69.2	68.6	71.9
2014-09-30	63322.0	12990.0	29690.0	41734.0	25261.0	906.0	679.0	58.4	70.2	69.5	73.5
2014-10-07	45481.0	7195.0	28316.0	29913.0	8800.0	831.0	823.0	58.7	63.9	65.2	66.5
2014-10-14	44378.0	5553.0	25645.0	30957.0	10726.0	685.0	824.0	60.7	60.9	66.5	65.0
2014-10-21	46570.0	8002.0	28911.0	30918.0	10070.0	713.0	652.0	57.9	63.5	66.6	68.3
2014-10-28	47059.0	7851.0	28978.0	30739.0	9571.0	723.0	764.0	56.8	62.2	66.7	67.1
2014-11-04	70667.0	6447.0	49991.0	56847.0	13568.0	908.0	643.0	76.0	77.4	80.3	80.4
2014-11-11	73442.0	8857.0	53512.0	57664.0	13082.0	618.0	545.0	75.7	76.5	81.1	81.3
2014-11-18	69924.0	8111.0	55915.0	57561.0	9753.0	541.0	545.0	83.5	83.2	88.9	87.9
2014-11-25	72548.0	7818.0	55604.0	59182.0	11483.0	765.0	678.0	80.2	80.0	85.2	84.6
2014-12-02	63330.0	5864.0	55011.0	53727.0	4903.0	764.0	441.0	87.3	87.5	89.3	89.2
2014-12-09	63694.0	5060.0	55141.0	54736.0	4864.0	764.0	555.0	85.6	87.4	88.3	89.0
2014-12-16	63770.0	4485.0	54645.0	54822.0	4939.0	736.0	459.0	85.5	86.0	88.0	87.6
2014-12-23	65182.0	5173.0	55077.0	55897.0	6125.0	727.0	595.0	83.7	85.0	86.3	86.3
2014-12-30	45821.0	5520.0	34972.0	35711.0	6141.0	685.0	803.0	75.2	77.1	79.6	78.9
2015-01-06	13376.0	4890.0	4901.0	3984.0	3886.0	676.0	763.0	36.8	33.9	43.0	39.3
2015-01-27	36682.0	14337.0	10569.0	12558.0	16985.0	5846.0	5187.0	38.5	34.4	41.7	39.5
2015-02-10	24644.0	15365.0	6695.0	4069.0	12389.0	908.0	1258.0	64.6	53.8	67.3	62.5
2015-02-17	22759.0	11040.0	4680.0	5376.0	11355.0	742.0	1123.0	43.3	50.8	56.2	55.5
2015-02-24	31681.0	18149.0	13588.0	7302.0	11486.0	721.0	1098.0	54.6	64.2	67.7	68.0
2015-03-03	22394.0	4958.0	13556.0	13653.0	4518.0	620.0	1157.0	60.2	62.6	68.5	66.0
2015-03-10	23426.0	5685.0	14235.0	13788.0	4544.0	515.0	1209.0	57.7	60.6	69.4	65.1
2015-03-17	22555.0	4961.0	12144.0	13240.0	5358.0	633.0	1332.0	57.7	51.6	64.9	57.8
2015-03-31	25906.0	5737.0	13771.0	15693.0	7086.0	495.0	1068.0	52.7	55.4	61.1	58.7
2015-04-14	21917.0	4270.0	11531.0	13479.0	5893.0	590.0	915.0	64.7	48.1	65.6	59.8
2015-04-21	25135.0	9033.0	14050.0	11701.0	6375.0	885.0	1194.0	65.4	54.4	69.1	64.5
2015-04-28	31095.0	10968.0	15734.0	15820.0	10816.0	942.0	1180.0	53.6	49.5	59.5	55.4
2015-05-12	18088.0	10367.0	4553.0	3777.0	9691.0	969.0	869.0	57.2	55.6	61.9	59.7
2015-05-19	17150.0	9229.0	4424.0	4124.0	8729.0	819.0	1019.0	52.9	55.0	59.4	58.7
2015-05-26	18123.0	9290.0	5414.0	4910.0	8414.0	926.0	1298.0	46.7	55.9	60.4	60.0
2015-06-02	16770.0	7577.0	8828.0	5372.0	3940.0	846.0	1027.0	42.7	55.2	57.4	59.1
2015-06-09	17631.0	8346.0	9758.0	5229.0	3929.0	1079.0	967.0	44.5	55.1	58.6	59.8
2015-06-16	17239.0	7895.0	9209.0	5125.0	3930.0	1048.0	929.0	46.5	53.0	58.4	57.7
2015-06-23	15544.0	7112.0	7291.0	4422.0	4185.0	835.0	893.0	40.8	45.7	52.2	51.0
2015-06-30	19096.0	9977.0	6433.0	4428.0	7963.0	956.0	965.0	46.1	50.2	56.6	55.0
2015-07-07	16983.0	8643.0	6363.0	4307.0	6266.0	969.0	1290.0	48.8	47.4	56.8	53.2
2015-07-14	18124.0	10447.0	6905.0	3617.0	6921.0	1020.0	1258.0	54.7	43.4	62.4	55.9
2015-07-21	22552.0	14347.0	8141.0	3647.0	9334.0	832.0	1351.0	62.7	46.4	67.6	61.1
2015-07-28	20303.0	8221.0	8214.0	8424.0	7020.0	625.0	2036.0	44.0	37.1	57.1	47.0
2015-08-04	22359.0	8396.0	12860.0	10116.0	4819.0	866.0	1699.0	56.3	47.9	67.9	60.2
2015-08-11	24003.0	8866.0	14071.0	10786.0	4889.0	1077.0	1769.0	56.5	45.9	66.5	57.7
2015-08-18	32298.0	12134.0	22435.0	15409.0	4400.0	1043.0	1751.0	63.4	60.6	74.4	68.8
2015-08-25	26390.0	10783.0	16700.0	11029.0	4731.0	1119.0	1500.0	60.2	42.7	71.8	59.1
2015-09-01	33933.0	11550.0	18182.0	12280.0	4850.0	1279.0	2077.0	50.1	43.4	61.5	52.4
2015-09-08	19217.0	10172.0	16017.0	7624.0	1027.0	1121.0	1873.0	62.7	73.0	83.6	79.7
2015-09-15	22115.0	12219.0	17979.0	8574.0	1751.0	1024.0	2087.0	56.5	70.6	80.9	77.6
2015-09-22	21809.0	11204.0	17052.0	9278.0	2451.0	1038.0	2017.0	59.6	69.5	80.7	75.7
2015-09-29	24643.0	11480.0	17477.0	11366.0	4625.0	1008.0	1752.0	54.3	59.5	73.2	67.0
2015-10-06	27787.0	20376.0	22183.0	6215.0	3759.0	1003.0	1652.0	74.6	75.9	89.7	84.0
2015-10-13	24387.0	19284.0	19195.0	4044.0	3527.0	861.0	1467.0	83.3	70.7	92.0	80.6
2015-10-20	23634.0	18647.0	18705.0	3801.0	3072.0	869.0	1540.0	85.7	69.1	92.3	79.3
2015-10-27	23282.0	18643.0	18712.0	3381.0	2793.0	867.0	1386.0	88.2	64.9	93.4	77.8
2015-11-03	20277.0	16160.0	14460.0	3294.0	4216.0	810.0	1588.0	95.1	61.1	95.9	80.4
2015-11-10	22705.0	17954.0	15521.0	3820.0	5793.0	873.0	1333.0	90.9	58.8	95.8	81.5
2015-11-17	26585.0	21561.0	18982.0	4015.0	6236.0	974.0	1332.0	91.9	61.2	96.1	80.4
2015-11-24	30543.0	23400.0	20255.0	6175.0	8942.0	919.0	1297.0	84.3	59.6	88.7	78.4
2015-12-01	44265.0	24414.0	20753.0	15605.0	18633.0	1153.0	1786.0	58.8	40.6	63.5	54.5
2015-12-08	21369.0	12490.0	7106.0	7620.0	12447.0	855.0	1412.0	78.6	80.0	92.9	88.3
2015-12-15	19707.0	9537.0	5389.0	8913.0	12443.0	838.0	1456.0	80.9	81.2	93.6	88.1
2015-12-22	20542.0	8968.0	5908.0	10423.0	12789.0	730.0	1424.0	69.8	76.4	92.3	84.1
2015-12-29	29333.0	9858.0	7307.0	15112.0	17204.0	884.0	1343.0	46.9	61.2	67.7	66.2
2016-01-05	14320.0	6360.0	8430.0	6749.0	4054.0	811.0	1436.0	74.0	62.5	88.2	76.0
2016-01-12	14588.0	5737.0	9281.0	7698.0	3507.0	750.0	1397.0	74.4	57.9	88.3	72.0
2016-01-19	14794.0	6084.0	9400.0	7602.0	3774.0	666.0	1178.0	70.4	56.6	85.8	70.5
2016-01-26	18670.0	6761.0	10474.0	9775.0	5538.0	630.0	1154.0	59.7	45.9	73.0	58.4
2016-02-02	14279.0	4205.0	7343.0	9377.0	5730.0	697.0	1206.0	79.0	65.3	94.2	80.4
2016-02-09	14405.0	4584.0	7157.0	8796.0	6004.0	1008.0	1227.0	78.2	63.7	92.0	78.0
2016-02-16	13713.0	4542.0	5879.0	8227.0	6660.0	944.0	1174.0	78.4	60.1	92.2	75.9
2016-02-23	12936.0	5615.0	4420.0	6059.0	6998.0	1069.0	1325.0	72.4	65.1	89.9	78.7
2016-03-01	14911.0	6839.0	5370.0	6471.0	7530.0	1066.0	1476.0	64.6	55.7	86.5	68.8
2016-03-08	20886.0	14282.0	8648.0	5363.0	10524.0	947.0	1420.0	80.9	65.2	92.3	79.1
2016-03-15	24577.0	18002.0	12944.0	5236.0	10263.0	1099.0	1130.0	84.6	60.2	93.4	84.0
2016-03-22	29616.0	22781.0	14524.0	5353.0	13572.0	1073.0	1111.0	85.4	58.6	93.4	83.4
2016-03-29	45047.0	22921.0	13493.0	18803.0	28232.0	1186.0	1185.0	56.0	42.1	61.5	55.1
2016-04-05	30973.0	22073.0	6901.0	6197.0	21437.0	1037.0	969.0	80.9	78.7	89.9	87.5
2016-04-12	30779.0	21639.0	7798.0	6749.0	20295.0	805.0	1100.0	76.1	78.5	90.9	87.2
2016-04-19	30622.0	20849.0	7685.0	7217.0	20496.0	991.0	876.0	73.9	78.2	90.1	87.0
2016-04-26	29017.0	19464.0	5375.0	6841.0	20983.0	1025.0	972.0	76.8	79.0	88.7	86.9
2016-05-03	25288.0	17934.0	18779.0	6357.0	5803.0	997.0	706.0	82.3	87.8	93.2	94.4
2016-05-10	27543.0	20523.0	20331.0	5969.0	6286.0	999.0	874.0	89.4	85.6	95.3	93.8
2016-05-17	27453.0	20304.0	19981.0	6019.0	6479.0	1078.0	941.0	87.3	86.5	93.7	93.4
2016-05-24	28868.0	20224.0	19875.0	6236.0	6540.0	1003.0	1048.0	80.9	82.8	88.6	89.4
2016-05-31	42712.0	19699.0	19981.0	21228.0	20922.0	1076.0	1100.0	54.4	56.5	59.7	60.9
2016-06-07	27709.0	18021.0	5173.0	8019.0	20885.0	910.0	892.0	80.4	84.3	90.8	92.0
2016-06-14	28373.0	17959.0	5482.0	8152.0	20889.0	1259.0	999.0	79.2	80.6	88.4	88.2
2016-06-21	28085.0	18362.0	5390.0	7502.0	20909.0	1226.0	791.0	81.6	79.8	89.1	88.8
2016-06-28	30326.0	18513.0	5797.0	9215.0	22213.0	1433.0	1151.0	73.9	74.9	81.2	82.8
2016-07-05	26195.0	17077.0	4687.0	7205.0	20465.0	1719.0	849.0	79.2	80.5	85.6	89.5
2016-07-12	26973.0	18012.0	5888.0	7037.0	20100.0	1677.0	738.0	78.7	81.8	84.6	90.3
2016-07-19	26199.0	17454.0	5974.0	6986.0	19284.0	1508.0	690.0	73.7	84.3	85.6	93.3
2016-07-26	26189.0	16826.0	5316.0	7489.0	19831.0	1541.0	709.0	72.6	84.3	85.2	93.2
2016-08-02	23861.0	16343.0	16440.0	6061.0	6867.0	1434.0	531.0	80.9	83.5	89.7	93.8
2016-08-09	25841.0	17146.0	17282.0	6764.0	7811.0	1884.0	701.0	80.3	79.6	87.6	91.8
2016-08-16	26895.0	18252.0	17886.0	6741.0	8165.0	1879.0	821.0	79.9	79.0	87.0	92.2
2016-08-23	25182.0	16981.0	16730.0	6330.0	7528.0	1781.0	834.0	76.4	81.1	85.5	92.1
2016-08-30	33489.0	16084.0	15284.0	15337.0	16815.0	1803.0	1125.0	55.9	58.4	61.3	66.4
2016-09-06	27330.0	18392.0	7800.0	7097.0	18716.0	1841.0	814.0	71.4	73.9	80.9	84.4
2016-09-13	26578.0	17591.0	7630.0	7055.0	18103.0	1932.0	845.0	73.8	75.0	83.0	85.8
2016-09-20	25424.0	16161.0	6804.0	7528.0	17689.0	1735.0	931.0	75.4	74.9	82.2	86.0
2016-09-27	28194.0	18624.0	8451.0	7324.0	18224.0	1685.0	958.0	77.0	72.6	84.1	85.7
2016-10-04	28894.0	20723.0	5955.0	6264.0	21745.0	1532.0	819.0	81.7	83.6	88.1	91.4
2016-10-11	28829.0	20140.0	5298.0	6429.0	22075.0	1727.0	923.0	79.8	85.2	87.5	92.7
2016-10-18	28702.0	20080.0	2989.0	6296.0	24247.0	1833.0	973.0	79.8	85.3	86.0	92.8
2016-10-25	31043.0	22590.0	5243.0	6516.0	24752.0	1693.0	804.0	78.5	82.2	86.4	91.6
2016-11-01	39101.0	22794.0	6138.0	12756.0	31288.0	3395.0	1519.0	66.4	70.1	71.7	77.0
2016-11-08	30044.0	22420.0	2968.0	5681.0	26159.0	1789.0	763.0	83.3	87.3	88.9	94.7
2016-11-15	26869.0	19363.0	3821.0	5596.0	22015.0	1649.0	772.0	77.8	82.3	85.6	92.9
2016-11-22	25699.0	17653.0	3956.0	6398.0	21007.0	1646.0	734.0	80.3	81.5	87.2	92.5
2016-11-29	32314.0	17655.0	3655.0	12274.0	27008.0	1544.0	810.0	62.0	64.8	68.2	71.9
2016-12-06	19925.0	11460.0	4208.0	6528.0	14440.0	1338.0	678.0	74.9	73.0	83.0	83.2
2016-12-13	20065.0	11459.0	4441.0	6552.0	14453.0	1458.0	575.0	78.3	71.8	84.2	81.9
2016-12-20	27059.0	18059.0	5152.0	6515.0	20417.0	1578.0	583.0	78.4	80.5	86.3	88.8
2016-12-27	41949.0	22019.0	6652.0	17684.0	34027.0	1687.0	711.0	58.1	60.2	64.2	65.5
2017-01-03	31351.0	22662.0	2432.0	6417.0	27740.0	1713.0	620.0	81.2	86.8	89.1	92.8
2017-01-10	33220.0	24707.0	2910.0	6416.0	29220.0	1564.0	557.0	83.5	85.8	90.1	91.9
2017-01-17	37029.0	28327.0	4587.0	6487.0	31289.0	1679.0	617.0	84.5	81.9	90.6	91.6
2017-01-24	37854.0	29067.0	4108.0	6513.0	32608.0	1712.0	576.0	84.7	83.3	90.7	91.8
2017-01-31	45732.0	29204.0	4241.0	14485.0	40755.0	2043.0	736.0	70.5	69.1	75.3	76.7
