2011-06-28	4224.0	2419.0	34.0	1656.0	3518.0	147.0	670.0	80.3	58.7	95.7	77.9
2011-07-12	3723.0	1926.0	84.0	1631.0	3113.0	164.0	524.0	80.3	59.6	95.5	79.4
2011-07-19	3773.0	1941.0	110.0	1667.0	3130.0	163.0	531.0	80.6	59.2	95.6	78.8
2011-07-26	3843.0	1936.0	143.0	1739.0	3146.0	167.0	553.0	80.7	58.2	95.4	77.5
2011-08-02	4103.0	1923.0	163.0	2027.0	3371.0	150.0	566.0	81.3	55.7	96.1	77.6
2013-10-01	4348.0	2859.0	239.0	893.0	2751.0	506.0	1268.0	65.8	51.7	85.2	62.6
2013-10-08	4105.0	2732.0	336.0	857.0	2541.0	458.0	1170.0	68.2	48.4	86.5	59.7
2013-10-15	4492.0	2962.0	335.0	987.0	2725.0	472.0	1361.0	68.8	46.9	86.7	59.1
2013-10-22	4713.0	3086.0	366.0	1017.0	2852.0	537.0	1422.0	66.8	46.9	86.1	59.7
2013-10-29	5312.0	3606.0	401.0	1152.0	3357.0	462.0	1462.0	67.4	48.3	86.8	61.7
2013-11-05	4889.0	3350.0	461.0	1090.0	3025.0	367.0	1321.0	68.5	47.2	88.5	61.6
2013-11-12	5437.0	3817.0	559.0	1237.0	3318.0	292.0	1469.0	69.7	48.1	88.8	62.5
2013-11-19	6153.0	4450.0	583.0	1366.0	3782.0	239.0	1690.0	69.7	48.7	89.2	63.4
2013-11-26	6495.0	4767.0	639.0	1359.0	3951.0	277.0	1813.0	69.9	48.6	89.1	63.1
2013-12-03	6948.0	5217.0	682.0	1386.0	4325.0	249.0	1845.0	69.3	49.7	89.1	64.4
2013-12-10	7051.0	5192.0	729.0	1528.0	4547.0	261.0	1705.0	65.6	48.4	89.5	63.3
2013-12-17	7979.0	5997.0	747.0	1562.0	5119.0	332.0	2025.0	64.6	46.6	88.6	61.0
2013-12-24	8758.0	6624.0	691.0	1707.0	5653.0	329.0	2316.0	62.8	47.5	87.6	60.6
2014-01-07	8357.0	6253.0	795.0	1722.0	5367.0	270.0	2083.0	63.2	49.9	89.9	63.0
2014-01-14	9503.0	7198.0	766.0	1859.0	6339.0	319.0	2271.0	66.0	52.7	90.9	64.9
2014-01-21	10604.0	7899.0	901.0	2096.0	7229.0	457.0	2322.0	65.7	54.0	90.4	66.6
2014-01-28	11156.0	8410.0	990.0	2329.0	7600.0	269.0	2418.0	65.6	53.3	89.4	65.7
2014-02-04	11208.0	8355.0	1062.0	2316.0	7606.0	386.0	2389.0	65.6	52.7	89.5	65.2
2014-02-11	10295.0	7928.0	1102.0	2033.0	7173.0	283.0	1969.0	68.7	53.0	92.0	66.7
2014-02-18	10991.0	8554.0	1182.0	2081.0	7683.0	305.0	2075.0	69.6	53.7	92.2	66.8
2014-02-25	11830.0	9310.0	1380.0	2115.0	8211.0	347.0	2181.0	70.3	53.7	91.5	66.7
2014-03-04	12279.0	9575.0	1463.0	2116.0	8545.0	536.0	2219.0	70.0	52.4	90.9	65.2
2014-03-11	10780.0	8516.0	1201.0	1714.0	7599.0	517.0	1947.0	72.1	53.0	91.4	67.2
2014-03-18	10874.0	8627.0	1230.0	1700.0	7682.0	509.0	1924.0	72.7	53.3	91.8	67.4
2014-03-25	11027.0	8783.0	1204.0	1692.0	7804.0	517.0	1984.0	73.1	53.3	91.9	66.6
2014-04-01	11208.0	8919.0	1289.0	1716.0	7900.0	534.0	1980.0	73.1	53.3	91.6	66.5
2014-04-08	9497.0	7600.0	1041.0	1382.0	6744.0	504.0	1701.0	74.3	53.9	91.2	68.3
2014-04-15	9601.0	7671.0	1113.0	1410.0	6772.0	509.0	1705.0	74.2	58.1	91.3	70.5
2014-04-22	9777.0	7748.0	1117.0	1480.0	6867.0	527.0	1771.0	73.7	57.6	91.2	70.1
2014-04-29	10017.0	7969.0	1167.0	1516.0	6932.0	517.0	1903.0	72.5	56.7	89.8	68.7
2014-05-06	8624.0	6909.0	1133.0	1229.0	5823.0	479.0	1661.0	71.4	56.9	90.1	68.9
2014-05-13	8693.0	6963.0	1158.0	1245.0	5847.0	478.0	1681.0	70.0	56.7	90.2	68.8
2014-05-20	8895.0	7145.0	1208.0	1271.0	5911.0	472.0	1769.0	69.1	55.8	90.2	67.9
2014-05-27	9393.0	7534.0	1024.0	1394.0	6428.0	451.0	1927.0	67.5	54.9	90.5	66.1
2014-06-03	9661.0	7779.0	1082.0	1405.0	6633.0	466.0	1935.0	68.0	54.5	90.5	66.2
2014-06-10	8122.0	6544.0	924.0	1065.0	5563.0	510.0	1632.0	68.3	55.3	89.3	67.5
2014-06-17	8307.0	6652.0	881.0	1170.0	5608.0	469.0	1802.0	67.7	53.8	89.0	65.6
2014-06-24	8624.0	6876.0	938.0	1222.0	5855.0	518.0	1823.0	67.5	54.2	88.4	67.1
2014-07-01	8718.0	6997.0	960.0	1234.0	5887.0	468.0	1852.0	67.7	53.3	88.3	66.5
2014-07-08	7180.0	5711.0	760.0	975.0	4791.0	479.0	1614.0	70.3	53.3	87.4	66.0
2014-07-15	7412.0	5912.0	868.0	1006.0	4866.0	465.0	1649.0	70.9	52.6	87.4	65.3
2014-07-22	7584.0	6134.0	889.0	1040.0	4880.0	365.0	1770.0	70.7	51.5	87.1	64.1
2014-07-29	7689.0	6287.0	907.0	1024.0	4904.0	326.0	1826.0	70.9	51.0	87.1	63.5
2014-08-05	6410.0	5262.0	757.0	817.0	4018.0	289.0	1593.0	73.6	50.8	86.6	62.9
2014-08-12	6540.0	5412.0	783.0	817.0	4044.0	270.0	1672.0	74.7	49.8	87.3	61.5
2014-08-19	6497.0	5280.0	744.0	881.0	4049.0	275.0	1643.0	73.2	50.3	86.8	61.5
2014-08-26	6548.0	5268.0	683.0	857.0	4076.0	308.0	1674.0	72.6	50.2	85.7	61.5
2014-09-02	6562.0	5272.0	707.0	853.0	4088.0	319.0	1649.0	72.4	50.1	85.6	61.6
2014-09-09	5225.0	4071.0	531.0	688.0	3196.0	366.0	1398.0	74.9	51.8	85.9	62.7
2014-09-16	5477.0	4317.0	556.0	688.0	3542.0	370.0	1277.0	73.9	50.2	84.1	63.4
2014-09-23	5507.0	4340.0	546.0	705.0	3570.0	370.0	1299.0	74.0	50.2	84.4	63.8
2014-09-30	5552.0	4374.0	555.0	703.0	3573.0	369.0	1318.0	74.3	49.8	84.6	63.9
2014-10-07	4496.0	3586.0	517.0	514.0	2828.0	328.0	1083.0	77.0	49.2	87.1	62.4
2014-10-14	4703.0	3820.0	515.0	516.0	2959.0	290.0	1152.0	78.7	47.8	88.3	60.7
2014-10-21	4801.0	3956.0	572.0	512.0	2965.0	254.0	1185.0	78.2	47.0	87.9	59.8
2014-10-28	4853.0	3889.0	612.0	583.0	2983.0	307.0	1184.0	77.5	46.8	87.1	59.6
2014-11-04	4983.0	4028.0	678.0	629.0	2993.0	236.0	1222.0	76.4	46.0	86.6	58.5
2014-11-11	3997.0	3196.0	627.0	471.0	2149.0	273.0	1164.0	76.7	45.2	87.4	57.4
2014-11-18	4070.0	3212.0	662.0	506.0	2148.0	300.0	1208.0	76.2	44.4	87.1	56.7
2014-11-25	4057.0	3185.0	685.0	513.0	2051.0	311.0	1273.0	75.6	42.5	87.0	54.6
2014-12-02	4087.0	3214.0	679.0	515.0	2050.0	313.0	1313.0	75.7	42.2	87.0	54.0
2014-12-09	3095.0	2392.0	424.0	441.0	1348.0	224.0	1285.0	76.9	39.7	89.5	49.1
2014-12-16	3147.0	2342.0	382.0	486.0	1387.0	286.0	1345.0	75.3	39.7	87.8	49.4
2014-12-23	3336.0	2479.0	429.0	488.0	1445.0	339.0	1432.0	73.0	39.2	87.1	49.6
2014-12-30	3359.0	2492.0	428.0	494.0	1445.0	343.0	1456.0	72.6	38.8	86.9	49.4
2015-02-10	2666.0	1782.0	164.0	569.0	1388.0	255.0	1054.0	74.5	40.8	86.5	52.7
2015-02-17	2776.0	1868.0	141.0	571.0	1484.0	260.0	1074.0	74.6	42.4	86.0	53.7
2015-02-24	2910.0	2020.0	150.0	564.0	1538.0	254.0	1150.0	73.4	41.3	85.9	52.2
2015-03-10	2820.0	1811.0	124.0	603.0	1535.0	336.0	1091.0	69.4	41.2	82.8	52.2
2015-03-17	2950.0	1881.0	176.0	663.0	1569.0	332.0	1131.0	67.3	39.4	83.5	50.6
2015-03-24	2974.0	1881.0	196.0	687.0	1566.0	332.0	1138.0	67.7	39.0	83.7	50.1
2015-03-31	2994.0	1855.0	178.0	691.0	1554.0	346.0	1160.0	66.8	38.4	82.4	49.4
2015-04-07	2608.0	1593.0	155.0	658.0	1379.0	273.0	990.0	65.3	40.6	82.8	50.2
2015-04-14	2668.0	1602.0	157.0	719.0	1377.0	265.0	1052.0	63.4	39.7	83.1	49.1
2015-04-21	2775.0	1598.0	161.0	839.0	1502.0	266.0	1040.0	61.0	42.5	83.7	51.6
2015-04-28	2818.0	1588.0	162.0	839.0	1505.0	313.0	1073.0	59.7	41.8	82.0	50.8
2015-05-05	2438.0	1199.0	126.0	815.0	1297.0	345.0	936.0	56.2	43.6	80.2	53.3
2015-05-12	2464.0	1230.0	125.0	815.0	1299.0	345.0	966.0	56.3	43.1	80.6	52.8
2015-05-19	2459.0	1256.0	113.0	826.0	1295.0	255.0	929.0	54.6	43.1	79.7	52.8
2015-05-26	2477.0	1193.0	112.0	828.0	1298.0	297.0	908.0	52.0	43.0	77.1	52.6
2015-06-02	2497.0	1128.0	122.0	835.0	1270.0	339.0	910.0	50.2	41.4	75.4	50.9
2015-06-09	2065.0	608.0	140.0	996.0	977.0	290.0	777.0	45.7	42.4	69.0	53.7
2015-06-16	2080.0	533.0	156.0	1028.0	927.0	323.0	801.0	45.2	42.8	68.2	51.6
2015-06-23	2165.0	495.0	188.0	1069.0	927.0	358.0	807.0	42.9	42.6	63.8	51.1
2015-06-30	2200.0	512.0	214.0	1089.0	932.0	352.0	807.0	43.1	43.1	63.7	51.5
2015-07-21	2741.0	319.0	861.0	1810.0	839.0	369.0	798.0	46.3	48.1	65.1	57.5
2015-07-28	3081.0	305.0	1259.0	2214.0	825.0	325.0	760.0	48.8	49.3	69.1	64.1
2015-08-04	3215.0	285.0	1393.0	2359.0	825.0	334.0	760.0	49.4	49.5	70.0	65.6
2015-08-11	3018.0	211.0	1437.0	2338.0	730.0	296.0	678.0	51.9	53.2	73.9	68.3
2015-08-18	3009.0	202.0	1441.0	2351.0	727.0	290.0	675.0	52.1	52.7	74.6	68.8
2015-08-25	2983.0	203.0	1372.0	2350.0	776.0	272.0	677.0	52.5	50.7	75.2	68.7
2015-09-01	2914.0	208.0	1171.0	2345.0	798.0	198.0	782.0	53.7	45.7	76.7	64.0
2015-09-08	2551.0	106.0	1028.0	2117.0	705.0	219.0	709.0	58.7	45.3	79.3	64.2
2015-09-15	2565.0	107.0	986.0	2118.0	717.0	221.0	743.0	58.4	43.9	78.9	62.7
2015-09-22	2500.0	133.0	545.0	1963.0	1111.0	254.0	694.0	60.2	47.2	76.6	60.6
2015-09-29	2647.0	282.0	390.0	1877.0	1218.0	260.0	811.0	53.5	43.0	72.9	56.8
2015-12-15	2333.0	487.0	196.0	1370.0	1230.0	247.0	678.0	59.5	48.1	76.4	59.2
2015-12-22	2652.0	542.0	227.0	1623.0	1453.0	185.0	670.0	49.3	48.9	73.5	60.6
2015-12-29	2750.0	490.0	227.0	1714.0	1488.0	185.0	674.0	49.0	48.1	72.3	59.7
2016-07-19	3812.0	1165.0	366.0	2127.0	2506.0	145.0	565.0	65.9	70.9	81.7	75.2
2016-07-26	3781.0	1089.0	357.0	2163.0	2511.0	150.0	534.0	65.7	72.3	81.6	75.7
2016-08-02	3898.0	1111.0	465.0	2271.0	2526.0	151.0	542.0	66.9	72.2	82.4	76.6
2016-08-09	3498.0	1000.0	499.0	2031.0	2199.0	126.0	459.0	67.5	71.4	81.6	77.0
2016-08-16	3506.0	1007.0	486.0	2031.0	2220.0	127.0	459.0	67.1	71.6	81.2	77.2
2016-08-23	3658.0	860.0	510.0	2200.0	2237.0	146.0	459.0	63.8	69.8	78.3	75.1
2016-08-30	3889.0	721.0	582.0	2230.0	2269.0	383.0	483.0	57.5	67.3	71.2	73.1
2016-09-13	3836.0	680.0	779.0	2313.0	1905.0	177.0	486.0	59.7	65.1	73.1	69.9
2016-09-20	3993.0	858.0	865.0	2313.0	1953.0	178.0	531.0	59.1	66.0	74.5	70.5
2016-09-27	4214.0	932.0	940.0	2517.0	2196.0	172.0	485.0	61.5	66.8	77.0	73.7
2016-10-04	4359.0	813.0	893.0	2673.0	2267.0	172.0	498.0	61.3	65.9	75.3	72.0
2016-10-11	4371.0	249.0	960.0	2912.0	1879.0	198.0	520.0	63.2	59.0	69.5	65.0
2016-10-18	4637.0	251.0	1047.0	3070.0	1909.0	220.0	585.0	63.5	56.1	70.1	63.6
2016-10-25	4856.0	240.0	1256.0	3334.0	1909.0	231.0	640.0	65.8	53.4	72.1	65.0
2016-11-01	4960.0	342.0	1272.0	3332.0	1937.0	251.0	716.0	66.4	53.6	72.5	64.4
