2012-02-14	2616.0	311.0	1076.0	1450.0	1127.0	837.0	395.0	36.5	67.2	48.4	72.5
2014-12-09	6579.0	508.0	5912.0	4842.0	210.0	1049.0	277.0	56.0	89.4	76.4	92.6
2015-01-20	7587.0	680.0	7069.0	5139.0	26.0	1678.0	402.0	48.3	93.0	69.2	93.2
2015-01-27	7708.0	836.0	7152.0	5303.0	72.0	1497.0	412.0	48.1	92.7	67.4	92.8
2015-02-03	7728.0	820.0	7126.0	5176.0	123.0	1666.0	413.0	46.5	92.1	66.2	92.2
2015-03-24	6368.0	795.0	5374.0	4247.0	337.0	1235.0	566.0	48.3	84.4	69.3	88.9
2015-03-31	6304.0	796.0	5309.0	4247.0	338.0	1169.0	565.0	48.8	84.2	69.8	88.8
2015-04-07	5541.0	688.0	4610.0	3758.0	370.0	1022.0	488.0	49.2	81.7	70.7	89.2
2015-04-14	5662.0	747.0	4617.0	3747.0	410.0	1097.0	564.0	46.6	79.3	68.8	88.1
2015-04-21	5650.0	839.0	4703.0	3697.0	413.0	1040.0	460.0	45.7	78.1	68.4	88.9
2015-04-28	5638.0	846.0	4695.0	3688.0	416.0	1032.0	455.0	45.5	77.7	68.4	88.8
2015-05-05	4893.0	765.0	4025.0	3171.0	399.0	887.0	399.0	45.9	75.5	67.8	88.4
2015-05-12	4903.0	760.0	4041.0	3153.0	399.0	929.0	402.0	45.5	75.2	68.1	88.0
2015-05-19	5006.0	830.0	4057.0	3240.0	463.0	875.0	425.0	45.4	73.1	68.4	87.5
2015-05-26	4969.0	852.0	4004.0	3194.0	476.0	863.0	429.0	45.1	72.6	68.3	87.2
2015-06-02	5005.0	876.0	4014.0	3202.0	499.0	871.0	436.0	44.7	71.4	68.2	86.9
2015-06-09	4481.0	855.0	3448.0	2826.0	533.0	780.0	480.0	42.8	71.0	68.0	86.4
2015-06-16	4579.0	946.0	3476.0	2716.0	546.0	892.0	532.0	39.5	69.8	64.4	85.1
2015-06-23	4637.0	959.0	3492.0	2791.0	588.0	862.0	532.0	38.7	68.7	65.6	85.6
2015-06-30	4682.0	991.0	3482.0	2771.0	621.0	886.0	545.0	38.4	67.8	64.1	85.3
2015-07-07	4073.0	616.0	2919.0	2354.0	605.0	1073.0	519.0	38.2	66.4	61.5	83.3
2015-07-14	4216.0	634.0	3103.0	2435.0	608.0	1102.0	460.0	38.3	66.3	60.9	82.4
2015-07-21	4436.0	686.0	3414.0	2551.0	513.0	1174.0	484.0	36.8	69.7	58.0	81.4
2015-07-28	4529.0	693.0	3448.0	2540.0	525.0	1260.0	520.0	35.2	68.3	55.9	80.5
2015-08-04	4627.0	1174.0	3518.0	2504.0	573.0	913.0	500.0	35.4	68.0	58.2	80.8
2015-08-11	4043.0	1141.0	3020.0	2123.0	512.0	743.0	475.0	36.3	65.3	58.6	78.1
2015-08-18	4234.0	1284.0	3017.0	2139.0	548.0	757.0	615.0	39.0	63.4	61.4	76.7
2015-08-25	4299.0	1328.0	3003.0	2096.0	759.0	805.0	467.0	40.0	61.7	62.1	77.3
2015-09-01	4344.0	950.0	2894.0	2026.0	842.0	1256.0	496.0	38.0	60.9	57.9	76.0
2015-09-08	3820.0	802.0	2394.0	1763.0	769.0	1129.0	531.0	40.0	60.1	59.5	73.6
2015-09-15	3895.0	687.0	2445.0	1813.0	750.0	1272.0	577.0	39.5	59.1	59.9	72.2
2015-09-22	3888.0	687.0	2619.0	1822.0	706.0	1261.0	445.0	39.5	58.9	60.0	73.0
2015-09-29	3922.0	687.0	2605.0	1917.0	718.0	1206.0	487.0	39.1	58.2	59.7	72.8
2015-10-06	3330.0	708.0	2208.0	1594.0	471.0	938.0	561.0	38.6	57.2	60.0	72.0
2015-10-13	3480.0	708.0	2260.0	1709.0	542.0	938.0	553.0	38.1	56.1	59.6	71.6
2015-10-20	3616.0	712.0	2441.0	1840.0	627.0	967.0	451.0	38.1	56.6	60.8	71.6
2015-10-27	3645.0	712.0	2475.0	1851.0	570.0	986.0	504.0	38.2	56.8	60.9	71.5
2015-11-03	3839.0	762.0	2752.0	1893.0	461.0	1066.0	508.0	40.8	60.4	62.4	73.6
2015-11-10	3499.0	589.0	2688.0	1804.0	359.0	1021.0	367.0	41.2	67.0	61.6	79.4
2015-11-17	3784.0	589.0	2986.0	2050.0	323.0	1062.0	392.0	41.8	69.8	61.7	81.3
2015-11-24	4158.0	589.0	3361.0	2344.0	298.0	1142.0	416.0	44.1	72.5	62.2	82.8
2015-12-01	4263.0	590.0	3470.0	2534.0	298.0	1060.0	416.0	43.3	73.4	62.8	83.3
2015-12-08	3889.0	466.0	3280.0	2380.0	217.0	947.0	296.0	46.4	79.5	64.3	85.7
2015-12-15	4282.0	620.0	3737.0	2662.0	160.0	900.0	285.0	47.7	84.0	65.6	88.2
2015-12-22	4929.0	699.0	4446.0	3188.0	126.0	983.0	298.0	43.9	87.0	62.6	90.2
2015-12-29	5236.0	775.0	4745.0	3359.0	120.0	1025.0	294.0	41.4	87.1	60.0	90.6
2016-01-26	5319.0	616.0	4696.0	3417.0	140.0	1077.0	274.0	45.9	88.1	64.4	89.0
2016-02-02	5411.0	635.0	4782.0	3331.0	140.0	1224.0	268.0	45.1	88.1	63.9	89.1
2016-02-09	5075.0	657.0	4478.0	3140.0	102.0	1070.0	287.0	45.9	87.9	64.8	89.3
2016-02-16	5198.0	650.0	4624.0	3281.0	99.0	1055.0	263.0	48.0	88.2	66.0	90.0
2016-02-23	5655.0	833.0	5082.0	3487.0	99.0	1137.0	276.0	47.7	89.0	66.5	90.8
2016-03-01	5775.0	887.0	5183.0	3524.0	98.0	1169.0	299.0	47.3	88.5	66.0	90.7
2016-10-04	4903.0	218.0	3931.0	3331.0	546.0	1159.0	231.0	51.1	81.0	65.4	86.5
2016-10-11	4565.0	225.0	3633.0	2974.0	550.0	1191.0	207.0	50.3	82.4	63.4	86.6
2016-10-18	4659.0	242.0	3690.0	3025.0	577.0	1228.0	228.0	49.8	82.5	63.8	86.6
2016-10-25	4770.0	252.0	3801.0	3328.0	572.0	1041.0	248.0	49.2	82.6	66.8	86.9
2016-11-01	5060.0	328.0	4041.0	3587.0	571.0	955.0	258.0	48.7	82.0	65.4	86.9
2016-11-08	4616.0	333.0	3708.0	3197.0	505.0	885.0	202.0	47.9	84.3	64.2	88.3
2016-11-15	4843.0	417.0	3875.0	3402.0	613.0	840.0	171.0	46.4	83.5	62.9	89.1
2016-11-22	4971.0	413.0	3995.0	3386.0	576.0	993.0	221.0	47.3	82.8	63.6	88.8
2016-11-29	5019.0	475.0	4080.0	3408.0	535.0	959.0	227.0	46.9	83.4	64.0	88.7
2016-12-06	4725.0	449.0	3834.0	3160.0	440.0	948.0	283.0	44.9	83.6	60.4	87.2
2016-12-13	4844.0	450.0	3972.0	3299.0	440.0	949.0	286.0	46.5	84.3	61.5	87.9
2016-12-20	4983.0	498.0	4076.0	3432.0	496.0	918.0	276.0	48.2	84.8	62.8	89.2
2016-12-27	5142.0	447.0	4276.0	3478.0	419.0	1098.0	328.0	49.6	85.8	64.0	90.0
2017-01-17	4920.0	302.0	4032.0	3363.0	541.0	1169.0	261.0	52.2	84.6	68.9	91.6
2017-01-31	5475.0	223.0	4502.0	3927.0	528.0	1251.0	371.0	57.0	82.6	71.9	89.7
