2012-02-14	7351.0	0.0	4225.0	6933.0	2099.0	407.0	1016.0	81.9	61.9	90.0	78.5
2012-02-21	7783.0	66.0	4196.0	7233.0	2381.0	476.0	1198.0	82.4	62.5	89.3	77.1
2012-02-28	8530.0	61.0	4474.0	7821.0	2683.0	633.0	1358.0	81.7	62.7	88.2	75.8
2012-03-06	8262.0	166.0	4263.0	7412.0	2628.0	663.0	1350.0	81.0	61.8	87.4	75.4
2012-03-13	8568.0	169.0	4433.0	7686.0	2687.0	697.0	1432.0	81.0	62.2	87.3	75.5
2012-03-20	8938.0	192.0	4700.0	7901.0	2774.0	807.0	1426.0	80.2	62.4	86.4	75.8
2012-03-27	9490.0	183.0	5109.0	8479.0	2779.0	781.0	1555.0	81.1	62.7	87.0	75.4
2012-04-03	8157.0	186.0	4090.0	7277.0	2516.0	648.0	1505.0	82.4	60.8	88.7	73.5
2012-04-10	8462.0	189.0	4177.0	7573.0	2626.0	645.0	1604.0	82.7	59.4	88.9	72.6
2012-04-17	9061.0	325.0	4520.0	8113.0	3000.0	562.0	1480.0	80.2	59.9	87.5	71.2
2012-04-24	9871.0	331.0	4887.0	8881.0	3325.0	590.0	1590.0	79.0	59.6	86.3	70.3
2012-05-01	10447.0	356.0	5271.0	9341.0	3449.0	690.0	1667.0	78.6	60.0	86.2	70.5
2012-05-08	9697.0	358.0	4631.0	8711.0	3233.0	554.0	1759.0	78.9	58.6	86.7	69.4
2012-05-15	10285.0	435.0	4956.0	9177.0	4923.0	594.0	327.0	78.2	67.0	85.6	82.7
2012-05-22	10394.0	423.0	4937.0	9318.0	5067.0	558.0	295.0	78.4	66.6	85.8	82.5
2012-05-29	10574.0	147.0	5041.0	9805.0	5217.0	555.0	249.0	78.4	66.4	85.8	82.6
2012-06-05	9130.0	112.0	4131.0	8244.0	4792.0	723.0	156.0	78.8	68.7	86.0	86.5
2012-06-12	9249.0	125.0	4178.0	8281.0	4755.0	795.0	268.0	78.9	67.9	85.5	86.0
2012-06-19	9296.0	130.0	4147.0	8334.0	4840.0	793.0	270.0	78.7	66.8	85.6	85.1
2012-06-26	9303.0	130.0	4096.0	8351.0	4983.0	767.0	169.0	78.9	66.6	85.8	84.9
2012-07-03	9268.0	143.0	4060.0	8283.0	4942.0	773.0	197.0	80.4	66.7	85.6	84.3
2012-07-10	7538.0	121.0	2644.0	6707.0	4573.0	649.0	260.0	82.3	69.8	87.3	85.8
2012-07-17	7577.0	163.0	2502.0	6722.0	4808.0	621.0	196.0	82.0	68.7	87.1	84.5
2012-07-24	7626.0	170.0	2452.0	6756.0	4879.0	621.0	216.0	81.7	67.5	87.1	83.2
2012-07-31	7729.0	172.0	2501.0	6846.0	4929.0	636.0	224.0	81.6	67.4	87.1	83.1
2012-08-07	6540.0	189.0	1819.0	5752.0	4453.0	527.0	196.0	79.3	68.5	86.5	86.4
2012-08-14	6661.0	207.0	1854.0	5845.0	4527.0	531.0	202.0	78.5	66.1	86.2	84.5
2012-08-21	6704.0	207.0	1768.0	5846.0	4642.0	549.0	192.0	78.2	64.4	85.8	83.7
2012-08-28	6784.0	197.0	1807.0	5942.0	4692.0	559.0	199.0	78.6	63.7	86.2	83.9
2012-09-04	5561.0	172.0	1472.0	4832.0	3783.0	470.0	219.0	77.6	65.2	85.5	84.4
2012-09-11	5583.0	169.0	1545.0	4902.0	3771.0	470.0	225.0	78.4	65.1	86.0	85.3
2012-09-18	5639.0	189.0	1522.0	4923.0	3854.0	474.0	210.0	77.9	63.5	85.5	85.2
2012-09-25	5797.0	216.0	1596.0	5026.0	3916.0	471.0	201.0	77.0	62.5	85.4	85.1
2012-10-02	5983.0	248.0	1710.0	5099.0	4028.0	553.0	162.0	74.2	62.4	82.7	85.2
2012-10-09	4598.0	112.0	1258.0	3940.0	3131.0	463.0	126.0	74.1	64.4	82.1	82.9
2012-10-16	4634.0	101.0	1225.0	4001.0	3198.0	449.0	128.0	74.5	64.0	82.3	82.6
2012-10-23	4865.0	154.0	1232.0	4141.0	3343.0	410.0	130.0	70.7	60.0	78.7	79.2
2012-10-30	5017.0	152.0	1236.0	4259.0	3467.0	415.0	123.0	69.8	61.2	79.3	80.3
2012-11-06	3884.0	71.0	890.0	3328.0	2691.0	330.0	148.0	71.8	60.7	79.0	80.8
2012-11-13	4233.0	60.0	1003.0	3598.0	2828.0	337.0	164.0	71.5	59.3	79.0	78.7
2012-11-20	4751.0	201.0	1379.0	3912.0	3025.0	404.0	113.0	68.0	56.5	77.5	76.5
2012-11-27	4948.0	264.0	1536.0	4029.0	3038.0	405.0	124.0	67.5	55.2	77.9	75.4
2012-12-04	5146.0	276.0	1667.0	4232.0	3103.0	377.0	115.0	67.5	52.7	78.2	74.1
2012-12-11	4424.0	410.0	1597.0	3550.0	2487.0	247.0	123.0	62.7	48.8	79.0	72.4
2012-12-18	4674.0	505.0	1746.0	3711.0	2600.0	268.0	138.0	61.7	46.9	79.4	72.4
2012-12-24	4899.0	554.0	1841.0	3919.0	2806.0	275.0	101.0	60.9	44.3	81.7	73.7
2012-12-31	4980.0	557.0	1896.0	3963.0	2785.0	314.0	153.0	62.3	44.4	81.3	73.6
2013-01-08	3606.0	575.0	1653.0	2702.0	1702.0	237.0	159.0	64.7	44.6	81.3	77.4
2013-01-15	3882.0	468.0	1860.0	3086.0	1786.0	218.0	126.0	65.5	46.7	82.3	76.7
2013-01-22	4107.0	491.0	1969.0	3247.0	1834.0	226.0	161.0	64.7	46.6	82.0	75.8
2013-01-29	5028.0	639.0	2388.0	3802.0	2244.0	295.0	104.0	59.7	46.2	75.7	70.6
2013-02-05	4329.0	829.0	1762.0	3086.0	2327.0	270.0	96.0	57.9	46.6	73.0	72.5
2013-02-12	4655.0	927.0	1919.0	3295.0	2478.0	274.0	99.0	57.9	46.3	73.0	71.8
2013-02-19	4964.0	1076.0	1974.0	3447.0	2727.0	278.0	100.0	56.3	49.1	72.1	72.6
2013-02-26	5669.0	1285.0	2450.0	3831.0	2786.0	388.0	268.0	54.5	48.1	69.9	69.5
2013-03-05	5034.0	1179.0	2116.0	3268.0	2423.0	347.0	255.0	52.4	49.3	68.2	69.8
2013-03-12	5148.0	1139.0	2069.0	3361.0	2558.0	387.0	260.0	52.1	49.8	67.4	71.6
2013-03-19	5622.0	1114.0	2001.0	3708.0	2943.0	444.0	322.0	49.2	49.0	64.1	69.9
2013-03-26	5907.0	1107.0	2118.0	3893.0	3056.0	515.0	341.0	47.5	48.8	62.9	70.0
2013-04-02	5993.0	1092.0	2076.0	3934.0	3151.0	542.0	341.0	46.9	48.7	62.3	69.4
2013-04-09	5094.0	979.0	1800.0	3300.0	2694.0	486.0	271.0	42.9	52.7	58.0	73.7
2013-04-16	5361.0	1099.0	2069.0	3477.0	2672.0	424.0	259.0	43.1	53.4	57.8	74.4
2013-04-23	5599.0	1091.0	2150.0	3727.0	2825.0	460.0	303.0	43.3	52.9	59.1	76.1
2013-04-30	5720.0	1116.0	2153.0	3806.0	3064.0	475.0	180.0	44.3	52.5	60.1	75.8
2013-05-07	4778.0	1187.0	1693.0	2912.0	2704.0	426.0	128.0	44.9	52.5	61.3	78.0
2013-05-14	5069.0	1223.0	2007.0	3252.0	2690.0	355.0	133.0	45.5	53.3	61.9	77.9
2013-05-21	5325.0	1344.0	1946.0	3381.0	2901.0	347.0	225.0	43.9	49.9	61.0	77.3
2013-05-28	5367.0	1383.0	1876.0	3396.0	2997.0	333.0	239.0	42.9	49.5	60.3	76.6
2013-06-04	5775.0	1477.0	1901.0	3611.0	3279.0	365.0	273.0	44.4	47.4	60.7	73.2
2013-06-11	4969.0	1437.0	1499.0	2872.0	3072.0	348.0	86.0	45.2	46.4	61.2	73.4
2013-06-18	5230.0	1420.0	1546.0	3031.0	3186.0	382.0	101.0	45.2	45.3	61.3	71.8
2013-06-25	5924.0	1702.0	1913.0	3347.0	3494.0	417.0	59.0	44.5	45.9	61.5	71.9
2013-07-02	6336.0	1787.0	2139.0	3511.0	3549.0	519.0	129.0	43.6	45.9	60.8	70.9
2013-07-09	5958.0	1672.0	1893.0	3170.0	3475.0	663.0	137.0	45.0	48.1	60.8	73.3
2013-07-16	6471.0	1630.0	1931.0	3608.0	3840.0	693.0	160.0	47.4	48.0	62.4	72.9
2013-07-23	6852.0	1842.0	2052.0	3812.0	4244.0	644.0	2.0	47.3	47.4	61.7	73.2
2013-07-30	7553.0	2209.0	2481.0	4107.0	4389.0	682.0	128.0	47.4	46.8	62.5	72.4
2013-08-06	7539.0	2234.0	2610.0	4190.0	4490.0	701.0	25.0	50.2	48.6	66.9	73.2
2013-08-13	8084.0	2274.0	3042.0	4591.0	4540.0	776.0	59.0	51.8	50.3	67.7	73.1
2013-08-20	8648.0	2307.0	3162.0	5115.0	4992.0	780.0	48.0	52.5	51.4	68.2	73.1
2013-08-27	9363.0	2415.0	3776.0	5751.0	5130.0	755.0	15.0	53.6	51.9	69.4	75.3
2013-09-03	9600.0	2318.0	3905.0	6012.0	5187.0	776.0	14.0	53.8	51.6	69.3	75.0
2013-09-10	8887.0	2168.0	3736.0	5675.0	4861.0	772.0	18.0	56.6	55.0	71.2	80.2
2013-09-17	9092.0	2227.0	3898.0	5897.0	4919.0	711.0	18.0	56.3	55.3	70.8	80.3
2013-09-24	9495.0	2331.0	4162.0	6185.0	4974.0	713.0	93.0	54.7	54.9	69.6	80.2
2013-10-01	9751.0	2227.0	4368.0	6416.0	4990.0	816.0	101.0	55.6	53.9	69.6	80.4
2013-10-08	8943.0	1977.0	4424.0	6220.0	4373.0	698.0	98.0	61.4	57.4	74.2	83.4
2013-10-15	9114.0	2107.0	4416.0	6365.0	4575.0	601.0	82.0	59.6	56.3	72.9	83.1
2013-10-22	9193.0	2044.0	4356.0	6448.0	4705.0	646.0	77.0	59.0	55.2	72.6	80.9
2013-10-29	9390.0	2126.0	4274.0	6532.0	4885.0	663.0	162.0	59.5	53.4	72.6	79.0
2013-11-05	8561.0	1949.0	3998.0	5950.0	4438.0	610.0	73.0	61.4	54.9	74.3	78.7
2013-11-12	8841.0	1979.0	4106.0	6157.0	4594.0	631.0	67.0	61.0	54.3	73.5	77.5
2013-11-19	8868.0	1912.0	4048.0	6334.0	4706.0	527.0	19.0	60.9	53.5	73.5	76.1
2013-11-26	9102.0	2002.0	4073.0	6410.0	4854.0	550.0	35.0	59.3	52.4	71.9	75.7
2013-12-03	9314.0	2006.0	4170.0	6636.0	4951.0	525.0	46.0	58.5	52.3	70.8	76.0
2013-12-10	8501.0	1985.0	4564.0	5986.0	3841.0	481.0	47.0	58.7	57.5	71.5	79.3
2013-12-17	8644.0	2031.0	4641.0	6067.0	3906.0	492.0	43.0	58.3	57.6	71.4	79.4
2013-12-24	8888.0	2203.0	4735.0	6156.0	4041.0	477.0	60.0	58.6	57.1	72.1	79.5
2014-01-07	7574.0	1850.0	4697.0	4945.0	2800.0	769.0	67.0	59.7	66.5	73.8	86.8
2014-01-14	7848.0	2030.0	4949.0	5005.0	2765.0	802.0	123.0	58.6	68.9	72.1	88.1
2014-01-21	8867.0	2331.0	5484.0	5699.0	3166.0	825.0	205.0	58.0	68.6	71.0	87.6
2014-01-28	9126.0	2380.0	5624.0	5922.0	3376.0	781.0	83.0	56.8	68.7	70.0	87.7
2014-02-04	9577.0	2563.0	6001.0	6190.0	3441.0	773.0	84.0	56.6	69.5	70.4	88.0
2014-02-11	8868.0	2461.0	6046.0	5681.0	2598.0	698.0	196.0	60.1	75.2	73.7	91.9
2014-02-18	8998.0	2562.0	6131.0	5600.0	2633.0	817.0	215.0	60.2	75.3	73.7	91.8
2014-02-25	9633.0	2846.0	6739.0	6060.0	2693.0	704.0	178.0	57.9	77.2	71.8	92.7
2014-03-04	10353.0	3204.0	7188.0	6506.0	2971.0	608.0	159.0	57.2	76.6	72.1	93.2
2014-03-11	9815.0	3245.0	6692.0	5980.0	2910.0	568.0	191.0	58.9	75.4	73.1	93.5
2014-03-18	10291.0	3376.0	6555.0	6321.0	3519.0	568.0	191.0	59.8	75.7	73.5	93.4
2014-03-25	11104.0	3404.0	6977.0	7075.0	3897.0	604.0	209.0	61.4	77.1	74.3	93.8
2014-04-01	11856.0	3443.0	7254.0	7803.0	4365.0	582.0	209.0	63.1	78.1	75.3	93.7
2014-04-08	11166.0	3145.0	6744.0	7285.0	4187.0	697.0	196.0	64.8	80.2	76.0	93.9
2014-04-15	11929.0	3234.0	7225.0	7861.0	4431.0	779.0	218.0	65.5	80.5	76.0	94.1
2014-04-22	12390.0	3410.0	7350.0	8087.0	4735.0	824.0	236.0	64.9	80.1	76.2	94.0
2014-04-29	12726.0	3584.0	7618.0	8201.0	4780.0	874.0	261.0	64.3	79.6	76.2	93.9
2014-05-06	11727.0	3467.0	7230.0	7595.0	4197.0	649.0	284.0	65.1	82.6	76.6	94.7
2014-05-13	11904.0	3468.0	7345.0	7751.0	4154.0	665.0	385.0	65.1	82.1	76.6	94.5
2014-05-20	12521.0	3786.0	7687.0	7919.0	4360.0	749.0	407.0	62.9	79.8	74.8	92.4
2014-05-27	12722.0	3897.0	7744.0	7968.0	4508.0	787.0	400.0	62.8	79.2	74.7	91.9
2014-06-03	13155.0	4100.0	8012.0	8210.0	4618.0	751.0	431.0	63.4	79.3	74.7	91.9
2014-06-10	11674.0	3724.0	7067.0	7126.0	4118.0	754.0	419.0	63.8	80.9	74.9	92.9
2014-06-17	12138.0	3840.0	7323.0	7434.0	4308.0	758.0	401.0	62.3	80.1	72.9	92.4
2014-06-24	12407.0	3903.0	7433.0	7611.0	4435.0	744.0	390.0	62.1	80.3	73.0	92.5
2014-07-01	12580.0	3838.0	7601.0	7813.0	4474.0	824.0	400.0	62.6	80.4	72.9	92.5
2014-07-08	11193.0	3487.0	6678.0	7148.0	4123.0	484.0	318.0	63.5	85.2	74.4	94.3
2014-07-15	12205.0	3701.0	7610.0	7978.0	4191.0	451.0	329.0	64.3	85.2	75.0	94.5
2014-07-22	12908.0	3781.0	8137.0	8573.0	4332.0	473.0	358.0	65.0	83.7	75.7	94.2
2014-07-29	13259.0	3887.0	8416.0	8774.0	4370.0	489.0	364.0	64.7	83.6	75.9	94.2
2014-08-05	11956.0	3313.0	7624.0	8116.0	4055.0	456.0	206.0	64.7	84.3	76.5	95.0
2014-08-12	13477.0	3451.0	8850.0	9374.0	4218.0	522.0	279.0	64.8	83.9	75.7	94.1
2014-08-19	14849.0	3634.0	9783.0	10318.0	4493.0	727.0	403.0	63.5	83.3	73.2	93.6
2014-08-26	15256.0	3767.0	10063.0	10746.0	4649.0	554.0	355.0	62.4	83.6	72.3	93.9
2014-09-02	15736.0	3825.0	10455.0	11048.0	4761.0	665.0	322.0	62.0	84.2	71.6	94.2
2014-09-09	15112.0	3757.0	10384.0	10422.0	4280.0	744.0	259.0	61.4	85.2	72.0	94.6
2014-09-16	16930.0	4264.0	12012.0	11671.0	4415.0	798.0	306.0	60.8	84.2	72.8	94.3
2014-09-23	17666.0	4531.0	12511.0	12132.0	4569.0	802.0	385.0	61.0	83.6	73.2	93.9
2014-09-30	18345.0	4716.0	13152.0	12646.0	4619.0	774.0	365.0	61.2	83.5	73.0	93.8
2014-10-07	18416.0	4553.0	13516.0	12875.0	4264.0	796.0	444.0	60.9	83.5	74.5	94.1
2014-10-14	19824.0	4736.0	14275.0	14080.0	4603.0	803.0	741.0	60.1	80.8	73.6	92.9
2014-10-21	21216.0	5195.0	15769.0	15037.0	4614.0	726.0	575.0	59.7	80.0	74.1	93.0
2014-10-28	22385.0	5439.0	16748.0	16138.0	4650.0	575.0	754.0	60.2	79.0	73.5	92.3
2014-11-04	23834.0	5462.0	17692.0	17541.0	4984.0	580.0	907.0	60.5	77.8	72.8	91.1
2014-11-11	24496.0	5113.0	18062.0	18500.0	5254.0	665.0	962.0	59.7	75.0	71.9	89.3
2014-11-18	26290.0	5889.0	19519.0	19487.0	5435.0	705.0	1127.0	57.3	74.5	70.3	88.8
2014-11-25	27661.0	6146.0	20693.0	20513.0	5489.0	793.0	1270.0	56.4	74.1	68.8	88.4
2014-12-02	29833.0	6686.0	21968.0	22080.0	6205.0	843.0	1436.0	56.9	73.1	68.7	87.3
2014-12-09	29943.0	6121.0	22689.0	22735.0	5366.0	856.0	1657.0	57.2	72.1	70.1	86.6
2014-12-16	33885.0	6427.0	24936.0	26326.0	6591.0	851.0	2077.0	57.3	69.9	71.1	85.6
2014-12-23	36110.0	7002.0	26040.0	27914.0	7599.0	916.0	2193.0	56.7	66.9	71.2	83.6
2014-12-30	36517.0	6933.0	26230.0	28361.0	7721.0	940.0	2283.0	56.9	66.0	71.2	82.7
2015-01-06	34915.0	6400.0	25658.0	27161.0	6629.0	1053.0	2327.0	57.6	67.8	72.4	82.5
2015-01-13	36509.0	6461.0	26804.0	28559.0	6855.0	1159.0	2520.0	56.6	67.1	73.0	82.2
2015-01-20	38462.0	6547.0	28692.0	30719.0	7168.0	1027.0	2433.0	56.0	66.9	73.6	81.3
2015-01-27	39434.0	6806.0	29283.0	31405.0	7454.0	1063.0	2537.0	55.7	65.9	73.1	80.2
2015-02-03	39714.0	6487.0	29233.0	31817.0	7832.0	1180.0	2419.0	55.8	65.3	73.6	80.2
2015-02-10	36112.0	5467.0	26110.0	29356.0	7342.0	937.0	2308.0	56.2	64.0	74.5	79.3
2015-02-17	36405.0	5434.0	26290.0	29561.0	7377.0	1053.0	2381.0	56.2	62.8	74.3	78.2
2015-02-24	36864.0	5149.0	26675.0	30249.0	7455.0	1024.0	2292.0	56.1	61.5	74.3	76.9
2015-03-03	37078.0	5159.0	26606.0	30437.0	7660.0	1009.0	2339.0	56.1	60.6	74.4	76.4
2015-03-10	33401.0	4640.0	23029.0	27526.0	7586.0	830.0	2381.0	56.1	60.3	74.0	76.6
2015-03-17	34197.0	4487.0	23051.0	28525.0	8259.0	811.0	2513.0	56.1	57.7	74.3	74.2
2015-03-24	35142.0	4593.0	23537.0	29314.0	8505.0	812.0	2677.0	56.1	55.7	74.3	72.3
2015-03-31	35262.0	4523.0	23776.0	29489.0	8646.0	831.0	2421.0	56.4	54.8	74.5	71.2
2015-04-07	30755.0	3669.0	20257.0	25945.0	8003.0	750.0	2104.0	56.6	55.4	75.1	71.2
2015-04-14	31437.0	3684.0	20544.0	26540.0	8283.0	765.0	2162.0	56.3	53.7	74.9	69.3
2015-04-21	31838.0	3730.0	20859.0	27099.0	8527.0	597.0	2040.0	56.0	51.7	75.1	67.7
2015-04-28	32146.0	3619.0	20829.0	27330.0	8769.0	739.0	2090.0	55.9	50.2	74.8	66.3
2015-05-05	27734.0	2729.0	16905.0	23856.0	8380.0	748.0	2048.0	56.7	51.4	75.5	67.3
2015-05-12	27934.0	2655.0	16960.0	24164.0	8461.0	722.0	2120.0	56.8	50.4	75.5	66.5
2015-05-19	28287.0	2641.0	17064.0	24595.0	8711.0	703.0	2164.0	57.1	49.8	75.9	66.1
2015-05-26	28405.0	2563.0	17054.0	24778.0	8850.0	709.0	2146.0	57.4	49.2	76.3	65.4
2015-06-02	28511.0	2401.0	17181.0	24931.0	8696.0	743.0	2198.0	57.7	48.2	76.5	65.0
2015-06-09	24781.0	1906.0	14307.0	21798.0	8097.0	736.0	2036.0	58.3	50.2	77.3	69.0
2015-06-16	25299.0	1913.0	14650.0	22286.0	8233.0	776.0	2092.0	57.5	49.3	77.1	67.7
2015-06-23	26886.0	2102.0	15118.0	23572.0	8996.0	839.0	2399.0	53.9	46.1	75.2	63.5
2015-06-30	27746.0	2636.0	15499.0	23738.0	9115.0	796.0	2556.0	50.9	44.7	73.1	61.7
2015-07-07	24074.0	2282.0	12891.0	20584.0	8486.0	708.0	2197.0	49.5	45.7	72.0	62.6
2015-07-14	25149.0	2552.0	13459.0	21259.0	8810.0	728.0	2270.0	48.3	44.5	71.3	60.9
2015-07-21	27674.0	2913.0	15104.0	23404.0	9442.0	727.0	2498.0	50.6	44.6	72.5	60.2
2015-07-28	28551.0	2819.0	15973.0	24327.0	9545.0	727.0	2355.0	49.9	43.5	72.3	59.2
2015-08-04	29177.0	2866.0	16526.0	24869.0	9551.0	721.0	2379.0	49.5	43.4	72.4	58.8
2015-08-11	25587.0	2489.0	13703.0	21721.0	9033.0	602.0	2076.0	47.5	42.4	71.9	58.0
2015-08-18	26267.0	2568.0	13839.0	22239.0	9486.0	611.0	2093.0	46.4	42.3	71.7	58.6
2015-08-25	26502.0	2558.0	13781.0	22554.0	9784.0	628.0	2175.0	46.8	41.8	71.9	57.8
2015-09-01	26638.0	2463.0	13528.0	22723.0	9986.0	601.0	2273.0	46.5	41.2	71.5	56.8
2015-09-08	23116.0	2085.0	11408.0	19891.0	8937.0	484.0	2115.0	47.6	42.5	72.7	59.5
2015-09-15	23490.0	2088.0	11655.0	20205.0	8938.0	540.0	2240.0	47.3	42.0	72.5	58.5
2015-09-22	24273.0	2251.0	11890.0	20878.0	9282.0	520.0	2477.0	46.7	41.0	73.0	57.8
2015-09-29	25164.0	2349.0	12378.0	21664.0	9446.0	452.0	2641.0	46.9	39.0	72.6	56.3
2015-10-06	22234.0	1816.0	10574.0	19347.0	8464.0	376.0	2501.0	47.4	38.4	73.2	56.4
2015-10-13	23032.0	1714.0	10971.0	19972.0	8651.0	412.0	2476.0	48.1	38.8	73.2	56.9
2015-10-20	23719.0	1846.0	11400.0	20584.0	8952.0	393.0	2471.0	47.6	38.5	73.1	56.9
2015-10-27	24182.0	1954.0	11955.0	20962.0	8796.0	360.0	2525.0	47.6	36.8	73.2	55.6
2015-11-03	25472.0	2273.0	12877.0	21868.0	8977.0	385.0	2672.0	47.4	36.0	72.8	55.6
2015-11-10	23179.0	1911.0	11818.0	20183.0	8261.0	363.0	2378.0	50.5	39.2	74.1	59.3
2015-11-17	25269.0	2271.0	12907.0	21823.0	9105.0	403.0	2485.0	50.8	40.8	73.9	59.8
2015-11-24	26720.0	2217.0	14296.0	23266.0	8898.0	329.0	2618.0	51.6	42.6	74.9	60.0
2015-12-01	27664.0	2371.0	14989.0	23903.0	9256.0	353.0	2382.0	51.9	43.5	74.8	60.4
2015-12-08	25656.0	2503.0	14659.0	22212.0	8217.0	314.0	2153.0	54.2	45.0	75.2	62.5
2015-12-15	28160.0	3011.0	16440.0	24202.0	8667.0	333.0	2439.0	54.1	45.8	75.0	63.5
2015-12-22	31323.0	3316.0	19150.0	26820.0	8920.0	517.0	2583.0	54.1	48.6	75.1	65.1
2015-12-29	32308.0	3623.0	20140.0	27547.0	9026.0	526.0	2530.0	54.0	50.6	74.8	66.9
2016-01-05	29158.0	3193.0	18888.0	25080.0	7431.0	555.0	2509.0	56.1	54.4	75.1	70.1
2016-01-12	30961.0	3309.0	19778.0	26665.0	8240.0	607.0	2563.0	55.6	53.9	75.0	70.8
2016-01-19	31452.0	3323.0	20319.0	27115.0	8296.0	621.0	2444.0	55.1	53.6	74.9	70.3
2016-01-26	32348.0	3559.0	21065.0	27816.0	8539.0	534.0	2305.0	54.7	53.0	75.2	69.2
2016-02-02	32887.0	3680.0	21519.0	28185.0	8452.0	549.0	2443.0	54.5	53.4	75.5	69.1
2016-02-09	30380.0	3618.0	19618.0	25858.0	8135.0	534.0	2257.0	54.9	54.2	75.4	71.1
2016-02-16	31240.0	3613.0	20389.0	26692.0	8202.0	514.0	2228.0	54.3	55.1	74.6	71.7
2016-02-23	33343.0	3741.0	21761.0	28638.0	8655.0	537.0	2500.0	54.2	56.1	75.0	72.2
2016-03-01	35955.0	3995.0	23189.0	30853.0	9493.0	532.0	2698.0	52.6	56.1	75.4	71.3
2016-03-08	33116.0	3330.0	20516.0	28519.0	9267.0	583.0	2649.0	52.6	53.7	75.7	69.0
2016-03-15	34716.0	3352.0	21730.0	29983.0	9554.0	647.0	2698.0	51.9	54.0	75.5	69.3
2016-03-22	35302.0	3598.0	21790.0	30218.0	9881.0	696.0	2841.0	51.3	53.3	74.9	68.6
2016-03-29	35771.0	3757.0	21950.0	30492.0	10207.0	722.0	2814.0	51.3	52.4	74.8	68.0
2016-04-05	31850.0	3177.0	18893.0	27288.0	9626.0	778.0	2724.0	52.2	52.0	75.2	66.8
2016-04-12	32094.0	3151.0	18944.0	27530.0	9778.0	785.0	2744.0	52.6	51.5	75.5	66.5
2016-04-19	32547.0	3168.0	19177.0	27957.0	10110.0	792.0	2630.0	52.7	50.9	75.7	65.8
2016-04-26	32988.0	3041.0	19238.0	28446.0	10380.0	787.0	2656.0	52.1	49.7	76.1	64.7
2016-05-03	34512.0	3369.0	20872.0	29495.0	10142.0	749.0	2599.0	50.9	49.4	75.3	64.1
2016-05-10	31881.0	2888.0	18549.0	27423.0	9944.0	669.0	2487.0	51.5	47.8	75.7	62.8
2016-05-17	32811.0	2911.0	18696.0	28297.0	10785.0	676.0	2403.0	52.1	46.9	75.6	61.9
2016-05-24	33184.0	3011.0	19057.0	28503.0	10646.0	693.0	2504.0	51.5	47.3	74.8	62.1
2016-05-31	33646.0	3085.0	19069.0	28804.0	10903.0	669.0	2586.0	51.4	47.0	74.5	62.0
2016-06-07	29969.0	2264.0	15776.0	26172.0	10940.0	593.0	2313.0	52.2	46.6	74.3	62.5
2016-06-14	30378.0	2517.0	16821.0	26466.0	10471.0	580.0	2271.0	52.3	48.6	73.9	64.7
2016-06-21	30391.0	2545.0	16508.0	26517.0	10852.0	576.0	2278.0	52.5	47.1	73.7	63.7
2016-06-28	30456.0	2382.0	16723.0	26746.0	11016.0	579.0	1968.0	52.2	47.8	73.7	64.5
2016-07-05	26709.0	1962.0	14134.0	23697.0	10287.0	479.0	1717.0	52.8	48.0	72.9	65.1
2016-07-12	27198.0	1827.0	14708.0	24195.0	10118.0	474.0	1670.0	53.2	48.2	73.5	65.0
2016-07-19	27502.0	1987.0	14967.0	24297.0	10123.0	505.0	1699.0	52.6	48.4	72.8	64.6
2016-07-26	27895.0	2013.0	15418.0	24576.0	10227.0	532.0	1476.0	52.3	49.1	73.2	65.4
2016-08-02	28296.0	2090.0	15721.0	24808.0	10242.0	534.0	1469.0	52.1	50.0	73.0	66.5
2016-08-09	24086.0	1580.0	12750.0	21336.0	9352.0	514.0	1328.0	53.4	49.9	73.5	67.8
2016-08-16	24449.0	1635.0	13173.0	21658.0	9312.0	524.0	1332.0	53.5	50.9	73.4	68.6
2016-08-23	25325.0	1753.0	14035.0	22253.0	9327.0	577.0	1221.0	52.7	53.4	72.5	70.7
2016-08-30	26606.0	1944.0	14987.0	23216.0	9581.0	649.0	1241.0	52.2	54.9	72.4	72.0
2016-09-06	22927.0	1345.0	12421.0	20240.0	8692.0	703.0	1175.0	53.6	55.3	73.6	73.7
2016-09-13	23146.0	1495.0	12766.0	20375.0	8610.0	670.0	1164.0	53.5	56.0	73.2	74.3
2016-09-20	23277.0	1445.0	12744.0	20619.0	8695.0	658.0	1283.0	54.0	55.6	73.5	73.5
2016-09-27	24952.0	1833.0	14255.0	21885.0	8638.0	504.0	1329.0	54.3	57.3	72.8	73.6
2016-10-04	26125.0	2055.0	15346.0	22720.0	8656.0	533.0	1306.0	54.6	59.2	72.8	74.6
2016-10-11	23353.0	1878.0	14174.0	20190.0	7286.0	503.0	1111.0	55.6	62.5	73.3	76.8
2016-10-18	24073.0	1987.0	14332.0	20823.0	7812.0	505.0	1171.0	55.9	61.1	73.3	76.2
2016-10-25	24998.0	2618.0	15129.0	21174.0	7996.0	504.0	1171.0	54.8	62.3	71.8	76.8
2016-11-01	25502.0	2801.0	15723.0	21411.0	7937.0	561.0	1113.0	53.5	61.5	70.8	76.0
2016-11-08	22687.0	3308.0	14541.0	18497.0	6955.0	521.0	830.0	51.1	65.5	68.8	81.2
2016-11-15	23114.0	3526.0	14947.0	18704.0	6966.0	546.0	863.0	50.9	66.0	68.5	81.7
2016-11-22	23880.0	3643.0	15399.0	19184.0	7267.0	695.0	856.0	51.1	65.3	68.4	82.3
2016-11-29	24382.0	3918.0	15852.0	19548.0	7382.0	593.0	825.0	51.2	66.0	69.0	82.6
2016-12-06	21775.0	4236.0	14369.0	16893.0	6610.0	467.0	617.0	49.9	68.9	67.7	83.8
2016-12-13	22252.0	4534.0	14741.0	17002.0	6675.0	540.0	660.0	49.7	68.9	67.9	83.5
2016-12-20	22973.0	4949.0	15272.0	17266.0	6779.0	591.0	755.0	48.9	69.1	68.1	83.4
2016-12-27	23947.0	5140.0	15989.0	17902.0	7091.0	738.0	700.0	48.8	69.0	67.8	83.4
2017-01-03	24231.0	5202.0	16003.0	18099.0	7362.0	767.0	703.0	49.0	68.3	67.7	83.8
2017-01-10	20646.0	4691.0	14082.0	15122.0	5914.0	761.0	578.0	47.6	71.4	67.3	85.2
2017-01-17	21244.0	5006.0	14455.0	15549.0	6134.0	637.0	603.0	46.8	70.9	66.3	84.8
2017-01-24	22007.0	5456.0	14917.0	15796.0	6311.0	703.0	727.0	45.3	70.4	65.3	84.0
2017-01-31	24242.0	6211.0	16631.0	17207.0	6759.0	720.0	748.0	46.4	69.4	65.2	83.4
