2013-11-19	2897.0	168.0	1612.0	1750.0	991.0	936.0	251.0	41.2	65.8	58.9	89.0
2013-11-26	3073.0	159.0	1735.0	1957.0	1030.0	898.0	249.0	43.6	65.8	61.0	88.7
2013-12-03	3203.0	167.0	1863.0	2018.0	1031.0	955.0	246.0	43.4	65.4	60.3	89.1
2013-12-10	3116.0	206.0	1849.0	1911.0	1013.0	923.0	178.0	46.0	66.2	60.2	90.6
2013-12-17	3481.0	264.0	2099.0	2331.0	1168.0	810.0	138.0	44.4	65.5	61.5	89.6
2013-12-24	3715.0	268.0	2282.0	2532.0	1189.0	838.0	167.0	44.6	63.2	63.3	89.2
2014-01-07	3426.0	158.0	2193.0	2314.0	1088.0	903.0	94.0	43.6	64.1	65.0	90.8
2014-01-14	3916.0	328.0	2601.0	2602.0	1149.0	937.0	117.0	40.3	65.4	62.0	90.3
2014-01-21	4200.0	478.0	2861.0	2667.0	1152.0	991.0	123.0	42.6	67.1	65.8	91.0
2014-01-28	4464.0	571.0	3043.0	2691.0	1217.0	1139.0	141.0	41.1	66.4	63.4	90.9
2014-02-04	4640.0	703.0	3020.0	2915.0	1367.0	956.0	187.0	39.8	65.9	64.1	89.5
2014-02-11	4333.0	738.0	2860.0	2690.0	1203.0	843.0	208.0	40.9	67.3	65.0	90.4
2014-02-18	4665.0	678.0	3136.0	2956.0	1260.0	971.0	209.0	40.6	68.4	65.5	90.7
2014-02-25	5014.0	821.0	3444.0	3135.0	1354.0	984.0	142.0	40.7	70.4	63.4	91.8
2014-03-04	5144.0	829.0	3545.0	3122.0	1342.0	1128.0	192.0	41.1	69.6	63.1	91.2
2014-03-11	4624.0	759.0	3200.0	2722.0	1205.0	1101.0	177.0	44.2	71.2	64.6	93.9
2014-03-18	4649.0	695.0	3224.0	2768.0	1193.0	1142.0	188.0	43.0	71.1	63.0	93.1
2014-03-25	4740.0	707.0	3319.0	2775.0	1228.0	1214.0	149.0	41.9	71.1	61.7	94.4
2014-04-01	4840.0	766.0	3416.0	2929.0	1246.0	1107.0	140.0	41.2	71.2	61.8	94.4
2014-04-08	4168.0	776.0	2968.0	2344.0	1059.0	1042.0	135.0	44.9	72.1	60.1	95.1
2014-04-15	4150.0	929.0	3018.0	2239.0	966.0	973.0	157.0	43.3	73.4	59.3	93.4
2014-04-22	4144.0	889.0	3123.0	2253.0	875.0	991.0	135.0	45.0	74.0	61.5	94.7
2014-04-29	4153.0	833.0	3137.0	2308.0	888.0	996.0	112.0	43.9	74.8	60.6	95.6
2014-05-06	3536.0	798.0	2623.0	2016.0	769.0	697.0	119.0	47.9	75.4	60.8	92.7
2014-05-13	3548.0	715.0	2551.0	2118.0	769.0	687.0	200.0	44.6	75.1	59.0	92.6
2014-05-20	3674.0	699.0	2579.0	2294.0	836.0	648.0	226.0	44.3	74.4	60.6	91.1
2014-05-27	3774.0	712.0	2647.0	2351.0	923.0	682.0	175.0	43.6	74.0	59.2	91.4
2014-06-03	3925.0	788.0	2799.0	2416.0	904.0	694.0	195.0	43.9	73.6	61.1	91.8
2014-06-10	3270.0	765.0	2345.0	1615.0	712.0	875.0	198.0	49.4	74.4	58.5	91.3
2014-06-17	3371.0	803.0	2407.0	1736.0	742.0	823.0	213.0	49.9	73.5	61.5	90.2
2014-06-24	3462.0	823.0	2443.0	1805.0	745.0	825.0	265.0	48.7	72.8	61.5	89.1
2014-07-01	3586.0	843.0	2526.0	1899.0	802.0	834.0	248.0	46.5	72.3	60.3	88.5
2014-07-08	2950.0	729.0	2010.0	1304.0	659.0	906.0	270.0	51.1	75.3	61.8	87.3
2014-07-15	3148.0	726.0	2127.0	1448.0	724.0	954.0	277.0	51.0	74.4	59.7	85.8
2014-07-22	3306.0	746.0	2124.0	1564.0	759.0	970.0	397.0	49.1	70.9	60.0	82.6
2014-07-29	3446.0	758.0	2199.0	1716.0	845.0	951.0	381.0	48.8	68.7	63.4	84.8
2014-08-05	3062.0	688.0	1869.0	1542.0	895.0	816.0	282.0	53.9	69.3	65.2	83.4
2014-08-12	3439.0	752.0	1907.0	1923.0	1098.0	691.0	361.0	54.5	63.7	67.8	76.8
2014-08-19	3803.0	747.0	1919.0	2208.0	1346.0	742.0	432.0	55.0	58.1	68.1	76.0
2014-08-26	3890.0	712.0	1887.0	2306.0	1459.0	742.0	414.0	54.8	56.0	68.2	76.0
2014-09-02	4013.0	691.0	1844.0	2492.0	1436.0	689.0	592.0	54.6	51.7	68.7	71.7
2014-09-09	3504.0	396.0	1589.0	2367.0	1162.0	686.0	698.0	57.4	54.0	69.9	72.5
2014-09-16	3665.0	329.0	1677.0	2578.0	1220.0	720.0	730.0	59.2	56.6	72.4	73.8
2014-09-23	3705.0	301.0	1628.0	2593.0	1233.0	749.0	782.0	60.8	54.4	71.7	71.8
2014-09-30	3905.0	294.0	1698.0	2744.0	1258.0	804.0	886.0	61.5	52.5	71.2	69.5
2014-10-07	3807.0	216.0	1336.0	2632.0	1288.0	893.0	1117.0	59.3	53.2	72.4	67.0
2014-10-14	4120.0	318.0	1434.0	2966.0	1482.0	756.0	1124.0	59.7	52.1	76.3	66.3
2014-10-21	4376.0	327.0	1458.0	3218.0	1589.0	742.0	1240.0	61.8	50.0	77.4	64.7
2014-10-28	4614.0	115.0	1453.0	3633.0	1633.0	766.0	1428.0	62.3	47.4	77.8	62.4
2014-11-04	4715.0	134.0	1534.0	3721.0	1729.0	748.0	1340.0	62.9	46.4	78.0	61.6
2014-11-11	4647.0	94.0	1272.0	3629.0	1845.0	765.0	1371.0	60.8	41.9	76.0	56.9
2014-11-18	4899.0	101.0	1281.0	3811.0	2116.0	818.0	1333.0	58.2	41.2	75.4	56.4
2014-11-25	5097.0	158.0	1300.0	3952.0	2233.0	800.0	1377.0	57.5	38.7	72.9	55.6
2014-12-02	5300.0	178.0	1333.0	4047.0	2289.0	897.0	1500.0	56.2	38.0	72.0	54.6
2014-12-09	4821.0	55.0	1053.0	3664.0	2460.0	947.0	1153.0	54.1	36.0	72.1	55.9
2014-12-16	5067.0	52.0	1127.0	3745.0	2618.0	1104.0	1156.0	52.7	33.9	68.6	53.3
2014-12-23	5228.0	54.0	1249.0	3767.0	2852.0	1245.0	965.0	51.9	32.3	67.6	52.7
2014-12-30	5279.0	57.0	1251.0	4163.0	2879.0	888.0	978.0	52.1	32.1	69.7	53.0
2015-01-06	4707.0	51.0	907.0	3517.0	2559.0	1011.0	1113.0	50.6	30.8	70.3	54.2
2015-01-13	4933.0	88.0	1041.0	3629.0	2670.0	1080.0	1086.0	49.4	30.7	67.7	54.0
2015-01-20	5039.0	130.0	1059.0	3692.0	2761.0	1062.0	1064.0	47.9	29.9	65.3	52.2
2015-01-27	5346.0	152.0	1037.0	4092.0	3155.0	935.0	987.0	45.3	28.2	60.1	47.4
2015-02-03	5406.0	115.0	1046.0	4171.0	3468.0	927.0	699.0	45.0	28.3	60.0	47.9
2015-02-10	5028.0	34.0	836.0	3870.0	3156.0	1008.0	920.0	44.5	28.1	60.1	47.1
2015-02-17	5077.0	32.0	835.0	3886.0	3238.0	1034.0	879.0	44.1	27.9	59.3	47.2
2015-02-24	5328.0	153.0	1007.0	4087.0	3364.0	940.0	809.0	44.0	27.5	59.7	46.3
2015-03-03	5565.0	151.0	1038.0	4286.0	3452.0	981.0	928.0	45.1	27.8	60.3	46.5
2015-03-10	5348.0	48.0	1240.0	4293.0	3049.0	856.0	908.0	46.1	28.1	61.1	45.4
2015-03-17	5609.0	35.0	1537.0	4665.0	3026.0	758.0	895.0	48.4	25.9	63.6	42.4
2015-03-24	5660.0	32.0	1613.0	4794.0	3081.0	711.0	843.0	49.3	26.7	64.8	43.9
2015-03-31	5876.0	32.0	1557.0	4973.0	3326.0	731.0	853.0	48.5	28.3	64.6	45.5
2015-04-07	5267.0	20.0	1277.0	4463.0	2982.0	644.0	868.0	48.5	30.9	65.2	47.2
2015-04-14	5503.0	28.0	1408.0	4620.0	2941.0	682.0	981.0	47.8	28.9	63.8	45.2
2015-04-21	5533.0	29.0	1342.0	4645.0	2932.0	688.0	1088.0	48.1	28.6	64.5	44.9
2015-04-28	5668.0	32.0	1471.0	4740.0	3026.0	724.0	999.0	48.2	26.1	64.6	42.1
2015-05-05	5038.0	19.0	1029.0	4098.0	2754.0	736.0	1070.0	49.3	28.4	66.5	45.8
2015-05-12	5154.0	81.0	999.0	4239.0	2847.0	609.0	1083.0	47.1	30.2	64.2	46.3
2015-05-19	5334.0	66.0	1077.0	4251.0	2852.0	728.0	1116.0	46.3	28.1	63.0	44.0
2015-05-26	5439.0	102.0	1129.0	4445.0	2843.0	599.0	1174.0	46.4	28.3	62.8	44.3
2015-06-02	5652.0	79.0	1350.0	4627.0	3038.0	639.0	957.0	46.5	28.7	62.7	44.8
2015-06-09	5047.0	124.0	1226.0	4036.0	2750.0	664.0	848.0	48.9	35.3	65.6	48.1
2015-06-16	5139.0	121.0	1129.0	4081.0	2819.0	686.0	940.0	48.0	35.1	64.6	48.4
2015-06-23	5513.0	130.0	1317.0	4402.0	2888.0	713.0	1040.0	47.7	35.9	64.8	49.8
2015-06-30	5749.0	149.0	1383.0	4574.0	3025.0	725.0	1040.0	46.6	32.2	63.8	45.5
2015-07-07	5319.0	144.0	989.0	4116.0	3065.0	833.0	1039.0	45.4	34.5	62.7	49.4
2015-07-14	5607.0	114.0	1014.0	4332.0	3244.0	890.0	1078.0	43.7	33.8	60.7	50.0
2015-07-21	6285.0	330.0	1219.0	4704.0	3642.0	902.0	1075.0	41.1	33.7	56.9	51.3
2015-07-28	6581.0	518.0	1288.0	4821.0	3754.0	813.0	1110.0	40.4	32.5	56.3	49.3
2015-08-04	6846.0	564.0	1241.0	4975.0	3970.0	806.0	1134.0	39.2	30.6	54.7	47.3
2015-08-11	6186.0	537.0	1045.0	4357.0	3567.0	924.0	1206.0	38.9	34.2	54.4	47.9
2015-08-18	6271.0	562.0	1143.0	4419.0	3451.0	914.0	1301.0	38.3	32.4	53.5	45.4
2015-08-25	6334.0	600.0	1177.0	4413.0	3446.0	912.0	1302.0	38.0	31.2	52.7	43.8
2015-09-01	6400.0	605.0	1222.0	4433.0	3485.0	951.0	1282.0	37.7	29.3	52.1	43.1
2015-09-08	5701.0	550.0	989.0	3975.0	3254.0	859.0	1141.0	37.4	28.5	51.4	45.1
2015-09-15	5776.0	500.0	954.0	4049.0	3350.0	855.0	1100.0	38.1	29.4	51.9	45.6
2015-09-22	5846.0	376.0	975.0	4304.0	3667.0	802.0	840.0	39.0	27.0	52.6	42.0
2015-09-29	6211.0	326.0	915.0	4600.0	3883.0	773.0	901.0	38.6	26.8	52.4	40.1
2015-10-06	5541.0	145.0	879.0	4147.0	3322.0	812.0	903.0	40.8	30.4	53.4	42.2
2015-10-13	5685.0	175.0	830.0	4348.0	3497.0	795.0	991.0	40.8	31.9	53.1	42.3
2015-10-20	6159.0	183.0	984.0	4785.0	3752.0	824.0	1056.0	44.5	33.7	57.3	45.7
2015-10-27	6252.0	218.0	939.0	4823.0	3930.0	822.0	994.0	45.9	32.9	58.7	45.3
2015-11-03	6769.0	166.0	1178.0	5506.0	4102.0	629.0	1021.0	47.6	30.1	61.9	43.6
2015-11-10	6197.0	111.0	807.0	4988.0	3935.0	644.0	1001.0	50.0	38.3	64.4	52.7
2015-11-17	6844.0	223.0	1156.0	5562.0	4080.0	548.0	1097.0	53.7	35.7	68.4	51.7
2015-11-24	7097.0	248.0	1550.0	5827.0	4041.0	528.0	1012.0	53.7	32.3	68.1	48.1
2015-12-01	7222.0	295.0	1452.0	5867.0	4053.0	546.0	1203.0	53.7	32.6	67.9	48.2
2015-12-08	6787.0	138.0	1730.0	5445.0	3554.0	730.0	1029.0	57.0	32.8	69.0	47.6
2015-12-15	7052.0	206.0	1784.0	5852.0	3631.0	480.0	1123.0	56.1	31.2	68.8	45.9
2015-12-22	7331.0	334.0	2102.0	6037.0	3840.0	465.0	894.0	55.3	29.6	67.6	44.4
2015-12-29	7514.0	371.0	2008.0	6230.0	4022.0	417.0	988.0	54.3	28.3	66.6	41.9
2016-01-05	6613.0	290.0	1780.0	5546.0	3581.0	379.0	854.0	55.0	29.8	67.4	42.2
2016-01-12	7411.0	311.0	2009.0	6231.0	3979.0	407.0	961.0	52.2	26.6	67.8	39.5
2016-01-19	7495.0	310.0	2185.0	6394.0	3798.0	388.0	1109.0	52.7	26.3	68.4	39.0
2016-01-26	7945.0	324.0	2469.0	6697.0	3902.0	512.0	1162.0	51.9	26.3	67.1	39.9
2016-02-02	8008.0	297.0	2796.0	6714.0	3797.0	529.0	947.0	52.1	28.1	67.6	39.7
2016-02-09	7420.0	207.0	1981.0	5911.0	3953.0	672.0	856.0	49.4	29.4	65.0	42.6
2016-02-16	7680.0	212.0	1942.0	6134.0	4183.0	672.0	893.0	49.2	30.2	64.5	45.3
2016-02-23	7857.0	246.0	1950.0	6242.0	4301.0	681.0	918.0	48.3	30.7	63.3	45.6
2016-03-01	8029.0	317.0	1834.0	6272.0	4495.0	669.0	929.0	48.1	32.6	62.0	46.2
2016-03-08	6859.0	347.0	1643.0	5290.0	3721.0	740.0	1013.0	51.4	31.7	63.8	46.7
2016-03-15	6678.0	301.0	1547.0	5184.0	3654.0	745.0	1029.0	53.2	31.3	66.6	45.5
2016-03-22	6579.0	291.0	1538.0	5135.0	3566.0	641.0	963.0	54.1	28.2	67.8	42.9
2016-03-29	6648.0	278.0	1747.0	5232.0	3451.0	639.0	951.0	54.0	26.5	68.1	40.2
2016-04-05	5828.0	346.0	1142.0	4421.0	3364.0	627.0	888.0	56.2	32.4	70.2	46.5
2016-04-12	6054.0	388.0	1093.0	4682.0	3583.0	567.0	961.0	57.6	29.4	71.7	43.7
2016-04-19	6363.0	375.0	1169.0	4856.0	3667.0	623.0	1018.0	56.4	27.6	69.8	42.2
2016-04-26	6549.0	401.0	1299.0	5030.0	3681.0	595.0	1046.0	54.2	27.0	68.6	41.3
2016-05-03	6809.0	424.0	1420.0	5230.0	3817.0	640.0	1057.0	53.3	26.7	71.3	42.1
2016-05-10	6141.0	496.0	1131.0	4575.0	3674.0	547.0	813.0	50.0	29.2	67.0	43.8
2016-05-17	6199.0	642.0	1042.0	4473.0	3805.0	553.0	821.0	49.4	25.7	64.6	41.7
2016-05-24	6325.0	728.0	1136.0	4531.0	3788.0	537.0	872.0	48.7	25.0	62.3	41.9
2016-05-31	6473.0	750.0	1163.0	4564.0	3853.0	593.0	891.0	47.8	24.5	60.9	40.5
2016-06-07	5694.0	794.0	1108.0	3851.0	3471.0	666.0	732.0	46.4	26.5	61.2	42.6
2016-06-14	5923.0	862.0	1119.0	3837.0	3566.0	746.0	760.0	44.9	25.7	60.3	41.4
2016-06-21	6166.0	689.0	1192.0	4348.0	3866.0	716.0	695.0	43.5	25.7	60.5	42.2
2016-06-28	6394.0	676.0	1177.0	4502.0	4085.0	769.0	685.0	42.9	26.4	60.4	43.0
2016-07-05	5586.0	666.0	1022.0	3932.0	3521.0	646.0	701.0	40.4	31.4	58.9	48.8
2016-07-12	5588.0	654.0	1132.0	3943.0	3353.0	670.0	782.0	40.7	29.8	59.4	48.1
2016-07-19	5562.0	524.0	1155.0	4035.0	3328.0	664.0	740.0	42.4	29.3	60.7	48.0
2016-07-26	5596.0	436.0	1212.0	4110.0	3286.0	645.0	693.0	44.9	29.2	62.2	47.3
2016-08-02	5655.0	433.0	1206.0	4187.0	3346.0	661.0	729.0	45.4	29.0	62.7	47.0
2016-08-09	4958.0	364.0	964.0	3443.0	2943.0	707.0	607.0	42.3	30.9	59.7	46.7
2016-08-16	5219.0	336.0	1152.0	3651.0	2953.0	743.0	625.0	40.2	30.9	59.2	45.5
2016-08-23	5355.0	344.0	1193.0	3669.0	2909.0	803.0	714.0	39.2	29.9	58.1	44.7
2016-08-30	5630.0	455.0	1334.0	3833.0	3035.0	754.0	673.0	38.4	28.4	57.3	42.9
2016-09-06	4842.0	506.0	1030.0	3041.0	2559.0	653.0	611.0	38.9	29.0	55.7	44.5
2016-09-13	4891.0	448.0	1068.0	3104.0	2527.0	679.0	636.0	39.5	28.1	56.6	43.3
2016-09-20	5220.0	412.0	1100.0	3244.0	2542.0	715.0	729.0	37.5	25.8	53.5	40.1
2016-09-27	5337.0	447.0	1167.0	3330.0	2588.0	685.0	707.0	36.9	25.9	52.7	39.8
2016-10-04	5480.0	399.0	1132.0	3430.0	2682.0	752.0	767.0	36.3	25.4	52.8	38.9
2016-10-11	5288.0	284.0	552.0	3328.0	2997.0	560.0	623.0	32.1	31.4	48.7	43.4
2016-10-18	5510.0	317.0	672.0	3410.0	3074.0	576.0	557.0	31.2	30.7	49.6	44.0
2016-10-25	5712.0	336.0	864.0	3596.0	2938.0	594.0	724.0	30.3	29.0	49.6	40.6
2016-11-01	6305.0	359.0	844.0	3715.0	3107.0	633.0	756.0	28.6	27.0	46.9	36.0
2016-11-08	5842.0	454.0	600.0	3306.0	2957.0	519.0	722.0	24.9	31.0	40.6	39.2
2016-11-15	6174.0	524.0	640.0	3529.0	3158.0	520.0	775.0	25.3	29.5	41.3	37.9
2016-11-22	6323.0	481.0	717.0	3621.0	3141.0	535.0	779.0	26.3	26.8	42.4	35.5
2016-11-29	6386.0	511.0	738.0	3614.0	3168.0	551.0	770.0	26.4	27.5	42.7	36.1
2016-12-06	5651.0	449.0	751.0	3150.0	2700.0	506.0	654.0	24.6	30.8	41.9	40.6
2016-12-13	5834.0	472.0	724.0	3334.0	2876.0	467.0	673.0	26.3	31.0	43.8	41.2
2016-12-20	6009.0	530.0	786.0	3527.0	3023.0	454.0	702.0	27.0	31.2	44.9	41.1
2016-12-27	6391.0	520.0	856.0	3916.0	3340.0	460.0	700.0	31.5	29.5	47.5	42.6
2017-01-03	6415.0	529.0	868.0	3941.0	3397.0	447.0	652.0	31.4	29.3	47.7	42.2
2017-01-10	5807.0	510.0	746.0	3394.0	2985.0	448.0	621.0	30.7	28.5	46.0	43.6
2017-01-17	6299.0	772.0	844.0	3669.0	3358.0	432.0	671.0	32.1	30.5	47.3	46.2
2017-01-24	7166.0	734.0	833.0	4370.0	4075.0	512.0	708.0	37.3	32.4	51.8	46.7
2017-01-31	7547.0	731.0	850.0	4683.0	4344.0	474.0	694.0	37.7	33.1	51.7	45.5
