2005-01-04	71055.0	20448.0	10786.0	20814.0	47151.0	29452.0	12777.0	19.6	46.0	30.9	62.0
2005-01-11	69850.0	19317.0	9424.0	22579.0	47479.0	27546.0	12539.0	16.9	48.0	28.0	62.7
2005-01-18	77385.0	19773.0	14273.0	29262.0	49283.0	27947.0	13426.0	17.8	46.6	30.2	61.5
2005-01-25	78850.0	17352.0	14699.0	33085.0	47224.0	27960.0	16474.0	20.4	40.1	32.0	55.5
2005-02-01	77006.0	12127.0	10858.0	37013.0	50419.0	27470.0	15333.0	20.4	43.7	33.4	58.8
2005-02-08	82670.0	10606.0	17971.0	46446.0	46639.0	24969.0	17411.0	26.3	38.2	39.7	53.6
2005-02-15	83368.0	10760.0	16067.0	46093.0	50568.0	25518.0	15736.0	28.0	42.2	41.3	58.2
2005-02-22	88275.0	11275.0	14416.0	50404.0	59250.0	25444.0	13457.0	30.7	48.3	43.7	62.9
2005-03-01	95644.0	11793.0	18622.0	56547.0	60041.0	26341.0	16018.0	34.9	46.6	46.8	59.9
2005-03-08	105920.0	17563.0	14234.0	60248.0	76330.0	27490.0	14737.0	29.3	48.2	40.0	60.8
2005-03-15	125191.0	36259.0	10109.0	52191.0	77424.0	35837.0	36754.0	22.4	32.9	33.7	44.5
2005-03-22	89844.0	43143.0	11596.0	14685.0	62757.0	31391.0	14866.0	24.4	36.6	38.3	54.0
2005-03-29	81193.0	35455.0	8765.0	14226.0	56091.0	30882.0	15707.0	22.0	32.7	35.3	51.4
2005-04-05	80302.0	35799.0	10124.0	13043.0	55397.0	30843.0	14164.0	20.9	29.8	33.5	50.7
2005-04-12	69292.0	15951.0	23385.0	24234.0	30277.0	28490.0	15013.0	21.8	29.5	32.1	47.1
2005-04-19	76771.0	13905.0	30263.0	36714.0	29877.0	25566.0	16045.0	25.2	29.7	37.3	48.5
2005-04-26	85837.0	13776.0	38495.0	46257.0	28509.0	25218.0	18247.0	30.9	33.0	44.1	48.5
2005-05-03	93278.0	12434.0	45755.0	56509.0	23718.0	23747.0	23217.0	35.4	30.0	47.2	45.5
2005-05-10	86866.0	11651.0	39446.0	50106.0	24688.0	24492.0	22115.0	32.7	32.6	45.4	48.9
2005-05-17	99089.0	11662.0	45154.0	62833.0	28120.0	23323.0	24544.0	35.4	25.6	46.5	41.9
2005-05-24	96833.0	9806.0	42690.0	63398.0	30943.0	23042.0	22613.0	36.9	25.1	48.3	42.1
2005-05-31	94700.0	10524.0	41764.0	60610.0	30914.0	22919.0	21375.0	37.6	25.7	48.7	41.4
2005-06-07	94186.0	9675.0	36236.0	56932.0	36200.0	26984.0	21155.0	34.2	24.6	44.0	38.7
2005-06-14	63187.0	10932.0	28521.0	26421.0	15297.0	25187.0	18722.0	23.4	22.3	34.8	37.8
2005-06-21	67143.0	16872.0	16588.0	20368.0	34699.0	29317.0	15270.0	19.1	28.3	28.2	43.7
2005-06-28	71522.0	20959.0	18675.0	20187.0	37461.0	29785.0	14795.0	18.2	27.6	28.1	43.4
2005-07-05	70074.0	19364.0	15276.0	22184.0	38018.0	27986.0	16240.0	19.5	27.4	30.1	42.5
2005-07-12	91423.0	35282.0	12079.0	25043.0	62647.0	30558.0	16157.0	17.7	32.7	32.6	51.0
2005-07-19	91255.0	35684.0	9859.0	23890.0	65844.0	31138.0	15009.0	18.5	35.0	30.9	55.0
2005-07-26	90753.0	31840.0	14321.0	27243.0	62482.0	31127.0	13407.0	17.6	33.5	30.7	53.4
2005-08-02	87906.0	28966.0	16802.0	29385.0	53362.0	29015.0	17202.0	18.5	30.4	33.1	49.3
2005-08-09	92585.0	33587.0	19373.0	27978.0	58661.0	30480.0	14011.0	19.1	30.4	33.9	49.5
2005-08-16	109505.0	44042.0	17995.0	30837.0	76307.0	34086.0	14663.0	19.7	31.5	33.6	52.7
2005-08-23	107851.0	41543.0	17000.0	33159.0	75499.0	32430.0	14633.0	22.0	32.8	36.1	52.3
2005-09-06	117451.0	46423.0	16430.0	42369.0	88034.0	27610.0	11938.0	24.0	30.9	34.3	53.2
2005-09-13	141219.0	45957.0	16365.0	59669.0	105623.0	33944.0	17582.0	18.4	24.1	27.3	41.4
2005-09-20	148171.0	45536.0	19033.0	62809.0	104222.0	37095.0	22185.0	18.2	23.4	27.3	37.1
2005-09-27	110057.0	50520.0	7424.0	24420.0	85327.0	34428.0	16617.0	26.9	35.3	40.2	56.5
2005-10-04	108178.0	47026.0	8995.0	25285.0	82651.0	35105.0	15770.0	26.7	31.6	40.4	54.0
2005-10-11	109147.0	50532.0	6941.0	25071.0	82681.0	32759.0	18740.0	25.7	33.5	38.8	56.2
2005-10-18	112354.0	51259.0	8447.0	26795.0	87395.0	33519.0	15731.0	24.4	37.2	38.8	59.9
2005-10-25	104625.0	43849.0	6904.0	27732.0	79945.0	32251.0	16983.0	24.9	35.5	37.3	59.6
2005-11-01	108226.0	44435.0	7275.0	30161.0	82796.0	32838.0	17363.0	24.7	37.8	37.9	59.6
2005-11-08	104351.0	37234.0	10894.0	36159.0	64385.0	30183.0	28297.0	25.7	31.4	39.1	47.5
2005-11-15	102550.0	32487.0	12318.0	37885.0	71831.0	31447.0	17670.0	29.4	34.7	43.5	53.4
2005-11-22	106006.0	33585.0	17860.0	39485.0	69963.0	31590.0	16837.0	29.0	31.9	42.7	50.5
2005-11-29	115153.0	42311.0	13301.0	37340.0	84289.0	34062.0	16123.0	26.7	37.3	41.1	57.5
2005-12-06	118337.0	49064.0	11747.0	29155.0	88453.0	38198.0	16217.0	26.4	41.8	36.8	60.7
2005-12-13	142450.0	66468.0	10285.0	33897.0	111552.0	38794.0	17322.0	25.4	43.3	35.7	60.8
2005-12-20	137619.0	55542.0	7431.0	46157.0	103345.0	34031.0	24954.0	22.2	39.5	30.8	53.7
2005-12-27	103040.0	49468.0	7176.0	21536.0	80374.0	31309.0	14763.0	30.1	48.1	39.8	65.3
2006-01-03	105401.0	45749.0	9062.0	24990.0	81233.0	33935.0	14379.0	24.0	47.1	34.3	65.1
2006-01-10	98344.0	32628.0	9311.0	27623.0	75711.0	37378.0	12607.0	18.2	46.6	27.5	62.0
2006-01-17	101952.0	39506.0	12573.0	27012.0	76863.0	34719.0	11801.0	18.7	45.8	30.3	61.3
2006-01-24	102095.0	35048.0	7915.0	28685.0	76880.0	37387.0	16325.0	18.3	44.0	29.2	60.6
2006-01-31	117314.0	50705.0	13221.0	27053.0	85577.0	37995.0	16955.0	18.8	42.5	30.7	59.6
2006-02-07	121889.0	56298.0	11453.0	24823.0	93013.0	39030.0	15685.0	17.8	46.9	29.6	64.4
2006-02-14	118357.0	52220.0	11756.0	27397.0	89061.0	37118.0	15918.0	17.4	46.1	28.1	62.4
2006-02-21	115876.0	46710.0	11513.0	29696.0	87592.0	37758.0	15059.0	17.7	46.0	28.4	63.2
2006-02-28	124984.0	54931.0	14297.0	27081.0	89171.0	41363.0	19907.0	20.2	42.4	30.4	61.6
2006-03-07	137195.0	55226.0	13903.0	40234.0	105162.0	40005.0	16400.0	21.8	41.0	30.9	57.2
2006-03-14	125712.0	33979.0	19958.0	50076.0	89290.0	38520.0	13327.0	16.7	35.8	25.0	51.0
2006-03-21	85219.0	18295.0	22037.0	32225.0	46797.0	33273.0	14959.0	18.7	39.7	28.1	53.8
2006-03-28	87356.0	13274.0	21085.0	37502.0	48602.0	35148.0	16237.0	20.3	32.5	30.0	46.2
2006-04-04	84301.0	12081.0	16227.0	37058.0	50463.0	33673.0	16122.0	21.6	32.8	30.6	43.9
2006-04-11	87690.0	24639.0	10697.0	29815.0	58926.0	31705.0	16536.0	21.4	36.8	32.1	47.2
2006-04-18	93170.0	23225.0	16307.0	36184.0	59243.0	32294.0	16153.0	17.7	32.6	31.2	48.0
2006-04-25	100591.0	31949.0	16326.0	31603.0	67108.0	34790.0	14908.0	19.9	35.2	32.9	49.4
2006-05-02	110279.0	48997.0	16845.0	29719.0	79539.0	30021.0	12353.0	18.6	39.4	30.7	54.0
2006-05-09	121046.0	52111.0	23238.0	29342.0	77518.0	38305.0	19002.0	17.0	35.3	27.8	51.6
2006-05-16	117839.0	46060.0	26532.0	32921.0	72276.0	37554.0	17727.0	17.3	35.2	28.2	51.8
2006-05-23	111976.0	36980.0	21278.0	36757.0	71810.0	36056.0	16705.0	16.5	33.9	28.7	52.2
2006-05-30	109252.0	45937.0	14230.0	25988.0	74774.0	34415.0	17336.0	17.4	36.2	28.0	53.0
2006-06-06	118798.0	44443.0	21581.0	34859.0	76060.0	36920.0	18581.0	16.6	31.6	28.9	49.3
2006-06-13	129707.0	46579.0	13228.0	44715.0	95815.0	36201.0	18452.0	15.8	32.2	25.9	47.5
2006-06-20	123446.0	37024.0	13046.0	51442.0	92859.0	33343.0	15904.0	18.1	33.5	27.1	47.6
2006-06-27	89791.0	38165.0	7856.0	15974.0	65982.0	34569.0	14870.0	26.9	43.0	35.7	62.5
2006-07-03	93841.0	42762.0	6315.0	14847.0	71446.0	35149.0	14997.0	28.3	43.4	39.1	62.3
2006-07-11	92978.0	29942.0	18321.0	24501.0	55460.0	37007.0	17669.0	21.7	37.9	31.2	56.7
2006-07-18	83415.0	23302.0	14018.0	24893.0	48876.0	33659.0	18960.0	17.4	36.5	28.3	52.7
2006-07-25	91963.0	23613.0	29032.0	31421.0	41951.0	35272.0	19323.0	17.7	38.7	31.0	50.8
2006-08-01	86048.0	18809.0	26225.0	31501.0	40698.0	34603.0	17990.0	17.2	38.7	28.0	51.7
2006-08-08	82510.0	23185.0	13355.0	21619.0	51755.0	36571.0	16265.0	17.2	32.9	28.7	47.0
2006-08-15	86815.0	27206.0	18609.0	24981.0	47565.0	33493.0	19506.0	18.3	35.6	30.4	50.3
2006-08-22	86667.0	27805.0	12312.0	22640.0	53596.0	34519.0	19056.0	18.6	32.5	32.0	46.2
2006-08-29	106142.0	45977.0	15372.0	23495.0	69190.0	34304.0	19214.0	21.6	30.4	33.7	46.7
2006-09-05	111705.0	49440.0	21974.0	25144.0	68572.0	34309.0	18347.0	23.2	32.5	35.6	48.1
2006-09-12	138181.0	37739.0	22957.0	62313.0	92568.0	35912.0	20439.0	17.6	29.4	29.0	43.9
2006-09-19	138838.0	41043.0	40188.0	68379.0	75332.0	27666.0	21568.0	25.8	32.5	39.5	46.8
2006-09-26	94128.0	38542.0	32032.0	25052.0	39995.0	29441.0	21008.0	23.5	35.6	38.8	50.0
2006-10-03	100141.0	45535.0	36256.0	24368.0	43043.0	28894.0	19498.0	29.1	36.0	42.8	48.9
2006-10-10	91193.0	34272.0	32413.0	26819.0	37285.0	28752.0	20145.0	25.3	32.0	38.6	45.3
2006-10-17	110173.0	26833.0	51331.0	53383.0	32888.0	28564.0	24561.0	23.8	32.1	42.0	45.7
2006-10-24	100203.0	24985.0	39218.0	45246.0	37415.0	28879.0	22477.0	25.9	32.4	41.3	47.3
2006-10-31	104350.0	23818.0	47496.0	50020.0	33744.0	29081.0	21679.0	27.2	32.0	43.4	48.4
2006-11-07	103426.0	24999.0	45341.0	48484.0	36062.0	28836.0	20916.0	26.4	28.7	42.1	44.9
2006-11-14	129537.0	25902.0	73277.0	70328.0	32426.0	31907.0	22434.0	31.0	27.9	45.8	42.2
2006-11-21	138113.0	23236.0	82129.0	81123.0	29095.0	32076.0	25211.0	35.7	25.7	48.8	39.3
2006-11-28	124553.0	26934.0	67216.0	69001.0	30727.0	26951.0	24943.0	35.9	24.6	49.5	39.6
2006-12-05	131624.0	24557.0	71036.0	77624.0	31126.0	27787.0	27806.0	37.8	23.9	50.2	37.2
2006-12-12	165716.0	26173.0	78181.0	105049.0	52332.0	28571.0	29280.0	30.7	22.2	42.1	33.2
2006-12-19	183332.0	27186.0	84578.0	118141.0	64063.0	35658.0	32344.0	28.5	22.9	40.1	33.6
2006-12-26	136963.0	21479.0	87773.0	89638.0	18964.0	24053.0	28433.0	45.1	36.0	61.3	47.2
2007-01-03	148644.0	23583.0	97851.0	96263.0	18737.0	26893.0	30151.0	42.9	34.6	56.2	44.9
2007-01-09	155922.0	20637.0	105543.0	105129.0	18080.0	28165.0	30308.0	47.4	34.2	59.5	44.4
2007-01-16	152438.0	22030.0	100997.0	99999.0	20027.0	28348.0	29353.0	46.5	26.7	58.6	36.8
2007-01-23	152395.0	22471.0	100328.0	98006.0	20880.0	29810.0	29079.0	44.6	29.1	56.2	39.3
2007-01-30	146376.0	21650.0	92526.0	93856.0	22340.0	28461.0	29101.0	44.2	27.5	56.1	38.3
2007-02-06	154591.0	18927.0	99573.0	100689.0	23605.0	32033.0	28471.0	43.8	31.0	56.0	42.3
2007-02-13	140722.0	19930.0	76625.0	88942.0	32475.0	29666.0	29438.0	44.4	25.4	54.7	35.5
2007-02-20	141561.0	17005.0	82431.0	91971.0	28388.0	30210.0	28367.0	46.7	25.0	56.4	37.3
2007-02-27	137776.0	17563.0	73987.0	87030.0	32646.0	30518.0	28478.0	46.1	25.4	55.9	38.0
2007-03-06	156871.0	21585.0	96510.0	103674.0	31004.0	28643.0	26388.0	47.1	31.0	56.8	43.9
2007-03-13	159619.0	15758.0	89897.0	110907.0	35249.0	26820.0	28339.0	43.7	26.2	55.9	36.5
2007-03-20	161700.0	21021.0	72174.0	107201.0	42555.0	25900.0	39393.0	41.1	18.5	51.8	30.0
2007-03-27	114484.0	24613.0	56595.0	60928.0	28841.0	26932.0	27037.0	41.9	18.7	51.7	33.8
2007-04-03	113096.0	22068.0	57233.0	59240.0	29139.0	29556.0	24492.0	41.7	19.5	51.4	34.2
2007-04-10	110266.0	23062.0	38626.0	56080.0	43876.0	28395.0	25035.0	38.5	20.6	48.3	33.0
2007-04-17	114610.0	25549.0	41540.0	56053.0	45950.0	29827.0	23939.0	37.6	22.0	47.2	35.1
2007-04-24	121786.0	39017.0	40648.0	48384.0	54708.0	31344.0	23389.0	33.9	25.2	43.4	37.9
2007-05-01	138029.0	52582.0	43731.0	49392.0	67864.0	33182.0	23561.0	33.3	26.5	41.7	42.1
2007-05-08	146311.0	65117.0	47298.0	46655.0	72121.0	31837.0	24190.0	34.9	26.6	44.1	39.8
2007-05-15	168888.0	82619.0	39522.0	50330.0	102977.0	34581.0	25031.0	32.0	33.3	42.4	49.1
2007-05-22	172032.0	83891.0	44924.0	51326.0	99885.0	34621.0	25029.0	31.8	31.6	43.7	48.6
2007-05-29	186775.0	92150.0	40130.0	53283.0	117771.0	38985.0	26517.0	31.9	34.6	43.0	52.6
2007-06-05	184722.0	85481.0	41623.0	60498.0	113313.0	35972.0	27015.0	29.2	31.9	40.4	47.4
2007-06-12	232090.0	98404.0	36399.0	95888.0	165135.0	33673.0	26431.0	24.1	29.7	33.0	43.8
2007-06-19	243351.0	92321.0	33525.0	115191.0	163257.0	32206.0	42936.0	21.6	25.6	30.5	37.5
2007-06-26	139879.0	82053.0	13190.0	25696.0	103754.0	30651.0	21456.0	29.8	49.5	42.8	63.9
2007-07-03	143135.0	79653.0	14400.0	26909.0	104004.0	35084.0	23242.0	30.3	49.0	41.6	63.4
2007-07-10	143434.0	82889.0	15511.0	22255.0	106004.0	36807.0	20436.0	33.6	50.7	43.3	65.7
2007-07-17	150522.0	85281.0	18009.0	27001.0	110312.0	36703.0	20664.0	35.9	52.3	45.5	65.7
2007-07-24	158948.0	94483.0	17519.0	25054.0	118037.0	36578.0	20559.0	35.7	53.9	44.9	67.2
2007-07-31	133951.0	68138.0	18440.0	28278.0	94909.0	34621.0	17688.0	22.2	50.0	33.1	64.2
2007-08-07	135946.0	71689.0	19751.0	30031.0	95508.0	32064.0	18525.0	23.2	50.0	37.0	63.9
2007-08-14	134044.0	66527.0	18717.0	32100.0	88453.0	31566.0	23023.0	24.7	48.0	38.0	59.2
2007-08-21	128591.0	60044.0	20011.0	38332.0	85060.0	26455.0	19760.0	26.0	46.7	40.4	57.6
2007-08-28	133856.0	68013.0	22919.0	36520.0	88212.0	26807.0	20209.0	25.7	48.0	40.6	60.5
2007-09-04	135940.0	73234.0	21889.0	30583.0	91730.0	28239.0	18437.0	24.7	50.2	35.7	63.4
2007-09-11	145388.0	78149.0	19395.0	30595.0	103342.0	32598.0	18605.0	23.4	49.4	36.5	64.6
2007-09-18	167680.0	88758.0	8930.0	33172.0	125869.0	38067.0	25198.0	22.6	47.5	34.4	61.8
2007-09-25	126605.0	73042.0	13880.0	18564.0	88538.0	32820.0	22008.0	26.6	48.0	39.2	63.1
2007-10-02	144193.0	87538.0	18359.0	19290.0	104569.0	35386.0	19286.0	28.2	46.9	40.4	66.7
2007-10-09	157628.0	99617.0	16616.0	20303.0	119915.0	35661.0	19050.0	31.9	46.3	44.1	66.6
2007-10-16	147428.0	90940.0	13991.0	18037.0	109362.0	36336.0	21960.0	32.1	45.4	44.1	64.2
2007-10-23	140205.0	82625.0	11302.0	20742.0	103728.0	34313.0	22650.0	26.9	46.1	38.2	63.3
2007-10-30	137711.0	79052.0	10221.0	23079.0	102463.0	33393.0	22840.0	29.7	47.4	40.9	65.3
2007-11-06	138502.0	75532.0	11944.0	28379.0	97919.0	32332.0	26380.0	25.0	43.1	37.6	59.2
2007-11-13	121478.0	55876.0	9153.0	31485.0	89586.0	31397.0	20019.0	19.8	45.5	33.2	59.2
2007-11-20	109533.0	41574.0	9282.0	36064.0	76809.0	28734.0	20281.0	17.9	45.3	28.5	55.8
2007-11-27	112354.0	39532.0	10533.0	42233.0	79718.0	27434.0	18948.0	19.4	45.1	30.5	56.3
2007-12-04	114020.0	34194.0	18870.0	46196.0	74920.0	29957.0	16557.0	18.0	42.8	27.7	52.0
2007-12-11	118951.0	30935.0	12271.0	52568.0	85898.0	32061.0	17395.0	17.7	42.7	27.8	50.2
2007-12-18	121294.0	34895.0	11608.0	54390.0	88867.0	29100.0	17910.0	16.9	41.0	28.4	49.2
2007-12-24	77357.0	29959.0	15236.0	18913.0	45440.0	27080.0	15276.0	25.8	38.7	37.5	51.4
2007-12-31	83024.0	35655.0	12657.0	18604.0	52488.0	27360.0	16474.0	27.7	39.4	39.5	53.8
2008-01-08	82454.0	31648.0	15224.0	19093.0	48776.0	29413.0	16154.0	23.6	40.0	36.1	52.4
2008-01-15	81827.0	22866.0	15101.0	27093.0	46562.0	28811.0	17107.0	22.6	36.8	35.2	47.4
2008-01-22	86378.0	24463.0	16786.0	30984.0	46841.0	28170.0	19990.0	19.4	32.1	32.0	43.1
2008-01-29	90907.0	25948.0	21653.0	34077.0	48253.0	29012.0	19131.0	21.9	31.4	36.5	46.6
2008-02-05	93574.0	30603.0	20363.0	32036.0	54769.0	29159.0	16666.0	20.0	34.4	32.9	48.1
2008-02-12	101187.0	43391.0	22956.0	22399.0	60784.0	33758.0	15808.0	19.4	38.4	32.4	55.8
2008-02-19	95614.0	33387.0	21440.0	28562.0	53308.0	32452.0	19653.0	19.4	34.4	30.2	50.6
2008-02-26	110073.0	50323.0	24139.0	26233.0	67921.0	31652.0	16148.0	19.7	39.7	31.8	56.4
2008-03-04	117986.0	60105.0	23699.0	22427.0	75358.0	33438.0	16913.0	23.2	37.5	35.2	53.7
2008-03-11	117606.0	50353.0	21422.0	31350.0	76213.0	33476.0	17544.0	17.5	31.4	29.2	46.9
2008-03-18	127275.0	43416.0	22517.0	47073.0	78320.0	30123.0	19775.0	12.8	28.0	22.6	42.9
2008-03-25	98867.0	28183.0	26005.0	41813.0	54591.0	26587.0	15987.0	24.1	30.0	36.5	45.6
2008-04-01	100329.0	28382.0	27659.0	42498.0	53557.0	27096.0	16760.0	24.5	29.4	35.7	45.3
2008-04-08	106562.0	37519.0	30955.0	40782.0	55327.0	25539.0	17558.0	25.2	31.1	37.9	44.7
2008-04-15	104970.0	33518.0	28015.0	43773.0	56688.0	25145.0	17733.0	28.8	26.2	41.1	40.4
2008-04-22	105665.0	43836.0	26466.0	31165.0	60177.0	28310.0	16668.0	27.0	31.1	40.0	45.2
2008-04-29	98159.0	31816.0	24388.0	38261.0	54704.0	26135.0	17120.0	28.0	27.6	41.0	41.5
2008-05-06	114709.0	48104.0	16392.0	33442.0	76584.0	31315.0	19885.0	24.6	32.7	37.9	47.9
2008-05-13	108527.0	46246.0	16837.0	29641.0	71080.0	30270.0	18240.0	22.8	29.4	36.1	46.8
2008-05-20	115665.0	53118.0	21700.0	26201.0	73244.0	34317.0	18692.0	21.2	30.0	33.2	47.6
2008-05-27	127620.0	69636.0	19511.0	21937.0	87714.0	34196.0	18544.0	25.1	33.9	36.0	52.3
2008-06-03	122819.0	63825.0	18087.0	23136.0	75731.0	33121.0	26264.0	24.3	31.3	35.8	48.9
2008-06-10	123950.0	43276.0	25697.0	32551.0	62810.0	43368.0	30688.0	15.4	23.6	25.5	38.0
2008-06-17	130634.0	36386.0	37337.0	50605.0	51433.0	41355.0	39576.0	19.3	20.3	28.2	31.9
2008-06-24	84325.0	27397.0	31886.0	23960.0	21945.0	30750.0	28276.0	15.4	29.3	23.9	41.4
2008-07-01	87207.0	24732.0	34522.0	29255.0	26447.0	31004.0	24022.0	16.2	25.9	25.0	38.3
2008-07-08	91389.0	30183.0	36135.0	30157.0	29263.0	28623.0	23565.0	15.9	27.3	25.0	41.6
2008-07-15	97365.0	39972.0	27113.0	25494.0	48159.0	29737.0	19931.0	21.3	29.2	31.8	46.6
2008-07-22	99845.0	43572.0	21683.0	22765.0	53058.0	30228.0	21824.0	22.0	27.0	33.0	46.0
2008-07-29	97065.0	29682.0	31928.0	35531.0	40381.0	28282.0	21186.0	20.2	26.0	30.4	42.8
2008-08-05	116660.0	35442.0	54214.0	50256.0	32458.0	26692.0	25718.0	23.1	31.7	36.1	45.3
2008-08-12	121154.0	33650.0	58979.0	55920.0	29761.0	25980.0	26810.0	27.3	31.6	40.3	45.4
2008-08-19	126865.0	38641.0	66726.0	58423.0	27097.0	25263.0	28504.0	28.9	29.7	41.7	41.5
2008-08-26	116253.0	33329.0	49093.0	50528.0	35142.0	28030.0	27652.0	25.3	23.6	38.5	36.9
2008-09-02	122277.0	37205.0	54779.0	54447.0	34106.0	24812.0	27579.0	26.2	24.1	39.4	35.8
2008-09-09	142344.0	36134.0	46118.0	74147.0	62721.0	24118.0	25560.0	22.0	22.5	34.0	32.9
2008-09-16	145036.0	33090.0	43312.0	80684.0	70204.0	25982.0	26240.0	20.5	19.6	31.6	30.2
2008-09-23	92330.0	17090.0	35743.0	47346.0	30429.0	23168.0	21432.0	40.0	29.8	51.7	42.1
2008-09-30	93626.0	19691.0	37712.0	47684.0	30293.0	20330.0	19700.0	42.0	36.1	53.1	46.6
2008-10-07	94501.0	18431.0	35583.0	51447.0	33907.0	20682.0	21070.0	44.6	29.2	54.8	41.4
2008-10-14	98295.0	16220.0	34104.0	56665.0	42642.0	22210.0	18349.0	50.9	33.9	58.7	48.9
2008-10-21	111438.0	20698.0	33093.0	64022.0	53851.0	23556.0	21332.0	52.1	41.5	59.8	54.3
2008-10-28	107866.0	18065.0	27912.0	59656.0	56179.0	26091.0	19721.0	48.9	40.9	56.6	54.2
2008-11-04	107787.0	17145.0	24639.0	57222.0	55389.0	29600.0	23939.0	47.4	37.8	55.7	47.3
2008-11-11	98146.0	16067.0	19312.0	54695.0	56699.0	23825.0	18576.0	49.4	40.1	57.5	51.4
2008-11-18	92554.0	15426.0	22603.0	48759.0	47530.0	25393.0	19445.0	45.2	35.1	53.2	47.2
2008-11-25	83766.0	12521.0	18790.0	44510.0	44179.0	23384.0	17446.0	47.0	34.4	54.0	48.2
2008-12-02	88581.0	13076.0	22783.0	51053.0	45416.0	21413.0	17343.0	49.0	32.2	57.7	48.3
2008-12-09	86795.0	12579.0	21408.0	48345.0	43410.0	24217.0	20323.0	51.2	30.3	60.5	47.9
2008-12-16	85413.0	10729.0	17477.0	47649.0	46427.0	23984.0	18458.0	43.4	30.9	49.6	44.6
2008-12-22	43701.0	9345.0	19375.0	13793.0	8485.0	19784.0	15062.0	33.2	29.9	43.8	43.9
2008-12-30	47479.0	8473.0	18828.0	16147.0	11281.0	21831.0	16342.0	35.6	33.1	44.9	46.0
2009-01-06	53297.0	8930.0	22802.0	20005.0	15744.0	23679.0	14068.0	36.3	31.6	45.5	43.7
2009-01-13	55217.0	9277.0	21481.0	23378.0	15457.0	21548.0	17265.0	39.7	31.2	50.0	42.3
2009-01-20	65416.0	8949.0	23534.0	31738.0	21432.0	23982.0	19703.0	44.2	33.7	52.5	46.6
2009-01-27	64951.0	7898.0	22864.0	31988.0	21737.0	24273.0	19558.0	44.6	34.9	51.5	47.1
2009-02-03	67011.0	9597.0	22172.0	31073.0	25799.0	25484.0	18183.0	42.5	37.1	49.6	49.7
2009-02-10	67863.0	7789.0	19260.0	33315.0	26902.0	25570.0	20512.0	42.0	39.9	48.8	49.4
2009-02-17	72185.0	9631.0	22540.0	34527.0	26004.0	26847.0	22461.0	40.3	37.2	48.2	45.5
2009-02-24	74438.0	9042.0	22007.0	36406.0	29602.0	27810.0	21649.0	40.8	40.0	49.7	49.9
2009-03-03	83768.0	11859.0	30872.0	41105.0	27566.0	29629.0	24155.0	37.8	33.3	46.8	43.7
2009-03-10	87787.0	7991.0	28281.0	50628.0	33868.0	27770.0	24240.0	35.7	31.3	44.1	38.6
2009-03-17	93979.0	8715.0	32665.0	53140.0	32585.0	27829.0	24434.0	32.6	31.1	40.2	38.7
2009-03-24	56641.0	5203.0	25875.0	22166.0	13792.0	28240.0	15942.0	31.9	32.1	38.0	45.7
2009-03-31	58595.0	6453.0	29799.0	22752.0	11198.0	28260.0	16468.0	29.5	37.2	35.6	46.8
2009-04-07	58219.0	7397.0	30708.0	22297.0	9251.0	27853.0	17588.0	28.9	39.3	34.9	47.2
2009-04-14	60486.0	10415.0	28144.0	20894.0	13591.0	28452.0	18026.0	26.9	36.1	33.3	46.6
2009-04-21	63049.0	12897.0	25604.0	20505.0	20030.0	28921.0	16689.0	28.0	38.1	35.3	48.8
2009-04-28	67729.0	16395.0	24102.0	21940.0	28171.0	28515.0	14577.0	28.7	43.5	36.4	55.2
2009-05-05	74576.0	22007.0	19993.0	21320.0	38240.0	30375.0	15469.0	28.9	47.6	38.7	59.2
2009-05-12	81402.0	25180.0	19731.0	21653.0	44929.0	33555.0	15728.0	30.4	49.5	40.8	62.5
2009-05-19	86527.0	28816.0	23391.0	23198.0	48510.0	33666.0	13779.0	30.5	49.4	40.4	62.8
2009-05-26	89446.0	32429.0	20897.0	21859.0	53480.0	33929.0	13840.0	31.1	49.1	40.3	63.5
2009-06-02	90613.0	31879.0	25285.0	22304.0	51157.0	34980.0	12721.0	30.4	46.8	39.1	62.6
2009-06-09	97915.0	33405.0	20439.0	27364.0	65357.0	35590.0	10563.0	28.7	49.4	36.1	63.6
2009-06-16	118604.0	31433.0	15973.0	50377.0	86141.0	33244.0	12940.0	21.5	39.1	29.2	49.1
2009-06-23	74353.0	30043.0	18696.0	12206.0	41271.0	31629.0	13911.0	23.2	44.2	32.1	60.3
2009-06-30	80536.0	32435.0	23163.0	16464.0	41508.0	31147.0	15375.0	27.8	40.4	36.3	57.3
2009-07-07	80191.0	29971.0	23419.0	16790.0	41993.0	32886.0	14235.0	27.7	42.4	36.5	56.5
2009-07-14	85347.0	31850.0	25957.0	19267.0	43860.0	33686.0	14986.0	28.4	42.1	36.2	57.0
2009-07-21	89893.0	42647.0	26141.0	12079.0	47780.0	34563.0	15368.0	31.2	36.9	39.6	57.6
2009-07-28	92023.0	48548.0	19480.0	9804.0	55553.0	33058.0	16377.0	33.3	37.3	42.1	59.3
2009-08-04	105272.0	58426.0	21834.0	9972.0	67309.0	36269.0	15524.0	36.7	42.3	44.3	63.8
2009-08-11	95923.0	47947.0	14058.0	11798.0	64497.0	35544.0	16734.0	31.6	45.2	40.3	67.0
2009-08-18	93429.0	48058.0	10600.0	10401.0	66638.0	34215.0	15436.0	33.5	48.8	42.5	67.1
2009-08-25	99083.0	50841.0	10852.0	11570.0	71443.0	35832.0	15948.0	30.4	47.8	41.0	65.5
2009-09-01	88664.0	37838.0	4949.0	15038.0	64622.0	34256.0	17561.0	25.2	48.1	34.4	63.6
2009-09-08	105084.0	42844.0	6026.0	22704.0	79856.0	35717.0	15383.0	23.9	40.9	30.9	56.1
2009-09-15	124489.0	44894.0	6862.0	36893.0	95719.0	36341.0	15547.0	21.1	36.1	27.1	49.8
2009-09-22	89054.0	44156.0	9604.0	8490.0	64525.0	35673.0	14190.0	29.0	59.2	37.9	72.9
2009-09-29	71015.0	23843.0	5634.0	13692.0	49847.0	32755.0	14809.0	20.5	59.2	30.4	68.0
2009-10-06	88135.0	41391.0	5616.0	10339.0	66013.0	35640.0	15741.0	25.4	52.7	34.3	66.2
2009-10-13	102958.0	50739.0	6543.0	13632.0	78885.0	37808.0	16751.0	25.9	52.6	35.4	67.5
2009-10-20	111244.0	52689.0	9152.0	17831.0	85802.0	40500.0	16066.0	26.4	53.7	38.5	70.0
2009-10-27	99635.0	41261.0	5806.0	20380.0	77951.0	37815.0	15699.0	20.5	53.2	33.1	69.9
2009-11-03	82896.0	27862.0	4493.0	19644.0	60511.0	34810.0	17312.0	20.6	51.7	32.0	64.1
2009-11-09	85919.0	30168.0	8184.0	18935.0	59276.0	36815.0	18458.0	24.2	49.7	34.6	62.9
2009-11-17	94241.0	35653.0	12047.0	21377.0	63318.0	37001.0	18666.0	22.9	48.4	35.1	61.2
2009-11-24	89131.0	30492.0	5839.0	21417.0	64297.0	36715.0	18488.0	20.9	48.9	32.9	60.7
2009-12-01	97431.0	35964.0	5155.0	20713.0	74286.0	40613.0	17849.0	23.1	46.1	32.4	60.5
2009-12-08	103218.0	33195.0	3736.0	34784.0	81851.0	34200.0	16592.0	17.6	44.8	28.2	57.6
2009-12-15	109895.0	29365.0	3740.0	36993.0	80282.0	37689.0	20025.0	16.5	41.7	26.7	53.9
2009-12-22	79423.0	31381.0	8680.0	13443.0	55997.0	34463.0	14610.0	25.5	38.6	40.8	59.4
2009-12-29	101157.0	50457.0	10468.0	13066.0	76076.0	37520.0	14499.0	32.0	42.1	42.8	63.8
2010-01-05	107554.0	51736.0	11540.0	13715.0	80381.0	42003.0	15533.0	29.9	44.6	40.6	67.9
2010-01-12	117310.0	60219.0	11524.0	15139.0	89153.0	41882.0	16563.0	26.2	43.3	39.0	66.9
2010-01-19	120271.0	58048.0	11245.0	17807.0	91505.0	44375.0	17480.0	29.0	42.8	40.5	66.8
2010-01-26	91375.0	35659.0	9850.0	17315.0	65469.0	38391.0	16046.0	22.4	38.6	35.7	55.1
2010-02-02	82692.0	25639.0	10284.0	20658.0	53799.0	36385.0	18599.0	22.5	35.4	32.2	49.6
2010-02-09	84317.0	24285.0	15422.0	23962.0	51289.0	35945.0	17481.0	24.4	32.5	35.6	46.2
2010-02-16	93330.0	35026.0	11571.0	19153.0	65881.0	39041.0	15768.0	26.3	37.9	39.3	55.9
2010-02-23	100629.0	40224.0	11803.0	19273.0	72712.0	40978.0	15960.0	26.1	40.0	39.7	57.7
2010-03-02	109517.0	47170.0	8881.0	21003.0	83479.0	41078.0	16891.0	26.8	41.7	39.8	59.1
2010-03-09	138991.0	71350.0	9951.0	25132.0	113034.0	41081.0	14578.0	26.2	44.6	38.8	63.1
2010-03-16	180184.0	80982.0	11342.0	50877.0	145795.0	42401.0	17123.0	25.8	36.4	36.3	51.5
2010-03-23	152885.0	90278.0	17251.0	14953.0	120060.0	47539.0	15459.0	34.3	50.9	46.7	71.8
2010-03-30	152133.0	88595.0	18299.0	18473.0	119260.0	45045.0	14554.0	34.5	52.0	45.9	73.4
2010-04-06	151537.0	88881.0	19569.0	17564.0	116038.0	45034.0	15872.0	34.8	49.9	44.8	71.4
2010-04-13	153401.0	87918.0	17443.0	19767.0	120177.0	45701.0	15766.0	34.9	50.3	44.9	71.4
2010-04-20	149360.0	82664.0	13008.0	17808.0	119302.0	48843.0	17005.0	32.8	48.5	43.2	66.4
2010-04-27	144191.0	72366.0	13168.0	24191.0	114293.0	47594.0	16690.0	31.3	49.5	42.4	67.5
2010-05-04	137181.0	65431.0	13419.0	25697.0	106160.0	46013.0	17562.0	30.3	49.8	39.5	66.2
2010-05-11	122092.0	58010.0	7556.0	26666.0	98039.0	36806.0	15887.0	32.7	49.8	44.3	67.6
2010-05-18	124952.0	53254.0	8369.0	33225.0	100637.0	37880.0	15353.0	32.9	49.5	45.0	66.4
2010-05-25	122642.0	40113.0	16241.0	41847.0	88535.0	39188.0	16372.0	33.5	41.4	44.9	58.4
2010-06-01	117450.0	37262.0	15108.0	40741.0	82665.0	37217.0	17447.0	34.5	39.2	44.5	56.5
2010-06-08	121438.0	36775.0	14265.0	44943.0	88477.0	35049.0	14025.0	34.2	38.2	44.2	56.8
2010-06-15	127919.0	37460.0	10106.0	47624.0	95293.0	35277.0	14962.0	29.3	36.9	37.2	55.3
2010-06-22	86397.0	38499.0	12146.0	13163.0	60779.0	34720.0	13457.0	33.1	56.3	40.9	71.2
2010-06-29	88461.0	31575.0	15681.0	20026.0	58490.0	36833.0	14263.0	29.8	50.6	37.0	70.3
2010-07-06	92565.0	28549.0	20455.0	29407.0	55809.0	34176.0	15868.0	30.4	45.6	40.5	63.0
2010-07-13	87394.0	27952.0	5914.0	23275.0	66041.0	36146.0	15418.0	28.5	51.2	37.9	68.2
2010-07-20	83317.0	23739.0	7315.0	21328.0	60385.0	38226.0	15593.0	20.7	47.0	30.8	64.8
2010-07-27	85121.0	27045.0	3177.0	20687.0	65523.0	37166.0	16198.0	19.3	52.6	30.1	68.5
2010-08-03	99262.0	40335.0	6153.0	18145.0	77619.0	40647.0	15355.0	21.1	49.5	31.4	67.5
2010-08-10	105543.0	46616.0	5437.0	16265.0	85481.0	41988.0	13951.0	21.3	50.4	30.8	67.4
2010-08-17	94908.0	34446.0	4932.0	22906.0	73403.0	36556.0	15573.0	20.6	51.6	31.4	69.3
2010-08-24	94976.0	24889.0	8742.0	33640.0	67045.0	35075.0	17817.0	20.8	47.2	33.4	63.8
2010-08-31	108003.0	26957.0	31721.0	42949.0	56058.0	37209.0	19336.0	26.1	47.7	37.7	59.3
2010-09-07	107378.0	27734.0	27282.0	43989.0	62136.0	35308.0	17613.0	26.2	45.2	36.5	61.0
2010-09-14	110946.0	29057.0	11362.0	44462.0	80313.0	35649.0	17493.0	26.6	40.1	36.0	52.0
2010-09-21	101524.0	46985.0	17170.0	17441.0	70177.0	36990.0	14069.0	30.9	38.4	40.0	56.0
2010-09-28	101260.0	43078.0	15208.0	17957.0	72977.0	40120.0	12970.0	30.0	43.0	36.6	65.1
2010-10-05	120045.0	62909.0	20231.0	16843.0	85492.0	40191.0	14220.0	28.3	39.0	37.4	62.0
2010-10-12	123851.0	63283.0	19497.0	19986.0	89438.0	40481.0	14815.0	26.5	39.3	35.8	63.0
2010-10-19	112791.0	47852.0	17112.0	22985.0	80111.0	41809.0	15423.0	22.3	39.9	31.6	61.4
2010-10-26	102269.0	37802.0	17927.0	23710.0	69433.0	40657.0	14809.0	20.5	40.2	30.8	58.5
2010-11-02	104809.0	41890.0	18525.0	21972.0	70265.0	40848.0	15920.0	22.4	38.6	31.8	56.1
2010-11-09	128710.0	62533.0	25195.0	23211.0	86147.0	42867.0	17269.0	27.6	38.6	38.7	57.6
2010-11-16	124587.0	58390.0	19949.0	25324.0	87484.0	40693.0	16974.0	25.3	38.3	35.4	56.8
2010-11-23	105442.0	36797.0	14298.0	30250.0	72936.0	38244.0	18057.0	19.7	38.7	29.8	54.0
2010-11-30	100245.0	30999.0	11844.0	29282.0	70943.0	39027.0	16521.0	19.7	40.4	27.9	56.6
2010-12-07	114999.0	47003.0	13281.0	28147.0	85525.0	39846.0	16190.0	23.6	37.4	34.8	53.0
2010-12-14	142291.0	44840.0	11444.0	45814.0	107497.0	41911.0	13624.0	15.1	31.1	22.6	47.1
2010-12-21	91294.0	39665.0	14717.0	12976.0	63827.0	38653.0	12750.0	23.9	46.5	31.1	62.8
2010-12-28	113223.0	58142.0	23355.0	13470.0	75069.0	41591.0	14779.0	23.7	44.0	32.4	61.7
2011-01-04	120758.0	65421.0	27073.0	12903.0	78154.0	42379.0	15476.0	21.3	47.2	33.1	62.2
2011-01-11	129480.0	70872.0	23115.0	12570.0	89446.0	46035.0	16916.0	19.8	45.3	32.5	60.6
2011-01-18	128185.0	67614.0	23559.0	13829.0	89185.0	46694.0	15393.0	19.2	45.7	30.9	61.3
2011-01-25	117899.0	54075.0	22356.0	16727.0	81426.0	46689.0	13709.0	19.3	47.4	28.8	61.9
2011-02-01	119488.0	55186.0	21372.0	15872.0	82109.0	47873.0	15450.0	18.0	46.2	27.5	61.0
2011-02-08	141604.0	72899.0	33109.0	17467.0	93827.0	50713.0	14143.0	21.5	48.4	32.6	63.2
2011-02-15	140822.0	77018.0	4928.0	17558.0	119384.0	46115.0	16379.0	19.1	48.1	31.5	62.6
2011-02-22	140610.0	72774.0	4426.0	17913.0	119042.0	49797.0	17016.0	18.6	48.5	30.0	63.2
2011-03-01	148414.0	78365.0	5538.0	16779.0	123061.0	52927.0	19472.0	21.4	48.2	33.5	62.9
2011-03-08	174715.0	81253.0	3709.0	37451.0	152641.0	55258.0	17612.0	19.8	43.5	28.9	57.6
2011-03-15	189157.0	60789.0	3798.0	74231.0	165059.0	52572.0	18735.0	18.1	33.4	24.9	45.8
2011-03-22	118442.0	49722.0	3745.0	21588.0	99515.0	47132.0	15182.0	21.4	61.6	30.1	77.1
2011-03-29	119128.0	52886.0	1641.0	20231.0	102773.0	45876.0	14579.0	20.2	61.4	30.7	77.2
2011-04-05	138257.0	68876.0	3846.0	17432.0	117936.0	51947.0	16473.0	20.5	58.3	29.4	74.1
2011-04-12	142022.0	66354.0	2613.0	22824.0	123079.0	52768.0	16254.0	19.8	57.5	28.6	72.9
2011-04-19	141961.0	67489.0	2454.0	23480.0	123045.0	50990.0	16460.0	19.5	56.0	28.6	71.2
2011-04-26	138939.0	61493.0	2430.0	24838.0	122485.0	52606.0	14022.0	18.8	56.3	27.1	71.9
2011-05-03	139919.0	59863.0	5822.0	30740.0	118338.0	49116.0	15559.0	19.6	55.4	27.6	71.1
2011-05-10	121478.0	42698.0	5495.0	30104.0	99527.0	48522.0	16302.0	17.3	58.3	25.7	72.6
2011-05-17	123386.0	36008.0	9717.0	40314.0	97727.0	46910.0	15788.0	19.7	54.9	29.2	69.7
2011-05-24	120245.0	31219.0	9942.0	41488.0	94763.0	47370.0	15372.0	19.5	53.5	29.6	68.1
2011-05-31	125654.0	35657.0	9255.0	41643.0	100975.0	48200.0	15270.0	17.7	53.7	27.7	67.4
2011-06-07	129110.0	32631.0	19109.0	51857.0	88565.0	43043.0	19857.0	23.2	46.3	32.1	60.4
2011-06-14	142172.0	33746.0	14891.0	54875.0	103612.0	46302.0	16420.0	19.7	45.7	26.5	60.1
2011-06-21	87905.0	19983.0	17779.0	24090.0	51741.0	43832.0	18385.0	17.0	38.9	24.2	54.8
2011-06-28	92360.0	21896.0	23759.0	28565.0	46695.0	41874.0	21881.0	18.5	35.1	25.1	51.7
2011-07-05	105967.0	31346.0	24525.0	25473.0	63589.0	49147.0	17852.0	15.4	35.8	23.9	50.6
2011-07-12	111624.0	39535.0	24201.0	24080.0	70701.0	48009.0	16722.0	16.0	41.4	23.6	58.2
2011-07-19	124719.0	52623.0	24859.0	25093.0	81777.0	47003.0	18083.0	18.5	40.8	27.5	55.7
2011-07-26	128807.0	52884.0	16743.0	27531.0	93417.0	48382.0	18637.0	21.7	41.0	29.6	59.6
2011-08-02	133150.0	57482.0	16445.0	27593.0	97892.0	48005.0	18743.0	25.2	40.8	32.4	58.5
2011-08-09	118973.0	38872.0	15168.0	35943.0	80076.0	44061.0	23632.0	26.2	35.3	34.2	50.4
2011-08-16	103509.0	23153.0	19032.0	39061.0	60465.0	41209.0	23926.0	23.6	34.3	32.3	48.0
2011-08-23	104672.0	23368.0	14564.0	38944.0	64812.0	42283.0	25219.0	21.5	31.9	29.9	45.9
2011-08-30	107237.0	24823.0	10884.0	40827.0	71626.0	41313.0	24453.0	20.6	33.6	28.4	48.0
2011-09-06	109190.0	18441.0	16360.0	48193.0	67166.0	41390.0	24498.0	24.9	30.2	32.6	43.5
2011-09-13	117403.0	17337.0	23640.0	55828.0	64452.0	40783.0	25856.0	28.4	26.1	35.6	38.7
2011-09-20	123057.0	20422.0	25880.0	54981.0	67965.0	39251.0	20809.0	26.5	28.3	32.9	38.4
2011-09-27	86146.0	21320.0	41870.0	32338.0	21145.0	32454.0	23097.0	26.0	28.6	34.8	39.6
2011-10-04	103733.0	22713.0	38395.0	47148.0	36124.0	33713.0	29055.0	30.6	31.6	39.8	41.8
2011-10-11	122945.0	23922.0	48835.0	74038.0	48096.0	24951.0	25980.0	40.0	48.7	52.5	55.4
2011-10-18	123074.0	23343.0	48138.0	74197.0	48610.0	25428.0	26220.0	40.5	48.9	54.6	56.8
2011-10-25	120187.0	25368.0	43291.0	69325.0	51351.0	25388.0	25439.0	41.4	50.6	55.1	59.6
2011-11-01	119841.0	27420.0	42240.0	64477.0	56340.0	27803.0	21120.0	39.6	50.2	52.8	60.7
2011-11-08	122069.0	28003.0	43571.0	64301.0	57537.0	29186.0	20382.0	39.1	52.5	53.3	62.2
2011-11-15	123967.0	28819.0	46034.0	66149.0	56849.0	28819.0	20904.0	40.4	54.2	54.5	62.9
2011-11-22	129151.0	29041.0	51185.0	73856.0	54766.0	26060.0	23006.0	41.5	56.1	57.1	63.0
2011-11-29	143231.0	30069.0	56938.0	86803.0	62064.0	25840.0	23710.0	42.1	53.9	56.7	59.6
2011-12-06	150326.0	31022.0	51193.0	91372.0	74694.0	26929.0	23436.0	38.8	50.5	52.5	57.2
2011-12-13	173429.0	35787.0	49172.0	105069.0	95658.0	27076.0	23102.0	35.3	42.9	46.4	48.9
2011-12-20	174254.0	21428.0	48296.0	90485.0	93717.0	51787.0	21687.0	26.6	42.8	32.7	49.7
2011-12-27	118735.0	28132.0	49944.0	64290.0	45089.0	25359.0	22748.0	42.8	62.0	55.9	68.0
2012-01-03	119763.0	27665.0	51036.0	64236.0	45736.0	26762.0	21891.0	42.0	63.1	53.9	68.7
2012-01-10	120997.0	23039.0	51688.0	67906.0	48899.0	29189.0	19547.0	41.9	60.9	53.2	66.8
2012-01-17	123101.0	25118.0	53848.0	70249.0	47130.0	26666.0	21055.0	41.0	60.7	52.2	66.0
2012-01-24	117164.0	29772.0	48681.0	54912.0	48032.0	31029.0	19000.0	33.0	60.5	44.3	66.6
2012-01-31	119270.0	30140.0	49549.0	54905.0	48260.0	32522.0	19758.0	33.8	57.0	43.9	64.1
2012-02-07	122955.0	37065.0	34881.0	46984.0	65258.0	34953.0	18863.0	27.2	59.6	35.3	65.9
2012-02-14	122896.0	38465.0	28899.0	45270.0	69895.0	35225.0	20166.0	26.6	58.3	36.4	65.5
2012-02-21	129249.0	47784.0	33672.0	40420.0	72938.0	36559.0	18153.0	29.2	56.2	38.6	66.4
2012-02-28	136553.0	50763.0	28283.0	45369.0	86896.0	37129.0	18082.0	31.1	55.0	40.8	64.1
2012-03-06	146771.0	55906.0	29874.0	47002.0	92186.0	38903.0	19751.0	31.4	53.3	39.5	62.7
2012-03-13	172856.0	59548.0	32827.0	61100.0	111626.0	42157.0	18352.0	26.6	46.4	33.3	58.2
2012-03-20	189870.0	62768.0	20453.0	64621.0	127121.0	42510.0	22325.0	24.1	45.0	30.9	54.0
2012-03-27	122621.0	53432.0	29695.0	30438.0	75445.0	37845.0	16575.0	32.7	54.2	41.5	71.2
2012-04-03	126333.0	57291.0	27804.0	29195.0	80582.0	39325.0	17425.0	32.7	49.0	41.0	63.7
2012-04-10	113833.0	47992.0	20025.0	29950.0	71160.0	34467.0	21224.0	35.6	51.7	44.7	62.6
2012-04-17	128841.0	58319.0	20291.0	31141.0	89592.0	38841.0	18418.0	32.4	50.0	40.7	65.8
2012-04-24	134899.0	63028.0	18804.0	30013.0	98096.0	41336.0	17477.0	34.9	50.5	43.2	67.3
2012-05-01	163036.0	84458.0	14235.0	28754.0	131303.0	49273.0	16947.0	32.6	56.4	42.7	71.4
2012-05-08	148415.0	69914.0	9819.0	35823.0	116152.0	42169.0	21935.0	37.7	57.0	46.4	68.0
2012-05-15	140173.0	66286.0	15281.0	37358.0	103874.0	36172.0	20661.0	42.3	56.4	50.1	67.1
2012-05-22	130992.0	57577.0	19022.0	38781.0	86973.0	34490.0	24853.0	44.8	53.4	52.9	61.8
2012-05-29	126626.0	48793.0	14708.0	45130.0	84629.0	31690.0	26276.0	40.2	55.3	50.9	61.7
2012-06-05	137391.0	39559.0	24653.0	63694.0	81024.0	32916.0	30492.0	34.7	44.6	47.1	51.5
2012-06-12	135037.0	31308.0	21688.0	66261.0	77184.0	30582.0	29279.0	33.3	41.2	42.9	49.1
2012-06-19	131671.0	27808.0	19607.0	67917.0	79033.0	29334.0	26419.0	35.9	42.5	44.5	50.3
2012-06-26	95821.0	27778.0	18501.0	39527.0	46752.0	27260.0	29312.0	33.0	39.6	44.2	45.1
2012-07-03	93160.0	22923.0	14225.0	40158.0	49308.0	29095.0	28643.0	35.7	42.0	45.9	47.6
2012-07-10	100606.0	24673.0	20335.0	46123.0	50960.0	28854.0	28355.0	36.0	43.7	45.3	49.4
2012-07-17	103963.0	23628.0	24836.0	50361.0	50189.0	28908.0	27872.0	34.9	44.2	45.6	52.1
2012-07-24	111062.0	29695.0	32127.0	52846.0	50324.0	27371.0	27461.0	35.6	44.8	46.2	50.5
2012-07-31	101082.0	30652.0	18203.0	36868.0	59582.0	32733.0	22468.0	25.6	41.5	36.0	50.3
2012-08-07	109258.0	43190.0	24068.0	32069.0	64622.0	33961.0	20530.0	28.9	44.1	38.8	57.4
2012-08-14	123658.0	53894.0	25301.0	29523.0	75171.0	38995.0	21940.0	32.3	44.1	41.0	57.8
2012-08-21	150410.0	76008.0	25141.0	28897.0	103360.0	44471.0	20875.0	33.2	49.5	42.1	63.3
2012-08-28	163842.0	86639.0	25703.0	32156.0	116124.0	44199.0	21167.0	34.7	50.9	44.0	64.6
2012-09-04	171278.0	89309.0	22754.0	36806.0	123990.0	44407.0	23778.0	37.1	50.3	45.7	63.9
2012-09-11	254598.0	116546.0	14686.0	70866.0	199989.0	49283.0	22020.0	30.9	46.1	36.9	55.3
2012-09-18	296999.0	126688.0	14807.0	111793.0	250531.0	48147.0	21290.0	29.7	43.3	35.3	52.8
2012-09-25	210066.0	123643.0	18297.0	36716.0	173003.0	48919.0	17978.0	42.6	51.1	51.0	70.8
2012-10-02	196895.0	112706.0	11530.0	38350.0	167515.0	45218.0	17229.0	42.3	53.7	49.8	73.4
2012-10-09	192593.0	106300.0	10672.0	40463.0	162272.0	45121.0	18940.0	42.9	53.8	50.0	71.9
2012-10-16	189466.0	106369.0	12619.0	38298.0	157782.0	43662.0	17928.0	42.4	54.0	49.9	72.0
2012-10-23	178102.0	98566.0	9478.0	41195.0	149052.0	37441.0	18672.0	44.2	57.1	52.2	74.0
2012-10-30	167010.0	86306.0	7535.0	39783.0	139753.0	38747.0	17548.0	42.2	60.7	52.5	77.1
2012-11-06	166422.0	82882.0	8120.0	46619.0	137784.0	35552.0	19149.0	38.9	59.7	53.3	75.5
2012-11-13	168339.0	75935.0	9816.0	55425.0	137441.0	36066.0	20169.0	37.3	58.3	50.7	73.4
2012-11-20	169517.0	72893.0	11447.0	61171.0	135820.0	34635.0	21432.0	37.3	57.8	50.3	72.8
2012-11-27	170497.0	72663.0	10284.0	59723.0	138285.0	37275.0	21092.0	36.4	57.5	48.1	73.1
2012-12-04	167343.0	66356.0	9285.0	58434.0	137757.0	40663.0	18411.0	37.3	48.5	47.9	71.6
2012-12-11	178087.0	74220.0	11687.0	57844.0	144751.0	42964.0	18590.0	33.2	46.1	44.6	68.9
2012-12-18	219922.0	81493.0	7215.0	81681.0	183505.0	45471.0	17925.0	25.1	38.8	34.1	57.6
2012-12-24	140965.0	72777.0	9425.0	26014.0	114327.0	41717.0	16756.0	37.0	66.5	45.0	78.8
2012-12-31	137247.0	73678.0	7752.0	25407.0	113539.0	37502.0	15296.0	36.8	67.8	45.5	78.5
2013-01-08	137314.0	70435.0	6430.0	24292.0	115271.0	42526.0	15552.0	33.6	68.2	42.0	78.7
2013-01-15	144716.0	73099.0	4431.0	25542.0	125179.0	46004.0	15035.0	30.9	69.1	38.6	80.3
2013-01-22	141710.0	66225.0	8273.0	29132.0	115969.0	45891.0	17006.0	26.5	65.7	36.2	77.2
2013-01-29	144927.0	53915.0	18858.0	57342.0	98176.0	32516.0	26739.0	25.2	57.2	38.4	67.2
2013-02-05	141807.0	44538.0	16777.0	65520.0	98384.0	31426.0	26323.0	30.9	57.9	43.0	67.1
2013-02-12	140109.0	39324.0	12759.0	67842.0	99304.0	32799.0	27902.0	30.6	58.6	40.9	67.8
2013-02-19	156182.0	46033.0	26654.0	76550.0	96554.0	33470.0	32845.0	33.5	50.8	47.3	62.1
2013-02-26	195893.0	42171.0	63604.0	123275.0	93736.0	29169.0	37275.0	40.3	43.4	52.9	56.9
2013-03-05	221062.0	39564.0	86227.0	151458.0	92287.0	27444.0	39952.0	46.6	46.0	59.8	58.4
2013-03-12	249150.0	37020.0	90417.0	181721.0	114056.0	26097.0	40365.0	46.4	43.1	56.8	54.7
2013-03-19	308970.0	39417.0	104748.0	235665.0	159023.0	27368.0	38679.0	39.5	35.7	49.9	45.0
2013-03-26	160847.0	26286.0	88931.0	105065.0	33549.0	26880.0	35751.0	55.4	46.6	62.9	57.8
2013-04-02	163150.0	26212.0	90756.0	105344.0	34219.0	27262.0	33843.0	54.4	46.7	61.0	57.5
2013-04-09	161861.0	24056.0	95189.0	110957.0	32125.0	25131.0	32830.0	54.5	47.5	63.4	59.9
2013-04-16	171111.0	26003.0	101916.0	119246.0	33403.0	24314.0	34244.0	54.0	49.3	63.3	60.8
2013-04-23	171804.0	27940.0	99619.0	117167.0	33999.0	25030.0	36519.0	54.6	46.1	64.0	56.1
2013-04-30	161473.0	23246.0	91094.0	110577.0	36690.0	26105.0	32144.0	56.3	43.8	64.2	58.3
2013-05-07	149014.0	25741.0	77657.0	92646.0	40955.0	28618.0	28393.0	51.9	44.3	58.7	58.3
2013-05-14	142482.0	28352.0	72769.0	80107.0	40993.0	33229.0	27926.0	49.4	44.3	56.8	58.6
2013-05-21	141531.0	30686.0	64538.0	84231.0	40103.0	25301.0	35577.0	55.1	36.5	62.0	45.2
2013-05-28	144725.0	28298.0	61657.0	88719.0	39653.0	25447.0	41154.0	49.5	30.5	58.2	38.9
2013-06-04	141838.0	22351.0	62127.0	97317.0	39310.0	21039.0	39270.0	54.4	33.3	62.7	41.6
2013-06-11	145729.0	17343.0	53250.0	98780.0	50091.0	22149.0	34931.0	53.9	29.4	60.3	39.3
2013-06-18	145484.0	15470.0	41557.0	100129.0	64909.0	19278.0	28411.0	47.4	25.7	54.1	35.9
2013-06-25	109819.0	27186.0	37824.0	60951.0	36596.0	20527.0	34244.0	43.4	34.8	58.3	41.6
2013-07-02	126754.0	35398.0	51648.0	70456.0	36286.0	19619.0	37539.0	43.3	35.7	57.9	42.9
2013-07-09	140106.0	37260.0	61089.0	80806.0	39418.0	20806.0	38365.0	47.2	39.5	60.3	47.8
2013-07-16	133870.0	32187.0	52230.0	80511.0	43701.0	19805.0	36572.0	46.3	39.7	58.5	46.2
2013-07-23	119597.0	22262.0	39020.0	74122.0	45717.0	21399.0	33046.0	46.6	37.7	57.7	44.9
2013-07-30	111005.0	20729.0	32163.0	66544.0	44162.0	20770.0	31718.0	42.9	32.7	54.3	41.9
2013-08-06	106787.0	22629.0	33065.0	62191.0	41327.0	20439.0	30867.0	42.6	33.3	54.6	41.7
2013-08-13	105303.0	21751.0	30832.0	60271.0	41643.0	21369.0	30916.0	41.1	35.9	53.2	43.8
2013-08-20	108282.0	26559.0	36103.0	60065.0	39126.0	19989.0	31384.0	39.3	40.6	51.1	48.1
2013-08-27	133392.0	35375.0	60334.0	75703.0	34516.0	20366.0	36594.0	35.4	36.4	47.9	43.6
2013-09-03	143241.0	31879.0	66518.0	87628.0	38349.0	22236.0	36876.0	38.3	39.1	50.1	45.6
2013-09-10	137986.0	24621.0	55563.0	89696.0	47283.0	21236.0	32707.0	38.2	37.7	47.5	44.6
2013-09-17	142925.0	25286.0	44050.0	90759.0	67900.0	23545.0	27640.0	29.3	31.1	37.5	38.6
2013-09-24	119624.0	40278.0	45953.0	51746.0	47538.0	26769.0	25302.0	48.8	39.0	58.5	55.5
2013-10-01	122732.0	43734.0	44689.0	50999.0	52742.0	26401.0	23703.0	48.0	43.0	59.8	56.7
2013-10-08	118332.0	33857.0	42520.0	58507.0	48234.0	24190.0	25800.0	45.3	41.8	55.3	54.7
2013-10-15	112544.0	28436.0	39250.0	59892.0	43593.0	22607.0	28092.0	48.6	45.3	59.2	55.4
2013-10-22	109316.0	28906.0	34270.0	53694.0	48168.0	25370.0	25532.0	48.6	46.8	58.4	57.6
2013-10-29	116157.0	27233.0	42470.0	63565.0	42044.0	24072.0	30356.0	41.2	44.6	52.5	53.8
2013-11-05	117253.0	26803.0	44805.0	65070.0	39903.0	23928.0	31093.0	45.4	41.9	56.9	51.5
2013-11-12	118952.0	29306.0	45398.0	61948.0	38416.0	24857.0	32297.0	43.8	40.8	56.1	48.6
2013-11-19	121813.0	31656.0	47991.0	62818.0	39597.0	25622.0	32508.0	42.7	41.2	54.4	49.8
2013-11-26	129471.0	28143.0	56923.0	74321.0	33319.0	24883.0	37105.0	43.3	37.3	55.0	45.5
2013-12-03	145767.0	32589.0	74172.0	85823.0	29393.0	25286.0	40133.0	43.3	39.8	57.0	48.2
2013-12-10	160759.0	31049.0	88563.0	102583.0	27153.0	23953.0	41869.0	44.9	40.3	58.8	49.9
2013-12-17	187136.0	25133.0	90633.0	128256.0	46736.0	22740.0	38760.0	39.9	37.2	51.3	45.6
2013-12-24	149359.0	28191.0	86623.0	97141.0	23032.0	22163.0	37840.0	47.6	43.6	65.0	53.4
2014-01-07	156950.0	30535.0	91077.0	100257.0	22587.0	24101.0	41229.0	46.6	45.8	61.4	54.1
2014-01-14	171370.0	34212.0	101557.0	108454.0	24143.0	26363.0	43329.0	44.0	46.6	58.0	54.9
2014-01-21	169456.0	29423.0	99750.0	112401.0	22597.0	25156.0	44633.0	47.3	47.5	62.7	55.5
2014-01-28	157214.0	25976.0	88765.0	100271.0	24102.0	28499.0	41879.0	44.7	43.7	58.0	53.4
2014-02-04	160625.0	29439.0	89739.0	103483.0	24231.0	25094.0	44046.0	46.1	41.4	59.2	50.0
2014-02-11	157495.0	27745.0	86673.0	100937.0	27304.0	25619.0	40324.0	47.1	42.8	58.3	50.3
2014-02-18	154862.0	27756.0	92756.0	98317.0	21647.0	26320.0	37990.0	47.2	42.1	58.4	50.1
2014-02-25	141519.0	24865.0	83456.0	87922.0	20063.0	26616.0	35884.0	46.7	40.7	57.9	48.2
2014-03-04	147033.0	23306.0	84402.0	92528.0	22654.0	26947.0	35725.0	47.7	41.6	57.5	49.7
2014-03-11	153639.0	25180.0	77371.0	91067.0	28072.0	26473.0	37277.0	46.3	39.6	55.6	48.3
2014-03-18	186782.0	27751.0	97556.0	108340.0	32003.0	27893.0	34425.0	40.5	35.6	50.3	43.5
2014-03-25	133246.0	40441.0	73656.0	66564.0	16585.0	22359.0	39123.0	38.8	40.6	52.6	47.6
2014-04-01	117966.0	27549.0	64543.0	64673.0	16945.0	23332.0	34066.0	37.6	44.3	50.8	49.7
2014-04-08	120336.0	28704.0	63011.0	63008.0	20281.0	25316.0	33736.0	37.3	43.0	50.4	50.1
2014-04-15	119525.0	28288.0	63714.0	61985.0	24143.0	26993.0	29409.0	38.0	48.4	51.1	55.5
2014-04-22	118707.0	27529.0	62984.0	61316.0	25231.0	27599.0	28229.0	38.1	45.9	51.1	53.5
2014-04-29	123589.0	30093.0	60388.0	60536.0	30531.0	29060.0	28770.0	35.8	41.1	48.4	50.5
2014-05-06	122287.0	28044.0	59644.0	61606.0	29890.0	29590.0	29706.0	35.6	39.7	49.0	48.5
2014-05-13	121632.0	26986.0	53023.0	62277.0	33491.0	29005.0	31754.0	36.6	42.9	51.0	51.2
2014-05-20	121268.0	26500.0	53034.0	63083.0	32758.0	28322.0	32113.0	36.6	44.7	51.0	52.6
2014-05-27	129989.0	32581.0	54391.0	63738.0	41669.0	29924.0	30183.0	34.2	42.8	47.4	51.9
2014-06-03	130275.0	32519.0	55250.0	66011.0	40421.0	28611.0	31470.0	33.5	47.1	46.8	53.0
2014-06-10	125832.0	30303.0	54411.0	62263.0	34236.0	28518.0	32437.0	34.2	44.3	46.7	52.5
2014-06-17	132209.0	34582.0	56115.0	47778.0	38467.0	42340.0	30118.0	24.2	41.0	35.8	50.5
2014-06-24	103193.0	40595.0	45915.0	29794.0	25254.0	29986.0	29206.0	23.9	40.6	37.1	49.1
2014-07-01	111438.0	44755.0	42060.0	30835.0	40158.0	33855.0	27227.0	22.9	45.3	35.1	54.1
2014-07-08	128555.0	58245.0	47950.0	32588.0	53286.0	35538.0	25135.0	27.7	51.2	39.6	60.2
2014-07-15	129787.0	60353.0	44732.0	33209.0	57233.0	34170.0	25767.0	32.2	50.2	44.2	58.2
2014-07-22	129188.0	62078.0	41497.0	33108.0	59514.0	31873.0	26048.0	32.8	49.3	45.0	57.7
2014-07-29	122619.0	56459.0	33768.0	33594.0	60469.0	30066.0	25882.0	32.9	50.0	45.4	58.5
2014-08-05	115261.0	48944.0	27489.0	36570.0	56354.0	26650.0	28321.0	23.6	47.9	37.2	54.4
2014-08-12	108979.0	44053.0	26055.0	35969.0	49629.0	26051.0	30389.0	28.7	42.0	41.9	50.0
2014-08-19	113301.0	41844.0	34563.0	40948.0	44290.0	27821.0	31760.0	28.5	37.9	41.8	45.7
2014-08-26	108441.0	38522.0	32859.0	40150.0	43604.0	26986.0	29195.0	30.8	41.8	44.2	49.8
2014-09-02	105984.0	35333.0	26142.0	39648.0	49022.0	27465.0	27282.0	29.1	41.1	40.7	47.8
2014-09-09	102951.0	33400.0	21770.0	40549.0	46908.0	25627.0	30898.0	25.9	37.9	39.7	44.4
2014-09-16	110275.0	37347.0	29803.0	47031.0	43828.0	22886.0	33633.0	25.8	37.2	41.4	43.9
2014-09-23	76530.0	27673.0	24609.0	24196.0	17628.0	22941.0	32573.0	26.4	20.8	39.5	30.4
2014-09-30	89376.0	33014.0	37580.0	29652.0	15494.0	24520.0	34112.0	26.6	24.0	39.6	32.7
2014-10-07	100900.0	39174.0	46626.0	35995.0	15364.0	22700.0	35879.0	29.1	25.0	41.7	34.6
2014-10-14	104060.0	35688.0	51855.0	42330.0	12537.0	23082.0	36708.0	28.3	31.1	40.2	40.9
2014-10-21	102170.0	28837.0	50371.0	47671.0	10901.0	22166.0	37402.0	26.4	34.5	38.8	42.3
2014-10-28	99309.0	26093.0	47498.0	45385.0	11140.0	23808.0	36648.0	26.6	36.0	38.8	42.7
2014-11-04	104720.0	29627.0	49042.0	49104.0	13437.0	22441.0	38693.0	27.1	32.1	40.7	39.5
2014-11-11	108445.0	32668.0	54514.0	49367.0	13356.0	22630.0	36795.0	28.2	32.2	40.9	39.8
2014-11-18	106914.0	32082.0	51599.0	49125.0	14172.0	21513.0	36949.0	29.1	31.6	43.1	39.0
2014-11-25	102393.0	32106.0	48447.0	45070.0	15753.0	22264.0	35240.0	29.8	31.9	44.5	38.8
2014-12-02	101752.0	28533.0	46922.0	47891.0	14619.0	21410.0	36293.0	29.9	29.3	44.1	35.7
2014-12-09	109650.0	33406.0	47768.0	49178.0	18624.0	21298.0	37490.0	32.2	28.3	46.2	37.8
2014-12-16	129475.0	32397.0	48091.0	55795.0	21609.0	19532.0	38024.0	28.2	23.2	39.4	31.1
2014-12-23	98477.0	33904.0	46091.0	41241.0	12050.0	19544.0	36548.0	32.7	28.2	45.1	36.3
2014-12-30	97308.0	32726.0	46759.0	41904.0	11945.0	19316.0	35242.0	32.3	27.3	44.2	35.7
2015-01-06	103775.0	31275.0	48362.0	48606.0	14516.0	20626.0	37629.0	31.4	25.8	41.9	35.3
2015-01-13	105003.0	27599.0	48778.0	52263.0	14608.0	21519.0	37995.0	28.7	26.5	39.1	34.9
2015-01-20	111631.0	24238.0	53318.0	59282.0	13578.0	21814.0	38438.0	31.0	26.2	42.3	34.3
2015-01-27	112718.0	28914.0	52877.0	56159.0	15004.0	21474.0	38666.0	30.2	29.0	41.5	36.4
2015-02-03	113662.0	24553.0	51874.0	60231.0	15559.0	21960.0	39311.0	30.6	29.7	41.0	36.6
2015-02-10	115744.0	21176.0	54509.0	66616.0	16113.0	22133.0	39303.0	34.3	28.9	45.5	36.2
2015-02-17	111614.0	19998.0	52840.0	64638.0	15648.0	21731.0	37879.0	33.4	29.9	45.7	36.6
2015-02-24	118014.0	22423.0	58668.0	69197.0	17737.0	21997.0	37212.0	34.9	29.6	46.6	37.3
2015-03-03	121344.0	24332.0	63195.0	69531.0	17566.0	21733.0	34835.0	33.9	31.1	45.4	39.4
2015-03-10	146639.0	22011.0	61041.0	86736.0	25940.0	21356.0	43122.0	31.2	24.1	42.1	30.6
2015-03-17	158576.0	21001.0	53823.0	112562.0	57523.0	21346.0	43563.0	27.4	19.0	36.6	25.5
2015-03-24	106731.0	19193.0	51849.0	64097.0	14614.0	20220.0	37047.0	51.4	29.4	59.9	37.2
2015-03-31	110447.0	18771.0	48389.0	66324.0	21992.0	22400.0	37114.0	50.1	35.9	58.4	42.1
2015-04-07	114881.0	22081.0	52100.0	67159.0	23581.0	22153.0	35712.0	48.4	36.4	56.9	42.4
2015-04-14	118686.0	23020.0	53598.0	66797.0	24088.0	25006.0	37137.0	45.9	36.1	54.8	42.9
2015-04-21	126801.0	33343.0	60394.0	64497.0	30901.0	25132.0	31677.0	46.8	37.5	55.3	48.1
2015-04-28	128938.0	33858.0	54767.0	64232.0	39337.0	26718.0	30704.0	46.5	38.2	55.1	49.7
2015-05-05	122108.0	30028.0	40108.0	63415.0	49852.0	24912.0	28395.0	49.7	40.3	58.2	50.8
2015-05-12	123908.0	29133.0	33115.0	62731.0	62038.0	28556.0	25267.0	49.0	42.0	57.4	53.2
2015-05-19	117811.0	25184.0	20836.0	64147.0	65543.0	25300.0	28252.0	51.0	45.9	60.2	52.2
2015-05-26	121908.0	30695.0	23362.0	63657.0	64022.0	24371.0	31339.0	48.6	41.6	59.0	48.3
2015-06-02	123127.0	30095.0	31120.0	66197.0	53863.0	21546.0	32855.0	46.5	40.2	57.3	46.7
2015-06-09	118799.0	21004.0	34749.0	68560.0	45882.0	22985.0	31918.0	47.8	36.9	56.0	43.7
2015-06-16	118620.0	22484.0	34765.0	71354.0	48392.0	21447.0	32128.0	48.2	37.9	58.5	46.1
2015-06-23	81380.0	18270.0	35849.0	38597.0	14191.0	22293.0	29120.0	36.3	28.1	46.7	35.8
2015-06-30	91797.0	23105.0	46555.0	44418.0	13665.0	22367.0	29670.0	37.0	32.4	49.1	40.0
2015-07-07	120095.0	35928.0	68196.0	63010.0	15557.0	19681.0	34866.0	36.3	37.6	54.3	44.7
2015-07-14	138431.0	38177.0	78903.0	76754.0	16026.0	21613.0	41615.0	38.7	40.0	57.3	47.1
2015-07-21	153762.0	41443.0	85011.0	87887.0	20556.0	21635.0	45398.0	40.6	40.1	62.1	47.1
2015-07-28	162118.0	35195.0	91262.0	104368.0	23333.0	19416.0	44384.0	43.4	37.8	61.6	46.7
2015-08-04	170087.0	33993.0	98173.0	112225.0	24505.0	20286.0	43826.0	45.6	39.2	62.9	48.5
2015-08-11	172252.0	28546.0	95951.0	118620.0	28840.0	21343.0	43718.0	46.6	37.4	62.4	47.4
2015-08-18	161743.0	21407.0	88201.0	114630.0	28552.0	21601.0	40885.0	47.7	37.8	62.8	46.6
2015-08-25	168819.0	29555.0	89267.0	114631.0	33823.0	21400.0	42496.0	43.5	36.9	60.8	47.3
2015-09-01	161893.0	28964.0	84083.0	108541.0	31967.0	21977.0	43432.0	41.8	37.0	58.7	47.6
2015-09-08	159492.0	29506.0	78146.0	98424.0	29844.0	22366.0	42306.0	40.9	37.2	55.5	46.8
2015-09-15	188043.0	28509.0	75592.0	118341.0	49009.0	20669.0	42918.0	33.5	32.9	45.6	40.9
2015-09-22	136213.0	40901.0	79295.0	72839.0	15226.0	20488.0	39707.0	46.0	42.2	58.3	51.5
2015-09-29	139431.0	36211.0	78446.0	79347.0	16456.0	22118.0	42774.0	46.4	36.7	58.0	46.5
2015-10-06	121676.0	29276.0	64286.0	69479.0	17933.0	21242.0	37778.0	50.1	37.4	60.8	46.5
2015-10-13	116800.0	28207.0	62156.0	62925.0	18203.0	23721.0	34494.0	51.1	41.9	59.5	50.0
2015-10-20	121148.0	31368.0	58480.0	63314.0	28764.0	24756.0	32194.0	48.9	43.1	57.6	52.9
2015-10-27	122885.0	34134.0	53029.0	65506.0	33537.0	21106.0	34180.0	48.8	44.8	59.4	51.0
2015-11-03	119629.0	32017.0	51508.0	65076.0	32432.0	20564.0	33717.0	48.9	43.4	58.5	51.7
2015-11-10	134360.0	45787.0	63694.0	67270.0	31668.0	19709.0	37404.0	45.7	47.0	58.1	53.8
2015-11-17	141785.0	45589.0	73941.0	75090.0	25123.0	19525.0	41140.0	44.1	47.1	56.8	53.0
2015-11-24	143742.0	41304.0	79921.0	80182.0	23034.0	20222.0	38753.0	42.8	44.3	55.3	51.8
2015-12-01	145547.0	38349.0	77329.0	83205.0	24352.0	21752.0	41625.0	42.9	40.4	56.2	49.0
2015-12-08	162857.0	48776.0	88914.0	86698.0	24721.0	22808.0	44647.0	39.9	40.1	54.1	48.0
2015-12-15	189775.0	44262.0	95271.0	118379.0	46407.0	22355.0	43318.0	34.8	36.3	47.5	41.9
2015-12-22	163581.0	43455.0	99482.0	97189.0	20440.0	22554.0	43276.0	52.5	43.7	62.4	51.1
2015-12-29	172137.0	47598.0	108385.0	101821.0	21148.0	22346.0	42232.0	50.1	44.6	60.3	52.3
2016-01-05	166610.0	40898.0	101028.0	101060.0	21325.0	23527.0	43132.0	51.9	41.5	61.9	49.2
2016-01-12	166273.0	38837.0	98051.0	102793.0	24084.0	23463.0	42958.0	51.5	39.8	62.1	46.5
2016-01-19	165344.0	33064.0	99450.0	105244.0	22763.0	25383.0	41478.0	52.3	43.8	63.2	50.9
2016-01-26	165240.0	32767.0	99586.0	105878.0	24681.0	24894.0	39272.0	51.1	41.9	62.3	51.3
2016-02-02	157362.0	30069.0	82489.0	103015.0	32595.0	22264.0	40264.0	54.8	40.5	64.3	50.1
2016-02-09	157150.0	27279.0	79214.0	104221.0	44583.0	23540.0	31243.0	55.2	41.9	66.9	55.8
2016-02-16	158608.0	29077.0	74162.0	103804.0	51417.0	23407.0	30709.0	54.5	40.6	66.6	55.2
2016-02-23	157921.0	31487.0	68427.0	100612.0	57111.0	23379.0	29940.0	53.3	38.0	65.5	52.4
2016-03-01	159107.0	31018.0	61496.0	102244.0	64669.0	23359.0	30456.0	54.0	38.7	66.3	52.1
2016-03-08	174347.0	30550.0	56331.0	105413.0	78193.0	26714.0	28153.0	48.1	38.6	61.1	49.9
2016-03-15	169228.0	31584.0	48410.0	108483.0	91330.0	26113.0	26440.0	49.7	45.7	63.7	57.3
2016-03-22	98997.0	21807.0	36816.0	46885.0	37226.0	29159.0	23809.0	38.6	29.8	48.0	43.3
2016-03-29	101099.0	28146.0	34326.0	45660.0	42001.0	26144.0	23623.0	39.0	30.2	49.8	44.7
2016-04-05	105335.0	29565.0	29468.0	44400.0	50888.0	29201.0	22810.0	37.5	31.3	48.6	46.6
2016-04-12	107755.0	28968.0	26583.0	45199.0	55301.0	32365.0	24648.0	37.0	37.3	46.9	52.2
2016-04-19	114198.0	32473.0	25165.0	46801.0	64866.0	33623.0	22866.0	36.2	41.9	46.4	56.8
2016-04-26	121080.0	37104.0	25105.0	47268.0	72952.0	35188.0	21503.0	35.1	44.1	44.7	57.4
2016-05-03	123864.0	39840.0	20897.0	47204.0	77949.0	35585.0	23783.0	35.1	46.0	45.0	59.1
2016-05-10	124765.0	42040.0	16166.0	48293.0	82183.0	33117.0	25101.0	36.8	51.2	46.2	61.8
2016-05-17	124370.0	37009.0	14303.0	50005.0	83532.0	34985.0	24164.0	36.0	53.0	45.4	64.0
2016-05-24	123789.0	32834.0	12787.0	55464.0	81059.0	33066.0	27518.0	36.4	51.5	47.4	61.4
2016-05-31	126518.0	38753.0	12494.0	51879.0	82201.0	32940.0	28877.0	34.7	49.5	44.3	58.8
2016-06-07	135330.0	37421.0	15884.0	52674.0	82076.0	32892.0	25027.0	32.5	44.0	42.2	52.5
2016-06-14	177711.0	42394.0	23954.0	74637.0	115547.0	43849.0	21379.0	20.6	34.2	28.1	41.9
2016-06-21	118157.0	40664.0	38069.0	44071.0	58205.0	31672.0	20133.0	37.0	44.9	48.9	54.2
2016-06-28	114425.0	38675.0	30726.0	44473.0	59912.0	28932.0	21442.0	38.0	43.0	51.0	51.2
2016-07-05	116494.0	41031.0	29514.0	43551.0	61699.0	30421.0	23790.0	41.6	42.9	52.6	53.4
2016-07-12	114230.0	39963.0	22788.0	42740.0	65261.0	29883.0	24537.0	40.0	46.4	50.6	54.5
2016-07-19	117603.0	43086.0	21018.0	42753.0	70432.0	30754.0	25143.0	41.4	48.6	51.6	56.5
2016-07-26	118079.0	44023.0	20843.0	43091.0	66035.0	30042.0	30278.0	41.3	45.9	51.8	53.6
2016-08-02	115825.0	41711.0	23953.0	42005.0	63882.0	30947.0	26828.0	41.4	44.7	52.3	52.9
2016-08-09	115796.0	43647.0	28281.0	42636.0	58173.0	28893.0	28722.0	41.7	41.3	53.3	48.7
2016-08-16	124610.0	46118.0	33645.0	43388.0	66154.0	34416.0	24123.0	41.5	44.6	50.7	54.6
2016-08-23	131618.0	50097.0	33363.0	43820.0	75437.0	37048.0	22165.0	37.5	46.3	47.2	56.8
2016-08-30	125716.0	46808.0	24408.0	42757.0	76792.0	34291.0	22656.0	38.3	48.6	50.1	59.2
2016-09-06	122747.0	44136.0	23231.0	43384.0	73389.0	32397.0	23297.0	36.4	46.4	46.6	57.0
2016-09-13	124676.0	45790.0	28732.0	48174.0	66685.0	28999.0	27546.0	36.2	39.9	49.2	48.6
2016-09-20	137204.0	57216.0	40913.0	53400.0	67179.0	25437.0	27961.0	36.6	39.9	52.2	48.4
2016-09-27	105130.0	34579.0	46194.0	44542.0	25681.0	25220.0	32466.0	35.9	25.6	50.3	36.6
2016-10-04	104219.0	32585.0	46662.0	45693.0	25329.0	24851.0	31138.0	40.8	22.5	55.1	35.6
2016-10-11	104002.0	30809.0	42513.0	46146.0	26621.0	26121.0	33942.0	36.7	21.2	52.3	34.2
2016-10-18	95793.0	23679.0	37977.0	43075.0	27569.0	27907.0	29115.0	34.2	23.6	48.7	35.0
2016-10-25	113501.0	33274.0	46598.0	50812.0	29164.0	28055.0	36379.0	33.8	19.1	51.1	30.2
2016-11-01	121156.0	35723.0	51683.0	56569.0	31799.0	27364.0	36174.0	36.0	18.5	52.7	30.8
2016-11-08	120993.0	32850.0	54162.0	60639.0	30561.0	25997.0	34763.0	41.1	19.9	54.2	32.0
2016-11-15	125532.0	34293.0	52892.0	64713.0	32179.0	24624.0	38559.0	42.2	18.3	53.3	30.0
2016-11-22	118667.0	28260.0	45722.0	64108.0	34537.0	24631.0	36740.0	41.8	18.6	53.7	31.7
2016-11-29	114416.0	25010.0	43586.0	61735.0	34553.0	25826.0	34432.0	41.7	19.0	53.2	32.1
2016-12-06	107289.0	21538.0	39696.0	56070.0	33177.0	27431.0	32166.0	36.0	22.5	46.8	36.4
2016-12-13	114265.0	24035.0	45904.0	54943.0	34822.0	32369.0	30621.0	30.2	21.8	41.4	36.4
2016-12-20	106080.0	22246.0	34000.0	52784.0	38842.0	26744.0	28932.0	29.9	21.0	41.1	32.8
2016-12-27	93212.0	36597.0	38195.0	30039.0	21370.0	25257.0	32328.0	28.3	16.0	42.2	30.2
2017-01-03	98751.0	39546.0	43417.0	33109.0	18938.0	24595.0	34895.0	36.3	16.8	47.8	29.0
2017-01-10	90632.0	28405.0	36340.0	33421.0	22096.0	27317.0	30707.0	30.0	20.1	40.4	33.7
2017-01-17	100307.0	32064.0	37520.0	37227.0	32371.0	29655.0	29055.0	27.5	26.2	37.0	39.3
2017-01-24	99574.0	36175.0	33656.0	34655.0	37697.0	27118.0	26595.0	27.6	32.2	39.6	45.0
2017-01-31	114274.0	44939.0	41467.0	36065.0	46014.0	31672.0	25195.0	24.6	39.6	36.7	51.3
