2005-01-04	75999.0	24458.0	11935.0	27277.0	51423.0	24251.0	12628.0	26.6	55.6	38.3	74.1
2005-01-11	66467.0	22756.0	1364.0	22216.0	51666.0	21482.0	13424.0	29.2	54.7	40.8	71.8
2005-01-18	64508.0	21007.0	2292.0	21563.0	47502.0	21925.0	14701.0	25.0	50.3	35.5	68.1
2005-01-25	63971.0	18616.0	2626.0	23465.0	45528.0	21843.0	15770.0	25.6	45.1	37.4	64.7
2005-02-01	65926.0	19591.0	2898.0	24406.0	49927.0	21435.0	12607.0	24.8	51.5	36.5	68.2
2005-02-08	64686.0	15190.0	5081.0	28999.0	45861.0	20128.0	13375.0	28.4	44.8	41.4	64.4
2005-02-15	73291.0	26973.0	4734.0	25016.0	56475.0	20647.0	11427.0	23.3	51.0	35.4	67.5
2005-02-22	79178.0	29369.0	4213.0	26278.0	63025.0	23507.0	11916.0	23.2	54.7	35.2	68.4
2005-03-01	79910.0	38182.0	4663.0	15806.0	62860.0	25888.0	12353.0	18.2	59.6	31.5	67.7
2005-03-08	99583.0	46451.0	5324.0	21121.0	80602.0	30442.0	12088.0	15.0	58.3	27.9	67.8
2005-03-15	79439.0	42006.0	4182.0	9867.0	65961.0	27534.0	9264.0	20.6	62.9	34.2	75.6
2005-03-22	71769.0	31332.0	4677.0	16237.0	56958.0	24113.0	10047.0	21.1	63.3	34.4	73.4
2005-03-29	66380.0	18587.0	6713.0	27558.0	47831.0	20234.0	11835.0	23.8	57.4	38.2	67.5
2005-04-05	68416.0	21540.0	6056.0	28210.0	51168.0	18609.0	11135.0	22.9	55.9	39.5	66.0
2005-04-12	82524.0	26824.0	6453.0	37784.0	64686.0	17915.0	11384.0	31.8	54.7	46.3	70.2
2005-04-19	86549.0	33817.0	7019.0	33679.0	68760.0	19024.0	10741.0	29.9	56.7	44.2	73.8
2005-04-26	85465.0	29282.0	5571.0	33392.0	70335.0	22790.0	9558.0	26.0	58.8	38.9	75.8
2005-05-03	88941.0	25845.0	5967.0	38817.0	73461.0	24278.0	9512.0	29.3	56.9	42.6	73.1
2005-05-10	89238.0	25907.0	5809.0	40597.0	70896.0	22719.0	12518.0	30.1	54.4	43.5	69.0
2005-05-17	81490.0	17615.0	17181.0	43338.0	47680.0	19857.0	15949.0	28.0	38.3	41.0	50.8
2005-05-24	86387.0	14760.0	22170.0	52624.0	45652.0	18198.0	17760.0	27.6	34.0	41.2	46.6
2005-05-31	95073.0	14346.0	25417.0	61489.0	48354.0	18445.0	20509.0	25.5	31.2	42.0	45.4
2005-06-07	101520.0	14668.0	23243.0	62055.0	57244.0	24074.0	20310.0	24.1	32.9	40.1	46.8
2005-06-14	68775.0	14197.0	31146.0	36280.0	18422.0	17755.0	18664.0	34.1	25.2	49.6	39.9
2005-06-21	65232.0	13979.0	26898.0	33746.0	20696.0	17332.0	17463.0	39.0	26.9	52.1	42.0
2005-06-28	66998.0	8962.0	28767.0	40945.0	19759.0	16916.0	18297.0	36.7	27.7	50.2	42.9
2005-07-05	73218.0	10990.0	31404.0	42063.0	23347.0	20165.0	18467.0	37.6	24.0	52.0	40.4
2005-07-12	74117.0	9067.0	31648.0	48017.0	22292.0	17023.0	20167.0	40.5	26.9	57.4	39.0
2005-07-19	77596.0	11268.0	36892.0	48718.0	21784.0	17600.0	18910.0	38.5	29.6	52.5	40.6
2005-07-26	75763.0	12276.0	32141.0	46338.0	23720.0	17126.0	19879.0	37.4	28.6	54.0	42.1
2005-08-02	73519.0	12377.0	29356.0	43456.0	22949.0	17597.0	21125.0	39.0	32.6	52.8	44.3
2005-08-09	72461.0	11090.0	26599.0	44467.0	24323.0	16791.0	21426.0	39.0	32.8	52.8	43.3
2005-08-16	72786.0	20459.0	18101.0	34085.0	35992.0	18195.0	18646.0	27.9	27.7	42.5	40.2
2005-08-23	74604.0	21708.0	16210.0	34611.0	41919.0	18237.0	16427.0	25.7	29.8	40.7	45.4
2005-09-06	80522.0	25940.0	14944.0	37604.0	61913.0	16917.0	3604.0	22.2	29.0	36.0	44.3
2005-09-13	91701.0	27410.0	8935.0	40858.0	67154.0	22665.0	14844.0	27.0	33.6	39.6	49.7
2005-09-20	67785.0	24572.0	13994.0	22488.0	41168.0	20721.0	12619.0	29.4	35.2	44.1	51.8
2005-09-27	77440.0	27581.0	25018.0	30404.0	35853.0	19392.0	16506.0	31.0	34.1	44.8	50.2
2005-10-04	89889.0	20074.0	36934.0	53557.0	34590.0	16254.0	18361.0	27.1	37.0	46.2	49.7
2005-10-11	89400.0	13716.0	36761.0	56373.0	32485.0	19307.0	20150.0	26.3	35.6	43.8	47.4
2005-10-18	83729.0	10591.0	31641.0	53424.0	27988.0	19710.0	24096.0	24.6	30.3	41.7	40.3
2005-10-25	74286.0	12541.0	26582.0	44302.0	29131.0	17263.0	18393.0	23.7	34.6	38.6	44.2
2005-11-01	69583.0	9163.0	23472.0	44419.0	27284.0	15995.0	18821.0	28.4	30.5	41.4	41.0
2005-11-08	80390.0	10489.0	29859.0	53470.0	28012.0	16427.0	22515.0	29.9	28.8	46.8	37.9
2005-11-15	84441.0	10175.0	33992.0	58210.0	27537.0	16052.0	22908.0	29.4	29.7	49.2	38.7
2005-11-22	89837.0	9056.0	42076.0	63136.0	22728.0	17645.0	25033.0	32.1	28.8	50.5	40.5
2005-11-29	100047.0	10936.0	44023.0	71758.0	32648.0	17302.0	23325.0	28.9	25.4	46.7	37.0
2005-12-06	107224.0	15567.0	41346.0	74048.0	41828.0	17225.0	23666.0	28.6	26.6	43.5	36.4
2005-12-13	111268.0	13586.0	21442.0	79828.0	69931.0	17030.0	19071.0	30.5	26.5	40.9	38.0
2005-12-20	70230.0	9425.0	17617.0	43997.0	36623.0	16713.0	15895.0	45.4	37.7	56.5	52.5
2005-12-27	62736.0	9474.0	21067.0	37989.0	25091.0	15273.0	16578.0	42.2	35.0	49.6	46.2
2006-01-03	69591.0	13026.0	28047.0	42720.0	20271.0	13758.0	21186.0	39.9	35.9	50.3	46.8
2006-01-10	77079.0	17074.0	21847.0	45988.0	36928.0	14011.0	18298.0	39.3	44.5	53.4	55.1
2006-01-17	83135.0	17411.0	20714.0	48630.0	45024.0	17088.0	17391.0	36.1	44.4	49.3	55.9
2006-01-24	89537.0	22028.0	19180.0	47377.0	52493.0	20097.0	17829.0	34.5	45.1	48.4	57.7
2006-01-31	94091.0	21296.0	23206.0	53808.0	51561.0	18876.0	19213.0	34.9	40.9	49.2	55.9
2006-02-07	93793.0	15492.0	29554.0	62786.0	43168.0	15474.0	21030.0	38.8	42.5	54.8	53.0
2006-02-14	99687.0	12019.0	36663.0	71768.0	38093.0	15697.0	24728.0	39.2	37.3	57.9	48.7
2006-02-21	97217.0	14722.0	34603.0	66600.0	39946.0	15853.0	22626.0	40.3	41.2	58.0	50.8
2006-02-28	98756.0	15055.0	23244.0	66047.0	55160.0	17523.0	20221.0	42.4	34.0	59.4	49.4
2006-03-07	105166.0	14981.0	27325.0	71871.0	52999.0	18302.0	24830.0	36.2	31.0	55.3	42.4
2006-03-14	70017.0	10989.0	25621.0	44935.0	22224.0	14083.0	22162.0	32.9	26.7	49.9	38.5
2006-03-21	68099.0	13183.0	18418.0	39994.0	30911.0	14895.0	18743.0	33.6	24.7	47.0	40.5
2006-03-28	67999.0	12491.0	18775.0	41984.0	27751.0	13250.0	21199.0	31.7	22.9	47.5	35.5
2006-04-04	79371.0	14015.0	24699.0	48888.0	32217.0	16468.0	22455.0	31.0	25.2	48.6	37.7
2006-04-11	79127.0	16971.0	22595.0	42536.0	37687.0	19620.0	18845.0	28.5	28.6	46.2	43.1
2006-04-18	83282.0	27302.0	22208.0	33982.0	41930.0	21694.0	18840.0	26.7	26.2	39.2	41.4
2006-04-25	93662.0	35005.0	22715.0	34973.0	52796.0	23665.0	18132.0	25.0	25.9	39.6	43.4
2006-05-02	89073.0	34133.0	15509.0	31213.0	58070.0	23643.0	15410.0	26.9	31.8	42.0	50.8
2006-05-09	104008.0	41071.0	15304.0	32834.0	71023.0	30005.0	17583.0	25.5	34.4	38.2	52.5
2006-05-16	110006.0	39358.0	15086.0	39736.0	78830.0	30482.0	15660.0	24.8	38.4	38.5	54.1
2006-05-23	114772.0	42928.0	12370.0	40784.0	87163.0	30944.0	15123.0	24.8	39.6	38.3	55.8
2006-05-30	112099.0	51965.0	12268.0	30254.0	83711.0	29830.0	16070.0	27.2	43.4	41.6	60.1
2006-06-06	105314.0	33771.0	11485.0	42204.0	79213.0	29258.0	14535.0	27.4	44.0	41.3	61.2
2006-06-13	126043.0	34221.0	12127.0	63665.0	98305.0	27467.0	14921.0	26.8	36.6	39.6	50.7
2006-06-20	78491.0	29010.0	5608.0	26575.0	61283.0	22776.0	11470.0	43.1	40.2	55.1	64.1
2006-06-27	78592.0	17709.0	11138.0	38284.0	53525.0	22557.0	13887.0	39.3	37.1	50.1	57.2
2006-07-03	78658.0	22169.0	10306.0	34262.0	55238.0	22226.0	13113.0	36.4	38.4	47.5	58.4
2006-07-11	85671.0	25268.0	11519.0	35168.0	61681.0	25233.0	12469.0	33.3	38.1	45.6	58.1
2006-07-18	88080.0	28460.0	11383.0	35604.0	62241.0	24011.0	14451.0	34.9	34.0	49.3	55.0
2006-07-25	102104.0	34685.0	12026.0	43032.0	76575.0	24384.0	13500.0	35.5	39.4	51.3	59.4
2006-08-01	114075.0	56297.0	11294.0	27756.0	87974.0	29979.0	14764.0	33.9	40.6	49.0	60.3
2006-08-08	128112.0	65228.0	9602.0	30603.0	101574.0	32278.0	16933.0	32.3	42.2	46.4	63.8
2006-08-15	135944.0	74152.0	10956.0	27206.0	109568.0	34536.0	15370.0	30.8	44.3	44.7	65.4
2006-08-22	127943.0	66586.0	9770.0	30487.0	102648.0	30817.0	15472.0	32.9	46.0	46.2	65.8
2006-08-29	130539.0	66676.0	10551.0	31850.0	104355.0	31933.0	15553.0	32.4	45.4	42.5	66.3
2006-09-05	131836.0	63587.0	9655.0	37607.0	104080.0	30622.0	18081.0	34.4	46.2	45.4	65.7
2006-09-12	127633.0	50259.0	12678.0	43986.0	88470.0	27963.0	21060.0	33.5	35.3	47.0	51.1
2006-09-19	104255.0	60218.0	17265.0	18723.0	72331.0	25222.0	14567.0	44.3	39.9	56.2	63.1
2006-09-26	122122.0	74642.0	17675.0	17207.0	89109.0	30273.0	15338.0	39.9	38.8	54.2	61.9
2006-10-03	104665.0	62700.0	17754.0	17176.0	71158.0	24789.0	15753.0	43.7	41.2	57.2	64.9
2006-10-10	101848.0	44433.0	24598.0	29949.0	59055.0	27158.0	17887.0	40.8	38.1	52.7	58.1
2006-10-17	108510.0	56447.0	23142.0	26843.0	66137.0	25220.0	19231.0	38.8	38.6	55.0	60.2
2006-10-24	101676.0	56205.0	19040.0	21300.0	65613.0	23603.0	16455.0	39.1	41.6	50.6	63.5
2006-10-31	126678.0	80509.0	20645.0	16971.0	85465.0	29025.0	20395.0	39.6	39.3	50.2	60.4
2006-11-07	152030.0	104189.0	19909.0	16385.0	113267.0	31288.0	18686.0	37.0	40.1	49.9	59.7
2006-11-14	136600.0	82682.0	20430.0	21104.0	99405.0	32413.0	16364.0	34.0	42.3	46.2	60.7
2006-11-21	140587.0	90136.0	21047.0	16559.0	102108.0	33362.0	16902.0	36.1	42.2	50.2	61.4
2006-11-28	154081.0	101064.0	20438.0	17185.0	112569.0	35014.0	20256.0	34.4	41.7	46.8	61.3
2006-12-05	151959.0	96711.0	20879.0	17011.0	109218.0	36404.0	20029.0	33.9	39.0	44.6	57.8
2006-12-12	181580.0	103761.0	24592.0	38842.0	136975.0	35926.0	16962.0	30.7	32.9	43.0	49.6
2006-12-19	149800.0	98434.0	12836.0	18196.0	121133.0	32828.0	15489.0	35.3	47.8	48.1	67.3
2006-12-26	140289.0	86236.0	12392.0	20724.0	114599.0	33327.0	13296.0	31.4	50.2	43.8	68.4
2007-01-03	137217.0	79060.0	13903.0	22259.0	105465.0	35508.0	17459.0	31.7	51.7	45.2	69.6
2007-01-09	132731.0	69319.0	10666.0	27593.0	101064.0	35326.0	20508.0	32.4	52.9	45.2	69.7
2007-01-16	150691.0	96664.0	12346.0	16121.0	117006.0	37631.0	21064.0	34.6	47.4	50.0	63.8
2007-01-23	163961.0	109941.0	15213.0	15408.0	127877.0	38612.0	20871.0	34.7	44.8	49.4	63.3
2007-01-30	146660.0	87825.0	10898.0	22685.0	113545.0	36126.0	22193.0	32.2	48.5	46.7	65.5
2007-02-06	162238.0	106463.0	13735.0	20125.0	127221.0	35166.0	20798.0	36.7	45.3	51.6	63.5
2007-02-13	150695.0	66582.0	17984.0	48283.0	108402.0	35326.0	23805.0	35.4	45.7	49.9	61.6
2007-02-20	147702.0	74776.0	15623.0	39292.0	109087.0	33615.0	22973.0	34.1	47.3	49.5	63.8
2007-02-27	160234.0	88313.0	20285.0	32722.0	115740.0	38965.0	23975.0	30.7	44.7	44.2	60.4
2007-03-06	152524.0	57219.0	29826.0	65622.0	101299.0	29100.0	20816.0	29.9	42.0	44.9	56.9
2007-03-13	160560.0	49742.0	29339.0	79416.0	107339.0	29000.0	21480.0	34.4	40.4	50.5	54.3
2007-03-20	111646.0	66091.0	19962.0	18174.0	71481.0	27381.0	20203.0	33.1	39.0	47.2	55.2
2007-03-27	111802.0	63269.0	20691.0	17817.0	73446.0	30716.0	17665.0	31.1	39.6	43.7	56.7
2007-04-03	122932.0	73343.0	17500.0	18437.0	84038.0	31087.0	21329.0	30.6	39.2	42.6	55.2
2007-04-10	120468.0	70095.0	21678.0	22147.0	77490.0	28102.0	21176.0	30.5	36.9	40.2	54.6
2007-04-17	134953.0	83429.0	23762.0	18904.0	85161.0	32251.0	25661.0	28.9	35.4	40.1	51.4
2007-04-24	148006.0	95965.0	25899.0	19622.0	99196.0	32274.0	22766.0	31.5	34.7	41.9	50.8
2007-05-01	144051.0	88457.0	24464.0	22501.0	97649.0	33011.0	21856.0	30.0	31.6	39.3	48.3
2007-05-08	134140.0	74982.0	22985.0	26075.0	91768.0	33027.0	19331.0	27.2	31.2	37.5	47.8
2007-05-15	126092.0	64011.0	22933.0	32792.0	82193.0	29016.0	20693.0	28.1	32.4	40.7	49.6
2007-05-22	122261.0	56493.0	21155.0	35585.0	82060.0	30173.0	19036.0	30.6	33.4	40.2	51.1
2007-05-29	129528.0	69948.0	22538.0	27631.0	87821.0	31898.0	19118.0	29.6	33.4	40.5	49.4
2007-06-05	142314.0	85999.0	24139.0	22388.0	97239.0	33413.0	20422.0	32.8	30.8	44.2	48.1
2007-06-12	133395.0	63644.0	24227.0	39569.0	84461.0	26427.0	20952.0	24.3	28.8	34.6	42.8
2007-06-19	133035.0	92943.0	21250.0	13029.0	93387.0	26798.0	18133.0	37.3	38.6	46.6	56.6
2007-06-26	159791.0	119328.0	23194.0	9501.0	117340.0	30550.0	18845.0	36.0	44.8	47.3	63.5
2007-07-03	164639.0	122379.0	24206.0	8765.0	113388.0	32827.0	26377.0	31.9	42.4	44.8	56.3
2007-07-10	156362.0	112950.0	24419.0	8054.0	105737.0	34810.0	25658.0	29.1	38.8	40.8	55.7
2007-07-17	173222.0	123452.0	25086.0	16579.0	124035.0	32506.0	23416.0	31.7	41.6	43.8	58.9
2007-07-24	158955.0	107615.0	24111.0	16700.0	110055.0	34101.0	24250.0	28.9	37.5	41.1	56.3
2007-07-31	128722.0	89522.0	20809.0	9372.0	86690.0	29096.0	20491.0	29.0	36.5	40.7	54.2
2007-08-07	125762.0	74315.0	20182.0	23108.0	84134.0	27455.0	20562.0	31.4	35.4	42.9	52.9
2007-08-14	120623.0	58864.0	17506.0	32309.0	83052.0	27515.0	18130.0	39.9	35.6	50.8	53.3
2007-08-21	117568.0	48830.0	19691.0	43213.0	78402.0	23537.0	17487.0	50.9	35.7	60.1	52.3
2007-08-28	123570.0	55525.0	20954.0	45882.0	85074.0	20926.0	16305.0	50.2	33.1	61.4	50.3
2007-09-04	125940.0	53176.0	20602.0	48925.0	86940.0	22477.0	17036.0	52.6	35.7	63.9	54.0
2007-09-11	143188.0	62069.0	20478.0	51229.0	99555.0	25281.0	18546.0	42.5	33.7	56.0	50.9
2007-09-18	78793.0	38917.0	25524.0	17150.0	36868.0	21642.0	15317.0	40.1	27.6	53.3	43.7
2007-09-25	85124.0	47380.0	22823.0	17251.0	46447.0	20137.0	15498.0	37.1	28.0	53.8	44.6
2007-10-02	98589.0	55395.0	28841.0	19246.0	51165.0	23511.0	18146.0	38.4	29.6	52.7	48.0
2007-10-09	108741.0	54137.0	23649.0	29526.0	66654.0	24751.0	18111.0	37.2	28.1	54.2	47.2
2007-10-16	108213.0	56067.0	20363.0	25165.0	68929.0	25997.0	17937.0	37.9	35.4	52.2	52.7
2007-10-23	124112.0	62712.0	17291.0	37192.0	87488.0	24101.0	19226.0	40.1	37.8	56.2	55.1
2007-10-30	138550.0	70484.0	17556.0	41169.0	100625.0	26892.0	20364.0	38.0	40.4	52.2	58.3
2007-11-06	147306.0	79840.0	19514.0	40375.0	107261.0	26467.0	19907.0	38.3	39.9	51.8	58.4
2007-11-13	123575.0	61661.0	18036.0	37168.0	85619.0	24021.0	19195.0	39.6	39.8	51.1	57.3
2007-11-20	122587.0	54350.0	19965.0	44093.0	82937.0	22753.0	18294.0	45.3	38.4	57.1	54.8
2007-11-27	121270.0	56430.0	21368.0	42362.0	79383.0	21503.0	19544.0	46.4	38.6	58.8	52.6
2007-12-04	117681.0	50879.0	19351.0	41968.0	77151.0	24241.0	20586.0	46.2	36.1	56.7	50.2
2007-12-11	157832.0	76851.0	19853.0	62880.0	118164.0	17046.0	18760.0	59.4	49.8	68.6	58.5
2007-12-18	66527.0	32117.0	20580.0	17568.0	27293.0	16348.0	18160.0	40.9	22.5	50.0	34.6
2007-12-24	74898.0	34590.0	25464.0	22055.0	28048.0	17924.0	21057.0	41.9	21.3	49.6	32.8
2007-12-31	78638.0	29132.0	31941.0	34131.0	25342.0	14766.0	20746.0	48.5	20.2	57.2	32.4
2008-01-08	86731.0	30569.0	33831.0	37955.0	29709.0	17604.0	22588.0	43.4	19.2	50.6	31.9
2008-01-15	84161.0	32740.0	32433.0	30975.0	26447.0	19059.0	23894.0	28.2	18.3	39.4	30.8
2008-01-22	93381.0	32239.0	32968.0	41199.0	31556.0	17537.0	26451.0	31.8	17.1	46.1	28.4
2008-01-29	92484.0	38888.0	33530.0	37472.0	36282.0	15120.0	21668.0	33.7	18.8	49.5	31.3
2008-02-05	93616.0	30757.0	38566.0	44380.0	29039.0	16691.0	24223.0	32.9	17.4	44.3	30.3
2008-02-12	96936.0	26593.0	40526.0	51048.0	28609.0	17749.0	26255.0	34.6	17.7	45.8	28.5
2008-02-19	94673.0	25606.0	37763.0	49055.0	28235.0	18290.0	26953.0	38.8	18.1	48.4	30.2
2008-02-26	95018.0	30642.0	27005.0	44831.0	42481.0	18550.0	24537.0	35.3	26.1	44.4	37.6
2008-03-04	100067.0	38013.0	22299.0	40675.0	53988.0	21222.0	23623.0	34.3	36.1	44.8	45.6
2008-03-11	109031.0	45149.0	23920.0	46685.0	61934.0	16935.0	22915.0	32.1	34.5	45.0	42.8
2008-03-18	83249.0	49963.0	20823.0	16072.0	44020.0	17214.0	18406.0	32.4	32.3	45.4	47.3
2008-03-25	78111.0	44244.0	24516.0	18361.0	34475.0	15506.0	19120.0	33.5	27.5	50.2	42.6
2008-04-01	98868.0	34114.0	36874.0	47889.0	39044.0	16213.0	22298.0	49.2	27.6	62.4	40.4
2008-04-08	99529.0	30945.0	43505.0	52396.0	33227.0	16187.0	22796.0	52.5	30.3	65.9	44.2
2008-04-15	113459.0	28219.0	44355.0	71190.0	44003.0	14049.0	25100.0	61.4	28.2	68.3	42.2
2008-04-22	115364.0	35044.0	30381.0	64051.0	62306.0	16257.0	22665.0	60.3	37.2	66.9	49.3
2008-04-29	131121.0	21296.0	46144.0	96782.0	60014.0	13017.0	24937.0	70.7	32.1	75.5	45.3
2008-05-06	144702.0	13874.0	44311.0	116349.0	75947.0	14453.0	24418.0	74.8	38.0	79.4	50.6
2008-05-13	165843.0	25873.0	50677.0	123169.0	86329.0	16694.0	28730.0	74.0	38.6	79.1	49.9
2008-05-20	160094.0	22233.0	47573.0	122488.0	87829.0	15260.0	24579.0	69.7	39.8	75.9	51.3
2008-05-27	164058.0	22471.0	47359.0	126653.0	92447.0	14895.0	24213.0	69.3	40.6	76.4	51.5
2008-06-03	162647.0	18580.0	47608.0	123891.0	90687.0	19823.0	23999.0	70.7	39.4	75.2	50.8
2008-06-10	176947.0	28040.0	49091.0	130137.0	101916.0	17155.0	24325.0	64.1	35.0	69.5	46.3
2008-06-17	88496.0	20534.0	51782.0	48466.0	9086.0	19468.0	27600.0	46.0	22.4	63.4	34.9
2008-06-24	76375.0	24735.0	37578.0	37569.0	14829.0	13814.0	23711.0	38.7	20.7	59.1	32.9
2008-07-01	89850.0	38184.0	40815.0	32366.0	21904.0	19004.0	26835.0	31.8	22.2	51.3	35.3
2008-07-08	83736.0	31256.0	39554.0	32537.0	18549.0	19619.0	25309.0	37.5	24.8	54.8	38.5
2008-07-15	108703.0	50345.0	43922.0	37035.0	41007.0	20870.0	23321.0	31.1	31.4	48.4	44.6
2008-07-22	107323.0	48513.0	45191.0	37520.0	36779.0	20812.0	24875.0	32.0	27.3	50.7	40.4
2008-07-29	102737.0	43269.0	41809.0	39755.0	36064.0	19140.0	24291.0	34.7	27.7	52.7	39.9
2008-08-05	93022.0	21707.0	47582.0	55110.0	19669.0	15409.0	24975.0	42.0	18.9	61.9	31.6
2008-08-12	99819.0	18886.0	51832.0	65051.0	18559.0	15324.0	28870.0	38.5	18.9	59.0	30.8
2008-08-19	109921.0	14836.0	58564.0	77262.0	18099.0	16883.0	32318.0	46.3	18.8	64.8	32.8
2008-08-26	115174.0	16211.0	61320.0	83264.0	20109.0	14085.0	32131.0	45.7	18.7	63.1	34.4
2008-09-02	120499.0	12504.0	59789.0	86685.0	25622.0	19498.0	33276.0	44.4	17.9	60.6	30.4
2008-09-09	127527.0	16511.0	64031.0	85124.0	25230.0	21919.0	34293.0	45.3	18.3	60.4	30.6
2008-09-16	105913.0	18353.0	67712.0	74572.0	12287.0	12953.0	25879.0	46.2	21.6	69.4	35.4
2008-09-23	98762.0	12008.0	59779.0	75772.0	13117.0	10752.0	25636.0	49.3	23.4	70.6	36.8
2008-09-30	101945.0	19488.0	52524.0	71148.0	24342.0	10580.0	24350.0	50.3	25.6	71.6	37.5
2008-10-07	101018.0	20112.0	55336.0	73052.0	21859.0	7629.0	23598.0	53.5	23.8	75.6	37.3
2008-10-14	101182.0	15804.0	47277.0	76380.0	31712.0	8892.0	22087.0	51.9	36.0	74.6	47.5
2008-10-21	116248.0	16095.0	52796.0	86050.0	35400.0	13932.0	27881.0	53.0	33.7	71.9	45.4
2008-10-28	130716.0	18591.0	51681.0	87906.0	43237.0	23857.0	35436.0	53.5	35.1	67.2	43.7
2008-11-04	115676.0	12548.0	47813.0	91386.0	45694.0	11424.0	21851.0	64.1	40.5	76.7	50.0
2008-11-11	110560.0	5967.0	45805.0	93539.0	40942.0	10628.0	23387.0	69.5	38.4	80.5	47.3
2008-11-18	112652.0	5160.0	47591.0	95606.0	39836.0	11690.0	25029.0	68.9	38.1	78.6	46.8
2008-11-25	117162.0	7289.0	47533.0	96240.0	44391.0	13301.0	24906.0	66.9	40.1	77.1	49.2
2008-12-02	115876.0	6199.0	45424.0	95755.0	44797.0	13281.0	25014.0	66.9	41.9	77.8	50.9
2008-12-09	122570.0	5892.0	43318.0	103821.0	48667.0	11830.0	29558.0	63.7	42.2	77.0	51.8
2008-12-16	64421.0	7200.0	37600.0	32860.0	9608.0	24148.0	17000.0	36.8	37.4	49.5	48.3
2008-12-22	70151.0	8817.0	40447.0	37806.0	12466.0	23443.0	17153.0	38.5	38.7	51.5	52.0
2008-12-30	76340.0	9317.0	45160.0	42543.0	12562.0	24407.0	18545.0	40.9	39.7	53.3	52.5
2009-01-06	78257.0	11365.0	46049.0	40572.0	13826.0	26226.0	18288.0	36.5	38.5	48.3	50.6
2009-01-13	75438.0	10415.0	44467.0	38642.0	13254.0	26168.0	17504.0	38.1	39.0	49.8	52.1
2009-01-20	87698.0	7489.0	46526.0	49259.0	18613.0	30882.0	22491.0	43.9	35.7	54.7	47.2
2009-01-27	87433.0	9697.0	46691.0	49233.0	16801.0	27920.0	23358.0	43.0	36.4	53.7	47.5
2009-02-03	83589.0	8890.0	42313.0	45599.0	16804.0	28728.0	24100.0	42.3	35.5	52.7	46.9
2009-02-10	80695.0	8451.0	40381.0	41721.0	16862.0	30454.0	23383.0	39.7	36.1	49.5	47.9
2009-02-17	83306.0	10591.0	41161.0	43932.0	18803.0	28748.0	23307.0	39.7	36.0	49.7	47.6
2009-02-24	86102.0	10599.0	38881.0	47507.0	22372.0	27921.0	24774.0	42.7	39.3	52.0	50.4
2009-03-03	94175.0	14845.0	40294.0	51539.0	29093.0	27727.0	24724.0	38.7	30.3	48.6	42.0
2009-03-10	113352.0	11420.0	42100.0	74833.0	47252.0	27062.0	23963.0	34.2	24.1	41.9	34.1
2009-03-17	76198.0	7731.0	40721.0	48909.0	15218.0	19541.0	20242.0	50.1	25.9	62.7	40.7
2009-03-24	76157.0	9352.0	40098.0	45030.0	14809.0	21626.0	21101.0	51.6	33.1	61.7	47.0
2009-03-31	78516.0	8487.0	39623.0	49995.0	18623.0	19910.0	20146.0	53.8	34.5	62.3	48.7
2009-04-07	79456.0	7150.0	41612.0	50326.0	16359.0	21974.0	21479.0	51.5	35.0	60.6	49.8
2009-04-14	83635.0	12700.0	39210.0	57271.0	23232.0	13553.0	21082.0	57.6	39.2	70.1	54.2
2009-04-21	83379.0	15614.0	39774.0	55991.0	23824.0	11739.0	19746.0	56.7	40.7	68.3	55.7
2009-04-28	84760.0	17702.0	40615.0	55752.0	23022.0	11298.0	21115.0	55.8	41.0	70.3	56.2
2009-05-05	91226.0	20858.0	43295.0	55037.0	27031.0	15281.0	20850.0	51.6	41.3	64.5	57.5
2009-05-12	91329.0	19205.0	41711.0	55436.0	30782.0	16556.0	18704.0	51.8	43.9	62.8	60.1
2009-05-19	92870.0	16596.0	42524.0	57184.0	27179.0	18492.0	22569.0	52.5	41.0	63.3	53.6
2009-05-26	93484.0	17724.0	42529.0	56887.0	27615.0	18381.0	22848.0	51.5	40.1	61.5	52.3
2009-06-02	99293.0	20137.0	40297.0	56691.0	33476.0	21374.0	24429.0	47.8	40.9	58.2	53.9
2009-06-09	101196.0	20887.0	36220.0	58170.0	44519.0	21800.0	20118.0	45.7	42.9	57.7	55.9
2009-06-16	81438.0	23982.0	32456.0	37527.0	29481.0	19741.0	19313.0	43.9	44.3	56.1	55.0
2009-06-23	84320.0	24039.0	36197.0	38689.0	27544.0	21469.0	20456.0	41.8	44.3	58.5	54.6
2009-06-30	92518.0	31038.0	35139.0	39880.0	38165.0	21482.0	19096.0	38.5	43.4	55.3	55.4
2009-07-07	87303.0	26280.0	35430.0	41987.0	34390.0	18827.0	17274.0	44.5	40.5	61.6	52.2
2009-07-14	90346.0	23263.0	35917.0	48319.0	36800.0	18644.0	17509.0	43.2	38.5	61.6	52.6
2009-07-21	94151.0	27441.0	33132.0	45913.0	43576.0	20668.0	17314.0	41.3	43.9	55.9	55.6
2009-07-28	92133.0	23863.0	31906.0	48534.0	41792.0	19584.0	18283.0	43.6	43.7	57.2	55.8
2009-08-04	107366.0	36683.0	38911.0	46100.0	47817.0	24472.0	20527.0	37.8	45.3	50.4	57.5
2009-08-11	94413.0	24568.0	28824.0	50172.0	46577.0	19561.0	18900.0	45.7	46.5	57.6	58.3
2009-08-18	94626.0	26849.0	28507.0	51667.0	44044.0	16101.0	22066.0	48.0	44.1	60.7	55.6
2009-08-25	98148.0	26449.0	33466.0	53907.0	44477.0	17766.0	20179.0	46.2	45.7	61.8	55.9
2009-09-01	97615.0	23032.0	40550.0	57246.0	35214.0	17328.0	21842.0	44.4	32.8	58.1	44.6
2009-09-08	105694.0	29336.0	35296.0	57760.0	50260.0	16856.0	18396.0	35.5	37.1	49.8	49.5
2009-09-15	67178.0	24491.0	36978.0	23532.0	12617.0	19148.0	17576.0	27.8	35.7	40.8	45.2
2009-09-22	78452.0	17821.0	49416.0	41763.0	9981.0	18856.0	19043.0	36.1	42.9	49.7	51.9
2009-09-29	98205.0	16129.0	63955.0	66057.0	10203.0	15991.0	24019.0	44.2	41.4	61.1	49.8
2009-10-06	111463.0	12636.0	74742.0	81278.0	10406.0	17531.0	26297.0	51.4	38.4	65.3	47.4
2009-10-13	116449.0	9898.0	75244.0	88874.0	12176.0	17659.0	29011.0	52.2	37.4	65.8	46.1
2009-10-20	103138.0	15644.0	58962.0	69913.0	17588.0	17557.0	26564.0	47.1	38.9	59.0	46.6
2009-10-27	95835.0	21736.0	53167.0	55633.0	20111.0	18429.0	22520.0	42.5	41.1	56.2	51.3
2009-11-03	97336.0	25102.0	44007.0	52740.0	33796.0	19458.0	19497.0	39.3	50.5	51.0	59.4
2009-11-09	103817.0	28677.0	44534.0	53486.0	38763.0	21630.0	20496.0	35.0	50.7	49.6	61.3
2009-11-17	96616.0	29520.0	36105.0	43232.0	40156.0	23856.0	20347.0	28.6	48.2	43.5	57.6
2009-11-24	88875.0	22820.0	34175.0	44355.0	36780.0	21619.0	17839.0	32.6	50.5	45.7	58.8
2009-12-01	89615.0	23468.0	34131.0	45005.0	36009.0	21096.0	19429.0	29.9	48.3	42.6	56.5
2009-12-08	103496.0	17059.0	33935.0	59451.0	41263.0	19080.0	20392.0	31.1	35.7	42.4	43.7
2009-12-15	72177.0	13810.0	37254.0	41416.0	14117.0	16937.0	20792.0	35.8	38.6	54.0	47.4
2009-12-22	74083.0	13551.0	38128.0	43857.0	15317.0	16625.0	20588.0	38.8	35.1	55.4	43.1
2009-12-29	84792.0	18480.0	47955.0	48787.0	13728.0	17475.0	23059.0	37.4	33.9	52.3	45.1
2010-01-05	92891.0	18031.0	51595.0	60287.0	14463.0	14529.0	26789.0	41.4	28.8	58.9	40.8
2010-01-12	89147.0	15182.0	50649.0	56340.0	11583.0	17515.0	26805.0	38.6	31.8	54.0	43.3
2010-01-19	83337.0	21199.0	41370.0	41982.0	17464.0	19737.0	24084.0	30.8	32.5	44.5	42.1
2010-01-26	86475.0	15075.0	42228.0	54925.0	21890.0	16276.0	22158.0	39.6	30.9	53.3	41.9
2010-02-02	95712.0	14611.0	48579.0	63527.0	19993.0	17466.0	27032.0	43.2	27.3	58.4	39.2
2010-02-09	116362.0	14012.0	66768.0	84481.0	18914.0	17645.0	30456.0	48.8	23.7	64.7	38.3
2010-02-16	119085.0	13922.0	70001.0	89737.0	17370.0	15182.0	31470.0	51.8	23.0	68.1	37.7
2010-02-23	125106.0	13882.0	76766.0	96642.0	15674.0	14358.0	32442.0	53.9	23.1	69.5	37.0
2010-03-02	129123.0	13862.0	81411.0	94797.0	16253.0	20260.0	31255.0	50.4	27.2	63.6	38.8
2010-03-09	148562.0	10417.0	73890.0	119211.0	38707.0	17461.0	34492.0	42.0	23.2	56.2	32.9
2010-03-16	121551.0	11731.0	75718.0	94765.0	14211.0	14897.0	31464.0	57.8	33.4	70.8	44.1
2010-03-23	130646.0	11349.0	82973.0	105029.0	15981.0	14148.0	31572.0	58.2	33.2	73.1	44.4
2010-03-30	132818.0	11965.0	79038.0	104446.0	21916.0	15937.0	31394.0	58.9	31.9	76.4	42.9
2010-04-06	129290.0	14281.0	73755.0	100224.0	23141.0	14246.0	31855.0	60.0	32.5	76.3	42.0
2010-04-13	121947.0	13390.0	70781.0	92380.0	23895.0	15611.0	26705.0	58.0	33.3	72.6	42.1
2010-04-20	121340.0	14258.0	63556.0	88773.0	27781.0	17455.0	29149.0	53.9	32.0	67.5	40.6
2010-04-27	119871.0	11634.0	66300.0	90014.0	22996.0	17736.0	30088.0	55.6	31.5	66.8	38.3
2010-05-04	133988.0	13062.0	78678.0	102545.0	20202.0	17023.0	33750.0	55.1	30.8	67.9	40.8
2010-05-11	142670.0	10269.0	82457.0	115351.0	23897.0	15958.0	35224.0	56.3	31.2	69.2	40.5
2010-05-18	152357.0	10492.0	87237.0	125341.0	29892.0	15980.0	34684.0	54.7	29.7	67.5	38.8
2010-05-25	151212.0	10962.0	86041.0	126666.0	29488.0	12895.0	34994.0	53.7	31.4	67.4	41.1
2010-06-01	149216.0	11809.0	82263.0	123405.0	29748.0	12950.0	36153.0	54.8	29.4	68.6	38.9
2010-06-08	167076.0	14146.0	88826.0	134423.0	37212.0	15483.0	38014.0	51.0	25.2	63.3	35.7
2010-06-15	119301.0	13081.0	61215.0	91566.0	25052.0	14163.0	32543.0	63.5	24.8	77.1	35.3
2010-06-22	125471.0	15921.0	62267.0	93645.0	31529.0	15408.0	31178.0	59.9	25.3	72.4	36.0
2010-06-29	121233.0	17626.0	52397.0	88635.0	36665.0	14392.0	31591.0	59.0	27.0	71.9	38.1
2010-07-06	123693.0	18442.0	56519.0	89405.0	39667.0	15260.0	26921.0	57.0	28.8	69.8	41.8
2010-07-13	131680.0	15501.0	50172.0	98635.0	52012.0	17114.0	29066.0	55.9	30.3	68.7	41.5
2010-07-20	124904.0	16448.0	43215.0	92451.0	58754.0	15424.0	22354.0	54.0	35.1	67.3	47.4
2010-07-27	122570.0	17107.0	35047.0	88676.0	60585.0	16291.0	26442.0	52.8	39.9	65.8	51.4
2010-08-03	135454.0	31058.0	31308.0	82832.0	78143.0	21031.0	25470.0	43.1	43.3	57.5	54.0
2010-08-10	142227.0	35915.0	30894.0	82534.0	87126.0	23715.0	24144.0	38.2	47.4	49.8	58.5
2010-08-17	141441.0	31467.0	35898.0	83970.0	82482.0	25842.0	22899.0	39.8	48.3	53.2	58.8
2010-08-24	139333.0	28511.0	32876.0	86511.0	82980.0	24087.0	23253.0	40.7	48.1	53.8	58.4
2010-08-31	144196.0	23052.0	38318.0	96716.0	77121.0	24266.0	28595.0	41.8	42.9	53.8	53.8
2010-09-07	145712.0	21363.0	37431.0	96791.0	72743.0	25804.0	33784.0	43.0	37.9	55.3	47.7
2010-09-14	74850.0	21108.0	30235.0	31126.0	22726.0	22597.0	21870.0	26.4	24.3	40.1	37.9
2010-09-21	71318.0	17858.0	26847.0	30333.0	23643.0	23088.0	20789.0	25.9	24.8	38.1	37.3
2010-09-28	77713.0	26725.0	28919.0	25415.0	27634.0	25556.0	21143.0	24.1	23.4	38.5	36.7
2010-10-05	86536.0	37064.0	27661.0	23758.0	39982.0	25713.0	18892.0	24.6	26.4	39.2	40.1
2010-10-12	92868.0	39870.0	31804.0	26610.0	40769.0	26189.0	20096.0	22.7	27.6	36.0	42.2
2010-10-19	90068.0	34708.0	28912.0	31962.0	40875.0	23252.0	20135.0	20.4	26.1	33.4	41.8
2010-10-26	86611.0	33001.0	27912.0	28511.0	38142.0	24725.0	20183.0	22.4	24.7	35.7	38.7
2010-11-02	91819.0	39900.0	24718.0	26685.0	45700.0	25064.0	21231.0	21.1	23.3	34.5	38.2
2010-11-09	96533.0	41915.0	20649.0	24702.0	55976.0	29564.0	19556.0	20.5	30.4	34.9	46.7
2010-11-16	98997.0	45677.0	21906.0	29403.0	56634.0	23598.0	20138.0	21.8	28.9	33.8	45.1
2010-11-23	93914.0	35839.0	25642.0	34087.0	46798.0	23323.0	20809.0	25.8	25.3	36.5	39.2
2010-11-30	85587.0	24409.0	29273.0	41148.0	34219.0	19133.0	21198.0	29.4	21.6	39.0	34.5
2010-12-07	86269.0	14242.0	27162.0	52143.0	36262.0	18168.0	21129.0	28.3	19.2	38.8	30.2
2010-12-14	67820.0	12205.0	20391.0	37905.0	28386.0	17710.0	19043.0	37.7	24.0	54.4	38.0
2010-12-21	69207.0	14579.0	22011.0	36813.0	25689.0	17815.0	21507.0	37.0	21.7	52.3	35.1
2010-12-28	82141.0	18294.0	31415.0	46533.0	26113.0	17299.0	24598.0	37.7	20.8	56.6	34.4
2011-01-04	84270.0	17494.0	31627.0	49436.0	27719.0	17325.0	24909.0	40.2	19.8	58.4	34.5
2011-01-11	86335.0	21014.0	26104.0	46290.0	34749.0	19031.0	25482.0	38.1	18.2	57.4	29.7
2011-01-18	90630.0	31415.0	25621.0	32530.0	43587.0	26647.0	21384.0	23.3	24.6	39.9	39.2
2011-01-25	96648.0	36028.0	28140.0	31035.0	46435.0	29461.0	21949.0	27.3	25.9	44.2	38.5
2011-02-01	108587.0	46923.0	24264.0	29231.0	61587.0	32350.0	22653.0	25.8	25.8	38.8	39.5
2011-02-08	111363.0	49204.0	24729.0	30413.0	65136.0	31582.0	21334.0	28.0	31.8	42.3	46.5
2011-02-15	132763.0	68885.0	16313.0	28577.0	95012.0	35114.0	21251.0	30.0	37.5	43.4	51.0
2011-02-22	123774.0	53097.0	17088.0	37732.0	84835.0	32737.0	21643.0	30.8	40.4	42.1	50.9
2011-03-01	126350.0	52122.0	26313.0	38690.0	77923.0	35235.0	21811.0	31.3	35.2	42.6	48.6
2011-03-08	145352.0	54967.0	21061.0	47957.0	96190.0	39760.0	25433.0	27.9	34.9	38.2	43.9
2011-03-15	98181.0	28580.0	28805.0	41676.0	50188.0	27883.0	19146.0	31.1	31.7	44.7	45.8
2011-03-22	117974.0	53348.0	23624.0	30235.0	76858.0	34391.0	17492.0	30.8	36.2	44.8	53.8
2011-03-29	104506.0	30077.0	29334.0	45367.0	54500.0	28862.0	20472.0	24.8	33.8	37.6	45.4
2011-04-05	111219.0	53796.0	21382.0	24080.0	69398.0	33236.0	20332.0	29.4	34.0	39.3	46.2
2011-04-12	120316.0	53423.0	26752.0	25408.0	74300.0	41461.0	19240.0	23.3	34.0	35.5	47.9
2011-04-19	108808.0	50572.0	20397.0	23872.0	70132.0	34301.0	18216.0	24.3	32.9	36.5	47.0
2011-04-26	118486.0	56867.0	23284.0	23115.0	79277.0	38458.0	15879.0	23.2	34.2	35.6	49.3
2011-05-03	124003.0	59735.0	28928.0	25334.0	78794.0	38760.0	16107.0	23.8	33.6	35.0	47.8
2011-05-10	108117.0	41368.0	23250.0	30739.0	65923.0	35988.0	18922.0	23.2	33.0	33.8	47.7
2011-05-17	103753.0	30327.0	31255.0	42237.0	49692.0	30893.0	22510.0	18.9	32.1	29.4	43.0
2011-05-24	110336.0	28090.0	42233.0	59457.0	47228.0	22496.0	20582.0	21.8	35.9	38.4	48.5
2011-05-31	108085.0	32284.0	34113.0	49191.0	53028.0	26348.0	20682.0	21.7	30.0	35.4	41.3
2011-06-07	113641.0	33554.0	35304.0	51512.0	58683.0	27869.0	18948.0	21.3	28.0	34.8	40.7
2011-06-14	90719.0	36684.0	25458.0	25098.0	43918.0	27875.0	20281.0	27.4	26.0	43.3	39.7
2011-06-21	92824.0	26763.0	38123.0	42757.0	32167.0	22222.0	21452.0	27.7	35.9	43.1	46.4
2011-06-28	102414.0	27928.0	46277.0	52846.0	31150.0	20677.0	24024.0	29.2	36.1	45.0	45.3
2011-07-05	118359.0	28634.0	60303.0	66004.0	32188.0	23207.0	25354.0	30.0	31.7	45.9	43.9
2011-07-12	121134.0	27687.0	52488.0	73993.0	38256.0	18952.0	29888.0	34.7	30.9	52.3	41.9
2011-07-19	98291.0	26011.0	32725.0	53019.0	41056.0	18730.0	23979.0	31.9	27.4	47.4	38.7
2011-07-26	97415.0	33312.0	32090.0	38197.0	43231.0	25442.0	21630.0	25.0	24.1	38.8	37.5
2011-08-02	103172.0	43266.0	38127.0	32711.0	43175.0	26628.0	21303.0	19.9	26.2	33.2	40.1
2011-08-09	105544.0	41290.0	41045.0	37132.0	43475.0	27038.0	20940.0	18.7	33.7	32.2	45.4
2011-08-16	100562.0	36193.0	39289.0	36090.0	41640.0	28194.0	19548.0	17.8	33.7	29.5	46.8
2011-08-23	102177.0	40888.0	29927.0	29695.0	53729.0	31475.0	18402.0	18.3	29.9	29.5	42.5
2011-08-30	96164.0	31248.0	30804.0	35091.0	45532.0	29634.0	19637.0	18.9	33.2	31.9	44.0
2011-09-06	110372.0	30543.0	43763.0	56225.0	44044.0	23225.0	22186.0	27.3	37.8	39.1	46.2
2011-09-13	142120.0	33969.0	60162.0	83572.0	50243.0	23895.0	31031.0	34.6	31.1	48.5	41.4
2011-09-20	143678.0	14106.0	73861.0	115619.0	40077.0	13556.0	29343.0	40.2	38.4	64.0	50.8
2011-09-27	154682.0	14288.0	78298.0	126815.0	43137.0	13226.0	32894.0	43.5	36.2	63.9	48.1
2011-10-04	175500.0	14929.0	83653.0	148769.0	60087.0	11496.0	31454.0	42.2	44.4	65.5	55.3
2011-10-11	184709.0	15391.0	77363.0	156606.0	74402.0	12362.0	32594.0	39.2	45.0	62.7	55.2
2011-10-18	175827.0	16946.0	70172.0	146414.0	75827.0	12099.0	29460.0	39.0	44.9	62.8	55.6
2011-10-25	171560.0	18917.0	69064.0	136586.0	77318.0	15653.0	24774.0	36.5	48.6	59.9	61.0
2011-11-01	169466.0	24396.0	71488.0	127589.0	73719.0	16983.0	23761.0	36.2	50.8	58.3	63.2
2011-11-08	147978.0	22607.0	51729.0	106849.0	72170.0	18228.0	23785.0	40.0	47.9	57.2	59.4
2011-11-15	150702.0	23355.0	56219.0	112483.0	70020.0	14428.0	24027.0	42.0	49.0	60.1	59.6
2011-11-22	160287.0	20691.0	57325.0	126010.0	75198.0	13033.0	27211.0	43.7	49.2	62.3	58.6
2011-11-29	190728.0	23503.0	70163.0	154277.0	90373.0	12296.0	29540.0	42.0	53.3	62.8	60.2
2011-12-06	209514.0	26311.0	69871.0	170467.0	109281.0	12193.0	29819.0	43.9	54.6	65.3	61.7
2011-12-13	218203.0	23782.0	63291.0	179246.0	121639.0	11737.0	29835.0	40.6	51.3	61.1	57.6
2011-12-20	183972.0	26533.0	52472.0	143472.0	104008.0	13851.0	27376.0	54.0	55.8	74.3	63.1
2011-12-27	183119.0	25465.0	54637.0	143533.0	102195.0	14070.0	26236.0	54.3	57.1	74.2	64.5
2012-01-03	193595.0	27832.0	59731.0	152896.0	105145.0	12548.0	28400.0	52.8	54.8	76.0	61.3
2012-01-10	199855.0	24044.0	59897.0	162591.0	106978.0	12442.0	32202.0	53.0	54.7	75.9	61.0
2012-01-17	211418.0	23373.0	65007.0	174545.0	108900.0	12898.0	36909.0	54.6	48.7	76.9	56.5
2012-01-24	190040.0	16103.0	47464.0	158781.0	110718.0	14665.0	31367.0	53.9	49.8	76.0	57.7
2012-01-31	190849.0	23698.0	49912.0	151492.0	111212.0	15061.0	29127.0	50.6	48.0	72.7	58.1
2012-02-07	195733.0	28161.0	61283.0	148536.0	106817.0	18621.0	27218.0	48.4	49.9	68.5	59.8
2012-02-14	192071.0	29309.0	69908.0	144022.0	94858.0	18205.0	26770.0	48.4	52.1	67.4	62.2
2012-02-21	186668.0	27617.0	58967.0	139035.0	101041.0	19414.0	26058.0	49.0	47.3	68.4	58.6
2012-02-28	176885.0	26931.0	50166.0	130209.0	99507.0	18982.0	26449.0	49.3	44.9	68.2	55.4
2012-03-06	184104.0	22308.0	59407.0	142025.0	98699.0	19173.0	25400.0	46.6	47.7	66.0	56.4
2012-03-13	202880.0	21924.0	63772.0	156862.0	103648.0	16848.0	28214.0	45.2	44.2	64.2	51.6
2012-03-20	141411.0	25951.0	41803.0	96011.0	75197.0	19350.0	24312.0	42.4	48.1	60.6	56.2
2012-03-27	135147.0	26609.0	37719.0	83813.0	74825.0	24568.0	22446.0	42.4	49.9	56.5	58.3
2012-04-03	142660.0	29262.0	38069.0	87792.0	80809.0	25446.0	23622.0	42.9	48.4	56.1	58.2
2012-04-10	145522.0	29777.0	48561.0	94248.0	74154.0	21211.0	22521.0	45.3	50.8	58.3	58.7
2012-04-17	157015.0	33221.0	46272.0	98107.0	89706.0	25095.0	20445.0	43.4	52.4	55.5	63.3
2012-04-24	173368.0	47435.0	39899.0	89980.0	113492.0	35720.0	19744.0	40.5	48.5	50.5	59.9
2012-05-01	188288.0	53121.0	36628.0	94215.0	133194.0	40687.0	18201.0	40.1	52.2	49.2	62.3
2012-05-08	199801.0	59697.0	34358.0	98046.0	146481.0	41864.0	18768.0	41.3	53.7	49.9	63.7
2012-05-15	199270.0	57471.0	32450.0	102490.0	149212.0	39037.0	17336.0	43.9	54.6	51.5	63.3
2012-05-22	184497.0	40842.0	29502.0	116176.0	132355.0	26551.0	21712.0	47.3	53.2	57.8	61.7
2012-05-29	181435.0	36052.0	34577.0	120129.0	123473.0	24400.0	22531.0	46.9	51.8	57.2	60.5
2012-06-05	184583.0	39042.0	41909.0	126489.0	107399.0	16404.0	32627.0	44.5	39.4	56.5	47.7
2012-06-12	178648.0	28017.0	51129.0	131724.0	93371.0	16323.0	31564.0	44.8	32.3	58.5	41.5
2012-06-19	121624.0	32248.0	49401.0	71473.0	42263.0	16519.0	28576.0	42.2	17.8	58.5	28.4
2012-06-26	114561.0	35296.0	36054.0	62171.0	48777.0	16148.0	28784.0	44.4	19.3	59.3	29.2
2012-07-03	108208.0	32208.0	37561.0	58748.0	42419.0	16695.0	27671.0	38.1	17.7	54.0	26.6
2012-07-10	117616.0	32804.0	40426.0	66039.0	44391.0	17893.0	31919.0	32.5	16.5	51.1	25.2
2012-07-17	116976.0	33896.0	41349.0	65425.0	43877.0	16780.0	30875.0	39.1	16.7	53.8	25.9
2012-07-24	116143.0	29332.0	32266.0	70130.0	52738.0	15562.0	30020.0	33.7	18.7	50.1	28.3
2012-07-31	110770.0	31304.0	33114.0	61352.0	49211.0	16986.0	27317.0	34.4	19.1	47.8	29.1
2012-08-07	115125.0	25764.0	34039.0	70631.0	50620.0	17069.0	28805.0	33.0	19.1	45.5	29.3
2012-08-14	114042.0	32054.0	32342.0	61071.0	52308.0	20215.0	28690.0	33.5	20.4	46.6	30.4
2012-08-21	118550.0	45984.0	38151.0	47356.0	52511.0	25027.0	27705.0	18.2	20.1	32.6	31.4
2012-08-28	117034.0	42407.0	40439.0	46134.0	52243.0	27860.0	23719.0	20.4	21.4	32.9	32.6
2012-09-04	133755.0	41834.0	48702.0	57584.0	59109.0	34258.0	25865.0	23.0	26.0	33.6	36.3
2012-09-11	181682.0	49312.0	53678.0	87588.0	102391.0	40070.0	20901.0	21.2	24.8	28.5	35.8
2012-09-18	151305.0	52597.0	38185.0	57416.0	94768.0	40714.0	17774.0	30.8	26.3	39.6	43.6
2012-09-25	172103.0	60809.0	33672.0	67667.0	121589.0	43492.0	16707.0	36.3	31.0	44.8	47.9
2012-10-02	177746.0	64726.0	34632.0	69344.0	125480.0	43590.0	17548.0	37.1	32.6	44.6	48.8
2012-10-09	161457.0	54190.0	31618.0	69627.0	111519.0	37334.0	18014.0	36.0	30.4	44.2	48.1
2012-10-16	164454.0	54010.0	34411.0	68945.0	111964.0	41259.0	17839.0	36.3	31.4	45.1	47.8
2012-10-23	155791.0	54879.0	36482.0	68873.0	94981.0	30564.0	22853.0	36.3	27.1	47.1	42.6
2012-10-30	163917.0	57897.0	34494.0	70155.0	108181.0	35374.0	20751.0	39.5	29.2	48.7	45.3
2012-11-06	164481.0	57208.0	37929.0	72159.0	103309.0	33920.0	22049.0	39.2	28.6	48.5	43.3
2012-11-13	149173.0	45799.0	37571.0	69885.0	89316.0	32531.0	21328.0	37.0	27.2	46.0	40.8
2012-11-20	150722.0	46546.0	45816.0	72393.0	82747.0	29770.0	20146.0	36.1	25.0	47.2	38.8
2012-11-27	157701.0	51107.0	40829.0	71028.0	98590.0	34711.0	17427.0	38.9	28.3	48.2	42.6
2012-12-04	178749.0	66050.0	38780.0	71351.0	123690.0	40724.0	15655.0	43.4	35.9	52.3	52.4
2012-12-11	183628.0	64753.0	36799.0	76362.0	126897.0	41055.0	18474.0	43.5	37.1	52.6	51.9
2012-12-18	188472.0	79375.0	51339.0	66225.0	119542.0	42769.0	17488.0	46.0	41.4	54.8	57.5
2012-12-24	181219.0	74466.0	37145.0	64162.0	126925.0	42357.0	16915.0	43.7	42.2	53.2	57.4
2012-12-31	174676.0	69146.0	32838.0	62945.0	124180.0	42456.0	17529.0	41.1	41.1	51.2	56.6
2013-01-08	165584.0	60523.0	34574.0	68047.0	111288.0	36032.0	18740.0	43.3	39.8	53.4	54.1
2013-01-15	163295.0	63796.0	35458.0	61608.0	108553.0	36323.0	17716.0	45.6	39.9	56.3	53.0
2013-01-22	160820.0	60201.0	42263.0	69899.0	93288.0	28567.0	23116.0	40.0	34.6	55.0	47.4
2013-01-29	166060.0	57989.0	47367.0	85116.0	84976.0	19707.0	30469.0	43.4	30.3	59.2	43.1
2013-02-05	165369.0	51959.0	50785.0	93207.0	76659.0	17052.0	34774.0	47.7	28.5	60.8	41.8
2013-02-12	167100.0	38661.0	55437.0	109569.0	76486.0	17521.0	33828.0	48.9	26.4	60.5	38.1
2013-02-19	187027.0	40668.0	64033.0	128744.0	82702.0	16262.0	38939.0	52.9	23.6	63.2	35.9
2013-02-26	205183.0	31126.0	67256.0	155078.0	89382.0	17190.0	46756.0	56.8	24.6	65.7	34.7
2013-03-05	236181.0	36021.0	79870.0	178904.0	97356.0	16596.0	54295.0	55.8	23.5	65.5	34.4
2013-03-12	297130.0	28833.0	78633.0	230701.0	148217.0	19564.0	52248.0	48.2	20.6	55.6	29.6
2013-03-19	212517.0	39048.0	100528.0	156292.0	62690.0	14551.0	46673.0	52.9	32.3	68.2	42.8
2013-03-26	214636.0	38184.0	104739.0	158512.0	63071.0	15138.0	44024.0	51.0	34.2	66.8	44.5
2013-04-02	208425.0	31815.0	96835.0	158053.0	60190.0	16119.0	48962.0	50.7	29.1	67.2	39.0
2013-04-09	204827.0	27104.0	97073.0	158433.0	63203.0	16337.0	41598.0	52.7	32.8	67.8	43.7
2013-04-16	200884.0	34020.0	95995.0	148381.0	61580.0	15725.0	40551.0	54.2	35.0	68.8	45.0
2013-04-23	199465.0	33989.0	94101.0	148320.0	59407.0	14669.0	43470.0	54.5	31.2	69.7	41.8
2013-04-30	189084.0	31078.0	89685.0	133909.0	60277.0	20845.0	35870.0	56.5	30.1	69.8	40.1
2013-05-07	190781.0	31542.0	94628.0	138468.0	53039.0	18068.0	40411.0	56.2	27.2	69.2	37.8
2013-05-14	198068.0	36975.0	102330.0	139716.0	54547.0	18352.0	38166.0	53.6	29.8	66.6	40.6
2013-05-21	211098.0	33380.0	110356.0	159386.0	55388.0	15784.0	42806.0	52.1	30.7	65.0	43.3
2013-05-28	221612.0	36221.0	110746.0	165979.0	64616.0	16685.0	43523.0	50.0	32.6	65.2	44.5
2013-06-04	210499.0	26666.0	104404.0	165170.0	63342.0	15152.0	39242.0	52.2	34.9	68.1	46.0
2013-06-11	219176.0	32755.0	86442.0	143781.0	77735.0	21366.0	33725.0	45.2	31.4	56.9	42.7
2013-06-18	140550.0	47377.0	67783.0	66978.0	44363.0	24309.0	26518.0	39.1	34.5	52.6	46.3
2013-06-25	123602.0	34419.0	53848.0	63165.0	41384.0	23375.0	25727.0	38.0	24.9	49.9	36.8
2013-07-02	131817.0	32562.0	63886.0	79613.0	33060.0	16968.0	32197.0	36.1	26.7	52.3	36.3
2013-07-09	145033.0	31311.0	65570.0	93694.0	38586.0	16954.0	37803.0	37.5	27.9	56.1	35.6
2013-07-16	151127.0	24634.0	62080.0	108037.0	47781.0	14587.0	37397.0	43.5	30.2	61.9	40.2
2013-07-23	148065.0	19135.0	68788.0	108960.0	42604.0	17379.0	34082.0	45.9	28.6	65.0	38.1
2013-07-30	146335.0	20155.0	69618.0	106157.0	43787.0	16986.0	29893.0	44.5	28.4	63.6	39.2
2013-08-06	145387.0	22097.0	68130.0	101039.0	44843.0	19322.0	29485.0	42.3	23.7	60.4	35.6
2013-08-13	145126.0	22209.0	68730.0	99984.0	44164.0	19619.0	28918.0	41.2	22.9	59.0	37.3
2013-08-20	138505.0	26947.0	66469.0	82623.0	41692.0	25163.0	26572.0	43.6	26.7	55.0	38.8
2013-08-27	149328.0	30004.0	68230.0	90813.0	47051.0	24653.0	30189.0	40.6	24.4	55.7	38.2
2013-09-03	156870.0	27943.0	70989.0	101846.0	53848.0	23153.0	28105.0	40.7	25.0	57.8	38.7
2013-09-10	185433.0	32921.0	71087.0	112660.0	76126.0	30953.0	29321.0	36.1	28.5	50.0	39.7
2013-09-17	141735.0	44124.0	50434.0	59423.0	62078.0	35377.0	26412.0	40.8	24.7	49.4	36.9
2013-09-24	163719.0	50736.0	49562.0	71944.0	84316.0	37607.0	26409.0	41.9	30.4	49.9	43.9
2013-10-01	172422.0	47329.0	45833.0	81205.0	95978.0	40048.0	26771.0	42.8	32.9	50.9	45.7
2013-10-08	184643.0	58681.0	49910.0	84423.0	105421.0	37522.0	25295.0	41.5	34.8	51.0	46.9
2013-10-15	183979.0	60100.0	47869.0	83679.0	106657.0	36098.0	25351.0	43.9	35.4	53.9	47.7
2013-10-22	181489.0	59437.0	45175.0	79775.0	107751.0	38589.0	24875.0	41.9	37.3	52.6	49.4
2013-10-29	177427.0	57791.0	47629.0	80393.0	102329.0	35604.0	23830.0	42.7	34.8	52.0	47.3
2013-11-05	172368.0	51186.0	53578.0	82503.0	90876.0	35336.0	24571.0	43.1	31.4	52.7	42.9
2013-11-12	171002.0	43888.0	53191.0	91367.0	89935.0	32326.0	24455.0	45.3	31.0	54.8	42.6
2013-11-19	183449.0	53766.0	55431.0	93473.0	101568.0	32392.0	22632.0	43.0	31.7	53.8	44.7
2013-11-26	214443.0	56969.0	56578.0	118100.0	130144.0	35448.0	23795.0	39.9	35.8	50.1	48.0
2013-12-03	239371.0	73962.0	55593.0	121372.0	156792.0	39998.0	22947.0	37.0	36.5	48.2	50.1
2013-12-10	255604.0	71015.0	52586.0	137216.0	173717.0	41023.0	22951.0	34.6	36.2	44.8	49.2
2013-12-17	191648.0	62285.0	44460.0	91971.0	125519.0	34884.0	19161.0	40.2	45.9	51.6	61.7
2013-12-24	198063.0	62593.0	48173.0	94669.0	129001.0	38248.0	18336.0	40.4	44.4	51.7	62.5
2014-01-07	194668.0	54679.0	36501.0	97956.0	134725.0	38715.0	20124.0	41.4	44.5	52.3	65.1
2014-01-14	201372.0	54352.0	43192.0	106759.0	134907.0	37046.0	20058.0	44.1	42.3	54.1	62.9
2014-01-21	208112.0	56573.0	47853.0	110212.0	134031.0	37738.0	22639.0	44.8	40.0	54.9	60.9
2014-01-28	218738.0	63359.0	41187.0	111557.0	152335.0	40039.0	21433.0	44.7	44.0	53.7	63.4
2014-02-04	202690.0	52098.0	41147.0	114398.0	135274.0	31572.0	21647.0	46.9	42.2	56.2	60.0
2014-02-11	204982.0	53199.0	42527.0	115521.0	138625.0	31899.0	19467.0	47.3	41.9	56.1	58.8
2014-02-18	241471.0	76271.0	53948.0	120336.0	160633.0	40662.0	22688.0	43.4	43.0	52.0	61.5
2014-02-25	257037.0	74558.0	45756.0	128291.0	177930.0	39946.0	19109.0	41.6	46.0	49.7	62.0
2014-03-04	254013.0	71021.0	41416.0	130043.0	179625.0	39727.0	19750.0	42.5	47.0	50.8	63.1
2014-03-11	250867.0	64553.0	42554.0	138296.0	179531.0	37600.0	18364.0	41.1	45.6	50.1	64.7
2014-03-18	208961.0	64141.0	38605.0	109445.0	148828.0	33071.0	19224.0	48.6	53.5	56.6	64.6
2014-03-25	202115.0	66751.0	37027.0	102280.0	144695.0	30397.0	17706.0	49.7	55.0	58.0	66.7
2014-04-01	211437.0	75969.0	42397.0	102154.0	148722.0	31115.0	18119.0	51.4	53.6	59.4	65.1
2014-04-08	226667.0	91642.0	45165.0	96497.0	159397.0	36204.0	19781.0	48.2	50.7	56.1	64.1
2014-04-15	226688.0	87472.0	36874.0	98398.0	169024.0	38362.0	18334.0	49.7	51.2	57.1	65.2
2014-04-22	237055.0	89692.0	41892.0	105313.0	172390.0	39617.0	20340.0	50.3	48.9	57.5	63.3
2014-04-29	236030.0	85913.0	41679.0	106203.0	171519.0	41245.0	20163.0	48.3	49.0	55.8	63.2
2014-05-06	241264.0	83794.0	43148.0	108175.0	172470.0	46317.0	22668.0	44.5	45.5	51.6	60.3
2014-05-13	230333.0	71168.0	39413.0	114382.0	168710.0	41685.0	19112.0	44.2	47.6	51.5	61.7
2014-05-20	237637.0	80009.0	46919.0	117999.0	167790.0	36374.0	19673.0	48.8	45.7	56.2	59.6
2014-05-27	238440.0	78438.0	43134.0	120854.0	172105.0	35977.0	20030.0	50.1	45.7	57.5	61.3
2014-06-03	239604.0	79476.0	44502.0	125359.0	170679.0	31441.0	21095.0	52.2	45.4	60.5	59.9
2014-06-10	271602.0	85202.0	49360.0	126458.0	177887.0	36204.0	20617.0	48.7	40.3	56.0	56.7
2014-06-17	250231.0	100434.0	47838.0	107659.0	180605.0	40174.0	19824.0	53.7	39.7	60.2	62.1
2014-06-24	254369.0	98098.0	48347.0	115089.0	183985.0	39105.0	19960.0	53.4	40.3	59.8	62.3
2014-07-01	255911.0	99929.0	43517.0	112124.0	187421.0	41403.0	22518.0	52.3	41.1	58.4	63.8
2014-07-08	254788.0	86614.0	44975.0	123491.0	185800.0	42125.0	21455.0	51.1	41.2	57.3	64.0
2014-07-15	255115.0	85983.0	47213.0	123543.0	183834.0	42976.0	21455.0	47.6	40.8	54.5	62.6
2014-07-22	241155.0	71792.0	44295.0	126841.0	171724.0	39103.0	21717.0	47.2	43.1	55.4	62.2
2014-07-29	237411.0	75370.0	50460.0	122856.0	160397.0	35338.0	22707.0	48.7	43.5	56.7	60.6
2014-08-05	230801.0	66437.0	54316.0	127890.0	148099.0	32360.0	24272.0	50.1	43.9	59.6	59.7
2014-08-12	223719.0	65348.0	46549.0	126296.0	149762.0	29849.0	25182.0	53.2	45.5	61.7	61.2
2014-08-19	237291.0	72230.0	58943.0	132029.0	148030.0	28900.0	26186.0	54.1	42.1	64.3	57.0
2014-08-26	233435.0	71002.0	55535.0	129909.0	147322.0	27886.0	25940.0	54.2	42.4	64.2	57.4
2014-09-02	238973.0	67538.0	58090.0	140619.0	148169.0	27000.0	28898.0	57.7	41.1	67.6	57.2
2014-09-09	256591.0	81330.0	54603.0	141636.0	159314.0	22891.0	31940.0	55.8	36.8	65.2	53.0
2014-09-16	134560.0	55617.0	62198.0	56449.0	40674.0	19933.0	29127.0	44.8	30.7	58.3	40.3
2014-09-23	134061.0	53691.0	54741.0	57886.0	44652.0	19758.0	31942.0	38.6	26.8	53.1	36.9
2014-09-30	132369.0	54243.0	50654.0	54723.0	51553.0	20927.0	27686.0	35.2	24.6	48.0	34.6
2014-10-07	129666.0	46503.0	47578.0	61525.0	50649.0	19125.0	28926.0	35.3	25.4	47.6	35.1
2014-10-14	138471.0	43116.0	45953.0	74112.0	58761.0	18537.0	31051.0	38.9	25.9	51.8	35.1
2014-10-21	135766.0	36567.0	41052.0	79177.0	62369.0	17418.0	29741.0	41.6	28.6	53.9	39.1
2014-10-28	138661.0	40718.0	46965.0	75868.0	61989.0	19411.0	27043.0	39.6	28.3	52.8	40.6
2014-11-04	144215.0	43289.0	50751.0	79539.0	60534.0	16793.0	28336.0	41.2	27.8	54.4	41.0
2014-11-11	151660.0	40661.0	53552.0	87014.0	63337.0	19304.0	30090.0	44.9	28.3	57.5	41.2
2014-11-18	166966.0	42865.0	65694.0	99090.0	62517.0	20563.0	34307.0	45.1	28.4	55.6	41.5
2014-11-25	171730.0	38541.0	69207.0	110033.0	62208.0	18270.0	35429.0	48.9	28.9	57.7	42.4
2014-12-02	174875.0	38556.0	69570.0	114685.0	65259.0	14597.0	33009.0	49.9	26.9	58.6	40.7
2014-12-09	192104.0	37695.0	61297.0	124200.0	85750.0	17513.0	32361.0	48.7	26.2	56.0	40.2
2014-12-16	137581.0	37861.0	52413.0	80630.0	53538.0	16827.0	29367.0	44.3	32.4	55.2	44.9
2014-12-23	141455.0	36615.0	51848.0	85812.0	54230.0	16255.0	32604.0	44.7	35.0	55.7	46.2
2014-12-30	143660.0	35072.0	54374.0	90331.0	53522.0	15734.0	33241.0	44.7	35.5	55.5	46.5
2015-01-06	161876.0	39156.0	64726.0	103437.0	58240.0	16151.0	35778.0	45.9	30.4	56.3	41.9
2015-01-13	178563.0	41920.0	79060.0	118235.0	60408.0	15865.0	36552.0	48.9	31.7	60.9	44.3
2015-01-20	182860.0	35319.0	81027.0	128779.0	62499.0	16044.0	36616.0	51.4	31.7	61.9	46.8
2015-01-27	185350.0	38649.0	83989.0	129144.0	62925.0	15641.0	36520.0	51.7	31.0	62.0	45.8
2015-02-03	182903.0	36220.0	78618.0	128829.0	67741.0	16177.0	34867.0	52.5	31.9	63.3	45.2
2015-02-10	175966.0	36798.0	75401.0	121424.0	66938.0	16202.0	32085.0	52.4	33.2	62.9	43.8
2015-02-17	170627.0	42999.0	71797.0	108431.0	67126.0	17567.0	30074.0	46.7	34.3	56.5	44.9
2015-02-24	169784.0	46741.0	68611.0	103097.0	70047.0	18334.0	29514.0	43.8	32.7	54.2	44.7
2015-03-03	165737.0	44563.0	71471.0	100739.0	65339.0	19338.0	27830.0	41.7	32.6	52.3	43.0
2015-03-10	205166.0	48053.0	80644.0	132078.0	84428.0	17331.0	32390.0	41.8	24.8	50.8	36.6
2015-03-17	188238.0	47155.0	85006.0	124844.0	65218.0	14026.0	35801.0	46.9	25.7	59.5	36.3
2015-03-24	178140.0	35938.0	74495.0	125186.0	66328.0	14318.0	34619.0	49.2	26.2	62.7	37.4
2015-03-31	182514.0	35143.0	71773.0	130848.0	75229.0	14169.0	33158.0	49.8	28.0	63.3	38.4
2015-04-07	185219.0	37641.0	71942.0	130411.0	78813.0	15161.0	32458.0	50.2	30.0	64.1	40.3
2015-04-14	189513.0	33993.0	70038.0	136944.0	79221.0	16214.0	37892.0	50.6	28.9	64.9	39.6
2015-04-21	175066.0	34830.0	64111.0	124700.0	77203.0	14243.0	32459.0	52.5	30.8	63.0	41.7
2015-04-28	171698.0	33239.0	67367.0	118250.0	73492.0	18727.0	29357.0	51.9	29.0	62.4	39.0
2015-05-05	173468.0	34304.0	59062.0	117555.0	87212.0	20168.0	25753.0	49.3	37.4	61.4	48.2
2015-05-12	183586.0	37511.0	68280.0	124508.0	85521.0	20658.0	28876.0	46.6	36.6	61.3	47.6
2015-05-19	182607.0	41132.0	64494.0	117486.0	94098.0	22896.0	22922.0	47.5	40.4	58.7	51.4
2015-05-26	176797.0	34696.0	60235.0	117828.0	90963.0	22402.0	23728.0	52.4	40.1	62.6	51.5
2015-06-02	175291.0	32769.0	58427.0	117608.0	89094.0	22354.0	25210.0	52.5	38.3	62.6	49.6
2015-06-09	181049.0	31014.0	59291.0	121106.0	90666.0	22098.0	24261.0	49.6	36.3	59.3	47.6
2015-06-16	146635.0	33877.0	59311.0	87973.0	62426.0	23435.0	23548.0	53.2	33.4	63.4	45.3
2015-06-23	178641.0	51530.0	73724.0	97485.0	81898.0	28392.0	21785.0	48.7	33.2	58.6	48.7
2015-06-30	181413.0	53656.0	66415.0	101251.0	94133.0	25540.0	19899.0	50.1	35.9	60.2	50.3
2015-07-07	168480.0	39583.0	62556.0	103158.0	81987.0	24226.0	22424.0	54.0	34.9	62.8	49.9
2015-07-14	157073.0	32162.0	56361.0	100879.0	77666.0	22710.0	21724.0	57.2	35.7	66.1	51.1
2015-07-21	164779.0	35141.0	56609.0	105350.0	85715.0	22892.0	21059.0	56.1	36.6	64.7	50.3
2015-07-28	173295.0	43795.0	53583.0	102505.0	97339.0	24899.0	20277.0	54.2	37.7	63.5	52.5
2015-08-04	169224.0	45748.0	52305.0	98230.0	91834.0	23167.0	23006.0	52.3	38.3	62.0	52.6
2015-08-11	158247.0	41751.0	52122.0	91311.0	83243.0	23626.0	21323.0	46.8	38.1	56.8	51.3
2015-08-18	172083.0	52030.0	56001.0	90500.0	92949.0	27767.0	21347.0	43.0	37.7	53.6	50.9
2015-08-25	176962.0	58051.0	54752.0	89205.0	99349.0	27113.0	20268.0	42.8	36.3	52.8	49.4
2015-09-01	170032.0	47801.0	59040.0	99011.0	82339.0	20632.0	26065.0	41.1	28.4	53.3	43.1
2015-09-08	186994.0	43509.0	61147.0	114928.0	84020.0	19234.0	32504.0	39.5	26.5	54.3	40.6
2015-09-15	145704.0	43206.0	46825.0	82581.0	68882.0	18519.0	28599.0	52.6	34.3	64.1	46.4
2015-09-22	146573.0	45001.0	43734.0	80548.0	75542.0	19636.0	25909.0	55.1	33.8	66.0	48.0
2015-09-29	155821.0	49815.0	51862.0	82145.0	70731.0	21704.0	31071.0	51.7	32.1	62.1	44.6
2015-10-06	160373.0	47700.0	52233.0	91391.0	72503.0	19569.0	33924.0	50.6	31.3	62.7	43.3
2015-10-13	152164.0	44765.0	52292.0	86121.0	63602.0	19653.0	34645.0	54.7	30.7	64.8	42.8
2015-10-20	158043.0	53477.0	45940.0	82773.0	83118.0	20480.0	27672.0	54.5	34.9	64.3	49.0
2015-10-27	153453.0	47986.0	43852.0	84486.0	76791.0	18790.0	30619.0	55.0	35.3	65.4	47.6
2015-11-03	151194.0	45775.0	45587.0	83950.0	76220.0	20028.0	27946.0	52.9	35.2	61.7	47.5
2015-11-10	172346.0	39369.0	55139.0	112133.0	75232.0	18611.0	39742.0	50.3	26.9	60.2	36.8
2015-11-17	175254.0	35107.0	60367.0	120464.0	75232.0	17154.0	37126.0	53.3	26.2	62.5	35.1
2015-11-24	172390.0	32322.0	64578.0	119432.0	68053.0	17388.0	36511.0	52.0	25.8	61.7	34.1
2015-12-01	187628.0	38403.0	66661.0	128714.0	79674.0	16989.0	37771.0	48.6	27.2	60.6	35.8
2015-12-08	200245.0	41633.0	65535.0	134644.0	90054.0	16068.0	36756.0	44.5	27.3	58.0	35.9
2015-12-15	165845.0	39121.0	56041.0	110007.0	76000.0	15753.0	32840.0	55.5	32.1	69.7	42.5
2015-12-22	194313.0	42075.0	68736.0	134216.0	84544.0	16515.0	39526.0	56.4	29.8	68.9	38.5
2015-12-29	204038.0	40476.0	71498.0	143839.0	91028.0	17822.0	39611.0	56.0	31.7	68.8	40.3
2016-01-05	221993.0	44662.0	75158.0	158902.0	104501.0	16573.0	40478.0	56.9	33.2	68.7	41.9
2016-01-12	238868.0	34294.0	64815.0	182189.0	123373.0	18207.0	46502.0	62.8	36.0	73.3	46.4
2016-01-19	259589.0	37863.0	76442.0	197965.0	133170.0	17992.0	44208.0	62.2	37.2	73.1	47.1
2016-01-26	272798.0	34696.0	82233.0	213083.0	140786.0	18553.0	43313.0	64.5	38.0	75.7	48.8
2016-02-02	270680.0	32737.0	77755.0	214581.0	142835.0	16396.0	43124.0	64.9	39.0	76.1	48.8
2016-02-09	255866.0	31025.0	67325.0	204732.0	150023.0	15845.0	34254.0	65.5	42.2	77.1	53.5
2016-02-16	260649.0	36512.0	72767.0	204119.0	146560.0	15069.0	36373.0	64.1	40.1	75.3	52.2
2016-02-23	257214.0	35479.0	68547.0	198292.0	145504.0	17980.0	37700.0	62.7	40.9	74.0	50.9
2016-03-01	275825.0	38965.0	78343.0	214139.0	151755.0	17515.0	40521.0	63.2	40.0	73.9	50.2
2016-03-08	299048.0	29364.0	78369.0	234315.0	161633.0	20126.0	43803.0	59.3	38.2	69.3	49.2
2016-03-15	253177.0	62876.0	76495.0	174396.0	135467.0	13304.0	38614.0	62.9	43.1	76.2	56.3
2016-03-22	246222.0	38526.0	76249.0	191334.0	131544.0	13680.0	35747.0	62.0	41.1	74.8	54.5
2016-03-29	250444.0	38926.0	78954.0	193799.0	133293.0	14295.0	34773.0	60.9	41.5	73.6	54.9
2016-04-05	247586.0	39574.0	86080.0	192127.0	121227.0	13544.0	37938.0	62.1	38.2	73.3	50.8
2016-04-12	236169.0	33848.0	85158.0	185161.0	110980.0	14784.0	37655.0	65.8	34.1	74.7	46.7
2016-04-19	238195.0	32765.0	87917.0	182814.0	111795.0	19223.0	35090.0	65.6	30.0	74.1	42.0
2016-04-26	243829.0	40431.0	89100.0	182392.0	114786.0	18039.0	36976.0	63.8	28.3	72.6	42.3
2016-05-03	248180.0	46105.0	86513.0	179607.0	122729.0	17600.0	34070.0	61.3	29.0	71.0	41.6
2016-05-10	238519.0	37628.0	72563.0	181040.0	126018.0	14914.0	35001.0	64.3	31.7	74.0	45.0
2016-05-17	239158.0	37533.0	75955.0	181722.0	120787.0	14844.0	37357.0	64.2	31.5	73.9	44.2
2016-05-24	244377.0	38557.0	71392.0	179706.0	125675.0	17001.0	38197.0	63.2	33.5	72.6	46.2
2016-05-31	243685.0	36546.0	69397.0	180591.0	128607.0	17361.0	36494.0	62.7	34.9	72.1	49.5
2016-06-07	259238.0	36337.0	102636.0	186403.0	101964.0	16491.0	34631.0	59.7	31.5	68.9	45.3
2016-06-14	206389.0	61706.0	98367.0	124129.0	65518.0	14966.0	36916.0	63.1	30.6	73.4	42.4
2016-06-21	199189.0	41707.0	93654.0	134361.0	66143.0	16881.0	33152.0	62.9	29.0	71.7	43.7
2016-06-28	206551.0	43274.0	85985.0	137605.0	80565.0	19118.0	33447.0	60.0	28.4	67.3	43.7
2016-07-05	227939.0	45746.0	94777.0	154184.0	87801.0	19285.0	36637.0	59.6	28.7	67.9	41.7
2016-07-12	236611.0	39999.0	100066.0	170357.0	87219.0	17961.0	41032.0	61.9	29.5	70.7	41.8
2016-07-19	225589.0	27959.0	102345.0	171835.0	71248.0	17445.0	43646.0	65.8	30.6	74.8	39.3
2016-07-26	231644.0	29819.0	110391.0	177371.0	70629.0	16144.0	42314.0	65.7	31.6	74.7	39.7
2016-08-02	233265.0	33375.0	115890.0	177202.0	69554.0	16414.0	41547.0	65.4	33.3	75.0	41.8
2016-08-09	243430.0	35523.0	125605.0	181773.0	71182.0	20680.0	41189.0	64.7	33.4	73.9	43.2
2016-08-16	248568.0	35890.0	130128.0	187068.0	69903.0	20675.0	43602.0	64.6	33.4	73.6	43.5
2016-08-23	247711.0	35850.0	130828.0	183922.0	69342.0	20938.0	40540.0	63.3	34.2	72.2	44.2
2016-08-30	248410.0	39648.0	132133.0	185793.0	71339.0	17638.0	39607.0	63.3	34.3	72.0	43.5
2016-09-06	255953.0	38785.0	128754.0	184116.0	80132.0	23439.0	37454.0	57.5	33.0	65.9	42.1
2016-09-13	252539.0	40397.0	123218.0	175488.0	74438.0	20204.0	38433.0	59.3	31.4	68.3	41.2
2016-09-20	237759.0	69233.0	127919.0	145856.0	66688.0	17828.0	38310.0	62.3	33.3	73.2	43.3
2016-09-27	239025.0	48177.0	135891.0	165684.0	62428.0	20844.0	36386.0	61.9	33.5	71.1	45.3
2016-10-04	262478.0	56760.0	154332.0	173807.0	64008.0	27236.0	39463.0	58.5	32.6	67.3	44.5
2016-10-11	255590.0	50393.0	145863.0	168023.0	63307.0	29743.0	38989.0	58.3	32.3	67.1	42.3
2016-10-18	255194.0	52575.0	144133.0	166965.0	65199.0	29768.0	39976.0	58.6	31.7	66.9	42.8
2016-10-25	267500.0	63601.0	147563.0	169425.0	70630.0	27875.0	42708.0	58.7	32.0	66.8	41.8
2016-11-01	267564.0	63739.0	146700.0	169308.0	72743.0	28512.0	42116.0	58.7	33.5	67.0	43.1
2016-11-08	253703.0	53211.0	143056.0	169583.0	67841.0	26246.0	38143.0	60.0	33.1	67.4	42.8
2016-11-15	248103.0	54241.0	134554.0	164645.0	70318.0	22527.0	36541.0	59.8	32.3	66.9	41.6
2016-11-22	242916.0	54209.0	128527.0	159627.0	70784.0	22652.0	37177.0	59.5	31.7	66.8	41.5
2016-11-29	244257.0	50806.0	128941.0	162924.0	71541.0	23284.0	36532.0	59.8	32.1	66.9	41.9
2016-12-06	243671.0	43169.0	120407.0	165779.0	76140.0	22666.0	35067.0	60.3	29.2	67.0	40.5
2016-12-13	237797.0	40515.0	112858.0	160244.0	76404.0	22501.0	33998.0	59.5	26.8	66.7	38.5
2016-12-20	205486.0	44152.0	103502.0	137410.0	60917.0	19711.0	36854.0	64.4	30.7	70.4	42.0
2016-12-27	212492.0	50062.0	107161.0	138923.0	63441.0	19606.0	37989.0	65.2	29.8	71.8	41.1
2017-01-03	225396.0	55482.0	120224.0	143594.0	65682.0	22903.0	36073.0	65.3	29.8	72.3	40.8
2017-01-10	228050.0	56742.0	122573.0	143914.0	65855.0	24277.0	36505.0	66.9	32.3	72.2	42.6
2017-01-17	228782.0	55242.0	121484.0	144232.0	67053.0	25566.0	36503.0	66.2	32.9	71.6	43.4
2017-01-24	223681.0	51521.0	114693.0	142585.0	69560.0	24024.0	33877.0	63.2	32.9	70.2	42.6
2017-01-31	211910.0	42232.0	104004.0	138852.0	69077.0	24110.0	32113.0	63.5	32.8	69.0	42.6
