2005-01-04	149494.0	10816.0	24395.0	102327.0	88935.0	24333.0	24146.0	25.7	11.2	35.6	18.8
2005-01-11	150491.0	9944.0	24979.0	104244.0	89949.0	24210.0	23470.0	26.5	10.8	35.0	18.2
2005-01-18	154755.0	12754.0	26076.0	105746.0	91181.0	24887.0	26130.0	26.6	11.1	34.6	18.5
2005-01-25	164803.0	18087.0	24406.0	108879.0	100957.0	24813.0	26416.0	25.1	13.4	32.9	19.6
2005-02-01	157694.0	19855.0	24285.0	100451.0	97782.0	25406.0	23645.0	24.3	14.5	32.8	20.7
2005-02-08	147894.0	15213.0	23512.0	95608.0	87473.0	26926.0	26762.0	21.4	15.6	30.3	22.5
2005-02-15	149231.0	14151.0	23995.0	97379.0	87686.0	26126.0	25975.0	20.1	15.6	29.0	21.9
2005-02-22	158328.0	20817.0	24041.0	93639.0	92072.0	28517.0	26860.0	16.3	15.5	23.9	20.7
2005-03-01	162734.0	27665.0	30522.0	90730.0	90523.0	29518.0	26868.0	17.3	15.3	24.9	21.6
2005-03-08	162983.0	34705.0	30285.0	79970.0	90099.0	31896.0	26187.0	16.4	18.6	25.4	25.8
2005-03-15	173236.0	35360.0	29822.0	89637.0	100009.0	31068.0	26234.0	16.1	19.5	24.8	26.5
2005-03-22	185576.0	37349.0	28532.0	98747.0	111081.0	29332.0	25815.0	14.4	20.2	22.7	26.3
2005-03-29	183576.0	36733.0	32855.0	98124.0	106159.0	30363.0	26206.0	14.4	20.2	22.6	27.0
2005-04-05	184610.0	40472.0	35433.0	96100.0	106294.0	32458.0	27303.0	13.7	22.7	22.6	29.7
2005-04-12	173382.0	29168.0	30999.0	96646.0	99929.0	29965.0	24851.0	14.6	20.5	22.5	29.3
2005-04-19	180183.0	29388.0	27030.0	102195.0	110892.0	30147.0	23808.0	14.8	19.7	23.3	28.0
2005-04-26	181115.0	29860.0	26130.0	98465.0	109809.0	32906.0	25292.0	14.3	18.0	21.5	25.0
2005-05-03	171362.0	25276.0	24412.0	93541.0	102338.0	29990.0	22057.0	14.8	18.1	21.9	25.4
2005-05-10	176445.0	27289.0	22953.0	94166.0	107052.0	32887.0	24337.0	13.8	18.3	20.8	26.2
2005-05-17	174829.0	18689.0	25491.0	105526.0	105891.0	29435.0	22268.0	12.5	15.3	20.1	21.7
2005-05-24	179990.0	19438.0	22755.0	108663.0	109445.0	29665.0	25566.0	12.6	14.4	20.8	20.4
2005-05-31	174903.0	24012.0	26368.0	98537.0	102232.0	33257.0	27206.0	14.2	14.7	21.8	21.9
2005-06-07	179860.0	31097.0	25187.0	91599.0	102258.0	33447.0	28698.0	12.9	14.1	21.4	21.1
2005-06-14	187142.0	32749.0	27714.0	85797.0	98440.0	39493.0	31885.0	12.7	12.6	20.6	19.1
2005-06-21	187474.0	31371.0	26537.0	88037.0	101262.0	38509.0	30118.0	12.7	14.1	20.5	20.0
2005-06-28	195482.0	31207.0	26110.0	93750.0	108575.0	41046.0	31318.0	11.8	13.6	18.8	19.5
2005-07-05	190385.0	36052.0	28200.0	85791.0	103412.0	39612.0	29843.0	12.4	12.0	20.1	18.4
2005-07-12	184299.0	32001.0	25814.0	83574.0	99599.0	40962.0	31124.0	12.6	11.2	20.2	17.9
2005-07-19	178861.0	30882.0	21319.0	88548.0	107288.0	35290.0	26113.0	12.9	12.9	19.2	19.5
2005-07-26	178409.0	28066.0	18367.0	90628.0	109559.0	37111.0	27879.0	13.5	12.0	20.1	18.9
2005-08-02	176682.0	33197.0	21706.0	86579.0	108763.0	35217.0	24524.0	13.4	13.3	20.2	20.3
2005-08-09	181744.0	35550.0	21486.0	87842.0	112404.0	36063.0	25565.0	12.9	13.7	20.4	19.8
2005-08-16	192223.0	40862.0	22656.0	91145.0	121233.0	36632.0	24750.0	12.2	14.4	19.5	20.1
2005-08-23	191172.0	35313.0	19757.0	93987.0	121756.0	36624.0	24411.0	12.1	15.0	18.9	20.6
2005-09-06	178746.0	30307.0	18430.0	89137.0	113991.0	35424.0	22447.0	12.7	15.3	18.6	21.9
2005-09-13	169113.0	22966.0	17941.0	89562.0	104914.0	33383.0	23056.0	13.4	13.7	18.7	20.3
2005-09-20	171899.0	20460.0	18680.0	93017.0	107151.0	33061.0	20707.0	13.5	11.7	18.9	18.7
2005-09-27	174458.0	20930.0	16007.0	96056.0	112919.0	32674.0	20734.0	13.1	12.7	19.4	19.6
2005-10-04	167990.0	21550.0	16404.0	91784.0	108675.0	32335.0	20590.0	13.7	13.6	20.2	20.0
2005-10-11	172510.0	20360.0	21256.0	97428.0	107613.0	33742.0	22661.0	14.0	14.0	20.9	20.9
2005-10-18	175228.0	19689.0	24275.0	101093.0	107849.0	32202.0	20860.0	14.0	15.0	21.0	21.6
2005-10-25	173333.0	17619.0	24429.0	101686.0	99889.0	31374.0	26361.0	15.2	13.6	22.5	20.5
2005-11-01	166299.0	15898.0	26642.0	103010.0	94709.0	27678.0	25235.0	15.8	12.3	23.5	19.8
2005-11-08	169181.0	13991.0	22949.0	103510.0	100190.0	30775.0	25137.0	15.3	12.1	23.1	19.5
2005-11-15	182698.0	15037.0	23419.0	111725.0	106780.0	31655.0	28218.0	14.1	10.8	21.3	18.0
2005-11-22	184489.0	17988.0	24255.0	111895.0	109152.0	30431.0	26907.0	14.7	10.3	21.2	18.0
2005-11-29	182746.0	20691.0	25802.0	112857.0	108873.0	29427.0	28300.0	16.2	12.7	22.8	20.7
2005-12-06	183846.0	23117.0	24026.0	108908.0	111101.0	30041.0	26939.0	17.1	13.7	24.5	22.7
2005-12-13	181676.0	24559.0	19038.0	108510.0	114252.0	28926.0	28705.0	18.5	14.4	26.5	22.7
2005-12-20	177031.0	24553.0	19546.0	106968.0	112920.0	28568.0	27623.0	19.4	14.2	27.1	23.5
2005-12-27	171839.0	23266.0	20298.0	105206.0	107352.0	25949.0	26771.0	20.5	13.3	28.5	21.9
2006-01-03	165284.0	22356.0	15034.0	99897.0	105184.0	26885.0	28920.0	21.6	13.0	30.1	20.8
2006-01-10	172012.0	26066.0	16051.0	96835.0	106050.0	28521.0	29321.0	20.0	13.1	28.4	19.3
2006-01-17	170958.0	23691.0	17935.0	96919.0	103687.0	28963.0	27951.0	19.9	11.5	28.3	17.5
2006-01-24	174676.0	27326.0	17382.0	93488.0	106149.0	30077.0	27360.0	17.8	12.4	26.1	18.4
2006-01-31	164511.0	26211.0	18967.0	94221.0	102270.0	27047.0	26242.0	19.4	13.1	28.2	20.2
2006-02-07	159244.0	24050.0	20072.0	90642.0	91723.0	25460.0	28357.0	21.1	11.1	30.8	18.7
2006-02-14	165595.0	24278.0	23869.0	93184.0	88858.0	27360.0	32095.0	20.3	9.6	30.1	16.6
2006-02-21	169750.0	25362.0	24513.0	98574.0	90632.0	24857.0	33648.0	20.7	9.7	30.8	15.7
2006-02-28	162402.0	24317.0	25099.0	98363.0	89406.0	21946.0	30121.0	22.3	10.3	32.9	16.3
2006-03-07	173526.0	24841.0	22190.0	99559.0	93979.0	26583.0	34814.0	21.2	11.4	31.4	16.9
2006-03-14	169675.0	24463.0	20719.0	98342.0	95159.0	24379.0	31306.0	21.1	12.1	30.9	17.3
2006-03-21	169997.0	24254.0	18365.0	96845.0	97305.0	25593.0	31022.0	20.3	12.4	30.3	18.6
2006-03-28	165182.0	25733.0	16678.0	90358.0	94763.0	25292.0	29942.0	20.2	12.6	30.6	19.0
2006-04-04	163365.0	25486.0	15361.0	85088.0	93463.0	26414.0	28164.0	19.5	16.6	30.2	23.2
2006-04-11	166174.0	27431.0	14165.0	87336.0	100831.0	27169.0	26940.0	18.0	19.2	28.2	25.2
2006-04-18	174402.0	29780.0	17050.0	87182.0	103297.0	27539.0	24154.0	16.4	19.3	26.7	24.5
2006-04-25	179889.0	33341.0	18105.0	85491.0	104823.0	31195.0	27099.0	15.5	19.2	25.3	24.7
2006-05-02	180969.0	35377.0	22114.0	86036.0	105000.0	31459.0	25758.0	15.7	19.5	25.8	25.3
2006-05-09	174966.0	28280.0	22437.0	89404.0	100708.0	31466.0	26005.0	16.0	17.3	24.3	23.2
2006-05-16	171627.0	23548.0	22820.0	89774.0	97574.0	32312.0	25240.0	16.5	18.1	24.8	24.0
2006-05-23	171057.0	24270.0	20328.0	91432.0	101979.0	31533.0	24928.0	17.2	17.1	25.2	22.3
2006-05-30	166532.0	23519.0	17271.0	91909.0	103791.0	28947.0	23313.0	17.9	16.7	26.3	22.6
2006-06-06	165373.0	25587.0	15968.0	88087.0	107012.0	31313.0	22007.0	18.0	19.5	26.5	24.6
2006-06-13	170425.0	22115.0	15955.0	98685.0	110332.0	30184.0	24697.0	17.2	18.0	25.2	23.5
2006-06-20	169533.0	23187.0	15640.0	98105.0	110013.0	28983.0	24622.0	17.6	18.0	25.7	23.7
2006-06-27	173397.0	25421.0	11931.0	95059.0	113172.0	27956.0	23333.0	17.4	18.6	25.6	24.6
2006-07-03	168365.0	26967.0	12737.0	92867.0	111550.0	27264.0	22811.0	17.8	18.5	26.8	25.3
2006-07-11	172286.0	24000.0	11949.0	94985.0	112018.0	31146.0	26164.0	17.6	16.4	25.9	22.4
2006-07-18	189061.0	30391.0	10958.0	102930.0	128873.0	30757.0	24247.0	15.3	15.9	23.2	21.4
2006-07-25	183228.0	22026.0	11905.0	106925.0	120421.0	29812.0	26437.0	16.3	14.2	24.0	19.4
2006-08-01	179526.0	23450.0	8014.0	101103.0	122388.0	29240.0	23391.0	17.1	14.1	25.0	19.8
2006-08-08	181615.0	25904.0	8229.0	100774.0	125452.0	31074.0	24071.0	17.5	15.7	26.0	21.5
2006-08-15	185373.0	21800.0	11403.0	109164.0	122269.0	30895.0	28187.0	17.1	12.9	24.6	18.5
2006-08-22	186095.0	23983.0	10409.0	113494.0	125400.0	25774.0	27442.0	17.3	11.5	24.6	17.4
2006-08-29	193116.0	22062.0	14237.0	119992.0	127613.0	26723.0	26927.0	17.5	10.5	24.7	17.0
2006-09-05	192578.0	21798.0	14769.0	117853.0	123951.0	27738.0	28669.0	18.4	11.0	25.9	18.0
2006-09-12	205106.0	24966.0	17611.0	124065.0	127864.0	29267.0	32823.0	16.9	11.3	25.0	18.1
2006-09-19	215800.0	21692.0	20598.0	131479.0	127862.0	29568.0	34279.0	17.2	9.3	24.4	14.8
2006-09-26	217580.0	21888.0	22137.0	132501.0	128154.0	28901.0	32999.0	17.8	10.4	25.4	15.6
2006-10-03	221674.0	21314.0	28019.0	137278.0	127569.0	28461.0	31465.0	18.1	11.5	26.4	17.0
2006-10-10	219578.0	20603.0	25955.0	139439.0	130097.0	30249.0	34239.0	18.4	10.7	26.8	16.9
2006-10-17	217289.0	21126.0	25360.0	139554.0	134102.0	30781.0	31999.0	18.8	11.6	27.3	17.6
2006-10-24	222286.0	21343.0	29792.0	143445.0	133378.0	29065.0	30683.0	18.3	11.0	26.1	16.8
2006-10-31	228837.0	21816.0	30540.0	145906.0	135772.0	31823.0	33233.0	18.3	12.4	25.6	18.3
2006-11-07	227431.0	22443.0	27606.0	143923.0	138193.0	31673.0	32240.0	18.1	12.0	25.2	18.7
2006-11-14	225564.0	22895.0	28436.0	138049.0	132807.0	31402.0	31103.0	18.4	12.1	25.6	18.0
2006-11-21	231247.0	22500.0	28391.0	143920.0	137089.0	31264.0	32204.0	17.7	10.7	25.2	16.5
2006-11-28	228776.0	22796.0	29044.0	146515.0	139675.0	30844.0	31436.0	17.8	10.2	25.6	15.9
2006-12-05	217467.0	27484.0	26578.0	134475.0	137919.0	30282.0	27744.0	18.4	10.9	27.4	16.8
2006-12-12	215150.0	29447.0	31981.0	132455.0	131362.0	30743.0	29302.0	19.1	11.9	27.6	18.7
2006-12-19	215345.0	28038.0	30120.0	137078.0	135463.0	31845.0	31378.0	19.4	11.9	28.2	18.4
2006-12-26	219631.0	29730.0	33057.0	142056.0	139023.0	30759.0	30465.0	20.4	12.2	29.3	18.9
2007-01-03	219119.0	29981.0	39095.0	143145.0	131635.0	30105.0	32501.0	21.2	12.3	29.6	18.7
2007-01-09	221033.0	27193.0	37592.0	143787.0	129607.0	33813.0	37594.0	21.1	11.3	28.9	17.9
2007-01-16	224592.0	25613.0	36450.0	143396.0	129018.0	33847.0	37388.0	20.7	11.5	28.1	17.9
2007-01-23	219197.0	24537.0	38738.0	138915.0	121012.0	33977.0	37679.0	21.7	10.8	29.8	17.0
2007-01-30	213808.0	24947.0	34248.0	137064.0	122581.0	30874.0	36056.0	21.2	10.2	29.9	16.4
2007-02-06	217665.0	22833.0	30793.0	146172.0	134324.0	30495.0	34383.0	21.4	9.5	30.1	15.8
2007-02-13	226880.0	21856.0	27245.0	152858.0	144337.0	27886.0	31018.0	19.9	8.8	27.9	14.3
2007-02-20	222756.0	22266.0	26778.0	154019.0	145688.0	24798.0	28617.0	20.0	9.5	27.7	14.7
2007-02-27	212627.0	22757.0	22937.0	142811.0	141181.0	28332.0	29782.0	20.1	9.7	27.9	14.9
2007-03-06	209898.0	23223.0	22970.0	138767.0	139005.0	28052.0	28067.0	20.0	11.9	27.9	17.3
2007-03-13	212792.0	21398.0	24943.0	143923.0	139178.0	27401.0	28601.0	19.2	11.7	27.1	17.7
2007-03-20	211193.0	24913.0	28231.0	137952.0	133951.0	28661.0	29344.0	18.2	11.2	26.2	18.2
2007-03-27	205648.0	25312.0	23432.0	130796.0	134070.0	28126.0	26732.0	19.1	13.2	27.3	20.3
2007-04-03	203506.0	34190.0	21022.0	118651.0	134999.0	29567.0	26387.0	17.7	17.0	26.1	23.6
2007-04-10	202437.0	35642.0	21238.0	113952.0	132218.0	30674.0	26812.0	17.9	17.8	26.2	25.1
2007-04-17	216026.0	29039.0	22683.0	130846.0	139626.0	28878.0	26454.0	16.4	14.5	23.9	20.9
2007-04-24	212534.0	26655.0	21008.0	127986.0	135822.0	30188.0	27999.0	16.4	14.3	23.8	21.0
2007-05-01	208747.0	32440.0	22715.0	119647.0	133051.0	27724.0	24045.0	17.9	14.7	25.9	21.8
2007-05-08	205364.0	28060.0	23987.0	121873.0	126000.0	28732.0	28678.0	17.5	12.5	25.0	19.2
2007-05-15	208651.0	34844.0	24609.0	117438.0	130029.0	28780.0	26424.0	17.1	13.0	25.2	20.0
2007-05-22	221638.0	39404.0	26099.0	123104.0	141549.0	29379.0	24239.0	16.6	13.4	24.9	20.2
2007-05-29	212893.0	34997.0	27159.0	119940.0	132661.0	30649.0	25766.0	16.7	13.0	24.0	20.4
2007-06-05	211697.0	40546.0	23390.0	114884.0	136996.0	30425.0	25469.0	17.0	14.8	25.1	22.2
2007-06-12	211740.0	30568.0	22210.0	124696.0	137365.0	30844.0	26533.0	16.1	14.1	23.5	21.1
2007-06-19	234101.0	40966.0	21330.0	128579.0	156728.0	33079.0	24566.0	16.8	13.7	23.9	20.6
2007-06-26	232980.0	37012.0	20391.0	129734.0	156986.0	35805.0	25174.0	16.2	14.4	23.5	21.8
2007-07-03	235536.0	43496.0	21001.0	125887.0	158650.0	35918.0	25650.0	16.5	14.7	24.4	22.9
2007-07-10	239269.0	49653.0	18840.0	127392.0	169383.0	34732.0	23554.0	17.3	14.8	25.2	23.4
2007-07-17	238449.0	43768.0	21247.0	130270.0	163792.0	34117.0	23116.0	14.5	12.5	22.4	20.8
2007-07-24	239062.0	37813.0	22934.0	134221.0	162076.0	37551.0	24575.0	14.4	11.3	22.3	19.1
2007-07-31	233209.0	41539.0	21813.0	131560.0	162337.0	32911.0	21860.0	14.8	12.5	23.5	21.1
2007-08-07	218340.0	28685.0	24930.0	136061.0	145673.0	34227.0	28370.0	16.7	12.0	25.9	18.8
2007-08-14	217825.0	26496.0	19412.0	137955.0	152279.0	31871.0	24631.0	16.8	12.6	26.1	19.5
2007-08-21	215860.0	27290.0	18626.0	137243.0	151134.0	31830.0	26603.0	17.1	12.4	26.5	20.1
2007-08-28	218000.0	32313.0	13484.0	133874.0	158050.0	33121.0	27774.0	17.4	14.5	26.5	23.2
2007-09-04	223064.0	40528.0	14545.0	130434.0	164768.0	33062.0	24711.0	16.4	15.7	25.8	25.0
2007-09-11	231663.0	47451.0	15871.0	128870.0	173080.0	36857.0	24227.0	16.4	17.8	25.3	26.0
2007-09-18	239889.0	53318.0	16014.0	125045.0	175009.0	38128.0	25468.0	16.6	19.2	25.2	26.3
2007-09-25	241699.0	51653.0	15079.0	130543.0	177631.0	37488.0	26974.0	15.2	18.2	23.7	25.4
2007-10-02	225427.0	42337.0	13946.0	124058.0	163404.0	36086.0	25131.0	16.2	18.6	24.7	25.7
2007-10-09	219935.0	41893.0	15118.0	119805.0	155563.0	35728.0	26745.0	17.0	18.1	25.5	25.1
2007-10-16	238342.0	49790.0	14863.0	122835.0	168652.0	38165.0	27275.0	16.9	17.7	25.7	24.9
2007-10-23	237360.0	50947.0	15749.0	121498.0	167276.0	37159.0	26579.0	17.0	18.2	25.7	25.5
2007-10-30	235729.0	48607.0	18162.0	124446.0	164920.0	35210.0	25181.0	17.8	17.0	26.8	24.3
2007-11-06	223136.0	41008.0	19779.0	119941.0	154461.0	37268.0	23977.0	17.7	14.9	27.1	22.5
2007-11-13	222614.0	40570.0	19552.0	124217.0	155491.0	33800.0	23544.0	17.0	14.6	26.0	22.1
2007-11-20	228639.0	41473.0	18578.0	125984.0	157757.0	33578.0	24700.0	16.7	13.4	24.8	20.7
2007-11-27	228675.0	39859.0	17405.0	128137.0	159461.0	34279.0	25409.0	15.8	12.9	23.7	19.9
2007-12-04	203924.0	30778.0	13392.0	117283.0	141248.0	31123.0	24544.0	18.4	14.9	26.1	22.5
2007-12-11	203242.0	33146.0	13720.0	114146.0	136650.0	28787.0	25709.0	18.8	14.4	26.1	21.1
2007-12-18	212212.0	34883.0	11835.0	118777.0	141257.0	29492.0	30060.0	17.1	13.0	24.4	19.1
2007-12-24	214848.0	36442.0	10741.0	121991.0	148593.0	28703.0	27802.0	16.1	12.6	23.4	19.0
2007-12-31	204203.0	43313.0	10744.0	110175.0	144606.0	26024.0	24162.0	17.8	12.7	25.7	19.7
2008-01-08	207696.0	41809.0	9339.0	111734.0	146503.0	29404.0	27105.0	16.7	12.1	25.0	19.4
2008-01-15	209659.0	33799.0	7633.0	119940.0	149695.0	30460.0	26871.0	16.1	11.3	22.7	18.5
2008-01-22	200664.0	30647.0	9177.0	116537.0	137843.0	27573.0	27737.0	18.1	11.3	25.2	19.0
2008-01-29	197221.0	32551.0	12146.0	112810.0	132766.0	28369.0	28818.0	18.8	11.7	25.8	18.3
2008-02-05	188836.0	28730.0	17174.0	114223.0	126583.0	27746.0	26942.0	19.7	12.8	28.1	21.1
2008-02-12	217133.0	35569.0	21434.0	126258.0	145049.0	33105.0	28449.0	16.0	14.4	22.9	21.6
2008-02-19	234213.0	47395.0	20661.0	128349.0	159748.0	33095.0	28430.0	14.2	15.2	20.4	22.4
2008-02-26	240280.0	51426.0	21646.0	132224.0	166876.0	35221.0	30349.0	14.2	15.9	20.8	22.8
2008-03-04	237016.0	52504.0	21097.0	128613.0	166564.0	32388.0	25844.0	14.6	16.0	22.0	23.6
2008-03-11	230125.0	48817.0	20383.0	122436.0	158396.0	34392.0	26866.0	13.9	15.1	21.8	22.7
2008-03-18	227500.0	44978.0	19446.0	128649.0	161866.0	32465.0	24780.0	12.2	16.6	20.1	23.6
2008-03-25	224079.0	41828.0	16821.0	131792.0	160388.0	30688.0	27099.0	12.1	16.3	19.2	23.0
2008-04-01	220703.0	39628.0	16695.0	127851.0	157112.0	31125.0	24797.0	12.7	17.7	19.5	23.9
2008-04-08	224908.0	43064.0	16556.0	125894.0	159924.0	32561.0	25039.0	12.2	18.2	19.4	24.2
2008-04-15	228116.0	44024.0	15079.0	126878.0	159106.0	31909.0	28626.0	12.9	19.1	19.6	25.1
2008-04-22	233804.0	42587.0	15198.0	129604.0	162323.0	31975.0	26645.0	12.9	18.6	19.6	24.2
2008-04-29	226563.0	42282.0	20285.0	124335.0	149687.0	31062.0	27707.0	12.6	17.1	19.5	24.2
2008-05-06	227262.0	41145.0	23446.0	128586.0	149725.0	30552.0	27112.0	12.7	19.0	20.6	26.4
2008-05-13	235549.0	37927.0	19233.0	132513.0	156884.0	32959.0	27282.0	11.7	18.9	19.3	24.0
2008-05-20	226001.0	34761.0	16713.0	123137.0	149058.0	34881.0	27008.0	12.0	18.5	19.7	23.1
2008-05-27	214630.0	32973.0	18367.0	116937.0	137489.0	33886.0	27940.0	10.0	18.4	17.9	23.3
2008-06-03	210214.0	32065.0	18248.0	114628.0	137231.0	32151.0	23365.0	11.0	19.4	18.2	24.0
2008-06-10	214434.0	29700.0	16173.0	120136.0	141479.0	31136.0	23320.0	11.0	19.1	17.9	23.5
2008-06-17	216092.0	28578.0	15369.0	122232.0	144154.0	32587.0	23874.0	10.6	19.1	17.3	23.9
2008-06-24	222793.0	28918.0	15464.0	129229.0	152078.0	33712.0	24317.0	11.2	19.0	17.5	24.0
2008-07-01	219020.0	32158.0	15705.0	123369.0	149918.0	32094.0	21998.0	12.1	18.8	19.0	24.4
2008-07-08	215338.0	28728.0	14979.0	124129.0	146784.0	30797.0	21891.0	12.9	18.8	19.9	24.1
2008-07-15	227987.0	29807.0	16839.0	130353.0	151259.0	31787.0	23849.0	12.8	18.7	19.5	24.1
2008-07-22	226122.0	26772.0	15912.0	131620.0	150084.0	32804.0	25200.0	13.2	18.5	20.3	23.7
2008-07-29	226852.0	28766.0	15659.0	127126.0	148577.0	32660.0	24316.0	13.5	18.1	20.1	22.5
2008-08-05	225915.0	30976.0	15889.0	122559.0	143467.0	30023.0	24202.0	14.3	18.3	20.8	23.2
2008-08-12	223001.0	32886.0	16424.0	116910.0	139390.0	33781.0	27763.0	13.7	17.1	20.4	22.3
2008-08-19	220026.0	30759.0	12049.0	117528.0	142558.0	34392.0	28072.0	13.7	17.9	19.9	22.8
2008-08-26	221001.0	27267.0	11258.0	123238.0	145813.0	33832.0	27266.0	13.4	16.4	19.9	21.1
2008-09-02	212963.0	27005.0	10892.0	116150.0	139983.0	36701.0	28981.0	12.8	16.6	19.6	21.1
2008-09-09	212595.0	27208.0	12592.0	116786.0	141420.0	33448.0	23430.0	11.6	16.5	18.9	21.9
2008-09-16	217338.0	30683.0	16392.0	120036.0	140281.0	31686.0	25732.0	9.9	15.1	16.4	20.4
2008-09-23	213925.0	25160.0	13608.0	121973.0	139882.0	31116.0	24759.0	10.5	15.0	17.0	20.1
2008-09-30	203017.0	20595.0	11703.0	116246.0	133535.0	30700.0	22303.0	13.8	15.8	20.4	21.8
2008-10-07	208439.0	22264.0	14824.0	120554.0	135989.0	31560.0	23565.0	14.3	14.5	20.5	20.5
2008-10-14	212748.0	20830.0	16013.0	128316.0	135506.0	27427.0	25054.0	15.1	14.3	21.2	20.2
2008-10-21	214867.0	21512.0	16874.0	125185.0	135342.0	31441.0	25922.0	14.9	14.4	21.3	19.8
2008-10-28	218603.0	22190.0	17010.0	129955.0	140014.0	29103.0	24224.0	14.5	13.6	20.6	19.6
2008-11-04	218867.0	22749.0	12647.0	128005.0	144929.0	31156.0	24334.0	14.0	16.1	19.7	21.3
2008-11-11	220143.0	22506.0	14802.0	133985.0	146615.0	28814.0	23888.0	14.3	16.4	19.8	22.1
2008-11-18	230248.0	20819.0	18018.0	145592.0	152754.0	28546.0	24185.0	14.5	16.4	19.7	21.7
2008-11-25	223959.0	23979.0	16614.0	138611.0	150745.0	30214.0	25445.0	15.4	16.2	21.3	22.6
2008-12-02	218117.0	22647.0	16674.0	134616.0	146496.0	32745.0	26838.0	17.2	15.9	23.4	23.1
2008-12-09	221042.0	19455.0	15476.0	139924.0	149247.0	32613.0	27269.0	17.1	18.2	22.6	24.8
2008-12-16	223673.0	22009.0	14346.0	140521.0	155227.0	35517.0	28474.0	16.9	21.9	23.4	27.8
2008-12-22	228371.0	23565.0	18753.0	146054.0	158789.0	34912.0	26989.0	19.0	23.9	25.5	30.0
2008-12-30	226522.0	24550.0	19080.0	150154.0	159762.0	30373.0	26235.0	20.3	23.8	27.0	30.2
2009-01-06	225181.0	24326.0	17086.0	142511.0	158165.0	32934.0	24520.0	20.0	24.4	26.9	30.3
2009-01-13	229106.0	24296.0	14979.0	139326.0	159761.0	38679.0	27561.0	19.9	25.5	26.8	31.1
2009-01-20	249159.0	23145.0	18300.0	153631.0	169001.0	37871.0	27346.0	19.2	24.9	25.6	30.4
2009-01-27	248190.0	24705.0	16945.0	154034.0	171203.0	37146.0	27737.0	19.3	25.4	25.8	30.2
2009-02-03	244995.0	26794.0	18177.0	151422.0	166784.0	33542.0	26797.0	20.6	25.9	27.6	30.9
2009-02-10	253485.0	28265.0	17874.0	159073.0	173602.0	34293.0	30155.0	19.7	25.7	26.5	30.9
2009-02-17	258898.0	30859.0	22950.0	160263.0	173427.0	35901.0	30646.0	19.1	25.1	25.7	31.0
2009-02-24	259123.0	29160.0	24308.0	158318.0	170699.0	39432.0	31903.0	18.5	26.7	25.5	32.4
2009-03-03	255954.0	28158.0	21317.0	163255.0	177114.0	37353.0	30335.0	18.9	27.5	26.0	33.4
2009-03-10	256546.0	27405.0	18068.0	160196.0	178899.0	41419.0	32053.0	18.7	28.7	26.3	34.2
2009-03-17	267784.0	30655.0	19210.0	165715.0	187826.0	41018.0	30352.0	18.2	28.3	25.9	33.8
2009-03-24	266131.0	33212.0	14131.0	161682.0	193527.0	42444.0	29680.0	17.1	29.8	25.1	35.7
2009-03-31	251583.0	33292.0	10944.0	146868.0	183367.0	38741.0	24590.0	17.2	31.1	25.2	37.3
2009-04-07	246917.0	33149.0	11556.0	138968.0	175821.0	40733.0	25473.0	15.6	30.7	24.2	36.3
2009-04-14	256892.0	35130.0	11839.0	142887.0	182746.0	41709.0	25141.0	15.6	29.8	24.0	35.2
2009-04-21	266608.0	35676.0	14844.0	150744.0	185878.0	41557.0	27255.0	16.8	28.9	25.0	34.4
2009-04-28	266538.0	33945.0	16701.0	155079.0	183073.0	40629.0	29879.0	17.3	26.8	26.0	32.3
2009-05-05	255772.0	34189.0	15850.0	145845.0	174252.0	39901.0	29833.0	18.1	26.1	26.4	32.0
2009-05-12	258406.0	33222.0	13086.0	145152.0	177366.0	42093.0	30015.0	17.6	24.4	25.1	31.1
2009-05-19	260622.0	33611.0	13475.0	146177.0	176853.0	40434.0	29894.0	16.2	22.3	23.9	29.3
2009-05-26	265843.0	35665.0	14166.0	149264.0	180269.0	40260.0	30754.0	15.0	17.7	22.3	25.3
2009-06-02	267770.0	36041.0	14118.0	148674.0	183390.0	42538.0	29745.0	13.9	18.2	22.4	25.0
2009-06-09	281579.0	41241.0	12901.0	156361.0	201622.0	44232.0	27311.0	13.4	18.7	22.1	26.1
2009-06-16	286992.0	40145.0	9769.0	161122.0	206604.0	44572.0	29466.0	13.6	17.7	22.1	25.2
2009-06-23	287587.0	39163.0	7816.0	162875.0	209371.0	45217.0	30068.0	14.3	18.0	21.5	24.8
2009-06-30	282101.0	40402.0	7574.0	162446.0	206799.0	40718.0	29193.0	14.9	18.3	22.7	25.4
2009-07-07	282187.0	39223.0	10611.0	169110.0	203431.0	38360.0	32651.0	15.4	15.9	23.2	23.5
2009-07-14	293686.0	36831.0	19582.0	185116.0	207157.0	38028.0	33236.0	16.0	15.2	23.6	21.9
2009-07-21	300127.0	43773.0	21039.0	186233.0	212801.0	35963.0	32129.0	15.3	15.0	24.0	22.2
2009-07-28	299796.0	45903.0	16074.0	178848.0	216213.0	36423.0	28887.0	15.8	15.4	23.9	23.0
2009-08-04	298371.0	47963.0	13239.0	174043.0	217985.0	38550.0	29332.0	15.1	15.1	23.2	23.0
2009-08-11	305823.0	52089.0	14416.0	175906.0	226401.0	39286.0	26464.0	14.3	16.1	22.7	24.0
2009-08-18	311666.0	52074.0	16338.0	183826.0	231463.0	38855.0	26954.0	13.9	16.3	22.4	23.9
2009-08-25	313857.0	50808.0	16273.0	183472.0	231539.0	38207.0	24675.0	14.4	16.3	22.9	23.3
2009-09-01	295656.0	44810.0	15490.0	178529.0	217410.0	34333.0	24772.0	16.4	16.9	25.9	23.6
2009-09-08	306603.0	44223.0	18819.0	187802.0	218733.0	33669.0	28142.0	15.2	15.2	24.8	22.1
2009-09-15	317062.0	46114.0	17456.0	196946.0	229918.0	34917.0	30603.0	16.1	15.8	25.7	22.7
2009-09-22	316481.0	49754.0	14851.0	193019.0	233360.0	34709.0	29271.0	16.9	16.0	26.5	23.5
2009-09-29	311436.0	46760.0	21081.0	192973.0	223783.0	34888.0	29757.0	17.6	14.7	27.7	21.9
2009-10-06	308327.0	49540.0	17116.0	184916.0	222137.0	35278.0	30481.0	18.3	15.7	28.5	23.0
2009-10-13	310116.0	52000.0	15543.0	181844.0	230081.0	40570.0	28790.0	17.9	16.8	27.6	25.1
2009-10-20	315728.0	55312.0	15645.0	179250.0	235523.0	41174.0	24568.0	16.7	15.7	25.8	23.7
2009-10-27	320479.0	59453.0	15257.0	170396.0	239330.0	52396.0	27658.0	15.1	15.8	23.6	23.6
2009-11-03	315574.0	58960.0	13548.0	170599.0	234449.0	44748.0	26310.0	15.6	15.2	23.5	22.9
2009-11-09	323322.0	57810.0	12291.0	181044.0	237759.0	42574.0	31378.0	15.0	14.2	22.6	21.7
2009-11-17	322267.0	55345.0	15619.0	185175.0	231361.0	41070.0	34610.0	15.6	14.7	23.9	22.3
2009-11-24	325501.0	47784.0	18852.0	190719.0	232575.0	43811.0	30887.0	15.9	13.8	23.9	20.3
2009-12-01	317500.0	50017.0	18168.0	184011.0	228113.0	44108.0	31855.0	16.4	14.6	24.5	21.4
2009-12-08	311649.0	46338.0	15718.0	185084.0	226843.0	44126.0	32987.0	17.1	16.1	25.3	22.7
2009-12-15	302303.0	45107.0	20086.0	184373.0	215931.0	40059.0	33522.0	18.3	15.1	27.2	21.9
2009-12-22	307202.0	48492.0	15973.0	187315.0	229523.0	41668.0	31979.0	18.1	16.4	27.0	23.4
2009-12-29	314896.0	59692.0	15131.0	184130.0	243262.0	42935.0	28364.0	18.4	18.4	27.1	25.9
2010-01-05	317155.0	67465.0	17088.0	170665.0	239844.0	49114.0	30312.0	18.0	19.3	26.7	26.6
2010-01-12	332408.0	67656.0	18287.0	178504.0	246670.0	47127.0	28330.0	15.9	18.1	24.2	24.6
2010-01-19	311199.0	56219.0	17961.0	175376.0	228000.0	40541.0	26175.0	18.2	19.6	27.2	26.4
2010-01-26	315328.0	51566.0	24649.0	182224.0	223172.0	42869.0	28838.0	19.9	18.5	29.0	25.3
2010-02-02	312191.0	49530.0	27246.0	184171.0	215571.0	37659.0	28543.0	20.6	18.2	30.3	25.4
2010-02-09	313712.0	41845.0	27087.0	191688.0	213998.0	37400.0	29848.0	20.1	18.2	29.8	25.4
2010-02-16	300777.0	42141.0	25957.0	181885.0	206579.0	37628.0	29118.0	19.8	18.4	29.9	26.0
2010-02-23	304732.0	49653.0	21430.0	174884.0	219051.0	42262.0	26318.0	18.9	21.7	28.9	28.8
2010-03-02	300511.0	48779.0	24944.0	172758.0	214932.0	41851.0	23512.0	18.8	21.5	29.1	29.2
2010-03-09	318425.0	50966.0	26168.0	185680.0	231415.0	44163.0	23226.0	17.6	21.6	27.3	29.2
2010-03-16	328460.0	52889.0	29697.0	195491.0	239638.0	46259.0	25304.0	16.9	22.7	26.4	31.3
2010-03-23	326194.0	48851.0	28408.0	197503.0	238352.0	44265.0	23859.0	16.0	23.6	25.4	31.3
2010-03-30	319299.0	52204.0	24291.0	188471.0	239232.0	43612.0	20764.0	15.5	24.0	25.2	31.8
2010-04-06	323223.0	63732.0	26385.0	177767.0	239186.0	47250.0	23178.0	15.1	22.7	25.0	31.5
2010-04-13	298513.0	64136.0	25185.0	159304.0	222767.0	47596.0	23084.0	14.3	20.1	24.3	29.1
2010-04-20	300329.0	60154.0	24820.0	167106.0	220500.0	43280.0	25220.0	13.3	19.3	22.7	26.5
2010-04-27	309226.0	65849.0	27222.0	168453.0	227082.0	44912.0	24910.0	13.3	18.0	22.7	25.5
2010-05-04	313517.0	67933.0	29384.0	168962.0	228435.0	43939.0	23015.0	13.2	16.1	22.4	24.3
2010-05-11	316835.0	50036.0	25746.0	192618.0	232419.0	41453.0	25942.0	13.8	14.8	23.2	21.4
2010-05-18	318322.0	47339.0	29464.0	197672.0	226372.0	40816.0	29991.0	13.7	15.9	22.8	22.8
2010-05-25	302958.0	37228.0	27614.0	195979.0	214463.0	38247.0	29377.0	14.7	17.2	24.9	23.9
2010-06-01	294522.0	37440.0	25949.0	189269.0	207347.0	36508.0	29921.0	15.0	18.7	25.4	26.0
2010-06-08	313863.0	37428.0	23619.0	207766.0	227088.0	36827.0	31314.0	14.2	18.1	24.0	24.7
2010-06-15	325894.0	38113.0	21430.0	219896.0	243051.0	40125.0	33653.0	13.9	18.0	23.1	24.3
2010-06-22	316100.0	44675.0	17505.0	203870.0	239135.0	39815.0	31720.0	14.0	19.2	23.2	26.2
2010-06-29	307421.0	40975.0	17649.0	197274.0	230331.0	39846.0	30115.0	15.2	19.5	25.2	26.7
2010-07-06	305890.0	33121.0	24673.0	204051.0	214094.0	36723.0	35128.0	15.8	16.3	26.1	23.5
2010-07-13	313091.0	33098.0	20447.0	208825.0	223218.0	36587.0	34845.0	15.1	16.3	25.7	23.2
2010-07-20	303463.0	36365.0	20956.0	198301.0	215829.0	35648.0	33529.0	15.7	16.5	26.8	23.5
2010-07-27	294935.0	36993.0	23884.0	190410.0	208460.0	37045.0	32104.0	17.3	14.5	28.3	22.8
2010-08-03	306044.0	53658.0	22204.0	183864.0	222959.0	36444.0	28803.0	15.6	15.5	26.3	24.6
2010-08-10	301750.0	52905.0	23949.0	180187.0	219760.0	41026.0	30409.0	15.3	15.8	25.4	24.4
2010-08-17	298369.0	37782.0	34856.0	198130.0	206668.0	36747.0	31135.0	16.4	12.8	26.9	20.3
2010-08-24	309435.0	33049.0	43003.0	211459.0	203891.0	36358.0	33972.0	16.3	11.8	26.6	18.5
2010-08-31	314911.0	35070.0	41345.0	213379.0	206821.0	33413.0	33696.0	16.5	10.7	26.5	17.7
2010-09-07	316852.0	38184.0	33692.0	209448.0	217139.0	35698.0	32499.0	15.8	11.5	24.8	18.5
2010-09-14	320747.0	42075.0	31256.0	207232.0	225963.0	35680.0	27768.0	14.7	11.6	23.4	19.4
2010-09-21	332803.0	45214.0	27323.0	215447.0	243861.0	39256.0	28733.0	13.8	12.0	22.4	20.4
2010-09-28	328344.0	48447.0	30490.0	211839.0	239707.0	37296.0	27385.0	14.5	12.6	23.2	20.6
2010-10-05	337021.0	72332.0	25745.0	184670.0	244147.0	39424.0	26534.0	16.4	14.5	25.7	23.8
2010-10-12	324517.0	64218.0	24793.0	179008.0	235192.0	44766.0	28007.0	14.5	13.6	24.3	23.7
2010-10-19	323728.0	57503.0	28861.0	186158.0	231703.0	42171.0	25268.0	13.5	15.6	22.7	23.8
2010-10-26	324021.0	57076.0	27471.0	187446.0	232337.0	42050.0	26764.0	13.9	15.5	23.1	23.4
2010-11-02	318482.0	52833.0	28177.0	181402.0	223841.0	42364.0	24581.0	14.3	14.0	23.0	21.6
2010-11-09	328182.0	67977.0	23251.0	173811.0	234880.0	42968.0	26625.0	13.4	15.7	22.1	24.4
2010-11-16	321832.0	69546.0	25602.0	165726.0	227995.0	42861.0	24536.0	13.7	16.7	22.0	25.6
2010-11-23	316945.0	53100.0	33108.0	180978.0	219593.0	43942.0	25319.0	13.2	15.6	22.0	22.8
2010-11-30	300911.0	52658.0	30663.0	164370.0	208051.0	44257.0	22571.0	13.5	16.2	22.5	23.8
2010-12-07	318630.0	69840.0	30896.0	161808.0	221388.0	47046.0	26410.0	13.6	16.4	22.4	24.8
2010-12-14	304187.0	63476.0	29205.0	160893.0	215812.0	44613.0	23965.0	12.9	15.8	21.3	24.5
2010-12-21	310699.0	66639.0	30355.0	163812.0	221181.0	45817.0	24732.0	12.8	16.7	21.0	24.9
2010-12-28	308824.0	65234.0	29275.0	160963.0	221957.0	47124.0	22089.0	12.7	16.0	20.7	23.8
2011-01-04	306563.0	68228.0	29015.0	160974.0	220231.0	43007.0	22963.0	12.7	16.2	20.5	24.5
2011-01-11	298327.0	72659.0	26887.0	148845.0	214942.0	43035.0	22710.0	13.0	16.1	21.1	24.7
2011-01-18	309256.0	74151.0	31776.0	158411.0	221608.0	44633.0	23811.0	12.2	16.5	20.0	25.0
2011-01-25	314495.0	76613.0	38209.0	162255.0	219128.0	44341.0	25872.0	12.1	16.0	20.1	24.3
2011-02-01	306216.0	79865.0	39101.0	149718.0	211556.0	45481.0	24407.0	12.4	16.5	20.4	25.5
2011-02-08	310044.0	77068.0	39546.0	153842.0	212529.0	44388.0	23223.0	12.3	15.3	20.3	24.0
2011-02-15	321435.0	75555.0	39622.0	162899.0	215491.0	45092.0	28433.0	11.9	14.1	20.2	21.3
2011-02-22	321800.0	69524.0	38079.0	170807.0	221213.0	44828.0	25867.0	11.6	13.7	19.6	21.2
2011-03-01	300541.0	61799.0	40737.0	163362.0	202058.0	44082.0	26448.0	13.2	14.9	21.9	22.7
2011-03-08	306312.0	60979.0	38653.0	171406.0	210186.0	43444.0	26990.0	13.2	17.0	21.9	24.7
2011-03-15	309125.0	66464.0	38632.0	172692.0	218931.0	43953.0	25546.0	13.6	17.2	22.2	24.6
2011-03-22	306674.0	66199.0	37474.0	165467.0	214167.0	47149.0	27174.0	13.3	19.4	21.9	27.0
2011-03-29	306903.0	65634.0	35183.0	173817.0	222396.0	44000.0	25872.0	12.5	17.6	20.9	24.8
2011-04-05	305837.0	67160.0	35355.0	170079.0	220925.0	44755.0	25714.0	11.9	17.2	20.3	24.5
2011-04-12	302561.0	61324.0	33734.0	175913.0	219373.0	41731.0	25861.0	12.5	17.2	20.7	24.8
2011-04-19	316036.0	61615.0	35904.0	188658.0	229208.0	41658.0	26819.0	11.8	16.6	19.4	23.6
2011-04-26	311873.0	59646.0	32775.0	184087.0	229337.0	43618.0	25239.0	12.1	17.2	19.6	23.8
2011-05-03	314173.0	61919.0	32609.0	181730.0	229612.0	43157.0	24585.0	11.2	18.5	18.7	24.9
2011-05-10	307317.0	55058.0	32093.0	176336.0	211334.0	40899.0	28866.0	12.9	17.9	20.4	24.3
2011-05-17	310771.0	54140.0	29121.0	181653.0	219293.0	39544.0	26923.0	12.8	17.4	19.6	23.4
2011-05-24	310794.0	51993.0	28427.0	183246.0	217972.0	40273.0	29113.0	12.4	16.9	20.0	22.7
2011-05-31	300371.0	51118.0	26562.0	174210.0	214465.0	40217.0	24518.0	13.2	17.6	20.9	23.7
2011-06-07	314662.0	59844.0	28572.0	178436.0	224382.0	40837.0	26163.0	12.6	16.8	20.4	22.8
2011-06-14	330872.0	64014.0	27678.0	184838.0	234730.0	41294.0	27738.0	11.6	15.9	19.1	22.6
2011-06-21	319215.0	53435.0	26953.0	190922.0	228875.0	41019.0	29548.0	11.8	16.6	19.8	22.3
2011-06-28	309256.0	47560.0	30188.0	189234.0	217150.0	39251.0	28707.0	12.5	15.4	20.8	20.6
2011-07-05	296314.0	49042.0	28763.0	178426.0	207897.0	35251.0	26059.0	12.6	15.3	20.9	20.8
2011-07-12	298187.0	56710.0	27833.0	169906.0	210654.0	38101.0	26230.0	12.3	13.5	21.0	19.3
2011-07-19	310508.0	60169.0	27806.0	175012.0	220186.0	40269.0	27458.0	11.3	12.5	19.2	18.9
2011-07-26	313430.0	60252.0	27669.0	179425.0	227998.0	40809.0	24819.0	11.0	11.2	18.9	17.8
2011-08-02	302304.0	58588.0	30229.0	174204.0	219850.0	39951.0	22664.0	12.1	12.2	20.4	19.3
2011-08-09	307146.0	50040.0	34173.0	187492.0	212449.0	37382.0	28292.0	12.6	11.9	20.6	18.4
2011-08-16	311693.0	45454.0	33201.0	195154.0	214906.0	36653.0	29154.0	12.5	11.6	20.9	18.2
2011-08-23	307763.0	41004.0	32295.0	196881.0	212593.0	34533.0	27530.0	12.3	12.2	20.6	18.7
2011-08-30	311034.0	46944.0	30180.0	192739.0	222914.0	37418.0	24007.0	12.0	11.8	20.2	18.8
2011-09-06	312753.0	50458.0	32883.0	188349.0	220843.0	37795.0	22876.0	11.6	12.8	19.3	19.3
2011-09-13	324202.0	47215.0	38510.0	196891.0	218280.0	40473.0	27789.0	11.4	11.1	19.2	17.7
2011-09-20	327640.0	48950.0	33662.0	199984.0	226414.0	40352.0	29210.0	11.3	11.0	18.7	18.3
2011-09-27	329434.0	39496.0	37521.0	212242.0	219910.0	37113.0	31420.0	12.9	10.6	20.9	17.8
2011-10-04	329440.0	37064.0	39326.0	208646.0	212850.0	37127.0	30661.0	12.7	11.0	20.2	17.4
2011-10-11	295301.0	38138.0	36044.0	173033.0	183888.0	40987.0	32226.0	13.7	12.3	22.2	18.6
2011-10-18	298894.0	47460.0	32731.0	173269.0	201047.0	39902.0	26853.0	12.5	13.6	20.6	20.4
2011-10-25	298497.0	53171.0	34026.0	165764.0	202232.0	44817.0	27494.0	11.6	15.5	20.0	22.8
2011-11-01	296818.0	58114.0	38299.0	163526.0	203149.0	41471.0	21663.0	11.1	17.4	19.6	24.3
2011-11-08	301161.0	60277.0	39000.0	156113.0	197309.0	48627.0	28708.0	10.8	19.5	18.8	26.6
2011-11-15	297574.0	61024.0	37866.0	151436.0	198191.0	48317.0	24720.0	10.6	18.1	18.2	25.3
2011-11-22	286748.0	58415.0	37509.0	153447.0	193840.0	44481.0	24994.0	10.1	19.5	17.7	27.0
2011-11-29	271199.0	52991.0	33821.0	149767.0	185246.0	41911.0	25602.0	10.5	17.5	18.6	24.9
2011-12-06	273933.0	50769.0	35691.0	156886.0	188933.0	40864.0	23895.0	10.3	17.5	18.6	24.9
2011-12-13	279724.0	47937.0	36572.0	167122.0	191454.0	39554.0	26587.0	10.1	13.8	18.0	21.8
2011-12-20	272461.0	45948.0	38481.0	163254.0	178512.0	37889.0	30098.0	10.5	13.0	18.7	19.4
2011-12-27	277118.0	46843.0	35760.0	165027.0	187022.0	39181.0	28269.0	9.8	13.3	17.6	19.7
2012-01-03	269405.0	50203.0	32684.0	152242.0	184100.0	40292.0	25953.0	10.0	13.6	17.8	20.3
2012-01-10	272921.0	53117.0	36439.0	144202.0	183703.0	47468.0	24645.0	9.3	14.2	17.0	20.5
2012-01-17	274542.0	55975.0	36173.0	138517.0	180699.0	47133.0	24753.0	9.0	15.0	16.3	21.2
2012-01-24	278528.0	52333.0	33459.0	149158.0	190340.0	47079.0	24771.0	9.4	13.8	16.7	20.6
2012-01-31	274900.0	51697.0	29788.0	148784.0	192826.0	43664.0	21531.0	9.5	13.9	17.1	20.1
2012-02-07	285107.0	61589.0	32166.0	147466.0	201097.0	46540.0	22332.0	9.0	14.6	16.1	20.8
2012-02-14	307453.0	64410.0	40866.0	165176.0	214164.0	46190.0	20746.0	8.1	15.7	14.2	20.9
2012-02-21	314325.0	67347.0	39781.0	162443.0	217049.0	50442.0	23402.0	7.9	16.6	14.1	23.2
2012-02-28	301742.0	74261.0	42783.0	154537.0	214110.0	46900.0	18805.0	7.8	17.3	14.6	24.8
2012-03-06	286118.0	73056.0	43445.0	134039.0	187957.0	46766.0	22459.0	8.9	20.0	16.8	29.0
2012-03-13	285737.0	72765.0	40797.0	130247.0	187174.0	50621.0	25662.0	8.7	21.7	16.5	32.1
2012-03-20	291410.0	73042.0	39801.0	137282.0	194518.0	50321.0	26326.0	8.9	21.0	16.7	31.4
2012-03-27	288588.0	69293.0	39207.0	139313.0	193258.0	46947.0	23088.0	10.1	20.2	17.7	30.6
2012-04-03	285433.0	68377.0	46803.0	138541.0	184651.0	47423.0	22887.0	13.5	18.0	21.1	29.0
2012-04-10	279356.0	64355.0	43557.0	140263.0	179319.0	42393.0	24135.0	13.7	18.2	21.0	28.4
2012-04-17	301364.0	63337.0	40885.0	160142.0	199032.0	43709.0	27271.0	12.8	15.7	19.8	24.9
2012-04-24	315268.0	62212.0	42324.0	169141.0	205645.0	45299.0	28683.0	12.2	16.2	19.0	24.5
2012-05-01	304613.0	64716.0	37856.0	160076.0	205698.0	44235.0	25473.0	12.1	17.8	19.3	26.9
2012-05-08	303609.0	53443.0	40228.0	170591.0	193208.0	37957.0	28555.0	13.8	15.8	21.0	23.2
2012-05-15	309131.0	48770.0	38639.0	180149.0	195538.0	34712.0	29454.0	13.9	13.9	21.2	20.9
2012-05-22	322562.0	41202.0	35689.0	195431.0	199904.0	32090.0	33130.0	13.4	11.2	20.2	17.6
2012-05-29	323646.0	38860.0	38037.0	201790.0	197259.0	31996.0	37350.0	13.4	10.6	20.3	16.2
2012-06-05	316412.0	38058.0	39479.0	188744.0	184282.0	33432.0	36473.0	13.8	9.8	21.0	15.3
2012-06-12	314200.0	38218.0	35456.0	181605.0	184836.0	36052.0	35583.0	9.5	8.2	15.9	13.9
2012-06-19	328215.0	41217.0	36321.0	189365.0	195024.0	40194.0	39431.0	8.2	9.0	14.2	14.5
2012-06-26	336745.0	42002.0	42592.0	198570.0	196518.0	35264.0	36726.0	8.7	9.2	15.2	14.0
2012-07-03	315102.0	41027.0	44186.0	185305.0	185514.0	36508.0	33140.0	9.1	9.7	16.0	15.0
2012-07-10	320968.0	40301.0	43209.0	190726.0	190245.0	35526.0	33099.0	8.9	10.7	15.3	15.5
2012-07-17	324307.0	41102.0	45115.0	198956.0	197948.0	35160.0	32155.0	8.8	10.6	15.2	15.7
2012-07-24	304333.0	39834.0	42915.0	181642.0	184030.0	33592.0	28123.0	9.6	12.1	16.0	16.9
2012-07-31	303178.0	36310.0	37223.0	181629.0	188414.0	35694.0	27996.0	9.1	12.4	15.3	17.6
2012-08-07	312736.0	39086.0	37191.0	181873.0	195562.0	37420.0	25626.0	9.3	15.6	15.6	20.3
2012-08-14	317906.0	40211.0	30927.0	181966.0	206245.0	39144.0	24149.0	8.9	15.9	14.9	20.4
2012-08-21	330368.0	42160.0	30372.0	185366.0	215396.0	44791.0	26549.0	8.5	14.2	14.2	19.8
2012-08-28	317255.0	46747.0	35399.0	179598.0	210674.0	44870.0	25142.0	8.2	13.3	14.2	20.2
2012-09-04	331284.0	51468.0	37307.0	186163.0	220985.0	46725.0	26064.0	7.9	12.2	14.2	19.1
2012-09-11	344422.0	52448.0	40423.0	198955.0	234398.0	46581.0	23163.0	7.9	11.7	14.0	19.1
2012-09-18	327499.0	52733.0	37756.0	184802.0	222632.0	44747.0	21894.0	8.0	12.6	14.2	18.6
2012-09-25	328512.0	49981.0	34416.0	182243.0	217588.0	43346.0	23566.0	7.9	9.2	13.8	15.1
2012-10-02	322021.0	53870.0	29073.0	171192.0	215471.0	41257.0	21775.0	8.0	10.0	14.0	15.2
2012-10-09	323313.0	54592.0	27655.0	169980.0	221527.0	47786.0	23176.0	7.8	9.8	13.7	15.3
2012-10-16	325721.0	59026.0	21584.0	167176.0	232841.0	48685.0	20462.0	7.7	13.6	13.5	20.1
2012-10-23	309147.0	56104.0	27033.0	157844.0	209499.0	45682.0	23098.0	8.2	13.1	14.1	20.0
2012-10-30	296574.0	53334.0	25045.0	153489.0	201536.0	43852.0	24094.0	8.6	12.7	14.8	19.2
2012-11-06	307659.0	50829.0	23346.0	162271.0	205076.0	40120.0	24798.0	8.7	13.1	15.2	20.0
2012-11-13	301762.0	50100.0	28120.0	164997.0	197975.0	37333.0	26335.0	8.9	13.0	15.4	19.6
2012-11-20	300596.0	50143.0	31335.0	160080.0	194281.0	40753.0	25360.0	9.3	11.9	15.8	19.0
2012-11-27	300276.0	51742.0	31018.0	163830.0	197924.0	39229.0	25859.0	9.9	11.6	16.2	18.3
2012-12-04	292708.0	49365.0	33113.0	165679.0	195083.0	38205.0	25053.0	10.8	10.8	17.5	17.3
2012-12-11	290453.0	45510.0	33318.0	166007.0	185832.0	36830.0	29197.0	10.7	9.6	17.8	15.6
2012-12-18	272890.0	49536.0	28009.0	141153.0	171644.0	35185.0	26221.0	9.6	9.8	16.6	16.8
2012-12-24	272956.0	50680.0	25890.0	135666.0	172382.0	37800.0	25874.0	9.9	10.1	16.7	16.8
2012-12-31	262750.0	53945.0	25045.0	128355.0	171057.0	37660.0	23858.0	10.2	10.7	17.5	17.4
2013-01-08	288395.0	57596.0	25610.0	145185.0	194976.0	40966.0	23161.0	9.3	8.3	16.2	15.2
2013-01-15	298301.0	58255.0	29830.0	153779.0	197973.0	41204.0	25435.0	9.0	11.7	16.1	18.4
2013-01-22	304486.0	58422.0	32791.0	152360.0	195059.0	43197.0	26129.0	8.7	12.5	15.7	18.9
2013-01-29	306817.0	64567.0	34648.0	150211.0	199060.0	42548.0	23618.0	9.1	13.1	16.0	19.6
2013-02-05	311647.0	72980.0	41248.0	137677.0	193686.0	48708.0	24431.0	9.8	12.4	16.6	20.5
2013-02-12	324424.0	83153.0	44759.0	144358.0	209545.0	49085.0	22292.0	9.6	12.2	16.1	20.2
2013-02-19	321472.0	89938.0	47691.0	137737.0	207185.0	53857.0	26656.0	10.8	13.2	17.4	21.0
2013-02-26	310083.0	82493.0	55772.0	136092.0	180529.0	44717.0	27001.0	9.9	11.9	16.3	19.1
2013-03-05	298756.0	59442.0	41718.0	147585.0	176134.0	38839.0	28014.0	8.8	7.7	14.8	13.3
2013-03-12	312399.0	54102.0	42761.0	164204.0	183255.0	38630.0	30920.0	7.8	7.6	13.3	12.2
2013-03-19	295015.0	51420.0	43275.0	158423.0	168688.0	37324.0	35204.0	9.6	8.5	16.4	13.8
2013-03-26	285120.0	46622.0	42649.0	158995.0	161618.0	33177.0	34527.0	10.8	8.4	17.3	13.1
2013-04-02	293944.0	48251.0	43730.0	160420.0	168486.0	35693.0	32148.0	11.1	8.7	18.2	15.3
2013-04-09	314075.0	45026.0	47025.0	181329.0	177661.0	31568.0	33237.0	11.9	9.9	19.1	15.2
2013-04-16	297428.0	42418.0	50823.0	173385.0	160294.0	30712.0	35398.0	13.7	10.4	22.0	16.8
2013-04-23	307174.0	38556.0	58575.0	181199.0	155921.0	30866.0	36125.0	14.1	9.8	22.4	15.9
2013-04-30	302985.0	47142.0	62097.0	170237.0	152178.0	31830.0	34934.0	13.8	12.4	22.8	18.3
2013-05-07	309632.0	49636.0	65472.0	175091.0	158697.0	33137.0	33695.0	13.3	13.4	22.3	19.5
2013-05-14	315575.0	47004.0	74847.0	181904.0	153255.0	32102.0	32908.0	14.5	10.4	23.5	16.0
2013-05-21	304608.0	47448.0	76732.0	174338.0	146570.0	34557.0	33041.0	12.9	11.2	22.2	16.4
2013-05-28	294923.0	43212.0	70112.0	163359.0	139731.0	36899.0	33627.0	12.6	10.5	20.9	15.6
2013-06-04	288600.0	37148.0	67040.0	178707.0	149104.0	32701.0	32412.0	12.6	9.9	21.0	14.9
2013-06-11	300847.0	36300.0	66823.0	187379.0	157753.0	33549.0	32652.0	11.6	8.9	19.6	14.4
2013-06-18	292091.0	44553.0	65089.0	176565.0	165013.0	35983.0	26999.0	11.4	10.9	19.4	16.8
2013-06-25	283394.0	37915.0	67883.0	180842.0	152985.0	32883.0	30772.0	13.8	11.8	22.3	17.6
2013-07-02	280621.0	40579.0	66484.0	178802.0	156655.0	31954.0	28196.0	12.1	11.2	20.3	16.9
2013-07-09	289209.0	45319.0	61302.0	174756.0	166344.0	33411.0	25840.0	11.3	11.5	18.7	17.0
2013-07-16	299653.0	54816.0	58269.0	178851.0	183194.0	34356.0	26560.0	10.8	11.9	18.3	18.1
2013-07-23	288045.0	64362.0	56190.0	153452.0	177388.0	41124.0	25360.0	11.3	14.7	19.6	21.8
2013-07-30	273339.0	71987.0	61939.0	135496.0	162155.0	38696.0	22085.0	11.6	15.1	21.2	22.8
2013-08-06	286142.0	72794.0	60441.0	140913.0	169247.0	40324.0	24343.0	11.0	15.5	20.0	21.7
2013-08-13	292419.0	67539.0	63244.0	154658.0	173366.0	40655.0	26242.0	10.6	16.2	18.7	22.4
2013-08-20	305060.0	73524.0	63962.0	156529.0	183368.0	43443.0	26166.0	10.4	16.1	18.3	22.6
2013-08-27	288275.0	74164.0	60155.0	141825.0	176759.0	43753.0	22828.0	11.1	18.1	19.3	24.2
2013-09-03	282749.0	75251.0	61151.0	135221.0	171257.0	44306.0	22370.0	11.0	18.5	19.2	24.9
2013-09-10	290356.0	68491.0	58290.0	146586.0	176183.0	44545.0	25149.0	10.0	17.4	17.5	22.9
2013-09-17	293021.0	61079.0	57516.0	158146.0	177661.0	38779.0	22827.0	10.0	15.9	17.1	21.3
2013-09-24	273153.0	54938.0	49872.0	146966.0	163804.0	36223.0	24451.0	10.8	15.1	18.6	20.6
2013-10-01	269223.0	48892.0	55851.0	153941.0	156299.0	35557.0	26240.0	11.2	16.0	18.9	21.2
2013-10-08	279409.0	46801.0	54482.0	158654.0	163840.0	38815.0	25948.0	10.8	15.1	17.8	20.7
2013-10-15	283938.0	46479.0	56132.0	163069.0	168900.0	39644.0	24160.0	10.5	14.9	17.3	19.3
2013-10-22	283846.0	48919.0	59012.0	162821.0	167273.0	38222.0	23677.0	10.2	15.7	17.0	20.1
2013-10-29	282169.0	44003.0	65533.0	170780.0	154282.0	34666.0	29634.0	10.6	15.6	17.9	20.8
2013-11-05	291380.0	39942.0	70750.0	181139.0	156197.0	35292.0	29426.0	10.9	14.9	18.3	19.8
