2009-04-28	19970.0	3039.0	25.0	15126.0	16115.0	300.0	2325.0	51.3	63.5	69.5	65.8
2009-05-05	19112.0	6174.0	0.0	12588.0	16737.0	300.0	2325.0	61.0	62.7	75.1	67.8
2009-05-12	19568.0	6774.0	0.0	12474.0	17223.0	300.0	2325.0	64.2	58.9	77.2	68.6
2009-05-19	19718.0	6324.0	0.0	13074.0	17373.0	300.0	2325.0	63.7	60.0	77.6	69.6
2009-05-26	19643.0	6399.0	0.0	12924.0	17298.0	300.0	2325.0	63.9	59.9	79.5	71.4
2009-06-02	20038.0	7734.0	0.0	12044.0	17453.0	0.0	2325.0	65.7	58.8	81.6	72.5
2009-06-09	19988.0	7209.0	0.0	12519.0	17778.0	0.0	1950.0	64.8	59.7	81.8	73.4
2009-06-16	20399.0	6759.0	0.0	13044.0	18153.0	165.0	1815.0	63.4	60.0	80.1	73.4
2009-06-23	20474.0	6709.0	75.0	13119.0	18103.0	165.0	1815.0	63.2	59.1	79.8	72.5
2009-06-30	20324.0	5734.0	75.0	13494.0	17503.0	165.0	1815.0	60.7	56.6	77.5	68.6
2009-07-07	19349.0	4319.0	75.0	13569.0	16163.0	165.0	1815.0	56.5	53.8	74.7	65.4
2009-07-14	18864.0	3544.0	50.0	13709.0	15628.0	240.0	1815.0	56.6	52.0	72.1	63.6
2009-07-21	18789.0	4669.0	50.0	12884.0	15928.0	240.0	1815.0	60.8	52.2	72.8	63.9
2009-07-28	18714.0	5044.0	50.0	12659.0	16078.0	240.0	1815.0	61.5	52.4	72.8	64.1
2009-08-04	18274.0	5029.0	50.0	12234.0	15638.0	240.0	1815.0	63.3	54.1	74.8	65.2
2009-08-11	18949.0	5404.0	50.0	12384.0	16163.0	240.0	1815.0	64.2	53.3	75.3	65.1
2009-08-18	19024.0	6079.0	50.0	12009.0	16313.0	240.0	1965.0	65.5	53.1	76.6	65.2
2009-08-25	18991.0	6079.0	50.0	12126.0	16313.0	240.0	2082.0	66.2	53.2	77.3	65.4
2009-09-01	18830.0	6889.0	50.0	11401.0	16398.0	240.0	2082.0	68.3	54.1	78.9	67.0
2009-09-08	18980.0	7789.0	50.0	10651.0	16548.0	240.0	2082.0	68.6	54.4	79.1	67.2
2009-09-15	17995.0	6589.0	50.0	10866.0	15563.0	240.0	2082.0	69.4	54.1	76.8	64.3
2009-09-22	17890.0	6409.0	50.0	10941.0	15458.0	240.0	2082.0	68.4	54.0	76.8	64.2
2009-09-29	16945.0	4759.0	50.0	11646.0	14513.0	240.0	2082.0	66.9	51.7	75.8	62.5
2009-10-06	16544.0	4744.0	50.0	11185.0	14037.0	315.0	2157.0	68.7	53.6	77.2	64.2
2009-10-13	16469.0	4894.0	50.0	11135.0	14037.0	140.0	2082.0	70.8	53.3	77.5	63.9
2009-10-20	16835.0	5944.0	50.0	10301.0	14253.0	290.0	2232.0	69.0	51.6	75.6	62.3
2009-10-27	16685.0	5944.0	50.0	10301.0	14253.0	140.0	2082.0	69.6	52.0	76.2	62.8
2009-11-03	15895.0	5389.0	50.0	10146.0	13463.0	60.0	2082.0	73.5	53.7	79.8	65.6
2009-11-09	16195.0	5989.0	50.0	9846.0	13763.0	60.0	2082.0	71.2	51.8	77.4	63.5
2009-11-17	16195.0	6289.0	50.0	9546.0	13763.0	60.0	2082.0	70.3	50.8	76.4	62.6
2009-11-24	15736.0	5689.0	50.0	9687.0	13304.0	60.0	2082.0	70.4	50.4	76.8	62.5
2009-12-01	15171.0	5434.0	50.0	9407.0	12739.0	30.0	2082.0	73.0	52.1	79.5	64.8
2009-12-08	14001.0	3859.0	50.0	9707.0	11539.0	30.0	2007.0	69.0	51.1	76.0	60.6
2009-12-15	14796.0	2734.0	50.0	10727.0	11434.0	30.0	2007.0	62.2	45.3	68.8	54.3
2009-12-22	15021.0	2509.0	50.0	10877.0	11359.0	30.0	2007.0	59.3	42.7	65.8	51.5
2009-12-29	15021.0	2509.0	50.0	10877.0	11359.0	30.0	2007.0	59.3	42.7	65.8	51.5
2010-02-23	14028.0	4836.0	0.0	8508.0	12864.0	60.0	540.0	59.0	48.9	67.7	61.9
2010-03-02	13766.0	5558.0	0.0	7571.0	12669.0	60.0	520.0	64.2	49.9	69.0	64.9
2010-03-09	15566.0	7358.0	0.0	7571.0	14469.0	60.0	520.0	68.3	49.9	72.6	64.7
2010-03-16	15872.0	7733.0	0.0	7502.0	14775.0	60.0	520.0	69.4	51.3	73.5	65.8
2010-03-23	15122.0	6683.0	150.0	7802.0	13875.0	60.0	520.0	66.9	49.4	71.2	62.4
2010-03-30	15047.0	6608.0	150.0	7802.0	13800.0	60.0	520.0	66.7	49.1	71.1	62.3
2010-04-06	14290.0	6880.0	150.0	6820.0	13110.0	60.0	500.0	70.3	50.4	74.1	63.1
2010-04-13	14245.0	6880.0	150.0	6505.0	12855.0	330.0	710.0	70.6	49.5	74.3	63.3
2010-04-20	14566.0	6280.0	0.0	7051.0	12951.0	330.0	710.0	64.9	50.0	70.5	62.8
2010-04-27	14791.0	5530.0	0.0	7876.0	13026.0	330.0	710.0	63.1	49.2	69.9	62.3
2010-05-04	12916.0	4685.0	0.0	6946.0	11381.0	320.0	570.0	63.0	50.2	69.1	61.9
2010-05-11	12430.0	4010.0	0.0	7135.0	10895.0	320.0	570.0	60.0	52.1	68.4	63.4
2010-05-18	12285.0	3340.0	0.0	7660.0	10750.0	320.0	570.0	55.7	51.5	68.1	61.8
2010-05-25	12390.0	3565.0	0.0	7735.0	11050.0	320.0	570.0	57.1	53.5	69.3	63.7
2010-06-01	10722.0	2708.0	0.0	6850.0	9480.0	352.0	430.0	60.1	55.3	70.5	66.0
2010-06-08	10872.0	3008.0	0.0	6850.0	9780.0	352.0	430.0	59.3	54.5	69.6	65.1
2010-06-15	11532.0	3608.0	0.0	6976.0	10506.0	352.0	430.0	61.2	56.6	70.8	66.6
2010-06-22	11532.0	3758.0	0.0	6826.0	10506.0	352.0	430.0	62.5	56.6	70.8	66.6
2010-06-29	11472.0	3758.0	0.0	6766.0	10446.0	352.0	430.0	61.5	55.6	69.9	65.6
2010-11-02	8471.0	2323.0	155.0	5620.0	7810.0	42.0	20.0	79.8	59.5	82.5	76.7
2010-11-30	10286.0	3688.0	80.0	6205.0	9835.0	42.0	20.0	82.9	68.5	86.9	82.8
2010-12-07	9471.0	2738.0	80.0	6190.0	8870.0	42.0	20.0	81.1	72.0	87.6	85.1
2010-12-14	9447.0	2588.0	80.0	6190.0	8720.0	42.0	20.0	79.8	70.6	85.9	83.8
2010-12-21	9422.0	2463.0	230.0	6165.0	8420.0	42.0	20.0	79.3	66.8	84.5	80.8
2010-12-28	9422.0	2463.0	230.0	6165.0	8420.0	42.0	20.0	79.3	66.8	84.5	80.8
2011-03-29	8628.0	3322.0	330.0	4335.0	7305.0	28.0	50.0	75.4	54.5	79.7	73.6
2011-12-13	5954.0	1336.0	94.0	4189.0	5410.0	0.0	21.0	43.9	52.8	56.1	57.9
2012-03-20	14133.0	5382.0	0.0	8208.0	13590.0	0.0	0.0	77.3	58.9	78.9	74.0
2012-03-27	14388.0	5307.0	0.0	8463.0	13770.0	0.0	0.0	77.0	58.3	78.7	73.6
2012-04-03	13525.0	5475.0	75.0	7825.0	13225.0	0.0	0.0	85.6	65.1	86.7	80.7
2012-04-10	13600.0	5625.0	150.0	7825.0	13300.0	0.0	0.0	86.3	64.7	87.4	81.4
2012-04-17	13220.0	4900.0	180.0	8170.0	12890.0	0.0	0.0	83.5	69.6	86.3	80.6
2012-04-24	14225.0	4900.0	480.0	9175.0	13595.0	0.0	0.0	80.2	67.9	84.4	79.2
2012-05-01	14530.0	4450.0	380.0	9730.0	13800.0	0.0	0.0	76.2	64.8	80.6	75.4
2012-05-08	14710.0	3775.0	380.0	10210.0	13605.0	0.0	0.0	73.8	64.5	78.0	72.9
2012-07-24	15875.0	2250.0	555.0	12375.0	14070.0	0.0	0.0	52.8	56.3	63.9	63.0
2012-07-31	16025.0	2475.0	555.0	12300.0	14220.0	0.0	0.0	53.7	57.2	64.7	63.8
2012-08-07	13905.0	1575.0	605.0	11130.0	12100.0	0.0	0.0	49.0	52.4	61.1	60.2
2012-08-14	14280.0	975.0	605.0	11730.0	12100.0	0.0	0.0	43.5	51.1	56.8	57.7
2012-08-21	14280.0	975.0	605.0	11730.0	12100.0	0.0	0.0	43.5	51.1	56.8	57.7
2012-08-28	14280.0	975.0	605.0	11730.0	12100.0	0.0	0.0	43.5	51.1	56.8	57.7
2012-09-04	11975.0	50.0	705.0	10450.0	9795.0	0.0	0.0	45.3	44.3	51.7	51.7
2012-09-11	11300.0	200.0	630.0	9625.0	9195.0	0.0	0.0	43.2	47.0	53.7	54.8
2012-09-18	10280.0	1325.0	630.0	8605.0	9300.0	0.0	0.0	46.0	53.1	60.5	61.7
2012-09-25	11330.0	275.0	630.0	9655.0	9300.0	0.0	0.0	51.7	56.1	62.8	63.9
