2009-06-16	1892.0	65.0	222.0	1338.0	1200.0	396.0	377.0	31.0	29.2	39.3	43.2
2009-08-11	1544.0	50.0	95.0	1210.0	1193.0	284.0	256.0	36.2	30.8	45.6	43.1
2009-08-25	1638.0	50.0	95.0	1313.0	1230.0	275.0	313.0	31.4	27.6	43.6	40.6
2009-09-01	1655.0	110.0	110.0	1212.0	1185.0	292.0	319.0	29.6	27.9	43.2	40.7
2010-07-27	1929.0	0.0	132.0	1375.0	1347.0	462.0	358.0	20.0	19.2	26.5	28.8
2010-08-03	1711.0	0.0	44.0	1222.0	1184.0	403.0	397.0	21.3	17.1	28.1	26.4
2010-08-10	1836.0	0.0	67.0	1370.0	1217.0	394.0	480.0	22.8	18.1	31.7	25.4
2010-08-17	2025.0	0.0	66.0	1539.0	1505.0	413.0	381.0	20.7	19.6	29.6	28.2
2010-08-24	2274.0	0.0	123.0	1719.0	1474.0	494.0	616.0	24.9	17.1	32.9	25.1
2010-08-31	2272.0	0.0	114.0	1728.0	1444.0	501.0	671.0	26.1	16.9	33.4	24.9
2010-09-28	2230.0	0.0	83.0	1607.0	1321.0	562.0	765.0	29.6	16.5	36.5	26.1
2010-11-16	2480.0	55.0	181.0	1787.0	1349.0	593.0	905.0	31.6	21.3	42.2	29.4
2010-11-23	2708.0	75.0	208.0	1933.0	1415.0	655.0	1040.0	31.2	21.2	41.4	28.2
2010-11-30	2837.0	124.0	218.0	2072.0	1600.0	601.0	979.0	30.6	21.2	42.9	30.9
2010-12-07	2648.0	157.0	235.0	1849.0	1362.0	632.0	1041.0	35.6	21.6	46.4	31.3
2010-12-14	2737.0	163.0	324.0	2020.0	1652.0	543.0	750.0	32.4	22.3	43.1	35.1
2010-12-21	2840.0	181.0	369.0	2074.0	1687.0	572.0	771.0	30.3	21.8	41.0	33.8
2010-12-28	2874.0	178.0	369.0	2042.0	1727.0	626.0	750.0	29.3	21.6	38.3	33.3
2011-01-11	2686.0	171.0	315.0	1974.0	1627.0	512.0	715.0	31.8	22.9	43.2	33.6
2011-01-18	2784.0	188.0	315.0	2052.0	1655.0	520.0	790.0	30.9	21.2	41.6	32.6
2011-01-25	2868.0	158.0	315.0	2141.0	1793.0	545.0	736.0	29.7	19.0	39.0	30.9
2011-02-01	2755.0	135.0	240.0	2061.0	1748.0	535.0	743.0	29.0	18.1	40.5	30.8
2011-02-08	2410.0	123.0	170.0	1784.0	1494.0	479.0	722.0	28.1	15.0	40.9	27.1
2011-02-22	2535.0	62.0	90.0	1892.0	1556.0	557.0	865.0	25.1	15.1	36.4	24.8
2011-03-01	2563.0	50.0	90.0	1900.0	1594.0	589.0	855.0	25.0	16.0	35.9	25.0
2011-03-08	2117.0	56.0	90.0	1446.0	1274.0	609.0	747.0	25.1	16.6	35.5	25.0
2011-03-15	2267.0	0.0	90.0	1489.0	1254.0	778.0	923.0	24.7	17.4	31.9	24.8
2011-03-29	2405.0	0.0	90.0	1587.0	1446.0	818.0	869.0	19.1	15.6	27.0	23.5
2011-05-24	2344.0	72.0	230.0	1490.0	1432.0	724.0	624.0	18.7	15.4	25.0	26.2
2011-05-31	2378.0	58.0	218.0	1485.0	1423.0	767.0	669.0	20.1	17.5	24.8	26.2
2011-07-12	2192.0	19.0	90.0	1440.0	1175.0	631.0	825.0	20.3	17.7	29.8	23.8
2011-07-19	2244.0	43.0	210.0	1481.0	1134.0	625.0	805.0	20.0	19.7	29.5	26.6
2011-07-26	2405.0	47.0	210.0	1629.0	1288.0	635.0	813.0	19.8	18.0	27.9	24.0
2011-08-23	2105.0	0.0	249.0	1313.0	921.0	695.0	838.0	21.6	17.1	30.1	24.2
2011-10-18	2170.0	0.0	313.0	1420.0	913.0	678.0	872.0	29.0	18.3	38.0	26.8
2011-10-25	2342.0	0.0	285.0	1380.0	981.0	884.0	998.0	26.0	16.7	34.0	27.5
2011-11-01	2491.0	0.0	333.0	1481.0	1195.0	898.0	851.0	23.9	17.0	31.1	27.5
2011-11-08	2115.0	0.0	169.0	1040.0	871.0	890.0	890.0	24.3	18.4	27.0	24.6
2011-11-15	2361.0	0.0	163.0	1261.0	1177.0	884.0	805.0	19.9	18.7	23.4	24.7
2011-11-22	2669.0	30.0	156.0	1776.0	1601.0	660.0	709.0	19.7	18.4	26.8	24.6
2011-11-29	2872.0	30.0	143.0	1884.0	1771.0	738.0	738.0	17.6	18.6	23.8	23.7
2011-12-06	2498.0	44.0	123.0	1641.0	1635.0	639.0	566.0	16.2	18.7	21.7	24.4
2011-12-13	2632.0	125.0	93.0	1787.0	1906.0	574.0	487.0	15.9	18.7	21.6	24.9
2011-12-20	2582.0	175.0	93.0	1721.0	1870.0	630.0	563.0	17.5	18.9	23.9	24.2
2011-12-27	2656.0	163.0	93.0	1863.0	2044.0	579.0	468.0	16.9	18.3	23.8	24.6
2012-01-03	2669.0	133.0	98.0	1829.0	2050.0	648.0	462.0	15.2	18.4	21.4	24.8
2012-01-24	2130.0	131.0	0.0	1160.0	1471.0	810.0	630.0	15.5	18.9	20.0	26.3
2012-01-31	2132.0	131.0	0.0	1176.0	1407.0	796.0	696.0	17.3	20.2	23.6	29.2
2012-03-13	2211.0	149.0	0.0	1492.0	1517.0	438.0	562.0	22.3	19.1	31.0	25.7
2012-03-20	2376.0	134.0	0.0	1696.0	1743.0	435.0	522.0	22.3	19.3	31.2	26.8
2012-03-27	2470.0	121.0	0.0	1758.0	1893.0	435.0	421.0	20.9	19.5	29.8	29.8
2012-04-10	2073.0	71.0	29.0	1206.0	1460.0	640.0	428.0	20.5	22.4	28.4	33.5
2012-04-17	2173.0	71.0	29.0	1200.0	1471.0	746.0	517.0	21.1	22.9	28.7	34.2
2012-05-01	2398.0	83.0	29.0	1385.0	1730.0	763.0	472.0	18.9	20.6	27.3	32.8
2012-05-22	2112.0	85.0	9.0	1475.0	1273.0	396.0	674.0	21.6	17.1	32.4	21.5
2012-05-29	2187.0	91.0	13.0	1543.0	1292.0	401.0	730.0	20.4	15.6	32.3	19.3
2012-06-12	2095.0	112.0	92.0	1504.0	1208.0	417.0	733.0	22.9	12.7	35.0	20.1
2012-06-19	2307.0	127.0	78.0	1662.0	1373.0	458.0	796.0	21.8	14.5	35.5	20.7
2012-06-26	2500.0	127.0	88.0	1818.0	1777.0	495.0	575.0	20.9	16.4	31.0	24.5
2012-07-31	2578.0	30.0	0.0	1598.0	1713.0	829.0	744.0	15.6	14.9	18.8	21.3
2012-08-07	2445.0	41.0	0.0	1582.0	1702.0	706.0	627.0	18.8	18.7	25.1	25.6
2012-08-14	2495.0	32.0	0.0	1709.0	1702.0	649.0	688.0	21.3	19.6	28.4	26.1
2012-08-21	2710.0	108.0	0.0	1641.0	1862.0	855.0	742.0	22.0	24.3	28.5	32.7
2012-08-28	2820.0	181.0	0.0	1681.0	2002.0	832.0	692.0	23.4	28.3	30.0	35.7
2012-09-04	2985.0	222.0	0.0	1812.0	2112.0	786.0	708.0	23.0	30.6	31.6	37.2
2012-09-11	2739.0	166.0	0.0	1608.0	1955.0	803.0	622.0	20.6	32.3	28.9	36.7
2012-09-18	3139.0	193.0	0.0	2196.0	2560.0	664.0	493.0	20.6	28.7	28.2	36.1
2012-09-25	3286.0	208.0	0.0	2242.0	2580.0	686.0	556.0	20.1	27.5	28.1	35.1
2012-10-02	2940.0	259.0	0.0	1810.0	2276.0	748.0	541.0	21.6	29.3	27.0	34.5
2012-10-16	3115.0	315.0	0.0	2042.0	2467.0	701.0	591.0	25.5	31.9	30.3	35.6
2012-10-23	3280.0	359.0	0.0	2171.0	2620.0	706.0	616.0	25.5	33.3	31.4	36.8
2012-10-30	3767.0	399.0	0.0	2637.0	3073.0	687.0	650.0	25.0	36.5	33.2	37.9
2012-11-13	3071.0	219.0	0.0	2157.0	2447.0	660.0	589.0	26.6	40.4	36.7	42.1
2012-11-27	3408.0	220.0	0.0	2440.0	2731.0	748.0	677.0	27.1	38.6	35.8	40.9
2012-12-04	2678.0	65.0	0.0	1953.0	1955.0	625.0	688.0	11.6	21.8	20.9	22.7
2012-12-11	2720.0	58.0	0.0	1940.0	2013.0	687.0	672.0	12.8	22.6	21.1	25.4
2012-12-18	2783.0	58.0	0.0	1871.0	2052.0	819.0	696.0	12.4	22.6	18.6	24.4
2012-12-24	2842.0	58.0	0.0	1920.0	2115.0	829.0	692.0	13.3	23.4	19.9	26.0
2012-12-31	2924.0	60.0	0.0	2136.0	2333.0	695.0	558.0	12.9	24.6	22.0	29.5
2013-01-15	2442.0	0.0	0.0	1656.0	1768.0	786.0	674.0	19.9	33.7	30.9	39.8
2013-01-22	2571.0	0.0	90.0	1783.0	1869.0	788.0	612.0	20.7	32.8	32.0	41.0
2013-01-29	2875.0	0.0	90.0	2181.0	2227.0	694.0	558.0	17.0	29.1	28.1	38.1
2013-02-05	2483.0	0.0	102.0	1859.0	1951.0	611.0	417.0	18.2	28.4	27.2	36.2
2013-02-12	2514.0	0.0	12.0	1841.0	1969.0	660.0	520.0	18.6	27.7	28.5	35.4
2013-02-19	2664.0	18.0	0.0	1958.0	2130.0	663.0	509.0	18.0	27.7	26.9	36.0
2013-02-26	2744.0	33.0	12.0	1878.0	2136.0	781.0	544.0	17.5	26.2	25.0	33.7
2013-03-12	2597.0	53.0	2.0	1725.0	1995.0	778.0	559.0	20.8	32.4	25.5	35.6
2013-03-19	2669.0	83.0	0.0	1815.0	2086.0	758.0	570.0	20.5	31.7	25.6	35.6
2013-03-26	2790.0	82.0	0.0	1966.0	2134.0	712.0	626.0	20.3	29.0	27.3	33.8
2013-04-02	2368.0	30.0	0.0	1638.0	1751.0	659.0	576.0	22.9	31.3	31.9	36.4
2013-04-09	2462.0	63.0	0.0	1721.0	1886.0	619.0	517.0	22.9	28.8	30.8	36.8
2013-04-16	2604.0	62.0	0.0	1803.0	2004.0	640.0	501.0	21.6	28.2	28.5	34.6
2013-04-23	2742.0	53.0	11.0	1918.0	2010.0	679.0	629.0	19.2	24.5	26.3	30.4
2013-04-30	2932.0	58.0	12.0	2058.0	2073.0	684.0	715.0	18.3	22.8	25.7	27.9
2013-05-07	2470.0	35.0	56.0	1709.0	1635.0	616.0	669.0	22.4	30.4	32.4	36.9
2013-05-14	2660.0	35.0	113.0	1861.0	1787.0	581.0	577.0	22.2	28.4	32.0	37.8
2013-05-21	2744.0	35.0	114.0	1879.0	1796.0	647.0	651.0	21.9	27.4	33.5	37.7
2013-05-28	2784.0	35.0	135.0	1874.0	1778.0	692.0	688.0	23.0	27.8	34.7	37.4
2013-06-04	2418.0	0.0	220.0	1711.0	1512.0	601.0	580.0	35.4	31.6	43.4	40.7
2013-06-11	2584.0	0.0	71.0	1784.0	1751.0	674.0	636.0	31.8	29.5	39.0	38.7
2013-06-18	2605.0	0.0	137.0	1895.0	1813.0	635.0	580.0	30.4	28.7	39.7	39.8
2013-06-25	2606.0	0.0	122.0	1824.0	1767.0	714.0	649.0	30.6	27.2	39.3	38.8
2013-08-13	2259.0	0.0	169.0	1655.0	1492.0	604.0	598.0	31.1	24.6	35.1	32.3
2013-08-20	2311.0	0.0	120.0	1736.0	1566.0	552.0	602.0	30.9	24.0	36.0	32.0
2013-08-27	2342.0	0.0	126.0	1781.0	1585.0	549.0	619.0	30.3	22.9	36.7	30.7
2013-09-03	2523.0	0.0	145.0	1943.0	1767.0	563.0	594.0	28.6	22.0	36.9	30.3
2013-10-01	2696.0	83.0	0.0	1905.0	1937.0	653.0	704.0	23.9	20.7	32.9	31.2
2013-10-08	2268.0	138.0	0.0	1691.0	1722.0	439.0	546.0	22.0	21.5	35.8	31.8
2013-10-15	2331.0	186.0	0.0	1829.0	1813.0	306.0	508.0	20.8	20.5	34.7	30.1
2013-10-22	2424.0	186.0	0.0	1922.0	1908.0	306.0	506.0	19.6	18.7	33.0	27.3
2013-10-29	2526.0	153.0	0.0	1984.0	1943.0	379.0	573.0	19.6	18.1	33.6	27.0
2013-11-05	2183.0	129.0	0.0	1624.0	1601.0	430.0	582.0	25.4	21.0	36.3	29.0
2013-11-12	2228.0	129.0	0.0	1541.0	1615.0	558.0	613.0	25.0	19.8	31.1	27.2
2013-11-19	2270.0	129.0	70.0	1591.0	1563.0	550.0	637.0	24.5	21.0	34.6	28.7
2013-11-26	2315.0	164.0	91.0	1715.0	1642.0	422.0	568.0	24.3	20.8	36.7	28.3
2013-12-03	1734.0	64.0	82.0	1050.0	970.0	590.0	652.0	26.4	22.9	37.0	32.5
2013-12-10	1761.0	11.0	82.0	947.0	905.0	698.0	669.0	23.7	22.3	31.2	31.7
2013-12-24	1889.0	19.0	113.0	1160.0	1061.0	620.0	625.0	22.3	23.6	34.2	33.4
2014-01-21	1959.0	69.0	87.0	1118.0	983.0	698.0	815.0	27.0	22.3	38.3	30.2
2014-01-28	2106.0	69.0	97.0	1251.0	1138.0	712.0	797.0	25.7	22.8	39.3	31.7
2014-02-04	1847.0	25.0	44.0	1042.0	1032.0	691.0	682.0	18.3	18.5	27.8	25.6
2014-02-11	1853.0	10.0	54.0	1079.0	1023.0	675.0	687.0	18.6	18.1	26.7	24.9
2014-02-18	1948.0	36.0	16.0	952.0	1018.0	830.0	784.0	16.9	19.8	24.8	25.7
2014-02-25	2138.0	0.0	30.0	1175.0	1225.0	843.0	763.0	18.0	19.3	25.7	27.6
2014-03-04	1907.0	0.0	180.0	1118.0	1086.0	710.0	562.0	18.4	19.1	26.6	30.7
2014-03-11	1951.0	0.0	161.0	1130.0	1205.0	728.0	492.0	17.5	19.5	26.1	32.4
2014-03-18	1976.0	0.0	144.0	1144.0	1226.0	744.0	518.0	17.3	19.7	25.0	32.8
2014-03-25	2120.0	11.0	168.0	1314.0	1343.0	708.0	522.0	17.5	18.3	26.7	30.8
2014-04-01	2283.0	6.0	168.0	1474.0	1486.0	742.0	568.0	15.4	17.2	23.7	28.8
2014-04-08	1724.0	0.0	60.0	1050.0	874.0	602.0	718.0	15.8	18.7	25.2	21.9
2014-04-15	1871.0	85.0	120.0	1137.0	980.0	568.0	690.0	16.7	21.6	27.8	27.2
2014-04-22	2039.0	75.0	200.0	1373.0	1122.0	522.0	648.0	21.4	22.1	34.0	30.6
2014-04-29	2153.0	70.0	157.0	1501.0	1244.0	496.0	666.0	21.8	20.1	33.9	29.2
2014-05-06	1719.0	97.0	73.0	877.0	927.0	660.0	634.0	16.5	16.8	25.3	25.3
2014-05-13	2006.0	234.0	30.0	1025.0	978.0	623.0	874.0	24.7	16.3	33.0	21.3
2014-05-20	2046.0	158.0	30.0	1045.0	987.0	676.0	862.0	23.3	15.8	29.6	21.3
2014-05-27	2153.0	147.0	53.0	1122.0	1051.0	741.0	906.0	23.5	15.1	29.4	22.2
2014-06-24	2119.0	145.0	64.0	1326.0	1051.0	553.0	909.0	22.1	15.4	33.9	22.3
2014-07-01	2301.0	155.0	56.0	1465.0	1187.0	586.0	963.0	22.2	14.2	32.9	21.6
2014-09-16	1878.0	125.0	52.0	1071.0	989.0	478.0	633.0	17.9	17.7	29.6	25.4
2014-09-23	1999.0	174.0	41.0	1109.0	1018.0	501.0	725.0	20.8	16.4	32.3	23.8
2014-09-30	2091.0	198.0	57.0	1213.0	1114.0	480.0	720.0	18.8	15.5	30.6	22.4
2014-10-28	2046.0	163.0	30.0	1190.0	1189.0	603.0	737.0	21.6	14.6	28.3	19.8
2015-03-31	1920.0	162.0	184.0	975.0	963.0	591.0	581.0	26.7	17.2	28.9	24.3
2015-04-07	1603.0	93.0	85.0	809.0	892.0	566.0	491.0	26.6	19.7	31.3	29.5
2015-04-14	1655.0	113.0	85.0	843.0	912.0	551.0	510.0	27.7	19.2	31.7	28.6
2015-04-21	1742.0	146.0	85.0	877.0	958.0	571.0	551.0	26.7	17.4	31.1	27.6
2015-04-28	1858.0	131.0	85.0	964.0	959.0	615.0	666.0	26.9	14.7	29.5	23.0
2015-06-23	1837.0	121.0	57.0	990.0	1142.0	616.0	528.0	17.6	14.5	20.4	21.2
2017-01-24	2300.0	233.0	85.0	1233.0	1309.0	502.0	574.0	16.6	13.6	22.5	18.0
2017-01-31	2433.0	256.0	84.0	1199.0	1311.0	651.0	711.0	16.4	12.8	19.8	16.4
