2009-06-23	493528.0	15840.0	23440.0	462168.0	454568.0	0.0	0.0	67.7	93.7	87.4	96.9
2009-06-30	540008.0	15840.0	23440.0	508648.0	501048.0	0.0	0.0	63.3	94.2	87.0	97.1
2009-07-07	527160.0	15840.0	23440.0	495800.0	488200.0	0.0	0.0	62.4	94.1	86.8	97.1
2009-07-14	539584.0	15840.0	23440.0	508224.0	500624.0	0.0	0.0	60.9	94.2	84.8	95.7
2009-07-21	539584.0	15840.0	23440.0	508224.0	500624.0	0.0	0.0	60.9	94.2	84.8	95.7
2009-07-28	539584.0	15840.0	23440.0	508224.0	500624.0	0.0	0.0	60.9	94.2	84.8	95.7
2009-08-04	490328.0	4080.0	19200.0	474008.0	458888.0	0.0	0.0	63.6	95.2	88.3	96.7
2009-08-11	521708.0	4080.0	19200.0	505388.0	490268.0	0.0	0.0	59.8	95.5	85.3	96.9
2009-08-18	521708.0	4080.0	19200.0	505388.0	490268.0	0.0	0.0	59.8	95.5	85.3	96.9
2009-08-25	521708.0	4080.0	19200.0	505388.0	490268.0	0.0	0.0	59.8	95.5	85.3	96.9
2009-10-20	843851.0	0.0	31040.0	843851.0	812811.0	0.0	0.0	58.5	76.7	75.2	80.4
2009-10-27	890731.0	0.0	31040.0	890731.0	859691.0	0.0	0.0	60.2	77.5	76.0	81.0
2009-11-03	858979.0	0.0	31040.0	858979.0	827939.0	0.0	0.0	61.5	76.9	76.3	81.2
2009-11-09	882419.0	0.0	31040.0	882419.0	851379.0	0.0	0.0	59.9	77.3	76.8	81.7
2009-11-17	886299.0	0.0	31040.0	886299.0	855259.0	0.0	0.0	59.7	77.4	76.5	81.8
2009-11-24	886299.0	0.0	31040.0	886299.0	855259.0	0.0	0.0	59.7	76.1	76.5	80.5
2009-12-01	855778.0	0.0	31040.0	855778.0	824738.0	0.0	0.0	60.8	75.0	77.1	80.5
2009-12-08	855778.0	0.0	31040.0	855778.0	824738.0	0.0	0.0	60.8	75.0	77.1	80.5
2009-12-15	867448.0	0.0	31040.0	855778.0	824738.0	11670.0	11670.0	60.0	74.9	76.1	79.4
2009-12-22	855778.0	0.0	31040.0	855778.0	824738.0	0.0	0.0	60.8	76.0	77.1	80.5
2009-12-29	855778.0	0.0	31040.0	855778.0	824738.0	0.0	0.0	60.8	76.0	77.1	80.5
2010-01-05	822066.0	0.0	31040.0	822066.0	791026.0	0.0	0.0	62.4	76.2	77.7	80.9
2010-01-12	822066.0	0.0	34560.0	822066.0	787506.0	0.0	0.0	62.4	75.7	77.7	80.9
2010-01-19	822066.0	0.0	31040.0	822066.0	791026.0	0.0	0.0	62.4	75.7	77.7	80.4
2010-01-26	833736.0	0.0	31040.0	833736.0	802696.0	0.0	0.0	61.5	73.3	75.4	77.9
2010-02-02	775528.0	0.0	14080.0	775528.0	761448.0	0.0	0.0	65.0	77.2	78.0	80.0
2010-02-09	775528.0	0.0	14080.0	775528.0	761448.0	0.0	0.0	65.0	77.2	78.0	80.0
2010-02-16	775528.0	0.0	14080.0	775528.0	761448.0	0.0	0.0	65.0	77.2	78.0	80.0
2010-02-23	876248.0	0.0	14080.0	876248.0	862168.0	0.0	0.0	66.4	80.9	80.0	83.0
