2009-06-23	42382.0	1313.0	4285.0	39601.0	37500.0	1426.0	555.0	68.1	80.4	85.0	91.0
2009-06-30	42382.0	1313.0	4285.0	40876.0	37500.0	151.0	555.0	68.6	80.4	85.0	89.7
2009-07-21	42623.0	38.0	3855.0	42414.0	38215.0	129.0	511.0	67.7	77.6	82.9	89.7
2009-07-28	43430.0	38.0	3855.0	43179.0	39022.0	171.0	511.0	66.5	76.2	82.9	88.0
2009-08-04	41321.0	38.0	3510.0	41093.0	37084.0	148.0	685.0	66.1	75.8	82.1	87.1
2009-08-11	41321.0	38.0	3510.0	41093.0	37304.0	148.0	465.0	66.1	75.8	82.1	87.1
2009-08-18	45146.0	38.0	3510.0	44808.0	41129.0	258.0	465.0	54.9	69.4	75.3	82.1
2009-08-25	45146.0	38.0	3510.0	44918.0	41129.0	148.0	465.0	54.9	69.4	75.5	82.1
2009-09-01	44642.0	38.0	3195.0	44477.0	40982.0	85.0	423.0	53.9	66.5	73.1	80.4
2009-09-08	44642.0	38.0	3195.0	44477.0	40982.0	85.0	423.0	53.9	66.5	73.1	80.4
2009-09-15	47002.0	38.0	3195.0	46837.0	43342.0	85.0	423.0	51.2	65.5	69.4	78.6
2009-09-22	48788.0	38.0	3195.0	48623.0	45062.0	85.0	489.0	49.3	62.0	66.8	76.8
2009-09-29	48788.0	38.0	3195.0	48623.0	45062.0	85.0	489.0	49.3	62.0	66.8	76.8
2009-10-06	45197.0	80.0	3090.0	45053.0	41639.0	64.0	468.0	50.0	65.3	69.8	78.6
2009-10-13	45197.0	80.0	3090.0	45053.0	41639.0	64.0	468.0	50.0	65.3	69.8	78.6
2009-10-20	63608.0	80.0	3090.0	63464.0	60050.0	64.0	468.0	55.7	71.4	71.8	84.1
2009-10-27	63204.0	80.0	3090.0	63060.0	59646.0	64.0	468.0	56.0	70.0	72.2	82.6
2009-11-03	61448.0	80.0	3090.0	61326.0	57912.0	42.0	446.0	56.2	68.8	72.7	81.2
2009-11-09	62213.0	80.0	3090.0	62091.0	58677.0	42.0	446.0	55.5	67.9	71.8	80.2
2009-11-17	62213.0	80.0	3090.0	62091.0	58677.0	42.0	446.0	55.5	67.9	71.8	80.2
2009-11-24	62213.0	80.0	3090.0	62091.0	58677.0	42.0	446.0	55.5	67.9	71.8	80.2
2009-12-01	62493.0	80.0	3090.0	62391.0	58977.0	22.0	426.0	52.0	66.4	67.7	77.8
2009-12-08	62493.0	80.0	3090.0	62391.0	58977.0	22.0	426.0	52.0	66.4	67.7	77.8
2009-12-15	62708.0	80.0	3090.0	62606.0	59192.0	22.0	426.0	51.8	66.2	67.4	77.9
2009-12-22	63218.0	80.0	3090.0	63116.0	59702.0	22.0	426.0	51.4	65.6	67.1	77.3
2009-12-29	63318.0	80.0	3090.0	63216.0	59972.0	22.0	256.0	51.3	65.5	67.0	77.1
2010-01-05	61096.0	80.0	3090.0	61016.0	57750.0	0.0	256.0	51.7	66.8	68.7	77.4
2010-01-12	61096.0	80.0	3090.0	61016.0	57750.0	0.0	256.0	51.7	66.8	68.7	77.4
2010-01-19	61096.0	80.0	3090.0	61016.0	57750.0	0.0	256.0	51.7	66.8	68.7	77.4
2010-01-26	62371.0	80.0	3090.0	59741.0	59025.0	2550.0	256.0	50.6	65.4	66.9	76.3
2010-02-02	62718.0	40.0	2990.0	60128.0	59600.0	2550.0	128.0	49.9	64.7	65.7	76.3
2010-02-09	62833.0	40.0	2990.0	60128.0	59715.0	2665.0	128.0	49.8	64.6	65.6	76.1
2010-02-16	64470.0	40.0	2990.0	61765.0	61352.0	2665.0	128.0	48.5	58.3	63.9	72.9
2010-02-23	65745.0	40.0	2990.0	63040.0	62627.0	2665.0	128.0	47.6	57.2	62.7	70.0
2010-03-02	63505.0	0.0	2890.0	63505.0	60507.0	0.0	108.0	46.7	56.9	64.2	69.4
2010-03-09	65100.0	0.0	2890.0	65100.0	62102.0	0.0	108.0	45.6	53.6	63.1	66.2
2010-03-16	66375.0	0.0	2890.0	66375.0	63377.0	0.0	108.0	44.7	52.6	62.2	65.1
2010-03-23	65100.0	0.0	2890.0	65100.0	62102.0	0.0	108.0	45.6	53.6	63.4	66.2
2010-03-30	65100.0	0.0	2890.0	65100.0	62102.0	0.0	108.0	45.6	53.6	63.4	65.5
2010-04-06	62432.0	0.0	2775.0	62432.0	59572.0	0.0	85.0	45.6	54.2	62.6	64.6
2010-04-13	62432.0	0.0	2775.0	62432.0	59572.0	0.0	85.0	45.6	54.2	62.6	64.6
2010-04-20	63882.0	0.0	2775.0	63882.0	61107.0	0.0	0.0	44.6	54.5	61.2	64.8
2010-04-27	63882.0	0.0	2775.0	63882.0	61107.0	0.0	0.0	44.6	54.5	61.2	64.8
2010-05-04	61220.0	0.0	2665.0	61220.0	58555.0	0.0	0.0	44.7	55.4	60.6	64.4
2010-05-11	61220.0	0.0	2665.0	61220.0	58555.0	0.0	0.0	44.7	55.4	60.6	64.4
2010-05-18	61865.0	0.0	2665.0	61865.0	59200.0	0.0	0.0	45.3	54.9	61.0	64.6
2010-05-25	61865.0	0.0	2665.0	61865.0	59200.0	0.0	0.0	45.0	55.7	58.9	65.5
2010-06-01	59445.0	0.0	2565.0	59445.0	56880.0	0.0	0.0	40.7	56.6	56.6	64.8
2010-06-08	59975.0	0.0	2565.0	59975.0	57410.0	0.0	0.0	40.3	56.1	56.1	64.2
2010-06-15	59975.0	0.0	2565.0	59975.0	57410.0	0.0	0.0	40.3	56.1	56.1	64.2
2010-06-22	59975.0	0.0	2565.0	59975.0	57410.0	0.0	0.0	40.3	56.1	56.1	64.2
2010-06-29	60421.0	0.0	2565.0	60421.0	57856.0	0.0	0.0	40.0	56.5	55.7	64.8
2010-07-06	57754.0	0.0	2455.0	57754.0	55299.0	0.0	0.0	39.6	56.0	55.4	63.6
2010-07-13	58009.0	0.0	2455.0	58009.0	55299.0	0.0	255.0	39.4	55.7	55.2	62.9
2010-07-20	68114.0	0.0	2455.0	68114.0	65404.0	0.0	255.0	40.7	47.9	51.7	56.1
2010-07-27	70379.0	1275.0	2455.0	69104.0	67669.0	0.0	255.0	39.4	46.4	50.1	54.3
2010-08-03	67197.0	1275.0	2350.0	65922.0	64592.0	0.0	255.0	40.1	46.2	51.2	54.2
2010-08-10	64004.0	1275.0	2350.0	62729.0	61399.0	0.0	255.0	42.1	48.5	53.8	57.3
2010-08-17	63689.0	1275.0	2350.0	62414.0	61084.0	0.0	255.0	42.3	48.8	54.0	57.6
2010-08-24	63899.0	1275.0	2350.0	62624.0	61294.0	0.0	255.0	42.0	48.6	53.7	57.4
2010-08-31	63920.0	1275.0	2350.0	62645.0	61315.0	0.0	255.0	42.0	48.6	53.7	57.7
2010-09-07	59256.0	1275.0	2240.0	57981.0	56761.0	0.0	255.0	44.2	51.2	56.4	60.9
2010-09-14	60776.0	1275.0	2240.0	59501.0	58281.0	0.0	255.0	43.1	49.9	55.6	58.5
2010-09-21	61031.0	1275.0	2240.0	59501.0	58536.0	255.0	255.0	42.9	49.7	54.8	58.7
2010-09-28	61262.0	1380.0	2240.0	59627.0	58767.0	255.0	255.0	42.4	49.5	54.4	58.5
2010-10-05	58304.0	1380.0	2135.0	56669.0	55914.0	255.0	255.0	43.8	50.5	55.9	59.4
2010-10-12	58304.0	1380.0	2135.0	56669.0	55914.0	255.0	255.0	43.8	50.5	55.9	59.4
2010-10-19	62426.0	1380.0	4685.0	61046.0	57486.0	0.0	255.0	40.9	49.7	54.6	60.9
2010-10-26	62278.0	1527.0	2135.0	60751.0	59888.0	0.0	255.0	43.1	51.8	56.5	60.5
2010-11-02	59635.0	1422.0	2030.0	58213.0	57350.0	0.0	255.0	44.8	53.1	57.6	62.3
2010-11-09	62175.0	1642.0	2030.0	60533.0	59890.0	0.0	255.0	43.0	55.0	55.2	64.6
2010-11-16	62201.0	1642.0	2125.0	60559.0	59821.0	0.0	255.0	42.9	55.0	55.1	64.7
2010-11-23	62394.0	1642.0	1725.0	60620.0	60052.0	0.0	485.0	42.9	54.0	56.6	63.1
2010-11-30	62990.0	2102.0	1820.0	60756.0	60553.0	0.0	485.0	42.6	53.5	56.1	62.5
2010-12-07	60393.0	3558.0	1715.0	56703.0	57806.0	0.0	740.0	46.9	57.7	59.9	70.2
2010-12-14	63066.0	3558.0	1715.0	58101.0	59689.0	0.0	255.0	45.0	55.1	58.3	67.1
2010-12-21	64327.0	5458.0	1715.0	58737.0	62225.0	0.0	255.0	44.1	54.0	58.3	65.8
2010-12-28	64327.0	5458.0	1715.0	58737.0	62225.0	0.0	255.0	44.1	54.0	58.3	65.8
2011-01-04	60660.0	5208.0	1600.0	55320.0	58418.0	0.0	510.0	46.7	58.9	61.4	70.1
2011-01-11	60660.0	5208.0	1600.0	55320.0	58418.0	0.0	510.0	46.7	62.2	61.4	71.3
2011-01-18	60660.0	5208.0	1600.0	55320.0	58418.0	0.0	510.0	49.2	62.2	63.8	71.3
2011-01-25	62060.0	5208.0	1600.0	56720.0	59818.0	0.0	510.0	50.7	60.8	65.0	70.8
2011-02-01	60653.0	6030.0	1600.0	54491.0	58411.0	0.0	510.0	49.3	60.0	63.2	70.5
2011-02-08	60653.0	6030.0	1600.0	54491.0	58411.0	0.0	510.0	49.3	60.0	63.2	70.5
2011-02-15	61163.0	6030.0	1600.0	55001.0	58921.0	0.0	510.0	47.7	59.5	62.7	69.9
2011-02-22	61871.0	6030.0	1600.0	55709.0	59629.0	0.0	510.0	47.1	58.8	62.1	69.8
2011-03-01	56406.0	4670.0	1600.0	51604.0	54164.0	0.0	510.0	45.2	59.5	58.1	67.9
2011-03-08	56449.0	4670.0	1600.0	51647.0	54207.0	0.0	510.0	45.1	59.9	58.0	68.3
2011-03-15	56491.0	4670.0	1600.0	51689.0	54249.0	0.0	510.0	45.1	59.8	58.0	68.2
2011-03-22	56491.0	4670.0	1600.0	51689.0	54249.0	0.0	510.0	45.1	59.8	58.0	68.2
2011-03-29	56491.0	4670.0	1600.0	51689.0	54504.0	0.0	255.0	45.1	59.8	58.0	68.2
2011-04-05	52558.0	4555.0	1485.0	47871.0	50686.0	0.0	255.0	44.9	59.1	58.1	69.1
2011-04-12	52558.0	4555.0	1485.0	47871.0	50686.0	0.0	255.0	44.9	59.1	58.1	69.1
2011-04-19	52558.0	4555.0	1485.0	47871.0	50686.0	0.0	255.0	44.9	59.1	58.1	69.1
2011-04-26	52558.0	4555.0	1485.0	47871.0	50686.0	0.0	255.0	44.9	59.1	58.1	69.1
2011-05-03	49450.0	4450.0	1380.0	44868.0	47683.0	0.0	255.0	44.3	57.5	57.7	68.1
2011-05-10	49450.0	4450.0	1380.0	44868.0	47683.0	0.0	255.0	44.3	57.5	57.7	68.1
2011-05-17	49660.0	4450.0	1380.0	45078.0	48148.0	0.0	0.0	44.1	57.2	57.4	67.9
2011-05-24	49660.0	4450.0	1380.0	45078.0	48148.0	0.0	0.0	44.1	57.2	57.4	67.9
2011-05-31	50445.0	4235.0	2010.0	45863.0	48088.0	0.0	0.0	43.4	56.1	56.1	66.3
2011-06-07	47379.0	4235.0	1968.0	42797.0	45064.0	0.0	0.0	42.9	55.2	55.7	65.4
2011-06-14	47479.0	4235.0	1968.0	42897.0	45164.0	0.0	0.0	42.8	55.1	55.5	65.5
2011-06-21	48368.0	3346.0	1968.0	43763.0	45164.0	23.0	0.0	43.8	54.1	55.5	64.4
2011-06-28	49448.0	3346.0	1968.0	44823.0	46244.0	43.0	0.0	43.0	54.9	54.4	65.5
2011-07-05	48870.0	3346.0	1858.0	44245.0	45776.0	43.0	0.0	43.1	57.3	59.1	68.9
2011-07-12	48615.0	3346.0	1858.0	43990.0	45521.0	43.0	0.0	43.4	57.6	59.4	68.7
2011-07-19	48615.0	3346.0	1858.0	43990.0	45521.0	43.0	0.0	43.4	57.6	59.4	68.7
2011-07-26	48615.0	3392.0	1858.0	43990.0	45567.0	43.0	0.0	43.4	57.6	59.4	68.7
2011-08-02	45855.0	3632.0	1758.0	41250.0	43147.0	23.0	0.0	44.1	58.4	59.4	69.6
2011-08-09	45855.0	3002.0	1758.0	41250.0	42517.0	23.0	0.0	44.1	58.4	59.4	69.2
2011-08-16	45939.0	3002.0	1842.0	41334.0	42517.0	23.0	0.0	44.0	58.3	59.3	69.2
2011-08-23	45981.0	3002.0	1842.0	41376.0	42559.0	23.0	0.0	43.9	58.2	59.2	69.1
2011-08-30	45981.0	3002.0	1842.0	41376.0	42559.0	23.0	0.0	43.9	58.2	59.2	69.1
2011-09-06	42991.0	3232.0	1727.0	38409.0	39914.0	0.0	0.0	44.6	59.0	59.1	70.2
2011-09-13	42991.0	3232.0	1727.0	38409.0	39914.0	0.0	0.0	44.6	59.0	59.1	70.2
2011-09-20	43186.0	3232.0	1727.0	38604.0	40109.0	0.0	0.0	45.0	58.7	58.8	69.9
2011-09-27	43696.0	3232.0	1727.0	39114.0	40619.0	0.0	0.0	44.5	59.2	59.3	70.2
2011-10-04	44515.0	3379.0	1538.0	39933.0	41774.0	0.0	0.0	41.8	55.2	58.6	68.8
2011-10-11	44515.0	3379.0	1538.0	39933.0	41774.0	0.0	0.0	41.8	55.2	58.6	68.8
2011-10-18	44515.0	3379.0	1538.0	39933.0	41774.0	0.0	0.0	41.8	55.2	58.6	68.8
2011-10-25	44746.0	3889.0	1538.0	39654.0	42005.0	0.0	0.0	41.6	55.1	59.1	67.5
2011-11-01	45736.0	2004.0	1223.0	43054.0	43835.0	0.0	0.0	39.1	50.9	59.1	66.5
2011-11-15	48295.0	1275.0	3044.0	45613.0	43844.0	0.0	0.0	37.0	48.2	56.2	63.9
2011-11-22	52727.0	1275.0	1894.0	49405.0	48786.0	0.0	0.0	38.7	47.0	56.1	62.8
2011-11-29	51393.0	1275.0	2404.0	48071.0	46942.0	0.0	0.0	39.7	46.6	56.6	62.9
2011-12-06	49104.0	1579.0	824.0	44507.0	45262.0	0.0	0.0	41.3	49.2	60.3	69.7
2011-12-13	60235.0	3489.0	3239.0	48223.0	48473.0	0.0	0.0	34.1	43.6	50.8	63.0
2011-12-20	61426.0	3489.0	3239.0	49414.0	49664.0	0.0	0.0	34.5	43.1	51.9	62.2
2011-12-27	62701.0	4764.0	4514.0	49414.0	49664.0	0.0	0.0	33.8	42.2	52.6	63.0
2012-01-03	60118.0	5100.0	4283.0	46831.0	47393.0	0.0	255.0	34.0	43.1	54.0	63.3
2012-01-10	60118.0	5100.0	4283.0	46831.0	47393.0	0.0	255.0	34.0	43.1	54.0	63.3
2012-01-17	60886.0	5100.0	4283.0	47599.0	48161.0	0.0	255.0	33.6	42.6	53.3	63.8
2012-01-24	68536.0	2550.0	4283.0	55249.0	53261.0	0.0	255.0	28.7	41.5	44.7	58.9
2012-01-31	73381.0	2550.0	4283.0	60094.0	58106.0	0.0	255.0	27.8	41.1	44.6	59.9
2012-02-07	70441.0	2445.0	3968.0	57259.0	55481.0	0.0	255.0	27.9	41.6	43.8	59.8
2012-02-14	70441.0	4995.0	3968.0	57259.0	58031.0	0.0	255.0	27.9	41.6	45.7	59.8
2012-02-21	70651.0	4995.0	3968.0	57469.0	58241.0	0.0	255.0	27.8	41.5	45.6	59.7
2012-02-28	70461.0	4995.0	3778.0	57279.0	58241.0	0.0	255.0	27.9	41.6	45.4	59.8
2012-03-06	68269.0	4952.0	3525.0	55192.0	56364.0	0.0	255.0	27.0	41.7	44.2	58.8
2012-03-13	68269.0	4952.0	3525.0	55192.0	56364.0	0.0	255.0	27.0	41.7	44.2	58.8
2012-03-20	68269.0	4952.0	3525.0	55192.0	56364.0	0.0	255.0	27.0	41.7	44.2	58.8
2012-03-27	68269.0	4952.0	3525.0	55192.0	56364.0	0.0	255.0	27.0	41.7	44.2	58.8
2012-04-03	65045.0	4952.0	3305.0	52078.0	53725.0	0.0	0.0	27.6	42.2	44.7	57.5
2012-04-10	65045.0	4952.0	3305.0	52078.0	53725.0	0.0	0.0	27.6	42.2	44.7	57.5
2012-04-17	65555.0	4952.0	3305.0	52588.0	54235.0	0.0	0.0	27.4	41.8	43.0	57.1
2012-04-24	65775.0	4952.0	3305.0	52808.0	54455.0	0.0	0.0	27.3	41.7	42.9	56.9
2012-05-01	64787.0	5692.0	3095.0	51185.0	53782.0	0.0	0.0	27.1	40.1	42.6	56.9
2012-05-08	67337.0	5692.0	3095.0	53735.0	56332.0	0.0	0.0	26.5	38.6	44.4	54.7
2012-05-15	67337.0	5692.0	3095.0	53735.0	56332.0	0.0	0.0	26.5	38.6	44.4	54.7
2012-05-22	67592.0	5692.0	3095.0	53990.0	56587.0	0.0	0.0	26.4	38.4	44.2	54.5
2012-05-29	67592.0	5692.0	3095.0	53990.0	56587.0	0.0	0.0	26.4	38.4	44.2	54.5
2012-06-05	64768.0	5692.0	2875.0	51276.0	54093.0	0.0	0.0	27.4	37.8	43.7	54.5
2012-06-12	64768.0	5692.0	2875.0	51276.0	54093.0	0.0	0.0	26.5	37.1	42.6	53.3
2012-06-19	64916.0	5692.0	2875.0	51424.0	54241.0	0.0	0.0	26.5	37.0	41.3	53.2
2012-06-26	66446.0	5692.0	2875.0	52954.0	55771.0	0.0	0.0	25.9	37.5	40.3	54.6
2012-07-03	64136.0	5377.0	2665.0	50959.0	53671.0	0.0	0.0	26.2	38.3	40.7	55.3
2012-07-10	64176.0	5377.0	2235.0	50784.0	53671.0	0.0	255.0	26.2	38.3	40.7	54.6
2012-07-17	68271.0	5377.0	2235.0	54879.0	58021.0	0.0	0.0	25.4	37.9	41.0	54.9
2012-07-24	68271.0	5377.0	2235.0	54879.0	58021.0	0.0	0.0	25.4	38.6	41.0	54.9
2012-07-31	69661.0	4102.0	2235.0	56269.0	58136.0	0.0	0.0	26.0	37.8	40.2	53.8
2012-08-07	66043.0	3109.0	135.0	53644.0	56618.0	0.0	0.0	27.6	38.4	41.1	54.2
2012-08-14	66043.0	3109.0	135.0	53644.0	56618.0	0.0	0.0	27.6	34.6	41.1	51.2
2012-08-21	66043.0	3109.0	135.0	53644.0	56618.0	0.0	0.0	27.6	34.6	41.1	51.2
2012-08-28	66043.0	3109.0	135.0	53644.0	56618.0	0.0	0.0	27.6	34.6	41.1	51.2
2012-09-04	61709.0	1975.0	580.0	51794.0	53444.0	255.0	0.0	29.6	35.2	43.7	51.6
2012-09-11	62984.0	3945.0	0.0	51794.0	55994.0	255.0	0.0	29.0	38.2	43.1	54.5
2012-09-18	62984.0	3945.0	0.0	51794.0	55994.0	255.0	0.0	29.0	38.2	43.1	54.5
2012-09-25	62984.0	3945.0	0.0	51794.0	55994.0	255.0	0.0	29.0	38.2	43.1	54.5
2012-10-02	60297.0	5520.0	0.0	49622.0	55397.0	255.0	0.0	30.5	38.9	46.2	57.0
2012-10-09	60444.0	5520.0	0.0	49769.0	55544.0	255.0	0.0	30.7	38.8	46.5	57.2
2012-10-16	60564.0	5520.0	0.0	49889.0	55664.0	255.0	0.0	31.0	38.7	46.7	57.1
2012-10-23	61076.0	5520.0	0.0	50401.0	56176.0	255.0	0.0	30.7	38.4	46.3	57.5
2012-10-30	61116.0	5520.0	0.0	50441.0	56216.0	255.0	0.0	30.6	38.3	46.1	57.6
2012-11-06	57091.0	5635.0	0.0	47681.0	53571.0	255.0	0.0	32.9	41.0	51.1	61.4
2012-11-13	57091.0	5635.0	0.0	47681.0	53571.0	255.0	0.0	32.9	41.0	51.1	61.4
2012-11-20	57091.0	5635.0	0.0	47681.0	53571.0	255.0	0.0	32.9	41.0	51.1	61.4
2012-11-27	57856.0	5635.0	0.0	48446.0	54336.0	255.0	0.0	32.4	40.5	50.4	59.0
2012-12-04	54690.0	5530.0	0.0	46645.0	52430.0	255.0	0.0	35.7	42.8	54.8	61.5
2012-12-11	55200.0	5530.0	0.0	47155.0	52940.0	255.0	0.0	35.4	43.3	55.2	61.9
2012-12-18	55200.0	5530.0	0.0	47155.0	52940.0	255.0	0.0	35.4	43.3	55.2	61.9
2012-12-24	55200.0	5530.0	0.0	47155.0	52940.0	255.0	0.0	35.4	43.3	55.2	61.9
2012-12-31	55647.0	5530.0	381.0	47602.0	53006.0	255.0	0.0	35.1	42.9	55.4	61.4
2013-01-08	52287.0	6275.0	1226.0	45542.0	50846.0	255.0	0.0	39.3	45.6	60.6	64.3
2013-01-15	53562.0	7550.0	1226.0	45542.0	52121.0	255.0	0.0	40.7	46.9	61.5	66.4
2013-01-22	53562.0	7550.0	1226.0	45542.0	52121.0	255.0	0.0	40.7	46.9	61.5	66.4
2013-01-29	53622.0	7550.0	1226.0	45602.0	52181.0	255.0	0.0	40.7	46.9	61.5	66.3
2013-02-05	55584.0	7000.0	1116.0	48114.0	54253.0	255.0	0.0	38.1	50.1	62.3	71.3
2013-02-12	55584.0	7000.0	1116.0	48114.0	54253.0	255.0	0.0	38.1	50.1	62.3	71.3
2013-02-19	55584.0	7000.0	1116.0	48114.0	54253.0	255.0	0.0	38.1	50.1	62.3	71.3
2013-02-26	55263.0	6895.0	1116.0	47793.0	53827.0	255.0	0.0	38.1	50.4	62.5	71.7
2013-03-05	52723.0	6395.0	1016.0	45753.0	51387.0	255.0	0.0	39.8	51.3	63.8	73.8
2013-03-12	52723.0	6395.0	1016.0	45753.0	51387.0	255.0	0.0	39.8	51.3	63.8	73.8
2013-03-19	52723.0	6395.0	1016.0	45753.0	51387.0	255.0	0.0	39.8	51.3	63.8	73.8
2013-03-26	52723.0	6395.0	1016.0	45753.0	51387.0	255.0	0.0	39.8	51.3	63.8	73.8
2013-04-02	50419.0	5975.0	1121.0	44079.0	49188.0	255.0	0.0	41.6	52.3	65.2	75.2
2013-04-09	50931.0	5975.0	1121.0	44591.0	49700.0	255.0	0.0	41.2	49.9	64.6	70.2
2013-04-16	50931.0	5975.0	1121.0	44591.0	49700.0	255.0	0.0	41.2	47.4	62.1	67.7
2013-04-23	51189.0	5975.0	1445.0	44849.0	49634.0	255.0	0.0	41.0	46.5	62.0	66.7
2013-04-30	52139.0	5865.0	1445.0	45909.0	50584.0	255.0	0.0	40.4	45.6	61.0	65.5
2013-05-07	51387.0	5305.0	1555.0	44547.0	48552.0	255.0	0.0	40.8	45.1	60.1	64.7
2013-05-14	51562.0	5305.0	1555.0	44722.0	48727.0	255.0	0.0	40.7	44.9	59.9	64.5
2013-05-21	51562.0	5305.0	1555.0	44722.0	48727.0	255.0	0.0	40.7	44.9	62.4	64.5
2013-05-28	51562.0	5305.0	1555.0	44722.0	48727.0	255.0	0.0	40.7	44.9	62.4	64.5
2013-06-04	59860.0	7425.0	1445.0	44500.0	58415.0	7935.0	0.0	36.8	51.9	55.9	71.5
2013-06-11	59860.0	15105.0	1445.0	44500.0	58415.0	255.0	0.0	43.3	51.9	67.4	71.5
2013-06-18	60285.0	15215.0	1445.0	44815.0	58840.0	255.0	0.0	42.9	53.6	65.2	73.1
2013-06-25	62926.0	15325.0	1445.0	47346.0	61481.0	255.0	0.0	43.2	50.5	64.5	72.4
2013-07-02	61901.0	13330.0	1345.0	47041.0	59153.0	255.0	128.0	41.2	46.2	61.9	69.2
2013-07-09	61732.0	13330.0	1345.0	46872.0	58984.0	255.0	128.0	41.3	47.9	62.0	70.3
2013-07-16	67535.0	13330.0	1345.0	52675.0	64787.0	255.0	128.0	39.3	51.4	60.0	68.2
2013-07-23	68300.0	13330.0	1345.0	53440.0	65552.0	255.0	128.0	38.8	50.8	60.4	67.5
2013-07-30	70038.0	15090.0	1345.0	53418.0	67290.0	255.0	128.0	40.4	49.6	60.0	65.8
2013-08-06	68563.0	14540.0	1169.0	52493.0	66013.0	255.0	106.0	40.6	50.5	59.7	65.3
2013-08-13	70048.0	13265.0	1169.0	53768.0	66223.0	465.0	106.0	37.9	49.4	56.8	63.9
2013-08-20	70048.0	13265.0	1169.0	53978.0	66223.0	255.0	106.0	37.9	49.4	56.8	63.9
2013-08-27	70048.0	13265.0	1169.0	53978.0	66223.0	255.0	106.0	37.9	49.4	56.8	63.9
2013-09-03	67181.0	12230.0	2013.0	52146.0	62279.0	0.0	84.0	39.1	50.5	59.1	65.8
2013-09-10	68500.0	4550.0	2013.0	61145.0	63598.0	0.0	84.0	39.4	49.6	59.1	65.1
2013-09-17	68820.0	4550.0	2013.0	61465.0	63918.0	0.0	84.0	39.2	48.9	58.8	64.3
2013-09-24	72650.0	4550.0	2013.0	65295.0	67748.0	0.0	84.0	37.2	44.5	57.4	63.9
2013-10-01	72240.0	4050.0	1913.0	65385.0	67458.0	0.0	64.0	37.4	43.9	57.2	63.4
2013-10-08	72340.0	4050.0	1913.0	65485.0	67558.0	0.0	64.0	37.3	43.8	57.1	63.5
2013-10-15	73234.0	4752.0	1340.0	65485.0	68833.0	0.0	64.0	36.9	43.3	56.4	64.5
2013-10-22	82154.0	4752.0	1340.0	74405.0	77753.0	0.0	64.0	34.9	43.2	53.4	63.2
2013-10-29	95149.0	4752.0	1340.0	87400.0	90748.0	0.0	64.0	39.1	45.6	58.1	68.0
2013-11-05	99133.0	10396.0	1225.0	85809.0	94939.0	0.0	41.0	39.7	48.6	61.3	71.0
2013-11-12	99343.0	10396.0	1435.0	86019.0	94939.0	0.0	41.0	39.6	48.5	61.1	70.9
2013-11-19	99343.0	10396.0	1435.0	86019.0	94939.0	0.0	41.0	39.6	48.5	61.1	70.9
2013-11-26	100448.0	9625.0	1435.0	88018.0	96167.0	0.0	41.0	36.7	50.8	57.9	72.1
2013-12-03	98148.0	8925.0	1335.0	86418.0	93987.0	0.0	21.0	36.7	51.5	58.5	73.1
2013-12-10	98548.0	8925.0	1335.0	86818.0	94387.0	0.0	21.0	36.6	51.7	58.6	73.2
2013-12-17	105153.0	8925.0	1335.0	93423.0	100992.0	0.0	21.0	42.8	48.4	62.2	69.5
2013-12-24	104628.0	8925.0	1335.0	92898.0	100467.0	0.0	21.0	41.6	48.6	61.2	69.8
2014-01-07	100788.0	8190.0	1020.0	89539.0	96963.0	254.0	0.0	42.3	47.3	60.3	69.3
2014-01-14	105129.0	8290.0	1020.0	93880.0	101404.0	254.0	0.0	43.1	44.2	61.1	67.2
2014-01-21	105129.0	8290.0	1020.0	93880.0	101404.0	254.0	0.0	43.1	44.2	61.1	67.2
2014-01-28	107085.0	8290.0	1020.0	95836.0	103360.0	254.0	0.0	43.5	44.5	61.2	67.0
2014-02-04	109409.0	8290.0	1042.0	98402.0	105904.0	254.0	0.0	43.8	47.6	64.4	68.9
2014-02-11	141708.0	8395.0	1147.0	130596.0	138098.0	254.0	0.0	24.6	26.2	39.2	42.3
2014-02-18	153951.0	8395.0	1147.0	142839.0	150341.0	254.0	0.0	22.7	22.2	33.7	35.1
2014-02-25	153527.0	8395.0	1042.0	142415.0	150022.0	254.0	0.0	22.7	23.1	34.6	35.8
2014-03-04	150388.0	8295.0	1062.0	139496.0	146983.0	254.0	0.0	23.0	22.9	34.5	35.7
2014-03-11	151023.0	8190.0	1062.0	140236.0	147618.0	254.0	0.0	23.0	23.0	35.6	35.6
2014-03-18	151254.0	8295.0	1062.0	140362.0	147849.0	254.0	0.0	23.0	23.0	35.6	35.5
2014-03-25	151359.0	8295.0	1062.0	140467.0	147954.0	254.0	0.0	23.0	23.0	35.6	35.5
2014-04-01	147906.0	8190.0	1083.0	137350.0	144711.0	254.0	0.0	23.7	23.7	36.6	36.2
2014-04-08	149376.0	8190.0	1083.0	138820.0	146181.0	254.0	0.0	23.5	23.4	36.2	34.8
2014-04-15	148096.0	8190.0	1083.0	137540.0	144901.0	254.0	0.0	23.7	23.6	36.6	35.0
2014-04-22	148096.0	8190.0	1083.0	137540.0	144901.0	254.0	0.0	23.7	23.6	36.6	35.0
2014-04-29	147676.0	8190.0	1083.0	137120.0	144481.0	254.0	0.0	23.7	23.6	36.7	35.1
2014-05-06	148007.0	7870.0	1105.0	137693.0	144712.0	254.0	0.0	23.3	25.7	35.7	36.8
2014-05-13	150007.0	7870.0	1105.0	139693.0	146712.0	254.0	0.0	22.2	25.4	34.4	36.4
2014-05-20	150007.0	7870.0	1105.0	139693.0	146712.0	254.0	0.0	22.2	25.4	34.4	36.4
2014-05-27	150007.0	7870.0	1105.0	139693.0	146712.0	254.0	0.0	22.2	25.4	34.4	36.4
2014-06-03	146379.0	2565.0	1126.0	138846.0	140539.0	254.0	0.0	22.3	26.2	33.5	37.2
2014-06-10	148427.0	2565.0	2918.0	140894.0	140539.0	254.0	256.0	22.0	25.9	33.0	35.3
2014-06-17	153527.0	2565.0	2918.0	145994.0	145639.0	254.0	256.0	21.3	22.2	31.9	31.4
2014-06-24	150997.0	2565.0	2918.0	143464.0	143109.0	254.0	256.0	26.6	25.3	38.0	37.3
2014-07-01	153100.0	3950.0	8827.0	144413.0	139790.0	254.0	0.0	25.5	25.7	37.1	38.6
2014-07-08	153100.0	3950.0	8827.0	144413.0	139790.0	254.0	0.0	25.5	25.7	37.1	38.6
2014-07-15	153100.0	3950.0	8827.0	144413.0	139790.0	254.0	0.0	25.6	25.7	37.3	38.6
2014-07-22	149180.0	3950.0	8827.0	140493.0	135870.0	254.0	0.0	26.3	26.4	38.1	37.6
2014-07-29	146680.0	3950.0	8827.0	137993.0	133370.0	254.0	0.0	38.4	52.9	57.0	62.2
2014-08-05	165236.0	4170.0	8849.0	156681.0	152256.0	254.0	0.0	33.1	46.2	50.1	55.3
2014-08-12	165236.0	4170.0	8849.0	156681.0	152256.0	254.0	0.0	33.1	46.2	50.1	55.3
2014-08-19	165236.0	4170.0	8849.0	156681.0	152256.0	254.0	0.0	33.1	46.2	50.1	55.3
2014-08-26	165446.0	4170.0	8849.0	156891.0	152466.0	254.0	0.0	32.9	46.2	49.9	55.3
2014-09-02	161057.0	4380.0	8870.0	152628.0	148392.0	254.0	0.0	32.6	46.2	50.0	55.4
2014-09-09	161057.0	4380.0	8870.0	152628.0	148392.0	254.0	0.0	32.6	46.2	50.0	55.4
2014-09-16	158241.0	4380.0	7846.0	149812.0	146600.0	254.0	0.0	33.2	46.3	50.2	55.4
2014-09-23	156732.0	4380.0	7846.0	148557.0	145091.0	0.0	0.0	36.0	45.4	52.9	54.5
2014-09-30	151356.0	4380.0	1190.0	143181.0	146371.0	0.0	0.0	34.1	45.4	50.3	52.9
2014-10-07	154864.0	4485.0	1211.0	146815.0	150089.0	0.0	0.0	33.1	43.6	48.9	50.9
2014-10-14	154864.0	4485.0	1211.0	146815.0	150089.0	0.0	0.0	33.1	43.6	48.9	50.9
2014-10-21	156144.0	4485.0	2491.0	148095.0	150089.0	0.0	0.0	33.6	43.3	49.3	51.3
2014-10-28	156144.0	4485.0	2491.0	148095.0	150089.0	0.0	0.0	33.6	43.3	49.3	51.3
2014-11-04	150164.0	4255.0	2514.0	142713.0	144454.0	0.0	0.0	33.9	44.0	49.7	51.1
2014-11-11	150164.0	4255.0	2514.0	142713.0	144454.0	0.0	0.0	33.9	44.0	49.7	51.1
2014-11-18	150164.0	4255.0	2514.0	142713.0	144454.0	0.0	0.0	33.9	44.0	49.7	51.1
2014-11-25	150604.0	4255.0	2514.0	143153.0	144894.0	0.0	0.0	32.2	43.9	48.0	50.2
2014-12-02	145930.0	4065.0	2533.0	138973.0	140505.0	0.0	0.0	32.6	44.5	48.7	51.1
2014-12-09	145930.0	4065.0	2533.0	138973.0	140505.0	0.0	0.0	32.6	44.5	48.7	51.1
2014-12-16	146350.0	5345.0	2533.0	138113.0	140925.0	0.0	0.0	32.5	45.0	48.6	51.8
2014-12-23	146350.0	5345.0	2533.0	138113.0	140925.0	0.0	0.0	32.5	45.0	48.6	51.8
2014-12-30	146350.0	4065.0	2533.0	139393.0	140925.0	0.0	0.0	32.5	45.0	49.4	51.8
2015-01-06	142148.0	3845.0	2555.0	135763.0	137053.0	0.0	0.0	32.9	45.7	50.1	52.8
2015-01-13	142148.0	3845.0	2555.0	135763.0	137053.0	0.0	0.0	32.9	45.7	50.1	52.8
2015-01-20	142148.0	3845.0	2555.0	135763.0	137053.0	0.0	0.0	32.9	45.7	50.1	52.8
2015-01-27	142148.0	3845.0	2555.0	135763.0	137053.0	0.0	0.0	32.9	45.7	50.1	52.8
2015-02-03	138704.0	3635.0	2450.0	132529.0	133714.0	0.0	0.0	33.1	46.6	50.0	53.1
2015-02-10	138704.0	3635.0	2450.0	132529.0	133714.0	0.0	0.0	33.1	46.6	50.0	53.1
2015-02-17	138704.0	3635.0	2450.0	132529.0	133714.0	0.0	0.0	33.1	46.6	50.0	53.1
2015-02-24	138704.0	3635.0	2450.0	132529.0	133714.0	0.0	0.0	33.1	46.6	50.0	53.1
2015-03-03	134984.0	3435.0	2350.0	129009.0	130094.0	0.0	0.0	33.4	46.9	50.2	53.0
2015-03-10	134984.0	3435.0	2350.0	129009.0	130094.0	0.0	0.0	33.4	46.9	50.2	53.0
2015-03-17	134984.0	3435.0	2350.0	129009.0	130094.0	0.0	0.0	33.4	46.9	50.2	53.0
2015-03-24	134984.0	3435.0	2350.0	129009.0	130094.0	0.0	0.0	33.4	46.9	50.2	53.0
2015-03-31	134984.0	3435.0	2350.0	129009.0	130094.0	0.0	0.0	33.4	46.9	50.2	53.0
2015-04-07	131376.0	3215.0	2240.0	125621.0	126596.0	0.0	0.0	33.9	47.1	50.1	53.1
2015-04-14	131376.0	3215.0	2240.0	125621.0	126596.0	0.0	0.0	33.9	47.1	50.1	53.1
2015-04-21	131376.0	3215.0	2240.0	125621.0	126596.0	0.0	0.0	33.9	47.1	50.1	53.1
2015-04-28	131376.0	3215.0	2240.0	125621.0	126596.0	0.0	0.0	33.9	47.1	50.1	53.1
2015-05-05	126228.0	2995.0	2130.0	120693.0	121558.0	0.0	0.0	35.3	47.9	50.7	53.8
2015-05-12	126228.0	2995.0	2130.0	120693.0	121558.0	0.0	0.0	35.3	47.9	50.7	53.8
2015-05-19	126228.0	2995.0	2130.0	120693.0	121558.0	0.0	0.0	35.3	47.9	50.7	53.8
2015-05-26	126228.0	2995.0	2130.0	120693.0	121558.0	0.0	0.0	35.3	47.9	50.7	53.8
2015-06-02	121548.0	2795.0	2030.0	116062.0	116978.0	151.0	0.0	36.7	48.7	51.4	54.4
2015-06-09	121548.0	2795.0	2030.0	116062.0	116978.0	151.0	0.0	36.7	48.7	51.4	54.4
2015-06-16	121548.0	2795.0	2030.0	116062.0	116978.0	151.0	0.0	36.7	48.7	51.4	54.4
2015-06-23	121548.0	2795.0	2030.0	116062.0	116978.0	151.0	0.0	36.7	48.7	51.4	54.4
2015-06-30	121548.0	2795.0	2030.0	116062.0	116978.0	151.0	0.0	36.7	48.7	51.4	54.4
2015-07-07	116950.0	2575.0	1920.0	111706.0	112490.0	129.0	0.0	38.6	49.5	52.7	55.1
2015-07-14	116950.0	2575.0	1920.0	111706.0	112490.0	129.0	0.0	38.6	49.5	52.7	55.1
2015-07-21	124830.0	7055.0	1920.0	115106.0	120370.0	129.0	0.0	35.4	49.1	50.1	54.3
2015-07-28	129090.0	7055.0	1920.0	119495.0	124630.0	0.0	0.0	34.2	45.6	46.4	50.7
2015-08-04	126511.0	6825.0	1805.0	117146.0	122166.0	0.0	0.0	35.2	44.5	45.9	49.4
2015-08-11	127719.0	6825.0	1805.0	118354.0	123374.0	0.0	0.0	36.0	44.1	46.6	49.6
2015-08-18	129016.0	6825.0	1805.0	119651.0	124671.0	0.0	0.0	35.8	42.9	46.2	48.9
2015-08-25	144027.0	10675.0	1805.0	129562.0	138432.0	0.0	0.0	37.5	44.2	49.5	50.5
2015-09-01	135965.0	10255.0	1595.0	121920.0	130580.0	0.0	0.0	42.6	48.1	54.1	54.7
2015-09-08	136475.0	10255.0	1595.0	122430.0	131090.0	0.0	0.0	43.3	46.3	54.8	54.6
2015-09-15	138448.0	10255.0	1595.0	124148.0	133063.0	255.0	0.0	41.4	45.4	52.9	53.9
2015-09-22	145910.0	10255.0	1595.0	131610.0	140525.0	255.0	0.0	37.5	43.3	50.4	51.6
2015-09-29	154424.0	10820.0	1595.0	140779.0	150259.0	255.0	0.0	36.3	44.0	50.0	51.7
2015-10-06	151349.0	10820.0	1485.0	137704.0	147294.0	255.0	0.0	38.5	47.1	51.6	54.5
2015-10-13	150099.0	10820.0	1485.0	136454.0	146044.0	255.0	0.0	38.4	46.5	51.7	54.9
2015-10-20	157674.0	10820.0	1485.0	144029.0	153619.0	255.0	0.0	38.1	49.1	52.0	56.2
2015-10-27	161389.0	10820.0	1485.0	147744.0	157334.0	255.0	0.0	48.7	59.3	62.3	66.3
2015-11-03	156047.0	10820.0	1385.0	142402.0	152092.0	255.0	0.0	49.1	59.2	62.0	66.4
2015-11-10	162437.0	10820.0	1385.0	148792.0	158482.0	255.0	0.0	47.9	58.5	61.9	65.4
2015-11-17	163912.0	10820.0	1385.0	150267.0	159957.0	255.0	0.0	48.3	59.5	62.2	66.3
2015-11-24	164297.0	10820.0	1385.0	150652.0	160342.0	255.0	0.0	47.7	58.7	60.1	65.5
2015-12-01	171291.0	17945.0	1275.0	150646.0	167571.0	255.0	0.0	46.8	57.0	60.4	65.2
2015-12-08	172996.0	17945.0	1505.0	152351.0	169046.0	255.0	0.0	46.0	56.7	60.2	65.1
2015-12-15	173436.0	17945.0	1505.0	152791.0	169486.0	255.0	0.0	46.1	56.5	60.3	64.8
2015-12-22	175096.0	10295.0	1505.0	162101.0	171146.0	255.0	0.0	45.8	56.5	60.3	64.7
2015-12-29	173071.0	10295.0	1505.0	160076.0	169121.0	255.0	0.0	45.6	58.0	61.7	66.3
2016-01-05	165288.0	10695.0	1405.0	152313.0	161838.0	235.0	0.0	46.2	58.5	60.9	65.8
2016-01-12	165837.0	10695.0	1405.0	152862.0	162387.0	235.0	0.0	44.2	57.8	59.6	65.2
2016-01-19	166896.0	11970.0	1405.0	152646.0	163446.0	235.0	0.0	46.8	58.9	61.6	66.4
2016-01-26	168565.0	11970.0	1405.0	154315.0	165115.0	235.0	0.0	45.3	57.7	60.4	65.2
2016-02-02	164098.0	12390.0	1300.0	149869.0	161173.0	214.0	0.0	44.0	57.9	59.0	64.0
2016-02-09	185948.0	12390.0	1300.0	171719.0	183023.0	214.0	0.0	46.2	63.5	64.0	69.9
2016-02-16	211001.0	12390.0	1300.0	196772.0	208076.0	214.0	0.0	49.1	66.4	65.2	70.7
2016-02-23	216065.0	12390.0	1300.0	201836.0	213140.0	214.0	0.0	47.7	63.0	63.1	68.2
2016-03-01	211530.0	12390.0	955.0	197324.0	208950.0	191.0	0.0	47.7	65.3	63.7	69.0
2016-03-08	215621.0	11960.0	955.0	201415.0	212611.0	191.0	0.0	48.3	65.5	63.7	69.4
2016-03-15	217997.0	11360.0	955.0	203991.0	214587.0	191.0	0.0	47.6	65.7	62.6	68.5
2016-03-22	219728.0	11360.0	955.0	205722.0	216318.0	191.0	0.0	47.0	65.7	61.9	68.5
2016-03-29	223572.0	11360.0	955.0	209566.0	220162.0	191.0	0.0	46.1	66.2	62.2	68.9
2016-04-05	218191.0	16985.0	850.0	199956.0	216261.0	170.0	0.0	45.9	68.4	64.4	70.9
2016-04-12	217981.0	18260.0	850.0	198471.0	216051.0	170.0	0.0	46.6	68.7	64.8	71.1
2016-04-19	222955.0	18260.0	850.0	203445.0	221025.0	170.0	0.0	47.1	69.8	65.6	72.2
2016-04-26	226029.0	18260.0	850.0	206519.0	224099.0	170.0	0.0	46.4	67.7	63.9	70.1
2016-05-03	216109.0	18260.0	745.0	196620.0	214284.0	149.0	0.0	46.6	66.0	63.7	68.8
2016-05-10	210201.0	18260.0	745.0	190712.0	208376.0	149.0	0.0	47.9	67.9	62.3	70.8
2016-05-17	206927.0	18260.0	745.0	187438.0	205102.0	149.0	0.0	48.7	68.9	61.3	71.7
2016-05-24	207053.0	18260.0	745.0	187564.0	205228.0	149.0	0.0	48.7	69.1	61.2	71.6
2016-05-31	209158.0	18260.0	745.0	189669.0	207333.0	149.0	0.0	47.8	68.6	60.2	70.8
2016-06-07	201596.0	17820.0	635.0	182569.0	199881.0	127.0	0.0	46.9	66.1	58.7	67.9
2016-06-14	202193.0	17820.0	635.0	183166.0	200478.0	127.0	0.0	46.0	62.5	57.7	64.4
2016-06-21	200684.0	17820.0	635.0	181657.0	198969.0	127.0	0.0	46.6	62.2	58.3	64.7
2016-06-28	200365.0	17820.0	635.0	181338.0	198650.0	127.0	0.0	45.5	63.2	57.2	65.8
2016-07-05	191606.0	17820.0	535.0	172599.0	189991.0	107.0	0.0	46.8	65.2	58.2	67.4
2016-07-12	188156.0	17820.0	535.0	169149.0	186541.0	107.0	0.0	48.8	65.9	60.4	68.4
2016-07-19	174884.0	17820.0	535.0	155877.0	173269.0	107.0	0.0	40.0	57.1	51.2	59.5
2016-07-26	177202.0	17820.0	535.0	158195.0	175587.0	107.0	0.0	39.2	56.3	50.3	58.7
2016-08-02	169709.0	17820.0	420.0	150725.0	168209.0	84.0	0.0	39.6	55.1	50.0	57.6
2016-08-09	172261.0	17820.0	420.0	153277.0	170761.0	84.0	0.0	39.9	58.3	51.9	60.8
2016-08-16	185434.0	15780.0	420.0	168490.0	183934.0	84.0	0.0	40.8	56.9	51.9	59.2
2016-08-23	188044.0	15780.0	420.0	171100.0	186544.0	84.0	0.0	40.2	55.4	50.1	57.5
2016-08-30	187044.0	15780.0	420.0	170100.0	185544.0	84.0	0.0	40.3	55.6	50.2	57.9
2016-09-06	176192.0	15360.0	315.0	159689.0	174797.0	63.0	0.0	40.5	54.8	49.7	57.2
2016-09-13	176012.0	15360.0	315.0	159509.0	174617.0	63.0	0.0	40.6	54.7	49.8	57.0
2016-09-20	177547.0	15160.0	315.0	161244.0	176152.0	63.0	0.0	41.0	54.6	50.1	57.4
2016-09-27	178334.0	15160.0	315.0	162031.0	176939.0	63.0	0.0	40.7	53.7	49.8	56.6
2016-10-04	173731.0	14740.0	210.0	157869.0	172441.0	42.0	0.0	40.9	54.0	50.4	57.2
2016-10-11	185345.0	26980.0	210.0	157243.0	184055.0	42.0	0.0	40.4	52.6	49.3	55.6
2016-10-18	178021.0	26980.0	210.0	149919.0	176731.0	42.0	0.0	41.8	54.7	51.2	57.8
2016-10-25	178021.0	26980.0	210.0	149919.0	176731.0	42.0	0.0	42.0	54.6	51.3	57.7
2016-11-01	168325.0	26560.0	105.0	140664.0	167140.0	21.0	0.0	43.3	55.0	52.9	58.4
2016-11-08	159858.0	26560.0	105.0	132197.0	158673.0	21.0	0.0	42.2	50.6	49.3	54.1
2016-11-15	162169.0	26530.0	105.0	133782.0	160228.0	21.0	0.0	41.6	49.1	48.6	52.6
2016-11-22	163305.0	26530.0	105.0	134918.0	161364.0	21.0	0.0	41.3	47.9	48.3	50.6
2016-11-29	165273.0	26530.0	105.0	136886.0	163332.0	21.0	0.0	43.1	48.6	50.0	52.0
2016-12-06	152330.0	24820.0	0.0	124900.0	149720.0	0.0	0.0	41.5	48.1	50.6	52.5
2016-12-13	153584.0	24820.0	0.0	126154.0	150974.0	0.0	0.0	42.1	48.1	50.8	52.8
2016-12-20	154014.0	24820.0	0.0	126584.0	151404.0	0.0	0.0	42.6	49.0	51.9	53.9
2016-12-27	159755.0	19232.0	0.0	136489.0	155721.0	0.0	0.0	37.2	52.7	49.0	55.3
2017-01-03	155064.0	13394.0	920.0	133184.0	145658.0	0.0	0.0	30.6	44.1	40.8	46.7
2017-01-10	160160.0	8354.0	920.0	138280.0	145714.0	0.0	0.0	26.4	40.2	37.0	42.7
2017-01-17	159940.0	8354.0	920.0	138060.0	145494.0	0.0	0.0	26.3	38.5	36.3	41.1
2017-01-24	161680.0	8354.0	1120.0	139800.0	147034.0	0.0	0.0	25.9	38.7	35.9	41.4
2017-01-31	165224.0	8354.0	2440.0	143344.0	149258.0	0.0	0.0	27.7	37.3	36.1	41.1
