2009-07-07	2877611.0	625090.0	141957.0	1361658.0	1861744.0	26227.0	9274.0	16.1	19.2	21.9	26.7
2009-07-14	2904363.0	621471.0	152302.0	1385360.0	1869429.0	24529.0	9629.0	16.0	19.0	21.9	26.4
2009-07-21	2929957.0	614089.0	133066.0	1407062.0	1900762.0	22516.0	9839.0	15.8	19.2	21.7	26.5
2009-07-28	2966461.0	610889.0	124700.0	1432538.0	1934157.0	25471.0	10041.0	15.3	19.3	21.0	26.4
2009-08-04	2822772.0	663764.0	101632.0	1312056.0	1891576.0	30096.0	12708.0	17.2	21.3	23.2	29.2
2009-08-11	2854115.0	655391.0	93826.0	1337625.0	1914065.0	28713.0	13838.0	16.9	21.2	22.7	29.2
2009-08-18	2973913.0	605131.0	110744.0	1399831.0	1909548.0	28812.0	13482.0	15.2	18.7	20.4	26.4
2009-08-25	3000974.0	595397.0	98062.0	1450456.0	1962337.0	26683.0	12137.0	15.1	19.1	20.0	26.4
2009-09-01	2925876.0	599907.0	101152.0	1381098.0	1893864.0	25437.0	11426.0	15.2	18.5	20.6	25.9
2009-09-08	2936567.0	605321.0	107904.0	1373758.0	1885197.0	25924.0	11902.0	14.7	18.9	20.7	26.1
2009-09-15	2952962.0	615827.0	86499.0	1372243.0	1914953.0	24150.0	10768.0	14.8	19.5	21.2	26.6
2009-09-22	3078817.0	620984.0	79301.0	1415119.0	1970333.0	24141.0	10610.0	13.9	18.8	19.9	25.9
2009-09-29	2918871.0	649001.0	87752.0	1332476.0	1907934.0	26732.0	12523.0	16.2	18.6	22.2	26.6
2009-10-06	2910014.0	648403.0	88367.0	1338953.0	1913130.0	34025.0	19884.0	16.3	18.9	22.3	26.9
2009-10-13	2920665.0	636893.0	95833.0	1367342.0	1920451.0	30583.0	18534.0	16.4	18.7	22.4	26.6
2009-10-20	2942736.0	633192.0	87176.0	1388655.0	1946376.0	46702.0	34997.0	16.5	18.7	22.0	26.7
2009-10-27	2948013.0	629029.0	101383.0	1412201.0	1952764.0	28935.0	16018.0	16.1	18.4	21.9	26.1
2009-11-03	2852888.0	596639.0	79598.0	1364065.0	1894000.0	34058.0	21164.0	16.5	19.3	22.1	26.6
2009-11-09	2867350.0	598929.0	107295.0	1386770.0	1890200.0	33911.0	22115.0	16.4	18.9	22.1	26.0
2009-11-17	2884473.0	582510.0	117883.0	1400409.0	1880786.0	34729.0	18979.0	15.7	18.6	21.6	25.7
2009-11-24	2902007.0	565282.0	122102.0	1411846.0	1875720.0	48366.0	27672.0	15.0	18.4	20.7	25.1
2009-12-01	2758769.0	541314.0	113586.0	1349499.0	1794046.0	36386.0	19567.0	15.2	17.8	21.1	25.1
2009-12-08	2774273.0	553444.0	107165.0	1348279.0	1810817.0	35906.0	19647.0	15.2	17.9	21.2	25.4
2009-12-15	2819327.0	587589.0	111347.0	1339995.0	1833854.0	37670.0	20053.0	16.1	18.7	22.2	26.3
2009-12-22	2953334.0	646687.0	80003.0	1346443.0	1928356.0	37935.0	22706.0	17.1	18.9	23.0	26.9
2009-12-29	3057250.0	664187.0	80081.0	1406116.0	2007649.0	37591.0	20164.0	16.7	19.0	22.5	26.6
2010-01-05	2862272.0	707716.0	75822.0	1262551.0	1908468.0	31040.0	17017.0	19.9	20.9	25.8	29.9
2010-01-12	2949780.0	732295.0	71418.0	1297622.0	1965136.0	30704.0	24067.0	19.9	20.8	26.0	29.9
2010-01-19	2956809.0	722626.0	58942.0	1280790.0	1952069.0	30114.0	22519.0	19.2	21.1	25.6	30.2
2010-01-26	2972720.0	695241.0	58041.0	1313406.0	1956791.0	22239.0	16054.0	17.9	20.4	24.4	29.5
2010-02-02	2910060.0	719145.0	73577.0	1257717.0	1909294.0	25473.0	19464.0	19.0	20.7	25.4	29.7
2010-02-09	2943901.0	753298.0	71175.0	1270331.0	1959203.0	25771.0	19022.0	19.6	21.6	26.2	30.5
2010-02-16	2943395.0	759219.0	75958.0	1270789.0	1960550.0	23989.0	17489.0	19.4	22.0	26.1	30.9
2010-02-23	2995819.0	738884.0	86990.0	1303396.0	1958375.0	17916.0	14831.0	18.2	22.1	24.5	30.7
2010-03-02	2901199.0	714068.0	106046.0	1241323.0	1856429.0	43599.0	36515.0	18.4	22.9	25.1	31.1
2010-03-09	2924766.0	697974.0	113159.0	1273028.0	1862157.0	25671.0	21357.0	18.1	22.7	24.6	31.0
2010-03-16	2998434.0	696737.0	118563.0	1310319.0	1893685.0	34710.0	29518.0	17.3	22.1	23.9	30.2
2010-03-23	2983492.0	698952.0	113822.0	1313810.0	1908847.0	28307.0	18400.0	17.2	21.7	23.8	29.9
2010-03-30	2876445.0	713443.0	125499.0	1251351.0	1850101.0	29884.0	19078.0	18.8	22.2	26.1	30.3
2010-04-06	2897512.0	707786.0	126751.0	1277737.0	1871455.0	30339.0	17656.0	18.5	22.2	25.8	30.2
2010-04-13	2950989.0	738928.0	136913.0	1287344.0	1900984.0	26480.0	14855.0	19.1	22.2	26.3	30.1
2010-04-20	2976590.0	701081.0	137497.0	1309228.0	1885248.0	27967.0	15531.0	17.9	21.3	25.2	29.1
2010-04-27	2924704.0	694242.0	150946.0	1313574.0	1862588.0	24482.0	18764.0	17.8	20.9	25.4	29.0
2010-05-04	2819406.0	705849.0	165235.0	1246497.0	1797466.0	26467.0	16112.0	18.5	21.2	25.9	29.5
2010-05-11	2849065.0	702148.0	155690.0	1259181.0	1815981.0	26884.0	16542.0	18.5	21.3	25.9	29.5
2010-05-18	2876554.0	721044.0	142805.0	1245507.0	1834934.0	28455.0	17267.0	19.0	22.2	26.2	30.3
2010-05-25	2868788.0	693377.0	137041.0	1266364.0	1828861.0	24428.0	18267.0	18.4	22.0	25.1	30.0
2010-06-01	2796985.0	670082.0	154994.0	1232669.0	1760563.0	33812.0	21006.0	19.5	22.2	25.5	29.9
2010-06-08	2819384.0	676044.0	146802.0	1256162.0	1796405.0	26401.0	15400.0	19.7	22.6	25.7	30.2
2010-06-15	2802822.0	692893.0	153357.0	1235304.0	1786734.0	28365.0	16471.0	20.3	22.5	26.4	29.9
2010-06-22	2806810.0	695729.0	151647.0	1241436.0	1798326.0	27039.0	14231.0	20.1	22.5	26.3	30.0
2010-06-29	2631096.0	700222.0	147100.0	1188017.0	1755485.0	28326.0	13980.0	21.8	23.3	28.0	31.5
2010-07-06	2634367.0	694027.0	145470.0	1195393.0	1758251.0	29586.0	15285.0	21.8	23.0	27.9	31.3
2010-07-13	2651308.0	680279.0	155402.0	1209365.0	1748697.0	30468.0	16013.0	21.6	22.8	27.8	31.0
2010-07-20	2710043.0	659958.0	170479.0	1248186.0	1748131.0	30344.0	19878.0	20.0	21.7	26.5	30.0
2010-07-27	2752721.0	660958.0	172580.0	1275392.0	1764513.0	21337.0	20594.0	19.6	22.1	26.3	30.1
2010-08-03	2691969.0	644598.0	153825.0	1215917.0	1708375.0	22351.0	20666.0	19.4	21.6	26.1	29.2
2010-08-10	2748435.0	645775.0	162145.0	1254361.0	1739675.0	21276.0	19592.0	19.1	21.2	25.5	28.5
2010-08-17	2739077.0	633025.0	153670.0	1265140.0	1747401.0	21895.0	18989.0	18.9	21.5	25.2	28.9
2010-08-24	2792383.0	631737.0	167882.0	1319674.0	1787781.0	21716.0	17464.0	18.9	21.9	25.0	29.0
2010-08-31	2665426.0	537741.0	166577.0	1310022.0	1685706.0	20780.0	16260.0	17.6	20.5	23.4	27.6
2010-09-07	2690629.0	542688.0	162752.0	1316676.0	1700084.0	21498.0	18026.0	17.5	20.3	23.2	27.5
2010-09-14	2687461.0	554855.0	166222.0	1323243.0	1714379.0	18049.0	15546.0	17.5	19.8	22.9	27.0
2010-09-21	2699227.0	556703.0	159343.0	1329641.0	1731013.0	19543.0	15531.0	17.4	19.7	22.5	27.0
2010-09-28	2712600.0	542990.0	136760.0	1318190.0	1729030.0	20887.0	16277.0	16.5	20.0	21.8	27.4
2010-10-05	2660234.0	539433.0	166802.0	1291864.0	1671489.0	25549.0	18555.0	17.1	20.3	22.3	26.8
2010-10-12	2644528.0	529855.0	172819.0	1309875.0	1671979.0	23103.0	18035.0	17.1	20.4	22.3	27.0
2010-10-19	2635280.0	487350.0	155159.0	1334656.0	1670863.0	22068.0	18052.0	15.9	21.0	21.2	27.5
2010-10-26	2693544.0	481497.0	138975.0	1362975.0	1704490.0	18389.0	19396.0	15.1	21.0	20.2	27.4
2010-11-02	2613514.0	491623.0	133547.0	1300422.0	1657196.0	19380.0	20682.0	15.8	21.3	21.3	28.2
2010-11-09	2641392.0	492327.0	117441.0	1309756.0	1685925.0	20808.0	19525.0	15.5	21.6	21.1	28.4
2010-11-16	2644314.0	498405.0	122949.0	1320265.0	1697367.0	21218.0	19572.0	15.7	21.5	21.5	28.5
2010-11-23	2667401.0	471162.0	101396.0	1341435.0	1712343.0	20701.0	19559.0	14.0	22.3	19.7	29.2
2010-11-30	2571930.0	482147.0	103896.0	1261368.0	1640901.0	20946.0	19664.0	14.7	22.5	20.8	29.0
2010-12-07	2594413.0	493991.0	101177.0	1262639.0	1657290.0	21129.0	19292.0	14.2	22.3	20.3	28.8
2010-12-14	2626825.0	524952.0	101523.0	1245359.0	1670157.0	21649.0	20280.0	14.5	21.8	20.3	28.2
2010-12-21	2594365.0	513890.0	96273.0	1245470.0	1666135.0	21621.0	18573.0	14.4	22.0	20.2	29.2
2010-12-28	2599199.0	519626.0	105496.0	1252505.0	1670324.0	23320.0	19631.0	14.4	22.0	20.3	29.1
2011-01-04	2495881.0	532149.0	109554.0	1176334.0	1598788.0	23153.0	23294.0	14.7	23.5	21.5	30.7
2011-01-11	2518118.0	536725.0	107845.0	1181268.0	1609782.0	20582.0	20948.0	14.3	22.8	21.0	30.2
2011-01-18	2547567.0	546806.0	98994.0	1193835.0	1641611.0	20111.0	20147.0	14.7	23.2	21.4	30.8
2011-01-25	2589511.0	536710.0	87036.0	1231643.0	1677161.0	17803.0	21959.0	13.7	22.7	20.1	30.5
2011-02-01	2531989.0	505349.0	78771.0	1203810.0	1625723.0	15246.0	19911.0	13.7	23.3	20.4	30.9
2011-02-08	2573928.0	516720.0	77588.0	1227872.0	1662138.0	15161.0	20027.0	13.9	23.5	20.5	31.0
2011-02-15	2625379.0	501200.0	88316.0	1264356.0	1674701.0	19868.0	22407.0	13.7	22.3	20.0	29.7
2011-02-22	2651082.0	506163.0	105287.0	1289127.0	1690231.0	23364.0	23136.0	13.7	22.0	19.9	29.2
2011-03-01	2574446.0	516854.0	97265.0	1236195.0	1656925.0	24350.0	23209.0	14.8	23.7	21.3	31.6
2011-03-08	2548265.0	513476.0	102520.0	1236063.0	1648430.0	24303.0	22892.0	15.0	23.8	21.6	31.8
2011-03-15	2525061.0	507032.0	99835.0	1237897.0	1646566.0	24758.0	23286.0	14.6	23.9	21.5	32.0
2011-03-22	2552895.0	511248.0	109831.0	1238118.0	1645276.0	26622.0	20881.0	13.6	22.5	20.8	30.7
2011-03-29	2633067.0	533552.0	114385.0	1276548.0	1704655.0	31355.0	22415.0	13.8	22.6	21.4	30.8
2011-04-05	2599652.0	614602.0	117787.0	1222871.0	1720796.0	26666.0	25556.0	16.6	24.0	24.4	32.4
2011-04-12	2627289.0	624407.0	117353.0	1240916.0	1749719.0	29191.0	27442.0	16.4	23.5	23.7	32.3
2011-04-19	2633156.0	623208.0	109785.0	1241892.0	1755395.0	29747.0	29667.0	16.2	23.8	23.1	33.1
2011-04-26	2667272.0	640954.0	96880.0	1257189.0	1807422.0	28088.0	21929.0	15.5	23.4	22.0	33.2
2011-05-03	2612548.0	694651.0	88834.0	1185017.0	1791665.0	29549.0	28718.0	14.7	23.7	22.4	33.7
2011-05-10	2647519.0	679666.0	86971.0	1217589.0	1812259.0	29461.0	27486.0	14.5	23.7	22.0	33.6
2011-05-17	2653985.0	582658.0	71365.0	1270460.0	1784665.0	32380.0	29468.0	12.1	22.9	19.3	32.7
2011-05-24	2634426.0	542032.0	79151.0	1290920.0	1759301.0	35480.0	29980.0	10.8	22.4	18.3	32.1
2011-05-31	2569683.0	534299.0	69073.0	1239608.0	1710048.0	34895.0	29681.0	10.4	22.2	17.8	32.1
2011-06-07	2612420.0	591817.0	79828.0	1243899.0	1762482.0	30324.0	23730.0	11.4	21.7	18.6	31.9
2011-06-14	2631201.0	602137.0	64229.0	1248398.0	1790274.0	28814.0	24846.0	11.4	21.5	18.5	31.8
2011-06-21	2645263.0	593273.0	61381.0	1282468.0	1818489.0	30065.0	25936.0	11.3	21.4	18.6	31.5
2011-06-28	2612270.0	552547.0	57405.0	1288078.0	1789413.0	33392.0	27199.0	11.3	21.4	18.5	31.0
2011-07-05	2518697.0	534107.0	53716.0	1249351.0	1734177.0	30298.0	25863.0	11.7	21.9	19.2	31.9
2011-07-12	2529394.0	501930.0	53735.0	1292191.0	1747185.0	31301.0	24502.0	11.5	20.8	18.9	30.7
2011-07-19	2546660.0	503390.0	55203.0	1302460.0	1757239.0	31020.0	24428.0	11.4	20.5	18.7	30.5
2011-07-26	2545941.0	498713.0	50377.0	1294111.0	1753008.0	34665.0	24104.0	11.1	19.9	18.6	30.0
2011-08-02	2447279.0	498561.0	50980.0	1232435.0	1692706.0	37904.0	25214.0	10.9	20.3	18.7	30.6
2011-08-09	2459050.0	499062.0	72397.0	1251230.0	1687482.0	36882.0	27295.0	10.8	20.1	18.9	30.2
2011-08-16	2444352.0	493000.0	84437.0	1257260.0	1673583.0	31151.0	23391.0	11.0	20.2	19.1	30.3
2011-08-23	2464642.0	478842.0	76866.0	1263261.0	1671160.0	28428.0	22505.0	10.9	20.0	18.9	30.0
2011-08-30	2393356.0	459995.0	80718.0	1233111.0	1617915.0	31819.0	26292.0	10.9	19.6	18.8	29.1
2011-09-06	2364868.0	493167.0	103629.0	1217612.0	1612245.0	30974.0	25879.0	11.6	20.3	20.6	29.9
2011-09-13	2396440.0	512079.0	106614.0	1234364.0	1644451.0	32594.0	27972.0	12.2	20.1	20.7	29.5
2011-09-20	2473972.0	520220.0	140799.0	1279203.0	1664837.0	35282.0	29069.0	12.1	20.9	20.6	29.9
2011-09-27	2523409.0	525704.0	184695.0	1343399.0	1687936.0	33056.0	29528.0	12.1	19.8	20.5	28.9
2011-10-04	2390879.0	469606.0	146682.0	1250699.0	1580303.0	36748.0	30068.0	11.8	19.9	20.3	28.7
2011-10-11	2407594.0	458361.0	137405.0	1244466.0	1573708.0	34074.0	25788.0	12.0	19.5	20.0	29.1
2011-10-18	2463139.0	465842.0	140165.0	1267997.0	1601586.0	32360.0	24448.0	12.1	19.1	19.6	28.6
2011-10-25	2490081.0	464122.0	145985.0	1306358.0	1637128.0	33163.0	20530.0	12.2	18.8	20.4	28.2
2011-11-01	2388800.0	460683.0	161405.0	1242320.0	1554215.0	33682.0	21065.0	13.0	18.2	21.4	28.3
2011-11-08	2410430.0	418623.0	150120.0	1262061.0	1579563.0	92503.0	43504.0	13.1	18.0	21.0	28.0
2011-11-15	2536642.0	458670.0	160269.0	1346893.0	1657308.0	23014.0	11000.0	12.0	17.4	19.6	27.1
2011-11-22	2598339.0	466697.0	177321.0	1359916.0	1661892.0	34566.0	21966.0	11.9	17.1	19.4	26.7
2011-11-29	2503774.0	445324.0	163340.0	1285820.0	1582228.0	34515.0	20091.0	12.2	16.4	19.7	26.0
2011-12-06	2494503.0	466806.0	184523.0	1285120.0	1581008.0	34784.0	21179.0	12.6	17.0	19.7	26.2
2011-12-13	2567913.0	455585.0	201198.0	1355885.0	1622435.0	34867.0	22704.0	12.2	17.2	19.6	25.7
2011-12-20	2626020.0	462833.0	217866.0	1395484.0	1651668.0	32880.0	21663.0	12.0	16.7	19.4	25.8
2011-12-27	2630674.0	480359.0	210127.0	1383848.0	1663214.0	33307.0	24173.0	13.3	16.6	20.4	25.2
2012-01-03	2464494.0	475629.0	201634.0	1263213.0	1550302.0	37865.0	24771.0	14.7	17.0	22.1	25.0
2012-01-10	2531427.0	485891.0	267778.0	1318142.0	1547877.0	34491.0	22869.0	17.5	18.5	24.7	26.3
2012-01-17	2646864.0	488627.0	259586.0	1391758.0	1631080.0	34446.0	24165.0	18.5	17.6	25.3	26.9
2012-01-24	2786597.0	503487.0	276688.0	1470137.0	1705533.0	31213.0	22616.0	19.1	18.1	25.6	27.4
2012-01-31	2809751.0	543537.0	328124.0	1466385.0	1695481.0	35667.0	21984.0	21.2	18.1	27.5	27.8
2012-02-07	2848241.0	541889.0	357322.0	1494145.0	1692845.0	37077.0	22944.0	21.5	19.4	27.4	28.8
2012-02-14	2878930.0	576560.0	388841.0	1540732.0	1743383.0	37526.0	22594.0	22.8	19.7	29.3	29.0
2012-02-21	2940899.0	534986.0	364580.0	1588459.0	1774970.0	37852.0	21747.0	22.0	18.5	28.5	27.7
2012-02-28	2761983.0	504093.0	282166.0	1469087.0	1705538.0	35697.0	21173.0	22.0	18.5	28.2	28.5
2012-03-06	2762512.0	516249.0	326486.0	1464116.0	1667376.0	35002.0	21505.0	23.1	17.5	29.5	27.5
2012-03-13	2768177.0	483197.0	268975.0	1478220.0	1705599.0	35257.0	22100.0	21.8	15.7	27.9	25.7
2012-03-20	2778807.0	489708.0	308335.0	1500663.0	1694604.0	33183.0	20615.0	21.7	15.5	27.9	25.7
2012-03-27	2830439.0	497201.0	312807.0	1520179.0	1714126.0	30663.0	21110.0	21.8	15.6	27.9	26.3
2012-04-03	2653296.0	491444.0	254236.0	1394733.0	1644111.0	34110.0	21940.0	22.1	15.7	28.2	25.0
2012-04-10	2694505.0	502584.0	236811.0	1395924.0	1675999.0	37148.0	22846.0	22.4	15.7	28.6	25.4
2012-04-17	2760388.0	522527.0	241068.0	1425439.0	1720998.0	34264.0	20164.0	21.9	15.4	28.5	25.0
2012-04-24	2848236.0	506514.0	250254.0	1501804.0	1765582.0	31787.0	24269.0	20.5	14.9	27.1	23.9
2012-05-01	2697093.0	496209.0	250834.0	1408656.0	1663310.0	33685.0	24406.0	19.4	14.9	26.5	24.5
2012-05-08	2726874.0	501186.0	197014.0	1423692.0	1736831.0	34964.0	25997.0	18.5	17.2	25.5	27.4
2012-05-15	2766982.0	503301.0	195576.0	1452950.0	1768005.0	32138.0	24808.0	18.3	17.0	25.4	27.3
2012-05-22	2801708.0	464914.0	188356.0	1496349.0	1780360.0	31647.0	24194.0	18.0	15.7	25.0	25.3
2012-05-29	2815658.0	458563.0	156099.0	1501195.0	1786555.0	37047.0	54151.0	17.8	15.4	24.8	24.8
2012-06-05	2686356.0	460746.0	85206.0	1396052.0	1778156.0	34109.0	27545.0	18.3	16.1	25.6	26.5
2012-06-12	2731488.0	450477.0	67934.0	1420062.0	1810305.0	35495.0	27795.0	18.3	16.2	25.5	27.0
2012-06-19	2761927.0	447496.0	57189.0	1440272.0	1838376.0	35717.0	27920.0	17.0	15.9	24.0	26.6
2012-06-26	2804792.0	449216.0	45088.0	1471916.0	1880716.0	31745.0	27073.0	16.6	15.6	23.5	26.2
2012-07-03	2676744.0	473263.0	45203.0	1371886.0	1807719.0	33047.0	25274.0	16.9	16.0	24.4	27.1
2012-07-10	2658763.0	468966.0	44640.0	1370889.0	1803263.0	32171.0	24123.0	17.0	16.0	24.5	27.2
2012-07-17	2678613.0	464766.0	45031.0	1384483.0	1810525.0	29277.0	22970.0	16.9	15.8	24.1	27.1
2012-07-24	2732249.0	470669.0	54607.0	1417128.0	1837514.0	27218.0	22894.0	16.2	15.7	23.2	26.3
2012-07-31	2621537.0	458437.0	49839.0	1348485.0	1762720.0	28056.0	22419.0	15.7	15.9	23.2	26.1
2012-08-07	2643496.0	465543.0	56462.0	1367317.0	1784263.0	29485.0	21620.0	15.5	15.7	23.0	25.9
2012-08-14	2678204.0	476701.0	85348.0	1397292.0	1793242.0	28634.0	24037.0	14.8	15.5	22.4	24.9
2012-08-21	2679935.0	478374.0	86421.0	1391697.0	1789609.0	28525.0	22566.0	14.9	15.4	22.6	24.6
2012-08-28	2682375.0	502868.0	111451.0	1397142.0	1796696.0	29657.0	21520.0	14.9	15.4	22.7	24.3
2012-09-04	2567405.0	508884.0	90366.0	1315936.0	1742324.0	28326.0	20456.0	15.0	15.7	22.7	25.0
2012-09-11	2573138.0	506848.0	101730.0	1329327.0	1740960.0	26021.0	19506.0	14.9	15.7	22.7	24.7
2012-09-18	2569212.0	523958.0	123362.0	1338244.0	1747052.0	26688.0	18476.0	14.1	16.5	22.0	24.6
2012-09-25	2587107.0	503928.0	123737.0	1365196.0	1754578.0	28060.0	18869.0	14.1	16.1	21.7	24.4
2012-10-02	2490757.0	489473.0	62873.0	1278919.0	1716217.0	32842.0	22144.0	13.8	16.7	22.2	26.2
2012-10-09	2517569.0	516935.0	64842.0	1292450.0	1755664.0	29864.0	18743.0	13.6	16.9	22.1	26.4
2012-10-16	2585143.0	531072.0	64658.0	1320106.0	1796641.0	30615.0	20494.0	13.3	16.7	21.5	26.1
2012-10-23	2640776.0	537795.0	70834.0	1337787.0	1815158.0	30166.0	19756.0	13.2	16.7	21.0	26.1
2012-10-30	2512498.0	531501.0	51687.0	1261983.0	1754892.0	31510.0	18415.0	12.7	17.1	21.7	26.9
2012-11-06	2522338.0	561639.0	51687.0	1248221.0	1771952.0	32376.0	18597.0	12.4	18.0	21.1	27.2
2012-11-13	2548367.0	576805.0	52635.0	1242250.0	1778971.0	30713.0	18162.0	12.5	18.0	21.3	27.5
2012-11-20	2549726.0	604419.0	55445.0	1229199.0	1789290.0	30485.0	19368.0	12.9	18.1	22.0	28.1
2012-11-27	2588868.0	603550.0	60437.0	1251648.0	1803687.0	29364.0	20438.0	13.3	17.8	22.2	27.8
2012-12-04	2448687.0	583407.0	60090.0	1159161.0	1696660.0	38199.0	24017.0	13.1	17.9	22.9	27.8
2012-12-11	2452323.0	576750.0	40302.0	1156282.0	1707273.0	38702.0	24159.0	13.2	18.1	22.9	28.1
2012-12-18	2449578.0	586544.0	27557.0	1151009.0	1724911.0	40882.0	25967.0	12.4	18.1	21.7	28.1
2012-12-24	2441959.0	574995.0	22525.0	1157299.0	1728510.0	41161.0	22420.0	12.6	17.9	21.4	28.0
2012-12-31	2264650.0	510452.0	32229.0	1085274.0	1581800.0	42385.0	24082.0	12.9	18.9	21.9	28.3
2013-01-08	2311690.0	528478.0	37058.0	1090899.0	1601817.0	42902.0	23404.0	12.5	18.7	21.5	28.2
2013-01-15	2331829.0	533374.0	36792.0	1115423.0	1629241.0	40757.0	23521.0	12.5	18.8	21.2	27.9
2013-01-22	2348650.0	571805.0	34415.0	1117853.0	1672678.0	41640.0	24205.0	14.3	19.1	23.0	28.6
2013-01-29	2409858.0	587067.0	37817.0	1149651.0	1716337.0	42659.0	25223.0	14.3	19.2	22.7	27.8
2013-02-05	2363059.0	610824.0	41578.0	1081405.0	1674855.0	46712.0	22508.0	15.5	19.7	23.9	28.7
2013-02-12	2391498.0	612910.0	44073.0	1082695.0	1675205.0	45881.0	22208.0	15.5	19.6	23.7	28.4
2013-02-19	2453494.0	629800.0	50093.0	1086840.0	1690003.0	46138.0	22682.0	16.0	19.3	24.1	28.4
2013-02-26	2485928.0	631177.0	66673.0	1038949.0	1615003.0	45588.0	34038.0	15.0	19.1	22.7	27.9
2013-03-05	2433264.0	642627.0	79368.0	983670.0	1573774.0	48026.0	21181.0	15.2	19.1	23.4	27.6
2013-03-12	2536002.0	669119.0	46290.0	1032096.0	1682010.0	46810.0	19725.0	14.6	19.0	22.5	27.0
2013-03-19	2655242.0	706608.0	41045.0	1046423.0	1737336.0	47337.0	21987.0	14.4	18.8	22.3	26.3
2013-03-26	2734495.0	791416.0	54810.0	1056785.0	1797470.0	29951.0	25872.0	14.2	18.4	22.7	27.3
2013-04-02	2714391.0	809442.0	61718.0	992802.0	1757944.0	34063.0	16645.0	15.2	18.3	23.2	27.2
2013-04-09	2820757.0	836336.0	70052.0	1051332.0	1834584.0	34532.0	17564.0	14.2	17.8	22.0	26.4
2013-04-16	2874827.0	884107.0	74219.0	1054958.0	1881044.0	35787.0	19589.0	15.2	17.6	22.9	26.4
2013-04-23	2939271.0	912737.0	74929.0	1079048.0	1931715.0	34514.0	19655.0	15.3	17.2	22.9	26.1
2013-04-30	2837415.0	946698.0	50209.0	997770.0	1909096.0	34848.0	20011.0	16.2	18.4	24.0	28.0
2013-05-07	2840868.0	961039.0	49891.0	1001687.0	1927402.0	35223.0	20656.0	16.7	18.5	24.4	28.3
2013-05-14	2858052.0	959965.0	48219.0	1010212.0	1935911.0	32812.0	18859.0	16.1	18.3	23.8	28.1
2013-05-21	2860205.0	956344.0	43285.0	1023363.0	1951984.0	35851.0	20289.0	15.4	18.3	23.9	28.2
2013-05-28	2921924.0	965020.0	39693.0	1058622.0	1992746.0	33943.0	25146.0	15.0	18.0	23.5	27.8
2013-06-04	2812269.0	935742.0	51791.0	1010263.0	1910000.0	36032.0	20246.0	15.8	17.9	23.9	27.1
2013-06-11	2826223.0	951379.0	56197.0	1010429.0	1921010.0	36709.0	21310.0	15.8	17.8	24.2	26.9
2013-06-18	2841436.0	953310.0	45625.0	1019594.0	1940844.0	36905.0	23340.0	16.3	17.6	24.6	26.9
2013-06-25	2817469.0	938920.0	50336.0	1029031.0	1930370.0	35193.0	22438.0	16.5	17.8	24.7	27.0
2013-07-02	2689708.0	892509.0	46370.0	988910.0	1851922.0	36092.0	19219.0	17.1	17.8	25.2	26.9
2013-07-09	2692996.0	908542.0	62412.0	996754.0	1859613.0	35948.0	19219.0	18.0	17.8	26.3	26.7
2013-07-16	2691493.0	914019.0	61745.0	993866.0	1863852.0	36947.0	19235.0	18.1	17.9	26.5	26.7
2013-07-23	2707340.0	917283.0	59585.0	1005618.0	1879562.0	35481.0	19235.0	17.6	17.9	26.2	26.7
2013-07-30	2610108.0	884726.0	67040.0	974014.0	1808537.0	34565.0	17728.0	18.5	18.0	26.7	26.5
2013-08-06	2627283.0	912376.0	78032.0	969256.0	1823086.0	37254.0	17768.0	19.2	17.9	27.3	26.8
2013-08-13	2672976.0	923504.0	85946.0	986975.0	1841505.0	36741.0	19769.0	19.1	17.4	26.8	26.4
2013-08-20	2694258.0	937515.0	82450.0	992341.0	1868104.0	36579.0	15881.0	20.0	17.4	27.0	26.3
2013-08-27	2739204.0	952873.0	82418.0	1019118.0	1906912.0	35961.0	18622.0	19.6	17.0	26.3	26.0
2013-09-03	2624348.0	930686.0	82078.0	957126.0	1826848.0	41741.0	20627.0	21.1	17.4	28.0	26.9
2013-09-10	2638938.0	935844.0	79229.0	965866.0	1845484.0	43498.0	20495.0	21.1	17.5	28.0	27.0
2013-09-17	2674190.0	962523.0	90180.0	982539.0	1877926.0	45601.0	22557.0	22.7	17.4	29.2	26.6
2013-09-24	2675357.0	951109.0	83021.0	993424.0	1885474.0	49940.0	25978.0	23.0	17.5	28.7	26.8
2013-10-01	2548580.0	909005.0	90514.0	939465.0	1775303.0	44956.0	27609.0	23.2	18.3	30.4	27.1
2013-10-08	2551571.0	919232.0	93434.0	937933.0	1781038.0	44956.0	27649.0	23.4	18.3	30.6	27.1
2013-10-15	2574716.0	884667.0	91086.0	972396.0	1783327.0	45218.0	27868.0	21.9	18.1	29.0	27.0
2013-10-22	2632545.0	888784.0	93287.0	984611.0	1795406.0	42474.0	27176.0	21.3	17.8	28.1	26.4
2013-10-29	2650275.0	904756.0	104503.0	991032.0	1805857.0	41883.0	27311.0	21.7	17.6	28.2	26.4
2013-11-05	2510921.0	940805.0	106960.0	889040.0	1738552.0	42734.0	27067.0	25.0	17.9	31.3	27.3
2013-11-12	2515310.0	931729.0	100557.0	898969.0	1745648.0	43050.0	27543.0	24.9	17.8	30.9	27.2
2013-11-19	2539207.0	921942.0	98262.0	925395.0	1764890.0	42662.0	26847.0	24.9	18.6	30.2	27.8
2013-11-26	2552533.0	935019.0	109796.0	946621.0	1777807.0	38517.0	32554.0	25.0	18.5	30.6	27.8
2013-12-03	2408686.0	878873.0	100545.0	883830.0	1669819.0	42853.0	35192.0	25.2	17.8	31.1	27.1
2013-12-10	2460820.0	931151.0	94162.0	892512.0	1730495.0	39315.0	38321.0	25.8	17.9	31.5	27.5
2013-12-17	2496116.0	970696.0	88592.0	886170.0	1768720.0	41446.0	41000.0	26.5	17.8	32.2	27.4
2013-12-24	2598427.0	965775.0	78033.0	933543.0	1836500.0	56001.0	40786.0	25.2	18.3	30.4	27.5
2014-01-07	2428166.0	895303.0	39324.0	884588.0	1743548.0	39590.0	36609.0	24.4	18.9	29.7	28.5
2014-01-14	2412712.0	900388.0	40728.0	894693.0	1757530.0	40532.0	37355.0	24.9	19.1	30.2	28.8
2014-01-21	2458319.0	907506.0	40039.0	905496.0	1771084.0	33944.0	35823.0	24.5	18.7	29.8	28.3
2014-01-28	2563150.0	941934.0	36008.0	896171.0	1803530.0	35188.0	33755.0	23.0	18.5	28.3	28.1
2014-02-04	2458669.0	934173.0	41824.0	856632.0	1753996.0	37102.0	32087.0	24.0	18.9	30.2	28.5
2014-02-11	2481857.0	952434.0	42805.0	863104.0	1779289.0	40311.0	33755.0	24.3	19.0	30.6	29.0
2014-02-18	2511311.0	939623.0	41306.0	886646.0	1789934.0	38560.0	33589.0	22.8	19.0	29.5	29.2
2014-02-25	2515532.0	944635.0	37258.0	892267.0	1804390.0	37782.0	33036.0	22.8	19.1	29.0	29.6
2014-03-04	2320781.0	960238.0	49359.0	807566.0	1724508.0	37636.0	31573.0	26.1	20.2	32.9	32.0
2014-03-11	2345766.0	992068.0	47257.0	798763.0	1750319.0	38402.0	31657.0	27.2	20.3	34.0	32.0
2014-03-18	2351123.0	1000198.0	42139.0	801698.0	1763724.0	36117.0	32150.0	27.7	20.2	34.5	32.5
2014-03-25	2346022.0	1003773.0	41279.0	804293.0	1772328.0	37170.0	31629.0	27.4	20.4	34.1	32.6
2014-04-01	2101204.0	979253.0	31110.0	711479.0	1666786.0	42377.0	35213.0	33.5	24.6	39.5	38.6
2014-04-08	2105480.0	995007.0	32033.0	708290.0	1677926.0	42271.0	35609.0	34.2	24.6	40.2	38.9
2014-04-15	2113921.0	1001713.0	32069.0	713113.0	1686808.0	39778.0	35727.0	34.4	24.7	40.4	39.0
2014-04-22	2127483.0	1015838.0	37360.0	717335.0	1700904.0	39429.0	34338.0	35.2	24.4	40.7	38.6
2014-04-29	2011412.0	941043.0	28329.0	683676.0	1603258.0	39715.0	32847.0	34.5	25.8	40.3	39.9
2014-05-06	2015338.0	947809.0	27351.0	680926.0	1608871.0	39733.0	32246.0	34.4	25.9	40.3	40.1
2014-05-13	2023548.0	960556.0	29367.0	687147.0	1623843.0	37809.0	32302.0	35.1	25.8	40.8	40.0
2014-05-20	2003179.0	963807.0	27475.0	679249.0	1621640.0	39790.0	33731.0	35.6	26.1	41.1	40.3
2014-05-27	2001422.0	949239.0	32589.0	690308.0	1612540.0	38774.0	33192.0	34.8	26.0	40.3	39.9
2014-06-03	1916125.0	898712.0	35883.0	669431.0	1539741.0	40021.0	32540.0	34.2	25.8	40.4	38.7
2014-06-10	1962896.0	917678.0	57806.0	674535.0	1543628.0	41499.0	32278.0	35.5	25.4	41.3	37.6
2014-06-17	1969925.0	902827.0	66413.0	695367.0	1538970.0	38345.0	31156.0	34.9	25.3	40.6	36.8
2014-06-24	2011106.0	902403.0	56737.0	704397.0	1561574.0	41055.0	29544.0	34.4	24.9	40.0	37.0
2014-07-01	1950435.0	882773.0	65052.0	692593.0	1519783.0	42780.0	33311.0	34.8	25.0	41.7	36.9
2014-07-08	1963907.0	883783.0	67056.0	702148.0	1529556.0	42638.0	31957.0	34.8	25.0	41.8	36.8
2014-07-15	1965388.0	870426.0	70055.0	713428.0	1524263.0	41717.0	31253.0	34.2	25.0	41.3	36.6
2014-07-22	1984594.0	870212.0	72749.0	715623.0	1530468.0	52809.0	35427.0	33.7	24.8	40.9	36.5
2014-07-29	1995746.0	866538.0	65536.0	730717.0	1534915.0	55376.0	52180.0	33.3	24.6	40.5	36.2
2014-08-05	1914280.0	791125.0	65811.0	736057.0	1486307.0	57963.0	33027.0	31.4	24.2	39.2	36.4
2014-08-12	1937780.0	804539.0	64539.0	750078.0	1512830.0	56477.0	33725.0	31.5	23.9	39.5	36.5
2014-08-19	1958998.0	805513.0	64439.0	758709.0	1522106.0	57494.0	35171.0	31.1	23.7	39.1	36.1
2014-08-26	1980362.0	826682.0	63423.0	777118.0	1544509.0	49438.0	45306.0	31.6	23.5	39.7	36.0
2014-09-02	1875151.0	794678.0	62048.0	707287.0	1460129.0	54539.0	34327.0	32.5	24.7	41.1	37.3
2014-09-09	1892514.0	805967.0	64442.0	714514.0	1473108.0	51419.0	34350.0	32.7	24.7	41.3	37.3
2014-09-16	1897832.0	805808.0	64062.0	720716.0	1479391.0	49218.0	32289.0	32.0	24.7	40.9	37.6
2014-09-23	1943464.0	800057.0	61731.0	738055.0	1492038.0	49336.0	33679.0	30.3	25.6	39.5	38.0
2014-09-30	1800137.0	753116.0	53508.0	681996.0	1401415.0	52675.0	32864.0	31.7	29.6	41.4	41.5
2014-10-07	1818587.0	759954.0	52322.0	692735.0	1419945.0	52484.0	32906.0	31.8	29.6	41.6	41.4
2014-10-14	1831782.0	767469.0	62692.0	696658.0	1422515.0	55776.0	34696.0	32.0	29.6	41.8	41.3
2014-10-21	1833848.0	764423.0	58600.0	715003.0	1441255.0	52411.0	31982.0	31.2	29.6	41.6	41.8
2014-10-28	1850085.0	770946.0	62739.0	728994.0	1457219.0	51449.0	31431.0	31.5	30.2	42.2	42.4
2014-11-04	1781644.0	743101.0	52825.0	703022.0	1411405.0	54629.0	36522.0	33.7	30.2	43.4	43.2
2014-11-11	1797279.0	755601.0	54400.0	703911.0	1423187.0	51992.0	33917.0	34.2	30.5	43.7	43.6
2014-11-18	1816592.0	764776.0	56090.0	713236.0	1442213.0	56916.0	36625.0	34.4	30.6	43.9	43.4
2014-11-25	1848255.0	768863.0	63889.0	744720.0	1463280.0	50754.0	37168.0	34.3	30.3	43.6	43.0
2014-12-02	1784026.0	767799.0	62028.0	693690.0	1425082.0	61236.0	35615.0	35.9	31.9	45.9	45.1
2014-12-09	1782461.0	766394.0	63319.0	704985.0	1434210.0	61352.0	35202.0	36.4	32.2	46.5	45.5
2014-12-16	1804769.0	775547.0	66267.0	704721.0	1437468.0	58761.0	35294.0	36.9	34.7	47.2	47.9
2014-12-23	1816624.0	778456.0	88987.0	734087.0	1442756.0	55603.0	36403.0	37.5	34.6	47.3	47.9
2014-12-30	1687544.0	754859.0	95946.0	690623.0	1372193.0	58647.0	35990.0	38.8	37.9	49.2	51.4
2015-01-06	1690199.0	747177.0	100891.0	698564.0	1368471.0	59772.0	36151.0	38.8	37.5	49.1	51.3
2015-01-13	1723556.0	750135.0	115948.0	724744.0	1379666.0	58449.0	37714.0	38.8	36.2	48.9	51.4
2015-01-20	1760821.0	775464.0	120934.0	738330.0	1413903.0	56859.0	35816.0	39.6	35.4	49.6	50.9
2015-01-27	1804808.0	780578.0	126122.0	762560.0	1440010.0	58734.0	35740.0	40.1	34.4	49.5	50.1
2015-02-03	1742109.0	747787.0	115685.0	744562.0	1398842.0	58770.0	36592.0	41.4	35.1	50.3	51.2
2015-02-10	1756389.0	747071.0	115409.0	757836.0	1411010.0	59456.0	37944.0	40.9	35.3	50.0	51.3
2015-02-17	1773499.0	758510.0	116769.0	778050.0	1440285.0	56593.0	36099.0	40.2	36.0	49.7	52.6
2015-02-24	1801000.0	775687.0	98080.0	785696.0	1485612.0	54323.0	32014.0	40.3	36.4	49.3	51.7
2015-03-03	1673120.0	695127.0	80150.0	745612.0	1381791.0	56037.0	34835.0	41.1	34.8	48.7	51.4
2015-03-10	1695379.0	707143.0	82164.0	753202.0	1399254.0	56362.0	35289.0	41.8	35.0	49.3	51.6
2015-03-17	1717808.0	720379.0	82350.0	763319.0	1419716.0	53167.0	34799.0	42.3	34.9	49.7	51.1
2015-03-24	1712956.0	732526.0	67656.0	761530.0	1447276.0	51804.0	30928.0	42.8	36.4	51.2	52.5
2015-03-31	1618707.0	734539.0	78504.0	705399.0	1375768.0	48637.0	34303.0	44.5	38.2	53.9	54.2
2015-04-07	1635753.0	738771.0	70637.0	718038.0	1400872.0	50045.0	35345.0	44.6	38.6	54.1	54.5
2015-04-14	1637040.0	733729.0	74912.0	727350.0	1400331.0	49378.0	35214.0	44.7	38.4	54.3	54.4
2015-04-21	1664926.0	735678.0	72185.0	740974.0	1416340.0	48864.0	36991.0	45.6	38.2	54.2	54.2
2015-04-28	1678483.0	715772.0	68374.0	754205.0	1424591.0	61375.0	38387.0	45.1	38.2	53.0	53.8
2015-05-05	1584492.0	686340.0	70364.0	725161.0	1352344.0	47807.0	36600.0	45.0	40.0	53.9	56.1
2015-05-12	1635017.0	733292.0	60958.0	733849.0	1415604.0	44764.0	35343.0	46.0	40.5	54.8	57.3
2015-05-19	1684244.0	744971.0	51505.0	742570.0	1446660.0	46106.0	35482.0	46.4	39.7	54.7	56.3
2015-05-26	1750387.0	777233.0	49185.0	764294.0	1498095.0	41929.0	36176.0	45.9	38.3	53.6	55.0
2015-06-02	1691379.0	751805.0	48332.0	739893.0	1458740.0	49696.0	34322.0	46.2	38.5	54.2	55.2
2015-06-09	1703821.0	749758.0	48287.0	751984.0	1470388.0	49211.0	32278.0	46.0	38.2	54.0	54.8
2015-06-16	1718903.0	759401.0	45535.0	762002.0	1491886.0	46893.0	30875.0	46.6	38.5	54.7	55.2
2015-06-23	1736324.0	778855.0	47744.0	763290.0	1508677.0	44443.0	30167.0	46.3	38.5	54.4	55.6
2015-06-30	1656475.0	729663.0	48080.0	744128.0	1441614.0	46104.0	30201.0	46.6	38.9	55.7	56.2
2015-07-07	1660546.0	730203.0	48014.0	747869.0	1444825.0	44984.0	30217.0	46.7	39.0	55.9	56.3
2015-07-14	1685417.0	743647.0	51304.0	759001.0	1465997.0	43658.0	29005.0	46.7	38.6	55.7	56.1
2015-07-21	1707242.0	751647.0	50862.0	764633.0	1481145.0	44690.0	28963.0	46.5	38.2	55.2	55.6
2015-07-28	1708101.0	756209.0	51229.0	771150.0	1485073.0	39069.0	30126.0	46.3	38.5	55.5	56.0
2015-08-04	1677058.0	755902.0	56943.0	740403.0	1451066.0	40658.0	28954.0	47.5	35.8	55.5	54.2
2015-08-11	1674236.0	759717.0	56272.0	756706.0	1467797.0	36575.0	28929.0	47.6	36.1	55.8	54.4
2015-08-18	1686073.0	764931.0	55847.0	762101.0	1479223.0	37499.0	29461.0	47.7	36.3	55.5	54.4
2015-08-25	1715692.0	766297.0	61951.0	786544.0	1500877.0	37345.0	27358.0	47.6	35.5	55.0	53.2
2015-09-01	1647934.0	714831.0	63320.0	781998.0	1445683.0	36775.0	24601.0	47.3	36.1	55.1	53.8
2015-09-08	1638383.0	697846.0	63632.0	791439.0	1433049.0	35623.0	28227.0	46.8	36.2	54.7	53.5
2015-09-15	1646574.0	701707.0	63446.0	794880.0	1439569.0	34699.0	28271.0	47.1	36.4	54.8	53.5
2015-09-22	1673785.0	712995.0	71029.0	809523.0	1455918.0	33506.0	29077.0	47.4	35.9	54.7	52.9
2015-09-29	1572924.0	654028.0	53628.0	769202.0	1380889.0	36312.0	25025.0	48.5	35.9	55.0	52.9
2015-10-06	1594198.0	660547.0	57282.0	778304.0	1395741.0	37499.0	23327.0	48.5	35.8	54.7	52.7
2015-10-13	1614491.0	667704.0	57065.0	792039.0	1415902.0	36988.0	23764.0	48.9	35.4	55.2	51.9
2015-10-20	1629893.0	670941.0	62383.0	797355.0	1419238.0	37540.0	24215.0	48.7	35.1	54.7	51.5
2015-10-27	1635678.0	658789.0	63578.0	812474.0	1415752.0	34682.0	26615.0	48.2	34.8	54.1	51.1
2015-11-03	1550364.0	596879.0	56147.0	786663.0	1338611.0	38899.0	27683.0	48.1	34.9	54.1	51.5
2015-11-10	1548895.0	594672.0	61691.0	794133.0	1339518.0	40928.0	28524.0	47.9	34.8	53.9	51.2
2015-11-17	1566629.0	601274.0	60639.0	802132.0	1356021.0	39865.0	26611.0	47.8	34.6	54.1	51.0
2015-11-24	1571648.0	609521.0	57207.0	801418.0	1363606.0	40361.0	30487.0	47.7	34.3	54.1	51.3
2015-12-01	1483771.0	548937.0	62360.0	777734.0	1277419.0	46357.0	33249.0	48.4	33.7	54.7	50.8
2015-12-08	1479940.0	539717.0	62084.0	779483.0	1268481.0	44904.0	33539.0	48.4	33.2	54.9	50.1
2015-12-15	1490587.0	551032.0	61596.0	782160.0	1278180.0	46730.0	40146.0	48.3	33.2	54.9	50.8
2015-12-22	1515081.0	571443.0	74277.0	797289.0	1298345.0	41202.0	37312.0	48.8	33.0	55.4	51.2
2015-12-29	1510628.0	564603.0	67996.0	791611.0	1302281.0	44511.0	30448.0	48.7	33.6	55.2	51.3
2016-01-05	1432907.0	526239.0	58978.0	767610.0	1242668.0	40021.0	32224.0	47.5	34.7	54.2	52.5
2016-01-12	1432938.0	545035.0	56876.0	746106.0	1242528.0	40016.0	31753.0	47.5	34.9	54.3	52.9
2016-01-19	1436306.0	550299.0	60693.0	745005.0	1246701.0	40962.0	28872.0	47.4	35.1	54.3	52.9
2016-01-26	1471172.0	557504.0	55060.0	759887.0	1273120.0	40183.0	29394.0	46.4	35.3	53.5	53.1
2016-02-02	1429461.0	527353.0	45511.0	749769.0	1237539.0	35815.0	29887.0	45.4	35.3	52.8	53.0
2016-02-09	1462850.0	537078.0	48867.0	770258.0	1264727.0	35763.0	29505.0	45.2	34.9	52.8	53.1
2016-02-16	1477017.0	544765.0	51492.0	776094.0	1277190.0	35935.0	28112.0	45.1	35.0	52.6	53.2
2016-02-23	1487446.0	561767.0	54317.0	770732.0	1285466.0	36139.0	28855.0	45.1	35.7	52.5	53.8
2016-03-01	1453762.0	550046.0	49880.0	749184.0	1258218.0	35377.0	26509.0	45.5	36.5	53.2	54.7
2016-03-08	1456600.0	538097.0	52931.0	760619.0	1255001.0	34665.0	25449.0	45.1	36.7	53.4	54.6
2016-03-15	1466135.0	551590.0	50698.0	755142.0	1262414.0	31874.0	25494.0	45.1	36.7	53.3	54.8
2016-03-22	1482368.0	555964.0	55728.0	766106.0	1274579.0	34239.0	26002.0	44.7	36.4	52.8	54.8
2016-03-29	1495378.0	562851.0	60515.0	772182.0	1287256.0	38016.0	25278.0	44.8	36.4	52.9	54.5
2016-04-05	1409418.0	546181.0	49987.0	730701.0	1236710.0	35026.0	25211.0	43.8	37.1	52.8	55.8
2016-04-12	1414304.0	551618.0	54322.0	727714.0	1236607.0	34451.0	22854.0	43.5	37.0	52.6	55.7
2016-04-19	1420986.0	549230.0	50258.0	729049.0	1237669.0	32918.0	23270.0	43.3	36.8	52.3	55.4
2016-04-26	1436920.0	548529.0	51857.0	739264.0	1250853.0	37058.0	22141.0	42.9	36.5	52.1	55.2
2016-05-03	1398943.0	546266.0	47953.0	708679.0	1213132.0	33329.0	27189.0	42.7	36.5	52.4	55.8
2016-05-10	1413706.0	562156.0	44331.0	703453.0	1224927.0	32030.0	28381.0	43.4	36.2	53.2	55.7
2016-05-17	1413102.0	560250.0	45400.0	701940.0	1223281.0	35480.0	28989.0	43.1	36.2	52.8	55.7
2016-05-24	1429483.0	578441.0	48585.0	701042.0	1233481.0	36146.0	33563.0	43.4	36.0	53.6	55.9
2016-05-31	1359790.0	532130.0	38718.0	688964.0	1191182.0	33552.0	24746.0	42.8	36.5	53.0	57.0
2016-06-07	1367534.0	541852.0	39566.0	690853.0	1196788.0	35019.0	31370.0	42.4	36.4	52.6	56.9
2016-06-14	1384682.0	563164.0	40662.0	689345.0	1213425.0	33696.0	32118.0	43.0	36.1	53.0	56.8
2016-06-21	1416076.0	583337.0	42265.0	688176.0	1230795.0	34590.0	33043.0	42.7	35.6	52.3	56.0
2016-06-28	1449163.0	601351.0	47742.0	688998.0	1246522.0	36023.0	32108.0	42.5	35.1	52.0	55.1
2016-07-05	1395895.0	593897.0	49912.0	674465.0	1217641.0	29505.0	30314.0	43.1	35.2	51.9	55.2
2016-07-12	1400776.0	596145.0	50578.0	674470.0	1219284.0	29505.0	30258.0	42.9	35.1	51.6	55.1
2016-07-19	1412459.0	603021.0	50225.0	673357.0	1226432.0	30426.0	30147.0	42.5	35.1	51.2	55.0
2016-07-26	1425733.0	609686.0	53002.0	672173.0	1231886.0	34037.0	31008.0	42.2	34.7	50.8	54.9
2016-08-02	1371382.0	572492.0	41576.0	662709.0	1190233.0	29487.0	32879.0	42.3	35.3	51.2	55.5
2016-08-09	1380445.0	581131.0	41520.0	654421.0	1190812.0	29464.0	32684.0	41.7	35.2	50.5	54.6
2016-08-16	1389492.0	585158.0	42492.0	655987.0	1195622.0	28933.0	31964.0	42.0	34.6	50.6	54.2
2016-08-23	1406658.0	591579.0	46200.0	658854.0	1198708.0	27570.0	33095.0	41.5	34.2	50.0	53.7
2016-08-30	1343073.0	577033.0	58937.0	640431.0	1166571.0	30402.0	22358.0	42.0	34.7	51.0	55.0
2016-09-06	1346929.0	584682.0	61507.0	642808.0	1173411.0	30162.0	22734.0	42.4	34.7	51.2	54.9
2016-09-13	1347657.0	584264.0	62247.0	645300.0	1174582.0	29741.0	22476.0	42.3	34.7	51.3	54.8
2016-09-20	1358329.0	580411.0	57353.0	654311.0	1185431.0	29475.0	21413.0	40.7	34.9	49.7	55.0
2016-09-27	1377908.0	600124.0	62459.0	651223.0	1194875.0	27181.0	21194.0	40.2	34.7	49.4	54.8
2016-10-04	1324749.0	572634.0	55245.0	628776.0	1159567.0	34617.0	21215.0	42.0	36.1	51.6	56.9
2016-10-11	1332901.0	588476.0	56806.0	625187.0	1170646.0	34958.0	21169.0	41.6	36.0	51.1	57.0
2016-10-18	1349848.0	606043.0	57109.0	629702.0	1191473.0	34236.0	21399.0	41.8	35.7	51.5	57.2
2016-10-25	1393751.0	635730.0	56419.0	632596.0	1225300.0	33388.0	19995.0	41.6	34.9	51.1	57.5
2016-11-01	1358107.0	616299.0	45398.0	617546.0	1201906.0	33351.0	19892.0	43.6	35.1	53.1	58.4
2016-11-08	1366916.0	640214.0	54432.0	620996.0	1217911.0	31728.0	20595.0	44.8	34.7	54.2	58.7
2016-11-15	1383088.0	642208.0	61163.0	635198.0	1227739.0	32224.0	20728.0	44.3	34.5	53.9	58.3
2016-11-22	1390950.0	634500.0	55775.0	648821.0	1239694.0	30764.0	18616.0	43.9	34.4	53.0	58.0
2016-11-29	1325306.0	603809.0	36710.0	621608.0	1199764.0	31136.0	20079.0	44.1	35.1	53.0	58.8
2016-12-06	1364018.0	631280.0	39023.0	619164.0	1224321.0	30270.0	17370.0	43.4	33.9	51.9	57.1
2016-12-13	1400410.0	666751.0	40072.0	613488.0	1251847.0	29050.0	17370.0	44.1	33.4	52.6	56.7
2016-12-20	1408639.0	676328.0	38625.0	611393.0	1261671.0	30449.0	17874.0	44.8	33.4	53.2	56.8
2016-12-27	1431302.0	664281.0	48347.0	632342.0	1260258.0	30835.0	18853.0	45.6	34.1	55.9	57.6
2017-01-03	1361778.0	658251.0	55354.0	587927.0	1201355.0	28685.0	18154.0	46.7	35.2	56.3	57.9
2017-01-10	1373477.0	674781.0	52704.0	583398.0	1214585.0	26901.0	17791.0	47.0	34.9	56.6	58.4
2017-01-17	1375049.0	676624.0	52052.0	581681.0	1215329.0	26892.0	17816.0	46.9	34.9	56.4	58.3
2017-01-24	1373917.0	681628.0	51146.0	579829.0	1217783.0	27001.0	19529.0	46.9	34.9	56.7	58.4
2017-01-31	1305939.0	634285.0	35066.0	559962.0	1173074.0	30189.0	16296.0	47.7	35.8	57.3	59.6
