2009-07-07	1551.0	0.0	75.0	966.0	1118.0	585.0	358.0	23.1	25.0	30.0	39.4
2009-07-14	1733.0	0.0	75.0	1046.0	1301.0	687.0	357.0	23.1	28.8	30.1	44.2
2009-07-21	1737.0	0.0	75.0	1034.0	1304.0	703.0	358.0	23.8	27.6	28.8	43.0
2009-07-28	1848.0	0.0	75.0	1072.0	1330.0	776.0	443.0	21.4	25.6	25.9	39.6
2009-11-24	2120.0	0.0	0.0	1191.0	1447.0	929.0	673.0	13.9	22.5	22.1	33.5
2009-12-01	2384.0	0.0	0.0	1327.0	1621.0	1057.0	763.0	12.6	22.2	20.7	31.5
2009-12-08	1829.0	0.0	0.0	1107.0	1353.0	722.0	476.0	12.3	25.4	20.4	34.5
2009-12-15	1835.0	0.0	0.0	1036.0	1386.0	799.0	449.0	12.4	25.8	19.1	36.1
2009-12-22	1896.0	0.0	0.0	1057.0	1338.0	839.0	558.0	15.4	23.7	22.8	34.9
2009-12-29	1826.0	0.0	0.0	1008.0	1313.0	818.0	513.0	14.9	24.6	22.5	34.7
2010-01-12	1457.0	86.0	35.0	703.0	873.0	668.0	549.0	20.0	27.2	30.7	37.3
2010-01-26	1842.0	113.0	0.0	823.0	1319.0	906.0	523.0	16.8	35.5	28.1	47.2
2010-05-04	1536.0	92.0	0.0	965.0	932.0	471.0	596.0	28.2	16.7	35.9	26.6
2010-05-11	1605.0	82.0	0.0	1008.0	1037.0	507.0	560.0	30.8	17.9	40.2	30.3
2010-05-18	1725.0	76.0	0.0	1054.0	1118.0	587.0	599.0	28.9	20.1	39.2	32.6
2010-05-25	1923.0	76.0	0.0	1195.0	1260.0	644.0	655.0	26.7	19.2	35.2	31.9
2010-06-01	2026.0	65.0	0.0	1182.0	1388.0	771.0	630.0	29.3	19.0	36.9	30.8
2010-06-29	2029.0	51.0	0.0	1113.0	1363.0	863.0	664.0	22.9	18.0	22.9	25.4
2010-07-20	2202.0	118.0	0.0	1427.0	1678.0	632.0	499.0	25.9	17.8	30.0	28.8
2010-07-27	2455.0	123.0	0.0	1655.0	1914.0	647.0	511.0	26.9	17.5	31.6	30.1
2010-08-03	2052.0	53.0	0.0	1436.0	1395.0	505.0	599.0	21.2	13.8	26.0	20.9
2010-08-10	2233.0	71.0	63.0	1630.0	1540.0	481.0	579.0	21.4	13.1	27.8	22.3
2010-08-17	2223.0	92.0	63.0	1541.0	1617.0	554.0	507.0	20.9	13.9	27.5	24.3
2010-08-24	2428.0	150.0	63.0	1755.0	1794.0	467.0	515.0	21.8	12.9	30.3	23.9
2010-08-31	2612.0	132.0	0.0	1882.0	2094.0	539.0	459.0	24.4	13.4	30.4	23.8
2010-09-07	2212.0	48.0	0.0	1647.0	1809.0	462.0	348.0	26.8	16.1	30.9	26.9
