2005-01-04	683120.0	74567.0	67020.0	479579.0	465979.0	54883.0	76030.0	17.0	14.4	26.0	19.7
2005-01-11	707361.0	79563.0	70949.0	488223.0	478166.0	49431.0	68102.0	15.5	13.3	23.6	18.1
2005-01-18	718813.0	86451.0	70526.0	495530.0	491377.0	51391.0	71469.0	14.9	13.9	22.7	18.9
2005-01-25	713890.0	98204.0	64354.0	476155.0	494844.0	48854.0	64015.0	14.7	15.1	22.1	21.1
2005-02-01	734197.0	100507.0	69555.0	492654.0	507975.0	44819.0	60450.0	14.7	14.4	22.0	20.5
2005-02-08	731161.0	99003.0	71446.0	481481.0	490249.0	54308.0	73097.0	14.7	13.6	22.6	19.4
2005-02-15	740087.0	101963.0	70335.0	480980.0	493378.0	52611.0	71841.0	14.9	13.0	22.7	18.5
2005-02-22	760290.0	120964.0	66788.0	484386.0	524236.0	54416.0	68742.0	13.9	13.4	20.9	19.6
2005-03-01	775874.0	130797.0	70624.0	482665.0	533258.0	64896.0	74476.0	13.8	14.5	20.8	20.5
2005-03-08	816226.0	158645.0	81982.0	476025.0	546468.0	71934.0	78154.0	13.0	15.2	20.2	20.7
2005-03-15	841984.0	168856.0	101171.0	490810.0	544400.0	63278.0	77373.0	13.1	15.1	20.8	20.7
2005-03-22	845847.0	166969.0	97460.0	501457.0	551063.0	60032.0	79935.0	12.6	14.9	19.9	20.4
2005-03-29	839333.0	164014.0	90222.0	493298.0	546895.0	63970.0	84165.0	12.6	14.2	19.6	19.8
2005-04-05	859819.0	173593.0	84881.0	488807.0	566573.0	72107.0	83053.0	12.0	14.4	18.6	20.0
2005-04-12	836618.0	154538.0	94888.0	478355.0	533292.0	66852.0	71565.0	12.8	14.6	19.8	20.7
2005-04-19	822215.0	125300.0	92649.0	517581.0	539992.0	60279.0	70519.0	14.2	12.3	22.2	19.5
2005-04-26	810502.0	121606.0	95598.0	508385.0	520232.0	54859.0	69020.0	14.3	13.3	23.3	20.8
2005-05-03	810793.0	107003.0	98600.0	511576.0	502606.0	57622.0	74995.0	14.8	12.7	24.0	19.8
2005-05-10	831666.0	103029.0	102944.0	520162.0	504290.0	68467.0	84424.0	15.1	11.8	24.0	18.2
2005-05-17	791036.0	87892.0	90200.0	510659.0	489926.0	52252.0	70677.0	17.2	12.4	26.4	18.8
2005-05-24	762963.0	80567.0	94886.0	507855.0	479026.0	53021.0	67531.0	19.8	13.6	28.8	21.4
2005-05-31	783354.0	83989.0	101390.0	512236.0	473136.0	53886.0	75585.0	19.5	12.4	28.2	19.5
2005-06-07	783546.0	92147.0	90772.0	496939.0	485653.0	61265.0	73926.0	18.9	12.6	27.4	19.2
2005-06-14	807148.0	99237.0	86674.0	529397.0	522129.0	58779.0	78610.0	18.8	12.2	26.8	19.3
2005-06-21	771615.0	108262.0	88415.0	496818.0	500964.0	57348.0	73049.0	18.4	13.8	27.0	21.9
2005-06-28	783203.0	112569.0	90561.0	481358.0	487852.0	67121.0	82635.0	18.3	13.7	26.4	21.5
2005-07-05	813974.0	121277.0	88519.0	493272.0	510966.0	70480.0	85544.0	18.0	12.1	25.1	19.6
2005-07-12	828196.0	122269.0	88240.0	502119.0	527788.0	70813.0	79173.0	17.7	11.6	24.7	18.2
2005-07-19	822636.0	108705.0	89806.0	511125.0	523348.0	65179.0	71855.0	17.8	11.3	25.0	17.4
2005-07-26	802588.0	106194.0	94265.0	502164.0	504112.0	55625.0	65606.0	19.0	11.7	26.3	17.6
2005-08-02	840179.0	121061.0	94991.0	490451.0	508328.0	67929.0	76122.0	17.8	11.2	24.9	17.6
2005-08-09	887515.0	139400.0	104412.0	509259.0	533649.0	76411.0	87009.0	16.7	11.5	23.4	18.0
2005-08-16	957767.0	154463.0	114068.0	552971.0	578683.0	69331.0	84014.0	15.6	11.6	21.8	18.5
2005-08-23	896090.0	140449.0	124729.0	522331.0	530687.0	65321.0	72685.0	17.0	11.6	23.5	18.2
2005-09-06	897560.0	140777.0	116683.0	524902.0	540460.0	70479.0	79015.0	16.6	11.1	23.0	18.1
2005-09-13	872847.0	114638.0	122886.0	534826.0	526988.0	79226.0	78816.0	18.0	9.8	24.7	16.6
2005-09-20	846588.0	110078.0	123181.0	532544.0	511803.0	61778.0	69416.0	20.0	11.1	26.7	17.8
2005-09-27	851214.0	107481.0	133810.0	541508.0	502633.0	56115.0	68661.0	21.1	10.9	27.7	17.1
2005-10-04	866124.0	118480.0	145731.0	529094.0	490136.0	60758.0	72465.0	20.5	11.2	28.3	17.3
2005-10-11	852369.0	106875.0	147445.0	545812.0	485853.0	57554.0	76943.0	22.5	11.9	30.5	17.6
2005-10-18	860139.0	123903.0	150021.0	549911.0	503139.0	52458.0	73112.0	20.4	12.2	28.3	18.3
2005-10-25	817409.0	120653.0	158737.0	523109.0	464980.0	50027.0	70072.0	21.2	14.1	30.0	20.1
2005-11-01	821833.0	120127.0	162167.0	521071.0	461207.0	53685.0	71509.0	21.1	12.1	29.2	18.2
2005-11-08	830757.0	122079.0	169895.0	530501.0	465085.0	49846.0	67446.0	21.1	11.6	28.9	17.8
2005-11-15	845065.0	115494.0	171662.0	543858.0	473204.0	64308.0	78794.0	20.4	11.3	27.7	17.4
2005-11-22	805527.0	115470.0	158534.0	527909.0	466685.0	44878.0	63038.0	21.2	11.2	28.7	18.1
2005-11-29	836948.0	121151.0	164924.0	541974.0	476674.0	47955.0	69482.0	20.3	9.5	27.9	15.7
2005-12-06	861412.0	131832.0	161359.0	540058.0	496329.0	65736.0	79938.0	19.1	9.1	26.5	15.5
2005-12-13	869209.0	132646.0	162587.0	540179.0	497197.0	67639.0	80680.0	19.4	8.7	26.7	15.2
2005-12-20	813180.0	120418.0	137409.0	524385.0	494288.0	52780.0	65886.0	19.3	9.2	26.9	16.3
2005-12-27	818841.0	120638.0	144892.0	534297.0	488984.0	45973.0	67032.0	19.8	8.2	27.4	14.7
2006-01-03	849868.0	131842.0	146245.0	532650.0	503932.0	56512.0	70827.0	19.7	7.7	27.0	14.1
2006-01-10	892949.0	145309.0	146031.0	535003.0	531922.0	68952.0	71311.0	18.5	7.5	25.1	14.3
2006-01-17	909573.0	148056.0	149732.0	550045.0	547558.0	67199.0	68010.0	17.9	8.0	24.5	14.4
2006-01-24	908242.0	151138.0	145597.0	548218.0	554903.0	60684.0	59540.0	17.9	8.2	24.5	15.0
2006-01-31	951012.0	157003.0	137033.0	577385.0	602159.0	68463.0	63659.0	17.8	9.1	24.0	15.3
2006-02-07	941180.0	137673.0	138212.0	581157.0	586702.0	70205.0	64121.0	18.6	8.4	24.9	14.5
2006-02-14	926564.0	129197.0	147698.0	580179.0	566940.0	65618.0	60356.0	20.0	8.3	26.1	14.5
2006-02-21	889301.0	112024.0	142152.0	582703.0	549345.0	53299.0	56529.0	21.7	9.2	28.1	15.2
2006-02-28	941616.0	120612.0	146263.0	609660.0	574726.0	64271.0	73554.0	20.4	8.7	27.3	14.2
2006-03-07	966478.0	125295.0	144421.0	629460.0	604761.0	64908.0	70481.0	18.8	7.8	25.6	13.1
2006-03-14	980280.0	130086.0	145344.0	626316.0	607141.0	64609.0	68526.0	17.4	7.7	24.2	13.3
2006-03-21	928551.0	128840.0	135177.0	591054.0	568164.0	54807.0	71360.0	17.7	7.8	25.1	13.8
2006-03-28	936136.0	135158.0	127940.0	575511.0	572701.0	57165.0	67193.0	16.9	8.0	24.4	13.8
2006-04-04	967908.0	149602.0	119577.0	571827.0	583515.0	55996.0	74333.0	16.2	8.2	22.1	13.9
2006-04-11	987579.0	157568.0	129319.0	575785.0	598821.0	62948.0	68161.0	15.5	9.5	20.9	15.4
2006-04-18	1002719.0	183102.0	116353.0	557424.0	616604.0	65853.0	73422.0	14.8	9.7	20.2	16.4
2006-04-25	1017674.0	198211.0	124188.0	547166.0	613121.0	67501.0	75569.0	14.3	10.5	20.0	17.2
2006-05-02	1091791.0	216298.0	122204.0	566318.0	654404.0	67756.0	73764.0	13.3	10.5	18.8	16.6
2006-05-09	1090810.0	200949.0	114607.0	572734.0	655010.0	75507.0	79573.0	13.1	9.3	18.0	15.6
2006-05-16	1068817.0	199020.0	120813.0	549687.0	623409.0	68676.0	73161.0	13.2	8.5	18.2	15.0
2006-05-23	995266.0	171787.0	117187.0	541891.0	585459.0	57094.0	68126.0	14.6	8.8	19.9	14.6
2006-05-30	1018291.0	175621.0	127164.0	556137.0	599026.0	65010.0	70578.0	14.3	8.1	19.5	13.4
2006-06-06	1044132.0	179813.0	135933.0	575586.0	612987.0	64550.0	71029.0	14.0	9.1	19.7	14.7
2006-06-13	1044276.0	173067.0	135515.0	597343.0	621997.0	53313.0	66211.0	13.9	9.2	19.9	14.8
2006-06-20	968619.0	161715.0	134969.0	563221.0	576325.0	51717.0	65359.0	14.4	10.1	20.3	16.1
2006-06-27	991500.0	171371.0	134557.0	559567.0	583683.0	55904.0	68602.0	13.9	9.0	19.5	14.6
2006-07-03	1013523.0	176166.0	130888.0	563193.0	596678.0	60593.0	72386.0	13.5	8.8	19.0	14.3
2006-07-11	1061431.0	193203.0	135437.0	578453.0	625400.0	63294.0	74113.0	12.7	8.7	18.3	13.8
2006-07-18	1086762.0	191819.0	135050.0	596480.0	652937.0	69159.0	69471.0	12.3	9.1	18.3	14.4
2006-07-25	1051351.0	185092.0	124807.0	570447.0	624736.0	60596.0	66592.0	12.8	9.4	18.1	14.9
2006-08-01	1109838.0	189224.0	123129.0	610969.0	674562.0	59919.0	62421.0	12.1	8.6	17.0	13.7
2006-08-08	1164949.0	197612.0	127082.0	647964.0	716391.0	62513.0	64616.0	11.4	8.0	16.2	12.9
2006-08-15	1209950.0	196301.0	112507.0	690208.0	765049.0	60237.0	69190.0	10.8	7.9	15.6	12.6
2006-08-22	1122955.0	183323.0	114408.0	640982.0	704973.0	56331.0	61255.0	11.6	8.1	17.4	13.1
2006-08-29	1149670.0	179681.0	118820.0	676822.0	726335.0	60225.0	71573.0	11.4	7.6	16.4	11.9
2006-09-05	1170266.0	179017.0	131700.0	700190.0	735683.0	56923.0	68747.0	11.5	6.9	16.2	10.8
2006-09-12	1213940.0	177047.0	140027.0	730801.0	752627.0	68685.0	83879.0	11.0	6.6	15.3	10.2
2006-09-19	1177409.0	161535.0	139037.0	717492.0	719409.0	69021.0	89602.0	11.6	6.9	16.1	10.5
2006-09-26	1148838.0	166460.0	152775.0	693367.0	690611.0	59578.0	76019.0	12.3	7.0	17.7	11.2
2006-10-03	1173630.0	159235.0	159104.0	711235.0	697748.0	63081.0	76699.0	12.6	6.2	17.5	10.3
2006-10-10	1193421.0	159359.0	159058.0	720323.0	702636.0	64195.0	82183.0	12.4	6.5	16.8	10.4
2006-10-17	1186170.0	152971.0	155667.0	726932.0	709889.0	67740.0	82087.0	12.4	7.0	17.3	11.2
2006-10-24	1133789.0	159629.0	164654.0	694661.0	677504.0	65473.0	77605.0	12.8	7.8	17.7	12.4
2006-10-31	1158612.0	162794.0	174105.0	693010.0	674656.0	78490.0	85533.0	12.7	7.9	16.9	11.8
2006-11-07	1160833.0	171129.0	175923.0	698770.0	685537.0	70062.0	78501.0	12.6	7.4	16.9	11.8
2006-11-14	1220474.0	165257.0	147904.0	742030.0	741315.0	62929.0	80997.0	12.1	7.6	16.7	11.3
2006-11-21	1152869.0	164956.0	152519.0	690924.0	701626.0	65796.0	67531.0	12.3	8.2	17.9	12.7
2006-11-28	1172455.0	169872.0	158058.0	700084.0	702698.0	61524.0	70724.0	12.2	8.3	17.9	12.6
2006-12-05	1218680.0	167778.0	148767.0	719307.0	717578.0	66619.0	87359.0	12.2	8.1	18.0	12.3
2006-12-12	1222508.0	167097.0	154639.0	729439.0	736196.0	73919.0	79620.0	12.5	7.8	18.6	12.2
2006-12-19	1161945.0	157670.0	138823.0	713041.0	714703.0	60876.0	78061.0	12.7	7.5	18.7	12.5
2006-12-26	1179893.0	160309.0	140461.0	724075.0	727830.0	64923.0	81016.0	12.4	7.3	18.2	11.8
2007-01-03	1226641.0	167725.0	165531.0	754040.0	744275.0	68114.0	80073.0	12.0	7.0	17.6	11.1
2007-01-09	1280292.0	164334.0	186692.0	787948.0	763322.0	75842.0	78110.0	12.5	6.9	19.0	10.6
2007-01-16	1317380.0	176223.0	178255.0	799360.0	797050.0	75930.0	76208.0	11.8	7.7	18.1	11.2
2007-01-23	1269598.0	171292.0	179791.0	783782.0	774631.0	74828.0	75480.0	12.9	8.1	19.5	11.7
2007-01-30	1306996.0	166578.0	180920.0	818277.0	798053.0	77394.0	83276.0	12.6	7.7	19.0	11.4
2007-02-06	1298456.0	152746.0	174070.0	822984.0	784268.0	62746.0	80138.0	12.6	7.7	19.0	10.9
2007-02-13	1322794.0	172152.0	179365.0	846255.0	824808.0	60610.0	74844.0	12.9	8.1	19.1	11.5
2007-02-20	1227487.0	168334.0	160472.0	791297.0	783167.0	59299.0	75291.0	13.8	8.8	20.4	12.8
2007-02-27	1269208.0	178043.0	152004.0	809294.0	819492.0	69129.0	84970.0	12.9	8.8	19.0	12.8
2007-03-06	1275194.0	172082.0	135759.0	813652.0	833204.0	59522.0	76293.0	12.3	8.9	18.0	12.9
2007-03-13	1322242.0	172387.0	135273.0	841942.0	863258.0	71639.0	87437.0	11.3	8.2	16.6	11.8
2007-03-20	1312508.0	170982.0	126616.0	851705.0	883689.0	66113.0	78495.0	11.5	9.0	16.7	12.9
2007-03-27	1330479.0	179645.0	139466.0	857149.0	884128.0	66986.0	80186.0	10.9	8.6	16.1	13.3
2007-04-03	1358053.0	196329.0	129654.0	865686.0	922271.0	66652.0	76742.0	10.6	8.5	15.2	13.5
2007-04-10	1326403.0	202367.0	127183.0	805157.0	877168.0	78042.0	81215.0	10.7	8.8	15.4	14.2
2007-04-17	1309533.0	206586.0	125771.0	787440.0	863540.0	73680.0	78395.0	10.5	8.3	15.7	13.5
2007-04-24	1316177.0	199503.0	135674.0	802849.0	863657.0	73752.0	76773.0	10.6	8.4	15.8	13.8
2007-05-01	1341807.0	195239.0	129116.0	830557.0	890444.0	70918.0	77154.0	10.3	8.5	15.6	13.7
2007-05-08	1384509.0	188498.0	132500.0	878277.0	928131.0	70694.0	76838.0	10.5	8.1	15.7	13.0
2007-05-15	1448897.0	192274.0	147702.0	922957.0	937291.0	79281.0	109519.0	11.3	7.5	16.4	11.7
2007-05-22	1350183.0	175892.0	122431.0	854885.0	899264.0	68377.0	77459.0	11.8	7.9	16.6	12.7
2007-05-29	1388590.0	180467.0	145223.0	878166.0	910866.0	69934.0	72478.0	11.1	7.3	15.9	12.3
2007-06-05	1423761.0	180566.0	125651.0	897214.0	947336.0	81030.0	85823.0	10.3	7.7	15.1	12.7
2007-06-12	1432636.0	184720.0	120249.0	894844.0	942743.0	71962.0	88534.0	11.0	7.5	15.8	12.0
2007-06-19	1422817.0	200772.0	133351.0	885045.0	951249.0	80140.0	81357.0	10.8	7.2	15.5	12.4
2007-06-26	1436152.0	197493.0	130329.0	876792.0	949216.0	86887.0	81627.0	10.4	7.1	15.0	11.7
2007-07-03	1499897.0	228644.0	131271.0	902584.0	997112.0	76415.0	79260.0	9.2	7.0	13.9	11.8
2007-07-10	1546372.0	250071.0	136758.0	917338.0	1030407.0	77059.0	77303.0	8.8	7.5	13.6	12.2
2007-07-17	1549425.0	248968.0	137421.0	906067.0	1012454.0	80551.0	85711.0	9.0	7.1	14.0	11.4
2007-07-24	1485746.0	255068.0	144162.0	876777.0	990712.0	72787.0	69758.0	9.6	8.1	15.2	12.5
2007-07-31	1521237.0	266519.0	136904.0	895645.0	1017457.0	75798.0	83601.0	9.1	7.9	14.4	11.6
2007-08-07	1504817.0	233568.0	124646.0	893870.0	1014069.0	85051.0	73774.0	9.0	7.9	14.1	11.6
2007-08-14	1516963.0	220585.0	154478.0	789913.0	860484.0	79069.0	74605.0	9.2	6.7	14.6	10.4
2007-08-21	1422175.0	206977.0	184170.0	779594.0	804306.0	65623.0	63718.0	10.8	6.4	16.8	10.4
2007-08-28	1432723.0	202843.0	195413.0	782357.0	789516.0	68585.0	68856.0	10.7	6.1	16.8	10.4
2007-09-04	1489231.0	221536.0	188679.0	796540.0	812988.0	68294.0	84703.0	10.7	6.0	16.4	10.3
2007-09-11	1544715.0	231243.0	204634.0	804758.0	822797.0	76374.0	84944.0	9.9	5.8	15.6	9.8
2007-09-18	1488381.0	238336.0	199267.0	777413.0	806861.0	80121.0	89742.0	10.5	6.1	17.0	10.3
2007-09-25	1409620.0	243458.0	215377.0	716674.0	746503.0	72393.0	70645.0	11.1	6.9	17.4	11.7
2007-10-02	1426044.0	239250.0	197788.0	719520.0	764046.0	78782.0	75718.0	11.4	7.4	17.5	12.2
2007-10-09	1440924.0	247233.0	193863.0	722288.0	772262.0	80108.0	83504.0	11.4	7.2	17.2	11.8
2007-10-16	1489293.0	251001.0	182401.0	756424.0	814867.0	84452.0	94609.0	11.0	6.5	16.4	11.3
2007-10-23	1408072.0	243931.0	201489.0	708107.0	750224.0	73109.0	73434.0	11.7	7.2	17.9	12.5
2007-10-30	1448114.0	246342.0	180630.0	727223.0	787214.0	84225.0	89946.0	11.4	7.1	16.9	12.3
2007-11-06	1513362.0	251944.0	163343.0	765466.0	832439.0	66365.0	87993.0	11.3	7.2	16.5	12.1
2007-11-13	1445162.0	225232.0	214410.0	774613.0	781005.0	74675.0	79105.0	12.0	7.4	18.9	12.8
2007-11-20	1397984.0	236026.0	201460.0	746107.0	759417.0	65873.0	87129.0	12.5	7.8	19.6	13.4
2007-11-27	1404428.0	230982.0	186421.0	748921.0	788382.0	67756.0	72856.0	12.3	7.9	18.4	13.0
2007-12-04	1382526.0	215237.0	181083.0	737563.0	769928.0	73753.0	75542.0	12.2	8.1	18.8	12.9
2007-12-11	1380907.0	214193.0	176167.0	732035.0	761245.0	74166.0	82982.0	12.2	7.7	18.8	12.5
2007-12-18	1330250.0	213103.0	184050.0	714368.0	737563.0	69530.0	75388.0	12.7	7.9	20.4	13.0
2007-12-24	1325751.0	219382.0	171020.0	700750.0	746970.0	72115.0	74257.0	12.5	8.4	19.4	13.6
2007-12-31	1361258.0	238970.0	151315.0	689341.0	775037.0	76820.0	78779.0	11.9	8.7	17.9	13.9
2008-01-08	1413956.0	244299.0	147208.0	702120.0	804794.0	86797.0	81214.0	11.0	9.1	17.0	14.2
2008-01-15	1458072.0	232774.0	143916.0	735031.0	830952.0	95380.0	88317.0	10.8	8.5	16.7	13.6
2008-01-22	1343167.0	200595.0	168208.0	708730.0	742425.0	74943.0	73635.0	11.9	8.9	19.2	14.5
2008-01-29	1365807.0	211680.0	190335.0	727239.0	749814.0	69449.0	68219.0	12.6	8.7	19.0	14.3
2008-02-05	1368524.0	205649.0	184815.0	731825.0	750186.0	73544.0	76017.0	13.0	8.6	19.6	13.9
2008-02-12	1393035.0	217510.0	185936.0	717080.0	745614.0	106307.0	109347.0	12.8	7.4	19.2	12.9
2008-02-19	1355135.0	232424.0	177226.0	704558.0	753061.0	82716.0	89411.0	12.5	7.9	19.6	13.2
2008-02-26	1405922.0	257989.0	172319.0	709189.0	788987.0	88150.0	94022.0	12.0	8.1	18.6	13.6
2008-03-04	1450956.0	261451.0	159390.0	717686.0	823043.0	85549.0	82253.0	11.6	8.6	17.3	14.2
2008-03-11	1484417.0	260590.0	145445.0	740892.0	839961.0	74834.0	90910.0	12.0	8.6	17.9	14.1
2008-03-18	1407359.0	248557.0	165435.0	726265.0	793243.0	71731.0	87875.0	12.0	8.0	18.9	13.3
2008-03-25	1362667.0	226381.0	181418.0	700979.0	744207.0	67764.0	69499.0	12.2	8.2	19.2	13.8
2008-04-01	1381645.0	225434.0	187730.0	705007.0	735800.0	65704.0	72615.0	12.4	7.9	19.0	13.6
2008-04-08	1412326.0	238320.0	181152.0	702375.0	744416.0	71231.0	86358.0	12.5	8.5	18.9	13.8
2008-04-15	1441373.0	247474.0	183942.0	722404.0	767014.0	69661.0	88583.0	12.8	9.0	18.9	13.9
2008-04-22	1337055.0	249283.0	169430.0	664898.0	714650.0	64495.0	94596.0	14.2	11.1	21.6	15.9
2008-04-29	1365456.0	258388.0	188091.0	665205.0	719520.0	76167.0	92149.0	13.3	10.5	20.1	15.5
2008-05-06	1422431.0	266733.0	194690.0	685343.0	718277.0	84085.0	123194.0	12.5	9.2	19.0	13.6
2008-05-13	1477007.0	267721.0	191611.0	730973.0	774688.0	80845.0	113240.0	12.1	9.2	18.3	13.7
2008-05-20	1356657.0	247469.0	193318.0	665701.0	689065.0	82587.0	113374.0	13.5	8.8	20.3	14.1
2008-05-27	1338874.0	229157.0	190132.0	667020.0	691347.0	83676.0	98374.0	12.4	8.8	19.0	13.8
2008-06-03	1355667.0	218962.0	188092.0	681448.0	703698.0	68426.0	77046.0	11.8	8.5	18.2	12.8
2008-06-10	1418749.0	218484.0	196207.0	734166.0	745132.0	71899.0	83210.0	11.0	7.5	17.3	11.5
2008-06-17	1335207.0	203806.0	198081.0	686667.0	677778.0	86725.0	101339.0	13.4	7.4	19.7	10.8
2008-06-24	1306075.0	211137.0	190540.0	661176.0	652921.0	71171.0	100023.0	14.0	7.8	20.3	11.7
2008-07-01	1294480.0	221478.0	194966.0	641480.0	664448.0	80792.0	84336.0	13.3	8.2	19.5	12.5
2008-07-08	1316278.0	216841.0	202695.0	672082.0	679465.0	67088.0	73851.0	13.0	8.3	19.3	12.5
2008-07-15	1344411.0	210013.0	187631.0	670135.0	686747.0	94497.0	100267.0	13.9	7.7	18.8	11.1
2008-07-22	1217375.0	198019.0	201659.0	641265.0	626528.0	55452.0	66549.0	16.1	8.1	21.2	11.5
2008-07-29	1220537.0	201622.0	202282.0	629322.0	616483.0	61573.0	73752.0	15.8	8.2	20.5	11.9
2008-08-05	1249302.0	197332.0	202882.0	644820.0	629928.0	57331.0	66673.0	15.5	8.3	19.8	11.8
2008-08-12	1241415.0	192081.0	201211.0	639599.0	620621.0	55364.0	65212.0	15.5	8.3	19.5	12.0
2008-08-19	1203758.0	204335.0	192676.0	623370.0	625635.0	62563.0	71957.0	15.4	7.8	19.3	11.9
2008-08-26	1187623.0	205459.0	185293.0	600916.0	612306.0	57871.0	66647.0	15.7	8.1	19.8	12.0
2008-09-02	1226876.0	193540.0	179209.0	609817.0	612323.0	78864.0	90689.0	15.4	7.8	19.5	10.9
2008-09-09	1231450.0	198328.0	191992.0	616150.0	613628.0	73507.0	82365.0	15.2	8.1	19.2	12.6
2008-09-16	1241629.0	202219.0	182840.0	618286.0	638509.0	59311.0	58467.0	14.7	8.3	19.2	12.4
2008-09-23	1113388.0	204940.0	163212.0	553627.0	580678.0	57203.0	71880.0	13.8	7.6	18.5	11.7
2008-09-30	1092411.0	192759.0	152666.0	553752.0	576164.0	47804.0	65485.0	13.1	7.6	18.1	11.5
2008-10-07	1087569.0	165772.0	162082.0	582858.0	569694.0	46001.0	62855.0	14.6	6.7	19.2	11.0
2008-10-14	1090251.0	164118.0	166017.0	587458.0	569899.0	51929.0	67589.0	14.6	5.9	19.4	10.2
2008-10-21	1035697.0	174773.0	174290.0	573958.0	563736.0	43016.0	53721.0	16.5	7.9	22.1	12.3
2008-10-28	1073159.0	185108.0	193514.0	582536.0	559399.0	42890.0	57621.0	16.3	9.7	21.8	14.4
2008-11-04	1125366.0	191433.0	201976.0	589839.0	555550.0	42323.0	66069.0	16.1	10.3	21.8	14.4
2008-11-11	1154740.0	192267.0	245251.0	615996.0	568518.0	53817.0	48311.0	16.4	11.3	22.5	15.4
2008-11-18	1122604.0	184453.0	173468.0	573044.0	576098.0	64768.0	72699.0	15.9	9.1	21.4	13.3
2008-11-25	1120731.0	179329.0	176539.0	591490.0	594492.0	59021.0	58809.0	15.4	9.7	20.7	14.0
2008-12-02	1147475.0	180960.0	178711.0	598755.0	596533.0	65486.0	69957.0	15.7	9.2	21.0	13.4
2008-12-09	1168030.0	192419.0	181612.0	584622.0	597611.0	77850.0	75668.0	15.3	9.3	20.2	13.3
2008-12-16	1166910.0	205840.0	141720.0	566896.0	627663.0	83192.0	86545.0	10.5	8.5	16.1	13.0
2008-12-22	1135539.0	215665.0	143095.0	550623.0	621312.0	61437.0	63318.0	11.5	8.8	17.2	13.4
2008-12-30	1169215.0	224746.0	160198.0	571955.0	636786.0	64453.0	64170.0	12.3	8.8	17.9	13.9
2009-01-06	1215189.0	235246.0	158588.0	588650.0	655186.0	81263.0	91385.0	12.4	8.5	18.4	13.7
2009-01-13	1246827.0	228912.0	175618.0	621835.0	674340.0	84711.0	85500.0	13.3	8.9	20.0	14.0
2009-01-20	1250327.0	225424.0	179290.0	633949.0	672365.0	86923.0	94641.0	14.7	9.1	22.1	14.6
2009-01-27	1245999.0	226101.0	174449.0	635238.0	676012.0	84481.0	95359.0	15.1	8.8	21.8	13.9
2009-02-03	1254242.0	234724.0	205448.0	638532.0	665187.0	78805.0	81426.0	16.2	9.6	23.9	15.6
2009-02-10	1237590.0	239563.0	222985.0	623432.0	640457.0	70928.0	70481.0	16.0	10.9	24.2	16.9
2009-02-17	1230255.0	243728.0	198712.0	629554.0	665245.0	68435.0	77760.0	16.1	11.2	24.3	17.9
2009-02-24	1179171.0	234105.0	205356.0	588487.0	619031.0	71502.0	69707.0	15.9	11.6	25.1	19.0
2009-03-03	1191724.0	214302.0	214834.0	613910.0	610109.0	76270.0	79539.0	16.0	11.4	26.6	18.0
2009-03-10	1210253.0	197055.0	203070.0	641564.0	648468.0	73812.0	60893.0	15.0	11.5	24.7	17.7
2009-03-17	1197113.0	195950.0	182443.0	660645.0	677035.0	71933.0	69050.0	14.9	12.6	23.7	18.6
2009-03-24	1160240.0	192871.0	175234.0	639673.0	662394.0	63882.0	58798.0	16.7	13.4	24.9	19.8
2009-03-31	1148687.0	184850.0	178304.0	647102.0	658553.0	71215.0	66310.0	17.0	13.5	24.3	19.5
2009-04-07	1162312.0	186928.0	174435.0	650424.0	669668.0	65517.0	58766.0	16.5	13.2	23.3	19.3
2009-04-14	1192619.0	180982.0	176020.0	671472.0	685580.0	75905.0	66759.0	16.6	13.1	23.2	19.2
2009-04-21	1140230.0	180383.0	194988.0	635931.0	633346.0	75405.0	63385.0	17.9	13.3	25.9	19.8
2009-04-28	1139336.0	174308.0	174000.0	650007.0	642918.0	73927.0	81324.0	16.7	12.9	25.4	18.3
2009-05-05	1197954.0	175443.0	186728.0	667069.0	662705.0	93311.0	86390.0	15.4	11.8	23.4	17.4
2009-05-12	1246806.0	170991.0	167925.0	673149.0	690277.0	125360.0	111298.0	13.9	10.5	21.1	15.6
2009-05-19	1093976.0	175047.0	139810.0	578870.0	626843.0	82719.0	69983.0	15.5	11.2	22.9	17.8
2009-05-26	1095865.0	185237.0	145115.0	569025.0	624670.0	83387.0	67864.0	14.8	10.7	21.9	17.4
2009-06-02	1191638.0	199497.0	159810.0	597601.0	654322.0	114983.0	97949.0	14.4	10.0	20.7	16.6
2009-06-09	1203679.0	204490.0	156607.0	589809.0	656131.0	120632.0	102193.0	14.1	10.0	19.5	15.8
2009-06-16	1198182.0	201362.0	174932.0	614337.0	660678.0	102922.0	83011.0	14.3	9.6	19.5	15.5
2009-06-23	1110597.0	201463.0	162093.0	572646.0	624003.0	80975.0	68988.0	15.2	9.8	20.2	16.3
2009-06-30	1159868.0	210249.0	169472.0	576502.0	629933.0	101986.0	89332.0	14.6	9.6	20.6	15.6
2009-07-07	1162597.0	193867.0	178510.0	620812.0	648692.0	83119.0	70596.0	15.2	9.6	21.1	15.4
2009-07-14	1203729.0	194213.0	178056.0	641755.0	670225.0	103350.0	91037.0	15.1	9.6	20.5	15.5
2009-07-21	1149799.0	191829.0	189611.0	633889.0	645398.0	71443.0	62152.0	16.2	9.9	21.7	15.8
2009-07-28	1173580.0	199654.0	195078.0	640468.0	654676.0	78095.0	68463.0	15.8	9.3	21.3	15.1
2009-08-04	1202598.0	219556.0	185411.0	621573.0	668316.0	87885.0	75287.0	15.1	9.1	20.9	14.9
2009-08-11	1172385.0	214274.0	187197.0	594530.0	634308.0	84115.0	71414.0	15.5	9.1	21.1	14.9
2009-08-18	1173172.0	208367.0	185669.0	614569.0	636515.0	75342.0	76094.0	16.7	8.8	22.1	14.6
2009-08-25	1159096.0	225204.0	185672.0	588462.0	634771.0	77709.0	70932.0	16.6	9.1	21.9	15.2
2009-09-01	1164511.0	215729.0	187135.0	607591.0	645206.0	73468.0	64447.0	16.2	8.9	21.6	14.6
2009-09-08	1178263.0	211936.0	178824.0	629710.0	667430.0	76226.0	71618.0	15.8	8.7	21.0	14.0
2009-09-15	1197629.0	219352.0	173795.0	629344.0	676051.0	75287.0	74137.0	15.9	8.8	21.0	13.7
2009-09-22	1124865.0	231093.0	168877.0	579274.0	649080.0	74423.0	66833.0	16.6	9.4	22.0	14.7
2009-09-29	1178475.0	231180.0	189038.0	601709.0	651778.0	76171.0	68244.0	15.9	9.2	21.4	14.5
2009-10-06	1248517.0	235569.0	185563.0	631663.0	675950.0	102420.0	108139.0	15.0	8.5	20.2	13.2
2009-10-13	1263193.0	252327.0	183491.0	601526.0	664318.0	107760.0	113804.0	13.8	8.5	19.0	13.6
2009-10-20	1216356.0	275122.0	200739.0	568480.0	647639.0	102377.0	97601.0	14.2	8.7	19.6	14.3
2009-10-27	1220540.0	285475.0	175856.0	573391.0	672134.0	85404.0	96280.0	12.7	8.6	17.9	14.3
2009-11-03	1191055.0	277025.0	173208.0	578797.0	694916.0	72312.0	60010.0	12.5	9.3	18.0	14.7
2009-11-09	1234952.0	269879.0	181834.0	608136.0	719207.0	104297.0	81271.0	12.7	9.4	18.3	15.2
2009-11-17	1250074.0	250170.0	163822.0	609511.0	722123.0	141021.0	114757.0	13.5	8.7	18.6	14.3
2009-11-24	1182804.0	237667.0	162174.0	602507.0	707843.0	88513.0	58670.0	15.0	9.4	20.4	15.1
2009-12-01	1209796.0	238536.0	162143.0	605606.0	701729.0	95503.0	75773.0	14.9	9.4	20.3	15.0
2009-12-08	1217908.0	237538.0	169721.0	613740.0	700945.0	95665.0	76277.0	15.7	10.2	21.2	16.0
2009-12-15	1217100.0	239601.0	186409.0	627885.0	699857.0	87696.0	68916.0	17.2	10.2	23.0	16.4
2009-12-22	1159436.0	235768.0	160506.0	612836.0	696962.0	70562.0	61698.0	17.5	10.7	23.6	17.8
2009-12-29	1185208.0	247499.0	153421.0	612391.0	718686.0	74828.0	62611.0	16.7	10.9	22.4	17.5
2010-01-05	1231436.0	265034.0	156199.0	611986.0	738471.0	85256.0	67606.0	16.1	10.8	21.8	17.3
2010-01-12	1300867.0	291426.0	155757.0	613653.0	764289.0	81844.0	66877.0	14.3	10.0	20.2	16.1
2010-01-19	1324903.0	280410.0	146029.0	643780.0	796774.0	78438.0	59825.0	13.9	9.9	19.8	16.0
2010-01-26	1320661.0	246573.0	146953.0	661990.0	784287.0	85020.0	62343.0	14.6	9.7	20.3	15.9
2010-02-02	1360697.0	242085.0	156058.0	676881.0	772175.0	94655.0	85388.0	15.8	9.9	21.5	15.6
2010-02-09	1307602.0	225068.0	183008.0	686710.0	734745.0	75472.0	69497.0	18.1	10.1	24.0	15.9
2010-02-16	1301624.0	236003.0	167567.0	685344.0	752309.0	67299.0	68770.0	17.4	10.0	23.5	16.2
2010-02-23	1280235.0	247723.0	162371.0	648842.0	741710.0	83649.0	76133.0	17.4	10.7	23.8	16.8
2010-03-02	1297435.0	255659.0	164242.0	662655.0	765415.0	80016.0	68673.0	16.3	10.3	23.0	16.2
2010-03-09	1348241.0	269578.0	160264.0	677369.0	801399.0	94280.0	79564.0	15.6	10.0	22.2	15.5
2010-03-16	1357426.0	283006.0	158863.0	684361.0	820497.0	82127.0	70134.0	14.8	10.2	21.4	15.5
2010-03-23	1298539.0	271681.0	159762.0	643285.0	769601.0	79116.0	64719.0	15.7	10.9	22.6	16.7
2010-03-30	1283846.0	279945.0	162791.0	623402.0	756634.0	80699.0	64621.0	16.2	11.1	23.2	16.9
2010-04-06	1343407.0	306682.0	178544.0	619811.0	765826.0	92652.0	74775.0	14.8	11.1	21.5	16.6
2010-04-13	1392323.0	295296.0	181932.0	674074.0	820101.0	99089.0	66426.0	14.4	10.7	20.8	15.9
2010-04-20	1356869.0	283157.0	161682.0	674768.0	822894.0	89503.0	62852.0	15.2	11.3	21.8	16.5
2010-04-27	1395964.0	274234.0	164970.0	696095.0	834264.0	96446.0	67541.0	14.9	11.7	21.3	16.9
2010-05-04	1445326.0	281495.0	171625.0	713307.0	844153.0	110013.0	89037.0	14.5	11.6	20.7	16.8
2010-05-11	1470234.0	285507.0	192612.0	731149.0	849828.0	109044.0	83260.0	15.0	11.1	21.0	16.2
2010-05-18	1387907.0	279604.0	212243.0	696071.0	782700.0	95995.0	76727.0	16.8	10.9	23.2	16.0
2010-05-25	1345993.0	260710.0	220267.0	697932.0	751022.0	81975.0	69328.0	18.0	10.4	24.7	16.0
2010-06-01	1367020.0	259155.0	234280.0	698888.0	728522.0	83192.0	78433.0	18.2	10.2	25.0	15.4
2010-06-08	1322308.0	255375.0	237918.0	659634.0	682691.0	73383.0	67783.0	18.4	10.2	25.0	15.9
2010-06-15	1336533.0	248883.0	215953.0	676780.0	704718.0	75348.0	80340.0	17.7	10.0	24.3	15.4
2010-06-22	1260132.0	238384.0	198749.0	643482.0	684721.0	70129.0	68525.0	17.8	10.5	24.8	15.3
2010-06-29	1259675.0	238756.0	201636.0	632918.0	674062.0	78016.0	73992.0	17.5	10.3	24.5	15.0
2010-07-06	1271853.0	238709.0	212494.0	625701.0	660770.0	84151.0	75297.0	17.0	10.4	23.9	15.3
2010-07-13	1276328.0	239531.0	204886.0	654988.0	683030.0	71145.0	77748.0	18.4	10.3	25.3	15.4
2010-07-20	1214183.0	231747.0	195602.0	627668.0	656415.0	64309.0	71707.0	19.9	11.0	27.1	16.7
2010-07-27	1240029.0	235739.0	191426.0	623135.0	666022.0	74490.0	75916.0	19.4	10.5	26.7	16.1
2010-08-03	1234649.0	254919.0	199241.0	607248.0	658628.0	76756.0	81054.0	19.4	11.4	26.8	16.9
2010-08-10	1274605.0	254542.0	194206.0	619187.0	683822.0	78780.0	74481.0	18.8	11.3	26.2	16.9
2010-08-17	1267340.0	257563.0	195507.0	623658.0	697504.0	82878.0	71088.0	18.6	11.2	25.8	17.2
2010-08-24	1246784.0	260005.0	232682.0	603247.0	652375.0	86257.0	64452.0	19.3	11.6	26.9	18.0
2010-08-31	1308042.0	274240.0	261120.0	636344.0	662522.0	85948.0	72890.0	18.4	11.3	25.6	16.9
2010-09-07	1347231.0	270563.0	260074.0	690944.0	716383.0	81054.0	66104.0	17.7	10.6	24.7	16.3
2010-09-14	1336392.0	286962.0	238625.0	676774.0	729611.0	77951.0	73451.0	17.1	10.6	24.2	15.8
2010-09-21	1324114.0	287028.0	243128.0	627365.0	687037.0	80769.0	64997.0	16.5	10.5	23.8	15.9
2010-09-28	1332755.0	293470.0	231974.0	635045.0	707401.0	82156.0	71296.0	15.7	10.4	22.5	16.0
2010-10-05	1407933.0	319363.0	203337.0	639534.0	762465.0	82379.0	75474.0	14.4	11.2	20.6	16.4
2010-10-12	1442044.0	324993.0	195667.0	656827.0	800064.0	85600.0	71689.0	13.7	11.2	19.8	16.2
2010-10-19	1422821.0	310303.0	209473.0	672616.0	790891.0	85906.0	68461.0	14.6	11.5	21.5	16.7
2010-10-26	1394673.0	323154.0	197883.0	643649.0	778607.0	83399.0	73712.0	14.9	11.6	21.7	16.8
2010-11-02	1433324.0	336668.0	206560.0	649345.0	793908.0	85451.0	70996.0	14.5	11.8	21.7	17.1
2010-11-09	1486195.0	347488.0	203381.0	663719.0	830300.0	93080.0	70606.0	13.8	11.9	20.5	17.2
2010-11-16	1399774.0	330487.0	158496.0	621489.0	820432.0	99607.0	72655.0	13.6	13.1	20.6	18.9
2010-11-23	1331203.0	317663.0	176217.0	598938.0	764560.0	86327.0	62151.0	14.3	13.5	21.3	19.5
2010-11-30	1342325.0	311396.0	164502.0	605970.0	778565.0	88790.0	63089.0	13.9	13.3	20.8	19.5
2010-12-07	1367119.0	340709.0	164152.0	610602.0	811086.0	92512.0	68585.0	13.5	13.3	20.4	19.5
2010-12-14	1380779.0	329113.0	166328.0	641482.0	833165.0	90664.0	61766.0	13.4	12.9	20.2	18.9
2010-12-21	1369544.0	321441.0	161027.0	663325.0	854606.0	83523.0	52656.0	14.2	12.7	21.1	19.4
2010-12-28	1401989.0	333184.0	170634.0	676627.0	875238.0	87127.0	51066.0	14.0	12.5	20.8	19.2
2011-01-04	1471226.0	331128.0	181662.0	689454.0	877677.0	90955.0	52198.0	13.4	11.9	20.1	18.6
2011-01-11	1501588.0	337239.0	168154.0	709218.0	912859.0	90201.0	55645.0	13.5	11.8	19.9	18.7
2011-01-18	1491996.0	326830.0	160279.0	714813.0	924316.0	96385.0	53433.0	13.6	11.9	19.9	18.2
2011-01-25	1499599.0	305004.0	161687.0	732472.0	919226.0	99896.0	56459.0	13.3	11.5	19.5	17.2
2011-02-01	1531942.0	324925.0	172216.0	737246.0	934026.0	100176.0	56105.0	12.7	11.6	18.6	17.6
2011-02-08	1536606.0	323090.0	157582.0	731996.0	953006.0	109736.0	54234.0	12.8	11.6	18.1	18.0
2011-02-15	1559669.0	321167.0	155653.0	730682.0	947238.0	111349.0	60307.0	12.4	11.1	17.9	17.3
2011-02-22	1506594.0	350580.0	131558.0	686406.0	945303.0	99161.0	59286.0	13.4	11.7	19.1	17.6
2011-03-01	1569519.0	399042.0	127155.0	671182.0	990851.0	109478.0	61696.0	12.6	11.7	18.0	17.9
2011-03-08	1572544.0	409817.0	134235.0	675232.0	992296.0	104039.0	62557.0	12.6	11.5	18.1	17.5
2011-03-15	1580632.0	394890.0	140322.0	674319.0	984522.0	113263.0	57628.0	12.6	11.3	17.6	17.2
2011-03-22	1503614.0	382740.0	129012.0	655997.0	959977.0	106807.0	56555.0	13.5	11.7	19.1	18.4
2011-03-29	1516081.0	392867.0	137973.0	655387.0	952880.0	102141.0	59542.0	13.3	11.7	18.8	18.2
2011-04-05	1566762.0	394454.0	142303.0	667562.0	956583.0	107387.0	70517.0	12.9	11.4	18.0	17.2
2011-04-12	1584517.0	385641.0	142380.0	666455.0	953925.0	118165.0	73956.0	12.6	11.6	17.8	17.4
2011-04-19	1539895.0	405826.0	151795.0	666080.0	961244.0	100252.0	59119.0	12.8	11.8	18.1	17.9
2011-04-26	1553704.0	404938.0	146870.0	676873.0	968323.0	98166.0	64784.0	12.6	11.6	17.8	17.5
2011-05-03	1624328.0	399341.0	155015.0	713611.0	997315.0	100671.0	61293.0	12.0	11.4	17.2	17.1
2011-05-10	1653799.0	380615.0	169101.0	746443.0	989614.0	92509.0	60852.0	12.4	10.9	17.4	16.7
2011-05-17	1582868.0	344633.0	141554.0	723749.0	955276.0	100651.0	72203.0	13.4	11.1	18.0	17.3
2011-05-24	1522076.0	342552.0	143360.0	701807.0	927447.0	84729.0	58281.0	13.9	11.5	19.0	17.8
2011-05-31	1508418.0	337326.0	146189.0	680527.0	900146.0	90235.0	61753.0	13.6	11.7	18.4	17.7
2011-06-07	1515910.0	335195.0	159071.0	689225.0	896804.0	97798.0	66343.0	13.6	11.6	18.4	17.4
2011-06-14	1584927.0	337048.0	170677.0	713293.0	911268.0	92060.0	60456.0	13.1	11.1	17.7	16.7
2011-06-21	1528927.0	324165.0	175098.0	713723.0	891701.0	85723.0	56812.0	13.5	10.6	18.6	16.7
2011-06-28	1524313.0	317951.0	183397.0	723654.0	880073.0	82587.0	60722.0	13.8	10.2	19.3	16.0
2011-07-05	1522391.0	317825.0	179435.0	730459.0	887258.0	81858.0	63449.0	13.6	10.1	19.0	15.7
2011-07-12	1538256.0	324437.0	173542.0	727913.0	899726.0	84517.0	63599.0	13.3	10.4	18.6	15.8
2011-07-19	1493882.0	325849.0	170902.0	713077.0	898180.0	82638.0	52482.0	13.8	11.1	19.4	16.7
2011-07-26	1506662.0	333079.0	174312.0	710340.0	901893.0	84831.0	52045.0	13.8	11.2	19.4	16.8
2011-08-02	1528978.0	329837.0	182461.0	709772.0	891003.0	90487.0	56632.0	13.2	11.0	18.8	16.4
2011-08-09	1564480.0	325259.0	189541.0	717466.0	882939.0	95233.0	65478.0	13.0	10.3	18.4	15.4
2011-08-16	1553021.0	323171.0	191937.0	741831.0	883516.0	74695.0	64244.0	13.0	10.7	18.5	16.0
2011-08-23	1465256.0	316226.0	179886.0	709810.0	860266.0	75158.0	61042.0	13.4	10.8	18.9	16.2
2011-08-30	1494803.0	318524.0	165836.0	720448.0	882222.0	76856.0	67770.0	13.1	10.6	18.2	15.6
2011-09-06	1523907.0	337970.0	172828.0	726687.0	901488.0	71759.0	62100.0	13.1	10.4	18.4	15.3
2011-09-13	1462207.0	335221.0	169826.0	714757.0	883773.0	73196.0	69575.0	13.3	10.2	18.6	15.5
2011-09-20	1365197.0	327050.0	167085.0	663203.0	829603.0	64807.0	58372.0	14.2	11.1	20.0	16.6
2011-09-27	1380562.0	320203.0	182517.0	663241.0	802292.0	64887.0	63522.0	14.0	10.5	19.6	15.8
2011-10-04	1431783.0	315593.0	207429.0	693235.0	807620.0	68052.0	61831.0	13.4	10.0	18.7	15.3
2011-10-11	1424634.0	312293.0	191232.0	674231.0	794796.0	66816.0	67312.0	13.3	10.1	18.7	15.6
2011-10-18	1431563.0	323224.0	178853.0	684996.0	817265.0	57974.0	70076.0	13.3	10.6	19.2	15.9
2011-10-25	1388897.0	335212.0	175494.0	645467.0	802858.0	62987.0	65314.0	13.3	10.9	19.0	16.5
2011-11-01	1345024.0	323638.0	162026.0	630398.0	796677.0	69525.0	64858.0	13.5	11.1	19.0	17.0
2011-11-08	1366205.0	329388.0	162346.0	627784.0	800292.0	85762.0	80296.0	13.7	11.1	19.0	17.1
2011-11-15	1357125.0	321118.0	147711.0	616503.0	794522.0	80147.0	75535.0	15.0	11.4	20.6	17.3
2011-11-22	1295618.0	313952.0	156606.0	573814.0	751277.0	78783.0	58666.0	16.1	11.6	21.6	18.3
2011-11-29	1302512.0	308005.0	151526.0	576726.0	754556.0	81717.0	60366.0	15.5	11.6	21.1	17.9
2011-12-06	1332544.0	308190.0	152386.0	573061.0	756902.0	86250.0	58213.0	15.5	11.4	20.9	17.5
2011-12-13	1346495.0	312304.0	163001.0	575481.0	751569.0	91848.0	65063.0	15.1	11.3	20.7	17.6
2011-12-20	1298500.0	289295.0	151253.0	582535.0	738663.0	75917.0	57831.0	16.0	11.4	21.9	18.0
2011-12-27	1325562.0	297001.0	152413.0	582171.0	745540.0	78536.0	59755.0	15.4	11.3	21.0	17.7
2012-01-03	1373018.0	301080.0	156612.0	581401.0	753553.0	86650.0	58966.0	14.5	11.0	20.1	17.2
2012-01-10	1388799.0	312172.0	152824.0	578874.0	774269.0	94738.0	58691.0	13.9	10.8	19.2	17.1
2012-01-17	1381041.0	322996.0	151770.0	577610.0	780726.0	92408.0	60518.0	13.8	10.7	19.2	16.8
2012-01-24	1341810.0	322355.0	144510.0	549636.0	754903.0	86884.0	59462.0	14.1	11.2	19.2	17.5
2012-01-31	1399874.0	321176.0	150477.0	571809.0	773269.0	85877.0	55116.0	13.3	10.7	18.1	16.8
2012-02-07	1484546.0	315171.0	146286.0	620629.0	821786.0	91817.0	59545.0	12.3	10.0	16.8	15.5
2012-02-14	1486350.0	349281.0	144529.0	599669.0	831482.0	87020.0	59959.0	11.6	10.1	16.0	15.5
2012-02-21	1441526.0	367380.0	139200.0	542767.0	804445.0	91592.0	58094.0	11.8	10.8	16.7	16.5
2012-02-28	1517833.0	394656.0	140097.0	580262.0	871812.0	97223.0	60232.0	12.0	10.3	17.1	15.9
2012-03-06	1584849.0	396749.0	159797.0	615643.0	889263.0	97188.0	60520.0	11.8	9.8	16.9	15.2
2012-03-13	1579060.0	408952.0	165778.0	606023.0	884640.0	98528.0	63085.0	12.1	9.8	17.3	15.4
2012-03-20	1558284.0	394918.0	160326.0	606909.0	876458.0	96663.0	61706.0	12.4	9.6	17.9	15.3
2012-03-27	1562147.0	387687.0	158235.0	613378.0	877327.0	96359.0	61862.0	12.6	9.5	18.0	15.1
2012-04-03	1569070.0	375854.0	160297.0	635507.0	880889.0	97786.0	67961.0	13.0	9.4	18.4	15.0
2012-04-10	1563132.0	366612.0	169030.0	636467.0	861585.0	95254.0	67718.0	13.2	9.4	18.8	14.9
2012-04-17	1570513.0	365343.0	151788.0	641557.0	873178.0	85133.0	67067.0	12.6	9.6	18.1	14.8
2012-04-24	1539257.0	356816.0	144430.0	616873.0	849355.0	83325.0	63229.0	12.3	9.7	17.9	15.1
2012-05-01	1602007.0	374537.0	147894.0	625789.0	877252.0	92337.0	67517.0	12.0	9.6	17.4	15.1
2012-05-08	1590926.0	356626.0	172666.0	651460.0	855481.0	85493.0	65432.0	12.4	9.3	18.0	14.6
2012-05-15	1539151.0	356311.0	171848.0	638344.0	837526.0	86657.0	71938.0	12.9	9.5	18.9	14.9
2012-05-22	1442523.0	343701.0	159630.0	607894.0	797331.0	72703.0	67337.0	13.7	10.2	20.1	15.8
2012-05-29	1440107.0	343240.0	164355.0	606523.0	789940.0	71204.0	66672.0	13.8	10.1	20.2	15.7
2012-06-05	1456604.0	326346.0	179509.0	621295.0	774957.0	80747.0	73922.0	13.8	10.0	20.0	15.3
2012-06-12	1458395.0	308626.0	177768.0	629659.0	766949.0	80783.0	74351.0	13.9	9.6	20.1	15.0
2012-06-19	1432126.0	300776.0	176868.0	643928.0	771762.0	74745.0	70819.0	14.1	9.9	20.4	15.2
2012-06-26	1432162.0	295571.0	182738.0	650111.0	771985.0	75972.0	66931.0	14.1	9.7	20.4	14.9
2012-07-03	1432999.0	319921.0	188338.0	643391.0	777352.0	67535.0	65157.0	14.7	10.1	20.9	15.3
2012-07-10	1413415.0	315407.0	176835.0	639783.0	782283.0	68321.0	64393.0	14.8	10.7	21.1	15.9
2012-07-17	1403473.0	323621.0	150842.0	624854.0	791030.0	64123.0	70726.0	14.7	10.4	21.0	15.3
2012-07-24	1389039.0	339805.0	149112.0	608497.0	798362.0	61278.0	62106.0	14.2	10.5	20.4	15.6
2012-07-31	1395758.0	328048.0	153651.0	614941.0	793315.0	66312.0	62335.0	13.9	10.3	20.0	15.4
2012-08-07	1449617.0	348715.0	144216.0	610863.0	815075.0	65359.0	65646.0	13.0	10.8	18.6	16.3
2012-08-14	1469908.0	340551.0	147169.0	632977.0	830593.0	70404.0	66170.0	12.7	10.9	18.2	16.5
2012-08-21	1470157.0	362472.0	132057.0	623839.0	855547.0	69170.0	67877.0	12.5	11.0	18.0	17.2
2012-08-28	1511314.0	379630.0	130368.0	646826.0	900005.0	69496.0	65579.0	12.4	11.1	18.0	17.5
2012-09-04	1531823.0	374147.0	135555.0	652677.0	901929.0	78203.0	67543.0	12.1	11.2	17.5	17.7
2012-09-11	1585806.0	380849.0	132184.0	666128.0	925816.0	73321.0	62298.0	11.7	10.9	17.1	17.6
2012-09-18	1607540.0	396187.0	129036.0	672515.0	951128.0	76940.0	65478.0	11.4	11.0	16.8	18.0
2012-09-25	1555863.0	374662.0	143365.0	663843.0	908574.0	76904.0	63470.0	12.3	11.3	17.7	18.4
2012-10-02	1556877.0	366395.0	150515.0	665573.0	889358.0	76591.0	68686.0	12.1	10.9	17.7	17.8
2012-10-09	1542886.0	367337.0	153739.0	637207.0	854229.0	78105.0	74681.0	12.2	10.8	17.9	17.6
2012-10-16	1580619.0	365184.0	158712.0	674070.0	883453.0	72767.0	69856.0	12.0	10.4	17.4	17.2
2012-10-23	1578997.0	362498.0	176117.0	686962.0	882205.0	77315.0	68453.0	13.0	10.3	18.5	16.8
2012-10-30	1597501.0	359653.0	190078.0	705841.0	880690.0	76400.0	71126.0	13.1	10.0	18.6	16.3
2012-11-06	1614897.0	353453.0	187609.0	690262.0	854155.0	73495.0	75446.0	13.0	9.7	18.5	16.0
2012-11-13	1539663.0	341346.0	163579.0	640932.0	823546.0	80646.0	75799.0	13.2	10.2	18.8	16.0
2012-11-20	1498820.0	340750.0	162871.0	626563.0	810541.0	76996.0	70897.0	13.4	10.6	19.2	16.7
2012-11-27	1522133.0	338845.0	158811.0	636461.0	822220.0	77652.0	71927.0	13.3	10.5	19.0	16.6
2012-12-04	1549067.0	346065.0	152232.0	632606.0	829299.0	76818.0	73958.0	13.3	10.4	18.9	16.5
2012-12-11	1543454.0	342234.0	175895.0	631085.0	807334.0	87299.0	77389.0	13.9	10.3	19.8	16.4
2012-12-18	1493851.0	341629.0	158718.0	604025.0	787977.0	74042.0	73001.0	13.8	10.5	20.1	17.1
2012-12-24	1476652.0	344880.0	150173.0	593186.0	785491.0	70507.0	72909.0	13.9	10.8	20.0	17.5
2012-12-31	1473345.0	336952.0	138874.0	584809.0	784502.0	70801.0	69186.0	13.9	10.9	19.9	17.6
2013-01-08	1477695.0	347860.0	133082.0	574621.0	793007.0	77657.0	74049.0	14.1	11.0	19.8	18.3
2013-01-15	1495149.0	354130.0	127379.0	564730.0	804346.0	83052.0	70187.0	13.5	11.4	19.4	18.5
2013-01-22	1491867.0	366484.0	120381.0	536150.0	788559.0	81084.0	74778.0	13.5	11.9	19.6	18.9
2013-01-29	1553636.0	378904.0	110915.0	540734.0	816465.0	79739.0	71997.0	12.7	11.9	18.8	18.8
2013-02-05	1594844.0	380063.0	113259.0	571240.0	852228.0	83217.0	69033.0	12.6	12.0	18.6	18.8
2013-02-12	1653440.0	391902.0	119027.0	571616.0	857279.0	89034.0	76246.0	11.9	11.7	18.0	18.4
2013-02-19	1650211.0	380355.0	122437.0	577086.0	847034.0	85299.0	73269.0	12.2	12.0	18.7	18.7
2013-02-26	1654089.0	374809.0	138711.0	585293.0	833573.0	78859.0	66677.0	12.5	11.5	19.1	18.0
2013-03-05	1710526.0	380407.0	144667.0	610227.0	840541.0	83643.0	89069.0	12.5	11.0	18.5	17.0
2013-03-12	1720024.0	376467.0	148272.0	600968.0	826255.0	81786.0	84694.0	12.4	11.0	18.3	17.0
2013-03-19	1647391.0	358086.0	134365.0	579870.0	801723.0	77210.0	79078.0	12.2	11.1	18.5	17.2
2013-03-26	1693684.0	364846.0	120239.0	605459.0	849358.0	80913.0	81621.0	10.8	11.0	17.0	17.1
2013-04-02	1731930.0	369816.0	120966.0	604305.0	860779.0	87321.0	79697.0	10.4	10.9	16.0	17.0
2013-04-09	1768185.0	349203.0	125805.0	641239.0	872511.0	87255.0	79381.0	9.9	10.3	15.4	16.1
2013-04-16	1764368.0	348044.0	137341.0	657442.0	864094.0	78740.0	82791.0	10.0	10.2	15.6	16.0
2013-04-23	1718878.0	366860.0	155285.0	636281.0	835468.0	72935.0	85323.0	10.4	10.3	17.1	16.2
2013-04-30	1771193.0	366605.0	156664.0	672928.0	873352.0	78164.0	87681.0	10.6	10.0	17.2	15.6
2013-05-07	1770442.0	361677.0	141051.0	671362.0	887913.0	80390.0	84465.0	10.4	10.3	17.0	15.8
2013-05-14	1758686.0	360341.0	127751.0	662748.0	897183.0	85185.0	83340.0	10.0	10.8	17.0	16.4
2013-05-21	1742051.0	386105.0	117161.0	643047.0	910857.0	86798.0	87932.0	9.8	11.2	16.7	17.1
2013-05-28	1744717.0	379881.0	122742.0	660254.0	918821.0	86042.0	84614.0	9.8	11.2	16.6	17.1
2013-06-04	1740663.0	379736.0	123902.0	652751.0	900169.0	82923.0	91339.0	9.9	11.2	17.1	17.0
2013-06-11	1815904.0	389767.0	119936.0	663235.0	931101.0	92224.0	94189.0	9.3	11.0	16.1	16.5
2013-06-18	1868964.0	411697.0	112962.0	672143.0	966572.0	95671.0	99977.0	9.1	11.1	16.0	16.7
2013-06-25	1809371.0	387757.0	113283.0	686619.0	961205.0	89929.0	89817.0	9.4	11.4	16.5	16.9
2013-07-02	1769805.0	405049.0	115454.0	679935.0	971725.0	92356.0	90161.0	10.1	11.7	17.2	17.5
2013-07-09	1818204.0	424926.0	119534.0	685510.0	1001694.0	97589.0	86797.0	10.1	11.7	17.0	17.6
2013-07-16	1880612.0	443242.0	113793.0	702809.0	1042970.0	99873.0	89161.0	9.9	12.0	16.7	17.9
2013-07-23	1865700.0	476061.0	114995.0	700234.0	1072649.0	95718.0	84369.0	10.0	12.5	16.6	18.8
2013-07-30	1837823.0	478424.0	115483.0	670771.0	1042692.0	91967.0	82987.0	10.3	12.6	17.0	19.0
2013-08-06	1879218.0	478249.0	120723.0	700317.0	1063141.0	95999.0	90701.0	10.2	12.4	17.0	18.8
2013-08-13	1934417.0	474557.0	124082.0	719958.0	1073769.0	93117.0	89781.0	9.6	12.0	16.5	18.1
2013-08-20	1835367.0	470147.0	124770.0	653883.0	1010155.0	97819.0	86924.0	10.2	13.0	18.0	19.8
2013-08-27	1855284.0	471493.0	126363.0	660743.0	1026734.0	102731.0	81870.0	9.9	13.1	17.6	19.9
2013-09-03	1856725.0	464921.0	125573.0	658035.0	1020417.0	101493.0	78459.0	9.6	12.9	17.2	19.7
2013-09-10	1901643.0	460222.0	125397.0	684577.0	1039453.0	100857.0	80806.0	9.4	12.3	17.0	18.8
2013-09-17	1926402.0	448359.0	121528.0	710214.0	1054191.0	100995.0	83849.0	9.3	12.0	16.9	18.5
2013-09-24	1881081.0	431586.0	110828.0	718257.0	1058400.0	94967.0	75582.0	8.9	12.0	16.6	18.3
2013-10-01	1856649.0	424081.0	108643.0	707802.0	1041475.0	91516.0	73281.0	9.3	12.1	17.0	18.4
2013-10-08	1871940.0	427951.0	112357.0	695078.0	1026195.0	90826.0	75303.0	9.3	12.0	17.0	18.3
2013-10-15	1824929.0	416914.0	113982.0	680942.0	998327.0	85857.0	71404.0	9.8	12.2	17.8	18.7
2013-10-22	1785295.0	425724.0	126528.0	666611.0	983338.0	80897.0	63366.0	10.0	12.8	18.2	19.4
2013-10-29	1774386.0	422864.0	120648.0	707570.0	1014052.0	73487.0	69221.0	10.2	12.7	18.3	19.1
2013-11-05	1736874.0	436733.0	137219.0	659906.0	971150.0	79789.0	68059.0	10.3	13.2	18.8	19.9
2013-11-12	1735933.0	454010.0	148444.0	649309.0	959227.0	81132.0	76780.0	10.6	13.8	19.0	20.3
2013-11-19	1620641.0	431042.0	117882.0	608850.0	924539.0	78400.0	75871.0	12.4	14.4	20.9	21.6
2013-11-26	1636454.0	439091.0	131552.0	599534.0	909832.0	80563.0	77804.0	12.3	14.2	20.9	21.3
2013-12-03	1645686.0	457545.0	136697.0	588764.0	913508.0	80631.0	76735.0	12.2	14.2	20.9	21.2
2013-12-10	1661416.0	460410.0	111407.0	571251.0	920974.0	79736.0	79016.0	12.0	14.5	21.0	21.7
2013-12-17	1629694.0	456968.0	110268.0	572411.0	922386.0	78596.0	75321.0	12.2	14.5	20.9	22.0
2013-12-24	1598935.0	458206.0	105441.0	560983.0	925531.0	82700.0	70917.0	12.7	15.1	21.2	23.0
2014-01-07	1619796.0	454829.0	123818.0	571328.0	916651.0	87594.0	73282.0	12.4	14.5	21.3	22.1
2014-01-14	1623027.0	463186.0	135835.0	560092.0	897400.0	87590.0	77633.0	12.6	14.1	21.7	21.6
2014-01-21	1613293.0	473506.0	133457.0	558910.0	898363.0	79121.0	79717.0	12.8	14.2	22.1	21.5
2014-01-28	1591971.0	471470.0	120324.0	541757.0	895719.0	84313.0	81497.0	12.8	14.3	22.3	21.9
2014-02-04	1561179.0	471978.0	111761.0	522777.0	886824.0	83255.0	79425.0	12.9	14.7	22.5	22.3
2014-02-11	1646415.0	486742.0	104408.0	533806.0	923570.0	92265.0	84835.0	12.2	14.2	21.2	21.5
2014-02-18	1650294.0	512044.0	95603.0	518891.0	942843.0	97986.0	90475.0	11.8	14.5	20.7	22.1
2014-02-25	1643886.0	514502.0	98064.0	508679.0	941900.0	102753.0	85970.0	11.7	14.6	20.8	22.3
2014-03-04	1687807.0	521727.0	95909.0	523812.0	969607.0	100491.0	80514.0	10.9	14.2	19.7	21.6
2014-03-11	1697240.0	511076.0	104244.0	544030.0	974801.0	104722.0	80783.0	10.8	14.0	19.7	21.3
2014-03-18	1623266.0	492620.0	108335.0	549137.0	951136.0	95361.0	77647.0	11.5	14.5	21.1	22.0
2014-03-25	1604566.0	498080.0	106906.0	534991.0	944681.0	89214.0	70698.0	11.6	14.5	21.5	22.1
2014-04-01	1644507.0	502389.0	110606.0	561769.0	972062.0	92738.0	74228.0	11.4	14.1	20.9	21.4
2014-04-08	1655472.0	512035.0	112248.0	559083.0	981623.0	99861.0	77108.0	11.1	14.0	20.5	21.3
2014-04-15	1674276.0	523490.0	113939.0	569608.0	998745.0	101301.0	81715.0	11.0	13.8	20.2	21.0
2014-04-22	1619737.0	517023.0	106898.0	536742.0	968841.0	97748.0	75774.0	11.3	14.3	21.0	21.7
2014-04-29	1651521.0	522018.0	119691.0	549699.0	975264.0	94656.0	71418.0	11.3	13.8	20.8	20.9
2014-05-06	1638412.0	492901.0	109808.0	548848.0	953775.0	93595.0	71761.0	11.6	13.5	21.2	20.6
2014-05-13	1627403.0	495080.0	107341.0	533186.0	940551.0	96841.0	77215.0	11.5	13.3	20.9	20.4
2014-05-20	1607523.0	507592.0	97384.0	491241.0	920424.0	99092.0	80117.0	11.4	13.4	21.0	20.7
2014-05-27	1635600.0	526135.0	102999.0	478111.0	923603.0	108837.0	86481.0	10.8	13.4	20.2	20.7
2014-06-03	1664043.0	520556.0	103971.0	503713.0	945287.0	112429.0	87440.0	10.5	12.8	19.7	19.9
2014-06-10	1676336.0	520876.0	102865.0	502563.0	949345.0	114341.0	85570.0	10.4	12.7	19.4	19.7
2014-06-17	1721703.0	545061.0	87905.0	491334.0	979110.0	109299.0	78679.0	10.2	13.2	18.7	20.3
2014-06-24	1720856.0	548016.0	89047.0	500890.0	993470.0	104817.0	71206.0	10.0	13.3	18.3	20.5
2014-07-01	1759554.0	535712.0	89872.0	525102.0	1006484.0	108967.0	73425.0	9.9	13.0	18.2	20.1
2014-07-08	1742131.0	514431.0	89544.0	529159.0	991789.0	105738.0	67995.0	9.9	13.0	18.3	20.1
2014-07-15	1721704.0	489729.0	90126.0	555328.0	982263.0	95701.0	68369.0	10.2	12.9	18.7	20.1
2014-07-22	1642836.0	467574.0	96130.0	515037.0	919302.0	96639.0	63818.0	10.3	13.3	19.1	20.7
2014-07-29	1628926.0	470115.0	105376.0	499084.0	901473.0	96433.0	58783.0	10.5	13.5	19.0	20.8
2014-08-05	1587187.0	450544.0	103340.0	507949.0	888645.0	93470.0	59978.0	10.9	13.6	19.7	21.1
2014-08-12	1583609.0	433331.0	109265.0	497574.0	851593.0	89262.0	59309.0	11.0	13.5	19.3	20.7
2014-08-19	1542337.0	429288.0	105815.0	472925.0	824648.0	79799.0	51549.0	10.7	13.8	18.8	21.1
2014-08-26	1550253.0	424250.0	106523.0	476824.0	817401.0	75585.0	52735.0	10.9	13.5	18.8	20.7
2014-09-02	1559353.0	421058.0	118494.0	473149.0	797786.0	80692.0	58619.0	11.3	13.2	19.1	20.1
2014-09-09	1553516.0	426580.0	126598.0	481142.0	799772.0	76820.0	58172.0	11.6	13.2	19.4	20.1
2014-09-16	1528614.0	434417.0	137136.0	474589.0	784472.0	73243.0	60641.0	11.7	12.9	19.2	19.6
2014-09-23	1480629.0	423239.0	127187.0	463661.0	777661.0	72492.0	54544.0	11.9	12.9	20.3	19.8
2014-09-30	1485856.0	426689.0	130743.0	463442.0	777653.0	76150.0	57885.0	12.1	12.8	20.3	19.6
2014-10-07	1503764.0	435642.0	141959.0	478317.0	792221.0	86425.0	66204.0	12.2	12.6	20.5	19.2
2014-10-14	1537452.0	441625.0	162845.0	502768.0	796168.0	82784.0	68164.0	11.8	12.3	20.6	18.9
2014-10-21	1459981.0	430349.0	150248.0	489718.0	776972.0	69918.0	62765.0	12.4	12.9	21.5	20.5
2014-10-28	1476289.0	428086.0	160782.0	506560.0	784767.0	73693.0	62790.0	12.1	12.1	20.6	19.1
2014-11-04	1498736.0	435649.0	167117.0	505734.0	785187.0	74321.0	63400.0	12.1	11.6	20.1	18.3
2014-11-11	1509371.0	442119.0	165287.0	500755.0	790156.0	77681.0	65112.0	11.9	11.1	19.3	18.1
2014-11-18	1459175.0	403713.0	148350.0	487153.0	761936.0	77009.0	57589.0	11.9	11.0	19.1	18.5
2014-11-25	1386635.0	400621.0	147620.0	441995.0	712053.0	75293.0	58236.0	12.6	11.5	20.0	19.0
2014-12-02	1439654.0	408718.0	143722.0	458206.0	728152.0	69482.0	64532.0	12.2	10.9	19.1	18.1
2014-12-09	1445093.0	413755.0	151979.0	464774.0	732606.0	72140.0	66084.0	12.3	10.9	19.0	17.7
2014-12-16	1475862.0	435032.0	150953.0	453797.0	752236.0	81021.0	66661.0	11.9	12.6	17.9	20.0
2014-12-23	1428829.0	412781.0	131132.0	474099.0	763506.0	69024.0	61266.0	11.9	12.6	17.9	20.3
2014-12-30	1457729.0	421184.0	148700.0	483055.0	763632.0	75107.0	67014.0	11.8	12.0	17.5	19.5
2015-01-06	1505101.0	440821.0	172021.0	490464.0	770342.0	82801.0	71723.0	11.7	11.3	17.3	18.5
2015-01-13	1627535.0	485464.0	209984.0	524442.0	808229.0	86800.0	78493.0	11.4	10.3	16.8	16.8
2015-01-20	1591022.0	480508.0	199239.0	523019.0	809270.0	82711.0	77729.0	11.8	10.6	17.6	17.1
2015-01-27	1668047.0	496281.0	222010.0	568519.0	855154.0	83796.0	71432.0	11.8	10.0	17.6	16.2
2015-02-03	1721471.0	488256.0	216060.0	606100.0	879692.0	78774.0	77378.0	11.7	10.4	18.2	16.7
2015-02-10	1717593.0	478989.0	207462.0	601733.0	875752.0	76312.0	73820.0	11.7	11.1	18.3	17.6
2015-02-17	1689966.0	478741.0	179351.0	580414.0	877046.0	78341.0	81099.0	11.9	11.1	18.4	17.6
2015-02-24	1695437.0	490905.0	221068.0	606080.0	886414.0	87187.0	76690.0	12.1	10.9	19.0	17.1
2015-03-03	1687908.0	497948.0	235659.0	603558.0	873958.0	82040.0	73929.0	13.0	11.3	20.6	17.6
2015-03-10	1670894.0	495142.0	234483.0	566050.0	829530.0	80882.0	78061.0	12.8	11.3	20.5	17.7
2015-03-17	1760721.0	516956.0	273468.0	592777.0	843911.0	88808.0	81162.0	13.3	10.5	20.7	16.4
2015-03-24	1748067.0	513586.0	306699.0	595063.0	796768.0	75856.0	81038.0	14.0	10.2	21.8	15.7
2015-03-31	1740134.0	516028.0	289333.0	578627.0	804973.0	79704.0	80053.0	13.6	10.2	21.1	16.0
2015-04-07	1743733.0	520929.0	268886.0	566266.0	810094.0	76441.0	84656.0	13.6	10.0	20.9	15.9
2015-04-14	1774773.0	527985.0	245825.0	610009.0	889504.0	77783.0	80448.0	13.1	9.9	20.2	15.8
2015-04-21	1723025.0	519353.0	196261.0	578434.0	903278.0	75947.0	74195.0	12.8	10.4	20.0	16.8
2015-04-28	1717417.0	521704.0	206860.0	574587.0	895204.0	79844.0	74071.0	12.8	10.6	20.3	17.0
2015-05-05	1750082.0	530764.0	205058.0	597211.0	925721.0	79567.0	76763.0	12.3	10.8	19.7	17.4
2015-05-12	1731678.0	512443.0	192231.0	604581.0	926687.0	77116.0	75222.0	12.4	10.9	19.8	17.9
2015-05-19	1621198.0	504615.0	161184.0	542015.0	892555.0	79073.0	71964.0	12.5	12.6	20.2	20.4
2015-05-26	1614397.0	502001.0	154010.0	534528.0	880746.0	76260.0	78033.0	12.1	12.3	19.6	19.9
2015-06-02	1651499.0	494450.0	154932.0	541163.0	881118.0	80164.0	79727.0	12.2	12.0	19.9	19.3
2015-06-09	1641774.0	483798.0	157943.0	536555.0	861689.0	76300.0	77021.0	12.4	11.7	20.1	19.2
2015-06-16	1652013.0	484932.0	157799.0	550591.0	881477.0	75270.0	71517.0	11.9	11.5	19.1	18.4
2015-06-23	1650025.0	480001.0	152568.0	570430.0	905389.0	73226.0	65700.0	12.1	11.4	19.2	18.4
2015-06-30	1670091.0	483021.0	154842.0	583581.0	915252.0	74997.0	71505.0	12.4	11.3	19.3	18.4
2015-07-07	1691891.0	485862.0	189702.0	584819.0	875695.0	80231.0	85515.0	13.1	10.8	20.3	17.4
2015-07-14	1733695.0	468034.0	203647.0	629452.0	886354.0	75841.0	83326.0	13.0	10.0	20.8	16.3
2015-07-21	1668737.0	464330.0	210647.0	590689.0	847827.0	74772.0	71317.0	13.7	10.5	20.4	16.6
2015-07-28	1694436.0	475975.0	232556.0	594197.0	837805.0	75192.0	75003.0	13.6	10.3	20.2	16.4
2015-08-04	1736523.0	478684.0	231591.0	611685.0	853973.0	76366.0	81171.0	13.5	9.6	19.2	15.6
2015-08-11	1676233.0	478863.0	253020.0	562096.0	794521.0	87636.0	81054.0	14.4	9.7	20.2	15.8
2015-08-18	1688731.0	473198.0	262634.0	594104.0	807933.0	82620.0	79355.0	14.5	10.2	21.1	16.4
2015-08-25	1677151.0	474160.0	258597.0	570710.0	787559.0	83691.0	82405.0	14.3	10.0	20.8	16.0
2015-09-01	1688806.0	487177.0	266835.0	575960.0	795030.0	72500.0	73772.0	15.0	10.2	21.5	16.3
2015-09-08	1704251.0	490149.0	258719.0	589357.0	815763.0	68320.0	73344.0	14.9	10.1	21.3	16.1
2015-09-15	1702949.0	485819.0	246433.0	588064.0	827022.0	73203.0	73631.0	14.5	10.1	20.8	16.2
2015-09-22	1606217.0	489204.0	229775.0	548373.0	798144.0	64831.0	74489.0	15.4	10.3	21.9	17.1
2015-09-29	1617902.0	481485.0	229757.0	560375.0	810124.0	70790.0	72769.0	15.1	10.2	21.6	17.0
2015-10-06	1675676.0	491100.0	232839.0	588749.0	841962.0	73123.0	78171.0	15.0	9.9	21.2	16.8
2015-10-13	1645951.0	487740.0	222748.0	592561.0	867428.0	80479.0	70604.0	14.6	10.2	21.5	17.5
2015-10-20	1613562.0	485090.0	233939.0	570449.0	833815.0	78129.0	65914.0	15.7	10.0	22.8	17.5
2015-10-27	1676033.0	499628.0	263053.0	589108.0	830691.0	80806.0	75798.0	15.6	9.4	22.4	16.4
2015-11-03	1676897.0	493384.0	247193.0	588480.0	832852.0	76977.0	78796.0	15.7	9.3	22.9	16.3
2015-11-10	1671590.0	498945.0	260623.0	593266.0	839338.0	81552.0	73802.0	15.7	9.6	22.6	16.1
2015-11-17	1662829.0	494099.0	265544.0	570121.0	806942.0	86956.0	78690.0	17.4	8.7	24.0	15.5
2015-11-24	1632471.0	472273.0	260248.0	565152.0	778625.0	79398.0	77950.0	18.3	9.2	25.4	15.7
2015-12-01	1661176.0	475582.0	267104.0	572148.0	785020.0	82759.0	78365.0	17.5	9.0	24.2	15.6
2015-12-08	1713573.0	480088.0	282214.0	576108.0	780931.0	90951.0	84002.0	17.5	8.6	23.3	14.8
2015-12-15	1678527.0	472228.0	261717.0	568272.0	776411.0	82377.0	84749.0	17.3	7.9	23.3	13.7
2015-12-22	1646306.0	453681.0	260769.0	558814.0	755495.0	85497.0	81728.0	17.6	8.1	23.5	13.8
2015-12-29	1648904.0	448632.0	252281.0	570892.0	763508.0	80709.0	84444.0	17.5	7.9	23.5	13.3
2016-01-05	1703201.0	460417.0	276240.0	576069.0	764634.0	86604.0	82216.0	17.2	7.7	22.8	13.3
2016-01-12	1756232.0	499795.0	336291.0	590227.0	768467.0	96180.0	81444.0	18.1	8.5	23.5	13.7
2016-01-19	1686382.0	482774.0	303402.0	572363.0	763410.0	93140.0	81465.0	17.1	8.9	23.3	14.3
2016-01-26	1761883.0	523710.0	318000.0	596459.0	805509.0	87471.0	84131.0	16.7	7.9	22.8	13.0
2016-02-02	1855603.0	545820.0	348947.0	628739.0	834525.0	92944.0	84031.0	15.7	7.1	21.7	12.0
2016-02-09	1854379.0	544800.0	356923.0	622695.0	823581.0	100408.0	87399.0	16.2	7.5	22.3	12.4
2016-02-16	1840051.0	517940.0	358953.0	639559.0	808554.0	100228.0	90220.0	18.0	7.4	24.3	12.1
2016-02-23	1776696.0	533268.0	327412.0	601482.0	814711.0	92138.0	84765.0	18.3	7.7	25.1	12.6
2016-03-01	1800298.0	529761.0	317243.0	607281.0	820159.0	89175.0	88815.0	18.3	7.3	25.4	12.3
2016-03-08	1816474.0	535589.0	291337.0	612412.0	853501.0	91248.0	94411.0	18.4	8.1	25.2	13.6
2016-03-15	1782857.0	544416.0	274560.0	581508.0	849245.0	88838.0	90957.0	17.4	9.0	23.9	14.5
2016-03-22	1705631.0	527838.0	219861.0	552733.0	849662.0	85328.0	96376.0	18.3	9.4	25.1	15.5
2016-03-29	1734511.0	534637.0	229126.0	559331.0	864381.0	90944.0	91405.0	17.2	9.3	23.8	15.8
2016-04-05	1773774.0	541716.0	251586.0	573780.0	861607.0	95107.0	97410.0	17.1	9.2	23.2	15.7
2016-04-12	1803510.0	530256.0	241095.0	610370.0	889604.0	93318.0	103245.0	17.4	9.2	23.4	15.4
2016-04-19	1714186.0	540048.0	205873.0	564810.0	890588.0	87856.0	96253.0	16.6	9.7	23.1	16.1
2016-04-26	1714689.0	544282.0	210017.0	573706.0	898781.0	87664.0	96854.0	16.4	9.6	23.0	15.8
2016-05-03	1748628.0	530023.0	211479.0	594804.0	910011.0	89400.0	92737.0	15.8	9.2	22.5	15.2
2016-05-10	1724987.0	521799.0	229839.0	622408.0	914029.0	92449.0	92788.0	16.2	9.2	23.3	15.4
2016-05-17	1698980.0	554596.0	185827.0	585350.0	936779.0	96620.0	113960.0	16.5	9.7	23.5	16.6
2016-05-24	1657419.0	528230.0	180088.0	536824.0	878566.0	95804.0	102204.0	16.6	9.5	24.0	15.9
2016-05-31	1709540.0	522661.0	175659.0	569242.0	908604.0	97656.0	105296.0	15.8	9.4	23.0	15.4
2016-06-07	1748314.0	525508.0	200326.0	582024.0	902186.0	100989.0	106009.0	15.7	9.4	23.3	15.5
2016-06-14	1774350.0	523352.0	210767.0	594703.0	912235.0	104303.0	99356.0	15.4	9.0	23.1	15.4
2016-06-21	1726381.0	515227.0	196632.0	587495.0	905076.0	90235.0	91249.0	16.4	9.0	24.9	15.6
2016-06-28	1720740.0	510395.0	206156.0	600141.0	907925.0	91896.0	88351.0	17.1	9.2	24.8	15.8
2016-07-05	1751823.0	519441.0	219769.0	596556.0	901593.0	94346.0	88981.0	16.4	9.2	23.9	15.7
2016-07-12	1728765.0	516217.0	221422.0	589838.0	883190.0	95020.0	96463.0	17.0	8.8	24.8	15.7
2016-07-19	1685116.0	525628.0	236047.0	555110.0	851112.0	96346.0	89925.0	16.8	9.6	24.9	17.0
2016-07-26	1718306.0	539345.0	266046.0	564140.0	848481.0	106578.0	95536.0	16.6	9.5	24.7	16.8
2016-08-02	1792640.0	562532.0	295340.0	584462.0	864164.0	108412.0	95902.0	16.3	10.0	24.3	16.9
2016-08-09	1829979.0	562028.0	303778.0	639378.0	897585.0	100296.0	100339.0	17.0	9.6	25.3	16.7
2016-08-16	1852402.0	570209.0	262709.0	673303.0	965732.0	89947.0	105018.0	16.0	8.5	24.6	15.3
2016-08-23	1747499.0	555022.0	201278.0	614046.0	957594.0	87337.0	97533.0	15.9	9.0	24.4	15.1
2016-08-30	1787891.0	538363.0	197075.0	640120.0	976684.0	93765.0	98489.0	15.3	8.7	23.2	14.5
2016-09-06	1861718.0	534074.0	248279.0	676917.0	965584.0	109892.0	107020.0	15.1	8.3	22.7	14.0
2016-09-13	1829620.0	537965.0	224663.0	647463.0	956418.0	99855.0	104202.0	14.9	8.3	22.2	14.3
2016-09-20	1811705.0	533133.0	254260.0	657846.0	943677.0	102440.0	95482.0	15.9	8.4	23.3	15.2
2016-09-27	1830991.0	543799.0	252153.0	663872.0	960739.0	100802.0	95581.0	15.6	8.1	23.0	15.0
2016-10-04	1871665.0	571306.0	208330.0	642976.0	999197.0	98445.0	105200.0	14.8	8.5	21.5	15.2
2016-10-11	1880412.0	597569.0	183919.0	595974.0	1005305.0	101251.0	105570.0	14.5	9.1	21.3	16.4
2016-10-18	1811281.0	578530.0	170535.0	562360.0	971099.0	99977.0	99233.0	14.9	9.5	21.4	17.1
2016-10-25	1821737.0	571822.0	168236.0	557093.0	971594.0	104462.0	93547.0	14.6	9.6	21.4	17.2
2016-11-01	1854612.0	543096.0	188697.0	596233.0	971242.0	117213.0	96603.0	14.3	9.2	21.3	16.4
2016-11-08	1973656.0	560814.0	283275.0	673039.0	972607.0	115559.0	93530.0	14.4	8.6	21.6	15.7
2016-11-15	2027539.0	581416.0	305090.0	734484.0	1012058.0	104693.0	103445.0	15.3	8.8	22.7	16.4
2016-11-22	1995504.0	560573.0	284253.0	711031.0	992960.0	103276.0	97667.0	15.0	9.6	22.1	17.2
2016-11-29	2020026.0	551697.0	263816.0	714264.0	1018949.0	109847.0	93043.0	13.9	9.7	20.8	17.2
2016-12-06	2098290.0	589787.0	212161.0	691607.0	1090968.0	111438.0	89703.0	12.2	9.3	17.8	16.6
2016-12-13	2104703.0	614780.0	192013.0	685227.0	1133068.0	111180.0	86106.0	12.1	9.7	17.2	17.1
2016-12-20	2029807.0	603704.0	167043.0	631244.0	1085341.0	98101.0	80665.0	12.6	9.9	18.0	16.9
2016-12-27	2037834.0	608865.0	163933.0	609540.0	1068910.0	100182.0	85744.0	12.4	10.3	18.0	17.4
2017-01-03	2089324.0	608117.0	168043.0	640178.0	1106942.0	110062.0	83372.0	12.0	10.5	17.4	17.4
2017-01-10	2114656.0	604261.0	170699.0	671494.0	1136894.0	113170.0	81332.0	11.8	10.6	17.0	17.4
2017-01-17	2179122.0	631537.0	166859.0	677537.0	1159908.0	108408.0	90715.0	11.4	10.3	17.0	16.9
2017-01-24	2151809.0	642401.0	159878.0	657946.0	1155886.0	104071.0	88654.0	11.5	10.4	17.7	17.2
2017-01-31	2181656.0	656710.0	164018.0	677456.0	1186594.0	107778.0	91332.0	11.7	10.6	17.9	17.4
