2009-07-14	29852.0	6556.0	0.0	22786.0	29235.0	510.0	617.0	72.8	70.0	84.8	80.3
2009-07-21	36015.0	6556.0	0.0	28949.0	36015.0	510.0	0.0	67.4	58.7	82.9	77.2
2009-07-28	42358.0	6756.0	0.0	35092.0	42358.0	510.0	0.0	58.7	49.9	74.9	69.8
2009-08-04	40492.0	5330.0	0.0	34652.0	40492.0	510.0	0.0	58.3	49.1	76.8	69.8
2009-08-11	40617.0	5220.0	210.0	34777.0	40297.0	510.0	0.0	57.9	49.0	76.4	69.4
2009-08-18	45606.0	5220.0	210.0	40276.0	45286.0	0.0	0.0	50.1	49.2	69.9	69.1
2009-08-25	46602.0	5220.0	210.0	41272.0	46282.0	0.0	0.0	49.6	48.2	69.1	67.1
2009-09-01	46462.0	1290.0	320.0	45172.0	46142.0	0.0	0.0	52.1	44.7	75.0	64.4
2009-09-08	47797.0	1290.0	320.0	46507.0	47477.0	0.0	0.0	51.1	44.1	73.3	62.6
2009-09-15	47189.0	1290.0	320.0	45899.0	46869.0	0.0	0.0	44.7	41.1	66.2	60.1
2009-09-22	47564.0	1290.0	320.0	46069.0	47244.0	205.0	0.0	43.1	40.7	64.9	59.6
2009-09-29	47797.0	1290.0	210.0	46397.0	47477.0	0.0	0.0	44.1	40.5	62.5	59.3
2009-10-06	47837.0	1312.0	0.0	46415.0	47727.0	0.0	0.0	44.0	39.6	61.3	57.1
2009-10-13	49517.0	1728.0	100.0	47679.0	49267.0	0.0	40.0	44.0	38.1	61.5	55.0
2009-10-20	47996.0	1537.0	129.0	46349.0	47717.0	0.0	40.0	41.2	36.6	58.5	53.0
2009-10-27	49150.0	1537.0	430.0	47248.0	48570.0	255.0	40.0	40.2	36.2	58.0	52.1
2009-11-03	51422.0	1290.0	579.0	49832.0	50758.0	255.0	40.0	46.2	33.5	63.1	49.9
2009-11-09	51911.0	1290.0	579.0	50321.0	51247.0	255.0	40.0	47.2	33.2	63.9	49.5
2009-11-17	51911.0	3850.0	579.0	47761.0	51247.0	255.0	40.0	47.2	33.2	63.9	49.5
2009-11-24	59571.0	8970.0	579.0	50301.0	58907.0	255.0	40.0	54.0	41.8	68.5	56.0
2009-12-01	56231.0	6410.0	579.0	49521.0	55567.0	255.0	40.0	50.6	40.1	67.5	55.3
2009-12-08	56231.0	6410.0	579.0	49521.0	55567.0	255.0	40.0	50.4	40.1	67.7	55.3
2009-12-15	56671.0	6410.0	579.0	49961.0	56007.0	255.0	40.0	50.0	40.1	67.6	55.7
2009-12-22	58080.0	5130.0	579.0	52650.0	57416.0	255.0	40.0	44.9	32.6	60.2	47.4
2009-12-29	58100.0	5130.0	559.0	52670.0	57456.0	255.0	40.0	44.8	32.6	60.2	47.3
2010-01-05	57176.0	5130.0	515.0	51746.0	56576.0	255.0	40.0	46.0	33.9	61.5	49.2
2010-01-12	57606.0	5130.0	515.0	52176.0	57006.0	255.0	40.0	46.4	33.6	61.8	48.9
2010-01-19	60710.0	5130.0	515.0	55280.0	60110.0	255.0	40.0	48.7	31.9	62.1	46.4
2010-01-26	60710.0	5130.0	515.0	55280.0	60110.0	255.0	40.0	48.7	31.9	62.1	46.4
2010-02-02	57655.0	4830.0	495.0	52780.0	57095.0	0.0	20.0	49.4	32.0	63.2	45.9
2010-02-09	58144.0	4830.0	495.0	53269.0	57584.0	0.0	20.0	48.9	32.2	62.7	46.4
2010-02-16	58144.0	4830.0	495.0	53269.0	57584.0	0.0	20.0	48.9	32.2	62.7	46.4
2010-02-23	58144.0	4830.0	495.0	53269.0	57584.0	0.0	20.0	48.9	32.2	62.7	46.4
2010-03-02	56628.0	4530.0	495.0	52053.0	56088.0	0.0	0.0	50.7	31.2	63.9	46.0
2010-03-09	56543.0	4530.0	495.0	51968.0	56003.0	0.0	0.0	50.4	31.0	63.7	45.7
2010-03-16	56543.0	4530.0	495.0	51968.0	56003.0	0.0	0.0	50.4	31.0	63.7	45.7
2010-03-23	56798.0	4530.0	495.0	52223.0	56258.0	0.0	0.0	50.6	31.3	63.8	45.9
2010-03-30	56798.0	4530.0	495.0	52223.0	56258.0	0.0	0.0	50.6	30.1	63.6	44.8
2010-04-06	54157.0	4185.0	518.0	49950.0	53617.0	0.0	0.0	50.5	30.3	63.3	45.4
2010-04-13	55392.0	4185.0	518.0	51185.0	54852.0	0.0	0.0	51.3	31.6	63.8	46.4
2010-04-20	55392.0	4185.0	88.0	51185.0	55282.0	0.0	0.0	51.3	31.6	63.8	46.4
2010-04-27	55945.0	4185.0	88.0	51738.0	55835.0	0.0	0.0	50.8	31.6	62.6	46.3
2010-05-04	53916.0	3855.0	110.0	50061.0	53806.0	0.0	0.0	51.2	31.0	62.8	47.6
2010-05-11	56741.0	3855.0	110.0	52886.0	56631.0	0.0	0.0	44.2	28.5	55.2	42.4
2010-05-18	58082.0	3855.0	110.0	54227.0	57972.0	0.0	0.0	36.7	27.8	49.8	41.4
2010-05-25	58082.0	3855.0	110.0	54227.0	57972.0	0.0	0.0	36.7	27.8	49.8	41.4
2010-06-01	55887.0	4009.0	110.0	51878.0	55777.0	0.0	0.0	36.6	28.2	49.8	42.0
2010-06-08	56165.0	4416.0	110.0	51749.0	56055.0	0.0	0.0	36.4	28.0	49.6	42.5
2010-06-15	56165.0	4416.0	110.0	51749.0	56055.0	0.0	0.0	36.4	28.0	49.6	42.5
2010-06-22	61544.0	4437.0	110.0	57107.0	61434.0	0.0	0.0	33.6	26.0	45.7	39.3
2010-06-29	63074.0	4437.0	110.0	58637.0	62964.0	0.0	0.0	32.8	27.8	46.1	40.3
2010-07-06	63307.0	4039.0	0.0	59268.0	63307.0	0.0	0.0	28.0	28.6	41.9	40.5
2010-07-13	63483.0	4039.0	0.0	59444.0	63483.0	0.0	0.0	28.0	28.5	41.8	40.1
2010-07-20	63505.0	3225.0	110.0	60280.0	63395.0	0.0	0.0	28.0	28.5	41.6	39.9
2010-07-27	63505.0	3225.0	110.0	60280.0	63395.0	0.0	0.0	28.0	28.5	41.6	39.9
2010-08-03	60085.0	2700.0	110.0	57385.0	59975.0	0.0	0.0	27.4	29.7	41.0	39.4
2010-08-10	63985.0	2700.0	110.0	61285.0	63875.0	0.0	0.0	25.0	27.2	37.2	38.1
2010-08-17	64324.0	2700.0	110.0	61624.0	64214.0	0.0	0.0	25.0	27.2	37.6	38.4
2010-08-24	64156.0	2700.0	110.0	61456.0	64046.0	0.0	0.0	24.8	27.2	37.6	38.5
2010-08-31	64051.0	2700.0	110.0	61351.0	63941.0	0.0	0.0	24.4	27.3	36.9	38.4
2010-09-07	60245.0	2150.0	0.0	58095.0	60245.0	0.0	0.0	24.7	29.9	36.3	41.7
2010-09-14	60500.0	2150.0	0.0	58350.0	60500.0	0.0	0.0	25.0	30.2	36.5	42.0
2010-09-21	61775.0	2150.0	0.0	59625.0	61775.0	0.0	0.0	25.7	29.6	37.9	41.8
2010-09-28	61985.0	2150.0	0.0	59835.0	61985.0	0.0	0.0	27.0	29.5	39.1	42.0
2010-10-05	59072.0	1625.0	0.0	57403.0	59072.0	44.0	0.0	28.0	32.3	39.8	45.6
2010-10-12	59830.0	1625.0	0.0	58161.0	59830.0	44.0	0.0	28.2	31.9	39.9	46.2
2010-10-19	59830.0	1625.0	0.0	58161.0	59830.0	44.0	0.0	28.2	31.9	39.9	46.2
2010-10-26	59230.0	1625.0	0.0	57561.0	58975.0	44.0	255.0	28.5	30.1	40.3	44.6
2010-11-02	55954.0	1100.0	0.0	54810.0	55699.0	44.0	255.0	30.4	33.4	42.3	48.0
2010-11-09	58837.0	2120.0	223.0	56520.0	58568.0	151.0	0.0	28.9	31.3	40.2	45.3
2010-11-16	59092.0	2120.0	223.0	56520.0	58568.0	151.0	0.0	28.8	31.2	40.0	45.1
2010-11-23	59174.0	2120.0	223.0	56602.0	58650.0	151.0	0.0	28.2	31.0	39.4	44.6
2010-11-30	59174.0	2120.0	223.0	56602.0	58650.0	151.0	0.0	28.2	31.0	39.4	44.6
2010-12-07	54866.0	1595.0	223.0	52840.0	54342.0	130.0	0.0	32.3	34.2	45.0	48.2
2010-12-14	55059.0	1595.0	223.0	53033.0	54535.0	130.0	0.0	32.2	34.5	44.8	48.1
2010-12-21	55059.0	1595.0	223.0	53033.0	54535.0	130.0	0.0	32.2	34.5	44.8	48.1
2010-12-28	55059.0	1595.0	223.0	53033.0	54535.0	130.0	0.0	32.2	34.5	44.8	48.1
2011-01-04	51824.0	1020.0	264.0	50442.0	51262.0	107.0	43.0	34.5	37.3	47.9	50.8
2011-01-11	51354.0	1020.0	264.0	49972.0	50792.0	107.0	43.0	34.8	36.3	47.2	48.7
2011-01-18	51354.0	1020.0	264.0	49972.0	50792.0	107.0	43.0	34.8	36.3	47.2	48.7
2011-01-25	51314.0	1020.0	264.0	49932.0	50752.0	107.0	43.0	33.6	35.6	46.4	48.0
2011-02-01	49487.0	1020.0	243.0	48126.0	48946.0	86.0	43.0	34.6	35.7	47.6	48.5
2011-02-08	49487.0	1020.0	243.0	48126.0	48946.0	86.0	43.0	34.6	35.7	47.6	48.5
2011-02-15	50762.0	1020.0	243.0	49401.0	50221.0	86.0	43.0	35.5	37.3	48.9	49.8
2011-02-22	50762.0	1020.0	243.0	49401.0	50221.0	86.0	43.0	35.5	37.3	48.9	49.8
2011-03-01	49091.0	1020.0	92.0	47750.0	48701.0	66.0	43.0	36.7	38.1	50.7	51.0
2011-03-08	47816.0	0.0	92.0	47750.0	47426.0	66.0	298.0	37.7	36.5	52.0	48.2
2011-03-15	48771.0	0.0	92.0	48705.0	48381.0	66.0	298.0	37.0	35.8	51.0	49.2
2011-03-22	48771.0	0.0	92.0	48705.0	48381.0	66.0	298.0	37.0	35.8	51.0	49.2
2011-03-29	49241.0	0.0	97.0	49070.0	48486.0	66.0	553.0	36.6	35.4	50.5	48.8
2011-04-05	47387.0	0.0	5.0	47239.0	46724.0	43.0	553.0	37.9	35.2	51.6	49.0
2011-04-12	47387.0	105.0	0.0	47239.0	46834.0	43.0	553.0	37.9	35.2	51.6	49.0
2011-04-19	48662.0	105.0	0.0	48514.0	48109.0	43.0	553.0	36.9	36.9	50.2	50.3
2011-04-26	51212.0	105.0	0.0	51064.0	50659.0	43.0	553.0	40.0	36.9	52.7	53.6
2011-05-03	49301.0	105.0	0.0	49153.0	48748.0	43.0	553.0	41.5	36.8	53.8	53.2
2011-05-10	51746.0	105.0	0.0	51598.0	51193.0	43.0	553.0	40.1	35.7	54.9	53.1
2011-05-17	51832.0	105.0	0.0	51684.0	51279.0	43.0	553.0	40.2	35.7	55.0	53.0
2011-05-24	55219.0	105.0	0.0	55071.0	54666.0	43.0	553.0	38.2	34.2	52.8	53.9
2011-05-31	55561.0	215.0	0.0	55303.0	55008.0	43.0	553.0	38.6	34.0	53.1	53.9
2011-06-07	53734.0	215.0	0.0	53349.0	53181.0	170.0	553.0	40.2	33.5	54.5	54.1
2011-06-14	53734.0	215.0	0.0	53349.0	53181.0	170.0	553.0	40.2	33.5	54.5	54.1
2011-06-21	53734.0	215.0	0.0	53349.0	53181.0	170.0	553.0	40.2	33.5	54.5	54.1
2011-06-28	54369.0	215.0	0.0	53984.0	53816.0	170.0	553.0	39.8	35.5	55.5	56.2
2011-07-05	51509.0	105.0	0.0	51234.0	50956.0	170.0	553.0	42.1	35.9	56.9	58.1
2011-07-12	51764.0	105.0	0.0	51489.0	51211.0	170.0	553.0	41.4	36.7	56.6	58.3
2011-07-19	51764.0	105.0	0.0	51489.0	51211.0	170.0	553.0	41.4	36.7	56.6	58.3
2011-07-26	51764.0	105.0	0.0	51489.0	51211.0	170.0	553.0	41.4	36.7	56.6	58.3
2011-08-02	48964.0	105.0	0.0	48729.0	48431.0	130.0	533.0	43.2	37.8	58.1	60.8
2011-08-09	49048.0	105.0	0.0	48729.0	48431.0	130.0	533.0	43.1	37.8	58.0	60.7
2011-08-16	49132.0	189.0	0.0	48729.0	48770.0	130.0	278.0	43.0	37.7	57.9	60.6
2011-08-23	49132.0	189.0	0.0	48729.0	48770.0	130.0	278.0	44.5	40.3	60.5	63.2
2011-08-30	52873.0	105.0	1191.0	52554.0	51320.0	130.0	278.0	48.6	42.3	63.5	63.6
2011-09-06	49676.0	105.0	1191.0	49403.0	48146.0	84.0	255.0	50.9	44.7	65.7	66.7
2011-09-13	50186.0	105.0	1191.0	49913.0	48656.0	84.0	255.0	50.4	45.3	66.1	67.1
2011-09-20	50291.0	0.0	1191.0	50018.0	48656.0	84.0	255.0	50.3	45.2	65.9	66.9
2011-09-27	50081.0	0.0	1191.0	49808.0	48446.0	84.0	255.0	50.5	45.4	65.8	66.8
2011-10-04	48110.0	0.0	1656.0	47942.0	46094.0	63.0	255.0	52.9	49.4	67.0	70.0
2011-10-11	51425.0	0.0	1656.0	51257.0	49409.0	63.0	255.0	49.5	53.7	64.1	72.2
2011-10-18	52700.0	0.0	1656.0	52532.0	50684.0	63.0	255.0	48.5	54.8	64.9	72.9
2011-10-25	52742.0	0.0	1698.0	52574.0	50684.0	63.0	255.0	48.5	54.7	64.9	72.8
2011-11-01	51854.0	0.0	612.0	51812.0	50987.0	42.0	255.0	51.4	55.2	68.0	73.9
2011-11-08	51959.0	0.0	612.0	51917.0	51092.0	42.0	255.0	51.3	55.3	68.1	74.0
2011-11-15	53234.0	0.0	612.0	53192.0	52367.0	42.0	255.0	52.4	58.8	68.8	75.0
2011-11-22	53489.0	0.0	612.0	53447.0	52622.0	42.0	255.0	52.7	59.0	69.0	75.1
2011-11-29	53489.0	0.0	612.0	53447.0	52622.0	42.0	255.0	52.7	59.0	69.0	75.1
2011-12-06	51399.0	0.0	790.0	51378.0	50354.0	21.0	255.0	55.0	60.9	71.7	77.4
2011-12-13	51399.0	0.0	790.0	51378.0	50354.0	21.0	255.0	55.0	60.9	71.7	77.4
2011-12-20	51654.0	0.0	790.0	51633.0	50609.0	21.0	255.0	55.2	60.6	71.8	77.3
2011-12-27	51654.0	0.0	790.0	51633.0	50609.0	21.0	255.0	55.2	60.6	71.8	77.3
2012-01-03	49176.0	0.0	685.0	49048.0	48236.0	128.0	255.0	58.6	63.0	75.1	80.6
2012-01-10	49239.0	0.0	685.0	49239.0	48299.0	0.0	255.0	58.7	62.9	75.2	80.5
2012-01-17	49239.0	0.0	685.0	48984.0	48299.0	255.0	255.0	58.7	62.9	75.2	80.5
2012-01-24	50514.0	0.0	773.0	50259.0	49486.0	255.0	255.0	57.2	63.9	74.6	80.9
2012-01-31	50514.0	0.0	773.0	50259.0	49486.0	255.0	255.0	57.2	63.9	74.6	80.9
2012-02-07	48000.0	110.0	710.0	47656.0	47035.0	234.0	255.0	56.4	64.0	74.0	80.6
2012-02-14	48762.0	110.0	710.0	48418.0	47797.0	234.0	255.0	55.1	64.5	73.1	80.9
2012-02-21	48762.0	0.0	600.0	48418.0	47797.0	234.0	255.0	55.1	64.5	73.1	80.9
2012-02-28	50368.0	0.0	1282.0	50024.0	48976.0	234.0	0.0	53.3	60.9	69.2	74.8
2012-03-06	47386.0	0.0	1219.0	46872.0	45952.0	299.0	0.0	52.2	59.8	68.2	73.8
2012-03-13	47491.0	0.0	1219.0	46872.0	45952.0	299.0	0.0	52.0	59.7	68.1	73.7
2012-03-20	49606.0	0.0	2059.0	48987.0	47227.0	299.0	0.0	50.7	60.4	66.9	73.8
2012-03-27	48766.0	0.0	1219.0	48147.0	47227.0	299.0	0.0	50.7	61.5	66.3	75.0
2012-04-03	45775.0	210.0	835.0	45310.0	44685.0	255.0	255.0	53.4	67.0	70.4	81.5
2012-04-10	45775.0	210.0	835.0	45310.0	44685.0	255.0	255.0	53.4	67.0	70.4	81.5
2012-04-17	46393.0	210.0	725.0	45861.0	45261.0	212.0	297.0	53.8	67.2	70.7	81.5
2012-04-24	46393.0	210.0	725.0	45861.0	45261.0	212.0	297.0	53.8	67.2	70.7	81.5
2012-05-01	48239.0	0.0	1764.0	47959.0	46068.0	170.0	297.0	55.4	65.6	70.6	79.4
2012-05-08	50779.0	0.0	1764.0	50499.0	48608.0	170.0	297.0	57.6	67.3	72.1	80.5
2012-05-15	51034.0	0.0	1764.0	50754.0	48608.0	170.0	552.0	57.8	67.0	72.2	80.1
2012-05-22	52309.0	0.0	1764.0	52029.0	49883.0	170.0	552.0	58.9	65.4	72.9	80.5
2012-05-29	54341.0	0.0	1764.0	54061.0	51915.0	170.0	552.0	56.7	60.1	70.2	74.7
2012-06-05	51107.0	0.0	1852.0	50959.0	48703.0	148.0	552.0	56.0	59.6	69.3	74.4
2012-06-12	51107.0	0.0	1747.0	50959.0	48808.0	148.0	552.0	56.0	59.6	69.3	74.4
2012-06-19	52893.0	0.0	3788.0	52745.0	48553.0	148.0	552.0	55.6	57.6	68.4	73.4
2012-06-26	52893.0	0.0	3788.0	52745.0	48553.0	148.0	552.0	55.6	57.6	68.4	73.4
2012-07-03	49848.0	0.0	3767.0	49721.0	45550.0	127.0	531.0	54.8	56.9	67.7	73.0
2012-07-10	49848.0	0.0	3767.0	49721.0	45550.0	127.0	531.0	54.8	56.9	67.7	73.0
2012-07-17	50078.0	0.0	3997.0	49951.0	45550.0	127.0	531.0	55.0	56.6	67.8	73.0
2012-07-24	51608.0	0.0	3997.0	51481.0	47080.0	127.0	531.0	53.4	56.9	68.8	72.8
2012-07-31	51772.0	0.0	3997.0	51645.0	47244.0	127.0	531.0	53.7	57.1	68.9	73.0
2012-08-07	50185.0	0.0	3934.0	50079.0	45741.0	106.0	510.0	55.8	58.6	70.4	74.0
2012-08-14	50185.0	0.0	3934.0	50079.0	45741.0	106.0	510.0	55.8	58.6	70.4	74.0
2012-08-21	50185.0	0.0	3934.0	50079.0	45741.0	106.0	510.0	55.8	58.6	70.4	74.0
2012-08-28	51460.0	0.0	3934.0	51354.0	47016.0	106.0	510.0	56.9	59.6	71.1	74.7
2012-09-04	48232.0	0.0	3750.0	48149.0	43972.0	83.0	510.0	58.1	61.3	72.2	75.7
2012-09-11	48002.0	0.0	3520.0	47919.0	43972.0	83.0	510.0	57.9	61.6	72.0	75.6
2012-09-18	48604.0	0.0	3612.0	48521.0	44482.0	83.0	510.0	58.3	61.9	72.2	75.9
2012-09-25	48604.0	0.0	3612.0	48521.0	44482.0	83.0	510.0	58.3	61.9	72.2	75.9
2012-10-02	45390.0	0.0	3593.0	45326.0	41287.0	64.0	510.0	58.7	62.7	73.2	75.7
2012-10-09	45474.0	0.0	3677.0	45410.0	41287.0	64.0	510.0	58.8	62.6	73.2	75.8
2012-10-16	45474.0	0.0	3677.0	45410.0	41287.0	64.0	510.0	58.8	62.6	73.2	75.8
2012-10-23	45474.0	0.0	3677.0	45410.0	41287.0	64.0	510.0	58.8	62.6	73.2	75.8
2012-10-30	45474.0	0.0	3677.0	45410.0	41287.0	64.0	510.0	58.8	62.6	73.2	75.8
2012-11-06	40989.0	0.0	3562.0	40948.0	36917.0	41.0	510.0	59.0	64.7	74.9	76.7
2012-11-13	42264.0	0.0	3562.0	42223.0	38192.0	41.0	510.0	57.3	65.7	72.6	77.4
2012-11-20	42324.0	0.0	3562.0	42283.0	38507.0	41.0	255.0	57.2	65.6	72.5	77.3
2012-11-27	42324.0	0.0	3562.0	42283.0	38507.0	41.0	255.0	57.2	65.6	72.5	77.3
2012-12-04	39192.0	0.0	3457.0	39172.0	35480.0	20.0	255.0	57.8	68.7	74.2	79.2
2012-12-11	39192.0	0.0	3457.0	39172.0	35480.0	20.0	255.0	57.8	68.7	74.2	79.2
2012-12-18	39192.0	0.0	3457.0	39172.0	35480.0	20.0	255.0	57.8	68.7	74.2	79.2
2012-12-24	39192.0	0.0	3457.0	39172.0	35480.0	20.0	255.0	57.8	68.7	74.2	79.2
2012-12-31	39255.0	0.0	3520.0	39235.0	35480.0	20.0	255.0	57.7	68.6	74.1	79.0
2013-01-08	35295.0	0.0	3500.0	35040.0	31540.0	255.0	255.0	61.0	71.2	75.5	81.6
2013-01-15	35295.0	0.0	3500.0	35040.0	31540.0	255.0	255.0	61.0	71.2	75.5	81.6
2013-01-22	35295.0	0.0	3500.0	35040.0	31540.0	255.0	255.0	61.0	71.2	75.5	81.6
2013-01-29	35295.0	0.0	3500.0	35040.0	31540.0	255.0	255.0	61.0	71.2	75.5	81.6
2013-02-05	32787.0	0.0	3390.0	32554.0	29164.0	233.0	233.0	60.6	71.0	75.3	81.7
2013-02-12	32787.0	0.0	3390.0	32554.0	29164.0	233.0	233.0	60.6	71.0	75.3	81.7
2013-02-19	32787.0	0.0	3390.0	32554.0	29164.0	233.0	233.0	60.6	71.0	75.3	81.7
2013-02-26	32895.0	1165.0	3390.0	31497.0	29272.0	233.0	233.0	60.4	70.7	75.5	81.9
2013-03-05	30515.0	1065.0	3290.0	29237.0	27012.0	213.0	213.0	60.1	71.1	75.6	82.2
2013-03-12	30515.0	0.0	3290.0	30302.0	27012.0	213.0	213.0	60.1	71.1	75.6	82.2
2013-03-19	30515.0	0.0	3290.0	30302.0	27012.0	213.0	213.0	60.1	71.1	75.6	82.2
2013-03-26	30515.0	0.0	3290.0	30302.0	27012.0	213.0	213.0	60.1	71.1	75.6	82.2
2013-05-21	27687.0	0.0	3012.0	27517.0	24144.0	170.0	531.0	54.5	61.1	72.2	76.2
2013-05-28	28455.0	0.0	3396.0	28455.0	24528.0	0.0	531.0	54.8	59.4	73.0	75.5
2013-06-04	24478.0	0.0	3286.0	24458.0	20705.0	20.0	487.0	58.8	68.0	78.2	83.2
2013-06-11	24478.0	0.0	3286.0	24458.0	20705.0	20.0	487.0	58.8	68.0	78.2	83.2
2013-06-18	24478.0	0.0	3286.0	24458.0	20705.0	20.0	487.0	58.8	68.0	78.2	83.2
2013-06-25	24698.0	0.0	3286.0	24678.0	20925.0	20.0	487.0	59.2	66.5	77.8	81.7
2013-07-02	22498.0	0.0	3186.0	22370.0	18865.0	128.0	447.0	59.3	66.1	78.1	81.5
2013-07-09	22498.0	0.0	3186.0	22370.0	18865.0	128.0	447.0	59.3	66.1	78.1	81.5
2013-07-16	22498.0	0.0	3186.0	22370.0	18865.0	128.0	447.0	59.3	66.1	78.1	81.5
2013-07-23	22933.0	0.0	3186.0	22805.0	19300.0	128.0	447.0	60.0	64.9	78.6	80.8
2013-07-30	23857.0	0.0	2526.0	23373.0	20400.0	0.0	447.0	57.7	67.0	75.5	79.6
2013-08-06	21767.0	0.0	2350.0	21283.0	18530.0	0.0	403.0	57.3	68.4	76.4	80.1
2013-08-13	21767.0	0.0	2350.0	21283.0	18530.0	0.0	403.0	57.3	68.4	76.4	80.1
2013-08-20	21979.0	0.0	2350.0	21495.0	18742.0	0.0	403.0	56.7	67.8	76.5	79.3
2013-08-27	22179.0	0.0	2550.0	21695.0	18742.0	0.0	403.0	56.7	68.1	76.3	79.5
2013-09-03	20165.0	0.0	4034.0	20081.0	15772.0	84.0	359.0	56.9	63.9	76.8	78.9
2013-09-10	20165.0	0.0	4034.0	20081.0	15772.0	84.0	359.0	56.9	63.9	76.8	78.9
2013-09-17	20165.0	0.0	4034.0	20081.0	15772.0	84.0	359.0	56.9	63.9	76.8	78.9
2013-09-24	20970.0	0.0	4839.0	20886.0	15772.0	84.0	359.0	55.3	65.3	75.7	79.7
2013-10-08	22309.0	0.0	4439.0	20709.0	15951.0	0.0	319.0	47.2	58.6	67.4	70.1
2013-10-15	23300.0	0.0	4229.0	21595.0	17047.0	0.0	319.0	45.2	56.1	64.3	67.1
2013-10-22	25254.0	0.0	4229.0	23549.0	19001.0	0.0	319.0	41.6	51.7	58.7	63.4
2013-10-29	26054.0	0.0	4229.0	24349.0	19801.0	0.0	319.0	40.3	53.2	60.0	64.5
2013-11-05	28512.0	0.0	8760.0	26807.0	17751.0	0.0	296.0	46.1	63.4	67.5	71.1
2013-11-12	28932.0	0.0	9180.0	27227.0	17751.0	0.0	296.0	46.9	63.9	68.0	71.6
2013-11-19	29352.0	0.0	9180.0	27647.0	18171.0	0.0	296.0	46.2	61.7	67.0	69.2
2013-11-26	29352.0	0.0	9180.0	27647.0	18171.0	0.0	296.0	46.2	61.7	67.0	69.2
2013-12-03	26532.0	42.0	9382.0	25147.0	15510.0	0.0	297.0	48.4	63.5	69.0	71.7
2013-12-10	26532.0	42.0	9382.0	25147.0	15510.0	0.0	297.0	48.4	63.5	69.0	71.7
2013-12-17	26637.0	42.0	9382.0	25252.0	15615.0	0.0	297.0	48.2	63.2	68.7	72.2
2013-12-24	29021.0	42.0	9382.0	27636.0	17999.0	0.0	297.0	45.7	63.0	68.3	72.9
2014-01-07	26480.0	105.0	9382.0	25095.0	15563.0	0.0	255.0	47.9	66.0	71.5	78.8
2014-01-14	26480.0	105.0	9382.0	25095.0	15563.0	0.0	255.0	47.9	66.0	71.5	78.8
2014-01-21	26480.0	105.0	9382.0	25095.0	15563.0	0.0	255.0	47.9	66.0	71.5	78.8
2014-01-28	26480.0	105.0	9382.0	25095.0	15563.0	0.0	255.0	48.9	66.9	72.5	79.7
2014-02-04	24874.0	105.0	8414.0	23489.0	14925.0	0.0	255.0	48.9	65.8	71.3	78.4
2014-02-11	24934.0	105.0	8414.0	23549.0	14985.0	0.0	255.0	48.8	65.6	71.4	78.2
2014-02-18	24934.0	105.0	8414.0	23549.0	14985.0	0.0	255.0	48.8	65.6	71.4	78.2
2014-02-25	25232.0	105.0	8414.0	23847.0	15283.0	0.0	255.0	48.2	66.0	71.7	78.5
2014-03-04	23712.0	105.0	7534.0	22327.0	14643.0	0.0	255.0	48.2	67.1	70.7	79.5
2014-03-11	24129.0	105.0	7534.0	22744.0	15060.0	0.0	255.0	47.4	66.0	67.9	77.9
2014-03-18	24129.0	105.0	7534.0	22744.0	15060.0	0.0	255.0	47.4	66.0	67.9	77.9
2014-03-25	24470.0	105.0	7534.0	23085.0	15401.0	0.0	255.0	46.7	65.1	68.4	76.8
2014-04-01	23415.0	0.0	6253.0	22135.0	15627.0	0.0	255.0	49.4	63.1	70.6	76.3
2014-04-08	23415.0	0.0	6253.0	22135.0	15627.0	0.0	255.0	49.4	63.1	70.6	76.3
2014-04-15	23415.0	0.0	6253.0	22135.0	15627.0	0.0	255.0	49.4	63.1	70.6	76.3
2014-04-22	23415.0	0.0	6253.0	22135.0	15627.0	0.0	255.0	49.4	63.1	70.6	76.3
2014-04-29	24690.0	0.0	6253.0	23410.0	16902.0	0.0	255.0	49.7	59.8	68.2	72.3
2014-05-06	22116.0	0.0	5351.0	20813.0	15230.0	23.0	255.0	53.5	62.3	70.3	75.2
2014-05-13	22116.0	0.0	5351.0	20813.0	15230.0	23.0	255.0	53.5	62.3	70.3	75.2
2014-05-20	22116.0	0.0	5351.0	20813.0	15230.0	23.0	255.0	53.5	62.3	70.3	75.2
2014-05-27	22116.0	0.0	5351.0	20813.0	15230.0	23.0	255.0	53.5	62.3	70.3	75.2
2014-06-03	21261.0	0.0	4910.0	19958.0	14816.0	23.0	255.0	54.8	62.8	69.8	75.1
2014-06-10	21261.0	0.0	4910.0	19958.0	14816.0	23.0	255.0	54.8	62.8	69.8	75.1
2014-06-17	21261.0	0.0	4910.0	19958.0	14816.0	23.0	255.0	54.8	62.8	69.8	75.1
2014-06-24	21261.0	0.0	4910.0	19958.0	14816.0	23.0	255.0	54.8	62.8	69.8	75.1
2014-07-01	19686.0	0.0	4469.0	18383.0	13682.0	23.0	255.0	54.6	62.3	69.5	74.3
2014-07-08	19686.0	0.0	4469.0	18383.0	13682.0	23.0	255.0	54.6	62.3	69.5	74.3
2014-07-15	20206.0	0.0	4469.0	18903.0	14202.0	23.0	255.0	57.3	60.7	72.9	72.4
2014-07-22	20206.0	0.0	4469.0	18903.0	14202.0	23.0	255.0	59.7	60.7	73.1	72.4
2014-07-29	20206.0	0.0	4469.0	18903.0	14202.0	23.0	255.0	59.7	60.7	73.1	72.4
2014-08-05	18556.0	0.0	4007.0	17253.0	13014.0	23.0	255.0	62.4	59.9	76.7	71.7
2014-08-12	21116.0	0.0	4007.0	19813.0	15574.0	23.0	255.0	66.9	64.8	79.6	75.1
2014-08-19	21116.0	0.0	4007.0	19813.0	15574.0	23.0	255.0	66.9	64.8	79.6	75.1
2014-08-26	21116.0	0.0	4007.0	19813.0	15574.0	23.0	255.0	66.9	64.8	79.6	75.1
2014-09-02	19373.0	0.0	3566.0	18070.0	14272.0	23.0	255.0	68.0	64.9	80.5	75.0
2014-09-09	19373.0	0.0	3566.0	18070.0	14272.0	23.0	255.0	68.0	64.9	80.5	75.0
2014-09-16	19373.0	0.0	3566.0	18070.0	14272.0	23.0	255.0	68.0	64.9	80.5	75.0
2014-09-23	19373.0	0.0	3566.0	18070.0	14272.0	23.0	255.0	68.0	64.9	80.5	75.0
2014-09-30	19373.0	0.0	3566.0	18070.0	14272.0	23.0	255.0	68.0	64.9	80.5	75.0
2014-11-18	21985.0	0.0	2642.0	21165.0	18268.0	0.0	255.0	62.7	73.1	85.9	84.0
2014-12-02	20344.0	0.0	2243.0	19904.0	17406.0	0.0	255.0	60.0	76.1	85.5	87.3
2014-12-09	20598.0	0.0	2243.0	20158.0	17660.0	0.0	255.0	62.9	78.9	88.1	89.9
2014-12-16	20598.0	0.0	2243.0	20158.0	17660.0	0.0	255.0	62.9	78.9	88.1	89.9
2014-12-23	20598.0	0.0	2243.0	20158.0	17660.0	0.0	255.0	62.9	78.9	88.1	89.9
2014-12-30	20598.0	0.0	2243.0	20158.0	17660.0	0.0	255.0	62.9	78.9	88.1	89.9
