2009-07-28	8111.0	0.0	0.0	7454.0	7834.0	657.0	277.0	51.7	71.9	77.1	86.0
2009-08-04	7777.0	0.0	0.0	7159.0	7511.0	618.0	266.0	51.8	72.5	77.0	86.4
2009-08-11	7858.0	0.0	0.0	7234.0	7565.0	624.0	293.0	51.4	71.9	76.8	86.0
2009-08-18	7922.0	0.0	0.0	7304.0	7630.0	618.0	292.0	50.3	71.4	76.2	85.2
2009-08-25	7982.0	0.0	0.0	7214.0	7685.0	768.0	297.0	49.8	70.7	75.5	85.2
2009-09-01	7982.0	0.0	0.0	7204.0	7690.0	778.0	292.0	49.9	70.9	75.6	85.5
2009-09-08	7488.0	0.0	0.0	6789.0	7196.0	699.0	292.0	50.8	72.2	77.3	87.6
2009-09-15	7643.0	0.0	0.0	6949.0	7332.0	694.0	311.0	51.2	72.2	77.2	87.6
2009-09-22	7718.0	0.0	0.0	7009.0	7392.0	709.0	326.0	51.5	72.1	77.2	87.5
2009-09-29	7781.0	0.0	0.0	7055.0	7445.0	726.0	336.0	50.9	71.5	76.4	86.8
2009-10-06	7566.0	0.0	0.0	6890.0	7356.0	676.0	210.0	51.8	72.1	76.3	87.2
2009-10-13	7890.0	0.0	0.0	7154.0	7695.0	736.0	195.0	51.7	73.4	76.5	88.0
2009-10-20	7886.0	0.0	0.0	7129.0	7661.0	757.0	225.0	51.9	73.4	76.5	87.6
2009-10-27	7952.0	0.0	0.0	7180.0	7724.0	772.0	228.0	51.9	73.5	76.5	87.4
