2009-09-08	4764.0	0.0	290.0	4264.0	3743.0	370.0	601.0	22.0	21.8	29.7	30.0
2009-09-15	6528.0	0.0	275.0	5871.0	5355.0	425.0	666.0	18.6	15.8	24.8	22.4
2009-09-22	7019.0	0.0	275.0	6370.0	5726.0	342.0	711.0	18.7	18.8	25.1	23.9
2009-09-29	8881.0	0.0	230.0	7297.0	7361.0	1244.0	950.0	18.3	22.9	24.1	28.7
2009-10-06	9522.0	0.0	430.0	8996.0	8652.0	342.0	256.0	22.3	26.3	34.0	38.7
2009-10-13	9849.0	0.0	400.0	9366.0	9076.0	346.0	236.0	19.1	27.2	30.9	38.3
2009-10-20	10975.0	0.0	432.0	10479.0	10240.0	449.0	256.0	17.0	26.1	28.4	36.0
2009-10-27	12089.0	0.0	432.0	11413.0	11446.0	546.0	81.0	19.8	25.0	31.6	35.2
2009-11-03	12615.0	0.0	432.0	11980.0	11946.0	505.0	107.0	20.7	28.3	33.3	39.2
2009-11-09	12326.0	0.0	260.0	11851.0	11819.0	329.0	101.0	23.3	30.1	34.3	42.2
2009-11-17	13701.0	83.0	310.0	13133.0	13187.0	461.0	180.0	27.2	34.0	40.2	47.9
2009-11-24	14520.0	83.0	245.0	13882.0	14056.0	531.0	195.0	29.5	34.0	42.3	49.3
2009-12-01	15358.0	83.0	170.0	14501.0	14850.0	661.0	225.0	31.1	38.5	43.6	52.1
2009-12-08	13637.0	0.0	98.0	13275.0	13295.0	299.0	181.0	32.4	36.3	46.6	54.7
2009-12-15	14253.0	0.0	63.0	13811.0	13811.0	344.0	281.0	35.2	33.8	47.7	54.0
2009-12-22	22047.0	142.0	0.0	20216.0	20995.0	1668.0	1031.0	38.5	38.6	53.5	54.9
2009-12-29	22216.0	292.0	0.0	20972.0	21900.0	931.0	295.0	38.3	39.4	53.3	56.3
2010-01-05	22986.0	457.0	0.0	21556.0	22670.0	952.0	295.0	35.6	40.2	51.1	54.4
2010-01-12	21535.0	399.0	45.0	20366.0	21240.0	656.0	136.0	39.1	40.2	51.9	54.5
2010-01-19	22555.0	389.0	45.0	21660.0	22259.0	416.0	161.0	35.4	39.0	48.0	52.1
2010-01-26	23432.0	504.0	45.0	22319.0	23019.0	490.0	249.0	34.5	37.1	45.7	51.2
2010-02-02	24163.0	609.0	45.0	22969.0	23751.0	438.0	220.0	34.8	35.6	46.7	49.8
2010-02-09	22174.0	555.0	45.0	21292.0	21771.0	172.0	203.0	29.8	35.7	44.1	50.4
2010-02-16	22781.0	511.0	45.0	21908.0	22283.0	207.0	298.0	31.1	34.3	44.8	47.5
2010-02-23	22492.0	382.0	45.0	21707.0	22190.0	248.0	102.0	30.6	33.4	44.9	46.4
2010-03-02	22598.0	301.0	45.0	21825.0	22223.0	317.0	175.0	28.8	34.0	43.4	45.8
2010-03-09	19761.0	150.0	45.0	19003.0	19481.0	483.0	110.0	35.5	37.5	49.6	51.1
2010-03-16	20435.0	150.0	45.0	19737.0	20075.0	423.0	190.0	35.0	37.2	48.3	51.3
2010-03-23	21333.0	150.0	45.0	20635.0	20993.0	423.0	170.0	32.7	36.9	46.7	50.2
2010-03-30	22437.0	171.0	45.0	21673.0	22101.0	342.0	40.0	31.5	35.9	45.1	49.4
2010-04-06	20235.0	0.0	77.0	19688.0	19971.0	375.0	15.0	34.8	37.4	48.6	49.8
2010-04-13	20814.0	0.0	152.0	20172.0	20410.0	433.0	43.0	34.3	36.7	48.9	49.1
2010-04-20	21587.0	0.0	87.0	20943.0	21238.0	447.0	65.0	31.7	36.7	47.0	49.0
