2009-09-15	1702.0	15.0	236.0	1588.0	1411.0	62.0	18.0	74.2	60.6	88.0	82.7
2009-09-22	1812.0	25.0	251.0	1688.0	1491.0	62.0	33.0	72.8	64.4	88.9	81.2
2009-09-29	2085.0	0.0	361.0	2005.0	1575.0	42.0	111.0	73.2	55.3	89.9	70.7
2009-10-06	1850.0	0.0	316.0	1692.0	1349.0	100.0	127.0	72.4	59.4	88.2	76.6
2009-10-13	1924.0	0.0	306.0	1733.0	1388.0	133.0	172.0	74.1	60.0	87.4	75.7
2009-10-20	2333.0	0.0	378.0	1870.0	1406.0	423.0	509.0	65.8	50.1	76.3	64.3
2009-10-27	2204.0	0.0	443.0	2112.0	1594.0	40.0	115.0	73.5	60.5	87.5	74.5
2009-11-03	1755.0	0.0	496.0	1590.0	1087.0	120.0	127.0	58.9	57.7	78.2	75.0
2009-11-09	2187.0	54.0	554.0	1935.0	1475.0	126.0	86.0	56.2	51.4	77.7	75.6
2009-11-17	2493.0	70.0	701.0	2286.0	1599.0	90.0	146.0	54.4	49.4	78.2	73.6
2009-11-24	2994.0	59.0	800.0	2710.0	1948.0	145.0	166.0	63.2	48.2	75.7	69.0
2009-12-01	2354.0	80.0	692.0	2123.0	1496.0	104.0	119.0	64.5	49.4	81.1	74.2
2009-12-08	3097.0	80.0	686.0	2824.0	2229.0	134.0	123.0	69.8	41.1	81.6	67.8
2009-12-15	3518.0	86.0	675.0	3252.0	2629.0	128.0	162.0	70.4	40.8	81.0	67.7
2009-12-22	3767.0	86.0	765.0	3541.0	2804.0	98.0	156.0	66.9	38.2	76.7	64.0
2009-12-29	3942.0	86.0	960.0	3686.0	2799.0	128.0	141.0	66.5	42.4	75.9	66.4
2010-01-05	2487.0	0.0	810.0	2378.0	1524.0	109.0	153.0	66.1	48.0	80.3	69.3
2010-01-12	2641.0	0.0	810.0	2462.0	1658.0	179.0	173.0	66.0	47.7	79.8	69.4
2010-01-19	2724.0	0.0	810.0	2578.0	1736.0	146.0	178.0	66.2	46.2	79.1	67.0
2010-01-26	2920.0	0.0	825.0	2846.0	1896.0	74.0	199.0	68.2	44.3	82.6	65.6
2010-02-23	2944.0	0.0	710.0	2877.0	1936.0	67.0	298.0	68.8	39.7	81.8	60.6
2010-03-02	2362.0	0.0	542.0	2311.0	1630.0	51.0	190.0	59.6	36.3	77.3	57.2
2010-03-09	2918.0	0.0	542.0	2886.0	2284.0	32.0	92.0	54.6	39.0	74.8	60.2
2010-03-16	3599.0	160.0	749.0	3386.0	2733.0	53.0	117.0	48.2	43.8	72.7	62.8
2010-03-23	3905.0	185.0	856.0	3627.0	2897.0	93.0	152.0	48.4	44.3	71.6	61.6
2010-03-30	4242.0	185.0	936.0	3974.0	3134.0	83.0	172.0	48.2	45.9	71.3	61.5
2010-04-06	3361.0	185.0	612.0	2961.0	2545.0	215.0	204.0	58.4	54.1	74.7	72.4
2010-04-20	4189.0	185.0	1173.0	3778.0	2783.0	226.0	233.0	57.6	53.4	72.3	72.3
2010-04-27	4383.0	185.0	663.0	4096.0	3485.0	102.0	235.0	57.4	52.9	71.8	69.2
2010-05-04	3611.0	60.0	513.0	3425.0	2944.0	126.0	154.0	57.8	56.3	75.0	73.6
2010-05-11	3889.0	60.0	593.0	3630.0	3034.0	199.0	262.0	55.0	55.8	71.7	73.1
2010-05-18	4646.0	60.0	957.0	4344.0	3446.0	242.0	243.0	60.8	49.7	75.0	71.7
2010-05-25	5141.0	60.0	1461.0	4834.0	3388.0	247.0	292.0	58.3	53.8	72.5	69.1
2010-06-01	4207.0	30.0	1433.0	3819.0	2579.0	358.0	195.0	62.1	57.4	72.2	74.5
2010-06-08	4376.0	30.0	1510.0	4025.0	2721.0	321.0	145.0	60.1	57.2	70.8	75.4
2010-06-15	4381.0	30.0	1285.0	4107.0	2913.0	244.0	183.0	60.0	56.7	72.6	74.9
2010-06-22	4784.0	30.0	1465.0	4542.0	3213.0	212.0	106.0	56.9	57.5	72.3	73.8
2010-06-29	4891.0	30.0	1465.0	4649.0	3254.0	212.0	172.0	54.2	55.0	69.1	72.8
2010-07-06	3588.0	0.0	1413.0	3379.0	2008.0	209.0	167.0	51.1	59.4	67.6	74.4
2010-07-13	3756.0	0.0	1486.0	3547.0	2108.0	209.0	162.0	47.2	57.5	63.7	71.3
2010-07-20	3916.0	0.0	1617.0	3748.0	2212.0	168.0	87.0	42.2	60.0	60.4	74.1
2010-07-27	4275.0	0.0	1642.0	4153.0	2569.0	122.0	64.0	40.5	61.0	59.6	74.6
2010-08-03	3742.0	0.0	1309.0	3482.0	2329.0	260.0	104.0	37.8	62.2	57.9	76.3
2010-08-10	4510.0	0.0	1309.0	4343.0	2994.0	167.0	207.0	37.5	60.0	57.2	73.5
2010-08-17	4894.0	0.0	1309.0	4797.0	3393.0	97.0	192.0	37.8	56.2	55.6	70.1
2010-08-24	5744.0	0.0	1345.0	5604.0	4200.0	140.0	199.0	38.2	52.4	56.5	65.3
2010-08-31	6431.0	0.0	1345.0	6345.0	4924.0	86.0	162.0	39.7	48.9	56.9	61.8
2010-09-07	5425.0	0.0	1190.0	5309.0	4089.0	116.0	146.0	41.5	47.6	59.1	60.4
2010-09-14	5798.0	0.0	1190.0	5592.0	4407.0	206.0	201.0	42.3	47.1	59.2	59.3
2010-09-21	6821.0	78.0	1365.0	6616.0	5320.0	127.0	136.0	43.8	43.2	61.0	59.4
2010-09-28	7215.0	250.0	1435.0	6849.0	5589.0	116.0	191.0	44.5	40.3	59.9	57.0
2010-10-05	4901.0	0.0	1244.0	4669.0	3480.0	232.0	177.0	41.3	41.8	59.0	58.4
2010-10-12	5646.0	46.0	1244.0	5382.0	4236.0	218.0	166.0	41.4	44.7	55.5	61.5
2010-10-19	6289.0	0.0	1244.0	6117.0	4854.0	172.0	191.0	40.2	44.4	55.2	62.1
2010-10-26	7880.0	0.0	1244.0	7709.0	6503.0	171.0	133.0	34.2	44.5	50.7	59.8
2010-11-02	6217.0	0.0	924.0	6058.0	5039.0	159.0	254.0	33.8	58.5	54.4	70.3
2010-11-09	6623.0	150.0	924.0	6344.0	5627.0	129.0	72.0	33.3	55.6	53.6	70.5
2010-11-16	7036.0	150.0	924.0	6718.0	6000.0	168.0	112.0	33.0	52.2	50.7	66.5
2010-11-23	7530.0	0.0	924.0	7335.0	6464.0	195.0	142.0	34.2	49.1	50.7	62.9
2010-11-30	7988.0	0.0	924.0	7879.0	6987.0	109.0	77.0	34.4	48.4	53.0	62.0
2010-12-07	6814.0	0.0	849.0	6731.0	5863.0	83.0	102.0	46.3	54.4	64.6	68.4
2010-12-14	7568.0	0.0	849.0	7500.0	6582.0	68.0	137.0	44.6	52.1	63.6	65.2
2010-12-21	8783.0	43.0	849.0	8620.0	7719.0	80.0	175.0	43.7	51.0	63.5	63.0
2010-12-28	9571.0	28.0	850.0	9422.0	8450.0	57.0	207.0	47.8	50.1	66.6	62.9
2011-01-04	8375.0	27.0	774.0	8172.0	7349.0	48.0	124.0	59.0	56.1	72.2	66.1
2011-01-11	8799.0	15.0	777.0	8520.0	7701.0	105.0	162.0	54.0	53.2	68.5	63.7
2011-01-18	9395.0	25.0	832.0	9135.0	8231.0	121.0	218.0	52.1	51.5	66.0	60.2
2011-01-25	10248.0	15.0	954.0	10038.0	8929.0	110.0	280.0	49.1	52.0	63.0	60.8
2011-02-01	9390.0	15.0	810.0	9136.0	8306.0	178.0	213.0	37.9	52.1	53.5	61.0
2011-02-08	10872.0	15.0	995.0	10680.0	9597.0	116.0	219.0	36.7	55.7	56.0	65.8
2011-02-15	11504.0	63.0	975.0	11276.0	10348.0	64.0	80.0	36.0	56.0	53.4	67.0
2011-02-22	12219.0	50.0	840.0	11889.0	11102.0	219.0	216.0	32.8	54.6	48.5	63.8
2011-03-01	10938.0	0.0	533.0	10661.0	10156.0	277.0	249.0	31.9	61.9	49.0	68.5
2011-03-08	11606.0	30.0	422.0	11317.0	11003.0	198.0	120.0	30.7	59.6	49.0	66.7
2011-03-15	11733.0	0.0	497.0	11491.0	11022.0	156.0	128.0	30.4	60.1	48.8	66.6
2011-03-22	12006.0	0.0	512.0	11654.0	11202.0	271.0	211.0	30.3	58.4	48.7	64.8
2011-03-29	12165.0	24.0	574.0	11652.0	11254.0	353.0	201.0	29.1	57.1	46.4	64.7
2011-04-05	10894.0	24.0	336.0	10421.0	10203.0	307.0	213.0	30.6	57.3	45.2	62.0
2011-04-12	11702.0	41.0	581.0	11188.0	10673.0	352.0	327.0	31.2	53.3	49.4	59.9
2011-04-19	11712.0	69.0	766.0	11186.0	10576.0	292.0	205.0	34.0	53.7	52.4	61.3
2011-04-26	12228.0	157.0	780.0	11829.0	11079.0	80.0	207.0	34.8	52.5	52.4	60.1
2011-05-03	10177.0	128.0	810.0	9786.0	8923.0	85.0	266.0	37.0	53.8	53.2	60.4
2011-05-10	10723.0	160.0	967.0	10322.0	9371.0	150.0	294.0	36.3	52.5	53.2	60.8
2011-05-17	11155.0	218.0	1027.0	10667.0	9740.0	139.0	257.0	35.3	51.2	51.5	61.1
2011-05-24	11753.0	218.0	1065.0	11023.0	10094.0	172.0	254.0	33.6	50.1	49.1	61.4
2011-05-31	12034.0	246.0	1064.0	11336.0	10436.0	196.0	278.0	33.1	49.8	48.7	61.1
2011-06-07	9618.0	67.0	902.0	9451.0	8468.0	52.0	200.0	32.7	47.5	46.2	56.7
2011-06-14	11868.0	67.0	1072.0	11564.0	10555.0	112.0	116.0	29.0	45.4	46.9	53.7
2011-06-21	14464.0	132.0	1197.0	14028.0	12884.0	106.0	185.0	31.0	40.9	46.5	49.8
2011-06-28	15744.0	151.0	1329.0	15354.0	14080.0	87.0	183.0	29.9	38.7	46.6	48.6
2011-07-05	14234.0	91.0	1168.0	13976.0	12832.0	60.0	127.0	38.2	37.2	52.8	49.1
2011-07-12	15541.0	63.0	1169.0	15305.0	14109.0	103.0	193.0	39.1	37.3	56.2	49.0
2011-07-19	16792.0	32.0	1441.0	16510.0	15019.0	125.0	207.0	38.0	35.7	54.6	47.2
2011-07-26	17715.0	84.0	1582.0	17368.0	15743.0	114.0	241.0	39.0	34.8	55.3	46.0
2011-08-02	14020.0	38.0	932.0	13582.0	12669.0	278.0	297.0	33.6	35.3	53.8	47.3
2011-08-09	14810.0	57.0	1244.0	14298.0	13097.0	327.0	341.0	32.9	35.2	50.5	45.3
2011-08-16	15907.0	57.0	1254.0	15437.0	14223.0	376.0	393.0	31.6	33.9	47.4	44.0
2011-08-23	17746.0	191.0	950.0	17141.0	16298.0	319.0	403.0	31.7	33.2	48.5	45.1
2011-08-30	19222.0	168.0	950.0	18587.0	17802.0	402.0	405.0	28.1	33.5	44.5	44.6
2011-09-06	15098.0	195.0	889.0	14558.0	13838.0	272.0	298.0	24.5	40.3	41.5	50.1
2011-09-13	15795.0	295.0	1086.0	15172.0	14333.0	263.0	311.0	24.5	38.6	42.3	48.5
2011-09-20	16199.0	345.0	570.0	15444.0	15144.0	260.0	335.0	23.0	38.7	41.0	47.3
2011-09-27	16806.0	469.0	900.0	15965.0	15477.0	231.0	288.0	23.5	37.3	40.5	46.6
2011-10-04	16050.0	357.0	1029.0	15257.0	14621.0	206.0	170.0	30.8	36.4	44.0	48.5
2011-10-11	19790.0	313.0	1099.0	19038.0	18215.0	230.0	267.0	40.1	39.2	51.9	51.9
2011-10-18	21281.0	297.0	1209.0	20504.0	19680.0	341.0	253.0	36.9	36.0	48.9	48.5
2011-10-25	19708.0	421.0	1599.0	18803.0	17709.0	350.0	266.0	22.3	29.5	35.2	40.3
2011-11-01	17140.0	116.0	1321.0	16570.0	15436.0	294.0	223.0	25.2	31.1	36.7	40.8
2011-11-08	17920.0	102.0	1280.0	17043.0	16095.0	630.0	400.0	25.7	29.1	37.3	38.4
2011-11-15	18410.0	101.0	1407.0	17660.0	16554.0	585.0	385.0	25.4	29.9	38.2	39.4
2011-11-22	18954.0	436.0	1434.0	18249.0	16992.0	109.0	368.0	24.8	27.8	37.6	36.8
2011-11-29	19158.0	456.0	1549.0	18496.0	17186.0	98.0	315.0	24.3	27.4	37.1	36.3
2011-12-06	14049.0	193.0	1178.0	13579.0	12640.0	157.0	111.0	23.1	25.6	36.8	35.7
2011-12-13	14370.0	211.0	1055.0	13786.0	12926.0	213.0	229.0	23.7	24.3	35.8	34.3
2011-12-20	14561.0	211.0	1016.0	14013.0	13228.0	159.0	139.0	23.6	23.8	34.6	33.8
2011-12-27	14039.0	308.0	929.0	13432.0	12792.0	105.0	124.0	20.9	25.1	32.2	36.5
2012-01-03	8581.0	207.0	498.0	8000.0	7723.0	193.0	179.0	21.8	30.6	34.8	40.2
2012-01-10	9387.0	379.0	382.0	8544.0	8627.0	227.0	141.0	27.9	29.1	38.0	39.4
2012-01-17	11016.0	201.0	657.0	10192.0	9924.0	442.0	254.0	23.0	26.8	34.5	38.4
2012-01-24	12281.0	301.0	507.0	11265.0	11277.0	389.0	171.0	21.3	26.1	33.4	39.8
2012-01-31	12928.0	357.0	601.0	11922.0	11777.0	324.0	225.0	20.7	26.6	32.3	38.5
2012-02-07	12759.0	269.0	852.0	11910.0	11431.0	301.0	197.0	25.0	24.8	39.7	37.5
2012-02-14	13953.0	359.0	575.0	12971.0	12685.0	296.0	366.0	25.8	25.6	41.2	38.3
2012-02-21	15154.0	344.0	826.0	14300.0	13801.0	253.0	270.0	28.6	25.6	42.3	37.5
2012-02-28	16068.0	334.0	747.0	15196.0	14848.0	316.0	251.0	32.3	26.8	45.8	38.4
2012-03-06	15295.0	132.0	618.0	14545.0	14153.0	279.0	185.0	38.2	32.3	53.0	46.7
2012-03-13	16786.0	132.0	570.0	15932.0	15607.0	315.0	202.0	39.9	33.5	53.9	47.6
2012-03-20	18131.0	255.0	325.0	17120.0	17174.0	413.0	289.0	38.3	34.9	49.9	46.8
2012-03-27	18807.0	71.0	350.0	17965.0	17704.0	474.0	456.0	39.1	34.4	50.1	45.5
2012-04-03	17956.0	0.0	483.0	17311.0	16899.0	435.0	364.0	41.1	36.9	51.7	47.7
2012-04-10	18970.0	13.0	533.0	18260.0	17773.0	359.0	326.0	38.0	36.1	49.8	46.1
2012-04-17	20021.0	17.0	917.0	19173.0	18347.0	461.0	387.0	38.5	36.8	50.4	45.4
2012-04-24	21663.0	71.0	843.0	20808.0	20052.0	371.0	355.0	38.6	38.8	50.0	47.4
2012-05-01	19657.0	92.0	947.0	18825.0	18139.0	436.0	267.0	42.7	37.8	52.9	48.4
2012-05-08	21800.0	107.0	1299.0	21249.0	20136.0	325.0	246.0	39.3	36.5	49.5	45.5
2012-05-15	24157.0	104.0	1505.0	23560.0	22149.0	430.0	440.0	36.7	34.3	46.2	43.8
2012-05-22	25437.0	104.0	1644.0	24702.0	23216.0	445.0	391.0	36.1	30.8	47.1	41.1
2012-05-29	25758.0	157.0	1741.0	25022.0	23390.0	361.0	409.0	37.2	30.5	47.5	41.2
2012-06-05	23411.0	157.0	1874.0	22674.0	20965.0	377.0	369.0	37.9	28.3	46.8	41.8
2012-06-12	24036.0	167.0	1779.0	23188.0	21529.0	324.0	371.0	38.4	25.1	47.1	38.3
2012-06-19	24320.0	162.0	1935.0	23642.0	21771.0	268.0	366.0	40.0	27.2	51.3	40.0
2012-06-26	24714.0	267.0	1745.0	23950.0	22389.0	308.0	391.0	36.9	27.9	49.6	38.7
2012-07-03	20606.0	250.0	1846.0	20012.0	18296.0	247.0	367.0	38.6	28.2	52.5	41.5
2012-07-10	21704.0	235.0	2147.0	21099.0	19118.0	287.0	356.0	36.4	28.5	48.3	40.2
2012-07-17	23532.0	257.0	2185.0	22850.0	20853.0	312.0	381.0	35.0	31.0	46.2	42.0
2012-07-24	24177.0	341.0	2228.0	23295.0	21377.0	291.0	322.0	35.9	31.3	48.9	42.6
2012-07-31	24230.0	458.0	2424.0	23195.0	21187.0	307.0	349.0	38.2	29.6	52.0	41.0
2012-08-07	21229.0	1015.0	2438.0	19613.0	18111.0	241.0	320.0	34.8	32.7	49.8	45.0
2012-08-14	22487.0	1385.0	2447.0	20566.0	19438.0	232.0	298.0	33.1	30.3	46.7	42.3
2012-08-21	22921.0	1428.0	2498.0	20918.0	19760.0	240.0	328.0	34.5	30.5	47.8	42.2
2012-08-28	23271.0	1462.0	2357.0	21227.0	20229.0	257.0	360.0	34.0	29.2	47.7	41.4
2012-09-04	18916.0	1462.0	2031.0	16907.0	16197.0	178.0	319.0	37.1	32.6	50.5	48.2
2012-09-11	19626.0	1512.0	1994.0	17422.0	16837.0	209.0	312.0	36.0	29.1	50.1	44.3
2012-09-18	20287.0	1780.0	2145.0	17892.0	17389.0	139.0	277.0	34.8	28.3	49.4	43.0
2012-09-25	20327.0	1840.0	2010.0	17920.0	17633.0	122.0	239.0	34.4	31.3	49.7	43.8
2012-10-02	14831.0	1946.0	1788.0	12440.0	12399.0	193.0	392.0	29.4	37.6	46.4	48.2
2012-10-09	17720.0	2067.0	2151.0	15072.0	14861.0	210.0	337.0	26.1	32.9	40.7	41.4
2012-10-16	19981.0	1920.0	2309.0	17329.0	16826.0	172.0	286.0	23.8	30.8	39.1	37.8
2012-10-23	21891.0	1759.0	2456.0	19381.0	18615.0	217.0	286.0	22.6	29.9	36.6	37.1
2012-10-30	22795.0	1711.0	2658.0	20141.0	19102.0	300.0	392.0	22.8	30.0	37.0	37.6
2012-11-06	20094.0	1552.0	2530.0	17542.0	16439.0	144.0	269.0	17.7	27.8	30.6	33.9
2012-11-13	21307.0	1677.0	2540.0	18553.0	17461.0	206.0	435.0	17.7	28.4	32.7	35.0
2012-11-20	22813.0	1677.0	2731.0	20121.0	18838.0	146.0	375.0	18.0	27.5	32.7	34.7
2012-11-27	23615.0	1557.0	2570.0	21005.0	19748.0	140.0	384.0	19.0	28.1	32.9	35.8
2012-12-04	19679.0	1632.0	1143.0	17104.0	17357.0	112.0	348.0	19.3	21.5	29.4	30.2
2012-12-11	21397.0	1653.0	595.0	18668.0	19653.0	194.0	267.0	17.8	23.0	28.8	29.7
2012-12-18	21884.0	1425.0	582.0	19527.0	20331.0	74.0	113.0	19.3	24.7	30.8	32.2
2012-12-24	21981.0	1312.0	618.0	19404.0	20096.0	329.0	331.0	17.1	24.7	30.4	32.7
2012-12-31	21452.0	1264.0	617.0	19123.0	19702.0	129.0	197.0	18.7	25.5	33.0	35.0
2013-01-08	19770.0	1536.0	644.0	16918.0	17790.0	120.0	140.0	23.6	24.9	35.0	36.0
2013-01-15	21997.0	1525.0	767.0	19021.0	19688.0	105.0	196.0	23.8	27.1	35.8	35.8
2013-01-22	22912.0	1531.0	882.0	19903.0	20628.0	222.0	146.0	23.6	29.7	36.8	38.3
2013-01-29	24874.0	1536.0	640.0	21892.0	22855.0	135.0	68.0	22.2	29.3	34.0	37.0
2013-02-05	23985.0	1484.0	518.0	20845.0	21991.0	293.0	113.0	24.1	23.4	33.2	31.1
2013-02-12	27605.0	1532.0	398.0	24292.0	25556.0	250.0	120.0	24.7	24.2	32.1	31.8
2013-02-19	28944.0	1727.0	343.0	25294.0	26858.0	275.0	95.0	23.3	25.0	32.4	32.7
2013-02-26	32203.0	1934.0	615.0	28215.0	29729.0	355.0	160.0	19.1	25.6	28.4	31.2
2013-03-05	28297.0	1963.0	777.0	24254.0	25581.0	317.0	176.0	22.7	25.9	33.5	32.6
2013-03-12	29253.0	2337.0	910.0	24384.0	25986.0	303.0	128.0	23.5	26.8	32.7	34.4
2013-03-19	28536.0	2569.0	887.0	23537.0	25401.0	349.0	167.0	27.6	28.8	37.4	37.9
2013-03-26	31662.0	2712.0	831.0	26558.0	28627.0	301.0	113.0	26.8	27.2	37.7	36.8
2013-04-02	27529.0	2950.0	299.0	22427.0	25205.0	282.0	155.0	24.0	25.8	34.2	33.7
2013-04-09	29972.0	3274.0	660.0	24240.0	26995.0	343.0	202.0	21.9	27.4	32.2	35.3
2013-04-16	31967.0	3371.0	599.0	26197.0	29108.0	368.0	229.0	22.6	26.4	34.6	33.9
2013-04-23	33383.0	3022.0	761.0	28503.0	31073.0	473.0	164.0	21.5	26.9	33.0	34.2
2013-04-30	35895.0	3048.0	1106.0	30996.0	32994.0	261.0	205.0	21.1	24.6	32.4	31.6
2013-05-07	30113.0	2563.0	1211.0	25503.0	26990.0	431.0	296.0	20.5	22.9	31.1	29.8
2013-05-14	30697.0	2278.0	1504.0	26468.0	27301.0	394.0	335.0	24.6	24.6	35.4	31.9
2013-05-21	34757.0	2796.0	1290.0	29078.0	30745.0	446.0	285.0	23.0	23.7	34.6	30.2
2013-05-28	36134.0	2828.0	1352.0	30134.0	31733.0	409.0	286.0	24.5	23.1	35.6	29.3
2013-06-04	31132.0	3015.0	972.0	25132.0	27397.0	501.0	279.0	26.6	21.8	35.9	28.9
2013-06-11	33664.0	2981.0	931.0	26519.0	28973.0	599.0	195.0	23.7	21.0	32.8	26.8
2013-06-18	32467.0	2759.0	1013.0	26592.0	28695.0	556.0	199.0	25.7	23.4	37.4	30.0
2013-06-25	33592.0	3833.0	1057.0	27763.0	30758.0	402.0	183.0	24.6	22.5	37.0	30.1
2013-07-02	29667.0	3255.0	608.0	24644.0	27519.0	444.0	216.0	25.1	21.6	32.7	28.3
2013-07-09	29774.0	3236.0	536.0	24754.0	27739.0	583.0	298.0	25.7	21.5	33.8	28.6
2013-07-16	31678.0	3355.0	639.0	26998.0	29950.0	372.0	136.0	25.5	21.8	35.3	29.2
2013-07-23	33939.0	3267.0	722.0	29300.0	32098.0	480.0	227.0	28.2	22.4	37.7	32.1
2013-07-30	34690.0	2759.0	571.0	30605.0	33068.0	454.0	179.0	29.2	22.0	38.6	33.1
2013-08-06	29732.0	1906.0	527.0	26620.0	28163.0	340.0	176.0	35.9	27.3	43.8	40.2
2013-08-13	30641.0	1599.0	593.0	27811.0	29001.0	344.0	160.0	33.1	27.6	41.8	39.5
2013-08-20	31383.0	1128.0	638.0	29041.0	29662.0	308.0	177.0	34.8	27.5	42.5	39.6
2013-08-27	32663.0	718.0	762.0	30587.0	30703.0	354.0	194.0	35.3	28.2	44.5	40.3
2013-09-03	28842.0	767.0	700.0	26834.0	27088.0	317.0	130.0	36.6	28.0	46.0	39.1
2013-09-10	28995.0	937.0	776.0	26940.0	27293.0	357.0	165.0	32.5	28.1	42.5	39.1
2013-09-17	29805.0	810.0	742.0	27521.0	27680.0	304.0	213.0	30.4	27.2	39.3	37.4
2013-09-24	30953.0	945.0	789.0	28159.0	28469.0	339.0	185.0	27.0	27.7	37.0	39.0
2013-10-01	25410.0	1343.0	785.0	22587.0	23197.0	309.0	257.0	32.7	30.4	42.3	41.6
2013-10-08	26155.0	1153.0	791.0	23421.0	23891.0	336.0	228.0	31.1	31.6	41.2	42.9
2013-10-15	26438.0	1209.0	707.0	23723.0	24275.0	356.0	306.0	30.8	33.7	40.5	44.2
2013-10-22	27455.0	1090.0	832.0	24625.0	24929.0	222.0	176.0	29.8	33.7	39.4	43.4
2013-10-29	27900.0	1189.0	913.0	24455.0	24824.0	297.0	204.0	28.5	33.6	38.1	43.5
2013-11-05	27202.0	2331.0	461.0	21699.0	23706.0	267.0	130.0	28.0	42.2	38.5	48.9
2013-11-12	28007.0	2444.0	495.0	22009.0	24135.0	324.0	147.0	30.0	43.2	39.6	49.9
2013-11-19	31816.0	2215.0	774.0	25652.0	27337.0	382.0	138.0	27.2	43.3	36.5	49.5
2013-11-26	35825.0	1929.0	652.0	30505.0	31954.0	440.0	268.0	27.8	44.1	36.5	49.9
2013-12-03	31253.0	1745.0	609.0	26380.0	27599.0	332.0	249.0	25.4	46.8	34.3	51.6
2013-12-10	32265.0	1646.0	802.0	28405.0	29335.0	390.0	304.0	25.5	50.8	36.5	55.5
2013-12-17	34142.0	2106.0	850.0	29445.0	30846.0	511.0	366.0	25.1	49.6	36.1	54.3
2013-12-24	34173.0	2492.0	1010.0	29672.0	31215.0	402.0	341.0	26.2	52.7	37.4	57.8
2014-01-07	31044.0	1654.0	732.0	26333.0	27370.0	341.0	226.0	24.7	52.1	36.7	56.4
2014-01-14	36718.0	2255.0	906.0	30916.0	32294.0	319.0	290.0	23.7	48.8	34.3	52.7
2014-01-21	40218.0	2980.0	999.0	32997.0	35106.0	401.0	273.0	22.5	47.4	32.5	51.1
2014-01-28	41798.0	3396.0	919.0	34719.0	37406.0	503.0	293.0	20.2	46.9	31.6	50.5
2014-02-04	37736.0	3437.0	683.0	31380.0	34317.0	542.0	359.0	18.5	42.1	31.3	46.0
2014-02-11	39668.0	3654.0	776.0	32315.0	35324.0	503.0	372.0	18.0	40.9	30.1	44.8
2014-02-18	43332.0	4095.0	811.0	35308.0	38594.0	358.0	356.0	18.0	40.7	29.8	44.5
2014-02-25	48613.0	4347.0	911.0	40420.0	43836.0	275.0	295.0	18.1	41.3	30.5	45.7
2014-03-04	47366.0	4611.0	1425.0	38724.0	42034.0	398.0	274.0	20.8	36.9	31.2	41.7
2014-03-11	48753.0	5151.0	1582.0	39451.0	43098.0	344.0	266.0	21.1	41.4	32.2	45.9
2014-03-18	50640.0	5975.0	1358.0	39697.0	44479.0	715.0	550.0	19.7	41.0	30.2	45.1
2014-03-25	51224.0	6425.0	2488.0	39678.0	43735.0	272.0	152.0	18.5	37.2	29.0	42.8
2014-04-01	46345.0	6211.0	2602.0	34204.0	37691.0	241.0	363.0	19.0	31.2	28.3	36.1
2014-04-08	45734.0	7839.0	3423.0	33844.0	38164.0	247.0	343.0	21.5	34.0	35.4	39.1
2014-04-15	48073.0	8228.0	3225.0	35831.0	40850.0	329.0	313.0	20.5	35.5	33.9	40.5
2014-04-22	49416.0	8695.0	3913.0	36565.0	41345.0	400.0	402.0	18.3	36.6	32.2	41.2
2014-04-29	51057.0	9324.0	4220.0	37745.0	42938.0	479.0	390.0	18.1	37.9	32.1	43.1
2014-05-06	44738.0	8141.0	3959.0	32981.0	37232.0	446.0	377.0	19.7	33.4	32.1	38.3
2014-05-13	45196.0	7982.0	3561.0	33161.0	37768.0	583.0	397.0	19.6	35.0	33.3	39.2
2014-05-20	46742.0	8344.0	3788.0	34979.0	39582.0	517.0	470.0	21.4	38.1	35.9	42.2
2014-05-27	47455.0	8476.0	3907.0	35845.0	40448.0	462.0	428.0	22.7	39.6	36.2	44.1
2014-06-03	40956.0	7189.0	3225.0	30682.0	34717.0	434.0	363.0	19.6	37.5	30.8	41.2
2014-06-10	42976.0	6413.0	3444.0	33410.0	36531.0	434.0	282.0	16.6	38.5	29.4	42.4
2014-06-17	44669.0	4814.0	3523.0	36616.0	38126.0	709.0	490.0	17.7	39.0	28.0	43.3
2014-06-24	43487.0	4362.0	3363.0	35927.0	37135.0	679.0	470.0	18.9	40.7	29.8	45.2
2014-07-01	36537.0	2061.0	2801.0	30798.0	30068.0	562.0	552.0	22.9	33.8	32.2	37.6
2014-07-08	37726.0	1764.0	3198.0	32882.0	31595.0	634.0	487.0	22.0	31.4	30.3	35.7
2014-07-15	38059.0	1924.0	3571.0	33111.0	31832.0	670.0	302.0	21.7	30.8	31.1	35.5
2014-07-22	38555.0	2287.0	3430.0	33072.0	32371.0	729.0	287.0	22.0	30.4	30.9	35.2
2014-07-29	39583.0	2835.0	3481.0	34172.0	33921.0	717.0	322.0	23.9	32.6	32.9	36.7
2014-08-05	33243.0	1794.0	2777.0	29524.0	28832.0	680.0	389.0	23.6	27.1	31.2	32.7
2014-08-12	34482.0	2343.0	2807.0	30001.0	29785.0	640.0	392.0	24.1	27.5	31.9	33.1
2014-08-19	36103.0	2371.0	3053.0	31130.0	30644.0	536.0	340.0	22.6	28.3	29.6	33.0
2014-08-26	38981.0	2144.0	3672.0	33833.0	32595.0	628.0	338.0	22.6	28.1	29.6	32.7
2014-09-02	34121.0	2337.0	2820.0	28420.0	28084.0	573.0	426.0	15.0	26.2	23.3	30.2
2014-09-09	35834.0	2604.0	2959.0	29753.0	29761.0	713.0	350.0	15.8	24.8	24.7	30.3
2014-09-16	37940.0	3079.0	3108.0	31014.0	31309.0	741.0	417.0	15.8	23.7	25.2	30.7
2014-09-23	41153.0	2687.0	3914.0	33407.0	32936.0	1188.0	432.0	13.3	22.0	23.1	27.9
2014-09-30	40430.0	3362.0	4091.0	32176.0	32085.0	961.0	323.0	14.6	21.7	25.0	27.5
2014-10-07	36256.0	3898.0	3572.0	27867.0	28432.0	642.0	403.0	15.5	20.1	25.3	25.8
2014-10-14	35117.0	4084.0	3324.0	26915.0	27814.0	506.0	367.0	16.1	20.3	26.3	26.4
2014-10-21	36137.0	4152.0	3928.0	28224.0	28442.0	356.0	362.0	14.8	19.1	23.8	25.0
2014-10-28	37669.0	4357.0	4084.0	29818.0	30055.0	403.0	439.0	16.8	21.1	25.4	27.1
2014-11-04	34555.0	3326.0	3510.0	28031.0	28025.0	406.0	228.0	17.8	19.2	26.1	25.3
2014-11-11	35572.0	3044.0	3652.0	29582.0	29121.0	388.0	241.0	18.0	16.9	26.7	25.4
2014-11-18	34831.0	2630.0	3692.0	29026.0	27983.0	512.0	493.0	19.7	20.5	30.0	28.2
2014-11-25	36182.0	2672.0	3709.0	30249.0	29175.0	483.0	520.0	19.3	20.5	29.7	28.1
2014-12-02	31617.0	2553.0	2991.0	26618.0	26170.0	188.0	198.0	22.3	19.7	31.7	28.6
2014-12-09	33275.0	2427.0	3104.0	28638.0	27990.0	426.0	397.0	20.9	18.6	30.2	27.0
2014-12-16	35069.0	2647.0	2935.0	30400.0	30064.0	333.0	381.0	20.4	20.1	28.9	26.7
2014-12-23	35587.0	2650.0	2604.0	30714.0	30750.0	483.0	493.0	19.9	21.7	28.2	27.7
2014-12-30	36077.0	2750.0	2494.0	31099.0	31348.0	486.0	493.0	20.8	22.5	29.2	28.7
2015-01-06	31845.0	1932.0	1781.0	27724.0	27839.0	455.0	491.0	24.6	26.3	34.7	33.4
2015-01-13	34168.0	2413.0	1383.0	28915.0	29908.0	546.0	583.0	25.8	27.5	35.9	34.2
2015-01-20	36274.0	2953.0	1320.0	30228.0	31929.0	658.0	590.0	25.0	23.6	34.8	32.0
2015-01-27	38379.0	2915.0	1146.0	32389.0	34215.0	598.0	541.0	26.1	25.3	35.6	35.7
2015-02-03	36899.0	2589.0	587.0	31282.0	33209.0	477.0	552.0	24.4	25.9	32.6	33.1
2015-02-10	38025.0	2383.0	664.0	32583.0	34274.0	508.0	536.0	23.3	26.7	32.1	34.8
2015-02-17	39969.0	2547.0	772.0	34357.0	36101.0	437.0	468.0	23.1	27.1	32.6	35.2
2015-02-24	41928.0	2283.0	978.0	36592.0	37830.0	466.0	533.0	24.5	28.6	35.3	36.7
2015-03-03	42109.0	1726.0	1306.0	37568.0	37992.0	519.0	515.0	20.5	22.5	29.3	26.9
2015-03-10	44741.0	1985.0	1151.0	39741.0	40589.0	484.0	470.0	19.1	21.7	27.2	25.9
2015-03-17	45572.0	2025.0	1147.0	40478.0	41432.0	517.0	441.0	19.6	22.1	27.8	26.7
2015-03-24	47465.0	1834.0	1733.0	42522.0	42702.0	637.0	558.0	19.5	20.6	27.3	25.7
2015-03-31	49641.0	2093.0	1811.0	44353.0	44629.0	520.0	526.0	20.2	22.2	29.0	28.2
2015-04-07	42590.0	1981.0	1636.0	37856.0	38157.0	352.0	396.0	20.1	13.9	25.6	20.5
2015-04-14	44618.0	2564.0	1691.0	39154.0	40036.0	419.0	410.0	20.7	17.8	26.9	24.0
2015-04-21	48884.0	2470.0	1827.0	43135.0	43813.0	426.0	391.0	20.1	19.5	26.3	24.7
2015-04-28	51029.0	2266.0	2166.0	44183.0	44321.0	430.0	392.0	21.4	19.4	27.9	24.1
2015-05-05	46700.0	2089.0	1981.0	40544.0	40753.0	448.0	347.0	23.3	18.8	30.6	25.1
2015-05-12	49417.0	2086.0	2138.0	43012.0	43044.0	423.0	339.0	23.4	18.3	30.2	24.8
2015-05-19	53009.0	2654.0	1967.0	46235.0	46970.0	372.0	324.0	20.7	19.1	27.5	24.6
2015-05-26	56467.0	3613.0	2111.0	48590.0	50105.0	317.0	304.0	18.4	18.4	24.7	23.8
2015-06-02	46421.0	3307.0	1723.0	39332.0	40991.0	342.0	267.0	22.3	20.0	26.9	25.0
2015-06-09	45207.0	3339.0	1736.0	38354.0	39973.0	347.0	331.0	22.4	21.8	28.5	27.0
2015-06-16	49887.0	3284.0	1556.0	42273.0	43952.0	384.0	433.0	20.5	21.7	26.1	26.4
2015-06-23	52600.0	3522.0	1665.0	44871.0	46750.0	404.0	382.0	19.2	22.5	25.4	27.2
2015-06-30	54042.0	3630.0	1611.0	46048.0	47964.0	370.0	473.0	19.1	20.8	25.0	25.5
2015-07-07	48710.0	3559.0	1272.0	41414.0	43887.0	486.0	300.0	20.1	20.5	24.1	24.4
2015-07-14	49239.0	3714.0	1326.0	41956.0	44519.0	459.0	284.0	20.0	19.8	25.0	24.2
2015-07-21	53021.0	4184.0	1193.0	45241.0	48456.0	534.0	310.0	21.9	22.7	26.8	27.0
2015-07-28	55889.0	4327.0	1045.0	47250.0	50828.0	509.0	213.0	22.3	23.8	27.0	27.9
2015-08-04	47353.0	3906.0	936.0	40068.0	43287.0	435.0	186.0	19.2	23.4	24.4	26.9
2015-08-11	48550.0	3909.0	838.0	41044.0	44381.0	478.0	212.0	21.1	24.2	25.9	27.8
2015-08-18	49218.0	3741.0	1115.0	42044.0	45053.0	609.0	226.0	21.5	25.5	26.3	28.2
2015-08-25	52015.0	4080.0	1117.0	43785.0	47153.0	626.0	221.0	21.5	25.9	26.1	28.5
2015-09-01	43813.0	2952.0	1278.0	37044.0	39096.0	548.0	170.0	24.6	26.1	28.7	32.0
2015-09-08	45522.0	2862.0	1286.0	38570.0	40496.0	570.0	220.0	24.0	26.1	28.5	31.5
2015-09-15	45509.0	2726.0	1161.0	38209.0	40097.0	570.0	247.0	24.1	23.6	27.9	28.7
2015-09-22	47663.0	2789.0	1151.0	40303.0	42238.0	620.0	323.0	23.4	22.8	28.4	28.5
2015-09-29	49311.0	2666.0	1292.0	42208.0	43760.0	585.0	407.0	24.9	23.4	30.7	30.3
2015-10-06	40984.0	2569.0	1518.0	34249.0	35556.0	626.0	370.0	25.3	24.8	29.9	29.5
2015-10-13	40856.0	3029.0	1521.0	33530.0	35229.0	545.0	354.0	27.5	25.5	32.9	30.5
2015-10-20	41977.0	3124.0	1305.0	33773.0	35921.0	634.0	305.0	28.8	26.2	34.4	32.2
2015-10-27	43004.0	3956.0	887.0	33175.0	36481.0	631.0	394.0	28.1	25.9	33.8	31.8
2015-11-03	35757.0	3970.0	941.0	27055.0	30189.0	488.0	383.0	23.6	22.5	30.2	28.4
2015-11-10	36986.0	4196.0	1029.0	28659.0	31947.0	432.0	311.0	23.7	23.0	31.0	29.1
2015-11-17	39346.0	4309.0	895.0	30866.0	34291.0	431.0	420.0	24.3	21.9	31.8	29.1
2015-11-24	40654.0	4612.0	860.0	31786.0	35510.0	392.0	420.0	23.8	21.4	31.5	29.5
2015-12-01	34577.0	3870.0	1966.0	27634.0	29480.0	308.0	366.0	23.5	20.6	31.2	28.8
2015-12-08	35973.0	4095.0	1893.0	28614.0	30757.0	325.0	384.0	23.5	19.8	31.0	28.4
2015-12-15	38138.0	4361.0	1941.0	30390.0	32768.0	357.0	399.0	22.6	20.2	29.8	27.6
2015-12-22	40056.0	4390.0	2035.0	32789.0	35234.0	430.0	340.0	23.0	19.5	30.6	26.5
2015-12-29	41876.0	4606.0	2040.0	34472.0	37078.0	364.0	324.0	21.9	17.9	29.3	25.5
2016-01-05	38655.0	4878.0	2482.0	31117.0	33564.0	363.0	312.0	20.3	14.1	26.8	21.4
2016-01-12	41670.0	5058.0	2245.0	33473.0	36359.0	352.0	279.0	20.1	19.0	28.2	25.9
2016-01-19	42467.0	5122.0	2266.0	34325.0	37277.0	403.0	307.0	20.0	20.1	28.3	26.9
2016-01-26	42588.0	4414.0	2288.0	35735.0	37838.0	275.0	298.0	18.7	20.0	26.8	26.8
2016-02-02	36406.0	4844.0	1695.0	29672.0	32811.0	233.0	243.0	19.7	20.9	26.5	26.1
2016-02-09	38117.0	5175.0	1537.0	30791.0	34412.0	240.0	257.0	21.5	22.9	29.1	27.3
2016-02-16	39132.0	5561.0	1976.0	31361.0	35034.0	327.0	239.0	22.2	24.6	28.9	29.7
2016-02-23	40681.0	6073.0	2355.0	32110.0	35807.0	286.0	307.0	23.5	24.1	31.0	30.3
2016-03-01	38327.0	6277.0	1442.0	29654.0	34445.0	246.0	290.0	18.7	25.1	26.7	29.7
2016-03-08	39138.0	6398.0	1384.0	30507.0	35552.0	327.0	296.0	16.8	24.5	24.9	29.4
2016-03-15	40426.0	6239.0	1325.0	31804.0	36659.0	249.0	308.0	15.9	23.3	23.8	27.6
2016-03-22	42294.0	5662.0	1551.0	34174.0	38277.0	346.0	354.0	15.0	24.6	23.5	29.4
2016-03-29	42955.0	5314.0	1627.0	35390.0	39016.0	270.0	331.0	15.3	23.7	25.5	28.8
2016-04-05	37645.0	4647.0	831.0	30700.0	34478.0	295.0	333.0	20.8	25.4	31.0	30.4
2016-04-12	41506.0	4472.0	1233.0	34112.0	37286.0	239.0	304.0	22.5	24.8	32.9	29.9
2016-04-19	42894.0	4336.0	1286.0	35248.0	38129.0	218.0	387.0	23.9	24.2	33.3	29.5
2016-04-26	44569.0	4781.0	1052.0	36997.0	40644.0	223.0	305.0	24.1	26.3	34.4	32.3
2016-05-03	38915.0	4829.0	560.0	30624.0	34979.0	253.0	167.0	21.1	17.1	28.4	22.5
2016-05-10	42784.0	4318.0	822.0	33523.0	37090.0	290.0	219.0	19.4	16.4	28.0	21.8
2016-05-17	47919.0	4149.0	1037.0	38840.0	41930.0	265.0	287.0	19.9	15.9	30.0	21.8
2016-05-24	51273.0	4783.0	2101.0	41624.0	44286.0	247.0	267.0	19.7	14.9	30.0	20.8
2016-05-31	53393.0	4714.0	2006.0	43227.0	45896.0	208.0	247.0	19.3	14.2	29.9	20.4
2016-06-07	48193.0	4856.0	2049.0	38540.0	41327.0	156.0	176.0	22.6	12.9	29.6	20.5
2016-06-14	50570.0	5603.0	2283.0	39434.0	42709.0	171.0	216.0	21.8	14.3	28.9	21.9
2016-06-21	55005.0	5892.0	2173.0	43368.0	47103.0	249.0	233.0	19.2	15.6	26.8	22.7
2016-06-28	57372.0	5589.0	2588.0	45988.0	48976.0	284.0	297.0	18.3	14.5	25.8	21.7
2016-07-05	49547.0	5012.0	2153.0	39109.0	41955.0	295.0	308.0	16.9	13.9	25.4	20.9
2016-07-12	49972.0	4872.0	2435.0	39376.0	41639.0	324.0	498.0	16.5	14.9	26.2	22.4
2016-07-19	52068.0	4881.0	2416.0	41408.0	43727.0	269.0	415.0	16.4	14.4	25.4	21.3
2016-07-26	53205.0	4941.0	2539.0	41889.0	44138.0	185.0	338.0	16.2	15.7	25.8	22.5
2016-08-02	45323.0	3956.0	1970.0	35099.0	37093.0	363.0	355.0	20.4	12.6	28.1	20.7
2016-08-09	46937.0	4228.0	2607.0	36684.0	38398.0	381.0	288.0	19.5	16.0	28.3	22.8
2016-08-16	50567.0	4399.0	2988.0	40063.0	41606.0	361.0	229.0	18.2	18.6	26.2	24.8
2016-08-23	53318.0	5857.0	3092.0	41056.0	43927.0	390.0	284.0	17.4	20.3	26.5	26.1
2016-08-30	55119.0	6651.0	3572.0	42280.0	45383.0	373.0	349.0	16.3	21.4	25.8	27.3
2016-09-06	48574.0	5432.0	3297.0	36772.0	38979.0	366.0	294.0	18.6	21.4	28.8	28.2
2016-09-13	49574.0	6020.0	3559.0	37768.0	40085.0	253.0	397.0	17.4	21.4	27.6	26.7
2016-09-20	52454.0	5142.0	3872.0	41565.0	42737.0	283.0	381.0	16.3	20.3	25.0	25.7
2016-09-27	54722.0	4729.0	3991.0	44515.0	45249.0	270.0	274.0	15.6	21.7	25.7	27.6
2016-10-04	44525.0	3988.0	2731.0	35263.0	36618.0	353.0	255.0	17.0	22.3	25.9	28.5
2016-10-11	46092.0	4569.0	3038.0	35730.0	37155.0	322.0	428.0	16.5	20.3	24.3	26.1
2016-10-18	49577.0	5117.0	3481.0	37636.0	39119.0	350.0	503.0	15.4	19.3	24.2	25.0
2016-10-25	54136.0	5663.0	3905.0	40683.0	42470.0	506.0	477.0	14.8	20.6	23.2	25.8
2016-11-01	49628.0	5706.0	4688.0	36879.0	37799.0	315.0	413.0	13.3	19.5	21.7	23.8
2016-11-08	51627.0	6780.0	5174.0	37779.0	39344.0	291.0	332.0	13.7	22.1	23.8	27.3
2016-11-15	52889.0	6812.0	5321.0	39114.0	40549.0	265.0	321.0	15.2	23.2	24.9	28.1
2016-11-22	56985.0	7454.0	5621.0	40732.0	42492.0	303.0	376.0	16.2	23.2	24.7	28.5
2016-11-29	57334.0	8286.0	6046.0	40188.0	42319.0	337.0	446.0	16.1	23.8	25.0	29.3
2016-12-06	50664.0	6932.0	5400.0	35140.0	36666.0	331.0	337.0	14.2	16.4	22.0	22.4
2016-12-13	54809.0	8465.0	6510.0	36806.0	38942.0	361.0	180.0	11.8	18.1	19.8	26.1
2016-12-20	56652.0	8972.0	6142.0	38024.0	40981.0	300.0	173.0	11.0	16.6	19.0	23.6
2016-12-27	57066.0	8762.0	6225.0	38730.0	41305.0	208.0	170.0	11.1	17.5	19.6	24.2
2017-01-03	47264.0	7549.0	4974.0	30859.0	33610.0	323.0	147.0	11.1	13.8	18.9	19.0
2017-01-10	53959.0	8246.0	4826.0	35989.0	39501.0	293.0	201.0	10.3	10.3	17.1	16.2
2017-01-17	57271.0	7611.0	5028.0	39504.0	42113.0	275.0	249.0	10.0	10.1	16.4	14.9
2017-01-24	56925.0	7920.0	5126.0	40147.0	42926.0	228.0	243.0	11.0	10.4	17.4	15.6
2017-01-31	59688.0	7958.0	5137.0	42524.0	45318.0	219.0	246.0	11.7	10.3	17.9	15.0
