2009-09-29	35461.0	264.0	569.0	31487.0	34892.0	3710.0	0.0	54.4	84.9	70.0	88.0
2009-10-13	39564.0	264.0	44.0	38035.0	39520.0	1265.0	0.0	46.9	76.6	65.6	77.6
2009-10-20	50554.0	264.0	44.0	49445.0	50510.0	845.0	0.0	56.2	76.6	71.6	81.6
2009-10-27	54514.0	264.0	44.0	53305.0	54370.0	945.0	100.0	57.0	76.6	70.9	80.2
2009-11-03	52468.0	0.0	0.0	51633.0	52368.0	835.0	100.0	58.4	76.8	71.6	80.2
2009-11-09	54289.0	220.0	0.0	53234.0	54189.0	835.0	100.0	56.5	74.5	70.6	80.5
2009-11-17	54289.0	220.0	400.0	53234.0	53789.0	835.0	100.0	56.5	74.9	70.6	81.6
2009-11-24	54249.0	220.0	400.0	53194.0	53749.0	835.0	100.0	56.5	74.2	70.7	80.9
2009-12-01	51129.0	220.0	400.0	50174.0	50629.0	735.0	100.0	58.6	74.4	72.9	81.8
2009-12-08	51129.0	220.0	400.0	50174.0	50629.0	735.0	100.0	58.6	74.4	72.9	81.8
2009-12-15	52104.0	220.0	400.0	50499.0	50954.0	1385.0	750.0	57.5	74.9	71.9	80.9
2009-12-22	52494.0	220.0	400.0	51539.0	51994.0	735.0	100.0	57.1	76.0	71.4	82.3
2009-12-29	52494.0	220.0	400.0	51539.0	51994.0	735.0	100.0	57.1	76.0	71.4	82.3
2010-01-05	49744.0	0.0	400.0	49119.0	49244.0	625.0	100.0	59.3	77.3	73.8	83.0
2010-01-12	49744.0	0.0	400.0	49119.0	49244.0	625.0	100.0	59.3	77.7	73.8	83.4
2010-01-19	49944.0	0.0	600.0	49319.0	49244.0	625.0	100.0	59.1	77.4	73.5	83.1
2010-01-26	50594.0	0.0	600.0	49969.0	49894.0	625.0	100.0	58.3	75.1	73.8	80.8
2010-02-02	47369.0	0.0	400.0	46844.0	46869.0	525.0	100.0	61.7	80.1	77.4	84.6
2010-02-09	47369.0	0.0	400.0	46844.0	46869.0	525.0	100.0	61.7	80.1	77.4	84.6
2010-02-16	47369.0	0.0	400.0	46844.0	46869.0	525.0	100.0	61.7	80.1	77.4	84.6
2010-02-23	50717.0	0.0	400.0	50192.0	50217.0	525.0	100.0	61.0	84.9	77.4	87.2
2010-03-23	49595.0	220.0	0.0	49050.0	49595.0	325.0	0.0	61.6	86.4	79.6	88.1
2010-03-30	49595.0	220.0	0.0	49050.0	49595.0	325.0	0.0	61.6	86.4	79.6	88.1
2010-04-06	47686.0	220.0	0.0	47256.0	47686.0	210.0	0.0	61.4	86.6	80.1	88.0
2010-04-13	47686.0	220.0	0.0	47256.0	47686.0	210.0	0.0	61.4	86.6	80.1	88.0
2010-04-20	48971.0	220.0	0.0	48541.0	48971.0	210.0	0.0	59.8	87.0	80.7	88.3
2010-04-27	48971.0	220.0	0.0	48541.0	48971.0	210.0	0.0	59.8	87.0	80.7	88.3
2010-05-25	47643.0	220.0	220.0	47323.0	47423.0	100.0	0.0	59.5	87.3	80.8	88.2
2010-08-24	42539.0	0.0	2270.0	42539.0	40269.0	0.0	0.0	58.1	81.8	77.4	88.1
2010-08-31	41889.0	0.0	2270.0	41889.0	39619.0	0.0	0.0	57.5	82.4	77.0	87.9
2010-09-07	39996.0	0.0	1720.0	39996.0	38276.0	0.0	0.0	59.8	75.3	77.8	84.8
2010-09-14	40741.0	0.0	1720.0	40573.0	38853.0	168.0	168.0	58.7	72.9	76.4	82.0
2010-09-21	40573.0	0.0	1720.0	40573.0	38853.0	0.0	0.0	59.0	73.2	76.7	82.4
2010-09-28	40573.0	0.0	1720.0	40573.0	38853.0	0.0	0.0	59.0	72.3	76.7	82.4
2010-10-05	37654.0	0.0	1300.0	37654.0	36354.0	0.0	0.0	59.6	74.2	77.9	82.9
2010-10-12	37654.0	0.0	1300.0	37654.0	36354.0	0.0	0.0	59.6	74.2	77.9	82.9
2010-10-19	37654.0	0.0	1300.0	37654.0	36354.0	0.0	0.0	59.6	74.2	77.9	82.9
2010-10-26	37859.0	0.0	1300.0	37859.0	36559.0	0.0	0.0	59.3	73.8	77.5	82.5
2010-11-02	35297.0	0.0	880.0	35297.0	34417.0	0.0	0.0	60.0	76.3	77.8	85.5
2010-11-09	35297.0	0.0	880.0	35297.0	34417.0	0.0	0.0	60.0	76.3	77.8	85.5
2010-11-16	35297.0	0.0	880.0	35297.0	34417.0	0.0	0.0	60.0	76.3	77.8	85.5
2010-11-23	35297.0	0.0	880.0	35297.0	34417.0	0.0	0.0	60.0	76.3	77.8	85.5
2010-11-30	35297.0	0.0	880.0	35297.0	34417.0	0.0	0.0	60.0	76.3	77.8	85.5
2010-12-07	32882.0	0.0	460.0	32882.0	32422.0	0.0	0.0	60.6	79.0	79.1	87.7
2010-12-14	32882.0	0.0	460.0	32882.0	32422.0	0.0	0.0	60.6	79.0	79.1	87.7
2010-12-21	32882.0	0.0	460.0	32882.0	32422.0	0.0	0.0	60.6	79.0	79.1	87.7
2010-12-28	32882.0	0.0	460.0	32882.0	32422.0	0.0	0.0	60.6	79.0	79.1	87.7
2011-01-04	30657.0	0.0	0.0	30295.0	30657.0	362.0	0.0	62.7	81.3	80.1	90.0
2011-01-11	30657.0	0.0	0.0	30295.0	30657.0	362.0	0.0	62.7	81.3	80.1	90.0
2011-01-18	30657.0	0.0	0.0	30295.0	30657.0	362.0	0.0	62.7	81.3	80.1	90.0
2011-01-25	30657.0	0.0	0.0	30295.0	30657.0	362.0	0.0	62.7	81.3	80.1	90.0
2011-02-01	28631.0	0.0	0.0	28290.0	28631.0	341.0	0.0	63.9	83.8	80.8	89.9
2011-02-08	28631.0	0.0	0.0	28290.0	28631.0	341.0	0.0	63.9	83.8	80.8	89.9
2011-02-15	28631.0	0.0	0.0	28290.0	28631.0	341.0	0.0	63.9	83.8	80.8	89.9
2011-02-22	28631.0	0.0	0.0	28290.0	28631.0	341.0	0.0	63.9	83.8	80.8	89.9
