2005-01-04	12598.0	7255.0	2657.0	2598.0	8766.0	2711.0	1141.0	25.3	42.6	39.0	57.9
2005-01-11	12736.0	7417.0	2499.0	2462.0	9148.0	2766.0	998.0	24.2	42.4	37.6	57.9
2005-01-18	12785.0	7543.0	2082.0	2460.0	9574.0	2782.0	1129.0	24.2	42.3	37.7	60.5
2005-01-25	12947.0	7605.0	2012.0	2522.0	9674.0	2647.0	1088.0	23.5	41.5	36.8	59.8
2005-02-01	13444.0	7548.0	2077.0	2574.0	9654.0	2672.0	1063.0	22.9	39.8	35.7	57.5
2005-02-08	13322.0	7576.0	2387.0	2551.0	9336.0	2722.0	1126.0	23.2	39.9	35.9	56.3
2005-02-15	13954.0	8073.0	2525.0	2403.0	9668.0	2734.0	1017.0	21.2	38.5	33.9	54.8
2005-02-22	14402.0	8092.0	2572.0	2365.0	9789.0	3160.0	1256.0	20.6	37.6	32.7	54.6
2005-03-01	13290.0	7981.0	2549.0	2397.0	9538.0	2819.0	1110.0	22.3	35.9	33.2	54.1
2005-03-08	13148.0	8144.0	1661.0	1691.0	10534.0	3171.0	811.0	23.2	42.1	34.4	60.1
2005-03-15	12942.0	8540.0	1379.0	1088.0	10830.0	3131.0	550.0	23.6	43.6	32.7	61.9
2005-03-22	12896.0	8844.0	1402.0	918.0	10877.0	3050.0	533.0	23.7	43.2	34.4	61.4
2005-03-29	12463.0	8476.0	1753.0	1063.0	10043.0	2849.0	592.0	24.5	43.4	34.8	61.3
2005-04-05	12923.0	8824.0	1817.0	1105.0	10396.0	2919.0	635.0	24.0	42.7	34.1	61.1
2005-04-12	12940.0	8991.0	1978.0	1073.0	10436.0	2797.0	447.0	24.2	42.6	35.2	61.6
2005-04-19	13165.0	8763.0	2256.0	1193.0	10130.0	3012.0	582.0	23.2	41.6	33.4	61.7
2005-04-26	13381.0	8740.0	2676.0	1455.0	10016.0	3036.0	539.0	22.1	43.1	32.1	63.2
2005-05-03	13235.0	8586.0	2773.0	1563.0	9435.0	2767.0	708.0	22.3	44.2	33.6	61.2
2005-05-10	13320.0	8099.0	3071.0	2127.0	9189.0	2838.0	804.0	22.2	44.0	35.4	61.2
2005-05-17	13181.0	8017.0	3190.0	2118.0	8806.0	2713.0	852.0	22.7	44.1	36.4	63.0
2005-05-24	13679.0	8094.0	3622.0	2192.0	8637.0	2804.0	831.0	22.0	43.0	35.5	61.4
2005-05-31	13212.0	8048.0	4440.0	2283.0	7298.0	2542.0	1135.0	23.2	40.6	35.4	57.5
2005-06-07	13063.0	8078.0	4663.0	1906.0	7147.0	2714.0	888.0	24.8	42.7	37.3	59.6
2005-06-14	13269.0	8001.0	5196.0	2041.0	6886.0	2863.0	823.0	24.4	45.9	36.8	62.4
2005-06-21	13773.0	8100.0	5112.0	2543.0	7672.0	2718.0	577.0	24.0	44.2	38.1	60.8
2005-06-28	14067.0	8153.0	5257.0	2716.0	7580.0	2783.0	815.0	23.5	43.9	37.9	60.2
2005-07-05	13772.0	8402.0	5544.0	2560.0	6838.0	2768.0	1348.0	24.4	43.6	39.2	59.2
2005-07-12	13763.0	8295.0	5302.0	2637.0	7174.0	2769.0	1225.0	25.1	41.7	39.9	57.9
2005-07-19	13868.0	8476.0	5527.0	2562.0	7073.0	2804.0	1242.0	24.8	43.1	39.0	59.0
2005-07-26	13860.0	8654.0	4372.0	2328.0	8697.0	2682.0	595.0	24.8	38.4	38.5	56.3
2005-08-02	14299.0	8847.0	4240.0	2401.0	9224.0	2766.0	550.0	24.1	37.0	38.0	55.1
2005-08-09	14310.0	8790.0	4346.0	2468.0	9020.0	2775.0	667.0	24.1	37.7	37.9	55.3
2005-08-16	14444.0	8598.0	5063.0	2568.0	8189.0	2706.0	620.0	23.8	41.0	37.8	57.6
2005-08-23	14906.0	8478.0	5423.0	2788.0	7678.0	2702.0	867.0	24.2	42.2	37.6	57.6
2005-09-06	13315.0	8392.0	6698.0	2291.0	5615.0	2396.0	766.0	26.3	45.3	39.9	59.7
2005-09-13	13287.0	8601.0	6965.0	2082.0	5340.0	2474.0	852.0	26.4	46.4	39.9	60.8
2005-09-20	13368.0	9032.0	5107.0	1437.0	7487.0	2787.0	662.0	22.1	36.4	34.3	53.3
2005-09-27	13218.0	8954.0	4038.0	1402.0	8506.0	2726.0	538.0	21.7	33.9	32.9	53.5
2005-10-04	13206.0	8912.0	3896.0	1373.0	8718.0	2804.0	475.0	21.7	34.8	32.9	54.3
2005-10-11	13116.0	8630.0	2968.0	1400.0	9536.0	2906.0	432.0	22.5	32.5	34.6	51.3
2005-10-18	13255.0	9073.0	2463.0	1431.0	10164.0	2586.0	463.0	23.8	33.2	36.9	51.0
2005-10-25	13905.0	9385.0	2250.0	1475.0	10779.0	2869.0	700.0	24.5	33.6	36.6	51.1
2005-11-01	14180.0	9189.0	2259.0	2091.0	11070.0	2573.0	524.0	25.9	33.7	39.3	52.3
2005-11-08	14221.0	9295.0	2145.0	2175.0	11513.0	2467.0	279.0	25.8	35.1	40.2	53.6
2005-11-15	14838.0	8687.0	2359.0	2841.0	11555.0	2871.0	485.0	26.7	34.2	40.6	53.3
2005-11-22	14981.0	8740.0	2311.0	2473.0	11758.0	3313.0	457.0	25.6	37.0	37.2	55.4
2005-11-29	16130.0	8745.0	2057.0	4148.0	13376.0	3157.0	617.0	24.9	34.8	36.0	51.5
2005-12-06	15157.0	8728.0	1701.0	3081.0	12883.0	3163.0	388.0	23.9	38.5	36.0	58.1
2005-12-13	14191.0	7008.0	1585.0	3609.0	11809.0	3230.0	453.0	25.5	39.2	35.4	57.1
2005-12-20	14286.0	7292.0	1511.0	3645.0	12381.0	3244.0	289.0	25.4	40.6	35.9	59.2
2005-12-27	13997.0	7166.0	1257.0	3560.0	12407.0	3240.0	302.0	27.9	43.5	39.3	63.7
2006-01-03	13930.0	6835.0	1282.0	3618.0	12398.0	3477.0	250.0	24.6	44.8	36.4	64.2
2006-01-10	13341.0	6513.0	1486.0	3272.0	11478.0	3556.0	377.0	22.6	43.2	34.3	63.8
2006-01-17	14028.0	6857.0	1604.0	3332.0	11979.0	3630.0	236.0	21.6	41.1	33.2	61.8
2006-01-24	14642.0	6878.0	1588.0	3782.0	12247.0	3414.0	239.0	21.8	40.4	34.4	60.2
2006-01-31	15939.0	8099.0	1668.0	2940.0	12899.0	3970.0	442.0	17.4	43.6	29.2	61.6
2006-02-07	16206.0	8380.0	1665.0	2816.0	13290.0	4346.0	587.0	13.9	46.2	24.8	63.4
2006-02-14	16189.0	8112.0	1689.0	3030.0	12853.0	3995.0	595.0	14.5	44.9	25.6	62.6
2006-02-21	17219.0	8201.0	1816.0	3370.0	13046.0	3949.0	658.0	16.0	43.6	26.2	59.6
2006-02-28	16905.0	8224.0	1703.0	4289.0	14017.0	3486.0	279.0	15.5	45.1	26.0	61.2
2006-03-07	15751.0	8525.0	1791.0	2861.0	12850.0	3852.0	597.0	16.1	50.7	27.9	66.7
2006-03-14	14680.0	8334.0	1923.0	2185.0	11419.0	3534.0	711.0	17.4	48.7	28.5	62.8
2006-03-21	14744.0	8852.0	1863.0	2140.0	11757.0	3308.0	680.0	19.0	48.6	31.3	62.7
2006-03-28	16410.0	10585.0	2435.0	1523.0	12344.0	3377.0	706.0	17.9	44.3	28.8	59.4
2006-04-04	17125.0	11184.0	2498.0	1452.0	12906.0	3466.0	698.0	17.7	43.7	28.9	60.3
2006-04-11	18261.0	11378.0	2618.0	2304.0	14045.0	3526.0	545.0	17.4	40.9	29.3	60.2
2006-04-18	17850.0	11125.0	2718.0	2041.0	13549.0	3670.0	569.0	17.3	40.6	27.8	59.9
2006-04-25	17636.0	10538.0	2978.0	2643.0	13122.0	3539.0	620.0	19.7	40.7	32.0	59.6
2006-05-02	18339.0	11461.0	3143.0	2593.0	13770.0	3480.0	621.0	21.0	40.1	34.2	60.9
2006-05-09	18379.0	11180.0	3258.0	2891.0	13704.0	3430.0	539.0	19.9	40.3	33.1	58.8
2006-05-16	17753.0	10825.0	3086.0	2628.0	13461.0	3451.0	357.0	19.7	39.4	33.3	59.8
2006-05-23	17388.0	9887.0	3182.0	2799.0	12139.0	3646.0	1011.0	22.7	39.4	36.0	59.7
2006-05-30	19326.0	9973.0	2616.0	4956.0	14848.0	3241.0	706.0	21.5	36.1	33.3	52.7
2006-06-06	15514.0	9018.0	2300.0	2601.0	11682.0	2925.0	562.0	24.5	38.6	37.1	58.1
2006-06-13	14355.0	7810.0	2215.0	2678.0	10427.0	3079.0	925.0	28.7	36.4	37.3	58.3
2006-06-20	13681.0	7370.0	2008.0	2891.0	9885.0	2735.0	1103.0	30.5	39.0	40.8	58.1
2006-06-27	13149.0	7380.0	2535.0	2943.0	9513.0	2366.0	641.0	31.3	41.1	43.8	61.9
2006-07-03	13423.0	7635.0	2734.0	2837.0	9553.0	2533.0	718.0	32.6	39.9	43.0	60.9
2006-07-11	13895.0	8169.0	2745.0	2790.0	10091.0	2512.0	635.0	33.6	39.0	43.4	59.7
2006-07-18	14132.0	8671.0	2697.0	2688.0	10449.0	2447.0	660.0	34.8	40.4	44.4	61.2
2006-07-25	14535.0	8663.0	2690.0	2746.0	10471.0	2393.0	641.0	36.4	39.3	46.1	59.5
2006-08-01	13587.0	7852.0	2658.0	2770.0	9789.0	2175.0	350.0	34.4	39.2	44.2	60.8
2006-08-08	12388.0	6399.0	2151.0	2943.0	9097.0	2299.0	393.0	25.0	38.7	36.2	59.5
2006-08-15	12911.0	6535.0	1685.0	3140.0	9865.0	2309.0	434.0	25.2	38.9	36.4	61.3
2006-08-22	13074.0	6663.0	1461.0	2847.0	10022.0	2331.0	358.0	25.6	38.4	34.1	61.5
2006-08-29	14073.0	6343.0	1393.0	4233.0	11063.0	2091.0	211.0	26.8	36.1	34.7	57.9
2006-09-05	11444.0	6455.0	1905.0	2802.0	9327.0	2138.0	163.0	30.1	45.6	39.0	67.6
2006-09-12	11489.0	5879.0	2247.0	3601.0	8855.0	1967.0	345.0	37.0	45.4	47.0	67.0
2006-09-19	10823.0	5111.0	2381.0	3871.0	8015.0	1839.0	425.0	38.1	42.9	49.3	64.1
2006-09-26	10884.0	4839.0	1873.0	4149.0	8452.0	1796.0	459.0	39.1	38.7	50.3	59.9
2006-10-03	11344.0	5094.0	2106.0	4129.0	8422.0	2121.0	816.0	38.4	37.5	47.9	59.8
2006-10-10	11681.0	5187.0	2368.0	4354.0	8432.0	2140.0	881.0	38.1	35.7	48.1	58.6
2006-10-17	11498.0	5194.0	2404.0	4272.0	8423.0	1912.0	551.0	40.1	35.6	50.2	58.8
2006-10-24	12139.0	5592.0	2469.0	4182.0	8900.0	2238.0	643.0	38.1	34.5	47.4	56.4
2006-10-31	12707.0	5803.0	2519.0	4439.0	9463.0	2360.0	620.0	37.0	34.6	45.8	56.0
2006-11-07	12963.0	6258.0	2583.0	4346.0	10017.0	2309.0	313.0	35.9	37.0	44.8	59.3
2006-11-14	12931.0	5916.0	2372.0	4029.0	9572.0	2303.0	304.0	31.7	36.1	41.6	58.1
2006-11-21	12632.0	5137.0	2190.0	4369.0	8853.0	2072.0	535.0	31.5	33.9	39.5	55.2
2006-11-28	11506.0	4717.0	2226.0	3996.0	8361.0	2394.0	520.0	33.8	36.3	41.6	59.4
2006-12-05	11042.0	4598.0	2496.0	4118.0	8278.0	2261.0	203.0	37.2	40.6	45.7	68.3
2006-12-12	11196.0	4685.0	2598.0	4092.0	8264.0	2356.0	271.0	37.5	40.1	45.9	67.3
2006-12-19	11185.0	4504.0	2600.0	4238.0	8120.0	2395.0	417.0	40.9	40.0	49.4	65.9
2006-12-26	11332.0	4545.0	2684.0	4341.0	8224.0	2436.0	414.0	40.8	40.1	49.3	65.8
2007-01-03	12459.0	5736.0	2838.0	4277.0	9197.0	2400.0	378.0	37.2	39.1	48.9	63.2
2007-01-09	12873.0	6375.0	2881.0	3922.0	9562.0	2425.0	279.0	37.1	37.7	48.2	61.5
2007-01-16	12924.0	6479.0	2769.0	3788.0	9809.0	2547.0	236.0	36.7	38.3	49.3	61.1
2007-01-23	14479.0	8325.0	2905.0	3624.0	11281.0	2529.0	292.0	34.1	37.3	48.8	61.3
2007-01-30	15607.0	9125.0	2615.0	3518.0	12450.0	2843.0	421.0	31.7	36.4	46.9	59.2
2007-02-06	15654.0	9154.0	2543.0	3557.0	12685.0	2807.0	290.0	30.6	36.6	46.3	59.3
2007-02-13	16358.0	8930.0	2666.0	3962.0	12783.0	2997.0	440.0	32.3	36.1	45.1	58.0
2007-02-20	15572.0	8260.0	2475.0	4180.0	12472.0	2873.0	366.0	31.6	37.7	43.5	59.3
2007-02-27	17344.0	9147.0	2500.0	5124.0	14014.0	2808.0	565.0	28.8	35.1	39.2	55.6
2007-03-06	15612.0	8741.0	1951.0	4253.0	13030.0	2559.0	572.0	33.4	41.9	45.5	65.3
2007-03-13	15502.0	8973.0	1953.0	4263.0	13235.0	2264.0	312.0	34.9	43.7	47.6	66.6
2007-03-20	15320.0	8715.0	1928.0	4345.0	13154.0	2258.0	236.0	35.6	43.6	47.5	66.9
2007-03-27	15673.0	8821.0	2171.0	4184.0	13107.0	2624.0	351.0	35.6	42.9	47.3	65.9
2007-04-03	15692.0	8965.0	2007.0	4036.0	13282.0	2649.0	361.0	36.1	44.6	48.0	67.4
2007-04-10	16337.0	9493.0	1981.0	4045.0	14046.0	2767.0	278.0	34.5	43.4	46.7	68.8
2007-04-17	18857.0	12094.0	2323.0	3801.0	16143.0	2882.0	311.0	29.0	41.9	41.4	64.5
2007-04-24	19881.0	13226.0	2405.0	3605.0	17131.0	3050.0	345.0	27.9	42.4	41.3	64.9
2007-05-01	20105.0	13710.0	2234.0	3427.0	17545.0	2651.0	9.0	27.5	44.1	41.0	65.8
2007-05-08	20373.0	14074.0	2201.0	3229.0	17586.0	2769.0	285.0	27.8	43.6	40.9	65.8
2007-05-15	19975.0	12908.0	2243.0	3877.0	16953.0	2852.0	441.0	31.4	44.0	44.0	67.0
2007-05-22	19106.0	12517.0	2327.0	3449.0	15880.0	2633.0	392.0	33.8	44.6	46.3	67.5
2007-05-29	19332.0	12374.0	2349.0	3942.0	16274.0	2462.0	155.0	33.9	44.1	46.7	66.5
2007-06-05	18107.0	11693.0	1478.0	3550.0	16274.0	2793.0	284.0	36.7	44.7	49.2	67.8
2007-06-12	18198.0	11972.0	1536.0	3532.0	16336.0	2616.0	248.0	37.8	44.1	51.3	66.9
2007-06-19	18634.0	12512.0	2273.0	3419.0	16095.0	2695.0	258.0	36.8	36.6	50.5	60.8
2007-06-26	18165.0	12954.0	1344.0	2703.0	16470.0	2496.0	339.0	37.6	38.4	52.0	62.4
2007-07-03	17549.0	12355.0	1404.0	2603.0	15752.0	2577.0	379.0	38.5	38.9	53.2	62.3
2007-07-10	17613.0	12516.0	1297.0	2489.0	15916.0	2554.0	346.0	38.2	38.7	52.8	61.9
2007-07-17	17724.0	12828.0	1326.0	2258.0	16005.0	2549.0	304.0	38.3	38.6	52.3	61.1
2007-07-24	18966.0	13161.0	1283.0	3123.0	17322.0	2502.0	181.0	39.9	41.4	54.2	62.6
2007-07-31	18623.0	12864.0	1463.0	3183.0	16627.0	2393.0	350.0	42.2	39.6	57.5	60.9
2007-08-07	18920.0	12744.0	1440.0	3574.0	16816.0	2345.0	407.0	44.6	39.1	59.5	59.4
2007-08-14	17996.0	12047.0	2023.0	3353.0	15029.0	2176.0	524.0	44.9	37.3	58.7	56.6
2007-08-21	17677.0	10572.0	2357.0	4062.0	13515.0	1924.0	686.0	44.9	35.0	55.0	51.9
2007-08-28	17819.0	10509.0	2778.0	4364.0	13102.0	1797.0	790.0	45.0	33.4	54.3	48.3
2007-09-04	16511.0	10835.0	3328.0	3620.0	12048.0	1643.0	722.0	50.8	35.4	61.2	53.1
2007-09-11	16264.0	10361.0	3609.0	3978.0	11749.0	1691.0	672.0	49.1	37.2	59.8	55.4
2007-09-18	15817.0	9608.0	3751.0	4337.0	11171.0	1660.0	683.0	46.3	35.3	57.2	53.1
2007-09-25	15799.0	9796.0	3528.0	4012.0	11624.0	1866.0	522.0	43.6	35.2	54.8	53.4
2007-10-02	15946.0	9808.0	3324.0	4059.0	12116.0	2074.0	501.0	43.8	33.4	55.2	52.1
2007-10-09	16109.0	10373.0	3146.0	3752.0	12478.0	1957.0	458.0	47.4	34.2	58.7	53.9
2007-10-16	16260.0	10964.0	3116.0	3193.0	12813.0	2033.0	261.0	49.2	35.8	61.3	53.7
2007-10-23	16714.0	11226.0	3013.0	3153.0	13138.0	2269.0	497.0	49.8	35.5	61.8	53.6
2007-10-30	16473.0	10572.0	3137.0	3569.0	12898.0	2246.0	352.0	44.2	37.3	57.8	54.6
2007-11-06	17698.0	11426.0	3375.0	3815.0	13971.0	2371.0	266.0	42.9	35.7	56.6	53.9
2007-11-13	17966.0	11532.0	3100.0	3746.0	14306.0	2517.0	389.0	43.1	36.2	56.2	56.1
2007-11-20	17371.0	11064.0	2734.0	3841.0	14078.0	2342.0	435.0	41.0	37.1	54.6	57.4
2007-11-27	16698.0	9881.0	2618.0	4556.0	13258.0	2109.0	670.0	44.1	37.9	56.8	54.9
2007-12-04	14761.0	9122.0	1956.0	3937.0	12317.0	1544.0	330.0	48.3	42.7	60.9	61.2
2007-12-11	14332.0	8771.0	1884.0	3815.0	11908.0	1676.0	470.0	48.3	44.4	61.6	63.3
2007-12-18	14511.0	9094.0	1829.0	3646.0	12206.0	1741.0	446.0	50.0	45.3	63.5	64.2
2007-12-24	15192.0	8993.0	1821.0	4269.0	12773.0	1815.0	483.0	46.7	44.5	61.4	63.5
2007-12-31	15978.0	10102.0	1848.0	3926.0	13784.0	1950.0	346.0	46.0	45.0	60.0	65.3
2008-01-08	17154.0	11837.0	1903.0	3218.0	15039.0	2099.0	212.0	45.2	42.4	58.0	64.5
2008-01-15	17992.0	12188.0	1844.0	3358.0	15693.0	2396.0	405.0	42.4	42.2	55.3	63.6
2008-01-22	18074.0	12393.0	1863.0	3316.0	15624.0	2145.0	367.0	44.7	42.5	57.6	64.4
2008-01-29	20676.0	14307.0	2270.0	3534.0	17837.0	2655.0	389.0	41.7	44.5	54.0	66.2
2008-02-05	20320.0	12896.0	1984.0	4036.0	17597.0	3156.0	507.0	31.3	44.1	45.4	67.6
2008-02-12	20296.0	12219.0	2263.0	3939.0	17286.0	3791.0	400.0	27.8	40.2	39.5	65.6
2008-02-19	20607.0	12367.0	2060.0	3675.0	17311.0	4257.0	928.0	27.2	39.6	39.2	62.4
2008-02-26	22230.0	12306.0	2119.0	5571.0	19171.0	3885.0	472.0	28.0	42.6	41.2	64.6
2008-03-04	21466.0	12270.0	2580.0	4328.0	17315.0	4690.0	1393.0	26.7	39.8	38.7	63.3
2008-03-11	20606.0	12465.0	2483.0	4469.0	17320.0	3614.0	745.0	29.2	41.5	43.5	66.7
2008-03-18	20216.0	12066.0	2332.0	4666.0	17126.0	3401.0	675.0	31.2	41.9	47.9	65.9
2008-03-25	20188.0	12709.0	2390.0	4674.0	17227.0	2684.0	450.0	33.6	41.9	52.0	63.5
2008-04-01	19649.0	12001.0	2462.0	5030.0	16660.0	2495.0	404.0	32.7	40.9	51.9	63.2
2008-04-08	19201.0	11209.0	2721.0	5238.0	15947.0	2650.0	429.0	34.1	39.8	52.0	61.8
2008-04-15	19764.0	11463.0	2834.0	5332.0	16316.0	2875.0	520.0	34.1	39.8	51.5	62.3
2008-04-22	19686.0	11579.0	2721.0	5450.0	16396.0	2558.0	470.0	35.1	40.3	52.5	63.2
2008-04-29	19410.0	10942.0	3014.0	5734.0	15723.0	2627.0	566.0	36.3	39.4	54.0	62.1
2008-05-06	19590.0	11196.0	2671.0	5864.0	16100.0	2340.0	629.0	36.4	39.2	53.9	61.2
2008-05-13	20268.0	11211.0	2677.0	5868.0	16225.0	2799.0	976.0	35.2	36.5	51.9	57.6
2008-05-20	18708.0	9917.0	1840.0	5439.0	15481.0	2524.0	559.0	34.5	39.7	50.1	60.1
2008-05-27	18352.0	9541.0	1711.0	5547.0	15431.0	2441.0	387.0	35.7	42.8	51.8	63.8
2008-06-03	17052.0	9686.0	2183.0	4749.0	14017.0	2057.0	292.0	33.8	45.0	51.3	66.2
2008-06-10	17007.0	9805.0	2611.0	4758.0	13370.0	1915.0	497.0	33.9	43.9	51.5	63.4
2008-06-17	16923.0	10676.0	2895.0	3971.0	13593.0	2121.0	280.0	32.4	42.9	48.4	62.2
2008-06-24	17078.0	10716.0	3315.0	3954.0	13414.0	2293.0	234.0	32.0	41.1	48.4	59.8
2008-07-01	17252.0	11125.0	3303.0	3477.0	13539.0	2553.0	313.0	29.4	40.6	45.6	58.4
2008-07-08	16575.0	10794.0	3397.0	3350.0	12686.0	2305.0	366.0	30.0	38.7	47.1	57.8
2008-07-15	15809.0	10826.0	2897.0	2548.0	12265.0	2295.0	507.0	27.1	40.5	41.9	58.9
2008-07-22	14160.0	9117.0	3484.0	3196.0	9983.0	1799.0	645.0	26.8	38.9	42.8	57.1
2008-07-29	13647.0	8441.0	4203.0	3290.0	8638.0	1863.0	753.0	26.8	42.2	42.4	60.1
2008-08-05	13680.0	8177.0	4468.0	3532.0	8229.0	1869.0	881.0	31.1	41.5	43.8	58.6
2008-08-12	13974.0	8119.0	4599.0	3963.0	8299.0	1719.0	903.0	30.4	41.1	48.8	54.9
2008-08-19	13417.0	7737.0	4403.0	3803.0	7956.0	1812.0	993.0	32.0	39.8	49.6	55.3
2008-08-26	13950.0	7836.0	4553.0	4067.0	8456.0	1940.0	834.0	28.9	37.5	44.2	50.8
2008-09-02	13567.0	8254.0	4005.0	3397.0	8397.0	1836.0	1085.0	31.3	41.6	48.2	59.2
2008-09-09	13270.0	7483.0	4408.0	3703.0	7751.0	2074.0	1101.0	30.4	41.1	47.0	58.1
2008-09-16	14577.0	9563.0	4386.0	3109.0	9018.0	1839.0	1107.0	34.6	38.8	51.0	55.5
2008-09-23	14984.0	9917.0	3972.0	2796.0	9750.0	2200.0	1191.0	33.8	38.5	47.3	56.2
2008-09-30	14933.0	9884.0	3711.0	2809.0	10049.0	2207.0	1140.0	33.1	39.7	46.2	57.1
2008-10-07	14622.0	9569.0	3789.0	2864.0	9883.0	2189.0	950.0	36.3	40.4	48.1	57.9
2008-10-14	15074.0	10386.0	3591.0	2677.0	10561.0	2011.0	922.0	35.4	44.1	50.3	61.9
2008-10-21	14524.0	9593.0	3426.0	3034.0	10058.0	1882.0	1025.0	39.8	44.4	50.5	62.0
2008-10-28	14186.0	9369.0	3438.0	2953.0	9724.0	1864.0	1024.0	39.2	42.4	50.1	60.3
2008-11-04	13470.0	8789.0	3299.0	2665.0	9365.0	2016.0	806.0	38.6	41.9	50.1	59.4
2008-11-11	13278.0	8733.0	2980.0	2723.0	9455.0	1817.0	838.0	37.3	43.7	49.0	61.9
2008-11-18	13355.0	8889.0	2893.0	2605.0	9564.0	1854.0	891.0	36.6	45.4	47.7	61.9
2008-11-25	13294.0	8934.0	2974.0	2375.0	9280.0	1858.0	913.0	38.2	47.0	49.3	62.4
2008-12-02	13056.0	9005.0	3200.0	2343.0	8818.0	1658.0	988.0	40.0	47.4	51.4	61.7
2008-12-09	12819.0	8914.0	3543.0	2235.0	8183.0	1620.0	1043.0	40.2	46.6	50.3	61.4
2008-12-16	12662.0	8913.0	3506.0	1995.0	8068.0	1693.0	1027.0	41.5	47.0	51.8	62.8
2008-12-22	12557.0	8850.0	3447.0	2002.0	8020.0	1659.0	1044.0	40.8	47.4	51.2	64.0
2008-12-30	12427.0	8757.0	3795.0	1971.0	7760.0	1645.0	818.0	39.9	47.8	50.4	65.1
2009-01-06	12146.0	8281.0	3313.0	1944.0	8017.0	1878.0	773.0	38.7	49.1	48.8	67.3
2009-01-13	12468.0	8626.0	3402.0	2021.0	8202.0	1771.0	814.0	37.7	46.8	47.9	64.4
2009-01-20	12387.0	8371.0	3511.0	2105.0	7880.0	1826.0	911.0	38.4	46.2	49.2	64.0
2009-01-27	12759.0	8696.0	3601.0	2225.0	8278.0	1746.0	788.0	38.7	45.7	49.3	63.5
2009-02-03	12423.0	8569.0	3437.0	1999.0	8185.0	1827.0	773.0	39.6	47.2	49.9	63.5
2009-02-10	12760.0	8856.0	3092.0	1916.0	8985.0	1961.0	656.0	38.6	46.5	48.6	64.4
2009-02-17	12750.0	8676.0	2963.0	2084.0	9075.0	1971.0	693.0	38.7	47.7	48.6	66.0
2009-02-24	12505.0	8027.0	2960.0	2558.0	8691.0	1901.0	835.0	39.6	49.0	50.0	66.7
2009-03-03	11460.0	7364.0	3122.0	2367.0	7521.0	1729.0	817.0	40.4	50.2	51.2	68.2
2009-03-10	12031.0	7658.0	3241.0	2559.0	7834.0	1787.0	929.0	39.4	45.1	50.1	62.4
2009-03-17	12275.0	8000.0	3589.0	2707.0	7761.0	1531.0	888.0	38.9	43.5	49.6	59.6
2009-03-24	12363.0	8134.0	3335.0	2432.0	8266.0	1760.0	725.0	39.7	42.0	50.7	58.6
2009-03-31	13174.0	8619.0	2883.0	2594.0	9716.0	1904.0	518.0	37.2	40.9	48.3	57.4
2009-04-07	13901.0	9014.0	3246.0	2677.0	10100.0	2147.0	492.0	37.0	38.0	47.6	53.7
2009-04-14	14759.0	9619.0	2793.0	2755.0	11401.0	2299.0	479.0	37.2	39.0	48.2	56.8
2009-04-21	14473.0	9164.0	2999.0	2890.0	10918.0	2348.0	485.0	38.1	40.3	49.2	58.1
2009-04-28	13733.0	8906.0	3047.0	2672.0	10020.0	2092.0	603.0	38.3	38.7	50.2	57.0
2009-05-05	14342.0	9471.0	3594.0	2803.0	9887.0	2034.0	827.0	40.4	36.8	52.3	54.7
2009-05-12	15532.0	10472.0	3647.0	2764.0	11337.0	2218.0	470.0	35.4	36.8	49.2	54.4
2009-05-19	16488.0	10579.0	3705.0	3121.0	11819.0	2446.0	622.0	32.8	35.8	46.1	52.4
2009-05-26	16195.0	10258.0	3480.0	3200.0	11753.0	2543.0	768.0	33.2	39.4	45.7	56.5
2009-06-02	16129.0	10477.0	2427.0	2972.0	12981.0	2495.0	536.0	33.4	42.7	44.3	59.8
2009-06-09	16182.0	10839.0	2486.0	2705.0	13021.0	2484.0	521.0	33.9	42.6	43.9	60.1
2009-06-16	16465.0	11074.0	2644.0	2821.0	13117.0	2386.0	520.0	33.6	42.5	44.2	59.4
2009-06-23	16035.0	10813.0	2728.0	2965.0	12556.0	2123.0	617.0	36.6	42.8	47.7	60.2
2009-06-30	16444.0	11513.0	2586.0	2708.0	13227.0	2133.0	541.0	36.0	43.6	47.2	61.2
2009-07-07	16819.0	11434.0	2758.0	3082.0	13117.0	2187.0	828.0	36.7	43.2	49.0	60.2
2009-07-14	16263.0	11094.0	3146.0	3231.0	12170.0	1747.0	756.0	34.8	42.6	50.0	59.5
2009-07-21	17166.0	11877.0	2737.0	2885.0	13607.0	2125.0	543.0	34.3	41.3	49.0	58.7
2009-07-28	18365.0	12995.0	2712.0	2824.0	14894.0	2242.0	455.0	32.1	42.8	47.1	59.1
2009-08-04	19778.0	14018.0	2759.0	2870.0	16326.0	2442.0	245.0	31.0	41.2	45.7	58.0
2009-08-11	20323.0	14184.0	3131.0	2953.0	16274.0	2547.0	279.0	30.1	41.0	44.6	56.2
2009-08-18	20162.0	14251.0	3021.0	3181.0	16171.0	2315.0	555.0	30.6	43.6	46.1	59.0
2009-08-25	21386.0	15168.0	2980.0	3536.0	17667.0	2440.0	497.0	29.7	45.7	45.9	61.0
2009-09-01	21655.0	14794.0	2684.0	4363.0	18281.0	2335.0	527.0	33.7	45.4	47.7	61.0
2009-09-08	22372.0	15208.0	2735.0	4517.0	19027.0	2494.0	457.0	32.9	44.7	46.7	60.5
2009-09-15	22121.0	15029.0	2555.0	4347.0	18952.0	2552.0	421.0	33.0	43.0	45.9	59.5
2009-09-22	23181.0	15911.0	2747.0	4449.0	19979.0	2728.0	362.0	32.0	43.2	45.1	60.0
2009-09-29	20094.0	13037.0	2482.0	4494.0	17222.0	2498.0	325.0	28.9	42.9	43.8	60.1
2009-10-06	21223.0	13850.0	2493.0	4278.0	18024.0	3030.0	641.0	27.7	43.7	41.0	59.7
2009-10-13	21914.0	14068.0	2341.0	4638.0	18880.0	3138.0	623.0	28.5	46.5	42.1	62.6
2009-10-20	22247.0	14371.0	2202.0	4813.0	19462.0	2990.0	510.0	27.6	46.7	41.6	62.4
2009-10-27	22694.0	14789.0	1885.0	4832.0	20218.0	2960.0	478.0	27.7	46.4	41.7	62.3
2009-11-03	22255.0	14282.0	1746.0	5115.0	19876.0	2667.0	442.0	28.5	47.5	43.8	63.5
2009-11-09	22507.0	14388.0	1704.0	4991.0	19983.0	2993.0	685.0	28.0	48.7	43.4	64.3
2009-11-17	22534.0	14849.0	1482.0	4101.0	19946.0	3168.0	690.0	22.4	51.0	37.2	65.9
2009-11-24	22916.0	14909.0	1651.0	4742.0	20520.0	3052.0	532.0	22.0	52.4	36.6	67.0
2009-12-01	23271.0	15322.0	1692.0	4825.0	20746.0	2818.0	527.0	21.8	48.3	35.0	66.0
2009-12-08	22904.0	15400.0	1879.0	4507.0	20234.0	2724.0	518.0	21.7	48.5	33.8	66.0
2009-12-15	22380.0	15969.0	2115.0	3540.0	19727.0	2706.0	373.0	22.4	45.3	35.5	66.9
2009-12-22	22351.0	16359.0	2017.0	3411.0	19776.0	2449.0	426.0	22.5	46.4	36.9	68.0
2009-12-29	22402.0	16098.0	2112.0	3564.0	19692.0	2558.0	416.0	22.0	45.4	36.1	66.9
2010-01-05	23379.0	16060.0	1942.0	4063.0	20470.0	2934.0	645.0	20.3	43.0	34.3	64.6
2010-01-12	23437.0	15603.0	2783.0	4136.0	19583.0	3214.0	587.0	20.0	40.0	33.4	61.2
2010-01-19	23262.0	15612.0	3313.0	3919.0	18757.0	3014.0	475.0	19.9	38.8	34.1	60.6
2010-01-26	23354.0	15964.0	3928.0	3934.0	18274.0	2825.0	521.0	21.0	36.6	34.8	58.0
2010-02-02	23024.0	16222.0	3894.0	3480.0	18064.0	2769.0	513.0	21.9	36.6	36.1	58.3
2010-02-09	22095.0	16383.0	4077.0	2902.0	17149.0	2329.0	388.0	24.6	39.2	39.9	58.7
2010-02-16	22813.0	17027.0	3953.0	2781.0	17825.0	2559.0	589.0	24.7	38.1	39.3	57.0
2010-02-23	23459.0	16537.0	3404.0	3078.0	18330.0	3433.0	1314.0	23.1	39.4	38.4	59.5
2010-03-02	21597.0	15802.0	3465.0	3062.0	17651.0	2655.0	403.0	24.8	41.8	40.2	61.3
2010-03-09	22195.0	15831.0	3235.0	3258.0	18381.0	3012.0	485.0	24.5	41.6	38.1	60.4
2010-03-16	23409.0	16290.0	2929.0	3635.0	19710.0	3262.0	548.0	23.1	39.0	36.2	60.6
2010-03-23	24170.0	16517.0	2913.0	4182.0	20151.0	3201.0	836.0	23.4	38.8	35.9	59.3
2010-03-30	22924.0	15599.0	3096.0	3820.0	19041.0	3262.0	544.0	24.8	38.8	36.3	59.0
2010-04-06	24075.0	16450.0	3168.0	3807.0	19918.0	3533.0	704.0	24.5	36.2	36.0	55.3
2010-04-13	23923.0	16519.0	2739.0	3586.0	19950.0	3470.0	886.0	24.8	35.8	36.5	54.6
2010-04-20	23490.0	16471.0	2860.0	3365.0	19462.0	3296.0	810.0	27.7	34.7	39.3	52.4
2010-04-27	24037.0	17356.0	2939.0	2971.0	19954.0	3330.0	764.0	29.2	35.6	40.6	53.9
2010-05-04	23682.0	17604.0	3203.0	2471.0	19321.0	3246.0	797.0	32.6	36.8	43.9	53.2
2010-05-11	24964.0	18983.0	2798.0	2693.0	21019.0	2869.0	728.0	34.7	38.4	47.7	54.7
2010-05-18	23370.0	17002.0	2545.0	2698.0	19424.0	3269.0	1000.0	33.1	39.7	47.3	55.6
2010-05-25	21175.0	14927.0	2619.0	3386.0	17351.0	2375.0	718.0	35.6	38.4	49.8	52.4
2010-06-01	21271.0	15732.0	2460.0	3394.0	17794.0	1982.0	854.0	35.6	38.1	49.6	53.6
2010-06-08	21145.0	15823.0	2626.0	3199.0	17649.0	1993.0	740.0	36.8	36.3	50.4	53.0
2010-06-15	21509.0	16088.0	2228.0	3219.0	18406.0	2021.0	694.0	35.5	35.5	49.5	52.0
2010-06-22	21790.0	16218.0	2372.0	3102.0	18471.0	2259.0	736.0	33.8	33.7	47.3	49.9
2010-06-29	20467.0	14952.0	2485.0	3254.0	17101.0	2144.0	764.0	35.5	35.0	49.4	52.3
2010-07-06	19506.0	13975.0	2023.0	3283.0	16554.0	2078.0	759.0	37.4	33.1	50.3	50.0
2010-07-13	19679.0	14703.0	1988.0	2761.0	16734.0	1991.0	733.0	39.4	36.1	51.6	52.1
2010-07-20	19266.0	14318.0	2100.0	2769.0	16195.0	1979.0	771.0	39.7	36.4	52.2	51.6
2010-07-27	20201.0	15457.0	2128.0	2557.0	17170.0	2027.0	743.0	38.8	36.3	51.1	50.9
2010-08-03	20692.0	16429.0	2191.0	1698.0	17581.0	2382.0	737.0	35.8	35.8	51.2	50.4
2010-08-10	19488.0	14438.0	2093.0	2171.0	16358.0	2663.0	821.0	32.8	37.1	46.0	52.4
2010-08-17	19419.0	14390.0	1938.0	2437.0	16639.0	2367.0	617.0	32.7	36.9	45.5	54.2
2010-08-24	19378.0	13581.0	1914.0	2995.0	16432.0	2441.0	671.0	33.1	37.8	45.9	54.7
2010-08-31	20257.0	15101.0	1838.0	2620.0	17363.0	2239.0	759.0	32.3	42.3	45.4	58.7
2010-09-07	21688.0	16442.0	2335.0	2561.0	18437.0	2534.0	765.0	31.7	39.7	44.5	56.5
2010-09-14	23010.0	16693.0	2364.0	3676.0	19809.0	2483.0	679.0	31.0	36.0	45.9	52.5
2010-09-21	23464.0	16487.0	2251.0	4049.0	20494.0	2737.0	528.0	32.7	38.1	46.9	54.8
2010-09-28	24189.0	17351.0	1761.0	3836.0	21612.0	2743.0	557.0	31.3	36.5	43.6	52.4
2010-10-05	24364.0	17179.0	1820.0	4131.0	21837.0	2874.0	527.0	31.7	37.2	44.5	54.6
2010-10-12	24196.0	17036.0	1870.0	4046.0	21556.0	2940.0	596.0	31.5	36.0	43.8	52.2
2010-10-19	24585.0	17243.0	1960.0	4004.0	21587.0	3197.0	897.0	33.0	35.1	45.0	51.5
2010-10-26	24702.0	18253.0	2119.0	3302.0	21682.0	3036.0	790.0	31.8	33.1	44.5	50.2
2010-11-02	25597.0	18850.0	2461.0	3339.0	22185.0	3227.0	770.0	32.2	36.3	44.0	52.8
2010-11-09	25858.0	19344.0	2494.0	3013.0	22587.0	3339.0	615.0	34.0	39.0	45.5	56.5
2010-11-16	24029.0	17567.0	2786.0	3407.0	20336.0	2790.0	642.0	34.2	37.9	45.9	57.0
2010-11-23	24262.0	16351.0	2521.0	4085.0	20169.0	3304.0	1050.0	33.6	32.8	44.5	49.0
2010-11-30	22842.0	16085.0	2237.0	3837.0	19805.0	2573.0	453.0	33.2	36.4	44.7	53.8
2010-12-07	23157.0	16116.0	2357.0	3817.0	19862.0	2934.0	648.0	33.6	33.0	46.3	49.7
2010-12-14	23124.0	16705.0	2175.0	3420.0	20109.0	2761.0	602.0	34.1	33.0	46.9	50.3
2010-12-21	22590.0	16446.0	2014.0	3012.0	19686.0	2797.0	555.0	33.8	34.1	45.3	51.1
2010-12-28	23214.0	16949.0	1965.0	2988.0	20322.0	2960.0	610.0	33.3	33.6	44.5	50.8
2011-01-04	23046.0	17030.0	2607.0	2866.0	19428.0	2811.0	672.0	33.3	32.9	44.9	49.2
2011-01-11	22188.0	16483.0	2484.0	2620.0	18665.0	2648.0	602.0	33.9	33.1	45.2	49.8
2011-01-18	22597.0	16875.0	2382.0	2573.0	18950.0	2700.0	816.0	33.1	33.2	44.3	48.7
2011-01-25	21631.0	16202.0	2315.0	2314.0	18093.0	2662.0	770.0	33.8	33.4	45.1	49.3
2011-02-01	22356.0	16701.0	2211.0	2452.0	18863.0	2779.0	858.0	32.1	33.7	43.3	50.3
2011-02-08	23519.0	17710.0	2379.0	2395.0	19900.0	3039.0	865.0	30.7	33.0	41.9	49.2
2011-02-15	22803.0	17614.0	2394.0	1848.0	19331.0	3064.0	801.0	31.7	32.7	43.9	48.9
2011-02-22	23021.0	17655.0	2162.0	2240.0	19903.0	2955.0	785.0	31.5	32.7	43.4	49.9
2011-03-01	22457.0	17319.0	2198.0	2324.0	19496.0	2723.0	672.0	36.8	39.8	47.5	58.2
2011-03-08	23191.0	16994.0	2372.0	3316.0	19822.0	2745.0	861.0	34.9	37.7	47.1	55.2
2011-03-15	20961.0	14504.0	3321.0	3983.0	16329.0	2341.0	1178.0	40.5	37.8	52.0	55.0
2011-03-22	20574.0	13619.0	2673.0	4332.0	16738.0	2458.0	998.0	41.6	38.5	52.3	56.4
2011-03-29	20456.0	12993.0	2596.0	4788.0	16582.0	2422.0	1025.0	39.5	40.0	51.5	56.8
2011-04-05	21328.0	14100.0	2190.0	4345.0	18016.0	2628.0	867.0	37.2	40.3	48.4	57.2
2011-04-12	22073.0	14640.0	2107.0	4110.0	18609.0	2874.0	908.0	36.1	40.2	45.8	56.0
2011-04-19	21129.0	14176.0	3249.0	4099.0	16610.0	2556.0	972.0	37.0	38.5	45.7	54.8
2011-04-26	21117.0	14356.0	3003.0	3955.0	16935.0	2557.0	930.0	36.8	37.8	46.4	53.5
2011-05-03	21133.0	14414.0	2617.0	3658.0	17120.0	2742.0	1077.0	37.1	36.1	44.9	51.4
2011-05-10	20710.0	12838.0	3524.0	5383.0	15728.0	2113.0	1082.0	38.6	35.0	49.5	50.6
2011-05-17	19857.0	12339.0	4031.0	4928.0	14117.0	2091.0	1210.0	39.6	32.9	49.7	49.0
2011-05-24	20122.0	12794.0	4204.0	4705.0	14472.0	2295.0	1118.0	39.7	34.0	49.8	49.8
2011-05-31	20104.0	13281.0	2914.0	4274.0	15819.0	2306.0	1128.0	39.9	36.2	49.5	52.1
2011-06-07	22257.0	15953.0	2384.0	3715.0	18211.0	2490.0	1563.0	36.1	33.3	48.0	47.9
2011-06-14	21806.0	16025.0	2295.0	3198.0	18478.0	2495.0	945.0	36.2	34.5	45.9	50.2
2011-06-21	20244.0	14396.0	2108.0	3334.0	17171.0	2290.0	741.0	39.2	38.2	49.9	53.4
2011-06-28	19493.0	13111.0	2017.0	3987.0	16500.0	2235.0	816.0	37.5	38.7	49.1	55.1
2011-07-05	19924.0	14014.0	1939.0	3454.0	17009.0	2282.0	802.0	36.7	39.2	48.6	55.8
2011-07-12	20561.0	15172.0	1773.0	2956.0	17940.0	2303.0	718.0	36.2	38.8	47.9	55.4
2011-07-19	22059.0	16387.0	2150.0	2910.0	19060.0	2593.0	680.0	34.4	36.3	46.4	53.3
2011-07-26	23930.0	18318.0	2105.0	2674.0	20932.0	2711.0	666.0	30.9	36.3	43.1	52.4
2011-08-02	25086.0	18812.0	1924.0	3234.0	22106.0	2775.0	791.0	29.6	35.7	41.0	50.6
2011-08-09	22034.0	14139.0	2018.0	5277.0	18907.0	2337.0	828.0	36.5	41.0	46.7	55.7
2011-08-16	21268.0	14740.0	1696.0	4054.0	18419.0	2081.0	760.0	40.2	40.7	49.9	55.0
2011-08-23	20775.0	14532.0	1734.0	3893.0	18099.0	2034.0	626.0	38.8	43.6	49.8	57.0
2011-08-30	20360.0	14025.0	1729.0	4127.0	17722.0	1921.0	622.0	41.3	46.0	53.2	60.8
2011-09-06	20813.0	14262.0	1625.0	4064.0	18156.0	2214.0	759.0	39.5	45.2	51.7	60.9
2011-09-13	19501.0	13268.0	2701.0	4071.0	15609.0	2005.0	1034.0	42.3	48.8	52.8	61.3
2011-09-20	19799.0	12608.0	2612.0	5250.0	15760.0	1791.0	1277.0	45.8	47.8	56.2	60.1
2011-09-27	18739.0	11157.0	4181.0	6193.0	12968.0	1172.0	1373.0	51.5	43.4	62.2	56.9
2011-10-04	19516.0	11084.0	4890.0	7017.0	12804.0	1054.0	1461.0	50.4	39.7	62.6	52.6
2011-10-11	19067.0	11627.0	4674.0	5866.0	12605.0	1131.0	1345.0	51.5	40.8	62.2	53.0
2011-10-18	19398.0	11616.0	4454.0	6086.0	12779.0	1206.0	1675.0	52.0	40.2	61.4	52.8
2011-10-25	18747.0	10770.0	4128.0	6357.0	12790.0	1145.0	1354.0	55.4	41.9	64.1	54.8
2011-11-01	18667.0	10628.0	3851.0	6419.0	13024.0	1157.0	1329.0	55.2	42.4	64.3	56.2
2011-11-08	19327.0	10992.0	3887.0	6423.0	13702.0	1400.0	1226.0	50.7	42.4	59.2	55.7
2011-11-15	18847.0	11490.0	4014.0	5804.0	13487.0	1189.0	982.0	48.5	44.0	58.0	55.3
2011-11-22	19793.0	11102.0	4948.0	7133.0	12984.0	1228.0	1531.0	46.5	37.8	56.3	50.0
2011-11-29	19847.0	11003.0	5328.0	7668.0	12902.0	1016.0	1457.0	46.7	36.6	56.9	50.0
2011-12-06	19774.0	11201.0	4832.0	7386.0	13438.0	1053.0	1370.0	46.3	37.1	58.3	48.2
2011-12-13	18430.0	10289.0	4273.0	6629.0	12627.0	1340.0	1358.0	44.3	35.7	56.5	47.8
2011-12-20	18287.0	10050.0	4234.0	7006.0	12792.0	1077.0	1107.0	46.1	35.5	57.5	47.7
2011-12-27	17523.0	10063.0	4153.0	6123.0	11980.0	1149.0	1202.0	48.2	38.5	61.0	51.9
2012-01-03	17570.0	9651.0	4467.0	6426.0	11765.0	1280.0	1125.0	46.4	40.4	57.7	55.0
2012-01-10	17756.0	9420.0	4918.0	6740.0	11358.0	1436.0	1320.0	47.4	37.8	58.7	51.8
2012-01-17	17518.0	9870.0	4681.0	5759.0	11262.0	1658.0	1344.0	44.1	39.5	55.5	53.9
2012-01-24	18099.0	10716.0	3045.0	5378.0	13609.0	1761.0	1201.0	42.8	42.1	53.4	55.3
2012-01-31	19398.0	11559.0	2864.0	5588.0	15146.0	1859.0	996.0	39.0	39.7	49.0	56.4
2012-02-07	20900.0	12876.0	2332.0	5415.0	17444.0	2205.0	720.0	36.0	43.4	45.8	59.0
2012-02-14	20984.0	12727.0	2130.0	5481.0	17316.0	2025.0	787.0	35.6	41.1	45.9	56.4
2012-02-21	20904.0	12781.0	2018.0	5010.0	17436.0	2228.0	565.0	35.4	44.1	45.7	59.4
2012-02-28	21864.0	13894.0	2419.0	5004.0	18209.0	2282.0	552.0	33.3	44.5	43.3	60.2
2012-03-06	20262.0	12247.0	2447.0	5536.0	16633.0	1899.0	602.0	40.4	42.9	51.6	59.0
2012-03-13	21155.0	13345.0	2393.0	5287.0	17559.0	1941.0	621.0	39.3	42.8	51.6	58.9
2012-03-20	21656.0	13375.0	2618.0	5745.0	17762.0	1895.0	635.0	40.1	41.4	52.1	58.3
2012-03-27	20439.0	11351.0	3210.0	6579.0	15690.0	1823.0	853.0	41.6	38.3	51.8	56.8
2012-04-03	21003.0	10599.0	4003.0	7937.0	15069.0	1626.0	1090.0	39.9	35.9	49.4	52.9
2012-04-10	20821.0	10186.0	5029.0	8276.0	13573.0	1411.0	1271.0	40.6	35.0	50.3	49.1
2012-04-17	21466.0	10457.0	5494.0	8404.0	13718.0	1588.0	1237.0	41.8	33.9	51.3	47.8
2012-04-24	21513.0	10609.0	4864.0	8145.0	14466.0	1524.0	948.0	41.4	37.3	50.2	52.0
2012-05-01	21576.0	11326.0	4548.0	7240.0	14924.0	1841.0	935.0	40.3	36.3	49.3	52.2
2012-05-08	21816.0	10597.0	5544.0	8380.0	13555.0	1488.0	1366.0	40.1	32.4	50.0	45.8
2012-05-15	22652.0	10696.0	7777.0	9190.0	11840.0	1334.0	1603.0	40.2	30.7	49.7	42.2
2012-05-22	24228.0	10996.0	8415.0	10563.0	12947.0	1337.0	1534.0	38.6	30.3	48.9	43.6
2012-05-29	24325.0	11738.0	8995.0	9367.0	12077.0	1743.0	1776.0	34.7	31.1	46.4	44.7
2012-06-05	22719.0	11964.0	8514.0	9072.0	12358.0	1307.0	1471.0	38.0	33.8	52.1	49.8
2012-06-12	22030.0	12658.0	7601.0	7595.0	12575.0	1277.0	1354.0	38.0	34.1	51.2	50.9
2012-06-19	21017.0	12551.0	6778.0	6584.0	12412.0	1388.0	1333.0	38.6	33.3	51.9	49.8
2012-06-26	21646.0	12702.0	8240.0	7183.0	11321.0	1246.0	1570.0	38.3	29.8	51.5	46.3
2012-07-03	21977.0	13376.0	8793.0	6671.0	11040.0	1408.0	1622.0	37.5	30.0	48.2	45.7
2012-07-10	22172.0	13719.0	9173.0	6390.0	10501.0	1270.0	1705.0	38.2	29.6	48.8	45.5
2012-07-17	22056.0	13773.0	8938.0	6160.0	10666.0	1285.0	1614.0	36.6	30.2	47.4	46.9
2012-07-24	23826.0	13877.0	9661.0	7698.0	11367.0	1331.0	1878.0	34.8	28.2	46.6	44.0
2012-07-31	23698.0	13756.0	9345.0	7804.0	11995.0	1392.0	1612.0	36.9	29.6	47.4	46.3
2012-08-07	24204.0	13956.0	9097.0	8233.0	12953.0	1323.0	1462.0	36.0	28.3	46.3	44.2
2012-08-14	24007.0	14009.0	9318.0	7871.0	12325.0	1321.0	1558.0	36.9	28.7	47.9	44.0
2012-08-21	24291.0	13919.0	7576.0	7815.0	14061.0	1800.0	1897.0	38.3	31.7	49.2	45.8
2012-08-28	21730.0	13341.0	5538.0	5957.0	14490.0	1690.0	960.0	40.6	33.8	51.3	48.6
2012-09-04	19901.0	13330.0	4939.0	4584.0	13904.0	1765.0	836.0	39.5	35.0	49.6	49.5
2012-09-11	19154.0	12549.0	3867.0	4482.0	14389.0	1975.0	750.0	32.5	37.4	42.7	52.6
2012-09-18	20377.0	13571.0	3477.0	4260.0	16011.0	2341.0	684.0	30.8	34.8	40.7	50.2
2012-09-25	20057.0	14742.0	2824.0	2894.0	16402.0	2186.0	596.0	34.0	36.9	44.2	53.6
2012-10-02	20458.0	14684.0	2905.0	3315.0	16687.0	2237.0	644.0	32.7	34.1	42.4	51.6
2012-10-09	20295.0	14947.0	2758.0	3019.0	16618.0	2123.0	713.0	33.5	32.2	43.6	50.1
2012-10-16	19725.0	14373.0	2531.0	3072.0	16067.0	1858.0	705.0	34.5	33.0	44.9	50.7
2012-10-23	19885.0	13727.0	3371.0	3790.0	15063.0	1721.0	804.0	34.5	33.1	44.8	51.0
2012-10-30	20761.0	13191.0	4433.0	5256.0	14650.0	1715.0	1079.0	33.4	30.6	44.7	46.8
2012-11-06	21665.0	13900.0	4543.0	5675.0	15283.0	1579.0	1328.0	31.8	30.0	42.8	43.7
2012-11-13	21933.0	13993.0	4107.0	5562.0	15860.0	1749.0	1337.0	31.6	28.6	42.3	41.4
2012-11-20	21897.0	14538.0	3260.0	5418.0	16825.0	1411.0	1282.0	32.1	30.1	44.7	45.4
2012-11-27	22786.0	15495.0	2391.0	4616.0	18952.0	2029.0	797.0	31.1	32.4	43.9	48.6
2012-12-04	23194.0	17536.0	1890.0	3064.0	20166.0	2270.0	814.0	36.3	38.4	48.5	55.2
2012-12-11	24856.0	18839.0	2157.0	3071.0	21479.0	2641.0	915.0	35.1	36.6	46.2	54.2
2012-12-18	26517.0	20649.0	2964.0	3058.0	22081.0	2548.0	1210.0	35.9	33.7	46.0	50.9
2012-12-24	26325.0	20799.0	3499.0	2741.0	21813.0	2570.0	798.0	37.3	35.4	48.1	52.0
2012-12-31	28532.0	22691.0	3149.0	2892.0	24275.0	2652.0	811.0	34.6	35.7	45.8	52.5
2013-01-08	27462.0	20074.0	2920.0	4359.0	23010.0	2413.0	916.0	29.9	38.0	41.6	53.3
2013-01-15	29944.0	21565.0	3438.0	4590.0	24706.0	2822.0	833.0	26.4	33.1	37.5	48.9
2013-01-22	31940.0	23620.0	3533.0	4055.0	26552.0	3224.0	814.0	24.5	35.6	35.3	51.8
2013-01-29	35172.0	27206.0	3577.0	3579.0	29651.0	3365.0	922.0	22.7	36.7	38.7	53.5
2013-02-05	37627.0	28916.0	4111.0	4446.0	31556.0	3447.0	1142.0	21.5	39.0	36.5	55.4
2013-02-12	38763.0	29287.0	3403.0	5094.0	33488.0	3640.0	1130.0	21.2	40.0	35.4	56.3
2013-02-19	38162.0	29523.0	3323.0	4287.0	33142.0	3564.0	909.0	22.7	40.5	38.1	58.2
2013-02-26	34819.0	27464.0	2360.0	3949.0	31018.0	2991.0	1026.0	26.4	41.3	42.1	60.5
2013-03-05	34479.0	27459.0	2585.0	3917.0	30497.0	2711.0	1005.0	28.6	39.1	42.8	57.6
2013-03-12	38141.0	29669.0	2498.0	3998.0	33294.0	3094.0	969.0	25.6	40.1	40.2	57.3
2013-03-19	37671.0	29418.0	2758.0	4003.0	32754.0	2817.0	726.0	26.3	40.5	42.3	57.7
2013-03-26	37808.0	28707.0	2674.0	4891.0	32661.0	2613.0	876.0	25.3	40.7	40.5	57.8
2013-04-02	40010.0	30544.0	2574.0	4974.0	34656.0	2754.0	1042.0	25.6	39.1	40.5	55.5
2013-04-09	38032.0	28212.0	3194.0	5206.0	32096.0	2774.0	902.0	29.4	39.8	42.3	56.1
2013-04-16	36931.0	25047.0	3768.0	7597.0	30013.0	2118.0	981.0	33.6	40.1	48.7	55.1
2013-04-23	35716.0	24012.0	4301.0	7800.0	28021.0	1637.0	1127.0	33.5	38.3	48.1	52.8
2013-04-30	36193.0	23681.0	4231.0	8412.0	28565.0	1908.0	1205.0	34.2	36.6	48.8	50.5
2013-05-07	35922.0	23608.0	4309.0	8377.0	28342.0	1785.0	1119.0	32.4	36.5	47.8	50.8
2013-05-14	36906.0	23520.0	2793.0	9030.0	30811.0	2373.0	1319.0	30.3	36.1	44.8	51.5
2013-05-21	36735.0	23744.0	2363.0	8833.0	31498.0	2169.0	885.0	28.2	35.2	42.5	49.8
2013-05-28	37666.0	24960.0	3378.0	8199.0	31196.0	2386.0	971.0	29.2	34.8	41.8	50.5
2013-06-04	36364.0	25859.0	3373.0	6443.0	30466.0	2352.0	815.0	31.9	36.5	45.5	53.7
2013-06-11	37301.0	26797.0	3329.0	6098.0	31222.0	2507.0	851.0	31.1	35.8	45.4	54.0
2013-06-18	36845.0	26381.0	3641.0	6335.0	30508.0	2084.0	651.0	30.9	37.1	45.2	51.5
2013-06-25	34530.0	23707.0	4171.0	7104.0	27187.0	1673.0	1126.0	32.5	38.4	48.6	52.9
2013-07-02	35142.0	23289.0	4162.0	8183.0	27620.0	1461.0	1151.0	32.6	39.3	50.1	52.9
2013-07-09	34543.0	23803.0	3431.0	7109.0	27774.0	1500.0	1207.0	33.2	39.5	49.8	53.9
2013-07-16	33994.0	23865.0	2193.0	6370.0	28651.0	1578.0	969.0	32.5	40.6	48.7	55.6
2013-07-23	36414.0	26185.0	3027.0	6099.0	30305.0	1924.0	876.0	32.8	37.6	48.6	51.8
2013-07-30	37791.0	27143.0	3321.0	6529.0	31279.0	1938.0	1010.0	33.4	37.0	48.3	51.1
2013-08-06	38182.0	27247.0	2296.0	6729.0	32751.0	2080.0	1009.0	34.3	36.7	48.6	50.5
2013-08-13	39308.0	27989.0	2541.0	6917.0	33769.0	2387.0	983.0	33.0	36.6	47.5	50.3
2013-08-20	39391.0	28418.0	2493.0	6373.0	33960.0	2529.0	867.0	31.7	42.8	46.9	57.0
2013-08-27	37753.0	28143.0	2319.0	5722.0	33076.0	2440.0	910.0	33.2	45.8	49.2	59.5
2013-09-03	35316.0	26422.0	2999.0	5926.0	30507.0	2172.0	1014.0	34.1	47.7	50.3	62.9
2013-09-10	34514.0	25170.0	3135.0	6466.0	29269.0	1936.0	1168.0	36.7	46.2	53.1	63.1
2013-09-17	34825.0	25648.0	3725.0	6341.0	28787.0	1745.0	1222.0	37.4	44.9	54.0	62.5
2013-09-24	35410.0	26348.0	2881.0	6091.0	30065.0	1743.0	1236.0	37.7	45.1	54.7	63.3
2013-10-01	35689.0	26633.0	2516.0	6028.0	30757.0	1786.0	1174.0	37.3	45.2	53.9	63.1
2013-10-08	36267.0	26212.0	2719.0	7036.0	30928.0	1692.0	1293.0	36.0	44.6	52.9	62.0
2013-10-15	36477.0	26389.0	3389.0	7174.0	30598.0	1681.0	1257.0	35.7	43.7	52.7	61.0
2013-10-22	37936.0	28023.0	2624.0	6422.0	32973.0	2184.0	1032.0	33.6	46.7	48.7	64.7
2013-10-29	38956.0	29079.0	2857.0	6488.0	33890.0	2108.0	928.0	32.8	46.1	48.2	63.6
2013-11-05	40147.0	29095.0	2874.0	7017.0	34343.0	2155.0	1050.0	31.4	44.7	45.5	61.2
2013-11-12	41464.0	30787.0	3126.0	6506.0	35330.0	2246.0	1083.0	30.2	42.6	44.2	58.4
2013-11-19	38152.0	27657.0	3330.0	6502.0	31879.0	2078.0	1028.0	33.4	44.8	47.0	62.8
2013-11-26	36338.0	25349.0	3124.0	7969.0	31074.0	2003.0	1123.0	35.7	46.5	49.3	64.4
2013-12-03	35385.0	24900.0	3093.0	7787.0	30344.0	1869.0	1119.0	37.5	47.0	51.4	65.5
2013-12-10	36051.0	24497.0	2709.0	8184.0	31112.0	2014.0	874.0	34.4	46.7	47.4	65.1
2013-12-17	36789.0	24100.0	3645.0	9671.0	31051.0	1979.0	1054.0	35.2	46.5	48.8	64.4
2013-12-24	37782.0	22705.0	5520.0	11831.0	29982.0	2153.0	1187.0	34.5	41.8	47.4	59.4
2014-01-07	38773.0	24133.0	4862.0	11432.0	31761.0	2031.0	973.0	33.3	41.8	45.9	59.4
2014-01-14	38643.0	24766.0	4406.0	10483.0	32144.0	2169.0	868.0	33.6	42.7	46.2	60.5
2014-01-21	39226.0	26371.0	4375.0	9226.0	32672.0	2274.0	824.0	33.6	42.6	46.1	60.1
2014-01-28	39495.0	24853.0	5148.0	11055.0	31933.0	2175.0	1002.0	34.9	40.8	48.9	57.9
2014-02-04	39256.0	23905.0	6492.0	12020.0	30132.0	1982.0	1283.0	37.4	38.2	51.7	55.1
2014-02-11	40276.0	24385.0	7449.0	12215.0	30173.0	2375.0	1353.0	37.0	35.1	49.3	51.6
2014-02-18	40436.0	23454.0	6126.0	13008.0	31533.0	2282.0	1085.0	36.2	35.5	49.8	52.2
2014-02-25	41410.0	23902.0	5972.0	13012.0	32547.0	2608.0	1003.0	35.5	38.0	49.0	54.1
2014-03-04	40300.0	27624.0	5741.0	8691.0	32121.0	2362.0	815.0	35.5	34.4	46.7	51.4
2014-03-11	41579.0	29883.0	6575.0	7424.0	32627.0	2905.0	1010.0	33.1	34.8	45.9	51.2
2014-03-18	42334.0	30304.0	6994.0	7498.0	32856.0	3075.0	1027.0	31.6	36.1	44.5	52.2
2014-03-25	42454.0	30065.0	7466.0	7638.0	32680.0	3426.0	983.0	30.7	35.5	41.2	52.0
2014-04-01	40974.0	28925.0	6628.0	7482.0	32148.0	3335.0	966.0	30.7	37.1	41.7	54.4
2014-04-08	41129.0	27478.0	5628.0	9172.0	33208.0	3223.0	1037.0	29.9	35.0	40.9	52.7
2014-04-15	41882.0	27949.0	5370.0	9397.0	34332.0	3375.0	1019.0	28.2	34.1	39.8	51.7
2014-04-22	42478.0	27500.0	4910.0	9950.0	34574.0	2993.0	959.0	27.3	35.5	39.3	52.0
2014-04-29	43087.0	28022.0	4803.0	9841.0	35230.0	3272.0	1102.0	25.8	35.5	37.5	51.3
2014-05-06	44208.0	28046.0	5400.0	10590.0	35365.0	3423.0	1294.0	24.5	34.7	37.1	49.9
2014-05-13	44496.0	27875.0	5903.0	11260.0	35256.0	3301.0	1277.0	26.0	36.5	38.1	50.8
2014-05-20	43517.0	28039.0	6218.0	10691.0	34485.0	3257.0	1284.0	26.7	35.0	39.8	50.1
2014-05-27	42575.0	29434.0	5846.0	8766.0	34309.0	3301.0	1346.0	27.3	36.3	40.3	50.7
2014-06-03	41058.0	30066.0	6357.0	7291.0	32926.0	3123.0	1197.0	26.8	36.3	41.5	54.3
2014-06-10	40873.0	29426.0	6403.0	7519.0	32636.0	3260.0	1166.0	26.4	36.3	39.1	55.4
2014-06-17	39133.0	28132.0	6644.0	6996.0	30961.0	3514.0	1037.0	29.5	35.5	40.4	54.6
2014-06-24	39594.0	29064.0	6283.0	6549.0	31882.0	3450.0	898.0	28.3	34.5	42.1	54.5
2014-07-01	40545.0	29569.0	6196.0	6810.0	32944.0	3600.0	839.0	27.1	34.3	41.0	53.9
2014-07-08	42409.0	30392.0	6294.0	7503.0	34122.0	3611.0	1090.0	24.4	32.6	38.2	50.8
2014-07-15	43571.0	31170.0	6425.0	8011.0	34977.0	3475.0	1254.0	23.4	32.3	38.3	50.0
2014-07-22	44696.0	31853.0	6439.0	8477.0	36215.0	3460.0	1136.0	23.4	33.6	38.3	50.3
2014-07-29	45440.0	32666.0	6593.0	8360.0	36541.0	3526.0	1418.0	24.0	34.1	37.6	50.9
2014-08-05	44360.0	31787.0	7980.0	8512.0	34468.0	3203.0	1054.0	27.5	36.1	39.5	52.7
2014-08-12	44458.0	30852.0	7492.0	9168.0	34803.0	3540.0	1265.0	27.3	37.1	38.9	53.4
2014-08-19	44268.0	31987.0	3996.0	7818.0	38132.0	3526.0	1203.0	27.7	38.9	39.9	51.8
2014-08-26	43254.0	32017.0	3835.0	6661.0	37248.0	3662.0	1257.0	28.2	40.4	41.3	54.3
2014-09-02	43891.0	33043.0	4461.0	6458.0	37508.0	3597.0	1129.0	27.7	40.4	41.7	54.0
2014-09-09	43493.0	33865.0	3775.0	5456.0	37812.0	3389.0	1123.0	29.9	40.9	43.7	53.7
2014-09-16	40182.0	32135.0	2630.0	4610.0	36212.0	3141.0	1044.0	37.9	43.2	51.4	57.4
2014-09-23	34683.0	26149.0	3964.0	5091.0	29226.0	3039.0	1089.0	37.3	42.8	47.9	57.7
2014-09-30	34238.0	25533.0	4611.0	5240.0	27964.0	2874.0	1072.0	38.2	42.0	49.3	57.1
2014-10-07	33468.0	25934.0	3981.0	4339.0	27677.0	2629.0	1244.0	38.9	40.2	49.7	56.9
2014-10-14	33753.0	25684.0	3725.0	4646.0	28239.0	2704.0	1070.0	37.6	41.2	47.7	57.9
2014-10-21	32790.0	24455.0	3814.0	4865.0	26985.0	2583.0	1104.0	38.7	41.4	49.5	58.5
2014-10-28	33590.0	24373.0	3789.0	5774.0	27682.0	2473.0	1149.0	36.8	42.7	48.7	58.8
2014-11-04	33802.0	24411.0	2939.0	5600.0	28374.0	2370.0	1068.0	36.4	40.6	47.3	56.2
2014-11-11	35085.0	24648.0	3372.0	6727.0	29184.0	2421.0	1240.0	34.5	38.2	44.2	53.0
2014-11-18	34676.0	23278.0	3521.0	7488.0	28428.0	2331.0	1148.0	34.9	37.5	43.3	52.2
2014-11-25	32990.0	24438.0	3206.0	5830.0	28345.0	2288.0	1005.0	37.0	41.9	45.7	57.2
2014-12-02	31534.0	24102.0	3337.0	5022.0	26836.0	2025.0	976.0	37.8	40.8	47.7	56.6
2014-12-09	31820.0	24459.0	3744.0	4834.0	26889.0	2210.0	870.0	37.3	39.5	47.8	55.4
2014-12-16	31974.0	23833.0	4087.0	5707.0	26477.0	1894.0	870.0	36.7	39.5	48.3	55.8
2014-12-23	32482.0	24327.0	3399.0	5684.0	27702.0	1933.0	843.0	34.4	40.7	46.4	57.0
2014-12-30	32946.0	24641.0	3512.0	5702.0	28086.0	2097.0	842.0	33.8	41.1	46.0	57.2
2015-01-06	32665.0	24265.0	3185.0	5531.0	27864.0	2058.0	805.0	33.1	41.8	45.6	58.3
2015-01-13	33826.0	25060.0	3870.0	5446.0	28003.0	2270.0	903.0	32.7	41.5	44.1	57.9
2015-01-20	34518.0	25210.0	4951.0	5986.0	27085.0	2198.0	1358.0	33.8	39.6	45.0	53.7
2015-01-27	34098.0	24917.0	5397.0	6087.0	26236.0	2048.0	1419.0	34.4	38.1	45.9	52.4
2015-02-03	33952.0	23941.0	5041.0	6819.0	26502.0	1925.0	1142.0	32.3	41.0	44.6	55.1
2015-02-10	33778.0	23429.0	5373.0	7015.0	25785.0	1938.0	1224.0	32.9	40.5	45.5	54.8
2015-02-17	34191.0	23928.0	5236.0	7037.0	26616.0	1965.0	1078.0	32.0	40.0	44.1	54.3
2015-02-24	32998.0	24025.0	4762.0	6288.0	26492.0	2040.0	1099.0	32.7	42.5	45.6	57.7
2015-03-03	32935.0	25100.0	3878.0	4923.0	27628.0	2351.0	868.0	28.3	44.9	43.3	59.0
2015-03-10	32909.0	25375.0	3738.0	4847.0	27678.0	2086.0	892.0	28.5	45.5	44.2	59.7
2015-03-17	31255.0	23719.0	4546.0	5196.0	25077.0	1703.0	995.0	30.2	44.9	43.7	59.1
2015-03-24	30935.0	23232.0	4920.0	5741.0	24648.0	1687.0	1092.0	29.5	46.3	44.1	59.9
2015-03-31	31497.0	23514.0	7748.0	6191.0	21640.0	1472.0	1789.0	33.3	42.2	48.1	54.2
2015-04-07	31602.0	23474.0	7410.0	6107.0	22264.0	1579.0	1486.0	34.4	42.6	47.0	56.0
2015-04-14	31666.0	23383.0	6314.0	5933.0	23065.0	1499.0	1436.0	34.2	42.1	47.3	55.6
2015-04-21	32073.0	22622.0	5191.0	6969.0	24467.0	1481.0	1414.0	32.9	42.1	45.2	54.0
2015-04-28	32578.0	23304.0	5251.0	6735.0	24858.0	1515.0	1445.0	32.1	40.4	44.4	52.5
2015-05-05	32470.0	22975.0	4354.0	6869.0	25799.0	1461.0	1152.0	31.2	41.6	44.5	54.2
2015-05-12	31823.0	22623.0	4637.0	6655.0	24862.0	1269.0	1048.0	31.2	42.2	44.9	55.2
2015-05-19	31484.0	22418.0	5176.0	6401.0	23883.0	1402.0	1162.0	31.5	42.7	45.2	56.2
2015-05-26	30284.0	22574.0	4791.0	5946.0	23757.0	1437.0	1409.0	32.8	42.0	47.6	56.7
2015-06-02	29149.0	23178.0	6359.0	4507.0	21162.0	1259.0	1423.0	34.6	41.6	50.2	55.5
2015-06-09	32282.0	25111.0	10841.0	5481.0	19458.0	1428.0	1721.0	33.9	36.0	48.8	52.7
2015-06-16	33684.0	25801.0	13490.0	6078.0	18197.0	1538.0	1730.0	33.1	33.2	46.9	51.1
2015-06-23	34821.0	25359.0	15487.0	7554.0	16662.0	1501.0	2265.0	33.5	30.4	45.1	49.4
2015-06-30	37100.0	26460.0	17716.0	8395.0	16496.0	1541.0	2184.0	34.4	30.6	47.0	48.7
2015-07-07	36192.0	24616.0	17269.0	9288.0	16111.0	1606.0	2130.0	36.1	30.6	48.1	47.5
2015-07-14	36205.0	24152.0	17140.0	9545.0	16311.0	1635.0	1881.0	36.9	29.3	49.2	45.6
2015-07-21	36428.0	23083.0	17037.0	10523.0	16277.0	1633.0	1925.0	37.0	28.4	50.5	44.5
2015-07-28	37021.0	22959.0	17367.0	11190.0	16482.0	1510.0	1810.0	36.7	27.5	51.1	43.7
2015-08-04	37485.0	22844.0	18245.0	11311.0	15517.0	1601.0	1994.0	36.2	27.3	50.5	43.4
2015-08-11	36928.0	22648.0	17912.0	10615.0	15182.0	1639.0	1808.0	36.8	28.8	51.0	45.1
2015-08-18	36028.0	22934.0	16963.0	9648.0	15576.0	1635.0	1678.0	36.9	28.8	51.5	45.2
2015-08-25	31134.0	18409.0	14118.0	10139.0	14130.0	1617.0	1917.0	44.4	30.6	55.8	45.1
2015-09-01	28619.0	19140.0	13324.0	7495.0	12956.0	1373.0	1728.0	45.5	32.7	64.1	46.8
2015-09-08	27515.0	18551.0	13130.0	7304.0	12197.0	1157.0	1685.0	45.2	31.0	64.7	45.2
2015-09-15	27693.0	18742.0	13632.0	7150.0	11841.0	1317.0	1736.0	43.5	30.7	63.0	44.4
2015-09-22	27147.0	18492.0	12097.0	6908.0	12598.0	1302.0	2007.0	43.6	30.5	63.3	43.0
2015-09-29	26595.0	18610.0	9259.0	6310.0	15390.0	1299.0	1570.0	43.0	30.9	60.4	45.6
2015-10-06	26430.0	18887.0	7042.0	5714.0	17571.0	1484.0	1472.0	40.4	33.7	55.5	47.5
2015-10-13	25558.0	18258.0	6051.0	5468.0	17680.0	1396.0	1391.0	39.4	37.3	54.4	52.4
2015-10-20	25837.0	18606.0	6161.0	5382.0	17872.0	1446.0	1401.0	38.8	37.6	54.0	52.8
2015-10-27	26065.0	19207.0	5919.0	5013.0	18296.0	1379.0	1384.0	36.9	38.0	53.1	54.3
2015-11-03	26826.0	19597.0	6783.0	5317.0	18074.0	1432.0	1489.0	35.9	38.5	53.5	53.9
2015-11-10	27526.0	19410.0	8333.0	6109.0	17168.0	1427.0	1445.0	35.7	33.5	54.3	50.0
2015-11-17	27520.0	17536.0	9139.0	7745.0	16035.0	1508.0	1615.0	32.1	32.2	48.0	49.0
2015-11-24	28418.0	17009.0	10527.0	8879.0	15305.0	2306.0	2362.0	31.1	30.8	45.9	46.9
2015-12-01	26853.0	17655.0	11081.0	7445.0	14037.0	1552.0	1534.0	31.8	31.8	48.0	50.3
2015-12-08	26006.0	17545.0	9866.0	6776.0	14529.0	1486.0	1412.0	31.4	32.9	44.8	51.3
2015-12-15	24428.0	16716.0	9581.0	6108.0	13250.0	1479.0	1472.0	33.1	31.9	46.2	50.0
2015-12-22	23778.0	16451.0	8728.0	5581.0	13272.0	1513.0	1545.0	32.4	33.2	45.0	50.2
2015-12-29	24119.0	16653.0	8909.0	5608.0	13353.0	1600.0	1599.0	31.9	32.8	44.5	49.6
2016-01-05	25036.0	17162.0	10546.0	5817.0	12477.0	1793.0	1749.0	31.2	30.6	43.9	48.5
2016-01-12	27222.0	17319.0	13438.0	7516.0	10780.0	1667.0	2284.0	31.2	26.4	44.7	41.6
2016-01-19	26180.0	17438.0	12360.0	6465.0	11015.0	1474.0	2002.0	31.1	27.3	43.1	42.1
2016-01-26	25779.0	16643.0	12588.0	6611.0	10281.0	1504.0	1889.0	31.6	26.6	44.1	41.9
2016-02-02	26235.0	16855.0	12932.0	6924.0	10446.0	1575.0	1976.0	31.0	27.0	43.5	43.0
2016-02-09	27198.0	17241.0	12057.0	6633.0	11603.0	1442.0	1656.0	30.5	26.5	42.6	40.0
2016-02-16	28117.0	17197.0	11509.0	7457.0	12821.0	1449.0	1773.0	29.8	26.8	41.2	41.5
2016-02-23	28091.0	16049.0	12216.0	8734.0	12003.0	1617.0	2181.0	30.5	27.3	41.3	43.4
2016-03-01	25293.0	15333.0	13076.0	8179.0	10007.0	1385.0	1814.0	33.2	28.1	44.5	46.1
2016-03-08	23425.0	14864.0	9601.0	6741.0	11963.0	1420.0	1461.0	34.3	28.5	46.0	47.2
2016-03-15	22064.0	14001.0	7703.0	6375.0	12708.0	1399.0	1364.0	34.7	31.8	45.7	50.0
2016-03-22	22446.0	14919.0	6719.0	5655.0	14152.0	1531.0	1234.0	33.6	29.2	44.5	46.7
2016-03-29	22670.0	14502.0	7610.0	6371.0	13434.0	1463.0	1292.0	33.5	26.8	44.2	45.2
2016-04-05	22736.0	14295.0	8839.0	6753.0	12149.0	1403.0	1463.0	33.1	26.5	45.3	44.2
2016-04-12	24523.0	14775.0	11886.0	7795.0	10589.0	1358.0	1453.0	30.6	25.1	43.9	43.2
2016-04-19	24352.0	14958.0	11346.0	7364.0	11049.0	1464.0	1391.0	30.8	26.0	42.9	44.9
2016-04-26	22958.0	14520.0	8068.0	5990.0	12739.0	1515.0	1218.0	32.7	27.2	43.1	45.3
2016-05-03	22749.0	14275.0	7080.0	5766.0	13443.0	1640.0	1158.0	32.6	26.2	43.8	43.9
2016-05-10	24651.0	14313.0	7559.0	6866.0	13618.0	1425.0	1427.0	30.0	24.0	39.2	39.8
2016-05-17	24978.0	13855.0	7511.0	7482.0	13827.0	1458.0	1457.0	29.6	22.9	39.8	38.6
2016-05-24	23153.0	12824.0	8682.0	7527.0	11510.0	1468.0	1627.0	32.1	23.0	43.5	40.2
2016-05-31	22341.0	13870.0	9919.0	6890.0	10351.0	1360.0	1850.0	33.2	24.5	45.6	43.0
2016-06-07	23144.0	14921.0	10958.0	6672.0	10315.0	1352.0	1672.0	32.1	24.6	44.1	43.4
2016-06-14	23750.0	15164.0	12281.0	7031.0	9521.0	1394.0	1787.0	31.3	24.9	43.3	41.2
2016-06-21	23998.0	15251.0	13333.0	7115.0	8933.0	1438.0	1538.0	30.8	29.1	44.5	45.0
2016-06-28	21616.0	14032.0	9916.0	5926.0	9909.0	1450.0	1583.0	34.2	31.2	49.1	48.3
2016-07-05	21620.0	14011.0	7581.0	5739.0	12535.0	1651.0	1285.0	33.7	29.8	48.4	47.3
2016-07-12	22949.0	15000.0	6961.0	5653.0	14552.0	1972.0	1112.0	32.0	27.1	45.5	44.5
2016-07-19	23595.0	16557.0	6265.0	4537.0	15845.0	2102.0	1086.0	29.9	28.2	41.4	44.3
2016-07-26	26677.0	19628.0	6173.0	4265.0	18830.0	2363.0	1253.0	26.7	30.1	39.7	45.4
2016-08-02	29287.0	22416.0	7187.0	4071.0	20377.0	2284.0	1207.0	26.8	29.1	42.2	45.9
2016-08-09	30272.0	22727.0	6961.0	4897.0	21423.0	2174.0	1414.0	25.6	29.4	40.4	46.0
2016-08-16	29123.0	21560.0	6337.0	4832.0	21232.0	2388.0	1211.0	25.6	30.6	40.3	47.1
2016-08-23	27809.0	20637.0	5747.0	4309.0	20481.0	2511.0	1229.0	25.7	31.8	40.1	47.9
2016-08-30	25545.0	20052.0	6254.0	3538.0	18178.0	1901.0	1059.0	27.9	32.7	43.7	50.3
2016-09-06	25451.0	19541.0	6289.0	3568.0	18015.0	2151.0	956.0	27.4	32.7	43.2	50.8
2016-09-13	24477.0	18405.0	5538.0	3659.0	16699.0	2182.0	2009.0	26.3	32.6	42.2	48.4
2016-09-20	24674.0	18489.0	5969.0	3433.0	17351.0	2351.0	953.0	25.5	32.1	39.4	49.1
2016-09-27	26048.0	19499.0	5872.0	3669.0	18444.0	2357.0	1209.0	25.2	32.4	40.0	49.3
2016-10-04	27978.0	20944.0	6893.0	4057.0	19224.0	2398.0	1282.0	24.5	31.0	38.9	47.4
2016-10-11	25107.0	19325.0	6886.0	3495.0	16428.0	1920.0	1426.0	26.5	34.1	42.8	48.6
2016-10-18	22997.0	16076.0	6574.0	4518.0	14737.0	2025.0	1308.0	24.4	34.6	38.8	47.6
2016-10-25	21605.0	14185.0	6415.0	5033.0	13402.0	2020.0	1421.0	25.5	32.6	39.6	46.2
2016-11-01	22766.0	13369.0	8400.0	6959.0	12506.0	2101.0	1523.0	23.6	30.1	37.6	43.8
2016-11-08	22296.0	12922.0	6637.0	7099.0	14030.0	1877.0	1231.0	24.8	33.2	38.1	48.5
2016-11-15	23177.0	13937.0	4807.0	6819.0	16770.0	1895.0	1074.0	22.7	30.8	35.4	46.6
2016-11-22	27518.0	17212.0	4845.0	6084.0	19301.0	2243.0	1393.0	20.6	28.6	35.0	40.2
2016-11-29	26153.0	19390.0	5131.0	4527.0	19499.0	2016.0	1303.0	25.5	32.1	40.3	47.9
2016-12-06	27640.0	21391.0	5767.0	3823.0	20411.0	2217.0	1253.0	27.5	30.3	43.0	45.4
2016-12-13	27269.0	20931.0	5792.0	3775.0	19948.0	2189.0	1155.0	27.6	30.0	43.3	46.0
2016-12-20	25156.0	19143.0	4106.0	4029.0	19677.0	1683.0	1072.0	27.8	33.4	45.2	50.5
2016-12-27	24290.0	17962.0	3776.0	4304.0	19258.0	1691.0	923.0	26.6	33.3	43.8	50.8
2017-01-03	24483.0	17830.0	3566.0	4363.0	19650.0	1893.0	870.0	25.2	33.2	41.3	51.4
2017-01-10	26971.0	19911.0	3615.0	4579.0	21902.0	2074.0	1047.0	25.8	35.4	41.0	52.1
2017-01-17	28383.0	21025.0	4632.0	4990.0	22391.0	2069.0	1061.0	25.5	35.9	40.4	51.8
2017-01-24	30826.0	22279.0	4702.0	5057.0	23679.0	2271.0	1226.0	23.4	35.0	37.1	49.8
2017-01-31	28488.0	19402.0	3629.0	5556.0	22311.0	1956.0	974.0	23.4	37.7	38.7	53.5
