2009-10-20	4857.0	1118.0	0.0	2355.0	3196.0	1138.0	1415.0	43.2	26.0	53.0	41.2
2009-10-27	4923.0	1132.0	0.0	2453.0	3139.0	1100.0	1546.0	42.9	25.1	53.2	40.5
2009-11-24	4959.0	657.0	0.0	2939.0	3045.0	1124.0	1675.0	40.9	26.0	52.5	40.9
2009-12-01	5183.0	738.0	0.0	2947.0	3142.0	1161.0	1704.0	39.2	26.2	50.4	41.1
2009-12-08	4949.0	680.0	0.0	2788.0	2963.0	1154.0	1659.0	39.3	27.3	49.3	41.7
2009-12-15	5064.0	681.0	0.0	2675.0	2938.0	1366.0	1784.0	38.3	27.2	48.3	41.2
2009-12-22	5086.0	701.0	0.0	2680.0	2937.0	1356.0	1800.0	38.5	27.2	48.6	41.0
2009-12-29	5102.0	703.0	0.0	2710.0	2937.0	1340.0	1816.0	39.0	27.1	49.1	40.8
2010-01-26	5146.0	660.0	110.0	2583.0	2958.0	1613.0	1788.0	37.3	27.0	46.1	41.6
2010-02-09	4837.0	618.0	151.0	2430.0	2669.0	1504.0	1732.0	35.6	25.6	43.2	38.6
2010-02-16	4928.0	621.0	145.0	2502.0	2960.0	1519.0	1537.0	34.9	25.4	42.5	39.3
2010-02-23	5100.0	680.0	113.0	2770.0	3216.0	1360.0	1481.0	34.7	28.4	44.0	40.8
2010-03-02	4684.0	612.0	118.0	2540.0	2947.0	1254.0	1341.0	33.3	29.2	42.1	40.5
2010-03-09	4702.0	590.0	124.0	2451.0	2898.0	1369.0	1388.0	33.2	29.3	41.5	40.9
2010-03-16	4855.0	628.0	124.0	2494.0	2919.0	1438.0	1517.0	32.6	27.8	41.6	39.2
2010-03-23	4892.0	616.0	124.0	2514.0	2945.0	1461.0	1522.0	32.5	27.8	40.9	39.1
2010-03-30	4936.0	644.0	124.0	2507.0	2945.0	1494.0	1576.0	32.6	27.5	41.0	39.0
2010-04-06	4519.0	538.0	114.0	2350.0	2773.0	1405.0	1406.0	31.0	26.4	38.1	37.0
2010-04-13	4637.0	525.0	164.0	2745.0	2744.0	1141.0	1503.0	31.9	21.9	41.7	32.3
2010-04-20	4652.0	568.0	120.0	2760.0	2719.0	1105.0	1594.0	31.9	22.2	42.3	31.8
2010-04-27	4719.0	547.0	120.0	2843.0	2778.0	1092.0	1584.0	31.2	21.7	41.9	30.6
2010-05-04	4330.0	446.0	112.0	2681.0	2453.0	966.0	1528.0	30.8	21.1	41.5	30.0
2010-05-11	4287.0	422.0	112.0	2658.0	2423.0	956.0	1501.0	29.8	20.7	41.0	29.5
2010-05-18	4349.0	534.0	112.0	2641.0	2584.0	979.0	1458.0	28.4	20.1	40.4	30.4
2010-05-25	4733.0	1001.0	112.0	2539.0	2991.0	1058.0	1495.0	32.7	21.7	46.4	36.5
2010-06-01	4849.0	1053.0	112.0	2572.0	3099.0	1099.0	1513.0	32.7	24.6	47.2	38.5
2010-06-08	4423.0	801.0	104.0	2347.0	2667.0	1182.0	1559.0	32.0	23.2	44.5	37.1
2010-06-15	4453.0	802.0	104.0	2495.0	2785.0	1032.0	1440.0	28.8	22.5	43.7	35.3
2010-06-22	4442.0	794.0	104.0	2417.0	2640.0	1096.0	1563.0	28.3	22.0	43.3	34.7
2010-06-29	4509.0	764.0	104.0	2488.0	2617.0	1122.0	1653.0	27.6	21.5	42.8	33.7
2010-07-06	4091.0	587.0	96.0	2183.0	2156.0	1143.0	1661.0	25.5	21.3	39.1	28.5
2010-07-13	4248.0	595.0	96.0	2294.0	2322.0	1136.0	1607.0	24.2	20.3	37.5	29.0
2010-07-20	4268.0	588.0	96.0	2308.0	2309.0	1146.0	1637.0	24.0	20.4	37.2	28.3
2010-07-27	4416.0	519.0	96.0	2383.0	2362.0	1167.0	1611.0	22.6	20.9	34.3	28.4
2010-08-03	4037.0	344.0	71.0	2270.0	2253.0	1065.0	1355.0	21.4	20.6	32.7	28.9
2010-08-10	4083.0	292.0	83.0	2468.0	2225.0	948.0	1400.0	19.8	18.0	31.4	26.4
2010-08-17	4281.0	286.0	71.0	2651.0	2412.0	957.0	1411.0	22.4	23.4	34.4	30.1
2010-08-24	4527.0	311.0	101.0	2939.0	2696.0	906.0	1359.0	27.3	26.9	40.4	34.0
2010-08-31	4646.0	297.0	114.0	3099.0	2815.0	893.0	1360.0	27.9	28.9	40.4	36.2
2010-09-07	4271.0	237.0	163.0	2912.0	2325.0	821.0	1482.0	32.2	27.1	44.1	34.7
2010-09-14	4280.0	247.0	163.0	2900.0	2316.0	832.0	1500.0	32.4	27.5	44.7	34.9
2010-09-21	4329.0	247.0	136.0	2903.0	2327.0	878.0	1565.0	32.0	26.9	44.4	34.0
2010-09-28	4386.0	227.0	128.0	2989.0	2398.0	846.0	1536.0	32.1	26.9	44.5	33.5
2010-10-05	4036.0	153.0	245.0	2621.0	1930.0	1070.0	1669.0	36.6	28.8	48.5	34.4
2010-10-12	4058.0	153.0	245.0	2637.0	1976.0	1076.0	1645.0	37.1	29.0	48.9	35.1
2010-10-19	4110.0	158.0	234.0	2694.0	1994.0	1044.0	1668.0	37.7	28.2	49.3	34.8
2010-10-26	4126.0	160.0	247.0	2739.0	1978.0	1019.0	1693.0	37.7	28.4	49.8	35.0
2010-11-02	3781.0	158.0	225.0	2396.0	1815.0	1038.0	1552.0	39.7	25.6	49.9	36.1
2010-11-09	3868.0	155.0	150.0	2423.0	1831.0	1039.0	1636.0	39.0	23.1	49.2	33.8
2010-11-16	3914.0	161.0	105.0	2420.0	1833.0	1052.0	1695.0	38.6	22.8	48.6	32.2
2010-11-23	4112.0	146.0	185.0	2587.0	1831.0	1078.0	1795.0	40.7	24.0	51.5	34.0
2010-11-30	4177.0	146.0	150.0	2626.0	1840.0	1069.0	1851.0	41.2	23.2	51.8	33.0
2011-04-26	3955.0	197.0	618.0	2245.0	1831.0	1301.0	1294.0	35.1	33.1	45.4	44.4
2011-05-03	3747.0	264.0	648.0	1958.0	1624.0	1206.0	1156.0	34.5	34.5	43.8	44.0
2011-05-10	3798.0	331.0	639.0	1916.0	1653.0	1239.0	1194.0	33.9	34.4	43.9	43.9
2011-05-17	3818.0	295.0	644.0	1952.0	1635.0	1259.0	1227.0	33.7	33.0	42.0	42.4
2011-05-24	4030.0	211.0	683.0	2186.0	1749.0	1275.0	1240.0	30.5	32.1	40.9	41.1
2012-08-07	3346.0	420.0	817.0	2371.0	2054.0	470.0	390.0	72.1	51.2	74.8	69.3
2012-08-14	3344.0	420.0	817.0	2371.0	2054.0	468.0	388.0	72.1	51.0	74.8	69.3
2012-08-21	3355.0	420.0	824.0	2381.0	2048.0	469.0	398.0	71.9	51.0	74.8	69.2
2012-08-28	3358.0	420.0	824.0	2381.0	2051.0	472.0	398.0	71.8	51.0	74.7	69.2
2012-09-04	3352.0	420.0	824.0	2381.0	2024.0	466.0	419.0	72.0	51.1	74.8	68.5
