2009-12-22	58588.0	0.0	0.0	58588.0	58246.0	0.0	342.0	73.5	77.6	85.4	89.5
2009-12-29	58588.0	0.0	0.0	58588.0	58246.0	0.0	342.0	73.5	77.6	85.4	89.5
2010-01-05	55508.0	0.0	0.0	55508.0	55166.0	0.0	342.0	79.8	79.2	91.2	94.1
2010-01-12	55766.0	0.0	0.0	55766.0	55424.0	0.0	342.0	79.4	78.8	91.2	94.1
2010-01-19	57466.0	0.0	0.0	57466.0	57124.0	0.0	342.0	78.7	76.5	91.4	92.8
2010-01-26	57466.0	0.0	0.0	57466.0	57124.0	0.0	342.0	78.7	76.5	91.4	92.8
2010-02-02	54866.0	0.0	0.0	54866.0	54544.0	0.0	322.0	77.9	75.9	92.3	93.4
2010-02-09	54866.0	0.0	0.0	54866.0	54544.0	0.0	322.0	77.9	75.9	92.3	93.4
2010-02-16	54866.0	0.0	0.0	54866.0	54544.0	0.0	322.0	77.9	75.9	92.3	93.4
2010-02-23	54866.0	0.0	0.0	54866.0	54544.0	0.0	322.0	77.9	75.9	92.3	93.4
2010-03-02	51946.0	0.0	0.0	51946.0	51644.0	0.0	302.0	79.2	76.7	93.1	93.9
2010-03-09	55006.0	0.0	0.0	55006.0	54704.0	0.0	302.0	80.3	78.0	93.4	94.3
2010-03-16	55006.0	0.0	0.0	55006.0	54704.0	0.0	302.0	80.3	78.0	93.4	94.3
2010-03-23	58496.0	0.0	0.0	58496.0	58194.0	0.0	302.0	81.5	79.3	93.8	94.6
2010-03-30	58496.0	0.0	0.0	58496.0	58194.0	0.0	302.0	81.5	79.3	93.8	94.6
2010-04-06	56394.0	0.0	0.0	56394.0	56115.0	0.0	279.0	82.4	80.8	95.1	95.4
2010-04-13	56394.0	0.0	0.0	56394.0	56115.0	0.0	279.0	82.4	80.8	95.1	95.4
2010-04-20	59201.0	0.0	0.0	58944.0	59115.0	257.0	86.0	82.8	81.3	94.9	95.2
2010-04-27	59201.0	0.0	0.0	58944.0	59115.0	257.0	86.0	82.8	81.3	94.9	95.2
2010-05-04	56788.0	0.0	0.0	56531.0	56702.0	257.0	86.0	85.5	82.6	96.2	96.7
2010-05-11	56788.0	0.0	0.0	56531.0	56702.0	257.0	86.0	85.5	82.6	96.2	96.7
2010-05-18	58073.0	0.0	0.0	57816.0	57987.0	257.0	86.0	83.6	83.0	95.7	96.8
2010-05-25	58457.0	0.0	0.0	58200.0	58371.0	257.0	86.0	83.0	83.1	95.7	96.7
2010-06-01	55577.0	0.0	0.0	55320.0	55491.0	257.0	86.0	85.1	84.2	96.4	98.1
2010-06-08	55661.0	0.0	0.0	55404.0	55575.0	257.0	86.0	85.1	84.1	96.4	98.0
2010-06-15	55766.0	0.0	0.0	55509.0	55680.0	257.0	86.0	85.2	83.9	96.4	97.8
2010-06-22	56531.0	0.0	0.0	56274.0	56445.0	257.0	86.0	85.4	84.1	96.5	97.8
2010-06-29	56531.0	0.0	0.0	56274.0	56445.0	257.0	86.0	85.4	84.1	96.5	97.8
2010-07-06	53957.0	0.0	0.0	53722.0	53871.0	235.0	86.0	86.3	84.4	96.7	97.9
2010-07-13	55487.0	0.0	0.0	55252.0	55401.0	235.0	86.0	86.6	84.8	96.8	97.9
2010-07-20	55487.0	0.0	0.0	55252.0	55401.0	235.0	86.0	86.6	84.8	96.3	97.9
2010-07-27	55465.0	0.0	0.0	55465.0	55379.0	0.0	86.0	86.7	84.1	96.4	96.9
2010-08-03	52882.0	0.0	0.0	52882.0	52838.0	0.0	44.0	87.7	84.5	97.1	97.0
2010-08-10	52882.0	0.0	0.0	52882.0	52838.0	0.0	44.0	87.7	84.5	97.1	97.0
2010-08-17	52882.0	0.0	0.0	52882.0	52838.0	0.0	44.0	87.7	84.5	97.1	97.0
2010-08-24	55422.0	0.0	0.0	55422.0	55378.0	0.0	44.0	84.7	80.6	95.4	97.2
2010-08-31	55611.0	0.0	0.0	55611.0	55567.0	0.0	44.0	84.4	80.4	95.4	96.8
2010-09-07	52795.0	0.0	0.0	52795.0	52795.0	0.0	0.0	85.9	81.2	95.6	98.0
2010-09-14	53815.0	0.0	0.0	53815.0	53815.0	0.0	0.0	84.3	81.6	95.7	98.0
2010-09-21	53815.0	0.0	0.0	53815.0	53815.0	0.0	0.0	84.3	81.6	95.7	98.0
2010-09-28	53815.0	0.0	0.0	53815.0	53815.0	0.0	0.0	84.3	81.6	95.7	98.0
2010-10-05	50581.0	0.0	0.0	50389.0	50560.0	192.0	21.0	85.8	82.5	96.4	98.3
2010-10-12	50985.0	0.0	0.0	50964.0	50964.0	21.0	21.0	85.2	81.9	95.7	97.6
2010-10-19	51007.0	0.0	0.0	50964.0	50986.0	43.0	21.0	85.1	81.9	95.6	97.6
2010-10-26	51284.0	0.0	0.0	50964.0	51241.0	320.0	43.0	84.7	81.9	95.1	97.5
2010-11-02	49724.0	0.0	510.0	49362.0	49150.0	362.0	64.0	85.4	82.2	94.9	97.1
2010-11-09	49724.0	0.0	510.0	49362.0	49150.0	362.0	64.0	85.4	82.2	94.9	97.1
2010-11-16	49724.0	0.0	510.0	49362.0	49150.0	362.0	64.0	85.4	82.2	94.9	97.1
2010-11-23	50001.0	0.0	510.0	49491.0	49405.0	510.0	86.0	84.9	82.2	94.4	97.0
2010-11-30	51732.0	0.0	510.0	51222.0	51136.0	510.0	86.0	84.8	79.5	93.9	95.7
2010-12-07	48516.0	0.0	510.0	48006.0	47920.0	510.0	86.0	86.8	80.7	95.1	96.3
2010-12-14	48516.0	0.0	510.0	48006.0	47920.0	510.0	86.0	86.7	80.7	95.0	96.3
2010-12-21	48582.0	0.0	510.0	48072.0	47942.0	510.0	130.0	86.6	80.6	94.8	96.2
2010-12-28	48601.0	0.0	510.0	48091.0	47961.0	510.0	130.0	86.6	80.6	94.8	96.2
2011-01-04	45845.0	0.0	510.0	45335.0	45015.0	510.0	320.0	88.9	80.8	95.9	96.4
2011-01-11	47015.0	0.0	510.0	46505.0	46185.0	510.0	320.0	86.9	78.8	94.7	95.2
2011-01-18	47101.0	0.0	510.0	46591.0	46401.0	510.0	190.0	86.7	79.1	94.5	95.5
2011-01-25	48376.0	0.0	510.0	47866.0	47676.0	510.0	190.0	86.9	79.7	95.9	95.6
2011-02-01	49320.0	0.0	468.0	48831.0	48683.0	489.0	169.0	88.7	76.1	96.2	96.2
2011-02-08	50779.0	0.0	468.0	50290.0	50163.0	489.0	148.0	86.1	76.8	95.2	96.3
2011-02-15	50800.0	0.0	468.0	50311.0	50184.0	489.0	148.0	86.1	76.8	95.2	96.3
2011-02-22	50800.0	0.0	468.0	50311.0	50184.0	489.0	148.0	86.1	76.8	95.2	96.3
2011-03-01	48200.0	0.0	428.0	47731.0	47625.0	469.0	147.0	87.0	78.4	96.1	96.5
2011-03-08	48200.0	0.0	428.0	47731.0	47625.0	469.0	147.0	87.0	78.4	96.1	96.5
2011-03-15	48200.0	0.0	428.0	47731.0	47625.0	469.0	147.0	87.0	78.4	96.1	96.5
2011-03-22	48200.0	0.0	428.0	47731.0	47625.0	469.0	147.0	87.0	78.4	96.1	96.5
2011-03-29	50750.0	0.0	428.0	50281.0	50175.0	469.0	147.0	87.6	79.5	96.3	96.7
2011-04-05	48082.0	0.0	382.0	47636.0	47576.0	446.0	124.0	88.5	80.7	96.6	97.0
2011-04-12	48146.0	0.0	382.0	47700.0	47640.0	446.0	124.0	88.4	80.8	96.6	97.0
2011-04-19	49421.0	0.0	382.0	48975.0	48915.0	446.0	124.0	88.7	78.7	96.7	97.1
2011-04-26	49421.0	0.0	382.0	48975.0	48915.0	446.0	124.0	88.7	78.7	96.7	97.1
2011-05-03	46581.0	0.0	340.0	46156.0	46220.0	425.0	21.0	84.8	80.5	92.5	93.9
2011-05-10	46581.0	0.0	340.0	46156.0	46220.0	425.0	21.0	84.8	80.5	92.5	93.9
2011-05-17	46581.0	0.0	340.0	46156.0	46220.0	425.0	21.0	84.8	80.5	92.5	93.9
2011-05-24	47156.0	0.0	340.0	46731.0	46795.0	425.0	21.0	84.9	80.7	92.6	94.0
2011-05-31	47156.0	0.0	340.0	46731.0	46795.0	425.0	21.0	84.9	80.7	92.6	94.0
2011-06-07	45867.0	0.0	298.0	45463.0	45569.0	404.0	0.0	83.4	82.3	91.6	94.6
2011-06-14	45931.0	0.0	298.0	45527.0	45633.0	404.0	0.0	83.3	82.4	91.6	94.6
2011-06-21	45970.0	0.0	298.0	45566.0	45672.0	404.0	0.0	83.2	82.3	91.6	94.6
2011-06-28	46565.0	0.0	298.0	46161.0	46267.0	404.0	0.0	82.5	81.2	90.4	93.4
2011-07-05	46893.0	0.0	254.0	46511.0	46639.0	382.0	0.0	83.1	83.1	90.8	93.8
2011-07-12	46914.0	0.0	254.0	46532.0	46660.0	382.0	0.0	83.1	83.1	90.8	93.8
2011-07-19	46955.0	0.0	254.0	46573.0	46701.0	382.0	0.0	83.0	83.1	90.8	93.8
2011-07-26	46955.0	0.0	369.0	46573.0	46586.0	382.0	0.0	83.0	82.8	90.8	93.8
2011-08-02	45365.0	0.0	398.0	45003.0	44712.0	362.0	255.0	82.2	83.6	91.2	93.8
2011-08-09	45409.0	0.0	398.0	45047.0	44756.0	362.0	255.0	82.1	83.6	91.2	93.8
2011-08-16	45451.0	0.0	398.0	45089.0	44798.0	362.0	255.0	82.0	83.6	91.2	93.8
2011-08-23	50635.0	0.0	398.0	50273.0	49898.0	362.0	339.0	74.6	80.0	85.6	89.2
2011-08-30	50656.0	0.0	398.0	50294.0	49919.0	362.0	339.0	74.6	80.0	85.6	89.2
2011-09-06	51329.0	2382.0	0.0	48695.0	51161.0	84.0	0.0	69.7	77.1	83.7	89.3
2011-09-13	51351.0	2382.0	0.0	48717.0	51183.0	84.0	0.0	69.7	77.1	83.7	89.3
2011-09-20	53517.0	2277.0	0.0	50883.0	53244.0	84.0	0.0	69.3	77.8	83.3	89.5
2011-09-27	53644.0	2193.0	0.0	51010.0	53287.0	84.0	0.0	69.1	77.7	82.9	89.4
2011-10-04	51441.0	2235.0	0.0	48828.0	51126.0	63.0	0.0	68.3	78.3	82.8	89.5
2011-10-11	53033.0	2235.0	0.0	50420.0	52718.0	63.0	0.0	66.3	78.8	80.5	89.7
2011-10-18	54633.0	2235.0	0.0	52020.0	54297.0	63.0	21.0	66.7	78.9	80.6	89.6
2011-10-25	54655.0	2151.0	0.0	52042.0	54235.0	63.0	21.0	66.7	78.9	80.4	89.5
2011-11-01	52219.0	0.0	0.0	52177.0	52219.0	42.0	0.0	66.3	80.0	81.0	89.9
2011-11-08	53494.0	0.0	0.0	53452.0	53494.0	42.0	0.0	67.1	80.5	81.5	90.1
2011-11-15	55026.0	0.0	0.0	54832.0	55026.0	194.0	0.0	67.6	80.6	81.3	90.0
2011-11-22	62841.0	0.0	0.0	62799.0	62841.0	42.0	0.0	69.7	74.3	83.9	89.9
2011-11-29	65411.0	0.0	0.0	65369.0	65411.0	42.0	0.0	67.0	75.3	81.8	90.3
2011-12-06	63247.0	0.0	0.0	63226.0	63247.0	21.0	0.0	66.7	75.8	82.1	90.8
2011-12-13	67432.0	0.0	0.0	67411.0	67432.0	21.0	0.0	68.6	77.2	83.2	91.3
2011-12-20	68921.0	0.0	0.0	68900.0	68921.0	21.0	0.0	68.2	77.8	83.0	91.8
2011-12-27	69029.0	0.0	0.0	69008.0	69029.0	21.0	0.0	68.0	77.8	83.0	91.7
2012-01-03	67015.0	0.0	0.0	67015.0	67015.0	0.0	0.0	68.2	78.2	83.4	92.0
2012-01-10	69771.0	0.0	0.0	69771.0	69771.0	0.0	0.0	69.5	78.7	84.1	92.3
2012-01-17	69919.0	0.0	0.0	69919.0	69919.0	0.0	0.0	69.6	78.6	84.1	92.3
2012-01-24	70359.0	0.0	0.0	70359.0	70359.0	0.0	0.0	69.1	78.6	83.6	92.3
2012-01-31	70379.0	0.0	0.0	70379.0	70379.0	0.0	0.0	69.1	78.6	83.6	92.3
2012-02-07	69053.0	0.0	0.0	69053.0	69053.0	0.0	0.0	70.1	79.3	83.9	92.3
2012-02-14	69565.0	0.0	0.0	69565.0	69565.0	0.0	0.0	69.3	79.1	83.4	92.0
2012-02-21	69565.0	0.0	0.0	69565.0	69565.0	0.0	0.0	69.3	79.1	83.4	92.0
2012-02-28	69585.0	0.0	0.0	69585.0	69585.0	0.0	0.0	69.3	79.1	83.4	91.7
2012-03-06	66156.0	0.0	0.0	66156.0	66156.0	0.0	0.0	70.0	79.7	84.0	91.7
2012-03-13	66564.0	0.0	0.0	66564.0	66564.0	0.0	0.0	70.2	79.8	84.1	91.7
2012-03-20	66730.0	0.0	0.0	66730.0	66730.0	0.0	0.0	70.0	79.6	83.9	91.7
2012-03-27	67778.0	0.0	0.0	67778.0	67778.0	0.0	0.0	70.2	79.6	84.0	91.7
2012-04-03	64456.0	0.0	0.0	64456.0	64456.0	0.0	0.0	70.5	79.8	84.0	92.1
2012-04-10	65885.0	0.0	0.0	65885.0	65885.0	0.0	0.0	71.2	80.0	84.4	92.0
2012-04-17	66140.0	0.0	0.0	66140.0	66140.0	0.0	0.0	70.9	79.7	84.0	92.0
2012-04-24	66185.0	0.0	0.0	66185.0	66185.0	0.0	0.0	70.8	79.7	84.0	92.0
2012-05-01	63372.0	0.0	0.0	63372.0	63372.0	0.0	0.0	71.3	79.8	84.5	91.9
2012-05-08	63372.0	0.0	0.0	63372.0	63372.0	0.0	0.0	71.3	79.8	84.5	91.9
2012-05-15	63563.0	0.0	0.0	63563.0	63563.0	0.0	0.0	71.3	79.7	84.5	91.7
2012-05-22	63605.0	0.0	0.0	63605.0	63605.0	0.0	0.0	71.3	79.7	84.5	91.7
2012-05-29	63915.0	0.0	0.0	63915.0	63915.0	0.0	0.0	71.5	79.7	84.6	91.7
2012-06-05	61560.0	0.0	0.0	61560.0	61560.0	0.0	0.0	70.6	78.8	83.1	90.2
2012-06-12	61731.0	0.0	0.0	61731.0	61731.0	0.0	0.0	70.4	78.7	83.2	90.1
2012-06-19	61877.0	0.0	0.0	61877.0	61877.0	0.0	0.0	70.1	78.6	82.9	90.0
2012-06-26	61835.0	0.0	0.0	61835.0	61835.0	0.0	0.0	70.0	78.7	82.8	90.1
2012-07-03	58624.0	0.0	0.0	58624.0	58624.0	0.0	0.0	69.9	78.7	82.9	89.8
2012-07-10	58785.0	0.0	0.0	58785.0	58785.0	0.0	0.0	70.0	78.5	82.8	89.5
2012-07-17	58910.0	0.0	0.0	58910.0	58910.0	0.0	0.0	70.0	78.5	82.9	89.4
2012-07-24	58910.0	0.0	0.0	58910.0	58910.0	0.0	0.0	70.0	78.5	82.9	89.4
2012-07-31	58974.0	0.0	0.0	58974.0	58974.0	0.0	0.0	70.0	78.4	82.9	89.4
2012-08-07	55635.0	0.0	0.0	55635.0	55635.0	0.0	0.0	70.4	78.4	83.6	88.9
2012-08-14	56191.0	0.0	0.0	56191.0	56191.0	0.0	0.0	69.7	77.7	82.9	87.9
2012-08-21	56319.0	0.0	0.0	56319.0	56319.0	0.0	0.0	69.7	77.8	83.0	87.9
2012-08-28	56821.0	0.0	0.0	56821.0	56821.0	0.0	0.0	69.4	77.3	82.5	87.4
2012-09-04	53238.0	0.0	0.0	52900.0	53238.0	338.0	0.0	69.8	77.2	83.4	86.7
2012-09-11	53301.0	0.0	0.0	52963.0	53301.0	338.0	0.0	69.9	77.3	83.5	86.8
2012-09-18	53364.0	0.0	0.0	53026.0	53364.0	338.0	0.0	70.0	77.3	83.5	86.7
2012-09-25	58537.0	0.0	0.0	58199.0	58537.0	338.0	0.0	72.6	71.1	85.0	87.4
2012-10-02	55250.0	0.0	0.0	55250.0	55250.0	0.0	0.0	72.9	72.3	85.7	88.3
2012-10-09	55312.0	0.0	0.0	55312.0	55312.0	0.0	0.0	72.9	71.5	85.7	88.3
2012-10-16	55825.0	0.0	0.0	55570.0	55570.0	255.0	255.0	72.7	71.0	85.4	87.6
2012-10-23	56399.0	0.0	0.0	56399.0	56399.0	0.0	0.0	72.0	70.3	84.5	86.7
2012-10-30	57163.0	0.0	0.0	57163.0	57163.0	0.0	0.0	71.0	69.3	84.2	86.0
2012-11-06	52964.0	0.0	0.0	52964.0	52924.0	0.0	40.0	70.8	69.8	85.1	85.5
2012-11-13	52964.0	0.0	0.0	52964.0	52924.0	0.0	40.0	70.8	69.8	85.8	85.5
2012-11-20	54619.0	0.0	0.0	54619.0	54619.0	0.0	0.0	71.5	72.4	86.0	86.9
2012-11-27	54983.0	0.0	0.0	54983.0	54983.0	0.0	0.0	71.2	71.9	85.6	86.8
2012-12-04	53462.0	0.0	0.0	53462.0	53462.0	0.0	0.0	70.3	70.7	84.5	86.3
2012-12-11	54912.0	0.0	0.0	54912.0	54912.0	0.0	0.0	70.8	69.0	84.7	86.9
2012-12-18	55145.0	0.0	0.0	55145.0	55145.0	0.0	0.0	68.5	68.7	84.4	86.5
2012-12-24	55313.0	0.0	0.0	55313.0	55313.0	0.0	0.0	68.3	68.8	84.2	86.6
2012-12-31	55775.0	0.0	0.0	55775.0	55775.0	0.0	0.0	67.7	69.2	83.5	86.8
2013-01-08	51383.0	82.0	0.0	51301.0	51383.0	0.0	0.0	67.6	72.1	84.6	87.6
2013-01-15	51617.0	210.0	0.0	51407.0	51597.0	0.0	20.0	67.3	71.9	84.4	87.6
2013-01-22	52405.0	210.0	0.0	52195.0	52385.0	0.0	20.0	66.3	70.8	83.2	84.7
2013-01-29	52336.0	210.0	0.0	52126.0	52316.0	0.0	20.0	66.4	71.1	82.9	85.0
2013-02-05	48046.0	210.0	0.0	47836.0	48026.0	0.0	20.0	65.0	71.1	82.2	85.1
2013-02-12	48472.0	210.0	0.0	48262.0	48452.0	0.0	20.0	65.3	71.4	82.3	85.2
2013-02-19	48472.0	210.0	0.0	48262.0	48452.0	0.0	20.0	65.3	71.4	82.3	85.2
2013-02-26	48556.0	210.0	0.0	48346.0	48536.0	0.0	20.0	65.2	71.5	82.2	85.4
2013-03-05	44476.0	170.0	0.0	44306.0	44456.0	0.0	20.0	63.9	71.2	81.6	85.4
2013-03-12	44677.0	170.0	0.0	44507.0	44677.0	0.0	0.0	62.9	71.2	80.7	85.2
2013-03-19	44787.0	170.0	0.0	44617.0	44787.0	0.0	0.0	62.7	71.3	80.5	85.2
2013-03-26	46372.0	170.0	0.0	46202.0	46372.0	0.0	0.0	60.6	72.1	79.2	85.7
2013-04-02	42493.0	128.0	0.0	42365.0	42493.0	0.0	0.0	58.7	71.9	78.1	85.7
2013-04-09	42603.0	128.0	0.0	42475.0	42603.0	0.0	0.0	58.6	72.0	77.9	85.7
2013-04-16	42603.0	128.0	0.0	42475.0	42603.0	0.0	0.0	58.6	72.0	77.9	85.7
2013-04-23	42603.0	128.0	0.0	42475.0	42603.0	0.0	0.0	58.6	72.0	77.9	85.7
2013-04-30	42664.0	128.0	0.0	42536.0	42664.0	0.0	0.0	61.0	74.3	80.3	88.1
2013-05-07	38408.0	84.0	0.0	38324.0	38408.0	0.0	0.0	59.5	74.4	80.0	88.4
2013-05-14	39650.0	84.0	0.0	39566.0	39650.0	0.0	0.0	58.2	72.6	78.6	88.8
2013-05-21	40062.0	84.0	0.0	39978.0	40062.0	0.0	0.0	59.0	72.4	79.1	88.4
2013-05-28	40062.0	84.0	0.0	39978.0	40062.0	0.0	0.0	59.0	72.4	79.1	88.4
2013-06-04	36467.0	40.0	0.0	36427.0	36467.0	0.0	0.0	56.3	72.1	78.4	88.9
2013-06-11	36467.0	40.0	0.0	36427.0	36467.0	0.0	0.0	56.3	70.3	78.4	87.1
2013-06-18	36467.0	40.0	0.0	36427.0	36467.0	0.0	0.0	56.3	70.3	78.4	87.1
2013-06-25	36683.0	40.0	0.0	36643.0	36683.0	0.0	0.0	56.0	70.2	78.2	86.9
2013-07-02	33110.0	0.0	0.0	33110.0	33110.0	0.0	0.0	54.7	70.1	78.8	86.1
2013-07-09	33110.0	0.0	0.0	33110.0	33110.0	0.0	0.0	54.7	70.1	78.8	86.1
2013-07-16	33409.0	0.0	0.0	33409.0	33409.0	0.0	0.0	54.5	70.3	79.1	86.7
2013-07-23	33409.0	0.0	0.0	33409.0	33409.0	0.0	0.0	54.5	70.3	79.1	86.7
2013-07-30	33673.0	88.0	88.0	33585.0	33585.0	0.0	0.0	54.6	70.3	79.0	86.5
2013-08-06	34658.0	343.0	443.0	34315.0	34215.0	0.0	0.0	48.1	68.7	73.2	80.8
2013-08-13	34658.0	343.0	443.0	34315.0	34215.0	0.0	0.0	48.1	68.7	73.2	80.8
2013-08-20	34958.0	343.0	443.0	34615.0	34515.0	0.0	0.0	48.0	68.9	72.9	80.7
2013-08-27	34958.0	343.0	443.0	34615.0	34515.0	0.0	0.0	48.0	68.9	72.9	80.7
2013-09-03	30856.0	0.0	355.0	30090.0	30501.0	766.0	0.0	48.4	70.4	74.8	83.9
2013-09-10	31801.0	0.0	355.0	31035.0	31446.0	766.0	0.0	46.6	69.0	75.2	82.8
2013-09-17	32058.0	0.0	355.0	31292.0	31639.0	766.0	64.0	45.7	69.2	74.6	82.8
2013-09-24	32442.0	0.0	355.0	31676.0	32023.0	766.0	64.0	46.2	71.4	74.7	83.8
2013-10-01	28853.0	0.0	355.0	28087.0	28413.0	766.0	85.0	46.7	74.2	77.2	85.0
2013-10-08	28853.0	0.0	355.0	28087.0	28413.0	766.0	85.0	46.7	74.2	77.2	85.0
2013-10-15	29165.0	0.0	355.0	28399.0	28725.0	766.0	85.0	45.7	73.8	76.9	84.6
2013-10-22	29294.0	0.0	355.0	28528.0	28854.0	766.0	85.0	45.4	73.5	77.0	84.7
2013-10-29	29589.0	510.0	610.0	28568.0	28894.0	511.0	85.0	44.9	72.8	76.4	84.0
2013-11-05	27410.0	955.0	1055.0	25944.0	26270.0	511.0	85.0	45.5	73.7	79.0	86.8
2013-11-12	27410.0	955.0	1055.0	25944.0	26270.0	511.0	85.0	45.5	73.7	79.0	86.8
2013-11-19	27835.0	955.0	1055.0	26369.0	26695.0	511.0	85.0	45.1	73.3	78.3	86.8
2013-11-26	27898.0	955.0	1055.0	26432.0	26822.0	511.0	21.0	45.2	73.2	78.4	86.6
2013-12-03	25393.0	955.0	955.0	23927.0	24417.0	511.0	21.0	49.7	77.2	82.1	90.0
2013-12-10	25393.0	955.0	955.0	23927.0	24417.0	511.0	21.0	49.7	77.2	82.1	90.0
2013-12-17	25790.0	955.0	955.0	24324.0	24814.0	511.0	21.0	49.7	77.1	81.5	89.8
2013-12-24	25790.0	955.0	955.0	24324.0	24814.0	511.0	21.0	49.7	77.1	81.5	89.8
2014-01-07	23102.0	955.0	955.0	21636.0	22147.0	511.0	0.0	55.2	83.0	85.9	94.9
2014-01-14	23935.0	955.0	955.0	22469.0	22980.0	511.0	0.0	53.6	80.1	83.1	92.6
2014-01-21	24135.0	955.0	955.0	22669.0	23180.0	511.0	0.0	53.1	80.3	82.9	92.2
2014-01-28	24335.0	955.0	955.0	22869.0	23380.0	511.0	0.0	53.0	80.5	82.6	92.3
2014-02-04	22855.0	845.0	845.0	22010.0	22010.0	0.0	0.0	56.4	78.9	84.7	93.4
2014-02-11	23009.0	845.0	845.0	22164.0	22164.0	0.0	0.0	56.5	79.1	84.8	93.5
2014-02-18	22965.0	845.0	845.0	22120.0	22120.0	0.0	0.0	56.6	79.2	85.0	93.7
2014-02-25	22965.0	845.0	845.0	22120.0	22120.0	0.0	0.0	56.6	79.2	85.0	93.7
2014-03-04	20087.0	745.0	745.0	18873.0	18831.0	469.0	511.0	57.5	81.3	85.8	93.5
2014-03-11	20087.0	745.0	745.0	18873.0	18831.0	469.0	511.0	57.5	81.3	85.8	93.5
2014-03-18	20087.0	745.0	745.0	18873.0	18831.0	469.0	511.0	57.5	81.3	85.8	93.5
2014-03-25	22140.0	745.0	745.0	20926.0	20884.0	469.0	511.0	52.4	83.6	82.7	94.7
2014-04-01	20693.0	640.0	640.0	19605.0	19542.0	448.0	511.0	54.3	83.8	84.6	94.7
2014-04-08	20798.0	640.0	640.0	19710.0	19647.0	448.0	511.0	54.0	83.9	84.7	94.8
2014-04-15	20886.0	640.0	640.0	19798.0	19735.0	448.0	511.0	54.2	83.5	84.8	94.4
2014-04-22	22166.0	640.0	1920.0	21078.0	19735.0	448.0	511.0	51.1	83.0	81.3	94.7
2014-04-29	22911.0	640.0	1920.0	21823.0	20480.0	448.0	511.0	52.7	83.6	81.9	94.9
2014-05-06	21417.0	530.0	1810.0	20887.0	19096.0	0.0	511.0	57.0	81.4	83.5	92.0
2014-05-13	21438.0	530.0	1810.0	20908.0	19117.0	0.0	511.0	57.1	81.3	83.5	92.0
2014-05-20	21779.0	658.0	1810.0	20993.0	19458.0	128.0	511.0	56.6	80.6	82.6	91.1
2014-05-27	21928.0	786.0	1810.0	21014.0	19607.0	128.0	511.0	56.3	80.1	82.2	90.6
2014-06-03	19828.0	681.0	1705.0	19019.0	17612.0	128.0	511.0	59.0	80.6	84.0	90.6
2014-06-10	19828.0	681.0	1705.0	19019.0	17612.0	128.0	511.0	59.0	80.6	84.0	90.6
2014-06-17	19954.0	681.0	1705.0	19145.0	17738.0	128.0	511.0	59.2	80.1	84.1	90.6
2014-06-24	19954.0	681.0	1705.0	19145.0	17738.0	128.0	511.0	59.2	80.1	84.1	90.6
2014-07-01	18088.0	576.0	1600.0	17000.0	15977.0	512.0	511.0	60.5	80.1	84.4	90.6
2014-07-08	18088.0	576.0	1600.0	17000.0	15977.0	512.0	511.0	60.5	80.1	84.4	90.6
2014-07-15	18133.0	576.0	1600.0	17045.0	15958.0	512.0	575.0	60.6	79.9	84.4	90.5
2014-07-22	17895.0	576.0	1600.0	16807.0	15698.0	512.0	597.0	61.4	81.0	85.6	89.9
2014-07-29	18407.0	1088.0	2112.0	16807.0	15698.0	512.0	597.0	59.7	81.5	85.6	90.1
2014-08-05	16537.0	978.0	2046.0	15091.0	13938.0	468.0	553.0	61.2	81.3	85.9	90.0
2014-08-12	16537.0	978.0	2046.0	15091.0	13938.0	468.0	553.0	61.2	81.3	85.9	90.0
2014-08-19	16854.0	978.0	2046.0	15408.0	14255.0	468.0	553.0	61.9	79.8	86.1	90.2
2014-08-26	16854.0	978.0	2046.0	15408.0	14255.0	468.0	553.0	61.9	79.8	86.1	90.2
2014-09-02	15069.0	873.0	1983.0	13770.0	12554.0	426.0	532.0	63.7	79.8	86.4	90.4
2014-09-09	15155.0	873.0	1983.0	13856.0	12640.0	426.0	532.0	63.9	79.3	86.5	90.2
2014-09-16	15155.0	873.0	1983.0	13856.0	12640.0	426.0	532.0	63.9	79.3	86.5	90.2
2014-09-23	15176.0	873.0	1983.0	13877.0	13172.0	426.0	21.0	64.0	79.2	86.5	92.8
2014-09-30	15176.0	873.0	1983.0	13877.0	13172.0	426.0	21.0	64.0	79.2	86.5	92.8
2014-10-07	13328.0	768.0	1920.0	12112.0	11408.0	448.0	0.0	66.2	79.5	86.9	94.2
2014-10-14	13586.0	768.0	1920.0	12434.0	11666.0	384.0	0.0	65.4	78.0	85.7	92.9
2014-10-21	14096.0	1278.0	2430.0	12434.0	11666.0	384.0	0.0	66.7	78.8	86.2	93.2
2014-10-28	14096.0	1278.0	2430.0	12434.0	11666.0	384.0	0.0	66.7	78.8	86.2	93.2
2014-11-04	12338.0	1315.0	2513.0	10685.0	9825.0	338.0	0.0	71.4	79.6	86.5	93.7
2014-11-11	12338.0	1315.0	2513.0	10685.0	9825.0	338.0	0.0	71.4	79.6	86.5	93.7
2014-11-18	12338.0	1315.0	2513.0	10685.0	9825.0	338.0	0.0	71.4	79.6	86.5	93.7
2014-11-25	12338.0	1315.0	2513.0	10685.0	9825.0	338.0	0.0	71.4	79.6	86.5	93.7
2014-12-02	10982.0	1239.0	2475.0	9443.0	8507.0	300.0	0.0	76.7	78.2	89.3	93.9
2014-12-09	11024.0	1239.0	2475.0	9485.0	8549.0	300.0	0.0	76.8	77.9	89.4	93.9
2014-12-16	11024.0	1239.0	2475.0	9485.0	8549.0	300.0	0.0	76.8	77.9	89.4	93.9
2014-12-23	11024.0	1239.0	2475.0	9485.0	8549.0	300.0	0.0	76.8	77.9	89.4	93.9
2014-12-30	11152.0	1239.0	2475.0	9613.0	8677.0	300.0	0.0	75.9	77.0	88.3	92.8
