2009-12-22	946736.0	0.0	0.0	946736.0	946736.0	0.0	0.0	70.7	80.3	87.5	93.4
2009-12-29	955216.0	0.0	0.0	955216.0	955216.0	0.0	0.0	70.0	80.5	87.5	93.4
2010-01-19	906804.0	0.0	0.0	906804.0	906804.0	0.0	0.0	73.2	80.8	91.8	97.3
2010-01-26	906804.0	0.0	0.0	906804.0	906804.0	0.0	0.0	73.2	80.8	91.8	97.3
2010-02-02	847444.0	0.0	0.0	847444.0	847444.0	0.0	0.0	70.2	80.5	90.2	97.7
2010-02-09	847444.0	0.0	0.0	847444.0	847444.0	0.0	0.0	70.2	80.5	90.2	97.7
2010-02-16	847444.0	0.0	0.0	847444.0	847444.0	0.0	0.0	70.2	80.5	90.2	97.7
2010-02-23	847444.0	0.0	0.0	847444.0	847444.0	0.0	0.0	70.2	80.5	90.2	97.7
2010-03-02	798164.0	0.0	0.0	798164.0	798164.0	0.0	0.0	71.3	81.2	90.8	98.0
2010-03-09	851990.0	0.0	0.0	851990.0	851990.0	0.0	0.0	73.2	82.4	91.4	98.1
2010-03-16	851990.0	0.0	0.0	851990.0	851990.0	0.0	0.0	73.2	82.4	91.4	98.1
2010-03-23	899030.0	0.0	0.0	899030.0	899030.0	0.0	0.0	74.6	83.3	91.9	98.2
2010-03-30	899030.0	0.0	0.0	899030.0	899030.0	0.0	0.0	74.6	83.3	91.9	98.2
2010-04-06	851585.0	0.0	0.0	851585.0	851585.0	0.0	0.0	76.1	84.2	92.6	98.5
2010-04-13	851585.0	0.0	0.0	851585.0	851585.0	0.0	0.0	76.1	84.2	92.6	98.5
2010-04-20	903033.0	0.0	0.0	903033.0	903033.0	0.0	0.0	76.9	84.6	92.5	98.1
2010-04-27	917073.0	0.0	0.0	917073.0	917073.0	0.0	0.0	77.3	84.8	92.6	98.1
2010-05-04	878790.0	0.0	0.0	878790.0	878790.0	0.0	0.0	79.7	85.9	93.3	98.5
2010-05-11	878790.0	0.0	0.0	878790.0	878790.0	0.0	0.0	79.7	85.9	93.3	98.5
2010-05-18	878790.0	0.0	0.0	878790.0	878790.0	0.0	0.0	79.7	85.9	93.3	98.5
2010-05-25	878790.0	0.0	0.0	878790.0	878790.0	0.0	0.0	79.7	85.9	93.3	98.5
2010-06-01	817310.0	0.0	0.0	817310.0	817310.0	0.0	0.0	82.5	87.3	95.4	99.4
2010-06-08	817310.0	0.0	0.0	817310.0	817310.0	0.0	0.0	82.5	87.3	95.4	99.4
2010-06-15	817310.0	0.0	0.0	817310.0	817310.0	0.0	0.0	82.5	87.3	95.4	99.4
2010-06-22	831422.0	0.0	0.0	831422.0	831422.0	0.0	0.0	82.8	87.5	95.5	99.4
2010-06-29	833462.0	0.0	0.0	833462.0	833462.0	0.0	0.0	82.8	87.3	95.5	99.2
2010-07-06	791142.0	0.0	0.0	791142.0	791142.0	0.0	0.0	83.9	87.2	95.7	99.2
2010-07-13	819294.0	0.0	0.0	819294.0	819294.0	0.0	0.0	84.4	87.6	95.9	99.2
2010-07-20	819294.0	0.0	0.0	819294.0	819294.0	0.0	0.0	84.4	87.6	95.4	99.2
2010-07-27	820862.0	0.0	0.0	820862.0	820862.0	0.0	0.0	84.3	87.4	95.2	98.7
2010-08-03	771902.0	0.0	0.0	771902.0	771902.0	0.0	0.0	85.8	87.6	95.9	98.9
2010-08-10	771902.0	0.0	0.0	771902.0	771902.0	0.0	0.0	85.8	87.6	95.9	98.9
2010-08-17	771902.0	0.0	0.0	771902.0	771902.0	0.0	0.0	85.8	87.6	95.9	98.9
2010-08-24	818162.0	0.0	0.0	818162.0	818162.0	0.0	0.0	83.6	82.7	93.5	98.9
2010-08-31	818162.0	0.0	0.0	818162.0	818162.0	0.0	0.0	83.6	82.7	93.5	98.9
2010-09-07	771514.0	0.0	0.0	771514.0	771514.0	0.0	0.0	85.8	82.5	94.6	99.4
2010-09-14	790282.0	0.0	0.0	790282.0	790282.0	0.0	0.0	85.0	82.9	94.7	99.4
2010-09-21	813722.0	0.0	0.0	813722.0	813722.0	0.0	0.0	82.5	83.4	93.0	99.4
2010-09-28	814490.0	0.0	0.0	814490.0	814490.0	0.0	0.0	82.4	82.2	91.9	98.2
2010-10-05	763041.0	0.0	0.0	763041.0	763041.0	0.0	0.0	83.8	82.7	92.6	98.1
2010-10-12	763041.0	0.0	0.0	763041.0	763041.0	0.0	0.0	83.8	82.7	92.6	98.1
2010-10-19	764177.0	0.0	0.0	764177.0	764177.0	0.0	0.0	83.7	82.7	92.4	98.1
2010-10-26	764177.0	0.0	0.0	764177.0	764177.0	0.0	0.0	83.7	82.7	92.4	98.1
2010-11-02	732473.0	0.0	9360.0	732473.0	723113.0	0.0	0.0	84.6	82.8	93.0	98.0
2010-11-09	732473.0	0.0	9360.0	732473.0	723113.0	0.0	0.0	84.6	82.8	93.0	98.0
2010-11-16	732473.0	0.0	9360.0	732473.0	723113.0	0.0	0.0	84.6	82.8	93.0	98.0
2010-11-23	733248.0	0.0	9360.0	733248.0	723888.0	0.0	0.0	84.5	82.8	92.9	98.0
2010-11-30	745096.0	0.0	9360.0	745096.0	735736.0	0.0	0.0	83.2	82.1	91.8	96.9
2010-12-07	693487.0	0.0	9360.0	693487.0	684127.0	0.0	0.0	84.8	83.1	93.7	97.3
2010-12-14	694279.0	0.0	9360.0	694279.0	684919.0	0.0	0.0	84.7	83.0	93.6	97.2
2010-12-21	694695.0	0.0	9360.0	694695.0	685335.0	0.0	0.0	84.6	83.0	93.5	97.2
2010-12-28	695838.0	0.0	9360.0	695838.0	686478.0	0.0	0.0	84.5	82.9	93.4	97.2
2011-01-04	638686.0	0.0	9360.0	638686.0	629326.0	0.0	0.0	88.4	84.9	96.4	98.9
2011-01-11	660046.0	0.0	9360.0	660046.0	650686.0	0.0	0.0	86.0	82.1	95.1	98.1
2011-01-18	676918.0	0.0	9360.0	676918.0	667558.0	0.0	0.0	83.8	80.2	92.7	95.7
2011-01-25	705598.0	0.0	14640.0	705598.0	690958.0	0.0	0.0	83.7	80.2	93.7	95.9
2011-02-01	728237.0	0.0	13824.0	728237.0	714413.0	0.0	0.0	85.9	73.9	94.2	94.3
2011-02-08	728597.0	0.0	13824.0	728597.0	714773.0	0.0	0.0	85.9	73.9	94.2	94.3
2011-02-15	728597.0	0.0	13824.0	728597.0	714773.0	0.0	0.0	85.9	73.9	94.2	94.3
2011-02-22	728597.0	0.0	13824.0	728597.0	714773.0	0.0	0.0	85.9	73.9	94.2	94.3
2011-03-01	684285.0	0.0	7840.0	684285.0	676445.0	0.0	0.0	87.3	75.1	95.4	95.0
2011-03-08	685029.0	0.0	7840.0	685029.0	677189.0	0.0	0.0	87.2	75.1	95.4	95.0
2011-03-15	686181.0	0.0	7840.0	686181.0	678341.0	0.0	0.0	87.3	75.1	95.4	95.0
2011-03-22	686181.0	0.0	7840.0	686181.0	678341.0	0.0	0.0	87.3	75.1	95.4	95.0
2011-03-29	770733.0	30560.0	0.0	733101.0	763661.0	0.0	0.0	84.7	78.0	93.9	95.7
2011-04-05	738925.0	31310.0	0.0	701293.0	732603.0	0.0	0.0	84.7	78.0	94.1	95.8
2011-04-12	739701.0	31310.0	0.0	702069.0	733379.0	0.0	0.0	84.6	78.0	94.2	95.8
2011-04-19	763101.0	31310.0	0.0	725469.0	756779.0	0.0	0.0	85.1	75.6	94.3	95.9
2011-04-26	763101.0	31310.0	0.0	725469.0	756779.0	0.0	0.0	85.1	75.6	94.3	95.9
2011-05-03	692459.0	0.0	6322.0	692459.0	686137.0	0.0	0.0	88.3	74.2	96.0	95.7
2011-05-10	693243.0	0.0	6322.0	693243.0	686921.0	0.0	0.0	88.2	74.1	96.0	95.7
2011-05-17	717034.0	0.0	6322.0	717034.0	710712.0	0.0	0.0	85.3	71.8	92.8	92.6
2011-05-24	730330.0	6558.0	0.0	718186.0	724744.0	0.0	0.0	83.7	72.2	91.3	92.7
2011-05-31	730330.0	6558.0	0.0	718186.0	724744.0	0.0	0.0	83.7	72.2	91.3	92.7
2011-06-07	696009.0	7374.0	0.0	683865.0	691239.0	0.0	0.0	83.5	73.0	91.4	92.7
2011-06-14	697209.0	7374.0	0.0	685065.0	692439.0	0.0	0.0	83.4	73.0	91.5	92.6
2011-06-21	697209.0	7374.0	0.0	685065.0	692439.0	0.0	0.0	83.4	73.0	91.5	92.6
2011-06-28	708153.0	7374.0	0.0	696009.0	703383.0	0.0	0.0	83.4	73.3	91.6	92.6
2011-07-05	662889.0	0.0	4770.0	662889.0	658119.0	0.0	0.0	84.9	73.4	92.7	92.2
2011-07-12	663688.0	0.0	4770.0	663688.0	658918.0	0.0	0.0	84.9	73.4	92.7	92.2
2011-07-19	665655.0	0.0	4770.0	665655.0	660885.0	0.0	0.0	84.9	73.5	92.7	92.2
2011-07-26	665655.0	0.0	4770.0	665655.0	660885.0	0.0	0.0	85.1	73.5	92.8	92.2
2011-08-02	632567.0	0.0	5050.0	632567.0	627517.0	0.0	0.0	84.7	73.5	92.3	90.8
2011-08-09	632567.0	0.0	5050.0	632567.0	627517.0	0.0	0.0	84.7	73.5	92.3	90.8
2011-08-16	633335.0	0.0	5050.0	633335.0	628285.0	0.0	0.0	84.7	73.5	92.3	90.8
2011-08-23	746245.0	0.0	22775.0	746245.0	723470.0	0.0	0.0	76.8	68.6	86.1	85.0
2011-08-30	749355.0	0.0	22775.0	749355.0	726580.0	0.0	0.0	76.5	68.5	86.1	85.0
2011-09-06	746005.0	26145.0	0.0	716690.0	742835.0	0.0	0.0	73.1	65.8	84.6	85.2
2011-09-13	746756.0	26145.0	0.0	717441.0	743586.0	0.0	0.0	73.0	65.8	84.6	85.1
2011-09-20	784988.0	26145.0	0.0	755673.0	781818.0	0.0	0.0	72.5	67.4	84.0	85.8
2011-09-27	789359.0	32150.0	0.0	756441.0	788591.0	0.0	0.0	72.1	67.0	84.4	85.3
2011-10-04	756808.0	32918.0	0.0	723890.0	756808.0	0.0	0.0	71.5	67.8	84.5	85.1
2011-10-11	898095.0	32918.0	0.0	865177.0	898095.0	0.0	0.0	68.1	75.4	82.5	87.4
2011-10-18	927487.0	32918.0	0.0	894569.0	927487.0	0.0	0.0	68.5	76.1	82.6	87.4
2011-10-25	927847.0	32918.0	0.0	894929.0	927847.0	0.0	0.0	68.5	76.1	82.7	87.4
2011-11-01	891535.0	0.0	0.0	891535.0	891535.0	0.0	0.0	68.0	77.2	82.7	86.5
2011-11-08	891535.0	0.0	0.0	891535.0	891535.0	0.0	0.0	68.0	77.2	82.7	86.5
2011-11-15	918630.0	0.0	0.0	915871.0	918630.0	2759.0	0.0	68.6	77.6	82.6	86.7
2011-11-22	1052688.0	0.0	0.0	1052688.0	1052688.0	0.0	0.0	70.7	77.6	85.9	88.0
2011-11-29	1053480.0	0.0	0.0	1053480.0	1053480.0	0.0	0.0	70.7	77.6	86.0	88.0
2011-12-06	1029530.0	0.0	0.0	1029530.0	1029530.0	0.0	0.0	67.6	77.9	83.3	86.5
2011-12-13	1070857.0	0.0	0.0	1070857.0	1070857.0	0.0	0.0	68.5	78.6	84.0	86.9
2011-12-20	1084209.0	0.0	0.0	1084209.0	1084209.0	0.0	0.0	68.9	78.9	84.2	87.1
2011-12-27	1084600.0	0.0	0.0	1084600.0	1084600.0	0.0	0.0	68.8	78.9	84.2	87.1
2012-01-03	1048143.0	0.0	0.0	1048143.0	1048143.0	0.0	0.0	68.6	80.0	84.6	88.1
2012-01-10	1077535.0	0.0	0.0	1077535.0	1077535.0	0.0	0.0	69.2	80.4	85.1	88.2
2012-01-17	1083035.0	0.0	0.0	1083035.0	1083035.0	0.0	0.0	68.8	80.1	85.2	87.9
2012-01-24	1097933.0	0.0	0.0	1097933.0	1097933.0	0.0	0.0	69.5	79.0	85.7	87.1
2012-01-31	1097933.0	0.0	0.0	1097933.0	1097933.0	0.0	0.0	69.5	79.0	85.7	87.1
2012-02-07	1067798.0	0.0	0.0	1067798.0	1067798.0	0.0	0.0	71.4	79.7	87.2	87.2
2012-02-14	1078302.0	0.0	0.0	1078302.0	1078302.0	0.0	0.0	70.4	79.4	86.6	86.8
2012-02-21	1078302.0	0.0	0.0	1078302.0	1078302.0	0.0	0.0	70.4	79.4	86.6	86.8
2012-02-28	1079870.0	0.0	0.0	1079870.0	1079870.0	0.0	0.0	70.3	79.3	86.6	86.7
2012-03-06	1039136.0	0.0	0.0	1039136.0	1039136.0	0.0	0.0	71.9	80.1	87.6	87.1
2012-03-13	1046984.0	0.0	0.0	1046984.0	1046984.0	0.0	0.0	72.1	80.2	87.7	87.1
2012-03-20	1046984.0	0.0	0.0	1046984.0	1046984.0	0.0	0.0	72.1	80.2	87.7	87.1
2012-03-27	1065593.0	0.0	0.0	1065593.0	1065593.0	0.0	0.0	72.3	80.2	87.9	87.3
2012-04-03	1024929.0	0.0	0.0	1024929.0	1024929.0	0.0	0.0	73.0	80.7	88.2	87.4
2012-04-10	1034321.0	0.0	0.0	1034321.0	1034321.0	0.0	0.0	72.3	79.9	87.5	87.5
2012-04-17	1041121.0	0.0	0.0	1041121.0	1041121.0	0.0	0.0	72.0	79.6	87.1	87.6
2012-04-24	1046602.0	0.0	0.0	1046602.0	1046602.0	0.0	0.0	71.7	79.3	87.2	87.6
2012-05-01	1015641.0	0.0	0.0	1015641.0	1015641.0	0.0	0.0	71.1	79.5	87.0	88.0
2012-05-08	1024969.0	0.0	0.0	1024969.0	1024969.0	0.0	0.0	70.9	79.2	86.7	87.6
2012-05-15	1025393.0	0.0	0.0	1025393.0	1025393.0	0.0	0.0	70.9	79.2	86.7	87.6
2012-05-22	1026161.0	0.0	0.0	1026161.0	1026161.0	0.0	0.0	70.8	79.2	86.7	87.6
2012-05-29	1026161.0	0.0	0.0	1026161.0	1026161.0	0.0	0.0	70.8	79.2	86.7	87.6
2012-06-05	1003370.0	0.0	0.0	1003370.0	1003370.0	0.0	0.0	69.9	78.3	85.5	86.7
2012-06-12	1003370.0	0.0	0.0	1003370.0	1003370.0	0.0	0.0	69.9	78.3	85.5	86.7
2012-06-19	1005329.0	0.0	0.0	1005329.0	1005329.0	0.0	0.0	69.7	78.3	85.5	86.7
2012-06-26	1003665.0	0.0	0.0	1003665.0	1003665.0	0.0	0.0	69.6	78.4	85.5	86.8
2012-07-03	966448.0	0.0	0.0	966448.0	966448.0	0.0	0.0	69.3	78.5	85.3	87.0
2012-07-10	966448.0	0.0	0.0	966448.0	966448.0	0.0	0.0	69.3	78.5	85.3	87.0
2012-07-17	967623.0	0.0	0.0	967623.0	967623.0	0.0	0.0	69.2	78.4	85.3	86.9
2012-07-24	967623.0	0.0	0.0	967623.0	967623.0	0.0	0.0	69.2	78.4	85.3	86.9
2012-07-31	970143.0	0.0	0.0	970143.0	970143.0	0.0	0.0	69.3	78.2	85.3	86.7
2012-08-07	924039.0	0.0	0.0	924039.0	924039.0	0.0	0.0	69.5	78.2	85.8	86.9
2012-08-14	933563.0	0.0	0.0	933563.0	933563.0	0.0	0.0	68.8	77.5	85.0	87.1
2012-08-21	933563.0	0.0	0.0	933563.0	933563.0	0.0	0.0	68.8	77.5	85.0	87.1
2012-08-28	935546.0	0.0	0.0	935546.0	935546.0	0.0	0.0	68.6	77.4	85.1	86.9
2012-09-04	893481.0	0.0	0.0	893481.0	893481.0	0.0	0.0	68.6	77.4	85.4	87.1
2012-09-11	896513.0	0.0	0.0	896513.0	896513.0	0.0	0.0	67.9	77.1	84.7	86.9
2012-09-18	896897.0	0.0	0.0	896897.0	896897.0	0.0	0.0	67.9	77.2	84.7	86.9
2012-09-25	947713.0	0.0	0.0	947713.0	947713.0	0.0	0.0	69.4	73.0	85.2	86.2
2012-10-02	906113.0	0.0	0.0	906113.0	906113.0	0.0	0.0	69.2	74.0	86.2	87.5
2012-10-09	908489.0	0.0	0.0	908489.0	908489.0	0.0	0.0	69.0	73.8	86.3	87.3
2012-10-16	911928.0	0.0	0.0	911928.0	911928.0	0.0	0.0	68.8	73.6	86.2	87.1
2012-10-23	911928.0	0.0	0.0	911928.0	911928.0	0.0	0.0	68.8	73.6	86.2	87.1
2012-10-30	913853.0	0.0	0.0	913853.0	913853.0	0.0	0.0	68.6	73.5	85.8	86.9
2012-11-06	875069.0	0.0	0.0	875069.0	875069.0	0.0	0.0	68.9	74.3	86.8	87.2
2012-11-13	875069.0	0.0	0.0	875069.0	875069.0	0.0	0.0	68.9	74.3	86.8	87.2
2012-11-20	879141.0	0.0	0.0	879141.0	879141.0	0.0	0.0	69.1	74.0	86.9	86.8
2012-11-27	879141.0	0.0	0.0	879141.0	879141.0	0.0	0.0	69.1	74.0	86.9	86.8
2012-12-04	834103.0	0.0	0.0	834103.0	834103.0	0.0	0.0	68.6	76.1	87.4	87.0
2012-12-11	831127.0	0.0	0.0	831127.0	831127.0	0.0	0.0	68.4	76.4	87.3	86.9
2012-12-18	851822.0	0.0	0.0	851822.0	851822.0	0.0	0.0	58.9	74.5	82.5	84.8
2012-12-24	851822.0	0.0	0.0	851822.0	851822.0	0.0	0.0	58.9	74.6	82.6	84.9
2012-12-31	856918.0	0.0	0.0	856918.0	856918.0	0.0	0.0	58.6	74.2	82.1	84.5
2013-01-08	803366.0	0.0	0.0	803366.0	803366.0	0.0	0.0	57.0	75.4	81.8	84.6
2013-01-15	823629.0	0.0	0.0	823629.0	823629.0	0.0	0.0	55.6	73.6	80.0	85.5
2013-01-22	840957.0	0.0	0.0	840957.0	840957.0	0.0	0.0	54.4	71.5	78.3	84.3
2013-01-29	844813.0	0.0	0.0	844813.0	844813.0	0.0	0.0	54.2	71.7	77.7	84.4
2013-02-05	800486.0	0.0	0.0	800486.0	800486.0	0.0	0.0	51.9	72.6	76.3	84.9
2013-02-12	808358.0	0.0	0.0	808358.0	808358.0	0.0	0.0	52.3	72.8	76.5	85.0
2013-02-19	808358.0	0.0	0.0	808358.0	808358.0	0.0	0.0	52.3	72.8	76.5	85.0
2013-02-26	808358.0	0.0	0.0	808358.0	808358.0	0.0	0.0	52.3	72.8	76.5	85.0
2013-03-05	759430.0	0.0	0.0	759430.0	759430.0	0.0	0.0	50.7	72.8	76.0	84.7
2013-03-12	762006.0	0.0	0.0	762006.0	762006.0	0.0	0.0	49.7	72.8	75.1	84.4
2013-03-19	762006.0	0.0	0.0	762006.0	762006.0	0.0	0.0	49.7	72.8	75.1	84.4
2013-03-26	779276.0	0.0	0.0	779276.0	779276.0	0.0	0.0	48.6	74.7	73.6	84.4
2013-04-02	738036.0	0.0	0.0	738036.0	738036.0	0.0	0.0	47.0	74.4	72.3	83.8
2013-04-09	738036.0	0.0	0.0	738036.0	738036.0	0.0	0.0	47.0	74.4	72.3	83.8
2013-04-16	738036.0	0.0	0.0	738036.0	738036.0	0.0	0.0	47.0	74.4	72.3	83.8
2013-04-23	738036.0	0.0	0.0	738036.0	738036.0	0.0	0.0	47.0	74.4	72.3	83.8
2013-04-30	726474.0	0.0	0.0	726474.0	726474.0	0.0	0.0	50.4	78.3	76.1	87.8
2013-05-07	676890.0	0.0	0.0	676890.0	676890.0	0.0	0.0	50.0	79.2	75.9	89.1
2013-05-14	676890.0	0.0	0.0	676890.0	676890.0	0.0	0.0	50.0	79.2	75.9	89.1
2013-05-21	686690.0	0.0	0.0	686690.0	686690.0	0.0	0.0	51.5	80.4	77.1	90.1
2013-05-28	686690.0	0.0	0.0	686690.0	686690.0	0.0	0.0	51.5	80.4	77.1	90.1
2013-06-04	644746.0	0.0	0.0	644746.0	644746.0	0.0	0.0	50.9	81.8	76.5	90.5
2013-06-11	644746.0	0.0	0.0	644746.0	644746.0	0.0	0.0	50.9	80.0	76.5	90.1
2013-06-18	677881.0	0.0	0.0	677881.0	677881.0	0.0	0.0	48.4	81.3	74.3	90.9
2013-06-25	678273.0	0.0	0.0	678273.0	678273.0	0.0	0.0	48.4	81.3	74.3	90.9
2013-07-02	640210.0	0.0	0.0	640210.0	640210.0	0.0	0.0	48.2	82.5	74.3	91.5
2013-07-09	640210.0	0.0	0.0	640210.0	640210.0	0.0	0.0	48.2	82.5	74.3	91.5
2013-07-16	645282.0	0.0	0.0	645282.0	645282.0	0.0	0.0	47.8	82.2	73.7	91.2
2013-07-23	646098.0	0.0	0.0	646098.0	646098.0	0.0	0.0	47.8	82.1	73.6	91.1
2013-07-30	646098.0	0.0	0.0	646098.0	646098.0	0.0	0.0	47.8	82.1	73.6	91.1
2013-08-06	690644.0	4680.0	4680.0	685964.0	685964.0	0.0	0.0	43.3	82.1	69.4	88.5
2013-08-13	690644.0	4680.0	4680.0	685964.0	685964.0	0.0	0.0	43.3	82.1	69.4	88.5
2013-08-20	693844.0	4680.0	4680.0	689164.0	689164.0	0.0	0.0	43.1	82.2	69.1	88.1
2013-08-27	693844.0	4680.0	4680.0	689164.0	689164.0	0.0	0.0	43.1	82.2	69.1	88.1
2013-09-03	640140.0	4680.0	4680.0	635460.0	635460.0	0.0	0.0	45.2	85.3	70.9	90.8
2013-09-10	651692.0	4680.0	4680.0	647012.0	647012.0	0.0	0.0	44.3	84.1	69.5	90.9
2013-09-17	655158.0	4680.0	4680.0	650478.0	650478.0	0.0	0.0	43.9	84.1	69.0	90.9
2013-09-24	667808.0	4680.0	4680.0	663128.0	663128.0	0.0	0.0	43.8	84.4	68.6	91.1
2013-10-01	617480.0	4680.0	4680.0	612800.0	612800.0	0.0	0.0	46.2	86.0	71.4	92.9
2013-10-08	619485.0	4680.0	4680.0	614805.0	614805.0	0.0	0.0	46.0	86.0	71.2	92.6
2013-10-15	623730.0	4680.0	4680.0	619050.0	619050.0	0.0	0.0	45.6	85.9	70.6	92.1
2013-10-22	627143.0	4680.0	4680.0	622463.0	622463.0	0.0	0.0	45.2	85.9	70.4	92.1
2013-10-29	627942.0	4680.0	4680.0	623262.0	623262.0	0.0	0.0	45.1	85.8	70.3	92.0
2013-11-05	592205.0	4680.0	4680.0	587525.0	587525.0	0.0	0.0	48.4	87.4	73.4	93.4
2013-11-12	592205.0	4680.0	4680.0	587525.0	587525.0	0.0	0.0	48.4	87.4	73.4	93.4
2013-11-19	598125.0	4680.0	4680.0	593445.0	593445.0	0.0	0.0	47.9	87.1	72.9	92.5
2013-11-26	603021.0	4680.0	4680.0	598341.0	598341.0	0.0	0.0	47.5	87.2	72.4	92.5
2013-12-03	556495.0	4680.0	4680.0	551815.0	551815.0	0.0	0.0	51.7	89.1	76.3	94.5
2013-12-10	556495.0	4680.0	4680.0	551815.0	551815.0	0.0	0.0	51.7	89.1	76.3	94.5
2013-12-17	556863.0	4680.0	4680.0	552183.0	552183.0	0.0	0.0	51.7	89.0	76.3	94.4
2013-12-24	556863.0	4680.0	4680.0	552183.0	552183.0	0.0	0.0	51.6	89.0	76.3	94.4
2014-01-07	510351.0	4680.0	4680.0	505671.0	505671.0	0.0	0.0	57.6	91.9	82.0	96.0
2014-01-14	511927.0	4680.0	4680.0	507247.0	507247.0	0.0	0.0	57.4	91.6	82.0	96.0
2014-01-21	516503.0	4680.0	4680.0	511823.0	511823.0	0.0	0.0	56.9	91.7	81.3	96.0
2014-01-28	516503.0	4680.0	4680.0	511823.0	511823.0	0.0	0.0	56.8	91.7	81.3	96.0
2014-02-04	486495.0	4288.0	4288.0	482207.0	482207.0	0.0	0.0	59.2	90.8	82.9	96.8
2014-02-11	489071.0	4288.0	4288.0	484783.0	484783.0	0.0	0.0	58.9	90.8	83.0	96.8
2014-02-18	488335.0	4288.0	4288.0	484047.0	484047.0	0.0	0.0	59.2	91.0	83.2	97.0
2014-02-25	490370.0	4288.0	4288.0	486082.0	486082.0	0.0	0.0	59.0	91.0	82.8	97.0
2014-03-04	438274.0	3936.0	3936.0	434338.0	434338.0	0.0	0.0	59.6	92.0	83.5	97.2
2014-03-11	438274.0	3936.0	3936.0	434338.0	434338.0	0.0	0.0	59.6	92.0	83.5	97.2
2014-03-18	438274.0	3936.0	3936.0	434338.0	434338.0	0.0	0.0	59.6	92.0	83.5	97.2
2014-03-25	476932.0	3936.0	3936.0	472996.0	472996.0	0.0	0.0	53.8	93.2	78.4	96.4
2014-04-01	439027.0	3529.0	3529.0	435498.0	435498.0	0.0	0.0	54.9	92.8	80.3	96.1
2014-04-08	439027.0	3529.0	3529.0	435498.0	435498.0	0.0	0.0	54.9	92.8	80.3	96.1
2014-04-15	440563.0	3529.0	3529.0	437034.0	437034.0	0.0	0.0	55.1	92.5	80.4	96.0
2014-04-22	463883.0	3529.0	26849.0	460354.0	437034.0	0.0	0.0	52.3	91.6	76.3	96.2
2014-04-29	477648.0	3529.0	26849.0	474119.0	450799.0	0.0	0.0	52.1	91.9	77.0	96.3
2014-05-06	445178.0	3161.0	26481.0	442017.0	418697.0	0.0	0.0	55.7	89.4	80.0	94.4
2014-05-13	446330.0	3161.0	26481.0	443169.0	419849.0	0.0	0.0	55.8	89.4	80.1	94.4
2014-05-20	446698.0	3161.0	26481.0	443537.0	420217.0	0.0	0.0	55.8	89.3	80.1	94.4
2014-05-27	451796.0	7883.0	31203.0	443913.0	420593.0	0.0	0.0	55.3	89.4	79.3	94.5
2014-06-03	410564.0	7475.0	30795.0	403089.0	379769.0	0.0	0.0	57.2	88.6	80.5	94.4
2014-06-10	410564.0	7475.0	30795.0	403089.0	379769.0	0.0	0.0	57.2	88.6	80.5	94.4
2014-06-17	413218.0	7475.0	30795.0	405743.0	382423.0	0.0	0.0	57.5	88.0	80.6	94.4
2014-06-24	413218.0	7475.0	30795.0	405743.0	382423.0	0.0	0.0	57.5	88.0	80.6	94.4
2014-07-01	374417.0	6323.0	29643.0	368094.0	344774.0	0.0	0.0	57.9	87.1	80.4	94.2
2014-07-08	374417.0	6323.0	29643.0	368094.0	344774.0	0.0	0.0	57.9	87.1	80.4	94.2
2014-07-15	375577.0	6323.0	29643.0	369254.0	345934.0	0.0	0.0	58.1	86.8	80.5	94.2
2014-07-22	366608.0	6323.0	29643.0	360285.0	336965.0	0.0	0.0	59.5	89.0	82.4	96.5
2014-07-29	371272.0	10987.0	34307.0	360285.0	336965.0	0.0	0.0	58.7	89.1	81.4	96.5
2014-08-05	331288.0	9811.0	33131.0	321477.0	298157.0	0.0	0.0	58.8	88.3	81.2	96.5
2014-08-12	331288.0	9811.0	33131.0	321477.0	298157.0	0.0	0.0	58.8	88.3	81.2	96.5
2014-08-19	331288.0	9811.0	33131.0	321477.0	298157.0	0.0	0.0	58.8	88.3	81.2	96.5
2014-08-26	337054.0	9811.0	33131.0	327243.0	303923.0	0.0	0.0	59.5	87.5	81.5	96.5
2014-09-02	296974.0	8587.0	31907.0	288387.0	265067.0	0.0	0.0	59.7	86.8	81.1	96.3
2014-09-09	299591.0	8587.0	31907.0	291004.0	267684.0	0.0	0.0	60.1	86.2	81.2	96.0
2014-09-16	300373.0	8587.0	31907.0	291786.0	268466.0	0.0	0.0	60.2	86.0	81.3	96.0
2014-09-23	302333.0	8587.0	31907.0	293746.0	270426.0	0.0	0.0	59.9	85.6	80.9	95.5
2014-09-30	302333.0	8587.0	31907.0	293746.0	270426.0	0.0	0.0	59.9	85.6	80.9	95.5
2014-10-07	261629.0	7435.0	30755.0	254194.0	230874.0	0.0	0.0	60.8	84.5	81.5	94.8
2014-10-14	263940.0	7435.0	30755.0	256505.0	233185.0	0.0	0.0	60.7	83.8	81.3	94.0
2014-10-21	270523.0	14018.0	37338.0	256505.0	233185.0	0.0	0.0	59.3	84.2	79.7	94.1
2014-10-28	270931.0	14018.0	37338.0	256913.0	233593.0	0.0	0.0	59.3	84.0	79.7	94.0
2014-11-04	236803.0	17554.0	40874.0	219249.0	195929.0	0.0	0.0	61.3	83.0	82.1	93.3
2014-11-11	236803.0	17554.0	40874.0	219249.0	195929.0	0.0	0.0	61.3	83.0	82.1	93.3
2014-11-18	236803.0	17554.0	40874.0	219249.0	195929.0	0.0	0.0	61.3	83.0	82.1	93.3
2014-11-25	236803.0	17554.0	40874.0	219249.0	195929.0	0.0	0.0	61.3	84.7	82.1	94.4
2014-12-02	195103.0	16303.0	39623.0	178800.0	155480.0	0.0	0.0	68.8	81.9	86.2	93.4
2014-12-09	197822.0	16303.0	39623.0	181519.0	158199.0	0.0	0.0	69.2	81.7	86.4	93.5
2014-12-16	197822.0	16303.0	39623.0	181519.0	158199.0	0.0	0.0	69.2	81.7	86.4	93.5
2014-12-23	197822.0	16303.0	39623.0	181519.0	158199.0	0.0	0.0	69.2	81.7	86.4	93.5
2014-12-30	202061.0	16303.0	39623.0	185758.0	162438.0	0.0	0.0	68.3	80.6	85.1	92.1
2015-08-18	194980.0	4315.0	12160.0	190665.0	182820.0	0.0	0.0	62.2	60.2	74.5	74.6
2015-08-25	198820.0	4315.0	12160.0	194505.0	186660.0	0.0	0.0	62.9	60.9	75.0	75.1
2015-09-01	169691.0	3163.0	9088.0	166528.0	160603.0	0.0	0.0	69.3	57.4	76.7	72.6
2015-09-08	169691.0	3163.0	9088.0	166528.0	160603.0	0.0	0.0	69.3	57.4	76.7	72.6
2015-09-15	197221.0	3163.0	9088.0	194058.0	188133.0	0.0	0.0	59.6	52.1	66.0	63.9
2015-09-22	411428.0	3163.0	9088.0	408265.0	402340.0	0.0	0.0	60.4	65.6	70.6	71.9
2015-09-29	411428.0	3163.0	0.0	408265.0	411428.0	0.0	0.0	60.4	65.6	70.6	71.9
2015-10-06	406492.0	1987.0	0.0	404505.0	406492.0	0.0	0.0	62.0	69.3	73.6	74.3
2015-10-13	411171.0	1987.0	0.0	409184.0	411171.0	0.0	0.0	62.6	69.4	74.0	74.3
2015-10-20	411171.0	1987.0	0.0	409184.0	411171.0	0.0	0.0	62.6	69.4	74.0	74.3
2015-10-27	411171.0	1987.0	0.0	409184.0	411171.0	0.0	0.0	62.6	69.4	74.0	74.3
2015-11-03	401068.0	784.0	0.0	400284.0	401068.0	0.0	0.0	63.9	70.8	75.2	74.9
2015-11-10	449540.0	784.0	0.0	448756.0	449540.0	0.0	0.0	57.7	73.8	76.8	77.2
2015-11-17	449540.0	784.0	0.0	448756.0	449540.0	0.0	0.0	57.7	73.8	76.8	77.2
2015-11-24	455828.0	784.0	0.0	455044.0	455828.0	0.0	0.0	57.3	72.8	74.6	76.1
2016-11-29	1044203.0	816.0	0.0	1043387.0	1044203.0	0.0	0.0	74.8	99.1	95.7	99.3
