2010-02-02	11536.0	472.0	0.0	9712.0	11281.0	1352.0	255.0	45.6	49.9	59.8	63.0
2010-02-09	11536.0	472.0	0.0	9712.0	11281.0	1352.0	255.0	45.6	49.9	59.8	63.0
2010-04-20	10972.0	386.0	0.0	10072.0	10395.0	514.0	577.0	44.8	52.3	58.8	64.6
2010-04-27	10972.0	386.0	0.0	10327.0	10395.0	259.0	577.0	47.1	52.3	61.2	64.6
2010-05-04	10180.0	342.0	0.0	9601.0	9625.0	237.0	555.0	47.1	51.6	60.5	63.7
2010-05-11	10180.0	342.0	0.0	9601.0	9625.0	237.0	555.0	47.1	51.6	60.5	63.7
2010-05-18	11200.0	342.0	0.0	10621.0	10645.0	237.0	555.0	50.1	56.0	64.1	67.0
2010-05-25	11987.0	342.0	0.0	11408.0	11432.0	237.0	555.0	47.4	57.0	60.5	64.0
2010-06-01	11267.0	258.0	0.0	10792.0	10732.0	217.0	535.0	47.0	57.1	59.5	64.4
2010-06-08	11267.0	258.0	0.0	10792.0	10732.0	217.0	535.0	47.0	57.1	59.5	64.4
2010-06-15	11353.0	258.0	0.0	10878.0	10818.0	217.0	535.0	46.7	56.7	59.0	63.9
2010-06-22	11546.0	258.0	0.0	11050.0	10990.0	238.0	556.0	45.9	53.5	58.1	61.7
2010-06-29	11611.0	258.0	0.0	11050.0	11271.0	303.0	340.0	45.7	53.2	57.7	63.3
2010-07-06	10467.0	258.0	0.0	10038.0	10127.0	171.0	340.0	46.0	54.2	58.6	63.0
2010-07-13	10467.0	258.0	0.0	10038.0	10127.0	171.0	340.0	46.0	54.2	58.6	63.0
2010-07-20	10445.0	258.0	0.0	10016.0	10127.0	171.0	318.0	46.1	54.3	58.5	63.1
2010-07-27	10445.0	258.0	0.0	10016.0	10127.0	171.0	318.0	46.1	54.3	58.5	63.1
2010-08-03	9626.0	216.0	0.0	9260.0	9329.0	150.0	297.0	45.9	53.9	58.3	62.3
2010-08-10	9626.0	216.0	0.0	9260.0	9329.0	150.0	297.0	45.9	53.9	58.3	62.3
2010-08-17	10276.0	130.0	564.0	9910.0	9329.0	150.0	297.0	49.3	50.5	60.9	63.7
2010-08-24	9766.0	130.0	564.0	9400.0	8819.0	150.0	297.0	51.9	47.9	64.1	65.2
2010-08-31	9766.0	130.0	564.0	9400.0	8819.0	150.0	297.0	51.9	47.9	64.1	65.2
2010-09-07	11480.0	130.0	608.0	10925.0	10533.0	383.0	297.0	62.7	54.2	71.6	70.9
2010-09-14	11480.0	130.0	608.0	10925.0	10533.0	383.0	297.0	62.7	54.2	71.6	70.9
2010-09-21	11606.0	130.0	608.0	11306.0	10659.0	128.0	297.0	62.0	53.6	72.6	70.1
2010-09-28	11606.0	130.0	608.0	11306.0	10659.0	128.0	297.0	62.0	53.6	72.6	70.1
2010-10-05	10787.0	130.0	650.0	10571.0	9882.0	86.0	255.0	63.0	56.9	74.8	72.6
2010-10-12	10787.0	130.0	650.0	10571.0	9882.0	86.0	255.0	63.0	56.9	74.8	72.6
2010-10-19	10787.0	130.0	650.0	10571.0	9882.0	86.0	255.0	63.0	56.9	74.8	72.6
2010-10-26	10787.0	130.0	650.0	10571.0	9882.0	86.0	255.0	63.0	56.9	74.8	72.6
2010-11-02	9719.0	88.0	440.0	9077.0	9024.0	554.0	255.0	63.7	61.3	74.5	75.9
2010-11-09	9719.0	88.0	440.0	9077.0	9024.0	554.0	255.0	63.7	61.3	74.5	75.9
2010-11-16	9719.0	88.0	440.0	9077.0	9024.0	554.0	255.0	63.7	61.3	74.5	75.9
2010-11-23	9997.0	88.0	440.0	9100.0	9233.0	809.0	324.0	60.1	62.1	73.1	76.4
2010-11-30	10334.0	88.0	440.0	9182.0	9233.0	1064.0	661.0	58.9	60.1	71.5	73.9
2010-12-07	9068.0	46.0	230.0	7979.0	8177.0	1043.0	661.0	61.5	68.0	77.3	82.3
2010-12-14	9068.0	46.0	230.0	7979.0	8177.0	1043.0	661.0	61.5	68.0	77.3	82.3
