2010-03-09	490779.0	0.0	2334.0	490779.0	488445.0	0.0	0.0	84.3	55.8	90.4	88.5
2010-03-16	490779.0	0.0	2334.0	490779.0	488445.0	0.0	0.0	84.3	55.8	90.4	88.5
2010-03-23	495459.0	0.0	2334.0	495459.0	493125.0	0.0	0.0	84.4	56.2	90.5	88.6
2010-03-30	495459.0	0.0	2334.0	495459.0	493125.0	0.0	0.0	84.4	56.2	90.5	88.6
2010-04-06	474834.0	0.0	1584.0	474834.0	473250.0	0.0	0.0	85.8	58.4	90.1	88.6
2010-04-13	521314.0	0.0	1584.0	521314.0	519730.0	0.0	0.0	84.5	62.1	90.9	89.6
2010-04-20	522914.0	0.0	1584.0	521314.0	519730.0	1600.0	1600.0	84.3	62.0	90.6	89.4
2010-04-27	521314.0	0.0	1584.0	521314.0	519730.0	0.0	0.0	84.5	62.1	90.9	89.6
2010-05-04	501074.0	0.0	848.0	501074.0	500226.0	0.0	0.0	86.2	64.4	90.6	89.7
2010-05-11	501074.0	0.0	848.0	501074.0	500226.0	0.0	0.0	86.2	64.4	90.6	89.7
2010-05-18	501074.0	0.0	848.0	501074.0	500226.0	0.0	0.0	86.2	64.4	90.6	88.9
2010-05-25	501074.0	0.0	848.0	501074.0	500226.0	0.0	0.0	86.2	64.4	90.6	88.9
