2010-03-09	33071.0	0.0	0.0	32420.0	32855.0	651.0	216.0	63.7	65.0	82.5	91.1
2010-03-16	33071.0	0.0	0.0	32420.0	32855.0	651.0	216.0	63.7	65.0	82.5	91.1
2010-03-23	33071.0	0.0	0.0	32420.0	32855.0	651.0	216.0	63.7	65.0	82.5	91.1
2010-03-30	33071.0	0.0	0.0	32420.0	32855.0	651.0	216.0	63.7	63.7	82.5	89.8
2010-04-06	32902.0	0.0	0.0	32435.0	32709.0	467.0	193.0	62.5	61.9	79.5	86.0
2010-04-13	33132.0	0.0	0.0	32665.0	32939.0	467.0	193.0	62.0	62.2	78.9	86.1
2010-04-20	33132.0	0.0	0.0	32665.0	32939.0	467.0	193.0	62.0	62.2	78.9	86.1
2010-04-27	33072.0	0.0	0.0	32605.0	32879.0	467.0	193.0	62.0	61.8	78.9	83.8
2010-05-04	31466.0	0.0	0.0	31065.0	31295.0	401.0	171.0	63.6	60.9	79.5	83.8
2010-05-11	31466.0	0.0	0.0	31065.0	31295.0	401.0	171.0	63.6	60.9	79.5	83.8
2010-05-18	41303.0	0.0	0.0	40902.0	41132.0	401.0	171.0	58.6	70.2	77.7	84.9
2010-05-25	41303.0	0.0	0.0	40902.0	41132.0	401.0	171.0	58.6	70.2	77.7	84.9
2010-06-01	39923.0	0.0	0.0	39582.0	39772.0	341.0	151.0	59.7	70.8	77.7	84.7
2010-06-08	40095.0	0.0	0.0	39754.0	39944.0	341.0	151.0	59.5	70.5	77.3	84.3
2010-06-15	40095.0	0.0	0.0	39754.0	39944.0	341.0	151.0	59.5	70.5	77.3	84.3
2010-06-22	40095.0	0.0	0.0	39754.0	39944.0	341.0	151.0	59.5	70.5	77.3	84.3
2010-06-29	41350.0	0.0	0.0	40499.0	41328.0	851.0	22.0	59.5	71.7	76.8	85.1
2010-07-06	39326.0	0.0	0.0	38497.0	39326.0	829.0	0.0	61.0	72.6	76.8	84.7
2010-07-13	39326.0	0.0	0.0	38497.0	39326.0	829.0	0.0	61.0	72.6	76.8	84.7
2010-07-20	39326.0	0.0	0.0	38497.0	39326.0	829.0	0.0	61.0	72.6	76.5	84.7
2010-07-27	39572.0	0.0	0.0	38743.0	39572.0	829.0	0.0	60.6	72.8	76.6	84.8
2010-08-03	37451.0	0.0	0.0	36643.0	37451.0	808.0	0.0	62.2	73.7	76.6	84.4
2010-08-10	37451.0	0.0	0.0	36643.0	37451.0	808.0	0.0	62.2	73.7	76.6	84.4
2010-08-17	37451.0	0.0	0.0	36643.0	37451.0	808.0	0.0	62.2	73.7	76.6	84.4
2010-08-24	37451.0	0.0	0.0	36643.0	37451.0	808.0	0.0	62.2	72.6	76.6	84.4
2010-08-31	37451.0	0.0	0.0	36643.0	37451.0	808.0	0.0	62.2	72.6	76.6	84.4
2010-09-07	35659.0	0.0	0.0	34873.0	35659.0	786.0	0.0	64.5	72.8	76.9	84.2
2010-09-14	36519.0	0.0	0.0	35733.0	36519.0	786.0	0.0	63.0	71.9	76.0	84.6
2010-09-21	36774.0	0.0	0.0	35988.0	36519.0	786.0	255.0	62.5	71.4	76.2	84.0
2010-09-28	36774.0	0.0	0.0	35988.0	36519.0	786.0	255.0	62.5	71.4	76.2	84.0
2010-10-05	34737.0	0.0	0.0	33972.0	34482.0	765.0	255.0	64.2	71.3	76.5	83.3
2010-10-12	34737.0	0.0	0.0	33972.0	34482.0	765.0	255.0	64.2	71.3	76.5	83.3
2010-10-19	34737.0	0.0	0.0	33972.0	34482.0	765.0	255.0	64.2	71.3	76.5	83.3
2010-10-26	33894.0	0.0	0.0	33129.0	33639.0	765.0	255.0	63.3	70.6	75.9	82.9
2010-11-02	35172.0	440.0	0.0	33967.0	34917.0	765.0	255.0	66.1	73.2	76.5	83.5
2010-11-09	35682.0	440.0	0.0	34477.0	35682.0	765.0	0.0	65.2	72.2	76.9	84.5
2010-11-16	35682.0	440.0	0.0	34477.0	35682.0	765.0	0.0	65.2	72.2	76.9	84.5
2010-11-23	35682.0	440.0	0.0	34477.0	35682.0	765.0	0.0	65.2	72.2	76.9	84.5
2010-11-30	35682.0	440.0	0.0	34477.0	35682.0	765.0	0.0	65.2	72.2	76.9	84.5
2010-12-07	34005.0	230.0	0.0	33010.0	34005.0	765.0	0.0	66.2	71.7	77.6	83.7
2010-12-14	34005.0	230.0	0.0	33010.0	34005.0	765.0	0.0	66.2	71.7	76.9	83.1
2010-12-21	34260.0	230.0	0.0	33265.0	34260.0	765.0	0.0	65.7	71.1	77.1	83.2
2010-12-28	34260.0	230.0	0.0	33265.0	34260.0	765.0	0.0	65.7	71.1	77.1	83.2
2011-10-11	23188.0	750.0	0.0	21695.0	22678.0	233.0	0.0	62.8	66.9	82.3	83.8
2011-10-18	23188.0	750.0	0.0	21695.0	22678.0	233.0	0.0	62.8	66.9	82.3	83.8
2011-10-25	23188.0	750.0	0.0	21695.0	22678.0	233.0	0.0	62.8	66.9	82.3	83.8
