2010-03-23	1797.0	0.0	60.0	1297.0	1181.0	450.0	506.0	43.4	45.7	50.5	49.3
2010-03-30	2175.0	0.0	60.0	1696.0	1649.0	429.0	416.0	35.9	37.2	41.9	42.3
2010-04-06	1664.0	0.0	0.0	1325.0	1350.0	339.0	314.0	30.8	31.4	35.3	35.9
2010-04-13	1670.0	0.0	0.0	1320.0	1355.0	350.0	315.0	30.7	31.3	35.2	36.7
2010-04-20	1754.0	0.0	0.0	1419.0	1445.0	335.0	309.0	29.2	30.1	35.8	36.4
2010-04-27	1920.0	0.0	0.0	1514.0	1573.0	406.0	347.0	28.4	28.0	35.4	35.4
2010-05-11	1444.0	0.0	30.0	970.0	921.0	434.0	453.0	36.2	32.4	44.5	43.7
2010-05-18	1531.0	5.0	50.0	999.0	1015.0	487.0	426.0	34.2	32.5	43.1	46.0
2010-05-25	1660.0	25.0	65.0	999.0	1065.0	596.0	490.0	31.2	31.8	39.5	45.8
2010-06-01	1876.0	30.0	65.0	1227.0	1291.0	584.0	485.0	27.3	29.4	34.9	41.6
2010-06-22	1853.0	45.0	101.0	1163.0	1297.0	625.0	435.0	30.2	34.2	36.6	47.6
2010-06-29	1927.0	60.0	101.0	1190.0	1411.0	657.0	395.0	28.4	32.1	33.9	45.4
2010-07-06	1506.0	60.0	51.0	918.0	1066.0	528.0	389.0	35.3	34.5	41.4	45.8
2010-07-13	1532.0	60.0	61.0	951.0	1065.0	521.0	406.0	36.7	34.5	43.5	47.7
2010-07-20	1583.0	60.0	66.0	971.0	1069.0	532.0	428.0	36.5	33.2	43.1	45.3
2010-07-27	1661.0	60.0	61.0	1016.0	1109.0	545.0	451.0	34.5	31.7	40.8	42.0
2010-08-31	1935.0	60.0	20.0	1237.0	1200.0	613.0	690.0	29.1	22.2	36.5	30.6
2010-09-07	1727.0	30.0	40.0	1183.0	1189.0	514.0	498.0	30.5	25.0	37.8	37.7
2010-09-14	1883.0	30.0	40.0	1254.0	1282.0	599.0	561.0	28.3	25.5	36.6	37.8
2010-09-21	2074.0	60.0	35.0	1335.0	1353.0	634.0	641.0	25.4	22.5	32.7	32.8
2010-09-28	2267.0	60.0	40.0	1518.0	1545.0	594.0	587.0	23.2	20.4	29.9	29.8
2010-10-05	1822.0	45.0	35.0	1240.0	1284.0	452.0	418.0	32.1	31.3	39.7	40.1
2010-10-12	1888.0	45.0	35.0	1265.0	1346.0	493.0	422.0	31.0	30.7	39.1	41.7
2010-10-19	1800.0	45.0	35.0	1182.0	1236.0	488.0	444.0	28.4	32.2	38.6	42.6
2010-10-26	2075.0	40.0	35.0	1299.0	1370.0	651.0	585.0	24.4	26.7	33.0	36.4
2010-11-23	1904.0	60.0	95.0	1441.0	1250.0	403.0	559.0	30.2	21.2	37.2	29.7
2010-11-30	1910.0	60.0	85.0	1428.0	1290.0	422.0	535.0	30.1	20.6	37.1	30.0
2010-12-07	1410.0	30.0	40.0	1062.0	867.0	318.0	503.0	42.9	33.0	51.6	40.3
2010-12-14	1458.0	30.0	40.0	1103.0	1061.0	325.0	357.0	41.5	35.3	49.5	47.1
2010-12-21	1601.0	30.0	40.0	1194.0	1142.0	337.0	379.0	38.4	32.4	45.7	43.2
2010-12-28	1707.0	30.0	35.0	1288.0	1248.0	334.0	369.0	34.8	31.0	42.5	40.8
2011-01-11	1784.0	30.0	35.0	1428.0	1346.0	271.0	348.0	24.6	20.6	30.9	28.4
2011-01-18	1859.0	30.0	25.0	1454.0	1434.0	320.0	345.0	23.9	21.9	31.4	30.5
2011-01-25	1929.0	30.0	15.0	1516.0	1503.0	308.0	336.0	23.1	20.1	29.7	28.6
2011-02-01	2514.0	38.0	15.0	1899.0	1934.0	442.0	430.0	17.9	21.0	24.0	26.3
2011-02-08	2119.0	20.0	70.0	1589.0	1672.0	430.0	297.0	22.7	31.3	31.2	41.6
2011-02-15	2377.0	25.0	40.0	1777.0	1947.0	495.0	310.0	22.4	35.8	29.3	43.6
2011-02-22	2407.0	25.0	25.0	1806.0	1954.0	496.0	348.0	22.4	36.4	29.7	43.5
2011-03-01	2536.0	25.0	15.0	1963.0	2122.0	468.0	319.0	20.5	34.3	27.8	41.0
2011-03-08	1964.0	45.0	35.0	1477.0	1660.0	442.0	269.0	27.9	36.7	37.2	46.0
2011-03-15	2056.0	45.0	30.0	1522.0	1765.0	489.0	261.0	26.4	39.7	35.3	49.2
2011-03-22	2073.0	45.0	25.0	1509.0	1757.0	514.0	286.0	25.8	39.4	34.6	48.6
2011-03-29	2223.0	45.0	25.0	1581.0	1871.0	552.0	282.0	26.1	39.5	34.5	47.9
2011-04-19	1709.0	341.0	0.0	881.0	1495.0	466.0	193.0	40.2	51.7	48.3	63.4
2011-04-26	1916.0	20.0	0.0	1295.0	1619.0	561.0	257.0	36.1	48.9	44.2	59.2
2011-05-10	1497.0	0.0	15.0	1036.0	1231.0	426.0	216.0	35.5	47.2	45.3	58.5
2011-05-17	1606.0	0.0	15.0	1104.0	1331.0	467.0	225.0	33.9	50.0	43.1	59.9
2011-05-24	1694.0	0.0	15.0	1149.0	1373.0	510.0	271.0	32.4	49.4	41.4	58.4
2011-05-31	1876.0	0.0	10.0	1248.0	1482.0	548.0	304.0	29.9	50.8	40.0	58.5
2011-06-14	1496.0	0.0	45.0	940.0	1089.0	461.0	267.0	30.3	55.1	41.8	60.8
2011-06-21	1516.0	0.0	45.0	933.0	1092.0	488.0	284.0	29.9	53.8	40.8	59.4
2011-06-28	1643.0	0.0	45.0	1037.0	1186.0	511.0	317.0	27.6	47.5	36.9	54.5
2011-07-12	1435.0	0.0	90.0	904.0	1002.0	481.0	293.0	25.2	35.3	30.0	42.6
2011-07-19	1546.0	0.0	90.0	1041.0	1092.0	455.0	314.0	28.7	35.1	34.7	44.6
2011-07-26	1759.0	47.0	90.0	1220.0	1296.0	410.0	291.0	25.5	38.5	35.0	47.5
2011-08-30	2197.0	63.0	50.0	1588.0	1779.0	450.0	272.0	26.5	43.8	36.5	48.2
2011-09-06	1836.0	0.0	90.0	1467.0	1489.0	349.0	237.0	37.3	45.0	46.2	54.1
2011-09-13	1994.0	0.0	90.0	1602.0	1654.0	372.0	230.0	35.8	47.5	44.2	55.3
2011-09-20	2133.0	0.0	90.0	1680.0	1770.0	433.0	253.0	33.0	44.8	40.9	52.1
2011-09-27	2166.0	25.0	55.0	1542.0	1743.0	554.0	323.0	28.6	40.5	34.3	46.8
2011-10-04	1840.0	25.0	169.0	1241.0	1363.0	493.0	227.0	25.4	38.7	32.5	46.3
2011-10-11	1998.0	25.0	175.0	1396.0	1441.0	496.0	301.0	26.8	40.9	36.3	48.0
2011-10-18	2125.0	0.0	170.0	1567.0	1597.0	477.0	277.0	26.6	38.4	36.1	46.8
2011-10-25	2206.0	0.0	140.0	1637.0	1686.0	468.0	279.0	27.6	37.7	36.9	45.8
2011-11-01	2214.0	0.0	140.0	1628.0	1698.0	485.0	275.0	27.5	37.5	36.8	46.0
2011-11-08	1641.0	58.0	155.0	1105.0	1173.0	472.0	307.0	31.9	42.7	43.4	54.4
2011-11-15	1679.0	58.0	155.0	1138.0	1226.0	477.0	292.0	31.4	42.7	42.2	53.7
2011-11-22	1641.0	58.0	135.0	1087.0	1137.0	490.0	363.0	30.6	42.4	42.4	52.4
2011-11-29	1710.0	0.0	60.0	1127.0	1262.0	538.0	343.0	27.5	35.8	36.4	45.3
2011-12-27	1490.0	40.0	38.0	847.0	1133.0	573.0	289.0	21.9	37.8	29.2	47.4
2012-01-03	1854.0	40.0	2.0	1169.0	1502.0	569.0	274.0	29.7	43.2	37.2	51.7
2012-01-17	1949.0	23.0	5.0	1485.0	1621.0	393.0	275.0	55.6	56.5	62.5	69.0
2012-01-24	2034.0	23.0	5.0	1540.0	1689.0	423.0	292.0	54.3	55.2	60.6	67.4
2012-01-31	2036.0	13.0	0.0	1571.0	1728.0	439.0	295.0	53.8	55.7	59.1	66.9
2012-02-28	2141.0	51.0	0.0	1625.0	1798.0	425.0	303.0	52.1	56.7	59.0	66.5
2012-03-06	1936.0	121.0	0.0	1507.0	1612.0	256.0	272.0	60.7	57.7	71.8	71.5
2012-03-13	2457.0	162.0	0.0	1986.0	2050.0	257.0	355.0	68.0	54.9	77.5	71.2
2012-03-20	2561.0	175.0	0.0	2086.0	2198.0	249.0	312.0	67.9	54.3	77.0	72.5
2012-03-27	2762.0	160.0	0.0	2314.0	2455.0	237.0	256.0	67.7	56.8	77.3	74.4
2012-04-03	2438.0	100.0	30.0	2075.0	2157.0	232.0	220.0	73.8	55.7	78.8	74.1
2012-04-10	2570.0	80.0	30.0	2177.0	2254.0	277.0	250.0	72.6	55.6	77.2	74.1
2012-04-17	2660.0	6.0	30.0	2240.0	2233.0	304.0	287.0	69.7	54.4	74.1	72.2
2012-04-24	2680.0	6.0	0.0	2255.0	2280.0	309.0	290.0	69.1	54.1	73.9	72.0
2012-05-01	2843.0	31.0	0.0	2282.0	2397.0	400.0	316.0	64.8	53.3	70.1	70.8
2012-05-29	2619.0	0.0	98.0	2062.0	2117.0	545.0	392.0	57.5	42.3	60.5	61.1
2012-06-05	2003.0	0.0	0.0	1566.0	1753.0	437.0	250.0	56.5	47.2	60.0	62.7
2012-06-12	2211.0	45.0	0.0	1607.0	1916.0	546.0	282.0	53.5	45.9	57.6	62.8
2012-06-19	2329.0	15.0	0.0	1684.0	1962.0	595.0	332.0	52.0	46.3	55.9	61.9
2012-06-26	2480.0	95.0	58.0	1735.0	1999.0	592.0	365.0	49.1	46.0	54.9	60.3
2012-07-03	2016.0	105.0	61.0	1235.0	1484.0	613.0	408.0	46.8	44.1	53.9	63.0
2012-07-10	2082.0	105.0	43.0	1255.0	1544.0	641.0	414.0	45.7	42.5	52.5	59.9
2012-07-17	2213.0	65.0	24.0	1363.0	1637.0	665.0	432.0	43.2	40.2	49.2	56.7
2012-07-24	2550.0	65.0	31.0	1617.0	1859.0	732.0	524.0	37.9	35.7	43.6	50.2
2012-07-31	2779.0	65.0	12.0	1921.0	2062.0	643.0	555.0	35.2	34.8	41.7	45.2
2012-08-07	2334.0	150.0	0.0	1614.0	1810.0	538.0	492.0	29.5	37.4	39.5	44.6
2012-08-14	2542.0	155.0	0.0	1824.0	1984.0	541.0	536.0	31.1	35.7	39.1	43.5
2012-08-21	2684.0	170.0	0.0	1963.0	2137.0	539.0	535.0	31.8	35.4	39.4	43.9
2012-08-28	2796.0	143.0	0.0	2049.0	2187.0	547.0	552.0	25.7	33.7	33.6	41.0
2012-09-04	2956.0	215.0	0.0	2151.0	2259.0	529.0	636.0	23.8	34.1	33.7	40.4
2012-09-11	2387.0	138.0	35.0	1792.0	1902.0	361.0	354.0	21.7	30.5	32.4	39.9
2012-09-18	2530.0	139.0	42.0	1915.0	2054.0	388.0	346.0	20.1	28.3	30.1	37.7
2012-09-25	2656.0	135.0	52.0	2012.0	2157.0	421.0	359.0	19.0	27.9	29.3	37.0
2012-10-02	1826.0	180.0	57.0	1258.0	1427.0	345.0	299.0	34.3	42.3	47.8	54.4
2012-10-09	1796.0	177.0	52.0	1181.0	1374.0	387.0	319.0	32.3	39.3	46.0	51.3
2012-10-16	2137.0	208.0	52.0	1433.0	1697.0	445.0	337.0	27.0	34.3	37.8	45.5
2012-10-23	2219.0	198.0	97.0	1547.0	1725.0	432.0	355.0	25.1	31.4	36.4	42.9
2012-10-30	2404.0	181.0	106.0	1697.0	1871.0	466.0	367.0	24.2	30.0	35.6	42.0
2012-11-06	1861.0	82.0	74.0	1317.0	1355.0	384.0	354.0	22.2	25.3	33.4	35.2
2012-11-13	2106.0	69.0	74.0	1490.0	1473.0	431.0	443.0	21.7	19.8	31.8	28.0
2012-11-20	2288.0	54.0	69.0	1599.0	1609.0	514.0	489.0	20.1	18.8	29.1	26.8
2012-11-27	2660.0	74.0	75.0	1961.0	1984.0	517.0	493.0	19.1	16.6	27.3	25.0
2012-12-04	2516.0	70.0	49.0	1918.0	2008.0	463.0	394.0	30.9	22.7	35.6	32.4
2012-12-11	2667.0	58.0	89.0	2050.0	2097.0	494.0	416.0	28.8	22.5	35.2	32.9
2012-12-18	2889.0	35.0	84.0	2257.0	2238.0	520.0	490.0	30.7	22.9	36.3	32.8
2012-12-24	3000.0	40.0	55.0	2371.0	2297.0	502.0	561.0	31.8	22.0	38.1	32.1
2012-12-31	3209.0	50.0	75.0	2530.0	2546.0	477.0	436.0	34.5	21.0	40.3	33.6
2013-01-08	2873.0	114.0	27.0	2230.0	2370.0	390.0	337.0	44.9	28.4	57.1	47.6
2013-01-15	3223.0	119.0	22.0	2548.0	2713.0	429.0	361.0	45.0	29.4	55.4	47.6
2013-01-22	3600.0	125.0	17.0	2909.0	3056.0	404.0	365.0	43.0	28.1	52.1	44.9
2013-01-29	4233.0	236.0	7.0	3395.0	3544.0	419.0	499.0	45.5	30.2	53.9	45.1
2013-02-05	3643.0	361.0	0.0	2818.0	3157.0	410.0	432.0	54.4	40.2	57.0	50.4
2013-02-12	3758.0	363.0	0.0	2901.0	3270.0	440.0	434.0	53.5	41.1	56.7	51.4
2013-02-19	4104.0	427.0	0.0	3154.0	3593.0	469.0	457.0	54.4	44.0	58.3	53.8
2013-02-26	4676.0	476.0	0.0	3659.0	4094.0	469.0	510.0	51.9	40.5	56.1	52.5
2013-03-05	4206.0	192.0	9.0	3404.0	3841.0	504.0	250.0	52.5	40.8	57.6	53.0
2013-03-12	4568.0	186.0	29.0	3599.0	4165.0	687.0	278.0	48.1	37.4	52.9	50.7
2013-03-19	4991.0	273.0	29.0	4033.0	4553.0	551.0	275.0	47.4	34.0	55.2	49.2
2013-03-26	5346.0	216.0	29.0	4359.0	4859.0	587.0	274.0	43.8	34.0	51.5	48.4
2013-04-02	4889.0	70.0	19.0	4061.0	4183.0	526.0	455.0	48.1	34.6	56.0	52.3
2013-04-09	5315.0	65.0	0.0	4337.0	4706.0	582.0	278.0	44.5	35.2	52.3	52.0
2013-04-16	5694.0	58.0	0.0	4514.0	5016.0	739.0	295.0	41.9	35.1	50.0	52.0
2013-04-23	6112.0	202.0	75.0	4883.0	5411.0	694.0	293.0	39.1	34.7	47.3	50.7
2013-04-30	6421.0	146.0	111.0	5086.0	5632.0	817.0	306.0	37.5	33.6	45.9	48.9
2013-05-07	5199.0	135.0	26.0	4107.0	4497.0	629.0	348.0	43.9	37.0	53.2	53.8
2013-05-14	5360.0	257.0	0.0	4183.0	4651.0	597.0	386.0	42.6	37.0	52.5	54.9
2013-05-21	5585.0	276.0	0.0	4488.0	4986.0	636.0	414.0	41.3	37.3	51.6	55.6
2013-05-28	6017.0	370.0	25.0	4817.0	5374.0	645.0	433.0	37.9	37.9	48.1	53.6
2013-06-04	4545.0	351.0	25.0	3538.0	3891.0	500.0	473.0	42.7	35.4	53.8	53.3
2013-06-11	4787.0	235.0	25.0	3967.0	4267.0	506.0	416.0	41.1	36.9	54.0	53.6
2013-06-18	5006.0	264.0	25.0	4156.0	4443.0	507.0	459.0	40.4	37.1	53.9	53.0
2013-06-25	5096.0	238.0	25.0	4234.0	4579.0	532.0	400.0	40.1	36.4	52.8	52.1
2013-07-02	4204.0	151.0	0.0	3423.0	3636.0	465.0	403.0	43.2	34.2	58.5	50.4
2013-07-09	4448.0	182.0	0.0	3608.0	3828.0	510.0	472.0	44.6	36.8	59.5	52.1
2013-07-16	4801.0	214.0	51.0	3905.0	4089.0	479.0	458.0	42.1	34.5	56.1	48.3
2013-07-23	5288.0	417.0	84.0	4168.0	4525.0	515.0	491.0	41.2	33.8	57.7	49.6
2013-07-30	5738.0	397.0	109.0	4630.0	4965.0	494.0	447.0	37.6	31.3	52.8	46.9
2013-08-06	4453.0	380.0	129.0	3451.0	3740.0	486.0	448.0	36.6	31.3	54.4	47.0
2013-08-13	4892.0	429.0	189.0	3893.0	4095.0	433.0	471.0	35.5	27.9	51.8	43.9
2013-08-20	5287.0	414.0	204.0	4235.0	4411.0	509.0	543.0	35.7	29.2	50.7	43.5
2013-08-27	5459.0	416.0	214.0	4315.0	4536.0	549.0	530.0	33.2	28.5	47.6	42.7
2013-09-03	5707.0	421.0	244.0	4565.0	4799.0	547.0	490.0	33.8	28.3	47.3	42.1
2013-09-10	4434.0	0.0	240.0	3876.0	3631.0	484.0	489.0	35.6	25.1	49.2	40.1
2013-09-17	4725.0	0.0	309.0	4189.0	3854.0	467.0	493.0	36.4	23.5	50.0	38.2
2013-09-24	5264.0	0.0	337.0	4799.0	4412.0	378.0	428.0	34.8	23.5	47.0	36.3
2013-10-01	5294.0	0.0	409.0	4767.0	4286.0	397.0	469.0	34.8	25.0	45.3	36.6
2013-10-08	4043.0	0.0	240.0	3597.0	3272.0	350.0	435.0	29.3	21.2	41.0	33.2
2013-10-15	4406.0	0.0	290.0	3929.0	3598.0	378.0	419.0	27.5	19.9	38.8	31.2
2013-10-22	4900.0	0.0	230.0	4305.0	4087.0	412.0	400.0	25.2	22.2	36.8	33.6
2013-10-29	5120.0	13.0	305.0	4508.0	4225.0	439.0	430.0	23.6	22.4	35.0	34.8
2013-11-05	3936.0	105.0	100.0	3272.0	3388.0	479.0	368.0	24.0	28.1	33.7	40.4
2013-11-12	5266.0	125.0	153.0	4290.0	4409.0	495.0	348.0	18.5	22.6	26.5	31.6
2013-11-19	5648.0	135.0	194.0	4601.0	4722.0	539.0	359.0	18.2	22.9	28.0	32.5
2013-11-26	5995.0	161.0	200.0	4778.0	5045.0	674.0	368.0	18.0	24.0	26.9	32.9
2013-12-03	4673.0	197.0	78.0	3654.0	3979.0	586.0	380.0	21.9	25.7	31.4	34.3
2013-12-10	4991.0	173.0	68.0	3889.0	4232.0	629.0	391.0	22.8	25.2	31.8	33.8
2013-12-17	5613.0	166.0	101.0	4567.0	4816.0	557.0	373.0	24.7	24.4	32.9	33.0
2013-12-24	5891.0	243.0	126.0	4773.0	5052.0	582.0	420.0	25.5	25.2	34.1	33.4
2014-01-07	4654.0	279.0	176.0	3735.0	3857.0	541.0	522.0	29.1	24.2	36.8	33.6
2014-01-14	4661.0	196.0	181.0	3724.0	3984.0	633.0	388.0	27.4	25.7	37.0	34.7
2014-01-21	5077.0	236.0	285.0	4086.0	4346.0	662.0	353.0	27.8	26.1	37.7	34.8
2014-01-28	5441.0	221.0	285.0	4400.0	4759.0	717.0	294.0	29.6	26.9	38.9	35.4
2014-02-04	4218.0	169.0	159.0	3245.0	3679.0	701.0	277.0	24.3	24.9	32.9	31.7
2014-02-11	4679.0	270.0	239.0	3614.0	4083.0	722.0	284.0	25.3	26.8	34.1	35.1
2014-02-18	5040.0	292.0	339.0	3981.0	4379.0	710.0	265.0	30.2	29.6	39.2	37.7
2014-02-25	5610.0	302.0	490.0	4469.0	4718.0	767.0	330.0	33.6	32.7	42.2	41.2
2014-03-04	4589.0	314.0	392.0	3720.0	3830.0	498.0	310.0	34.7	33.4	45.3	45.0
2014-03-11	4859.0	340.0	458.0	3887.0	4014.0	576.0	331.0	34.7	34.9	45.1	46.4
2014-03-18	5490.0	346.0	578.0	4469.0	4451.0	618.0	404.0	32.0	34.0	41.5	44.2
2014-03-25	5797.0	334.0	598.0	4792.0	4767.0	622.0	383.0	30.3	33.7	39.8	41.8
2014-04-01	6335.0	395.0	593.0	5288.0	5283.0	602.0	409.0	28.8	32.2	38.9	39.7
2014-04-08	4780.0	221.0	340.0	3936.0	3973.0	571.0	415.0	28.6	29.1	39.2	38.8
2014-04-15	4985.0	270.0	395.0	4071.0	4144.0	593.0	395.0	27.5	29.5	39.5	39.1
2014-04-22	5285.0	350.0	385.0	4290.0	4471.0	599.0	383.0	28.7	28.3	40.0	37.8
2014-04-29	5557.0	352.0	380.0	4503.0	4635.0	656.0	496.0	32.2	28.8	42.8	38.9
2014-05-06	4064.0	213.0	179.0	3198.0	3371.0	608.0	469.0	34.0	26.0	44.7	38.7
2014-05-13	4413.0	233.0	181.0	3545.0	3709.0	580.0	468.0	32.4	26.6	43.7	38.3
2014-05-20	4639.0	318.0	217.0	3611.0	3946.0	655.0	421.0	33.0	27.4	44.2	36.9
2014-05-27	5018.0	367.0	253.0	3942.0	4154.0	647.0	549.0	33.0	27.5	44.3	36.2
2014-06-03	4021.0	296.0	92.0	3046.0	3288.0	619.0	581.0	30.7	26.6	43.6	37.2
2014-06-10	4207.0	341.0	113.0	3175.0	3484.0	642.0	561.0	30.8	28.4	44.2	39.6
2014-06-17	4414.0	361.0	115.0	3408.0	3694.0	596.0	556.0	31.2	28.5	44.8	39.2
2014-06-24	4967.0	426.0	270.0	3876.0	4082.0	616.0	566.0	35.7	28.5	49.0	41.0
2014-07-01	5377.0	431.0	270.0	4198.0	4405.0	686.0	640.0	34.2	26.5	46.7	38.9
2014-07-08	3923.0	328.0	170.0	2853.0	3205.0	689.0	495.0	36.8	34.5	48.0	49.2
2014-07-15	4018.0	319.0	180.0	2791.0	3175.0	847.0	602.0	35.9	34.9	47.0	48.6
2014-07-22	4049.0	314.0	160.0	2995.0	3287.0	719.0	581.0	36.7	36.4	47.4	48.6
2014-07-29	4097.0	324.0	145.0	3021.0	3327.0	721.0	594.0	37.5	36.1	48.5	48.6
2014-08-05	2946.0	141.0	101.0	2122.0	2276.0	669.0	555.0	33.8	28.3	47.2	41.3
2014-08-12	3320.0	138.0	121.0	2492.0	2584.0	669.0	594.0	31.9	26.4	43.3	38.3
2014-08-19	3507.0	163.0	101.0	2591.0	2759.0	747.0	641.0	31.3	27.4	43.6	39.9
2014-08-26	3980.0	213.0	121.0	3015.0	3153.0	749.0	703.0	29.4	26.5	42.0	38.1
2014-09-02	4522.0	203.0	111.0	3492.0	3612.0	784.0	756.0	27.9	29.5	40.6	40.4
2014-09-09	3595.0	215.0	67.0	2682.0	2812.0	636.0	654.0	24.2	32.2	39.2	43.6
2014-09-16	4015.0	205.0	78.0	3038.0	3160.0	677.0	682.0	21.7	30.8	35.8	41.4
2014-09-23	4223.0	239.0	73.0	3211.0	3460.0	665.0	582.0	21.2	32.3	34.6	42.8
2014-09-30	4258.0	209.0	88.0	3208.0	3360.0	731.0	700.0	20.7	34.3	35.0	44.8
2014-10-07	3102.0	148.0	36.0	2049.0	2227.0	799.0	733.0	19.9	42.5	33.9	49.3
2014-10-14	3289.0	144.0	31.0	2175.0	2515.0	847.0	620.0	19.1	43.5	32.0	52.1
2014-10-21	3584.0	149.0	36.0	2474.0	2751.0	832.0	668.0	18.1	41.9	30.2	50.1
2014-10-28	4054.0	264.0	41.0	2786.0	3112.0	883.0	780.0	17.8	39.6	29.6	47.0
2014-11-04	3170.0	137.0	40.0	2158.0	2293.0	812.0	774.0	15.5	34.7	27.8	42.1
2014-11-11	3417.0	232.0	40.0	2326.0	2538.0	806.0	786.0	17.7	38.7	30.0	44.8
2014-11-18	3603.0	305.0	45.0	2441.0	2750.0	796.0	747.0	18.8	39.8	30.2	45.3
2014-11-25	4503.0	308.0	90.0	3371.0	3580.0	753.0	762.0	15.9	33.8	25.6	38.6
2014-12-02	3736.0	307.0	55.0	2599.0	2854.0	764.0	761.0	20.4	32.4	29.2	35.7
2014-12-09	4140.0	347.0	60.0	2915.0	3260.0	789.0	731.0	20.1	34.1	27.8	37.7
2014-12-16	4342.0	367.0	100.0	3074.0	3364.0	807.0	784.0	21.6	35.3	30.7	38.9
2014-12-23	4529.0	432.0	115.0	3286.0	3665.0	736.0	674.0	22.9	34.6	31.6	39.6
2014-12-30	4617.0	437.0	120.0	3334.0	3716.0	777.0	712.0	23.3	34.1	31.1	39.1
2015-01-06	3997.0	448.0	65.0	2642.0	3098.0	751.0	678.0	25.0	31.3	33.0	38.5
2015-01-13	4619.0	516.0	119.0	3188.0	3626.0	716.0	675.0	24.4	29.2	32.2	36.2
2015-01-20	4769.0	585.0	100.0	3245.0	3744.0	673.0	659.0	26.4	32.0	33.7	38.6
2015-01-27	5673.0	652.0	116.0	3970.0	4522.0	627.0	611.0	23.5	31.4	31.1	36.5
2015-02-03	4424.0	406.0	100.0	3062.0	3386.0	553.0	535.0	19.5	27.6	27.7	33.1
2015-02-10	5069.0	470.0	100.0	3502.0	3897.0	590.0	565.0	17.3	25.7	24.3	30.3
2015-02-17	5781.0	499.0	139.0	4208.0	4508.0	581.0	641.0	16.4	27.2	24.1	31.0
2015-02-24	6554.0	544.0	137.0	4914.0	5345.0	608.0	584.0	15.0	25.9	21.8	29.8
2015-03-03	5834.0	482.0	70.0	4332.0	4770.0	542.0	516.0	17.4	26.1	24.5	33.4
2015-03-10	6377.0	557.0	65.0	4718.0	5237.0	634.0	607.0	18.2	24.1	24.5	31.3
2015-03-17	7533.0	652.0	60.0	5674.0	6252.0	662.0	676.0	16.4	21.2	21.9	27.3
2015-03-24	7984.0	618.0	80.0	6245.0	6756.0	591.0	618.0	16.5	21.6	21.8	27.2
2015-03-31	8602.0	653.0	85.0	6591.0	7302.0	793.0	650.0	16.8	21.1	21.4	26.3
2015-04-07	7859.0	589.0	46.0	6075.0	6710.0	595.0	503.0	19.1	19.6	25.5	25.1
2015-04-14	8188.0	611.0	46.0	6340.0	6981.0	619.0	543.0	17.6	18.2	23.7	23.5
2015-04-21	8688.0	671.0	51.0	6689.0	7356.0	600.0	553.0	18.1	19.1	24.1	23.6
2015-04-28	9088.0	748.0	51.0	7012.0	7758.0	573.0	524.0	18.0	19.9	23.8	24.6
2015-05-05	7493.0	684.0	147.0	5630.0	6153.0	510.0	524.0	14.9	14.0	20.5	17.7
2015-05-12	8265.0	662.0	165.0	6320.0	6893.0	574.0	498.0	12.4	14.0	17.4	17.7
2015-05-19	8544.0	668.0	211.0	6601.0	7236.0	574.0	396.0	13.8	14.6	19.4	18.7
2015-05-26	8827.0	724.0	222.0	6822.0	7442.0	560.0	442.0	13.9	15.0	19.5	18.9
2015-06-02	7572.0	547.0	316.0	5924.0	6276.0	598.0	477.0	15.1	19.1	22.8	23.7
2015-06-09	7829.0	788.0	192.0	5786.0	6532.0	603.0	453.0	16.3	22.4	24.0	27.0
2015-06-16	8427.0	1060.0	192.0	6100.0	7112.0	633.0	489.0	18.3	23.9	25.7	28.3
2015-06-23	8518.0	1144.0	222.0	6050.0	7139.0	700.0	533.0	19.2	24.8	26.6	29.1
2015-06-30	8815.0	1356.0	234.0	6182.0	7472.0	684.0	516.0	22.9	27.7	30.3	33.3
2015-07-07	6677.0	1055.0	67.0	4540.0	5573.0	532.0	487.0	22.2	20.2	30.7	27.8
2015-07-14	6914.0	991.0	92.0	4742.0	5767.0	580.0	454.0	21.9	22.0	32.2	29.6
2015-07-21	7433.0	972.0	67.0	5216.0	6251.0	602.0	472.0	21.9	21.2	30.9	29.6
2015-07-28	7798.0	1063.0	67.0	5536.0	6734.0	542.0	340.0	22.0	20.1	30.6	28.9
2015-08-04	6285.0	804.0	455.0	4796.0	5348.0	598.0	395.0	26.6	23.5	31.9	30.4
2015-08-11	6518.0	834.0	445.0	4834.0	5507.0	665.0	381.0	26.0	25.0	31.9	32.3
2015-08-18	6954.0	902.0	530.0	5144.0	5690.0	645.0	471.0	25.2	25.6	31.7	32.4
2015-08-25	7623.0	987.0	568.0	5766.0	6441.0	637.0	381.0	24.0	25.8	30.7	32.0
2015-09-01	8188.0	1167.0	679.0	6059.0	6771.0	720.0	496.0	25.2	28.2	31.5	34.2
2015-09-08	6807.0	1208.0	672.0	4763.0	5576.0	724.0	447.0	23.4	27.8	30.4	36.0
2015-09-15	6898.0	1184.0	637.0	4897.0	5710.0	723.0	457.0	22.6	29.0	29.6	36.0
2015-09-22	7159.0	1341.0	587.0	4958.0	5986.0	767.0	493.0	24.1	30.0	30.2	36.5
2015-09-29	7375.0	1189.0	569.0	5365.0	6146.0	681.0	520.0	20.3	30.4	26.4	35.3
2015-10-06	5723.0	989.0	446.0	4020.0	4732.0	573.0	404.0	28.1	39.6	37.4	48.8
2015-10-13	5843.0	956.0	436.0	4191.0	4951.0	580.0	340.0	28.1	39.4	36.5	48.5
2015-10-20	6267.0	931.0	450.0	4563.0	5282.0	597.0	359.0	25.9	39.0	34.9	47.0
2015-10-27	6440.0	884.0	440.0	4672.0	5342.0	568.0	342.0	24.3	37.3	32.3	45.2
2015-11-03	5186.0	776.0	212.0	3500.0	4156.0	622.0	530.0	26.1	26.4	33.5	36.3
2015-11-10	5701.0	774.0	192.0	4011.0	4750.0	556.0	399.0	24.6	26.5	33.1	34.9
2015-11-17	5685.0	608.0	153.0	4038.0	4581.0	628.0	540.0	22.2	25.0	29.6	32.6
2015-11-24	6517.0	620.0	373.0	4854.0	5223.0	596.0	474.0	19.8	22.5	26.6	30.0
2015-12-01	6910.0	578.0	444.0	5294.0	5551.0	570.0	447.0	18.4	25.2	25.6	31.3
2015-12-08	6712.0	706.0	423.0	5272.0	5729.0	493.0	319.0	18.2	20.2	24.7	27.0
2015-12-15	7256.0	800.0	526.0	5514.0	6004.0	543.0	327.0	17.2	20.2	24.1	27.4
2015-12-22	7522.0	911.0	593.0	5639.0	6155.0	535.0	337.0	17.3	20.6	24.8	28.2
2015-12-29	7687.0	954.0	633.0	5778.0	6359.0	509.0	249.0	17.5	19.9	25.1	28.0
2016-01-05	6055.0	1118.0	258.0	4194.0	5245.0	463.0	272.0	23.6	21.2	31.1	30.6
2016-01-12	6386.0	1284.0	290.0	4265.0	5486.0	538.0	311.0	25.2	22.9	32.9	33.0
2016-01-19	6930.0	1351.0	214.0	4763.0	6028.0	482.0	354.0	24.7	23.5	33.3	33.2
2016-01-26	7697.0	1456.0	275.0	5394.0	6734.0	513.0	354.0	23.3	22.1	31.2	30.7
2016-02-02	6147.0	1312.0	203.0	4021.0	5132.0	506.0	504.0	26.3	24.9	34.7	34.2
2016-02-09	6290.0	1381.0	213.0	4071.0	5262.0	565.0	542.0	26.8	24.0	35.5	33.4
2016-02-16	6433.0	1461.0	213.0	4154.0	5360.0	592.0	634.0	28.1	24.3	37.2	34.1
2016-02-23	6852.0	1609.0	228.0	4417.0	5771.0	602.0	629.0	29.4	25.9	38.9	35.3
2016-03-01	7247.0	1794.0	249.0	4587.0	6134.0	600.0	598.0	28.3	26.0	37.8	34.8
2016-03-08	6556.0	1778.0	158.0	3874.0	5715.0	666.0	445.0	29.3	30.1	38.3	40.3
2016-03-15	6814.0	1818.0	158.0	3965.0	5874.0	722.0	473.0	28.5	29.7	36.9	39.5
2016-03-22	7078.0	1924.0	174.0	4137.0	6103.0	765.0	549.0	27.9	29.3	36.7	38.5
2016-03-29	7487.0	2071.0	182.0	4450.0	6641.0	725.0	423.0	27.4	27.8	36.6	35.9
2016-04-05	6646.0	1353.0	56.0	4446.0	5866.0	541.0	418.0	25.1	29.2	35.2	39.8
2016-04-12	7195.0	1250.0	56.0	4834.0	6233.0	583.0	378.0	23.5	27.0	33.5	38.3
2016-04-19	7735.0	1295.0	154.0	5333.0	6683.0	584.0	375.0	23.7	27.1	33.3	36.5
2016-04-26	8180.0	1360.0	319.0	5745.0	6965.0	591.0	412.0	25.0	27.5	33.6	38.0
2016-05-03	6319.0	1037.0	703.0	4443.0	4944.0	593.0	426.0	23.4	32.0	33.2	41.0
2016-05-10	6440.0	1054.0	674.0	4557.0	5069.0	596.0	464.0	22.1	31.0	31.7	39.3
2016-05-17	6832.0	1111.0	713.0	4874.0	5369.0	580.0	483.0	21.9	29.1	31.0	37.7
2016-05-24	7002.0	1226.0	576.0	4864.0	5547.0	581.0	548.0	22.0	28.5	31.6	38.6
2016-05-31	7509.0	1285.0	396.0	5050.0	5965.0	581.0	555.0	21.4	25.6	31.5	36.1
2016-06-07	5560.0	1474.0	84.0	3240.0	4730.0	574.0	474.0	26.4	24.8	37.2	36.2
2016-06-14	5803.0	1423.0	84.0	3357.0	4844.0	653.0	505.0	24.6	25.4	35.3	36.8
2016-06-21	6118.0	1352.0	102.0	3617.0	5040.0	686.0	513.0	23.0	24.4	32.3	34.1
2016-06-28	7110.0	1415.0	102.0	4571.0	5960.0	608.0	532.0	21.1	23.6	29.8	32.0
2016-07-05	6037.0	804.0	288.0	4355.0	5011.0	570.0	430.0	18.6	17.7	24.8	24.3
2016-07-12	7684.0	904.0	355.0	5861.0	6570.0	544.0	384.0	15.0	16.0	20.8	22.3
2016-07-19	8112.0	994.0	400.0	6151.0	6964.0	562.0	343.0	14.7	16.3	20.5	23.0
2016-07-26	8407.0	969.0	452.0	6463.0	7181.0	604.0	403.0	14.1	15.9	19.6	22.0
2016-08-02	7601.0	801.0	389.0	5731.0	6363.0	718.0	498.0	14.5	14.1	18.6	20.3
2016-08-09	7721.0	884.0	459.0	5863.0	6411.0	536.0	413.0	14.7	15.6	18.9	21.2
2016-08-16	8123.0	1084.0	565.0	6225.0	6895.0	421.0	270.0	14.8	16.2	19.6	22.1
2016-08-23	9317.0	1229.0	709.0	7223.0	7897.0	459.0	305.0	13.2	16.8	18.5	22.8
2016-08-30	10523.0	1273.0	1081.0	8346.0	8727.0	471.0	282.0	12.4	19.2	18.7	24.7
2016-09-06	9664.0	1286.0	1138.0	7665.0	7773.0	380.0	420.0	17.2	23.6	26.1	31.2
2016-09-13	10243.0	1304.0	1243.0	8232.0	8285.0	306.0	314.0	17.3	27.6	27.0	34.8
2016-09-20	10984.0	1338.0	1305.0	8825.0	8864.0	300.0	294.0	16.8	27.2	26.0	34.4
2016-09-27	11749.0	1468.0	1330.0	9348.0	9512.0	292.0	266.0	17.1	25.3	26.0	33.7
2016-10-04	9661.0	1468.0	674.0	7428.0	8191.0	230.0	261.0	17.6	23.3	26.7	32.1
2016-10-11	10351.0	1533.0	704.0	8003.0	8744.0	280.0	368.0	17.4	23.5	26.5	32.2
2016-10-18	11060.0	1549.0	704.0	8677.0	9467.0	229.0	284.0	17.1	23.7	26.2	32.2
2016-10-25	11398.0	1538.0	744.0	8956.0	9731.0	276.0	295.0	17.7	23.4	26.5	32.0
2016-11-01	11918.0	1547.0	849.0	9423.0	10096.0	323.0	348.0	17.9	22.7	26.4	31.2
2016-11-08	10174.0	1216.0	444.0	8056.0	8792.0	249.0	285.0	16.6	15.8	23.8	22.7
2016-11-15	11347.0	1218.0	294.0	8948.0	9868.0	353.0	357.0	15.3	15.1	21.9	21.4
2016-11-22	12399.0	1228.0	304.0	9775.0	10766.0	514.0	447.0	14.7	14.5	20.7	20.1
2016-11-29	13269.0	1497.0	334.0	10313.0	11505.0	439.0	410.0	13.8	15.1	21.0	21.3
2016-12-06	11381.0	1512.0	313.0	8338.0	9659.0	578.0	456.0	14.8	12.2	22.7	19.0
2016-12-13	12642.0	1631.0	454.0	9667.0	10896.0	501.0	449.0	13.3	10.4	20.2	17.0
2016-12-20	13116.0	1708.0	445.0	9952.0	11293.0	523.0	445.0	13.4	10.3	20.3	16.7
2016-12-27	13997.0	1705.0	455.0	10904.0	12167.0	513.0	500.0	12.8	10.3	19.4	16.2
2017-01-03	14276.0	1716.0	445.0	11140.0	12425.0	543.0	529.0	12.8	10.5	19.1	15.9
2017-01-10	11876.0	628.0	274.0	9505.0	9906.0	507.0	460.0	16.3	10.3	21.1	16.4
2017-01-17	12827.0	716.0	289.0	10441.0	10885.0	515.0	498.0	17.0	10.9	21.5	16.8
2017-01-24	13772.0	737.0	312.0	11062.0	11639.0	576.0	424.0	16.6	11.5	21.3	16.8
2017-01-31	14896.0	728.0	369.0	12112.0	12651.0	624.0	444.0	14.5	10.4	19.6	15.1
