2010-04-27	480917.0	0.0	0.0	480917.0	480917.0	0.0	0.0	60.1	63.2	78.9	79.6
2010-05-04	470509.0	0.0	0.0	470509.0	465829.0	0.0	4680.0	62.0	63.5	79.4	79.2
2010-05-11	477709.0	0.0	0.0	477709.0	477709.0	0.0	0.0	62.7	62.5	79.8	79.6
2010-05-18	601666.0	0.0	0.0	601666.0	601666.0	0.0	0.0	58.2	65.2	76.1	78.8
2010-05-25	604387.0	0.0	0.0	604387.0	604387.0	0.0	0.0	58.0	65.4	75.7	78.9
2010-06-01	587003.0	0.0	0.0	587003.0	587003.0	0.0	0.0	58.5	66.6	75.6	79.2
2010-06-08	587003.0	0.0	0.0	587003.0	587003.0	0.0	0.0	58.5	66.6	75.6	79.2
2010-06-15	587003.0	0.0	0.0	587003.0	587003.0	0.0	0.0	58.5	66.6	75.6	79.2
2010-06-22	587003.0	0.0	0.0	587003.0	587003.0	0.0	0.0	58.5	66.6	75.6	79.2
2010-06-29	587003.0	0.0	0.0	587003.0	587003.0	0.0	0.0	58.5	66.6	75.6	79.2
2010-07-06	567867.0	0.0	0.0	567867.0	567867.0	0.0	0.0	58.7	67.3	75.4	79.0
2010-07-13	567867.0	0.0	0.0	567867.0	567867.0	0.0	0.0	58.7	67.3	75.4	79.0
2010-07-20	567867.0	0.0	0.0	567867.0	567867.0	0.0	0.0	58.7	67.3	75.4	78.7
2010-07-27	567867.0	0.0	0.0	567867.0	567867.0	0.0	0.0	58.7	67.3	75.4	78.7
2010-08-03	548539.0	0.0	0.0	548539.0	548539.0	0.0	0.0	58.7	68.8	74.0	78.8
2010-08-10	548539.0	0.0	0.0	548539.0	548539.0	0.0	0.0	58.7	68.8	74.0	78.8
2010-08-17	548539.0	0.0	0.0	548539.0	548539.0	0.0	0.0	58.7	68.8	74.0	78.8
2010-08-24	548539.0	0.0	0.0	548539.0	548539.0	0.0	0.0	58.7	68.8	74.0	78.8
2010-08-31	548539.0	0.0	0.0	548539.0	548539.0	0.0	0.0	58.7	68.8	74.0	78.8
2010-09-07	522667.0	0.0	0.0	522667.0	522667.0	0.0	0.0	59.9	69.9	73.6	78.3
2010-09-14	522667.0	0.0	0.0	522667.0	522667.0	0.0	0.0	59.9	69.9	73.6	78.3
2010-09-21	527347.0	0.0	0.0	527347.0	527347.0	0.0	0.0	59.4	69.3	73.8	77.6
2010-09-28	527347.0	0.0	0.0	527347.0	527347.0	0.0	0.0	59.4	69.3	73.8	77.6
2010-10-05	505459.0	0.0	0.0	505459.0	505459.0	0.0	0.0	61.0	70.0	73.7	77.2
2010-10-12	505459.0	0.0	0.0	505459.0	505459.0	0.0	0.0	61.0	70.0	73.7	77.2
2010-10-19	505459.0	0.0	0.0	505459.0	505459.0	0.0	0.0	61.0	70.0	73.7	77.2
2010-10-26	486188.0	0.0	0.0	486188.0	486188.0	0.0	0.0	60.1	68.9	72.6	76.3
2010-11-02	509812.0	0.0	0.0	509812.0	509812.0	0.0	0.0	64.8	71.7	75.0	77.6
2010-11-09	519172.0	0.0	0.0	519172.0	519172.0	0.0	0.0	64.6	70.4	75.4	78.0
2010-11-16	519172.0	0.0	0.0	519172.0	519172.0	0.0	0.0	64.6	70.4	75.4	78.0
2010-11-23	521052.0	0.0	0.0	521052.0	521052.0	0.0	0.0	64.3	70.2	75.1	77.7
2010-11-30	521052.0	0.0	0.0	521052.0	521052.0	0.0	0.0	64.3	70.2	75.1	77.7
2010-12-07	503787.0	0.0	0.0	503787.0	503787.0	0.0	0.0	65.0	71.0	76.2	78.7
2010-12-14	503787.0	0.0	0.0	503787.0	503787.0	0.0	0.0	65.0	71.0	76.2	78.7
2010-12-21	508467.0	0.0	0.0	508467.0	508467.0	0.0	0.0	65.3	70.4	76.4	78.9
2010-12-28	508467.0	0.0	0.0	508467.0	508467.0	0.0	0.0	65.3	70.4	76.4	78.9
2011-08-09	358308.0	31732.0	0.0	317168.0	348900.0	0.0	0.0	59.6	70.1	81.6	82.1
2011-08-16	358308.0	31732.0	0.0	317168.0	348900.0	0.0	0.0	59.6	70.1	81.6	82.1
2011-08-23	358308.0	31732.0	0.0	317168.0	348900.0	0.0	0.0	59.6	70.1	81.6	82.1
2011-08-30	358308.0	31732.0	0.0	317168.0	348900.0	0.0	0.0	59.6	70.1	81.6	82.1
2011-09-06	327852.0	24212.0	0.0	294232.0	318444.0	0.0	0.0	61.4	69.6	81.2	81.7
2011-09-13	329892.0	26252.0	0.0	294232.0	320484.0	0.0	0.0	61.0	69.2	80.9	81.3
2011-09-20	332964.0	26252.0	0.0	297304.0	323556.0	0.0	0.0	60.9	68.5	80.6	81.1
2011-09-27	332964.0	26252.0	0.0	297304.0	323556.0	0.0	0.0	60.9	68.5	80.6	81.1
2011-10-04	373980.0	16652.0	0.0	347920.0	364572.0	0.0	0.0	56.8	61.9	79.7	83.1
2011-10-11	373980.0	16652.0	0.0	347920.0	364572.0	0.0	0.0	56.8	61.9	79.7	83.1
2011-10-18	373980.0	16652.0	0.0	347920.0	364572.0	0.0	0.0	56.8	61.9	79.7	83.1
2011-10-25	373980.0	16652.0	0.0	347920.0	364572.0	0.0	0.0	56.8	61.9	79.7	83.1
2011-11-01	342972.0	0.0	0.0	342972.0	342972.0	0.0	0.0	58.2	64.9	80.4	82.6
2011-11-08	342972.0	0.0	0.0	342972.0	342972.0	0.0	0.0	58.2	64.9	80.4	82.6
2011-11-15	342972.0	0.0	0.0	342972.0	342972.0	0.0	0.0	58.2	64.9	80.4	82.6
2011-11-22	342972.0	0.0	0.0	342972.0	342972.0	0.0	0.0	58.2	64.9	80.4	82.6
2011-11-29	342972.0	0.0	0.0	342972.0	342972.0	0.0	0.0	58.2	64.9	80.4	82.6
2011-12-06	315637.0	0.0	0.0	315637.0	315637.0	0.0	0.0	59.5	67.9	81.5	81.6
2011-12-13	315637.0	0.0	0.0	315637.0	315637.0	0.0	0.0	59.5	67.9	81.5	81.6
2011-12-20	315637.0	0.0	0.0	315637.0	315637.0	0.0	0.0	59.5	67.9	81.5	81.6
2011-12-27	315229.0	0.0	0.0	315229.0	315229.0	0.0	0.0	59.6	67.9	81.6	81.7
