2010-04-27	21768.0	0.0	77.0	20999.0	21364.0	537.0	95.0	30.8	36.9	45.2	49.2
2010-05-04	22530.0	60.0	62.0	21600.0	22010.0	557.0	145.0	29.7	35.9	45.4	48.2
2010-05-11	21128.0	70.0	115.0	20230.0	20522.0	579.0	242.0	29.6	35.4	44.4	46.7
2010-05-18	21250.0	70.0	50.0	20417.0	20709.0	514.0	242.0	30.6	37.1	45.4	49.3
2010-05-25	21207.0	70.0	66.0	20329.0	20647.0	559.0	245.0	33.3	38.7	47.8	49.7
2010-06-01	21571.0	70.0	56.0	20630.0	21003.0	649.0	290.0	33.4	39.0	48.3	50.3
2010-06-08	19747.0	95.0	28.0	18652.0	19447.0	803.0	75.0	33.8	41.0	46.6	50.4
2010-06-15	20996.0	35.0	28.0	20037.0	20727.0	808.0	125.0	33.6	37.4	44.2	49.4
2010-06-22	22147.0	35.0	28.0	21156.0	21774.0	832.0	221.0	32.9	37.0	43.1	48.2
2010-06-29	22285.0	35.0	28.0	21233.0	21911.0	892.0	221.0	33.5	38.2	43.9	50.5
2010-07-06	20551.0	64.0	0.0	19490.0	20335.0	867.0	86.0	36.6	43.1	47.5	54.9
2010-07-13	21121.0	60.0	21.0	20041.0	20735.0	862.0	207.0	36.2	42.2	46.8	54.8
2010-07-20	21247.0	94.0	0.0	20158.0	20897.0	815.0	170.0	36.0	42.1	46.5	55.6
2010-07-27	21974.0	109.0	0.0	20845.0	21574.0	850.0	230.0	33.3	41.9	44.4	53.5
2010-08-03	25272.0	139.0	0.0	24025.0	24899.0	1025.0	290.0	29.4	37.1	40.8	48.0
2010-08-10	24512.0	208.0	180.0	23265.0	23982.0	966.0	277.0	28.6	36.3	40.1	47.4
2010-08-17	24588.0	193.0	220.0	23410.0	24083.0	912.0	212.0	28.4	35.6	40.8	48.9
2010-08-24	24557.0	123.0	430.0	23374.0	23843.0	958.0	182.0	27.9	34.5	39.1	47.4
2010-08-31	25485.0	128.0	530.0	24242.0	24586.0	1033.0	287.0	28.1	33.8	39.4	48.0
2010-09-07	24513.0	188.0	0.0	22690.0	23491.0	1025.0	412.0	28.6	35.0	39.5	48.6
2010-09-14	25113.0	324.0	0.0	23066.0	24013.0	824.0	201.0	28.1	35.9	40.5	49.3
2010-09-21	26205.0	230.0	50.0	24006.0	24810.0	823.0	199.0	26.1	34.4	38.6	48.6
2010-09-28	26853.0	120.0	275.0	24741.0	25232.0	848.0	202.0	26.8	35.0	38.7	50.6
2010-10-05	25818.0	179.0	470.0	23494.0	23918.0	1016.0	301.0	25.9	37.4	39.1	51.0
2010-10-12	26245.0	249.0	0.0	24348.0	25302.0	1005.0	300.0	26.7	37.1	40.0	50.8
2010-10-19	27429.0	274.0	0.0	25524.0	26513.0	1000.0	285.0	26.0	35.8	39.4	49.8
2010-10-26	27689.0	80.0	0.0	25998.0	26754.0	985.0	309.0	23.4	36.0	38.2	49.9
2010-11-02	28237.0	140.0	0.0	26249.0	27275.0	1222.0	336.0	23.3	36.1	37.2	49.3
2010-11-09	26238.0	105.0	126.0	24374.0	25259.0	1259.0	353.0	23.0	38.7	38.6	50.2
2010-11-16	26087.0	45.0	126.0	24463.0	25308.0	1279.0	353.0	23.6	38.2	37.4	50.5
2010-11-23	26172.0	120.0	0.0	24513.0	25411.0	1239.0	461.0	23.8	39.9	37.9	52.1
2010-11-30	26515.0	135.0	0.0	25103.0	25701.0	977.0	514.0	23.0	38.7	37.8	51.5
2010-12-07	26676.0	140.0	0.0	25370.0	25809.0	791.0	492.0	22.6	38.6	34.7	51.5
2010-12-14	27112.0	140.0	0.0	25724.0	26343.0	873.0	394.0	22.0	38.3	33.8	51.5
2010-12-21	28175.0	482.0	0.0	26792.0	27353.0	360.0	281.0	21.1	36.5	33.3	49.6
2010-12-28	28116.0	482.0	0.0	26758.0	27319.0	385.0	306.0	21.1	36.4	33.1	49.2
2011-01-04	28238.0	672.0	300.0	27013.0	27484.0	405.0	306.0	21.2	36.0	33.6	49.6
2011-01-11	26391.0	509.0	0.0	25411.0	26027.0	373.0	266.0	23.5	37.9	34.1	49.8
2011-01-18	26953.0	479.0	0.0	26000.0	26586.0	373.0	266.0	22.9	37.5	33.7	49.4
2011-01-25	27194.0	724.0	0.0	26016.0	26822.0	373.0	291.0	23.4	37.3	33.8	49.3
2011-02-01	27977.0	739.0	0.0	26777.0	27613.0	388.0	291.0	21.7	35.8	32.6	47.4
2011-02-08	23751.0	526.0	25.0	22701.0	23370.0	418.0	250.0	23.9	35.4	34.7	47.5
2011-02-15	23708.0	491.0	30.0	22723.0	23287.0	453.0	350.0	24.0	35.8	37.9	48.3
2011-02-22	23706.0	621.0	30.0	22772.0	23331.0	278.0	310.0	23.9	36.5	38.2	49.5
2011-03-01	24162.0	656.0	140.0	23213.0	23697.0	278.0	310.0	23.6	35.8	37.8	48.7
2011-03-08	22267.0	424.0	140.0	21480.0	21841.0	332.0	255.0	30.6	36.3	41.2	47.3
2011-03-15	22488.0	379.0	140.0	21750.0	21901.0	323.0	411.0	32.9	35.3	43.0	47.5
2011-03-22	22801.0	379.0	140.0	22163.0	22014.0	233.0	621.0	32.3	34.5	43.0	48.9
2011-03-29	23254.0	414.0	140.0	22623.0	22571.0	198.0	524.0	33.8	35.3	44.7	49.8
2011-04-05	22507.0	284.0	70.0	21992.0	21918.0	207.0	495.0	37.5	34.2	49.5	48.1
2011-04-12	23472.0	274.0	70.0	22959.0	22893.0	205.0	475.0	39.4	34.5	47.6	48.2
2011-04-19	24481.0	299.0	70.0	23939.0	23913.0	220.0	475.0	41.2	33.3	48.8	49.0
2011-04-26	24762.0	279.0	70.0	24171.0	24194.0	289.0	475.0	40.2	33.7	48.9	49.8
2011-05-03	25542.0	299.0	70.0	24991.0	25034.0	229.0	415.0	38.7	32.9	47.5	49.7
2011-05-10	23726.0	211.0	70.0	23143.0	23193.0	304.0	395.0	42.9	34.2	52.3	53.1
2011-05-17	22833.0	81.0	70.0	22333.0	22348.0	399.0	395.0	38.4	35.1	49.1	52.5
2011-05-24	22890.0	81.0	70.0	22265.0	22390.0	524.0	410.0	37.5	35.1	47.8	51.8
2011-05-31	23105.0	86.0	70.0	22669.0	22650.0	330.0	365.0	38.2	35.5	48.8	52.8
2011-06-07	21539.0	62.0	70.0	21048.0	21061.0	409.0	388.0	42.0	37.1	54.2	58.4
2011-06-14	22661.0	67.0	70.0	22240.0	22068.0	334.0	503.0	45.4	37.6	56.8	57.7
2011-06-21	22383.0	67.0	70.0	21896.0	21786.0	400.0	507.0	41.7	36.8	53.5	57.0
2011-06-28	22118.0	67.0	40.0	21673.0	21536.0	348.0	512.0	39.0	36.3	51.0	56.1
2011-07-05	22621.0	67.0	40.0	22171.0	22127.0	353.0	424.0	39.6	37.9	51.3	57.7
2011-07-12	21524.0	57.0	10.0	21106.0	21137.0	301.0	317.0	49.5	43.7	61.4	64.4
2011-07-19	22313.0	112.0	10.0	21855.0	21894.0	271.0	334.0	48.4	46.0	60.9	67.4
2011-07-26	23083.0	192.0	10.0	22254.0	22407.0	262.0	291.0	45.4	45.4	58.1	66.5
2011-08-02	23311.0	162.0	10.0	22737.0	22772.0	297.0	414.0	44.4	44.2	57.7	65.8
2011-08-09	22454.0	167.0	10.0	21870.0	21677.0	287.0	637.0	47.3	43.3	59.7	64.4
2011-08-16	22668.0	160.0	10.0	22079.0	21889.0	384.0	724.0	45.9	42.6	58.6	64.6
2011-08-23	22795.0	160.0	10.0	22212.0	22015.0	378.0	725.0	44.6	42.3	57.6	64.4
2011-08-30	23212.0	140.0	10.0	22666.0	22471.0	361.0	686.0	39.9	40.3	53.9	62.2
2011-09-06	22097.0	105.0	10.0	21550.0	21246.0	322.0	721.0	37.9	38.0	52.4	59.2
2011-09-13	22671.0	125.0	10.0	22079.0	21790.0	347.0	751.0	32.5	37.4	46.3	57.5
2011-09-20	23106.0	150.0	61.0	22469.0	22205.0	315.0	668.0	31.8	38.5	45.9	55.9
2011-09-27	23553.0	230.0	76.0	22845.0	22647.0	311.0	663.0	26.0	37.2	40.9	52.7
2011-10-04	24775.0	255.0	66.0	24073.0	23937.0	270.0	595.0	24.2	35.2	39.1	50.3
2011-10-11	24297.0	195.0	66.0	23634.0	23467.0	291.0	587.0	24.8	35.0	41.6	48.6
2011-10-18	24252.0	195.0	66.0	23667.0	23796.0	213.0	213.0	23.8	35.0	40.0	48.9
2011-10-25	24694.0	195.0	66.0	24114.0	24238.0	208.0	213.0	23.8	34.6	37.8	48.4
2011-11-01	24589.0	185.0	66.0	23989.0	24120.0	208.0	196.0	23.8	34.7	38.0	49.2
2011-11-08	21719.0	210.0	56.0	21256.0	21414.0	166.0	162.0	30.4	36.7	43.5	52.4
2011-11-15	21925.0	260.0	56.0	21412.0	21618.0	166.0	164.0	30.2	36.5	43.5	53.1
2011-11-22	22437.0	280.0	56.0	21897.0	22099.0	148.0	170.0	29.2	38.6	43.7	55.5
2011-11-29	22227.0	295.0	56.0	21717.0	21909.0	103.0	150.0	29.5	39.1	43.7	56.3
2011-12-06	19200.0	230.0	36.0	18790.0	18908.0	103.0	179.0	32.4	40.3	44.2	56.0
2011-12-13	19389.0	240.0	36.0	18904.0	19056.0	193.0	245.0	27.5	38.6	40.2	54.1
2011-12-20	19713.0	280.0	36.0	19198.0	19413.0	193.0	222.0	25.6	37.9	39.2	52.5
2011-12-27	19821.0	295.0	36.0	19351.0	19553.0	133.0	190.0	25.3	37.7	39.0	52.6
2012-01-03	20442.0	295.0	36.0	19972.0	20174.0	133.0	190.0	25.7	37.1	39.0	51.6
2012-01-10	17539.0	210.0	0.0	16959.0	17015.0	370.0	524.0	28.3	39.5	41.6	51.4
2012-01-17	18288.0	220.0	0.0	17647.0	17705.0	421.0	583.0	32.6	37.4	42.5	48.1
2012-01-24	18609.0	220.0	0.0	18116.0	18134.0	273.0	475.0	35.2	37.8	43.8	48.4
2012-01-31	18981.0	240.0	0.0	18473.0	18506.0	268.0	475.0	35.8	37.5	44.3	48.0
2012-02-07	17487.0	85.0	0.0	16940.0	17010.0	462.0	477.0	48.8	38.9	60.2	52.4
2012-02-14	18412.0	85.0	0.0	17885.0	17935.0	442.0	477.0	48.1	37.4	59.9	49.8
2012-02-21	18745.0	220.0	0.0	18199.0	18253.0	326.0	492.0	48.5	37.8	60.9	50.4
2012-02-28	19897.0	240.0	0.0	19329.0	19405.0	328.0	492.0	48.6	35.9	59.1	50.8
2012-03-06	19190.0	837.0	0.0	18082.0	18500.0	271.0	690.0	52.3	35.7	63.7	57.1
2012-03-13	20060.0	780.0	164.0	18989.0	19098.0	291.0	798.0	51.0	35.0	61.9	54.6
2012-03-20	21579.0	830.0	249.0	20418.0	20492.0	296.0	803.0	50.9	35.5	61.3	54.9
2012-03-27	23202.0	830.0	249.0	21763.0	21947.0	301.0	698.0	47.3	32.7	57.6	50.8
2012-04-03	24215.0	1526.0	35.0	22353.0	23398.0	301.0	747.0	47.8	32.2	59.0	49.5
2012-04-10	22447.0	1881.0	0.0	20331.0	21758.0	235.0	689.0	49.4	32.9	63.6	53.2
2012-04-17	22643.0	1981.0	0.0	20430.0	21850.0	232.0	793.0	50.4	32.7	64.5	52.6
2012-04-24	22913.0	2043.0	0.0	20613.0	22108.0	257.0	805.0	50.8	35.0	65.2	54.3
2012-05-01	24730.0	2321.0	45.0	22152.0	23900.0	257.0	785.0	50.2	39.2	63.4	57.0
2012-05-08	23974.0	2444.0	45.0	21276.0	23316.0	254.0	613.0	49.5	43.6	65.1	61.9
2012-05-15	24862.0	2519.0	45.0	22089.0	24188.0	254.0	629.0	48.0	42.6	62.5	60.6
2012-05-22	25974.0	2526.0	45.0	23194.0	25300.0	254.0	629.0	46.5	41.9	61.5	59.4
2012-05-29	27276.0	2403.0	45.0	24477.0	26530.0	319.0	624.0	43.8	45.0	59.9	61.3
2012-06-05	26657.0	2160.0	122.0	24096.0	25945.0	366.0	555.0	50.3	47.5	64.2	65.1
2012-06-12	27356.0	2160.0	122.0	24721.0	26674.0	440.0	525.0	48.8	47.6	63.4	64.7
2012-06-19	28021.0	2160.0	122.0	25346.0	27339.0	480.0	525.0	48.2	48.6	61.7	64.6
2012-06-26	28110.0	2216.0	122.0	25379.0	27428.0	480.0	525.0	43.7	48.5	57.2	61.7
2012-07-03	28853.0	2216.0	122.0	26119.0	28171.0	483.0	525.0	43.4	48.6	55.9	61.7
2012-07-10	27831.0	2251.0	0.0	25011.0	27411.0	569.0	420.0	43.2	50.6	57.7	65.0
2012-07-17	27841.0	2251.0	0.0	25119.0	27424.0	471.0	417.0	43.7	52.2	57.1	66.0
2012-07-24	27916.0	2251.0	0.0	25129.0	27499.0	536.0	417.0	42.9	52.5	56.8	66.4
2012-07-31	28460.0	2251.0	0.0	25670.0	28023.0	539.0	437.0	43.8	51.9	56.6	66.1
2012-08-07	27493.0	2216.0	0.0	24758.0	27102.0	519.0	391.0	44.6	52.7	58.3	66.5
2012-08-14	27968.0	2216.0	0.0	25240.0	27576.0	512.0	392.0	45.8	53.3	59.2	67.1
2012-08-21	30635.0	2216.0	0.0	27952.0	30243.0	467.0	392.0	46.7	52.2	58.5	66.5
2012-08-28	31469.0	2032.0	0.0	28934.0	31047.0	503.0	422.0	44.3	53.1	56.7	66.2
2012-09-04	32654.0	1856.0	0.0	30295.0	32232.0	503.0	422.0	45.9	51.9	57.7	65.4
2012-09-11	30909.0	1800.0	0.0	28670.0	30624.0	439.0	285.0	46.4	51.0	57.8	64.1
2012-09-18	31796.0	2175.0	0.0	29180.0	31509.0	441.0	287.0	43.1	50.1	54.4	62.6
2012-09-25	32651.0	2175.0	0.0	30028.0	32287.0	448.0	364.0	41.6	49.4	52.5	61.2
2012-10-02	33215.0	2175.0	0.0	30549.0	32865.0	491.0	350.0	40.2	49.8	50.8	61.2
2012-10-09	31010.0	2175.0	0.0	28254.0	30635.0	581.0	375.0	40.8	49.7	51.4	61.3
2012-10-16	30882.0	2175.0	0.0	28031.0	30412.0	676.0	470.0	41.1	49.2	51.7	60.9
2012-10-23	30938.0	2175.0	0.0	28182.0	30563.0	581.0	375.0	40.7	49.7	51.7	61.1
2012-10-30	31657.0	2175.0	0.0	28867.0	31171.0	615.0	486.0	39.6	50.4	51.1	61.0
2012-11-06	28867.0	2175.0	0.0	26115.0	28547.0	577.0	320.0	43.1	50.3	54.5	61.2
2012-11-13	31875.0	2175.0	0.0	29183.0	31535.0	517.0	340.0	39.0	47.2	49.9	57.1
2012-11-20	31924.0	2175.0	232.0	29199.0	31319.0	550.0	373.0	39.1	48.4	50.6	58.0
2012-11-27	32549.0	2175.0	0.0	29837.0	32199.0	537.0	350.0	39.2	47.1	50.1	56.4
2012-12-04	33165.0	2175.0	0.0	30390.0	32752.0	537.0	350.0	38.3	46.5	49.5	55.6
2012-12-11	31731.0	1635.0	0.0	29540.0	31376.0	493.0	292.0	40.4	44.9	50.2	53.6
2012-12-18	32361.0	1275.0	0.0	30395.0	32006.0	628.0	292.0	40.1	43.8	49.2	52.4
2012-12-24	32630.0	1095.0	0.0	30784.0	32275.0	688.0	292.0	40.6	44.0	49.1	52.6
2012-12-31	32654.0	1095.0	0.0	30784.0	32305.0	712.0	286.0	40.4	44.1	48.9	52.7
2013-01-08	29157.0	955.0	0.0	27585.0	28652.0	554.0	442.0	42.9	42.0	51.9	52.7
2013-01-15	30124.0	680.0	0.0	28782.0	29649.0	599.0	412.0	41.6	41.3	49.7	52.3
2013-01-22	30547.0	570.0	0.0	29370.0	30114.0	544.0	370.0	41.2	41.1	49.2	51.6
2013-01-29	31922.0	570.0	0.0	30484.0	31487.0	805.0	372.0	40.5	42.2	48.1	51.0
2013-02-05	27550.0	438.0	0.0	26294.0	27349.0	818.0	201.0	41.8	39.5	52.1	53.4
2013-02-12	28327.0	438.0	0.0	27101.0	28090.0	788.0	237.0	41.8	39.3	52.2	51.3
2013-02-19	28425.0	438.0	0.0	27177.0	28188.0	810.0	237.0	42.3	39.7	52.5	51.7
2013-02-26	29239.0	438.0	0.0	28277.0	29002.0	524.0	237.0	42.5	38.3	53.1	51.9
2013-03-05	25647.0	351.0	0.0	24863.0	25439.0	433.0	208.0	48.6	40.4	59.4	57.7
2013-03-12	26025.0	351.0	0.0	25241.0	25817.0	433.0	208.0	48.1	39.8	58.9	56.4
2013-03-19	28443.0	351.0	0.0	27440.0	28034.0	412.0	169.0	45.3	36.9	56.0	53.2
2013-03-26	29364.0	351.0	0.0	28461.0	29110.0	432.0	134.0	42.9	36.9	53.9	52.8
2013-04-02	30375.0	351.0	0.0	29447.0	30032.0	457.0	223.0	42.3	38.0	53.4	53.5
2013-04-09	27641.0	0.0	0.0	26884.0	27278.0	637.0	243.0	42.6	35.0	52.5	52.1
2013-04-16	27632.0	0.0	0.0	26875.0	27251.0	637.0	261.0	43.0	35.6	53.3	52.2
2013-04-23	27911.0	0.0	0.0	27189.0	27545.0	602.0	246.0	44.1	35.5	54.0	52.4
2013-04-30	28114.0	0.0	0.0	27356.0	27808.0	638.0	186.0	45.2	35.1	55.3	51.3
2013-05-07	23916.0	75.0	0.0	23085.0	23376.0	636.0	420.0	47.2	38.0	58.1	53.9
2013-05-14	24305.0	852.0	0.0	22782.0	23750.0	541.0	425.0	44.4	37.0	56.6	52.7
2013-05-21	25442.0	852.0	0.0	23836.0	24834.0	549.0	403.0	45.7	36.2	57.7	53.0
2013-05-28	26115.0	842.0	0.0	24476.0	25504.0	592.0	406.0	45.3	35.5	57.1	52.5
2013-06-04	26417.0	933.0	0.0	24724.0	25881.0	640.0	416.0	44.0	34.5	55.6	50.2
2013-06-11	24005.0	1225.0	0.0	22327.0	23552.0	333.0	333.0	40.0	38.3	53.2	52.7
2013-06-18	24871.0	1422.0	0.0	22911.0	24332.0	418.0	419.0	38.6	38.7	52.9	52.9
2013-06-25	25893.0	1422.0	0.0	23913.0	25279.0	438.0	494.0	36.9	39.4	52.3	53.9
2013-07-02	26466.0	1422.0	187.0	24479.0	25663.0	445.0	496.0	36.5	39.8	52.0	54.2
2013-07-09	22462.0	1007.0	105.0	20916.0	21858.0	419.0	379.0	34.8	41.4	52.7	53.3
2013-07-16	23371.0	882.0	130.0	21840.0	22498.0	404.0	498.0	37.4	42.0	54.4	54.7
2013-07-23	24586.0	882.0	130.0	23039.0	23655.0	420.0	556.0	37.0	41.0	53.2	53.0
2013-07-30	25037.0	882.0	130.0	23477.0	24091.0	433.0	571.0	37.1	42.3	52.4	54.1
2013-08-06	22989.0	507.0	120.0	21742.0	22042.0	495.0	582.0	36.4	43.5	51.8	54.8
2013-08-13	22858.0	507.0	120.0	21655.0	21916.0	451.0	577.0	33.5	44.9	49.9	55.7
2013-08-20	23151.0	507.0	120.0	22056.0	22197.0	463.0	709.0	32.7	45.6	49.5	55.7
2013-08-27	23606.0	507.0	120.0	22487.0	22626.0	487.0	735.0	32.5	47.1	49.1	56.8
2013-09-03	24455.0	507.0	120.0	23297.0	23475.0	526.0	735.0	31.5	46.0	47.3	54.5
2013-09-10	22237.0	553.0	125.0	21223.0	21395.0	461.0	717.0	29.0	48.5	46.0	56.7
2013-09-17	22950.0	553.0	125.0	22054.0	22182.0	343.0	643.0	29.3	47.8	45.7	55.7
2013-09-24	24164.0	553.0	125.0	23328.0	23395.0	283.0	644.0	27.9	47.0	44.2	53.6
2013-10-01	25040.0	603.0	125.0	24199.0	24375.0	238.0	540.0	27.2	49.5	43.8	54.1
2013-10-08	22267.0	469.0	90.0	21509.0	21685.0	289.0	492.0	26.5	54.5	44.7	60.0
2013-10-15	23033.0	469.0	60.0	22270.0	22473.0	289.0	495.0	26.7	54.9	45.2	60.3
2013-10-22	23886.0	469.0	60.0	23119.0	23287.0	293.0	534.0	26.0	55.4	44.2	60.7
2013-10-29	23714.0	355.0	60.0	22972.0	22988.0	293.0	572.0	26.1	55.4	43.0	60.9
2013-11-05	20730.0	430.0	71.0	19940.0	20078.0	221.0	442.0	26.0	56.4	43.4	62.3
2013-11-12	21061.0	485.0	51.0	20199.0	20412.0	218.0	439.0	25.8	56.7	43.0	62.3
2013-11-19	21247.0	545.0	0.0	20358.0	20751.0	239.0	391.0	26.8	56.8	43.5	62.4
2013-11-26	23116.0	570.0	0.0	21738.0	22160.0	241.0	389.0	25.4	52.8	40.7	58.2
2013-12-03	23131.0	546.0	81.0	21755.0	22102.0	241.0	359.0	25.4	53.0	40.4	58.4
2013-12-10	20950.0	566.0	136.0	19630.0	19978.0	182.0	264.0	27.9	54.2	42.6	60.5
2013-12-17	21559.0	466.0	136.0	20152.0	20407.0	189.0	264.0	27.3	52.7	42.1	59.0
2013-12-24	22093.0	377.0	136.0	20809.0	20985.0	208.0	273.0	26.6	51.9	42.6	59.5
2014-01-07	17953.0	427.0	171.0	16673.0	16862.0	209.0	276.0	31.0	55.5	47.9	61.1
2014-01-14	18621.0	452.0	171.0	17797.0	17971.0	208.0	315.0	30.2	54.5	47.3	61.2
2014-01-21	20018.0	452.0	171.0	19230.0	19298.0	172.0	385.0	31.5	54.1	48.4	62.5
2014-01-28	21924.0	477.0	346.0	21185.0	21176.0	98.0	238.0	28.9	52.6	46.3	60.8
2014-02-04	22869.0	557.0	346.0	21656.0	22000.0	492.0	359.0	30.8	52.3	45.9	61.2
2014-02-11	20131.0	641.0	303.0	19015.0	19413.0	311.0	251.0	34.2	50.2	48.1	60.0
2014-02-18	19974.0	576.0	303.0	18752.0	19131.0	482.0	376.0	35.7	50.1	51.0	60.2
2014-02-25	20595.0	601.0	203.0	19353.0	19852.0	477.0	376.0	34.7	51.0	50.5	60.8
2014-03-04	21541.0	601.0	203.0	20257.0	19752.0	480.0	1383.0	33.3	50.4	48.3	57.9
2014-03-11	18749.0	431.0	155.0	17774.0	17932.0	343.0	461.0	31.3	51.3	46.3	59.8
2014-03-18	20038.0	568.0	155.0	18730.0	19025.0	343.0	461.0	32.1	49.3	45.8	57.4
2014-03-25	21757.0	797.0	155.0	20251.0	20755.0	323.0	461.0	31.3	47.9	43.7	55.4
2014-04-01	23153.0	1147.0	260.0	21291.0	22205.0	318.0	291.0	28.6	44.1	40.2	51.6
2014-04-08	19936.0	1479.0	207.0	17925.0	19257.0	297.0	237.0	32.1	46.1	43.9	54.8
2014-04-15	20949.0	1479.0	207.0	18908.0	20270.0	327.0	237.0	30.5	47.0	42.0	55.2
2014-04-22	21296.0	1479.0	207.0	19225.0	20577.0	357.0	277.0	30.3	46.8	41.5	55.4
2014-04-29	21841.0	1479.0	298.0	19621.0	20872.0	362.0	292.0	29.7	45.0	42.3	54.4
2014-05-06	19830.0	287.0	761.0	18611.0	18119.0	378.0	396.0	29.6	46.5	41.5	56.9
2014-05-13	20750.0	467.0	873.0	19289.0	18940.0	438.0	381.0	30.0	46.0	41.1	57.2
2014-05-20	21891.0	250.0	900.0	20885.0	20296.0	462.0	401.0	30.0	42.8	39.8	54.4
2014-05-27	22962.0	250.0	1184.0	21868.0	20929.0	447.0	452.0	28.9	41.0	38.4	53.0
2014-06-03	24416.0	250.0	1655.0	23319.0	21617.0	450.0	747.0	28.2	39.8	38.4	51.0
2014-06-10	22918.0	0.0	2201.0	22393.0	20095.0	422.0	519.0	30.8	42.0	41.3	55.6
2014-06-17	26044.0	62.0	2673.0	24856.0	22113.0	442.0	574.0	30.0	42.3	41.6	54.5
2014-06-24	27217.0	62.0	2525.0	25954.0	23376.0	477.0	592.0	29.0	41.4	40.3	53.0
2014-07-01	28112.0	167.0	3218.0	26654.0	23518.0	477.0	562.0	29.8	42.9	41.4	54.3
2014-07-08	27024.0	9.0	3549.0	25870.0	22253.0	478.0	555.0	29.8	41.1	41.7	52.0
2014-07-15	28843.0	34.0	4047.0	27569.0	23048.0	533.0	1041.0	27.3	40.7	40.7	50.3
2014-07-22	29939.0	34.0	4288.0	28423.0	24383.0	711.0	497.0	27.8	41.1	41.1	51.2
2014-07-29	32368.0	62.0	4424.0	30777.0	26587.0	749.0	577.0	25.6	39.7	38.2	47.1
2014-08-05	31532.0	482.0	4915.0	29932.0	25532.0	568.0	535.0	23.7	37.6	36.5	43.0
2014-08-12	32834.0	475.0	5295.0	31458.0	26662.0	524.0	500.0	22.4	38.1	34.6	43.4
2014-08-19	38780.0	701.0	5585.0	35416.0	30568.0	691.0	655.0	20.5	33.7	31.0	38.9
2014-08-26	43011.0	754.0	5828.0	39655.0	34777.0	620.0	424.0	17.2	32.9	27.1	37.6
2014-09-02	47045.0	884.0	6086.0	43388.0	38452.0	700.0	434.0	15.6	32.2	24.8	36.5
2014-09-09	43864.0	881.0	5551.0	39983.0	35799.0	969.0	483.0	13.5	33.3	21.9	36.5
2014-09-16	49049.0	978.0	5746.0	45051.0	40734.0	960.0	509.0	13.5	33.3	22.1	36.1
2014-09-23	50856.0	1363.0	6089.0	46586.0	42205.0	847.0	502.0	13.1	33.7	21.5	36.6
2014-09-30	54586.0	1457.0	6089.0	50416.0	45911.0	535.0	408.0	11.0	29.6	17.7	31.7
2014-10-07	52080.0	1446.0	6011.0	48054.0	43601.0	522.0	410.0	12.5	27.8	19.7	32.8
2014-10-14	60091.0	1721.0	6066.0	55762.0	51514.0	578.0	481.0	12.1	27.1	18.3	31.4
2014-10-21	68776.0	1547.0	6125.0	64488.0	59925.0	646.0	631.0	10.5	24.0	17.0	28.4
2014-10-28	70892.0	1514.0	6172.0	66484.0	61911.0	770.0	685.0	10.8	24.0	17.2	28.0
2014-11-04	72783.0	1784.0	6172.0	68093.0	63800.0	785.0	690.0	10.7	24.5	16.8	28.5
2014-11-11	68483.0	1635.0	6318.0	65298.0	60590.0	619.0	644.0	12.0	22.9	18.3	27.1
2014-11-18	73684.0	1588.0	6843.0	70402.0	65266.0	728.0	609.0	12.9	20.9	18.8	25.6
2014-11-25	75936.0	3099.0	6480.0	70384.0	67139.0	939.0	803.0	12.5	21.6	18.2	26.4
2014-12-02	71323.0	3127.0	6477.0	66476.0	63320.0	981.0	787.0	13.6	23.0	20.0	28.9
2014-12-09	75419.0	3156.0	6170.0	70246.0	67479.0	882.0	635.0	12.1	20.3	18.8	25.8
2014-12-16	76907.0	3445.0	6170.0	71917.0	69472.0	920.0	640.0	12.5	19.3	18.4	26.2
2014-12-23	79709.0	3350.0	6224.0	74831.0	72312.0	690.0	335.0	13.0	18.6	19.1	26.0
2014-12-30	75763.0	3450.0	6289.0	70775.0	68308.0	700.0	328.0	14.4	19.8	20.9	27.6
2015-01-06	68536.0	3443.0	5601.0	63707.0	61965.0	869.0	453.0	14.9	20.2	21.2	29.4
2015-01-13	68728.0	3378.0	5731.0	63700.0	61783.0	899.0	463.0	14.9	19.6	22.0	27.1
2015-01-20	71074.0	3737.0	5822.0	65810.0	64099.0	827.0	453.0	15.4	17.9	21.8	25.2
2015-01-27	71734.0	3224.0	6107.0	66632.0	64231.0	923.0	441.0	16.7	21.3	23.9	28.2
2015-02-03	74712.0	1923.0	6860.0	69535.0	64796.0	1363.0	1165.0	21.4	23.9	30.8	33.8
2015-02-10	70151.0	1556.0	6597.0	66087.0	61498.0	868.0	416.0	24.8	25.6	34.1	35.8
2015-02-17	70758.0	1231.0	6684.0	66935.0	61997.0	955.0	440.0	24.2	25.1	33.6	35.6
2015-02-24	70019.0	1269.0	6864.0	66287.0	61040.0	831.0	483.0	23.3	27.0	33.2	36.1
2015-03-03	70867.0	1351.0	7807.0	67581.0	61436.0	646.0	335.0	24.9	26.8	34.2	37.1
2015-03-10	65098.0	1009.0	7814.0	62199.0	55821.0	740.0	313.0	30.7	29.1	39.7	41.2
2015-03-17	67129.0	1047.0	8615.0	64191.0	57020.0	720.0	323.0	31.1	28.3	40.1	40.9
2015-03-24	67116.0	1062.0	7051.0	64753.0	59131.0	720.0	353.0	31.5	28.0	41.1	40.9
2015-03-31	65078.0	1164.0	7393.0	62622.0	56750.0	719.0	362.0	32.8	29.8	42.6	42.7
2015-04-07	59486.0	894.0	6820.0	57208.0	51249.0	717.0	750.0	31.6	28.9	42.3	42.8
2015-04-14	60129.0	837.0	7002.0	57958.0	51780.0	803.0	816.0	31.2	28.4	41.9	42.4
2015-04-21	61468.0	1120.0	7351.0	58970.0	52761.0	818.0	796.0	32.1	28.0	42.4	42.1
2015-04-28	64017.0	1343.0	7867.0	61311.0	54797.0	789.0	779.0	30.5	26.7	40.5	39.6
2015-05-05	62381.0	1143.0	7458.0	59995.0	53481.0	676.0	875.0	34.1	30.1	44.7	43.4
2015-05-12	63523.0	1096.0	7528.0	61014.0	54700.0	693.0	575.0	33.5	29.2	44.6	42.0
2015-05-19	66997.0	1035.0	7950.0	64512.0	57710.0	703.0	590.0	30.8	27.9	43.2	38.9
2015-05-26	73195.0	1015.0	8336.0	70637.0	63466.0	795.0	645.0	28.5	25.1	40.3	35.7
2015-06-02	74901.0	1097.0	8734.0	72040.0	64603.0	873.0	673.0	29.1	25.4	40.7	36.6
2015-06-09	72926.0	913.0	8713.0	70016.0	62546.0	1038.0	708.0	29.5	26.4	42.0	37.8
2015-06-16	73364.0	966.0	8708.0	70313.0	62988.0	1207.0	790.0	28.7	25.0	40.3	36.4
2015-06-23	74127.0	928.0	8582.0	71142.0	63893.0	1207.0	802.0	28.4	25.1	39.5	36.7
2015-06-30	74223.0	921.0	8683.0	71348.0	63753.0	1029.0	862.0	29.5	25.1	40.2	37.0
2015-07-07	67383.0	908.0	8389.0	64508.0	57200.0	1001.0	828.0	33.8	26.8	44.7	41.1
2015-07-14	69914.0	1000.0	8451.0	66727.0	59388.0	965.0	853.0	31.9	25.3	42.4	39.4
2015-07-21	70015.0	1219.0	8372.0	66576.0	59609.0	1060.0	874.0	32.1	25.0	42.3	39.7
2015-07-28	71356.0	980.0	8408.0	67840.0	60893.0	1108.0	627.0	32.1	25.2	42.3	39.8
2015-08-04	71245.0	1130.0	8548.0	67661.0	60829.0	1166.0	580.0	31.9	26.0	42.9	40.5
2015-08-11	68992.0	985.0	8229.0	65514.0	58853.0	1108.0	525.0	28.9	26.0	40.9	39.4
2015-08-18	70413.0	1221.0	8336.0	66779.0	60202.0	1038.0	500.0	27.8	25.7	40.1	39.4
2015-08-25	70710.0	1166.0	8396.0	67160.0	60456.0	1026.0	500.0	27.1	25.2	39.2	38.1
2015-09-01	73265.0	1209.0	8787.0	69718.0	62646.0	1016.0	510.0	27.1	24.3	38.2	37.0
2015-09-08	68986.0	1299.0	8325.0	65551.0	58983.0	994.0	536.0	28.8	25.9	38.3	38.2
2015-09-15	73035.0	1389.0	8325.0	69352.0	63014.0	1134.0	536.0	27.0	24.2	36.5	35.9
2015-09-22	81386.0	1428.0	8415.0	77478.0	71019.0	989.0	461.0	25.3	24.0	33.7	34.3
2015-09-29	81625.0	1240.0	8429.0	77784.0	71178.0	1034.0	451.0	21.4	24.2	29.8	33.2
2015-10-06	79946.0	813.0	8316.0	76724.0	69770.0	1020.0	471.0	23.1	24.0	30.7	33.0
2015-10-13	83414.0	1180.0	8483.0	79828.0	73063.0	1003.0	465.0	20.1	23.5	26.7	32.3
2015-10-20	84736.0	1131.0	8611.0	81080.0	74212.0	1076.0	464.0	20.3	23.6	26.6	32.0
2015-10-27	87815.0	1569.0	8518.0	83711.0	77393.0	1100.0	469.0	20.0	23.2	26.0	32.2
2015-11-03	94137.0	1615.0	8719.0	90107.0	83666.0	1082.0	419.0	19.3	22.1	25.1	31.0
2015-11-10	86724.0	1507.0	8136.0	82875.0	76901.0	998.0	343.0	23.8	24.9	28.0	34.2
2015-11-17	87805.0	1552.0	8618.0	83896.0	77475.0	988.0	343.0	23.5	25.1	28.1	34.1
2015-11-24	89498.0	1880.0	8813.0	85810.0	79538.0	988.0	327.0	22.8	25.0	27.9	34.7
2015-12-01	90930.0	1910.0	8851.0	87290.0	80950.0	928.0	327.0	22.4	24.8	27.5	34.1
2015-12-08	88588.0	1782.0	8349.0	85143.0	79191.0	912.0	297.0	25.9	27.6	31.1	38.1
2015-12-15	97986.0	1887.0	8666.0	94390.0	88132.0	918.0	397.0	28.5	31.2	34.8	40.7
2015-12-22	99877.0	2017.0	8756.0	96113.0	89925.0	918.0	367.0	28.2	31.0	34.8	40.2
2015-12-29	100503.0	2134.0	9284.0	96693.0	90064.0	858.0	337.0	27.6	31.1	34.3	40.2
2016-01-05	102114.0	2119.0	9429.0	98239.0	91514.0	967.0	382.0	27.1	30.8	33.9	39.9
