2010-04-27	18349.0	0.0	30.0	17286.0	18059.0	1063.0	260.0	46.1	55.0	61.2	64.4
2010-05-04	17256.0	0.0	0.0	16468.0	17066.0	788.0	190.0	49.7	56.1	65.8	67.6
2010-05-11	17476.0	0.0	0.0	16658.0	17416.0	818.0	60.0	49.4	54.4	64.6	65.8
2010-05-18	17622.0	20.0	0.0	16804.0	17537.0	773.0	60.0	50.3	54.2	65.5	65.5
2010-05-25	17784.0	0.0	0.0	16911.0	17684.0	873.0	100.0	50.3	54.4	65.3	66.4
2010-06-01	16559.0	275.0	0.0	15596.0	16439.0	688.0	120.0	48.0	54.7	65.3	66.4
2010-06-08	16574.0	275.0	0.0	15651.0	16494.0	648.0	80.0	48.4	54.6	65.4	66.7
2010-06-15	16229.0	275.0	0.0	15281.0	16149.0	673.0	80.0	51.2	54.4	63.7	66.4
2010-06-22	16385.0	185.0	0.0	15537.0	16305.0	663.0	80.0	55.4	54.7	66.0	66.2
2010-06-29	16616.0	185.0	0.0	15753.0	16560.0	678.0	56.0	56.6	56.0	67.0	66.9
2010-07-27	16776.0	185.0	0.0	16144.0	16253.0	447.0	523.0	59.3	54.9	70.3	65.5
2010-08-03	15562.0	90.0	0.0	15161.0	14881.0	311.0	681.0	63.7	56.7	73.8	68.2
2010-08-10	15510.0	90.0	0.0	15009.0	14853.0	411.0	657.0	62.7	57.9	72.6	68.7
2010-08-17	16457.0	90.0	0.0	15881.0	15974.0	486.0	483.0	57.7	62.8	74.2	73.1
2010-08-24	15898.0	90.0	0.0	15302.0	15161.0	506.0	737.0	57.3	62.9	74.9	74.1
2010-08-31	15841.0	90.0	0.0	15295.0	15104.0	456.0	737.0	58.2	63.3	76.0	74.9
2010-09-07	14549.0	45.0	0.0	14114.0	13707.0	390.0	842.0	61.7	63.8	78.4	76.6
2010-09-14	14888.0	45.0	0.0	14423.0	14016.0	420.0	872.0	61.7	65.4	78.3	76.5
2010-09-21	15215.0	45.0	0.0	14490.0	14308.0	680.0	907.0	59.4	64.0	75.1	75.1
2010-09-28	14844.0	45.0	0.0	14109.0	13972.0	690.0	872.0	57.5	62.8	75.4	74.7
2010-10-05	13725.0	450.0	0.0	13026.0	12928.0	249.0	797.0	61.4	61.9	81.0	77.5
2010-10-12	14867.0	405.0	0.0	14148.0	14325.0	269.0	497.0	63.1	65.0	81.1	80.8
2010-10-19	14835.0	460.0	0.0	14156.0	14353.0	204.0	467.0	62.5	67.5	81.8	83.5
2010-10-26	15054.0	460.0	0.0	14375.0	14428.0	204.0	611.0	61.6	66.3	81.6	82.7
2010-11-02	15268.0	475.0	0.0	14529.0	14647.0	264.0	621.0	55.8	59.5	76.2	79.1
2010-11-09	16308.0	655.0	0.0	15394.0	15652.0	234.0	631.0	51.0	55.4	71.2	74.6
2010-11-16	16628.0	630.0	0.0	15799.0	15982.0	174.0	621.0	50.8	55.4	70.0	73.2
2010-11-23	16667.0	535.0	0.0	15853.0	16031.0	279.0	636.0	51.4	56.1	70.7	73.4
2010-11-30	16948.0	510.0	0.0	16159.0	16297.0	279.0	651.0	50.9	57.3	70.3	73.8
2010-12-07	16234.0	380.0	0.0	15590.0	15668.0	264.0	566.0	49.7	57.8	70.5	74.1
2010-12-14	16602.0	420.0	0.0	16003.0	16076.0	144.0	491.0	50.0	54.8	68.8	71.0
2010-12-21	16962.0	445.0	0.0	16308.0	16406.0	144.0	491.0	49.7	54.3	67.2	69.9
2010-12-28	17018.0	445.0	0.0	16364.0	16462.0	144.0	491.0	49.8	53.8	67.6	70.3
2011-01-04	16351.0	370.0	0.0	15737.0	15795.0	144.0	456.0	51.6	60.1	71.1	77.4
2011-01-11	16678.0	495.0	0.0	15934.0	16117.0	144.0	456.0	49.7	58.3	69.7	75.0
2011-01-18	16713.0	490.0	0.0	16019.0	16197.0	144.0	456.0	50.0	57.9	69.8	75.1
2011-01-25	17156.0	615.0	10.0	16257.0	16585.0	209.0	486.0	51.7	55.8	70.8	74.2
2011-02-01	16061.0	515.0	0.0	15312.0	15621.0	234.0	440.0	50.4	57.0	71.3	75.7
2011-02-08	16512.0	921.0	0.0	15198.0	16027.0	393.0	485.0	49.7	54.9	65.5	72.0
2011-02-15	16772.0	1011.0	0.0	15458.0	16242.0	258.0	485.0	49.4	54.2	65.1	71.7
2011-02-22	16997.0	1091.0	0.0	15568.0	16462.0	288.0	485.0	49.2	53.4	64.9	71.0
2011-03-01	16069.0	1036.0	0.0	14685.0	15595.0	313.0	439.0	48.1	53.8	63.8	71.7
2011-03-08	16379.0	951.0	80.0	15120.0	15850.0	298.0	439.0	47.2	53.3	62.7	70.5
2011-03-15	16459.0	951.0	20.0	15120.0	15970.0	358.0	439.0	47.8	53.0	63.3	70.2
2011-03-22	16523.0	966.0	55.0	15325.0	15980.0	202.0	458.0	47.0	52.6	62.5	69.9
2011-03-29	16974.0	1116.0	0.0	15470.0	16415.0	288.0	459.0	45.7	52.7	61.2	69.9
2011-04-05	15762.0	1102.0	0.0	14317.0	15243.0	273.0	449.0	44.4	55.1	59.9	71.4
2011-04-12	16167.0	831.0	0.0	14747.0	15708.0	589.0	459.0	43.6	54.1	60.0	71.2
2011-04-19	16722.0	1192.0	0.0	15222.0	16253.0	288.0	449.0	43.0	54.6	57.1	66.9
2011-04-26	17167.0	1172.0	5.0	15667.0	16558.0	213.0	489.0	44.0	53.4	57.8	65.6
2011-05-03	16036.0	1162.0	35.0	14602.0	15449.0	202.0	482.0	41.8	53.3	53.9	64.5
2011-05-10	16055.0	1023.0	55.0	14760.0	15448.0	202.0	482.0	41.4	53.5	52.5	64.3
2011-05-17	16126.0	988.0	110.0	14866.0	15464.0	202.0	482.0	41.8	53.2	52.8	63.7
2011-05-24	16221.0	998.0	110.0	14951.0	15559.0	202.0	482.0	41.1	52.9	52.1	63.5
2011-05-31	16286.0	1048.0	40.0	14936.0	15664.0	202.0	482.0	40.3	53.4	52.0	64.1
2011-06-07	14888.0	977.0	15.0	13640.0	14343.0	181.0	440.0	39.1	54.3	52.7	64.7
2011-06-14	14918.0	917.0	75.0	13745.0	14328.0	181.0	440.0	40.7	55.0	53.8	64.8
2011-06-21	14947.0	947.0	90.0	13759.0	14357.0	211.0	470.0	41.7	54.9	55.9	63.5
2011-06-28	15052.0	947.0	120.0	13894.0	14462.0	181.0	440.0	40.9	54.5	54.3	62.8
2011-07-05	13415.0	886.0	105.0	12276.0	12846.0	223.0	434.0	39.3	57.7	54.6	62.8
2011-07-12	13565.0	886.0	105.0	12499.0	13130.0	150.0	300.0	38.2	57.4	53.4	62.6
2011-07-19	13480.0	766.0	105.0	12474.0	12985.0	150.0	300.0	37.9	57.0	53.4	62.3
2011-07-26	13367.0	731.0	105.0	12444.0	12860.0	150.0	360.0	41.3	58.1	57.3	65.4
2011-08-02	12177.0	655.0	20.0	11255.0	11715.0	150.0	325.0	40.5	59.5	55.8	65.9
2011-08-09	12253.0	640.0	20.0	11336.0	11781.0	150.0	325.0	39.4	58.8	54.6	65.0
2011-08-16	12268.0	310.0	20.0	11658.0	11779.0	156.0	325.0	41.6	58.4	56.9	63.9
2011-08-23	12297.0	278.0	23.0	11695.0	11781.0	185.0	354.0	42.3	58.3	56.7	64.2
2011-08-30	12300.0	288.0	23.0	11688.0	11784.0	185.0	354.0	42.9	58.3	57.7	64.2
2011-09-06	11116.0	245.0	8.0	10536.0	10623.0	184.0	334.0	41.0	60.0	57.4	65.9
2011-09-13	11230.0	245.0	13.0	10713.0	10795.0	184.0	334.0	41.2	60.3	57.4	66.1
2011-09-20	11535.0	245.0	45.0	11075.0	11142.0	70.0	203.0	43.8	60.6	58.4	66.3
2011-09-27	11665.0	311.0	45.0	11139.0	11272.0	70.0	203.0	43.5	60.0	57.5	65.9
2011-10-04	10470.0	135.0	35.0	10046.0	10092.0	159.0	213.0	42.2	61.9	58.8	68.5
2011-10-11	10504.0	135.0	35.0	10100.0	10116.0	139.0	223.0	43.0	61.7	59.7	68.3
2011-10-18	10672.0	135.0	35.0	10230.0	10226.0	177.0	281.0	45.3	61.1	59.8	68.0
2011-10-25	10669.0	135.0	35.0	10275.0	10256.0	129.0	248.0	46.4	60.7	60.9	67.6
2011-11-01	9365.0	120.0	0.0	9032.0	9016.0	213.0	349.0	44.5	63.3	60.5	69.6
2011-11-08	9865.0	237.0	0.0	9396.0	9470.0	207.0	370.0	49.8	63.5	65.3	70.6
2011-11-15	10302.0	150.0	0.0	9869.0	9868.0	283.0	434.0	52.4	63.6	67.4	71.1
2011-11-22	10446.0	150.0	0.0	10040.0	9923.0	256.0	523.0	49.9	61.5	63.6	67.3
2011-11-29	10598.0	150.0	90.0	10192.0	10009.0	256.0	499.0	49.5	60.3	62.2	65.9
2011-12-06	9288.0	145.0	90.0	8858.0	8744.0	285.0	454.0	49.8	63.7	64.4	69.2
2011-12-13	9362.0	145.0	90.0	8903.0	8789.0	314.0	483.0	50.2	63.5	64.3	69.0
2011-12-20	9343.0	145.0	90.0	8913.0	8799.0	285.0	454.0	50.4	63.3	64.6	69.4
2011-12-27	9454.0	145.0	90.0	9024.0	8910.0	285.0	454.0	48.6	64.4	64.3	70.5
2012-01-24	8803.0	150.0	90.0	8065.0	7928.0	588.0	785.0	48.1	66.4	65.3	70.9
2012-01-31	8832.0	150.0	60.0	8050.0	8167.0	632.0	605.0	47.8	66.2	64.5	72.0
2012-02-07	8138.0	248.0	0.0	7333.0	7618.0	527.0	490.0	47.3	67.3	62.1	71.4
2012-02-14	8710.0	255.0	3.0	7919.0	8124.0	509.0	556.0	51.7	64.2	64.8	70.2
2012-02-21	8990.0	575.0	3.0	7793.0	8408.0	595.0	552.0	48.5	62.5	62.0	71.3
2012-02-28	9150.0	770.0	30.0	7787.0	8568.0	593.0	552.0	47.6	60.0	63.1	72.1
2012-03-06	9301.0	610.0	0.0	8059.0	8794.0	632.0	507.0	48.9	59.1	62.7	71.4
2012-03-13	9332.0	600.0	0.0	8189.0	8829.0	543.0	503.0	48.4	59.4	62.2	70.1
2012-03-20	9527.0	1260.0	0.0	7634.0	9024.0	633.0	503.0	46.9	57.5	61.2	71.0
2012-03-27	9451.0	1260.0	0.0	7592.0	8973.0	599.0	478.0	47.1	57.9	60.8	72.0
2012-04-03	8590.0	1200.0	0.0	6883.0	8059.0	507.0	531.0	53.1	59.8	67.0	78.8
2012-04-10	8915.0	1200.0	0.0	7198.0	8384.0	517.0	531.0	54.7	60.6	68.1	79.5
2012-04-17	8915.0	1200.0	0.0	7198.0	8384.0	517.0	531.0	54.7	60.6	68.1	79.5
2012-04-24	8915.0	1200.0	0.0	7198.0	8384.0	517.0	531.0	54.7	60.6	68.1	79.5
2012-05-01	8222.0	1200.0	0.0	6540.0	7872.0	482.0	350.0	59.0	66.1	72.6	82.6
2012-05-08	8327.0	1280.0	0.0	6540.0	7965.0	507.0	362.0	59.7	65.1	73.0	82.8
2012-05-15	8327.0	1280.0	0.0	6540.0	7965.0	507.0	362.0	59.7	65.1	73.0	82.8
2012-05-22	8357.0	1280.0	0.0	6565.0	7965.0	512.0	392.0	60.0	64.9	73.1	82.5
2012-05-29	8822.0	1280.0	0.0	7030.0	8460.0	512.0	362.0	57.7	61.4	69.4	78.7
2012-06-05	7396.0	1175.0	26.0	5514.0	7005.0	707.0	365.0	55.7	60.0	68.8	76.5
2012-06-12	7731.0	1097.0	26.0	6227.0	7345.0	407.0	360.0	57.3	57.4	72.4	77.0
2012-06-19	7791.0	1097.0	26.0	6287.0	7405.0	407.0	360.0	57.6	57.7	72.6	77.2
2012-06-26	7911.0	1097.0	26.0	6452.0	7525.0	362.0	360.0	58.2	57.7	73.2	77.7
2012-07-03	7050.0	1067.0	0.0	5632.0	6595.0	351.0	455.0	60.4	63.1	76.4	82.5
2012-07-10	7176.0	1067.0	0.0	5782.0	6772.0	327.0	404.0	61.5	62.0	77.1	81.1
2012-07-17	6897.0	713.0	0.0	5807.0	6468.0	352.0	404.0	63.5	61.6	76.9	80.0
2012-07-24	6894.0	660.0	0.0	5922.0	6520.0	312.0	374.0	64.6	61.7	78.6	78.9
2012-07-31	6928.0	660.0	0.0	5956.0	6554.0	312.0	374.0	65.5	61.2	78.8	78.6
2012-08-07	6126.0	660.0	0.0	5176.0	5806.0	290.0	320.0	68.9	61.9	81.0	79.0
2012-08-14	6136.0	660.0	0.0	5186.0	5801.0	290.0	335.0	68.8	61.7	80.7	78.8
2012-08-21	6091.0	660.0	0.0	5141.0	5801.0	290.0	290.0	69.3	62.1	81.1	79.4
2012-08-28	6061.0	660.0	0.0	5231.0	5771.0	170.0	290.0	69.6	62.4	81.5	78.4
2012-09-04	5125.0	660.0	0.0	4262.0	4889.0	203.0	236.0	70.9	65.2	82.4	82.3
2012-09-11	5155.0	660.0	0.0	4247.0	4919.0	248.0	236.0	71.0	64.8	81.7	81.8
2012-09-18	5065.0	660.0	0.0	4142.0	4829.0	263.0	236.0	72.3	64.2	82.7	81.5
2012-09-25	5185.0	660.0	0.0	4217.0	4949.0	308.0	236.0	72.1	62.7	82.3	80.5
2012-11-27	6342.0	1635.0	0.0	4363.0	6043.0	344.0	299.0	59.4	49.8	68.3	67.4
2012-12-04	6057.0	1710.0	0.0	3875.0	5812.0	472.0	245.0	63.4	49.0	68.9	67.0
2012-12-11	6332.0	1710.0	0.0	4187.0	6178.0	435.0	154.0	60.7	46.3	65.9	60.4
2012-12-18	6566.0	1710.0	0.0	4421.0	6382.0	435.0	184.0	58.5	44.7	64.0	58.2
2012-12-24	6596.0	1710.0	0.0	4451.0	6352.0	435.0	244.0	58.2	44.5	63.7	58.2
2012-12-31	6596.0	1710.0	0.0	4451.0	6322.0	435.0	274.0	58.2	44.5	63.7	58.2
2013-02-12	6965.0	1690.0	0.0	5206.0	6613.0	69.0	352.0	46.8	35.2	53.6	47.8
2013-02-19	7025.0	1690.0	0.0	5266.0	6673.0	69.0	352.0	46.4	34.9	53.6	47.4
2013-02-26	7010.0	1690.0	0.0	5251.0	6658.0	69.0	352.0	47.3	35.2	55.8	49.7
2013-03-19	6503.0	1430.0	0.0	4941.0	6109.0	132.0	394.0	43.9	33.6	52.3	46.5
2013-03-26	6444.0	1205.0	0.0	5143.0	6169.0	80.0	259.0	40.8	32.7	48.9	45.8
2013-04-02	5834.0	855.0	0.0	4849.0	5321.0	130.0	513.0	39.0	31.1	47.4	45.1
2013-04-09	6281.0	855.0	0.0	5296.0	5772.0	130.0	509.0	35.3	28.9	42.1	40.4
2013-04-16	6281.0	855.0	0.0	5296.0	5772.0	130.0	509.0	35.3	28.9	42.1	40.4
2013-04-23	6431.0	975.0	0.0	5326.0	5892.0	130.0	539.0	37.0	28.2	43.7	39.0
2013-04-30	6201.0	895.0	0.0	5176.0	5662.0	130.0	539.0	38.7	29.2	45.2	39.8
2013-05-07	6455.0	1100.0	0.0	5240.0	5787.0	115.0	668.0	41.6	27.6	47.3	40.0
2013-05-14	6785.0	1220.0	0.0	5495.0	6694.0	70.0	91.0	39.9	29.4	45.6	45.7
2013-05-21	6916.0	1220.0	0.0	5626.0	6825.0	70.0	91.0	41.1	29.2	50.7	49.0
2013-05-28	7331.0	1820.0	0.0	5441.0	7240.0	70.0	91.0	47.8	28.9	57.2	50.5
2013-06-04	7706.0	2365.0	0.0	5241.0	7556.0	100.0	150.0	55.9	31.7	62.7	53.0
2013-06-11	8341.0	2965.0	0.0	5251.0	8191.0	125.0	150.0	58.9	31.8	63.1	52.8
2013-06-18	10707.0	5365.0	0.0	5052.0	10527.0	290.0	180.0	62.8	32.0	62.8	50.0
2013-06-25	11057.0	5725.0	0.0	5042.0	10877.0	290.0	180.0	64.0	33.7	64.0	51.1
2014-09-09	9858.0	3935.0	0.0	5843.0	9220.0	80.0	638.0	65.1	53.1	69.0	62.8
2014-09-16	10453.0	3935.0	0.0	6438.0	9815.0	80.0	638.0	61.4	50.1	65.1	59.2
2014-09-23	11048.0	3935.0	0.0	7033.0	10410.0	80.0	638.0	59.0	48.0	62.5	56.9
2014-09-30	12866.0	3935.0	0.0	8851.0	12228.0	80.0	638.0	52.0	42.6	55.9	50.5
2014-11-04	11252.0	2090.0	0.0	8982.0	10728.0	180.0	524.0	53.4	46.2	56.9	53.6
2014-11-11	11625.0	2090.0	0.0	9355.0	11101.0	180.0	524.0	50.4	42.9	54.7	51.3
2014-11-18	11860.0	2090.0	0.0	9530.0	11306.0	240.0	554.0	50.4	48.7	56.6	53.9
2014-11-25	12716.0	991.0	0.0	11371.0	12078.0	240.0	524.0	48.2	43.1	54.0	51.4
2014-12-09	12672.0	0.0	274.0	12247.0	11711.0	225.0	487.0	40.9	40.0	48.9	46.9
2014-12-16	13858.0	0.0	274.0	13443.0	13077.0	215.0	307.0	42.8	41.7	48.7	48.1
2014-12-23	15375.0	0.0	244.0	15020.0	14684.0	245.0	337.0	40.2	39.5	47.1	45.7
2014-12-30	15527.0	0.0	184.0	15192.0	14916.0	225.0	317.0	40.3	39.7	47.9	45.5
2015-04-28	18288.0	90.0	0.0	17833.0	18043.0	365.0	245.0	37.8	42.7	46.1	48.6
2015-06-16	20058.0	0.0	188.0	19768.0	19733.0	290.0	137.0	27.8	29.2	31.9	31.8
2015-06-23	20013.0	0.0	188.0	19723.0	19688.0	290.0	137.0	28.0	29.1	32.3	31.8
2015-06-30	20148.0	0.0	188.0	19858.0	19823.0	290.0	137.0	28.0	28.9	32.3	31.8
2015-07-07	18888.0	0.0	138.0	18618.0	18633.0	270.0	117.0	29.6	26.6	31.6	31.9
2015-07-14	18843.0	0.0	138.0	18543.0	18588.0	300.0	117.0	28.8	26.7	30.8	31.4
2015-08-25	20191.0	0.0	572.0	19741.0	19366.0	450.0	253.0	28.2	24.6	30.0	29.9
2015-09-01	19751.0	0.0	526.0	19211.0	19001.0	540.0	224.0	33.0	27.4	33.8	34.3
2015-09-08	19851.0	0.0	526.0	19311.0	19101.0	540.0	224.0	31.6	27.7	33.7	34.9
2015-09-15	21246.0	0.0	526.0	20651.0	20496.0	595.0	224.0	30.7	27.2	33.2	34.1
2015-09-22	21611.0	0.0	526.0	21016.0	20861.0	595.0	224.0	29.2	26.9	32.7	33.6
2015-09-29	22536.0	0.0	526.0	21941.0	21786.0	595.0	224.0	28.4	26.1	33.2	32.9
2015-10-06	22179.0	0.0	480.0	21594.0	21479.0	585.0	220.0	32.3	21.5	33.8	32.5
2015-10-13	22854.0	0.0	480.0	22269.0	22154.0	585.0	220.0	32.3	21.8	34.5	32.9
2015-10-20	23368.0	0.0	480.0	22663.0	22668.0	705.0	220.0	32.9	21.4	35.2	32.8
2015-10-27	23293.0	0.0	480.0	22408.0	22593.0	885.0	220.0	38.3	24.8	39.0	36.2
2015-11-03	22334.0	0.0	480.0	21469.0	21699.0	865.0	155.0	41.7	29.1	42.4	39.8
2015-11-10	22534.0	0.0	480.0	21669.0	21899.0	865.0	155.0	41.9	28.8	42.6	39.5
2015-11-17	22879.0	0.0	480.0	22014.0	22244.0	865.0	155.0	42.2	29.3	42.9	39.8
2015-11-24	22764.0	0.0	480.0	21899.0	22129.0	865.0	155.0	41.5	30.1	42.4	40.3
2015-12-01	21857.0	0.0	480.0	21012.0	21272.0	845.0	105.0	42.9	33.1	43.8	43.3
2015-12-08	22737.0	168.0	480.0	21832.0	22092.0	680.0	108.0	41.5	31.5	43.1	41.4
2015-12-15	25492.0	168.0	480.0	24587.0	24847.0	680.0	108.0	40.7	31.2	42.2	40.1
2015-12-22	27957.0	255.0	480.0	26960.0	27335.0	685.0	85.0	39.3	30.3	41.1	39.5
2015-12-29	29153.0	255.0	480.0	28096.0	28511.0	745.0	105.0	37.7	28.2	38.9	36.9
