2010-06-01	32237.0	0.0	3555.0	31982.0	28639.0	255.0	43.0	45.2	52.4	69.1	76.9
2010-06-08	32237.0	0.0	3555.0	31982.0	28639.0	255.0	43.0	45.2	52.4	69.1	76.9
2010-06-15	32237.0	0.0	3555.0	31982.0	28639.0	255.0	43.0	45.2	52.4	69.1	76.9
2010-06-22	37337.0	0.0	3555.0	37082.0	33739.0	255.0	43.0	39.1	45.3	59.7	66.4
2010-06-29	37337.0	0.0	3555.0	37082.0	33739.0	255.0	43.0	39.1	45.3	59.7	66.4
2010-07-06	35269.0	0.0	3225.0	35014.0	32001.0	255.0	43.0	37.6	43.7	57.6	64.5
2010-07-13	35269.0	0.0	3225.0	35014.0	32001.0	255.0	43.0	37.6	43.7	57.6	64.5
2010-07-20	35269.0	0.0	3225.0	35014.0	32001.0	255.0	43.0	37.6	43.7	57.6	64.5
2010-07-27	35269.0	0.0	3225.0	35014.0	32001.0	255.0	43.0	37.6	43.7	57.6	64.5
2010-08-03	32749.0	0.0	2700.0	32494.0	30027.0	255.0	22.0	36.2	41.2	55.2	61.8
2010-08-10	33589.0	0.0	2700.0	33589.0	30889.0	0.0	0.0	35.3	40.2	53.8	60.2
2010-08-17	33844.0	0.0	2700.0	33844.0	30889.0	0.0	255.0	35.0	39.9	53.5	59.8
2010-08-24	33844.0	0.0	2700.0	33844.0	31144.0	0.0	0.0	35.0	39.9	53.5	59.9
2010-08-31	33844.0	0.0	2700.0	33844.0	31144.0	0.0	0.0	35.0	39.9	53.5	59.9
2010-09-07	31204.0	0.0	2150.0	31204.0	29054.0	0.0	0.0	33.2	38.0	50.5	56.6
2010-09-14	31204.0	0.0	2150.0	31204.0	29054.0	0.0	0.0	33.2	38.0	50.5	56.6
2010-09-21	31204.0	0.0	2150.0	31204.0	29054.0	0.0	0.0	33.2	38.0	50.5	56.6
2010-09-28	31204.0	0.0	2150.0	31204.0	29054.0	0.0	0.0	33.2	38.0	50.5	56.6
2010-10-05	28600.0	0.0	1625.0	28600.0	26975.0	0.0	0.0	31.5	37.5	47.9	54.8
2010-10-12	29014.0	0.0	1625.0	29014.0	27134.0	0.0	255.0	31.0	40.9	47.6	57.2
2010-10-19	29014.0	0.0	1625.0	29014.0	27134.0	0.0	255.0	31.0	40.9	47.6	57.2
2010-10-26	29014.0	0.0	1625.0	29014.0	27134.0	0.0	255.0	31.0	40.9	47.6	57.2
2010-11-02	26410.0	0.0	1100.0	26155.0	25055.0	255.0	255.0	29.9	41.2	45.8	54.5
2010-11-09	26410.0	0.0	1100.0	26155.0	25055.0	255.0	255.0	29.9	41.2	45.8	54.5
2010-11-16	26410.0	0.0	1100.0	26155.0	25055.0	255.0	255.0	29.9	41.2	45.8	54.5
2010-11-23	26410.0	0.0	1100.0	26155.0	25055.0	255.0	255.0	29.9	41.2	45.8	54.5
2010-11-30	26410.0	0.0	1100.0	26155.0	25055.0	255.0	255.0	29.9	41.2	45.8	54.5
2010-12-07	24226.0	0.0	575.0	23971.0	23396.0	255.0	255.0	31.3	42.3	44.7	50.4
2010-12-14	24226.0	0.0	575.0	23971.0	23396.0	255.0	255.0	31.3	42.3	44.7	50.4
2010-12-21	24226.0	0.0	575.0	23971.0	23396.0	255.0	255.0	31.3	42.3	44.7	50.4
2010-12-28	24226.0	0.0	575.0	23971.0	23396.0	255.0	255.0	31.3	42.3	44.7	50.4
2011-05-10	22352.0	147.0	0.0	22035.0	22182.0	170.0	170.0	40.2	53.1	53.6	59.8
2011-05-17	22763.0	147.0	0.0	22446.0	22593.0	170.0	170.0	41.3	52.1	54.4	60.5
2011-05-24	23109.0	235.0	0.0	22704.0	22939.0	170.0	170.0	41.8	51.3	54.7	61.1
2011-05-31	23473.0	235.0	0.0	23068.0	23303.0	170.0	170.0	42.7	51.4	55.4	61.7
2011-06-28	24060.0	88.0	0.0	23823.0	23911.0	149.0	149.0	40.5	54.5	55.6	64.4
