2005-01-04	159903.0	16442.0	13687.0	119856.0	119422.0	10722.0	13911.0	32.4	14.6	40.2	21.6
2005-01-11	157747.0	17458.0	9392.0	114948.0	122365.0	12487.0	13136.0	29.5	14.2	37.2	22.9
2005-01-18	168381.0	20112.0	8379.0	121615.0	133646.0	14517.0	14219.0	27.9	14.5	35.2	23.5
2005-01-25	168126.0	24822.0	6800.0	115839.0	136132.0	14405.0	12134.0	26.1	14.4	34.3	23.6
2005-02-01	162159.0	27061.0	6088.0	108567.0	132978.0	14056.0	10618.0	25.2	14.9	33.9	24.5
2005-02-08	164626.0	22472.0	5577.0	108377.0	127523.0	19457.0	17206.0	24.7	13.6	32.8	22.3
2005-02-15	157118.0	21821.0	4164.0	104123.0	124123.0	16214.0	13871.0	24.0	13.6	32.8	22.3
2005-02-22	161227.0	28139.0	3046.0	103063.0	128541.0	15235.0	14850.0	23.8	13.5	32.5	21.4
2005-03-01	156234.0	31099.0	5517.0	94558.0	124220.0	17692.0	13612.0	24.7	14.3	35.2	23.4
2005-03-08	166951.0	44588.0	4424.0	87479.0	133304.0	21263.0	15602.0	20.0	14.1	31.1	23.8
2005-03-15	167857.0	42120.0	4379.0	92126.0	136962.0	19180.0	12085.0	19.2	14.2	29.9	23.8
2005-03-22	179568.0	48826.0	5961.0	96266.0	148421.0	19840.0	10550.0	17.3	14.4	27.6	23.4
2005-03-29	176827.0	47749.0	7244.0	95891.0	143489.0	18699.0	11606.0	17.9	13.2	28.5	22.6
2005-04-05	178811.0	49907.0	5964.0	91458.0	144155.0	22953.0	14199.0	18.9	14.2	29.7	23.8
2005-04-12	171591.0	39973.0	6245.0	97549.0	139263.0	20971.0	12985.0	21.0	15.4	30.9	23.7
2005-04-19	162062.0	36764.0	5616.0	94448.0	131499.0	20164.0	14261.0	22.0	13.5	32.7	22.0
2005-04-26	159754.0	38419.0	7202.0	93041.0	127637.0	18274.0	14895.0	24.3	12.9	35.1	21.5
2005-05-03	146520.0	33496.0	7350.0	89092.0	117159.0	14195.0	12274.0	26.0	12.2	37.8	21.2
2005-05-10	149482.0	31923.0	9449.0	90451.0	116083.0	16227.0	13069.0	23.0	11.9	34.7	19.4
2005-05-17	149061.0	25140.0	12017.0	99760.0	113739.0	12820.0	11964.0	25.6	12.9	36.9	19.4
2005-05-24	144060.0	24950.0	10133.0	94963.0	110468.0	12639.0	11951.0	27.3	12.5	36.9	20.0
2005-05-31	130807.0	25125.0	9332.0	86321.0	102722.0	11165.0	10557.0	29.8	14.1	39.9	24.0
2005-06-07	141590.0	29347.0	9171.0	87268.0	109061.0	13590.0	11973.0	25.1	13.8	35.1	23.4
2005-06-14	153351.0	29783.0	7929.0	92490.0	119928.0	19962.0	14378.0	22.1	14.1	32.0	22.8
2005-06-21	154686.0	37875.0	7992.0	90895.0	125624.0	16329.0	11483.0	19.6	14.5	30.5	24.4
2005-06-28	151796.0	36581.0	7865.0	88183.0	124412.0	19246.0	11733.0	19.5	17.1	30.6	26.5
2005-07-05	146699.0	42687.0	7383.0	79289.0	120820.0	17156.0	10929.0	18.2	17.4	30.4	27.1
2005-07-12	161154.0	45993.0	6958.0	83239.0	129194.0	21904.0	14984.0	14.8	15.5	25.6	24.1
2005-07-19	157927.0	41980.0	9707.0	87989.0	128155.0	18259.0	10366.0	15.0	14.0	24.2	22.6
2005-07-26	155247.0	39370.0	11085.0	89822.0	125637.0	17098.0	9568.0	15.7	13.6	25.3	22.9
2005-08-02	152857.0	44849.0	11875.0	84123.0	126043.0	16751.0	7805.0	16.3	15.8	26.5	27.3
2005-08-09	157071.0	49302.0	9233.0	83428.0	130472.0	16835.0	9860.0	16.0	16.9	26.1	28.4
2005-08-16	160920.0	51164.0	7259.0	82513.0	133897.0	17942.0	10463.0	15.5	18.9	25.2	28.7
2005-08-23	156442.0	47910.0	6115.0	82548.0	132049.0	17350.0	9644.0	15.0	18.7	24.6	27.9
2005-09-06	139725.0	35665.0	5759.0	79913.0	116632.0	17876.0	11063.0	16.6	20.4	26.3	30.8
2005-09-13	137926.0	32607.0	5324.0	80426.0	113744.0	16279.0	10244.0	16.7	19.0	25.1	29.6
2005-09-20	138657.0	29894.0	4025.0	84988.0	116925.0	14986.0	8918.0	16.4	18.9	25.2	28.6
2005-09-27	146536.0	22773.0	4077.0	94447.0	118790.0	15686.0	10039.0	16.5	18.0	25.7	27.2
2005-10-04	134972.0	22754.0	2609.0	86835.0	111646.0	13895.0	9229.0	17.8	18.4	28.5	28.9
2005-10-11	134808.0	26268.0	2405.0	81406.0	109837.0	14826.0	10258.0	17.9	19.2	27.4	30.9
2005-10-18	133768.0	27635.0	3897.0	82743.0	109508.0	12413.0	9386.0	18.3	18.6	27.5	29.6
2005-10-25	138601.0	28461.0	3052.0	86308.0	113086.0	11539.0	10170.0	18.1	16.5	26.1	27.5
2005-11-01	129907.0	28497.0	4752.0	81206.0	106839.0	11217.0	9329.0	19.9	18.3	30.7	28.7
2005-11-08	132044.0	28071.0	6711.0	80581.0	102900.0	12032.0	11073.0	19.6	18.4	29.7	28.7
2005-11-15	138236.0	28866.0	8152.0	85388.0	107307.0	11570.0	10365.0	19.7	18.9	29.0	28.1
2005-11-22	142891.0	29474.0	8163.0	88578.0	109511.0	10263.0	10641.0	20.5	18.5	30.6	27.7
2005-11-29	145655.0	28594.0	10888.0	88559.0	106651.0	13528.0	13142.0	20.2	17.4	31.3	26.9
2005-12-06	143227.0	31900.0	11178.0	83459.0	106665.0	14458.0	11974.0	21.1	18.5	32.4	29.9
2005-12-13	145587.0	32408.0	9425.0	84527.0	112775.0	16683.0	11418.0	20.5	19.0	31.7	29.6
2005-12-20	144622.0	32628.0	10355.0	89032.0	114733.0	14254.0	10826.0	21.7	20.2	33.5	30.5
2005-12-27	143248.0	31634.0	11829.0	89894.0	112720.0	14537.0	11516.0	24.4	19.4	36.1	29.7
2006-01-03	137346.0	35723.0	7299.0	79882.0	113814.0	14753.0	9245.0	23.8	21.4	36.6	31.9
2006-01-10	150176.0	38711.0	6633.0	83886.0	122309.0	18236.0	11891.0	21.4	21.7	33.3	31.7
2006-01-17	157659.0	40472.0	6741.0	85442.0	124188.0	18508.0	13493.0	18.8	20.7	30.0	30.1
2006-01-24	163339.0	41469.0	8039.0	91635.0	132391.0	18270.0	10944.0	19.8	21.5	30.7	30.5
2006-01-31	151546.0	37586.0	7185.0	88373.0	126256.0	16066.0	8584.0	19.9	19.7	31.8	29.9
2006-02-07	157229.0	39613.0	9803.0	89407.0	122872.0	15898.0	12243.0	20.6	18.7	32.4	28.7
2006-02-14	165826.0	46312.0	14423.0	91023.0	124652.0	17293.0	15553.0	18.1	16.5	29.7	26.6
2006-02-21	163746.0	38443.0	16825.0	99198.0	123377.0	17189.0	14628.0	19.3	16.0	32.0	26.4
2006-02-28	150261.0	31878.0	18158.0	92412.0	108150.0	15836.0	13818.0	22.0	18.1	36.0	28.2
2006-03-07	151366.0	29103.0	18275.0	94348.0	106124.0	16318.0	15370.0	23.0	16.9	35.3	26.6
2006-03-14	142380.0	23896.0	10534.0	95569.0	111295.0	13741.0	11377.0	24.7	17.3	36.7	26.5
2006-03-21	137690.0	24686.0	8069.0	89068.0	108439.0	13883.0	11129.0	25.0	18.2	35.7	28.5
2006-03-28	131150.0	23928.0	9001.0	86078.0	103458.0	13080.0	10627.0	25.8	17.3	37.0	27.1
2006-04-04	123675.0	24123.0	9024.0	76489.0	95965.0	14432.0	10055.0	26.1	17.0	36.9	27.4
2006-04-11	125651.0	23925.0	9667.0	74458.0	96305.0	17134.0	9545.0	21.0	21.0	31.0	30.3
2006-04-18	129593.0	28198.0	9024.0	73353.0	100959.0	18291.0	9859.0	18.3	19.0	25.9	27.7
2006-04-25	125493.0	30316.0	6437.0	67882.0	99753.0	18888.0	10896.0	19.9	19.3	27.0	28.4
2006-05-02	109525.0	31837.0	8432.0	52487.0	84077.0	18465.0	10280.0	23.4	18.8	32.2	28.1
2006-05-09	104798.0	22534.0	8275.0	56498.0	77989.0	19409.0	12177.0	21.1	19.2	28.5	27.5
2006-05-16	105948.0	21694.0	6840.0	62166.0	82919.0	15810.0	9911.0	20.4	18.5	29.2	27.9
2006-05-23	102738.0	19293.0	10644.0	61875.0	76993.0	14103.0	7634.0	20.0	17.1	29.1	28.8
2006-05-30	95798.0	19972.0	6593.0	56080.0	74924.0	14806.0	9341.0	22.6	17.7	32.1	30.3
2006-06-06	92074.0	22570.0	7206.0	48615.0	70029.0	15358.0	9308.0	25.0	22.8	34.7	35.2
2006-06-13	91171.0	18076.0	7343.0	51578.0	67018.0	14184.0	9477.0	23.1	19.1	32.3	31.7
2006-06-20	86020.0	13546.0	6517.0	52419.0	64384.0	13128.0	8192.0	25.0	18.8	32.5	33.8
2006-06-27	89729.0	20428.0	6792.0	48333.0	68352.0	15276.0	8893.0	26.4	22.2	35.2	33.1
2006-07-03	89276.0	23878.0	4616.0	45424.0	70610.0	14619.0	8695.0	27.3	23.8	36.9	37.4
2006-07-11	91894.0	28208.0	5074.0	43876.0	73987.0	15133.0	8156.0	25.8	24.0	35.3	40.1
2006-07-18	98700.0	31984.0	5312.0	45388.0	79616.0	16336.0	8780.0	25.2	25.9	34.0	40.3
2006-07-25	95655.0	29145.0	4961.0	46072.0	76739.0	15880.0	9397.0	26.8	24.8	34.4	38.0
2006-08-01	85687.0	25939.0	6801.0	41015.0	69179.0	15331.0	6305.0	27.6	25.0	35.7	40.3
2006-08-08	80034.0	22178.0	7379.0	40361.0	62292.0	14664.0	7532.0	25.1	22.6	33.3	37.9
2006-08-15	71704.0	13216.0	5283.0	42013.0	54815.0	13568.0	8699.0	23.5	18.7	30.4	29.6
2006-08-22	69327.0	11345.0	4934.0	41647.0	53133.0	13155.0	8080.0	24.0	17.7	29.4	27.8
2006-08-29	61491.0	8301.0	6257.0	40240.0	45247.0	10849.0	7886.0	26.8	18.9	33.2	27.9
2006-09-05	58205.0	7463.0	5883.0	38263.0	42562.0	10399.0	7680.0	28.3	19.8	35.6	29.8
2006-09-12	53434.0	7028.0	5266.0	31950.0	35395.0	11852.0	10169.0	24.0	20.5	30.6	31.5
2006-09-19	49591.0	4473.0	7456.0	32948.0	31035.0	10336.0	9266.0	24.5	18.3	30.5	26.5
2006-09-26	41074.0	3832.0	6197.0	26076.0	24699.0	10601.0	9613.0	27.6	23.3	34.8	31.4
2006-10-03	36966.0	2324.0	6385.0	26808.0	20832.0	7373.0	9288.0	32.7	25.9	42.0	36.4
2006-10-10	30287.0	1688.0	4786.0	21795.0	17674.0	6403.0	7426.0	36.5	27.7	44.9	38.8
2006-10-17	27922.0	1445.0	5469.0	18932.0	14877.0	7075.0	7106.0	31.3	22.2	40.1	34.0
2006-10-24	23067.0	768.0	2528.0	14757.0	13333.0	6294.0	5958.0	29.9	24.2	37.2	36.3
2006-10-31	16909.0	1077.0	1976.0	11258.0	9723.0	4225.0	4861.0	31.6	29.0	42.6	44.2
2006-11-07	13261.0	887.0	1382.0	8235.0	8106.0	3685.0	3319.0	24.3	31.4	37.6	44.9
2006-11-14	11557.0	874.0	1012.0	7000.0	6791.0	3183.0	3254.0	23.8	30.3	38.7	43.2
2006-11-21	9047.0	619.0	885.0	5563.0	5411.0	2572.0	2458.0	27.6	31.1	45.6	44.6
2006-11-28	6638.0	791.0	373.0	4118.0	4450.0	1693.0	1779.0	38.1	39.5	59.3	55.6
2006-12-05	4907.0	344.0	740.0	3609.0	2976.0	954.0	1191.0	41.7	40.1	63.7	61.1
