2010-07-20	13014.0	0.0	220.0	12821.0	12432.0	193.0	362.0	48.9	50.8	72.1	68.5
2010-07-27	13014.0	0.0	220.0	12821.0	12432.0	193.0	362.0	48.9	50.8	72.1	68.5
2010-08-03	13050.0	0.0	220.0	12878.0	12489.0	172.0	341.0	56.0	50.9	75.2	71.3
2010-08-10	13560.0	0.0	220.0	13388.0	12999.0	172.0	341.0	57.6	52.8	76.2	72.4
2010-08-17	13560.0	0.0	220.0	13388.0	12999.0	172.0	341.0	57.6	54.7	76.2	74.3
2010-08-24	14070.0	0.0	220.0	13898.0	13509.0	172.0	341.0	59.2	56.3	77.0	75.2
2010-08-31	14580.0	0.0	220.0	14516.0	14019.0	64.0	341.0	56.7	57.8	75.8	75.7
2010-09-28	16992.0	510.0	0.0	16163.0	16163.0	319.0	829.0	53.9	68.9	79.6	85.7
2010-10-05	16320.0	510.0	0.0	15491.0	15491.0	319.0	829.0	56.1	70.9	80.6	86.1
2010-10-12	16830.0	510.0	0.0	16001.0	16001.0	319.0	829.0	57.4	68.7	81.2	84.6
2010-10-19	17340.0	510.0	0.0	16511.0	16511.0	319.0	829.0	55.7	69.6	79.3	85.1
2010-10-26	17340.0	510.0	0.0	16511.0	16511.0	319.0	829.0	55.7	69.6	79.3	85.1
2010-11-02	17043.0	510.0	0.0	15959.0	16214.0	574.0	829.0	56.0	68.2	77.5	84.1
2010-11-09	17043.0	510.0	0.0	15959.0	16214.0	574.0	829.0	56.0	68.2	77.5	84.1
2010-11-16	17298.0	510.0	0.0	16278.0	16469.0	510.0	829.0	55.1	61.2	74.9	78.6
2010-11-23	17298.0	510.0	0.0	16278.0	16469.0	510.0	829.0	55.1	61.2	74.9	78.6
2010-11-30	17298.0	510.0	0.0	16278.0	16469.0	510.0	829.0	55.1	61.2	74.9	78.6
2010-12-07	16668.0	510.0	0.0	15648.0	15839.0	510.0	829.0	64.1	62.6	79.0	82.9
2010-12-14	16750.0	510.0	0.0	15730.0	15921.0	510.0	829.0	62.1	62.3	76.9	82.5
2010-12-21	16750.0	510.0	0.0	15730.0	15921.0	510.0	829.0	62.1	63.4	76.9	82.5
2010-12-28	16750.0	510.0	0.0	15730.0	15921.0	510.0	829.0	62.1	63.4	76.9	82.5
2011-01-11	16541.0	510.0	0.0	15521.0	16222.0	510.0	319.0	59.9	59.3	76.9	78.2
2011-01-18	17051.0	510.0	0.0	16031.0	16732.0	510.0	319.0	58.1	60.5	74.6	78.9
2011-01-25	17607.0	510.0	0.0	16587.0	17288.0	510.0	319.0	54.9	60.5	70.8	76.4
2011-02-01	16808.0	510.0	86.0	15809.0	16403.0	489.0	319.0	55.2	58.8	71.3	75.2
2011-02-08	16850.0	510.0	86.0	15851.0	16445.0	489.0	319.0	55.6	58.6	71.6	75.0
2011-02-15	17659.0	510.0	86.0	16446.0	17254.0	703.0	319.0	51.8	62.8	67.1	74.0
2011-02-22	17659.0	510.0	86.0	16446.0	17254.0	703.0	319.0	51.8	62.8	67.1	74.0
2011-03-01	18128.0	510.0	86.0	16491.0	17468.0	1127.0	574.0	48.1	53.2	62.4	69.3
2011-03-08	18128.0	510.0	86.0	16721.0	17468.0	897.0	574.0	48.1	53.2	62.4	69.3
2011-03-15	18172.0	510.0	86.0	16765.0	17512.0	897.0	574.0	47.9	53.0	62.2	69.4
2011-03-22	19063.0	510.0	212.0	17870.0	18277.0	683.0	574.0	46.4	50.6	62.5	66.1
2011-03-29	20103.0	510.0	401.0	18910.0	19128.0	683.0	574.0	49.3	47.9	65.5	65.9
2011-04-05	19180.0	510.0	401.0	18033.0	18205.0	637.0	574.0	48.3	46.2	65.2	65.1
2011-04-12	19435.0	510.0	401.0	18033.0	18715.0	892.0	319.0	47.6	48.2	64.3	66.8
2011-04-19	20200.0	510.0	401.0	18798.0	19480.0	892.0	319.0	49.6	46.3	65.7	65.7
2011-04-26	20420.0	510.0	841.0	19018.0	19260.0	892.0	319.0	49.1	44.8	65.0	63.9
2011-05-03	20519.0	510.0	526.0	19159.0	19674.0	850.0	319.0	45.4	44.6	64.7	65.1
2011-05-10	20519.0	510.0	526.0	19159.0	19674.0	850.0	319.0	45.4	44.6	64.7	65.1
2011-05-17	20519.0	510.0	526.0	19584.0	19674.0	425.0	319.0	46.6	44.6	66.8	65.1
2011-05-24	21029.0	510.0	526.0	20094.0	20184.0	425.0	319.0	47.9	43.5	67.6	63.6
2011-05-31	22415.0	510.0	526.0	21480.0	21570.0	425.0	319.0	44.9	44.2	64.4	61.0
2011-06-07	20315.0	510.0	526.0	19401.0	19470.0	404.0	319.0	47.3	40.8	66.4	61.9
2011-06-14	20315.0	510.0	526.0	19401.0	19470.0	404.0	319.0	47.3	40.8	66.4	61.9
2011-06-21	20315.0	510.0	526.0	19401.0	19470.0	404.0	319.0	47.3	40.8	66.4	61.9
2011-06-28	20355.0	510.0	526.0	19421.0	19510.0	424.0	319.0	47.2	40.8	66.3	61.8
2011-07-05	18293.0	510.0	86.0	17381.0	17888.0	402.0	319.0	51.0	47.0	69.9	67.3
2011-07-12	18293.0	510.0	86.0	17381.0	18143.0	402.0	64.0	51.0	48.4	69.9	68.7
2011-07-19	18293.0	510.0	86.0	17361.0	18143.0	422.0	64.0	51.0	48.5	69.9	68.8
2011-07-26	18640.0	576.0	132.0	17662.0	18398.0	402.0	110.0	48.4	47.6	68.5	67.6
2011-08-02	21505.0	768.0	92.0	20104.0	20945.0	633.0	468.0	41.4	51.3	63.9	69.3
2011-08-09	21127.0	768.0	92.0	20104.0	20945.0	255.0	90.0	42.2	52.2	65.1	70.5
2011-08-16	21421.0	768.0	92.0	20398.0	21239.0	255.0	90.0	41.6	52.9	64.2	70.9
2011-08-23	21421.0	768.0	92.0	20398.0	21239.0	255.0	90.0	41.6	52.9	64.2	70.9
2011-08-30	22186.0	768.0	92.0	21163.0	22004.0	255.0	90.0	41.3	52.2	63.1	69.6
2011-09-06	20645.0	699.0	0.0	19691.0	20624.0	255.0	21.0	42.0	58.9	62.3	73.2
2011-09-13	20645.0	699.0	0.0	19691.0	20624.0	255.0	21.0	42.0	58.9	62.3	73.2
2011-09-20	20645.0	699.0	0.0	19691.0	20624.0	255.0	21.0	42.0	58.9	62.3	73.2
2011-09-27	20645.0	699.0	0.0	19691.0	20624.0	255.0	21.0	42.0	58.9	62.3	73.2
2011-10-04	18629.0	933.0	0.0	17696.0	18629.0	0.0	0.0	43.3	55.2	63.1	71.3
2011-10-11	18717.0	933.0	88.0	17784.0	18629.0	0.0	0.0	43.6	54.9	62.9	71.0
2011-10-18	19482.0	933.0	88.0	18549.0	19394.0	0.0	0.0	41.9	54.1	64.4	69.6
2011-10-25	19737.0	933.0	88.0	18741.0	19394.0	63.0	255.0	43.3	54.7	62.9	70.0
2011-11-01	18018.0	765.0	238.0	17064.0	17378.0	42.0	255.0	45.8	49.7	65.8	71.8
2011-11-08	18018.0	765.0	196.0	17064.0	17420.0	42.0	255.0	47.2	51.2	67.2	73.4
2011-11-15	18528.0	765.0	196.0	17064.0	17930.0	552.0	255.0	45.9	52.5	65.4	74.2
2011-11-22	18784.0	765.0	196.0	17064.0	18186.0	808.0	255.0	45.3	53.2	64.5	74.5
2011-11-29	19834.0	765.0	196.0	17904.0	18186.0	1018.0	1305.0	42.9	50.4	61.1	66.3
2011-12-06	17713.0	765.0	1267.0	16140.0	16170.0	787.0	255.0	45.9	48.6	64.7	71.9
2011-12-13	17713.0	765.0	1267.0	16140.0	16170.0	787.0	255.0	45.9	48.6	64.7	71.9
2011-12-20	17713.0	765.0	1267.0	16140.0	16170.0	787.0	255.0	46.2	48.6	65.1	71.9
2011-12-27	17713.0	765.0	1267.0	16140.0	16170.0	787.0	255.0	46.2	48.6	65.1	71.9
2012-01-03	15739.0	765.0	88.0	14208.0	15396.0	766.0	255.0	48.3	57.0	69.2	78.1
2012-01-10	15739.0	765.0	88.0	14208.0	15396.0	766.0	255.0	48.3	57.0	69.2	78.1
2012-01-17	16251.0	765.0	88.0	14464.0	15908.0	1022.0	255.0	42.5	52.1	62.3	72.5
2012-01-24	16314.0	765.0	63.0	14527.0	15996.0	1022.0	255.0	42.7	51.9	62.4	72.2
2012-01-31	16314.0	765.0	63.0	14527.0	15996.0	1022.0	255.0	42.7	51.9	62.4	72.2
2012-02-07	15432.0	702.0	63.0	13708.0	15135.0	1022.0	234.0	42.3	52.0	61.3	72.0
2012-02-14	15432.0	702.0	63.0	13708.0	14901.0	1022.0	468.0	42.3	52.0	61.3	72.0
2012-02-21	15432.0	702.0	63.0	13708.0	14901.0	1022.0	468.0	42.3	52.0	61.3	72.0
2012-02-28	15652.0	702.0	19.0	13752.0	14989.0	1022.0	468.0	41.7	51.3	60.4	71.0
2012-03-06	14749.0	683.0	0.0	12933.0	14191.0	1001.0	426.0	41.5	51.4	59.1	70.8
2012-03-13	14749.0	683.0	0.0	12933.0	14191.0	1001.0	426.0	41.5	51.4	59.1	70.8
2012-03-20	14749.0	683.0	0.0	12933.0	14191.0	1001.0	426.0	41.5	51.4	59.1	70.8
2012-03-27	14941.0	683.0	0.0	13125.0	14383.0	1001.0	426.0	42.3	50.8	59.6	69.9
2012-04-03	14127.0	749.0	0.0	12399.0	13745.0	979.0	382.0	42.6	51.8	59.5	70.3
2012-04-10	14127.0	749.0	0.0	12399.0	13745.0	979.0	382.0	42.6	51.8	59.5	70.3
2012-04-17	14383.0	573.0	80.0	12655.0	13745.0	979.0	382.0	40.0	50.9	57.6	69.1
2012-04-24	14383.0	573.0	80.0	12655.0	13745.0	979.0	382.0	40.0	50.9	57.6	69.1
2012-05-01	13732.0	510.0	80.0	12088.0	13136.0	958.0	340.0	40.3	51.5	57.1	68.8
2012-05-08	13820.0	510.0	80.0	12176.0	13224.0	958.0	340.0	40.7	51.2	57.3	68.4
2012-05-15	15605.0	510.0	80.0	13961.0	15009.0	958.0	340.0	41.8	56.7	59.2	72.0
2012-05-22	15626.0	510.0	80.0	13982.0	15030.0	958.0	340.0	41.4	56.3	58.7	71.5
2012-05-29	16136.0	510.0	590.0	14492.0	15030.0	958.0	340.0	40.0	54.5	60.0	69.7
2012-06-05	15750.0	444.0	974.0	14194.0	14304.0	936.0	296.0	41.9	54.1	61.1	71.1
2012-06-12	16093.0	444.0	974.0	14537.0	14647.0	936.0	296.0	43.7	56.2	62.5	72.7
2012-06-19	16093.0	444.0	974.0	14537.0	14647.0	936.0	296.0	43.7	56.2	62.5	72.7
2012-06-26	16093.0	444.0	974.0	14537.0	14647.0	936.0	296.0	43.7	56.2	62.5	72.7
2012-07-03	15253.0	381.0	974.0	13781.0	13849.0	915.0	254.0	45.4	58.0	64.0	74.4
2012-07-10	15295.0	381.0	868.0	13781.0	13955.0	915.0	254.0	45.3	58.5	63.8	74.2
2012-07-17	15295.0	381.0	868.0	13781.0	13955.0	915.0	254.0	45.3	58.5	63.8	74.2
2012-07-24	15805.0	381.0	868.0	14291.0	14465.0	915.0	254.0	43.8	56.7	62.3	71.8
2012-07-31	16779.0	381.0	868.0	15265.0	15439.0	915.0	254.0	43.2	53.4	65.2	71.4
2012-08-07	15865.0	318.0	1182.0	14404.0	14452.0	1124.0	212.0	45.0	56.7	67.5	74.0
2012-08-14	15865.0	318.0	1182.0	14634.0	14452.0	894.0	212.0	45.0	56.7	67.5	76.0
2012-08-21	15865.0	318.0	1182.0	14634.0	14452.0	894.0	212.0	45.0	56.7	67.5	76.0
2012-08-28	16036.0	318.0	1692.0	14805.0	14113.0	894.0	212.0	44.0	55.0	66.3	74.6
2012-09-04	14817.0	249.0	1577.0	13678.0	13055.0	871.0	166.0	47.3	56.5	69.5	76.0
2012-09-11	14817.0	249.0	1577.0	13678.0	13055.0	871.0	166.0	47.3	56.5	69.5	76.0
2012-09-18	15072.0	249.0	1740.0	13933.0	13147.0	871.0	166.0	46.5	56.6	68.4	75.8
2012-09-25	15072.0	249.0	1740.0	13933.0	13147.0	871.0	166.0	46.5	56.6	68.4	75.8
2012-10-02	14464.0	192.0	1759.0	13420.0	12577.0	852.0	128.0	48.4	58.4	69.5	77.0
2012-10-09	14464.0	192.0	1675.0	13420.0	12661.0	852.0	128.0	48.4	58.4	69.5	77.0
2012-10-16	14464.0	192.0	1675.0	13420.0	12661.0	852.0	128.0	48.4	58.4	69.5	77.0
2012-10-23	14716.0	192.0	1885.0	13672.0	12703.0	852.0	128.0	48.0	57.9	68.8	74.7
2012-10-30	14716.0	192.0	1885.0	13672.0	12703.0	852.0	128.0	48.0	57.9	68.8	74.7
2012-11-06	14051.0	123.0	1770.0	13099.0	12199.0	829.0	82.0	52.1	62.6	71.9	78.4
2012-11-13	16000.0	123.0	1891.0	15048.0	14068.0	829.0	41.0	47.3	59.8	67.0	76.6
2012-11-20	16000.0	123.0	1891.0	15048.0	14068.0	829.0	41.0	46.5	59.8	67.0	76.6
2012-11-27	16366.0	123.0	2191.0	15414.0	14134.0	829.0	41.0	45.4	58.4	66.3	74.9
2012-12-04	20395.0	60.0	2401.0	19272.0	17974.0	1063.0	20.0	40.4	70.5	60.2	83.5
2012-12-11	20986.0	60.0	3166.0	19863.0	17800.0	1063.0	20.0	40.8	70.0	59.6	81.6
2012-12-18	21196.0	60.0	3166.0	20073.0	18010.0	1063.0	20.0	41.4	70.3	60.0	81.8
2012-12-24	23243.0	60.0	3166.0	22120.0	20057.0	1063.0	20.0	45.4	70.4	63.6	83.2
2012-12-31	23243.0	60.0	3166.0	22120.0	20057.0	1063.0	20.0	45.4	70.4	63.6	83.2
2013-01-08	22626.0	0.0	2586.0	21583.0	20040.0	1043.0	0.0	47.0	72.7	67.7	85.3
2013-01-15	22626.0	0.0	2586.0	22349.0	20040.0	277.0	0.0	46.3	72.7	67.0	85.3
2013-01-22	22626.0	0.0	2586.0	22349.0	20040.0	277.0	0.0	46.3	72.7	67.0	85.3
2013-01-29	21987.0	0.0	1947.0	21710.0	20040.0	277.0	0.0	44.8	74.8	66.0	86.6
2013-02-05	22059.0	0.0	1485.0	21826.0	20574.0	233.0	0.0	45.5	76.0	68.9	86.9
2013-02-12	22949.0	0.0	1485.0	22716.0	21464.0	233.0	0.0	42.2	73.7	65.1	84.1
2013-02-19	22991.0	0.0	1527.0	22758.0	21464.0	233.0	0.0	42.1	73.8	65.0	84.2
2013-02-26	26818.0	2211.0	1527.0	24374.0	25291.0	233.0	0.0	43.0	67.4	66.2	80.1
2013-03-05	25924.0	2211.0	1107.0	23500.0	24817.0	213.0	0.0	42.7	68.7	66.4	80.5
2013-03-12	24947.0	0.0	1107.0	24734.0	23840.0	213.0	0.0	46.1	71.4	70.7	83.7
2013-03-19	24947.0	0.0	1107.0	24734.0	23840.0	213.0	0.0	46.1	71.4	70.7	83.7
2013-03-26	25810.0	0.0	1107.0	25597.0	24703.0	213.0	0.0	48.2	71.0	70.3	82.8
2013-04-02	25030.0	0.0	960.0	24838.0	24070.0	192.0	0.0	48.8	71.8	71.1	83.1
2013-04-09	25190.0	0.0	960.0	24998.0	24230.0	192.0	0.0	48.5	71.3	70.6	82.5
2013-04-16	31255.0	0.0	1160.0	31063.0	30095.0	192.0	0.0	39.8	48.7	58.0	62.8
2013-04-23	31711.0	0.0	1160.0	31519.0	30551.0	192.0	0.0	41.1	48.3	59.7	62.3
2013-04-30	34026.0	0.0	1160.0	33834.0	32866.0	192.0	0.0	42.4	44.4	58.1	57.4
2013-05-07	33780.0	0.0	1050.0	33610.0	32730.0	170.0	0.0	41.8	45.4	59.7	57.8
2013-05-14	33832.0	0.0	1050.0	33662.0	32782.0	170.0	0.0	41.5	45.3	59.6	57.7
2013-05-21	34822.0	0.0	1050.0	34652.0	33772.0	170.0	0.0	43.2	45.8	61.0	58.7
2013-05-28	35782.0	0.0	1050.0	35612.0	34732.0	170.0	0.0	42.1	43.4	59.4	56.3
2013-06-04	33125.0	0.0	1040.0	32977.0	32085.0	148.0	0.0	42.8	46.5	63.9	61.2
2013-06-11	33325.0	0.0	1040.0	33177.0	32285.0	148.0	0.0	42.6	46.2	62.5	60.9
2013-06-18	33492.0	0.0	1040.0	33344.0	32452.0	148.0	0.0	43.7	46.7	61.7	61.2
2013-06-25	33086.0	0.0	1040.0	32938.0	32046.0	148.0	0.0	42.7	49.2	61.5	64.3
2013-07-02	32374.0	0.0	1060.0	32246.0	31314.0	128.0	0.0	42.8	47.8	63.1	63.6
2013-07-09	35272.0	0.0	1060.0	35144.0	34212.0	128.0	0.0	42.6	43.8	63.7	60.4
2013-07-16	39440.0	0.0	955.0	39207.0	38380.0	128.0	0.0	42.0	46.3	62.9	61.8
2013-07-23	39880.0	0.0	955.0	39647.0	38820.0	128.0	0.0	42.7	45.8	63.3	61.6
2013-07-30	40224.0	0.0	955.0	39991.0	39164.0	128.0	0.0	42.6	44.9	63.0	60.6
2013-08-06	37953.0	0.0	625.0	37742.0	37223.0	106.0	0.0	42.7	47.7	65.0	63.6
2013-08-13	39735.0	0.0	740.0	39524.0	38890.0	106.0	0.0	44.2	45.0	64.3	60.7
2013-08-20	39875.0	0.0	640.0	39564.0	39030.0	106.0	0.0	43.8	44.9	64.2	60.9
2013-08-27	42345.0	0.0	640.0	42034.0	41500.0	106.0	0.0	40.5	41.3	63.1	61.6
2013-09-03	40504.0	0.0	530.0	40215.0	39769.0	84.0	0.0	38.9	43.8	62.9	62.7
2013-09-10	40780.0	0.0	806.0	40491.0	39769.0	84.0	0.0	38.9	43.5	62.7	62.2
2013-09-17	43284.0	0.0	806.0	42995.0	42273.0	84.0	0.0	42.4	50.2	67.9	67.5
2013-09-24	46997.0	0.0	806.0	46708.0	45986.0	84.0	0.0	39.7	52.5	65.4	68.5
2013-10-01	47786.0	0.0	606.0	47617.0	47075.0	64.0	0.0	37.2	52.6	61.9	73.2
2013-10-08	47723.0	0.0	606.0	47554.0	47012.0	64.0	0.0	36.6	53.1	61.3	73.8
2013-10-15	49358.0	0.0	606.0	49189.0	48647.0	64.0	0.0	37.7	54.5	61.6	74.4
2013-10-22	51662.0	0.0	606.0	51493.0	50951.0	64.0	0.0	36.4	54.2	59.4	73.2
2013-10-29	54556.0	0.0	606.0	54387.0	53845.0	64.0	0.0	36.5	55.6	59.4	72.7
2013-11-05	53475.0	0.0	100.0	53329.0	53270.0	41.0	0.0	37.0	57.0	61.9	73.1
2013-11-12	57327.0	1275.0	100.0	55906.0	57122.0	41.0	0.0	39.4	55.5	61.8	73.5
2013-11-19	57957.0	1275.0	100.0	56536.0	57752.0	41.0	0.0	40.3	53.8	63.2	73.8
2013-11-26	58503.0	0.0	100.0	58357.0	58298.0	41.0	0.0	40.3	54.1	63.0	74.2
2013-12-03	57198.0	0.0	0.0	57072.0	57093.0	21.0	0.0	41.9	55.9	64.8	76.5
2013-12-10	57198.0	0.0	0.0	57072.0	57093.0	21.0	0.0	41.9	55.9	64.8	76.5
2013-12-17	57198.0	0.0	0.0	57072.0	57093.0	21.0	0.0	41.9	55.9	64.8	76.5
2013-12-24	57324.0	0.0	0.0	57198.0	57219.0	21.0	0.0	41.8	55.8	64.6	76.3
2014-01-07	54552.0	105.0	0.0	54447.0	54552.0	0.0	0.0	42.7	57.7	66.3	78.7
2014-01-14	54752.0	105.0	0.0	54647.0	54752.0	0.0	0.0	42.6	57.5	66.1	78.5
2014-01-21	54752.0	105.0	0.0	54647.0	54752.0	0.0	0.0	42.6	57.5	66.1	78.5
2014-01-28	54652.0	105.0	0.0	54547.0	54652.0	0.0	0.0	42.3	57.6	65.8	78.6
2014-02-04	49488.0	105.0	0.0	49343.0	49448.0	40.0	40.0	44.8	54.9	66.9	78.8
2014-02-11	49428.0	105.0	0.0	49323.0	49428.0	0.0	0.0	44.7	54.9	67.0	78.9
2014-02-18	49428.0	105.0	0.0	49323.0	49428.0	0.0	0.0	44.7	54.9	67.0	78.9
2014-02-25	49428.0	105.0	0.0	49323.0	49428.0	0.0	0.0	44.7	54.9	67.0	78.9
2014-03-04	46388.0	105.0	0.0	46283.0	46175.0	0.0	213.0	46.3	56.2	68.6	80.0
2014-03-11	46388.0	105.0	0.0	46283.0	46175.0	0.0	213.0	46.3	56.2	68.6	80.0
2014-03-18	46388.0	105.0	0.0	46283.0	46175.0	0.0	213.0	46.3	56.2	68.6	80.0
2014-03-25	46388.0	105.0	0.0	46283.0	46175.0	0.0	213.0	46.3	56.2	68.6	80.2
2014-04-01	44204.0	105.0	0.0	44099.0	44012.0	0.0	192.0	46.8	56.2	69.0	80.7
2014-04-08	44204.0	105.0	0.0	44099.0	44012.0	0.0	192.0	46.8	56.2	69.0	80.7
2014-04-15	44204.0	105.0	0.0	44099.0	44012.0	0.0	192.0	46.8	56.2	69.0	80.7
2014-04-22	44204.0	105.0	0.0	44099.0	44012.0	0.0	192.0	46.8	56.2	69.0	80.7
2014-04-29	45409.0	105.0	0.0	45304.0	45217.0	0.0	192.0	45.6	56.5	67.2	78.5
2014-05-06	42901.0	105.0	0.0	42796.0	42731.0	0.0	170.0	46.1	57.1	67.4	79.4
2014-05-13	42901.0	105.0	0.0	42796.0	42731.0	0.0	170.0	46.1	57.1	67.4	79.4
2014-05-20	43157.0	105.0	0.0	43052.0	42987.0	0.0	170.0	45.8	57.4	67.0	79.5
2014-05-27	43157.0	105.0	0.0	43052.0	42987.0	0.0	170.0	45.8	57.4	67.0	79.5
2014-06-03	40763.0	105.0	0.0	40658.0	40614.0	0.0	149.0	46.1	58.0	66.6	80.6
2014-06-10	40763.0	105.0	0.0	40658.0	40614.0	0.0	149.0	46.1	58.0	66.6	80.6
2014-06-17	40763.0	105.0	0.0	40658.0	40614.0	0.0	149.0	46.1	58.0	66.6	80.6
2014-06-24	40763.0	105.0	0.0	40658.0	40614.0	0.0	149.0	46.1	58.0	66.6	80.6
2014-07-01	38536.0	105.0	880.0	38431.0	37528.0	0.0	128.0	46.2	56.4	66.6	79.5
2014-07-08	38536.0	105.0	880.0	38431.0	37528.0	0.0	128.0	46.2	56.4	66.6	79.5
2014-07-15	38536.0	105.0	880.0	38431.0	37528.0	0.0	128.0	46.2	56.4	66.6	79.5
2014-07-22	36979.0	105.0	880.0	36874.0	35949.0	0.0	150.0	46.0	51.8	65.6	74.9
2014-07-29	35699.0	105.0	880.0	35594.0	34669.0	0.0	150.0	47.7	53.6	66.9	74.0
2014-08-05	32773.0	105.0	0.0	32668.0	32667.0	0.0	106.0	49.1	56.9	68.2	77.2
2014-08-12	32773.0	105.0	0.0	32668.0	32667.0	0.0	106.0	49.1	56.9	68.2	77.2
2014-08-19	32773.0	105.0	0.0	32668.0	32667.0	0.0	106.0	49.1	56.9	68.2	77.2
2014-08-26	32773.0	105.0	0.0	32668.0	32667.0	0.0	106.0	49.1	56.9	68.2	77.2
2014-09-02	30421.0	105.0	0.0	30316.0	30336.0	0.0	85.0	49.9	57.0	68.7	78.7
2014-09-09	30625.0	105.0	0.0	30520.0	30540.0	0.0	85.0	49.6	62.5	69.4	83.4
2014-09-16	30625.0	105.0	0.0	30520.0	30540.0	0.0	85.0	49.6	62.5	69.4	83.4
2014-09-23	28897.0	105.0	0.0	28792.0	28812.0	0.0	85.0	52.5	59.3	70.2	81.4
2014-09-30	29817.0	105.0	1380.0	29712.0	28352.0	0.0	85.0	50.9	52.8	68.1	77.8
2014-10-07	27360.0	0.0	1380.0	27360.0	25916.0	0.0	64.0	52.8	53.9	70.1	81.7
2014-10-14	27360.0	0.0	1380.0	27360.0	25916.0	0.0	64.0	52.8	53.9	70.1	81.7
2014-10-21	27360.0	0.0	1380.0	27360.0	25916.0	0.0	64.0	52.8	53.9	70.1	81.7
2014-10-28	27360.0	0.0	1380.0	27360.0	25916.0	0.0	64.0	52.8	53.9	70.1	81.7
2014-11-04	24117.0	0.0	0.0	24117.0	24076.0	0.0	41.0	56.5	62.8	75.4	88.5
2014-11-11	24117.0	0.0	0.0	24117.0	24076.0	0.0	41.0	56.5	62.8	75.4	88.5
2014-11-18	24117.0	0.0	0.0	24117.0	24076.0	0.0	41.0	56.5	62.8	75.4	88.5
2014-11-25	24117.0	0.0	0.0	24117.0	24076.0	0.0	41.0	57.6	62.8	76.6	88.5
2014-12-02	22198.0	0.0	0.0	22198.0	22176.0	0.0	22.0	60.1	68.0	80.8	91.4
2014-12-09	22198.0	0.0	0.0	22198.0	22176.0	0.0	22.0	60.1	68.0	80.8	91.4
2014-12-16	22198.0	0.0	0.0	22198.0	22176.0	0.0	22.0	60.1	68.0	80.8	91.4
2014-12-23	22198.0	0.0	0.0	22198.0	22176.0	0.0	22.0	60.1	68.0	80.8	91.4
2014-12-30	22198.0	0.0	0.0	22198.0	22176.0	0.0	22.0	60.1	68.0	80.8	91.4
2015-04-21	20825.0	0.0	0.0	20567.0	20825.0	258.0	0.0	54.1	62.5	72.4	81.9
2015-04-28	20085.0	0.0	0.0	19827.0	20085.0	258.0	0.0	56.1	63.0	75.1	84.9
2015-05-05	17599.0	0.0	0.0	17428.0	17599.0	171.0	0.0	61.5	70.2	82.3	91.5
2015-05-12	17599.0	0.0	0.0	17428.0	17599.0	171.0	0.0	61.5	70.2	82.3	91.5
2015-05-19	17599.0	0.0	0.0	17428.0	17599.0	171.0	0.0	61.5	70.2	82.3	91.5
2015-05-26	17599.0	0.0	0.0	17428.0	17599.0	171.0	0.0	61.5	70.2	82.3	91.5
