2010-11-09	426956.0	6005.0	31155.0	413341.0	388191.0	0.0	0.0	60.1	74.5	75.4	83.0
2010-11-16	426956.0	6005.0	7755.0	413341.0	388191.0	0.0	23400.0	60.1	72.6	75.4	77.6
2010-11-23	428474.0	0.0	7755.0	420864.0	413109.0	0.0	0.0	60.8	74.2	75.4	82.7
2010-11-30	431482.0	0.0	7755.0	423872.0	416117.0	0.0	0.0	60.3	73.7	73.5	82.2
2010-12-07	412232.0	0.0	11605.0	408472.0	396867.0	0.0	0.0	63.2	74.8	76.5	81.8
2010-12-14	412232.0	0.0	11605.0	408472.0	396867.0	0.0	0.0	63.2	74.8	76.5	81.8
2010-12-21	412232.0	0.0	11605.0	408472.0	396867.0	0.0	0.0	63.2	74.8	76.5	81.8
2010-12-28	412232.0	0.0	11605.0	408472.0	396867.0	0.0	0.0	63.2	74.8	76.5	81.8
2011-01-25	416360.0	0.0	2165.0	403864.0	401699.0	0.0	0.0	62.5	73.8	77.0	81.5
2011-02-01	388208.0	45691.0	0.0	328672.0	374363.0	0.0	0.0	65.7	75.9	83.7	89.0
2011-02-08	482288.0	45691.0	0.0	422752.0	468443.0	0.0	0.0	70.6	80.6	86.9	91.1
2011-02-15	576368.0	45691.0	0.0	516832.0	562523.0	0.0	0.0	75.4	83.8	89.0	92.6
2011-02-22	576368.0	45691.0	0.0	516832.0	562523.0	0.0	0.0	75.4	83.8	89.0	92.6
2011-03-15	730080.0	88155.0	0.0	628080.0	716235.0	0.0	0.0	62.8	74.8	77.5	81.5
2011-03-22	730080.0	88155.0	0.0	628080.0	716235.0	0.0	0.0	62.8	74.8	77.5	81.5
2011-03-29	768480.0	49755.0	0.0	666480.0	716235.0	0.0	0.0	59.7	66.1	69.4	72.5
2011-04-05	745605.0	50505.0	0.0	643605.0	694110.0	0.0	0.0	59.1	65.7	68.9	72.0
2011-04-12	745605.0	50505.0	0.0	643605.0	694110.0	0.0	0.0	59.1	65.7	68.9	72.0
2011-04-19	745605.0	50505.0	0.0	643605.0	694110.0	0.0	0.0	59.1	65.7	68.9	72.0
2011-04-26	751610.0	50505.0	0.0	649610.0	700115.0	0.0	0.0	58.7	65.1	68.3	72.2
2011-05-03	689786.0	89673.0	0.0	587786.0	677459.0	0.0	0.0	61.3	73.8	76.3	81.2
2011-05-10	689786.0	89673.0	0.0	587786.0	677459.0	0.0	0.0	61.3	73.8	76.3	81.2
2011-05-17	689786.0	89673.0	0.0	587786.0	677459.0	0.0	0.0	61.3	73.8	76.3	81.2
2011-05-24	702666.0	76793.0	0.0	600666.0	677459.0	0.0	0.0	60.2	70.6	73.1	77.9
2011-05-31	702666.0	76793.0	0.0	600666.0	677459.0	0.0	0.0	60.2	70.6	73.1	77.9
2011-06-07	678594.0	77609.0	0.0	576594.0	654203.0	0.0	0.0	59.5	70.2	72.7	77.4
2011-06-14	678594.0	77609.0	0.0	576594.0	654203.0	0.0	0.0	59.5	70.0	72.7	77.4
2011-06-21	678594.0	77609.0	0.0	576594.0	654203.0	0.0	0.0	59.5	70.0	72.7	77.4
2011-06-28	702042.0	77609.0	0.0	600042.0	677651.0	0.0	0.0	60.8	69.0	70.9	76.8
2011-07-05	668186.0	91225.0	0.0	566186.0	657411.0	0.0	0.0	61.6	71.6	73.6	79.7
2011-07-12	668186.0	91225.0	0.0	566186.0	657411.0	0.0	0.0	61.6	71.6	73.6	79.7
2011-07-19	668186.0	91225.0	0.0	566186.0	657411.0	0.0	0.0	61.6	71.6	73.6	79.7
2011-07-26	785186.0	114625.0	0.0	659786.0	774411.0	0.0	0.0	56.0	69.0	71.4	76.7
2011-08-02	761018.0	115473.0	0.0	635618.0	751091.0	0.0	0.0	61.9	76.7	75.7	81.0
2011-08-09	761018.0	115473.0	0.0	635618.0	751091.0	0.0	0.0	61.9	76.7	75.7	81.0
2011-08-16	855098.0	115473.0	0.0	729698.0	845171.0	0.0	0.0	66.1	79.2	78.4	83.1
2011-08-23	901898.0	115473.0	0.0	776498.0	891971.0	0.0	0.0	57.5	67.3	69.1	73.6
2011-08-30	901898.0	115473.0	0.0	776498.0	891971.0	0.0	0.0	57.5	67.3	69.1	73.6
2011-09-06	874461.0	116225.0	0.0	749061.0	865286.0	0.0	0.0	59.3	67.8	69.5	73.1
2011-09-13	921501.0	163265.0	0.0	749061.0	912326.0	0.0	0.0	56.2	64.3	69.7	74.3
2011-09-20	874461.0	116225.0	0.0	749061.0	865286.0	0.0	0.0	59.3	67.8	69.5	73.1
2011-09-27	880466.0	110220.0	0.0	755066.0	865286.0	0.0	0.0	58.2	67.3	68.4	72.6
2011-10-04	867938.0	110988.0	0.0	742538.0	853526.0	0.0	0.0	60.0	66.5	68.6	72.3
2011-10-11	867938.0	110988.0	0.0	742538.0	853526.0	0.0	0.0	60.0	63.8	68.6	71.5
2011-10-18	891458.0	110988.0	0.0	766058.0	877046.0	0.0	0.0	61.1	64.8	69.5	72.3
2011-10-25	914933.0	110988.0	225.0	777908.0	888671.0	0.0	0.0	59.6	63.1	67.7	70.4
2011-11-01	919931.0	93855.0	0.0	826076.0	919931.0	0.0	0.0	59.2	65.9	69.3	72.8
2011-11-08	980627.0	93855.0	0.0	886772.0	980627.0	0.0	0.0	57.4	63.4	69.4	73.7
2011-11-15	980219.0	93855.0	0.0	886364.0	980219.0	0.0	0.0	57.7	63.4	69.6	73.8
2011-11-22	980219.0	89980.0	0.0	890239.0	980219.0	0.0	0.0	57.7	63.4	69.5	73.8
2011-11-29	985974.0	95735.0	0.0	890239.0	985974.0	0.0	0.0	57.5	63.0	69.6	73.3
2011-12-06	977452.0	95735.0	0.0	881717.0	977452.0	0.0	0.0	60.0	62.0	71.8	72.8
2011-12-13	977452.0	95735.0	0.0	881717.0	977452.0	0.0	0.0	60.0	62.0	71.8	72.8
2011-12-20	977452.0	95735.0	0.0	881717.0	977452.0	0.0	0.0	60.0	62.0	71.8	72.8
2011-12-27	977452.0	95735.0	0.0	881717.0	977452.0	0.0	0.0	60.0	62.0	71.8	72.8
2012-01-03	947668.0	95735.0	0.0	851933.0	947668.0	0.0	0.0	61.6	62.3	73.7	74.3
2012-01-10	947668.0	95735.0	0.0	851933.0	947668.0	0.0	0.0	61.6	62.3	73.7	74.3
2012-01-17	963303.0	99610.0	0.0	863693.0	963303.0	0.0	0.0	62.2	61.3	74.2	73.5
2012-01-24	963303.0	99610.0	0.0	863693.0	963303.0	0.0	0.0	62.2	61.3	74.2	73.5
2012-01-31	963303.0	99610.0	0.0	863693.0	963303.0	0.0	0.0	62.2	61.3	74.2	73.0
2012-02-07	911895.0	91450.0	0.0	820445.0	911895.0	0.0	0.0	61.0	60.7	72.9	71.9
2012-02-14	933450.0	68050.0	0.0	847755.0	915805.0	0.0	0.0	59.5	59.3	69.1	69.9
2012-02-21	933450.0	68050.0	0.0	847755.0	915805.0	0.0	0.0	59.5	59.3	69.1	69.9
2012-02-28	933450.0	68050.0	0.0	847755.0	915805.0	0.0	0.0	59.5	59.3	69.1	69.9
2012-03-06	888090.0	60850.0	0.0	809595.0	870445.0	0.0	0.0	58.2	58.6	67.8	68.5
2012-03-13	892754.0	60850.0	0.0	814259.0	875109.0	0.0	0.0	57.9	58.3	66.9	67.6
2012-03-20	892754.0	60850.0	0.0	814259.0	875109.0	0.0	0.0	57.9	58.3	66.9	67.6
2012-03-27	892754.0	60850.0	0.0	814259.0	875109.0	0.0	0.0	57.9	58.3	66.9	67.6
2012-04-03	841924.0	47165.0	0.0	777114.0	824279.0	0.0	0.0	58.0	57.5	66.0	66.9
2012-04-10	841924.0	47165.0	0.0	777114.0	824279.0	0.0	0.0	58.0	57.5	66.0	66.9
2012-04-17	865444.0	47165.0	0.0	800634.0	847799.0	0.0	0.0	56.4	55.9	64.2	65.1
2012-04-24	888844.0	35450.0	35085.0	824034.0	824399.0	0.0	0.0	54.9	51.8	64.6	64.4
2012-05-01	874374.0	31610.0	44685.0	823004.0	809929.0	0.0	0.0	54.8	49.4	61.9	62.1
2012-05-08	874374.0	31610.0	44685.0	823004.0	809929.0	0.0	0.0	54.8	49.4	61.9	62.1
2012-05-15	879912.0	31610.0	44685.0	828542.0	815467.0	0.0	0.0	54.5	49.1	62.2	61.7
2012-05-22	879912.0	31610.0	44685.0	828542.0	815467.0	0.0	0.0	54.5	49.1	62.2	61.7
2012-05-29	897111.0	31610.0	44685.0	845741.0	832666.0	0.0	0.0	55.7	53.3	66.1	65.8
2012-06-05	1006241.0	27690.0	107255.0	962711.0	883146.0	0.0	0.0	52.1	59.9	67.7	70.3
2012-06-12	1006241.0	27690.0	107255.0	962711.0	883146.0	0.0	0.0	52.1	59.9	67.7	70.3
2012-06-19	1006241.0	27690.0	107255.0	962711.0	883146.0	0.0	0.0	52.1	59.9	67.7	70.3
2012-06-26	1006241.0	27690.0	107255.0	962711.0	883146.0	0.0	0.0	52.1	59.9	67.7	70.3
2012-07-03	963233.0	23850.0	111095.0	927383.0	840138.0	0.0	0.0	51.3	59.4	67.2	69.4
2012-07-10	966369.0	23850.0	111095.0	930519.0	843274.0	0.0	0.0	51.1	59.5	66.9	69.5
2012-07-17	989689.0	31758.0	111095.0	945931.0	866594.0	0.0	0.0	51.5	60.5	66.9	70.2
2012-07-24	993244.0	45921.0	111095.0	935323.0	870149.0	0.0	0.0	50.2	60.2	65.6	70.0
2012-07-31	993244.0	55281.0	111095.0	925963.0	870149.0	0.0	0.0	49.3	60.2	65.4	70.0
2012-08-07	960148.0	69921.0	119050.0	882307.0	833178.0	0.0	0.0	47.0	56.4	66.3	67.6
2012-08-14	969508.0	19770.0	119050.0	941818.0	842538.0	0.0	0.0	47.2	55.9	66.6	67.9
2012-08-21	978868.0	19770.0	119050.0	951178.0	851898.0	0.0	0.0	47.7	56.3	66.9	68.2
2012-08-28	978868.0	19770.0	119050.0	951178.0	851898.0	0.0	0.0	47.7	56.3	66.9	68.2
2012-09-04	935820.0	16010.0	122810.0	915650.0	808850.0	0.0	0.0	47.4	55.7	66.8	67.6
2012-09-11	945180.0	16010.0	122810.0	925010.0	818210.0	0.0	0.0	47.9	55.1	67.2	67.9
2012-09-18	945180.0	16010.0	122810.0	925010.0	818210.0	0.0	0.0	47.9	55.1	67.2	67.9
2012-09-25	951105.0	16010.0	122810.0	930935.0	824135.0	0.0	0.0	47.4	54.8	66.6	67.5
2012-10-02	913873.0	11850.0	126970.0	902023.0	786903.0	0.0	0.0	47.4	55.5	66.7	67.3
2012-10-09	913873.0	11850.0	126970.0	902023.0	786903.0	0.0	0.0	47.4	55.5	66.7	67.3
2012-10-16	927913.0	11850.0	126970.0	916063.0	800943.0	0.0	0.0	46.7	55.2	66.2	66.8
2012-10-23	927913.0	11850.0	126970.0	916063.0	800943.0	0.0	0.0	46.7	55.2	66.2	66.8
2012-10-30	939622.0	11850.0	126970.0	927772.0	812652.0	0.0	0.0	46.1	55.0	65.4	66.3
2012-11-06	918124.0	8090.0	123210.0	910034.0	794914.0	0.0	0.0	44.4	53.9	64.5	64.3
2012-11-13	913444.0	8090.0	123210.0	905354.0	790234.0	0.0	0.0	42.0	51.6	60.3	61.2
2012-11-20	914188.0	8090.0	123210.0	906098.0	790978.0	0.0	0.0	42.5	51.6	60.7	61.6
2012-11-27	914188.0	8090.0	123210.0	906098.0	790978.0	0.0	0.0	42.5	51.6	60.7	61.6
2012-12-04	848738.0	4240.0	119360.0	844498.0	729378.0	0.0	0.0	41.9	52.0	61.1	60.5
2012-12-11	848738.0	4240.0	119360.0	844498.0	729378.0	0.0	0.0	41.5	52.0	61.1	60.5
2012-12-18	848738.0	4240.0	119360.0	844498.0	729378.0	0.0	0.0	41.5	52.0	61.1	60.5
2012-12-24	872530.0	4240.0	119360.0	868290.0	753170.0	0.0	0.0	42.3	50.6	61.4	60.2
2012-12-31	877626.0	4240.0	119360.0	873386.0	758266.0	0.0	0.0	42.7	50.3	61.6	59.9
2013-01-08	843282.0	0.0	91800.0	819962.0	728162.0	0.0	0.0	40.3	45.6	59.5	57.2
2013-01-15	862714.0	0.0	103560.0	839394.0	735834.0	0.0	0.0	40.8	46.3	59.5	57.7
2013-01-22	879650.0	0.0	103560.0	856330.0	752770.0	0.0	0.0	41.4	45.4	59.8	56.8
2013-01-29	930866.0	0.0	103560.0	907546.0	803986.0	0.0	0.0	42.1	45.4	59.5	56.2
2013-02-05	899874.0	0.0	99640.0	876554.0	776914.0	0.0	0.0	42.1	43.7	58.2	54.7
2013-02-12	905804.0	0.0	99640.0	882484.0	782844.0	0.0	0.0	42.5	43.4	58.5	54.4
2013-02-19	919236.0	0.0	99640.0	895916.0	796276.0	0.0	0.0	42.7	42.8	58.5	53.6
2013-02-26	933659.0	0.0	122960.0	910339.0	787379.0	0.0	0.0	37.1	42.1	55.3	53.5
2013-03-05	915396.0	0.0	119440.0	892076.0	772636.0	0.0	0.0	32.1	40.1	50.5	51.5
2013-03-12	917236.0	0.0	96120.0	893916.0	797796.0	0.0	0.0	29.8	40.0	48.1	50.6
2013-03-19	919619.0	0.0	96120.0	896299.0	800179.0	0.0	0.0	29.2	39.7	46.7	50.3
2013-03-26	922372.0	0.0	96120.0	899052.0	802932.0	0.0	0.0	28.9	39.6	46.2	50.1
2013-04-02	882213.0	0.0	90015.0	858893.0	768878.0	0.0	0.0	28.5	38.4	44.7	49.0
2013-04-09	899832.0	0.0	90015.0	876512.0	786497.0	0.0	0.0	27.3	37.7	43.8	48.1
2013-04-16	900099.0	0.0	90015.0	876779.0	786764.0	0.0	0.0	27.3	36.1	43.5	46.5
2013-04-23	904019.0	0.0	90015.0	880699.0	790684.0	0.0	0.0	27.2	36.0	43.8	46.3
2013-04-30	906763.0	0.0	90015.0	883443.0	793428.0	0.0	0.0	26.0	35.9	42.6	46.2
2013-05-07	894367.0	0.0	82655.0	871047.0	788392.0	0.0	0.0	31.4	33.5	44.6	46.0
2013-05-14	923286.0	0.0	82655.0	899966.0	817311.0	0.0	0.0	30.9	30.2	45.6	44.2
2013-05-21	927611.0	0.0	82655.0	904291.0	821636.0	0.0	0.0	30.1	29.0	44.1	42.9
2013-05-28	925971.0	0.0	82655.0	902651.0	819996.0	0.0	0.0	30.5	29.0	44.5	43.0
2013-06-04	889282.0	0.0	69753.0	865962.0	796209.0	0.0	0.0	31.6	27.7	43.9	42.2
2013-06-11	901442.0	0.0	69753.0	878122.0	808369.0	0.0	0.0	31.6	27.9	44.6	43.0
2013-06-18	940209.0	0.0	69753.0	916889.0	847136.0	0.0	0.0	29.7	26.2	43.0	39.2
2013-06-25	942441.0	0.0	69753.0	919121.0	849368.0	0.0	0.0	29.8	26.2	43.1	39.2
2013-07-02	901625.0	0.0	63753.0	878305.0	814552.0	0.0	0.0	30.0	26.4	41.8	39.6
2013-07-09	901625.0	0.0	63753.0	878305.0	814552.0	0.0	0.0	30.0	26.4	41.8	39.6
2013-07-16	907977.0	0.0	63753.0	884657.0	820904.0	0.0	0.0	29.5	26.2	41.5	39.3
2013-07-23	907977.0	0.0	63753.0	884657.0	820904.0	0.0	0.0	29.5	26.2	41.5	39.3
2013-07-30	910721.0	0.0	65713.0	887401.0	821688.0	0.0	0.0	29.4	26.4	41.6	39.4
2013-08-06	907465.0	0.0	59049.0	884145.0	825096.0	0.0	0.0	32.9	25.2	43.5	38.8
2013-08-13	917166.0	0.0	59049.0	893846.0	834797.0	0.0	0.0	32.6	25.0	42.7	38.4
2013-08-20	920366.0	0.0	59049.0	897046.0	837997.0	0.0	0.0	32.8	24.9	42.9	38.2
2013-08-27	920366.0	0.0	59049.0	897046.0	837997.0	0.0	0.0	32.8	24.9	42.9	38.2
2013-09-03	858038.0	0.0	50425.0	834718.0	784293.0	0.0	0.0	35.2	25.5	44.6	38.8
2013-09-10	858038.0	0.0	49249.0	833542.0	784293.0	0.0	0.0	35.0	25.3	44.4	38.7
2013-09-17	876289.0	0.0	49249.0	851793.0	802544.0	0.0	0.0	38.2	24.8	45.5	37.9
2013-09-24	887292.0	0.0	50473.0	862796.0	812323.0	0.0	0.0	39.2	24.7	46.4	38.2
2013-10-01	834532.0	0.0	43673.0	810036.0	766363.0	0.0	0.0	40.7	25.3	48.0	39.1
2013-10-08	852132.0	0.0	43673.0	827636.0	783963.0	0.0	0.0	39.6	24.8	47.3	38.3
2013-10-15	910105.0	0.0	43673.0	885609.0	841936.0	0.0	0.0	37.3	23.2	44.5	35.9
2013-10-22	910105.0	0.0	43673.0	885609.0	841936.0	0.0	0.0	37.5	23.2	44.5	35.9
2013-10-29	905401.0	0.0	43673.0	880905.0	837232.0	0.0	0.0	37.7	23.3	44.7	36.1
2013-11-05	876681.0	0.0	12129.0	828665.0	816536.0	0.0	0.0	36.7	22.1	43.8	34.4
2013-11-12	876681.0	0.0	12129.0	828665.0	816536.0	0.0	0.0	36.7	22.1	43.8	34.4
2013-11-19	888151.0	0.0	12129.0	840135.0	828006.0	0.0	0.0	37.5	21.9	44.5	34.3
2013-11-26	891415.0	0.0	12129.0	843399.0	831270.0	0.0	0.0	37.9	21.8	44.9	34.2
2013-12-03	835577.0	0.0	5312.0	787561.0	782249.0	0.0	0.0	38.2	24.0	46.1	37.2
2013-12-10	868337.0	0.0	5312.0	820321.0	815009.0	0.0	0.0	38.8	26.2	48.1	39.6
2013-12-17	870280.0	0.0	5312.0	822264.0	816952.0	0.0	0.0	38.9	26.2	48.0	39.5
2013-12-24	870280.0	0.0	5312.0	822264.0	816952.0	0.0	0.0	38.9	26.2	48.0	39.5
2014-01-07	811936.0	1216.0	0.0	763920.0	765136.0	0.0	0.0	40.4	28.4	50.4	42.9
2014-01-14	813344.0	1216.0	0.0	765328.0	766544.0	0.0	0.0	40.3	28.3	50.3	42.8
2014-01-21	838179.0	1216.0	0.0	790163.0	791379.0	0.0	0.0	39.3	27.5	45.3	39.4
2014-01-28	838179.0	1216.0	0.0	790163.0	791379.0	0.0	0.0	39.3	27.5	45.3	39.4
2014-02-04	796211.0	5136.0	0.0	748195.0	753331.0	0.0	0.0	38.6	25.9	44.2	37.9
2014-02-11	796211.0	5136.0	0.0	748195.0	753331.0	0.0	0.0	38.3	25.9	43.9	37.9
2014-02-18	797779.0	5136.0	0.0	749763.0	754899.0	0.0	0.0	38.2	25.8	43.8	37.8
2014-02-25	799814.0	5136.0	0.0	751798.0	756934.0	0.0	0.0	38.4	25.7	43.7	37.7
2014-03-04	751348.0	8656.0	0.0	703332.0	711988.0	0.0	0.0	36.1	24.5	41.9	36.8
2014-03-11	753508.0	8656.0	0.0	705492.0	714148.0	0.0	0.0	36.0	24.4	42.0	36.6
2014-03-18	755511.0	8656.0	0.0	707495.0	716151.0	0.0	0.0	35.9	24.4	41.9	36.5
2014-03-25	792641.0	8656.0	0.0	744625.0	753281.0	0.0	0.0	36.3	26.3	44.4	39.3
2014-04-01	773677.0	12726.0	0.0	725661.0	738387.0	0.0	0.0	32.5	25.8	41.9	37.7
2014-04-08	775717.0	12726.0	0.0	727701.0	740427.0	0.0	0.0	32.4	26.0	42.1	37.9
2014-04-15	775717.0	12726.0	0.0	727701.0	740427.0	0.0	0.0	32.4	26.0	42.1	37.9
2014-04-22	803741.0	59566.0	0.0	708885.0	768451.0	0.0	0.0	34.9	26.0	44.1	40.1
2014-04-29	818306.0	59566.0	0.0	723450.0	783016.0	0.0	0.0	32.6	25.6	44.0	41.0
2014-05-06	942147.0	86766.0	0.0	823771.0	910537.0	0.0	0.0	34.5	25.8	42.1	38.6
2014-05-13	966273.0	86766.0	0.0	847897.0	934663.0	0.0	0.0	34.1	26.1	41.5	39.4
2014-05-20	966273.0	86766.0	0.0	847897.0	934663.0	0.0	0.0	34.1	26.1	41.5	39.4
2014-05-27	966273.0	86766.0	0.0	847897.0	934663.0	0.0	0.0	34.1	26.1	41.5	39.4
2014-06-03	944881.0	90846.0	0.0	826505.0	917351.0	0.0	0.0	37.9	30.0	46.4	44.6
2014-06-10	944081.0	90846.0	0.0	825705.0	916551.0	0.0	0.0	38.1	30.0	46.5	44.7
2014-06-17	972305.0	90846.0	0.0	853929.0	944775.0	0.0	0.0	35.5	29.1	43.3	43.4
2014-06-24	972305.0	90846.0	0.0	853929.0	944775.0	0.0	0.0	35.5	29.1	43.3	43.4
2014-07-01	921617.0	94686.0	0.0	803241.0	897927.0	0.0	0.0	38.3	32.1	46.4	45.8
2014-07-08	921617.0	94686.0	0.0	803241.0	897927.0	0.0	0.0	38.3	32.1	46.4	45.8
2014-07-15	921617.0	94686.0	0.0	803241.0	897927.0	0.0	0.0	38.3	32.1	46.4	45.8
2014-07-22	917663.0	94686.0	0.0	799287.0	893973.0	0.0	0.0	38.5	32.2	46.6	47.1
2014-07-29	917663.0	94686.0	0.0	799287.0	893973.0	0.0	0.0	38.5	32.2	46.6	47.1
2014-08-05	865527.0	98606.0	0.0	747151.0	845757.0	0.0	0.0	42.1	36.5	50.9	50.8
2014-08-12	865527.0	98606.0	0.0	747151.0	845757.0	0.0	0.0	42.1	36.5	50.9	50.8
2014-08-19	865527.0	98606.0	0.0	747151.0	845757.0	0.0	0.0	42.1	36.5	50.9	50.8
2014-08-26	865527.0	98606.0	0.0	747151.0	845757.0	0.0	0.0	42.1	36.5	50.9	50.8
2014-09-02	812079.0	102686.0	0.0	693703.0	796389.0	0.0	0.0	46.8	41.5	56.4	54.8
2014-09-09	812079.0	102686.0	0.0	693703.0	796389.0	0.0	0.0	46.8	41.5	56.4	54.8
2014-09-16	812079.0	102686.0	0.0	693703.0	796389.0	0.0	0.0	46.8	41.5	56.4	54.8
2014-09-23	797995.0	102686.0	0.0	679619.0	782305.0	0.0	0.0	47.6	42.3	57.4	55.2
2014-09-30	797995.0	102686.0	0.0	679619.0	782305.0	0.0	0.0	47.6	42.3	57.4	55.2
2014-10-07	749995.0	106526.0	0.0	631619.0	738145.0	0.0	0.0	51.7	46.9	62.5	58.9
2014-10-14	749995.0	106526.0	0.0	631619.0	738145.0	0.0	0.0	51.7	46.9	62.5	58.9
2014-10-21	749995.0	106526.0	0.0	631619.0	738145.0	0.0	0.0	51.7	46.9	62.5	58.9
2014-10-28	749995.0	106526.0	0.0	631619.0	738145.0	0.0	0.0	51.7	46.9	62.5	58.9
2014-11-04	702995.0	110286.0	0.0	584619.0	694905.0	0.0	0.0	56.3	52.0	68.3	63.5
2014-11-11	702995.0	110286.0	0.0	584619.0	694905.0	0.0	0.0	56.3	52.0	68.3	63.5
2014-11-18	702995.0	110286.0	0.0	584619.0	694905.0	0.0	0.0	56.3	52.0	68.3	63.5
2014-11-25	702995.0	110286.0	0.0	584619.0	694905.0	0.0	0.0	56.3	55.9	68.3	65.2
2014-12-02	650870.0	114456.0	0.0	532494.0	646950.0	0.0	0.0	62.2	62.6	75.6	73.3
2014-12-09	650870.0	114456.0	0.0	532494.0	646950.0	0.0	0.0	62.2	62.6	75.6	73.3
2014-12-16	650870.0	114456.0	0.0	532494.0	646950.0	0.0	0.0	62.2	62.6	75.6	73.3
2014-12-23	650870.0	114456.0	0.0	532494.0	646950.0	0.0	0.0	62.2	62.6	75.6	73.3
2014-12-30	650870.0	114456.0	0.0	532494.0	646950.0	0.0	0.0	62.2	62.6	75.6	73.3
2015-01-27	602574.0	117904.0	0.0	484670.0	602574.0	0.0	0.0	68.5	70.2	84.3	82.5
2015-04-21	537392.0	105690.0	0.0	431702.0	537392.0	0.0	0.0	71.1	73.3	84.5	82.8
2015-04-28	537392.0	105690.0	0.0	431702.0	537392.0	0.0	0.0	71.1	73.3	84.5	82.8
2015-11-17	1272222.0	0.0	70200.0	1272222.0	1202022.0	0.0	0.0	82.5	77.6	86.0	85.4
2015-11-24	1281006.0	0.0	70200.0	1281006.0	1210806.0	0.0	0.0	82.5	77.7	85.6	85.0
