2010-12-21	1608.0	0.0	0.0	1600.0	1601.0	8.0	7.0	61.3	61.9	79.0	79.0
2010-12-28	1608.0	0.0	0.0	1600.0	1601.0	8.0	7.0	61.3	61.9	79.0	79.0
2011-01-11	3768.0	200.0	0.0	3548.0	3768.0	20.0	0.0	42.5	36.7	52.0	49.2
2011-01-18	4287.0	200.0	0.0	4048.0	4287.0	39.0	0.0	44.9	32.5	53.8	50.7
2011-01-25	4387.0	200.0	0.0	4148.0	4387.0	39.0	0.0	43.9	34.1	54.0	51.8
2011-02-01	4387.0	0.0	0.0	4348.0	4387.0	39.0	0.0	43.9	34.1	54.0	51.8
2011-02-08	2337.0	0.0	0.0	2331.0	2337.0	6.0	0.0	38.1	45.0	56.1	57.4
2011-02-15	3497.0	0.0	0.0	3491.0	3497.0	6.0	0.0	27.6	36.1	39.2	44.0
2011-02-22	3647.0	0.0	0.0	3641.0	3647.0	6.0	0.0	24.5	34.6	34.8	41.0
2011-03-01	3914.0	0.0	0.0	3908.0	3914.0	6.0	0.0	27.4	35.5	37.7	44.1
2011-03-22	1975.0	0.0	0.0	1960.0	1955.0	15.0	20.0	47.7	68.2	65.3	73.9
2011-03-29	2420.0	0.0	0.0	2405.0	2400.0	15.0	20.0	48.3	59.1	67.9	70.0
2011-08-16	1672.0	0.0	0.0	1664.0	1672.0	8.0	0.0	49.5	47.4	70.4	70.7
2011-08-23	1787.0	0.0	0.0	1779.0	1787.0	8.0	0.0	51.9	51.6	74.3	75.9
2011-08-30	1787.0	0.0	0.0	1779.0	1787.0	8.0	0.0	51.9	51.6	74.3	75.9
2011-11-15	2811.0	0.0	0.0	2796.0	2811.0	15.0	0.0	68.3	71.8	84.5	86.0
2011-11-22	3466.0	0.0	0.0	3451.0	3451.0	15.0	15.0	48.0	52.4	62.9	63.7
2011-11-29	3466.0	0.0	0.0	3451.0	3451.0	15.0	15.0	48.0	52.4	62.9	63.7
2012-02-14	2249.0	0.0	0.0	2249.0	2249.0	0.0	0.0	60.6	91.3	76.2	95.3
2012-02-21	2484.0	0.0	0.0	2484.0	2484.0	0.0	0.0	58.9	92.1	74.6	95.8
2012-02-28	2484.0	0.0	0.0	2484.0	2484.0	0.0	0.0	58.9	92.1	74.6	95.8
2012-09-25	2020.0	0.0	0.0	1976.0	1965.0	44.0	55.0	67.3	63.5	82.8	84.5
2012-11-27	2373.0	0.0	0.0	2353.0	2283.0	20.0	90.0	51.8	42.4	62.0	57.2
2012-12-11	2493.0	0.0	0.0	2065.0	2045.0	428.0	448.0	49.3	35.3	58.4	55.2
2012-12-18	2606.0	0.0	0.0	2571.0	2586.0	35.0	20.0	51.2	39.9	62.5	62.9
2012-12-24	2756.0	0.0	0.0	2746.0	2736.0	10.0	20.0	51.3	39.6	65.4	61.2
2012-12-31	2756.0	0.0	0.0	2746.0	2736.0	10.0	20.0	51.3	39.6	65.4	61.2
2016-11-15	1450.0	310.0	64.0	1121.0	1350.0	19.0	36.0	61.5	61.9	78.4	76.6
2016-11-22	1450.0	310.0	64.0	1121.0	1350.0	19.0	36.0	61.5	61.9	78.4	76.6
2016-11-29	1469.0	310.0	64.0	1121.0	1369.0	38.0	36.0	60.7	61.1	76.1	75.6
