2011-02-08	16426.0	1512.0	225.0	11499.0	12743.0	3091.0	3134.0	35.0	44.6	53.7	56.1
2011-02-15	16797.0	1980.0	283.0	11637.0	13041.0	2830.0	3123.0	34.2	44.1	51.5	55.4
2011-02-22	17842.0	1512.0	309.0	13401.0	14048.0	2613.0	3169.0	34.8	48.4	53.4	59.4
2011-03-01	16460.0	1512.0	309.0	11989.0	12656.0	2643.0	3179.0	38.7	51.4	56.8	63.0
2011-03-08	16978.0	1525.0	0.0	12715.0	13120.0	2435.0	3555.0	40.9	51.2	59.0	62.0
2011-03-15	17969.0	1512.0	203.0	13272.0	14401.0	2869.0	3049.0	42.7	49.9	58.5	63.0
2011-03-22	18157.0	1512.0	437.0	13079.0	14023.0	3250.0	3381.0	43.7	49.7	60.4	61.8
2011-03-29	18961.0	1512.0	235.0	13758.0	14223.0	3120.0	3932.0	42.7	47.3	58.4	58.8
2011-04-05	17299.0	2091.0	506.0	12393.0	13593.0	2560.0	2945.0	45.7	49.8	63.5	63.4
2011-04-12	18235.0	2091.0	386.0	12807.0	14846.0	3055.0	2721.0	45.3	48.2	62.2	61.7
2011-04-19	19066.0	2341.0	168.0	13578.0	14812.0	2556.0	3495.0	46.6	45.9	63.3	59.6
2011-04-26	19746.0	3022.0	95.0	14012.0	15989.0	2073.0	3023.0	46.6	43.7	62.7	60.0
2011-05-03	16343.0	2744.0	0.0	11262.0	11760.0	1749.0	3995.0	45.3	40.5	59.2	54.9
2011-05-10	17524.0	4024.0	425.0	11588.0	12575.0	1563.0	4175.0	46.4	37.7	67.9	55.4
2011-05-17	18730.0	3945.0	284.0	12361.0	12862.0	1816.0	4976.0	39.9	34.7	61.7	51.9
2011-05-24	18893.0	3648.0	183.0	12386.0	12978.0	2209.0	5082.0	38.5	33.9	60.0	51.8
2011-05-31	18623.0	3477.0	518.0	12238.0	13117.0	2088.0	4168.0	38.9	34.8	58.6	51.9
2011-06-07	15291.0	3507.0	0.0	8752.0	10279.0	2418.0	4398.0	38.3	37.0	58.0	49.2
2011-06-14	15523.0	3064.0	0.0	9199.0	11062.0	2555.0	3756.0	38.3	36.7	53.4	51.0
2011-06-21	17081.0	2998.0	110.0	10715.0	11264.0	2667.0	5006.0	37.2	33.8	52.5	43.7
2011-06-28	17346.0	2998.0	60.0	10555.0	11534.0	3042.0	5001.0	35.6	33.4	51.7	43.2
2011-07-05	13195.0	3355.0	0.0	7315.0	8454.0	2393.0	4609.0	42.4	41.1	64.4	56.2
2011-07-12	13701.0	3498.0	0.0	7653.0	8823.0	2418.0	4746.0	41.7	40.2	64.1	55.4
2011-07-26	15415.0	4330.0	0.0	8506.0	11837.0	2579.0	3578.0	42.7	40.1	68.4	61.5
2011-08-23	14166.0	2754.0	166.0	6655.0	11412.0	4706.0	2537.0	35.0	37.6	50.8	60.3
2011-08-30	15561.0	2843.0	0.0	8205.0	12870.0	4471.0	2649.0	34.3	33.1	51.7	55.2
2011-09-06	13484.0	1770.0	0.0	8093.0	11489.0	3579.0	1953.0	43.6	35.0	54.1	53.8
2011-09-13	14993.0	2364.0	0.0	10563.0	12291.0	1982.0	2618.0	48.2	31.8	64.4	48.6
2011-09-20	18154.0	4591.0	0.0	11442.0	15776.0	2121.0	2378.0	51.9	46.3	67.2	59.2
2011-09-27	20293.0	4150.0	0.0	13791.0	17930.0	2265.0	2276.0	44.5	47.3	60.7	59.0
2012-01-17	24286.0	3562.0	0.0	15793.0	18458.0	4555.0	5452.0	35.7	43.9	52.8	52.9
2012-01-24	25453.0	3114.0	0.0	17244.0	19354.0	3971.0	4975.0	35.7	44.2	54.0	56.9
2012-01-31	26896.0	3232.0	0.0	19118.0	19558.0	3172.0	5964.0	39.6	42.4	57.1	54.0
2012-02-07	24839.0	2175.0	0.0	18300.0	18674.0	2940.0	4741.0	36.7	41.7	57.3	56.2
2012-02-14	26578.0	1820.0	0.0	20121.0	19736.0	3013.0	5218.0	38.1	41.9	58.3	54.0
2012-02-21	28956.0	2077.0	0.0	22183.0	21692.0	2872.0	5440.0	37.9	40.1	57.8	52.5
2012-02-28	29975.0	2266.0	0.0	21908.0	22633.0	3977.0	5518.0	36.7	39.8	55.7	53.0
2012-03-06	27386.0	3455.0	0.0	18647.0	21231.0	4610.0	5481.0	38.7	42.3	60.1	58.4
2012-03-13	28170.0	3730.0	0.0	18371.0	22273.0	5538.0	5366.0	39.5	42.3	60.5	58.2
2012-03-20	29990.0	3781.0	612.0	20243.0	23904.0	5435.0	4943.0	38.4	40.4	58.2	58.4
2012-03-27	32336.0	4929.0	362.0	21158.0	25988.0	5564.0	5301.0	41.8	41.0	61.0	59.1
2012-04-03	31179.0	5022.0	973.0	21911.0	26871.0	4082.0	3171.0	40.7	40.9	61.7	59.3
2012-04-10	31158.0	4958.0	973.0	21950.0	26998.0	4086.0	3023.0	40.8	41.6	61.9	59.6
2012-04-17	31741.0	4300.0	973.0	23738.0	27228.0	3581.0	3418.0	38.5	41.1	60.9	60.2
2012-04-24	31969.0	4480.0	547.0	24741.0	28106.0	2626.0	3194.0	39.4	41.8	60.9	61.2
2012-05-01	25206.0	3412.0	0.0	18770.0	21414.0	3000.0	3768.0	33.7	44.3	57.3	62.2
2012-05-08	25146.0	2752.0	269.0	18036.0	20983.0	4334.0	3870.0	35.7	44.9	57.6	62.5
2012-05-15	25776.0	2833.0	270.0	17952.0	20192.0	4841.0	5164.0	36.5	43.7	58.1	61.0
2012-05-22	25696.0	2747.0	513.0	17819.0	20419.0	4980.0	4614.0	36.1	42.9	57.4	60.4
2012-05-29	26564.0	3172.0	513.0	18150.0	21480.0	5092.0	4421.0	35.8	40.9	57.0	58.2
2012-06-05	22312.0	2570.0	0.0	14945.0	15133.0	4647.0	7029.0	36.2	33.9	54.3	48.5
2012-06-12	24079.0	2711.0	0.0	15569.0	16224.0	5799.0	7855.0	38.1	32.6	54.4	47.2
2012-06-19	25363.0	3223.0	300.0	19126.0	17900.0	2520.0	6669.0	39.6	30.6	59.8	45.4
2012-06-26	25863.0	3392.0	0.0	20146.0	22329.0	1831.0	3040.0	40.9	36.2	60.8	53.5
2012-07-03	22743.0	2494.0	265.0	18092.0	19387.0	1533.0	2467.0	44.8	37.5	62.7	53.7
2012-07-10	22481.0	2302.0	173.0	17946.0	19132.0	1493.0	2436.0	43.6	37.5	62.1	53.6
2012-07-17	23569.0	2660.0	173.0	18279.0	19953.0	1890.0	2703.0	42.4	36.4	59.7	52.4
2012-07-24	25097.0	2903.0	173.0	19818.0	21667.0	2114.0	2995.0	41.3	36.0	56.8	52.0
2012-07-31	27010.0	2587.0	431.0	22183.0	22788.0	1966.0	3517.0	41.2	33.9	56.9	49.3
2012-08-07	22156.0	1352.0	312.0	18335.0	17806.0	2262.0	3831.0	44.6	33.6	57.1	47.3
2012-08-14	23114.0	1328.0	1550.0	19190.0	18840.0	2279.0	2407.0	45.0	33.9	57.8	49.6
2012-08-21	23780.0	1660.0	1600.0	19608.0	19505.0	2245.0	2408.0	46.7	33.1	59.7	47.5
2012-08-28	25955.0	3421.0	1499.0	20534.0	21603.0	1757.0	2610.0	51.1	33.5	64.6	50.2
2012-09-04	25380.0	3609.0	812.0	20289.0	21846.0	1238.0	2478.0	51.6	36.1	67.6	58.2
2012-09-11	25985.0	3915.0	984.0	20480.0	22243.0	1473.0	2641.0	54.0	36.3	67.8	59.9
2012-09-18	27799.0	3923.0	1901.0	21996.0	23238.0	1486.0	2266.0	54.9	33.8	68.4	56.7
2012-09-25	29749.0	4330.0	2649.0	23740.0	24164.0	1305.0	2562.0	55.5	32.4	69.5	58.2
2012-10-02	25550.0	4390.0	2724.0	20016.0	19288.0	943.0	3337.0	59.7	33.7	69.5	59.4
2012-10-09	27016.0	4461.0	2816.0	21218.0	18538.0	1178.0	5503.0	59.7	32.6	72.6	54.4
2012-10-16	28667.0	4868.0	2650.0	22219.0	21885.0	1255.0	3807.0	55.8	31.9	66.9	56.2
2012-10-23	28346.0	4478.0	1750.0	22344.0	22400.0	1133.0	3805.0	59.3	30.4	71.2	54.3
2012-10-30	30048.0	4704.0	2050.0	23086.0	23606.0	1825.0	3959.0	55.7	29.5	68.0	52.2
2012-11-06	25544.0	4381.0	1804.0	18172.0	20066.0	2800.0	3483.0	55.3	31.7	67.3	53.1
2012-11-13	26541.0	4104.0	2360.0	19535.0	20279.0	2543.0	3543.0	53.6	30.6	65.6	51.6
2012-11-20	27347.0	4522.0	2460.0	19494.0	20488.0	2972.0	4040.0	51.8	29.7	63.5	52.1
2012-11-27	27958.0	3863.0	2586.0	21174.0	20208.0	2195.0	4438.0	52.6	29.5	64.1	51.7
2012-12-04	23168.0	3146.0	2062.0	17305.0	15199.0	1932.0	5122.0	53.0	31.7	65.5	49.8
2012-12-11	24386.0	3171.0	2062.0	18568.0	17006.0	1862.0	4533.0	50.1	25.9	63.1	43.2
2012-12-18	26029.0	3626.0	1882.0	19804.0	18337.0	1814.0	5025.0	43.4	25.9	59.7	42.3
2012-12-24	26953.0	3626.0	1924.0	21847.0	20353.0	695.0	3891.0	43.9	28.1	58.9	43.1
2012-12-31	27426.0	3742.0	1966.0	22212.0	20817.0	687.0	3858.0	44.1	29.6	58.5	44.5
2013-01-08	23126.0	1953.0	0.0	17712.0	19292.0	3014.0	3387.0	45.6	33.6	56.5	49.3
2013-01-15	25066.0	1467.0	0.0	20841.0	21659.0	2286.0	2935.0	44.8	35.2	55.6	48.0
2013-01-22	26431.0	1963.0	0.0	20959.0	23679.0	3407.0	2650.0	44.8	37.3	55.6	49.8
2013-01-29	31923.0	2151.0	0.0	28049.0	29948.0	1677.0	1929.0	43.7	38.1	60.2	50.1
2013-02-05	30748.0	1630.0	0.0	26900.0	26942.0	2120.0	3708.0	43.3	38.3	58.4	50.5
2013-02-12	32093.0	2172.0	0.0	27091.0	28122.0	2755.0	3896.0	46.0	37.8	60.3	52.3
2013-02-19	34749.0	3491.0	600.0	28457.0	29761.0	2801.0	4388.0	45.5	39.9	61.5	54.3
2013-02-26	38936.0	6588.0	726.0	29091.0	32801.0	2777.0	4929.0	45.5	42.4	61.0	55.6
2013-03-05	34820.0	4801.0	709.0	27028.0	29015.0	2185.0	4290.0	39.5	38.1	55.3	54.1
2013-03-12	35768.0	4505.0	709.0	27701.0	29626.0	2481.0	4352.0	39.7	37.0	53.3	52.9
2013-03-19	36389.0	4461.0	709.0	28275.0	30010.0	2371.0	4388.0	40.9	35.7	53.6	51.8
2013-03-26	37796.0	4191.0	719.0	29438.0	31531.0	2558.0	3937.0	40.9	35.5	52.9	51.6
2013-04-02	30927.0	1684.0	727.0	24115.0	24133.0	3669.0	4608.0	40.9	33.4	52.7	49.2
2013-04-09	32094.0	2438.0	837.0	25860.0	25665.0	2504.0	4300.0	40.4	31.3	52.0	45.7
2013-04-16	32358.0	2464.0	770.0	25905.0	25855.0	2682.0	4426.0	38.6	30.5	50.5	43.2
2013-04-23	33592.0	3181.0	1387.0	26429.0	26503.0	2806.0	4526.0	37.0	29.4	51.3	42.1
2013-04-30	34522.0	3139.0	1945.0	26964.0	26942.0	3042.0	4258.0	36.7	30.4	50.3	43.7
2013-05-07	29299.0	2548.0	2081.0	22634.0	22668.0	3573.0	4006.0	35.1	28.3	46.2	43.2
2013-05-14	29020.0	2453.0	1485.0	22174.0	22733.0	3674.0	4083.0	34.1	29.4	47.1	44.6
2013-05-21	29774.0	3084.0	1485.0	22406.0	23479.0	3698.0	4224.0	34.3	29.8	47.1	45.5
2013-05-28	29836.0	3060.0	1485.0	22242.0	23242.0	3822.0	4397.0	34.8	30.2	47.7	46.1
2013-06-04	24922.0	2183.0	1445.0	18564.0	19001.0	3390.0	3691.0	40.4	30.9	53.3	46.6
2013-06-11	25279.0	2255.0	1445.0	19417.0	19437.0	3275.0	4065.0	39.7	32.2	52.9	47.7
2013-06-18	26573.0	2725.0	1970.0	20188.0	20074.0	3478.0	4347.0	37.6	32.5	53.5	48.1
2013-06-25	27455.0	2667.0	2045.0	21036.0	20838.0	3570.0	4390.0	36.8	32.5	54.4	47.5
2013-07-02	22078.0	2460.0	1676.0	16376.0	15809.0	3092.0	4443.0	46.0	28.1	57.7	45.8
2013-07-09	22823.0	2560.0	1726.0	16444.0	16038.0	3669.0	4909.0	45.1	27.2	55.6	43.5
2013-07-16	24803.0	3222.0	1801.0	17576.0	17447.0	3804.0	5354.0	42.3	25.5	51.1	41.3
2013-07-23	25683.0	3770.0	1876.0	19275.0	18960.0	2437.0	4646.0	40.3	26.3	52.6	41.5
2013-07-30	25956.0	4045.0	1876.0	20414.0	19751.0	1296.0	4128.0	41.0	25.0	52.7	40.7
2013-08-06	23264.0	3404.0	1384.0	18308.0	18326.0	1351.0	3353.0	36.4	24.0	49.4	37.7
2013-08-13	24050.0	3421.0	1384.0	19377.0	19153.0	1051.0	3312.0	34.9	23.8	48.5	36.0
2013-08-20	24645.0	3272.0	1384.0	20213.0	19414.0	959.0	3646.0	36.8	22.1	50.4	34.8
2013-08-27	25627.0	3272.0	1208.0	21344.0	20275.0	809.0	3942.0	38.4	22.5	52.1	34.8
2013-09-03	22060.0	2033.0	392.0	18131.0	16333.0	1746.0	5185.0	42.3	23.7	54.5	33.5
2013-09-10	23326.0	1847.0	392.0	18774.0	17634.0	2555.0	5150.0	46.9	22.7	55.9	35.9
2013-09-17	25446.0	2227.0	392.0	20676.0	19754.0	2393.0	5150.0	46.9	21.8	54.9	33.9
2013-09-24	27175.0	2096.0	392.0	23167.0	22823.0	1762.0	3810.0	49.0	21.8	59.0	36.5
2013-10-01	23071.0	935.0	0.0	18827.0	17678.0	3309.0	5393.0	50.1	25.0	60.7	40.6
2013-10-08	25428.0	1061.0	0.0	20845.0	21417.0	3522.0	4011.0	47.7	27.6	61.7	46.4
2013-10-15	25766.0	1039.0	0.0	21119.0	21789.0	3608.0	3977.0	45.4	26.9	59.3	46.0
2013-10-22	26508.0	1241.0	0.0	21098.0	21497.0	3989.0	4831.0	44.7	28.0	58.9	45.3
2013-10-29	29505.0	1925.0	765.0	23545.0	24037.0	3753.0	4421.0	43.6	34.2	56.8	49.5
2013-11-05	25843.0	2044.0	825.0	20045.0	21693.0	3217.0	2788.0	48.5	46.2	61.3	57.7
2013-11-12	26662.0	1969.0	996.0	20623.0	22588.0	3533.0	2541.0	48.5	44.8	60.2	56.1
2013-11-19	28234.0	2023.0	1017.0	21593.0	22947.0	4363.0	4015.0	51.4	43.1	62.6	55.7
2013-11-26	29441.0	2190.0	1098.0	22681.0	23049.0	4315.0	5039.0	53.9	46.8	64.3	59.6
2013-12-03	25187.0	870.0	804.0	18376.0	19066.0	5635.0	5011.0	58.3	47.4	64.7	60.4
2013-12-10	26042.0	992.0	804.0	19287.0	20264.0	5382.0	4593.0	58.0	47.0	64.7	59.0
2013-12-17	27827.0	1716.0	804.0	20414.0	22736.0	5275.0	3865.0	56.5	46.2	65.9	58.4
2013-12-24	28658.0	1816.0	804.0	22033.0	23513.0	4387.0	3919.0	58.4	44.5	67.8	56.6
2014-01-07	24283.0	1625.0	724.0	17824.0	18928.0	4379.0	4176.0	54.6	46.1	65.5	60.3
2014-01-14	27272.0	1741.0	532.0	21493.0	22690.0	3688.0	3700.0	54.2	41.4	64.5	55.8
2014-01-21	28466.0	1749.0	124.0	22297.0	23982.0	3926.0	3866.0	50.2	40.5	60.6	55.1
2014-01-28	30419.0	1774.0	127.0	23335.0	25242.0	4869.0	4609.0	49.4	40.0	58.9	54.3
2014-02-04	28222.0	1850.0	0.0	21662.0	24263.0	4419.0	3668.0	48.5	37.0	54.3	51.5
2014-02-11	31275.0	1654.0	0.0	25288.0	27349.0	4042.0	3635.0	38.2	33.1	49.7	48.2
2014-02-18	33385.0	1797.0	0.0	25867.0	28799.0	5430.0	4295.0	34.1	35.3	47.3	50.3
2014-02-25	35811.0	2576.0	0.0	28247.0	31448.0	4697.0	4072.0	36.2	35.9	49.9	50.0
2014-03-04	33438.0	1893.0	0.0	27059.0	29619.0	4195.0	3528.0	35.8	35.8	49.9	48.0
2014-03-11	35162.0	1818.0	0.0	29040.0	31328.0	4013.0	3543.0	37.5	38.8	52.1	51.5
2014-03-18	38212.0	2227.0	0.0	31818.0	33206.0	3554.0	4393.0	40.2	39.4	52.0	53.5
2014-03-25	40723.0	2677.0	0.0	33953.0	35379.0	3540.0	4791.0	44.1	37.2	54.7	54.1
2014-04-01	35256.0	2579.0	0.0	27825.0	30014.0	4167.0	4557.0	46.0	36.0	56.4	50.6
2014-04-08	37993.0	2895.0	0.0	30504.0	32209.0	3909.0	5099.0	43.6	34.0	55.0	49.3
2014-04-15	42159.0	3145.0	530.0	34541.0	35383.0	3788.0	5561.0	40.5	35.8	52.4	49.2
2014-04-22	43023.0	3439.0	835.0	35284.0	35869.0	3615.0	5634.0	40.3	34.8	53.5	49.2
2014-04-29	44277.0	2651.0	872.0	36894.0	36780.0	3696.0	5589.0	40.8	34.5	52.9	47.7
2014-05-06	38542.0	2573.0	890.0	30658.0	32179.0	4293.0	4455.0	43.5	32.7	56.8	48.0
2014-05-13	40329.0	2708.0	890.0	32004.0	34038.0	4749.0	4533.0	42.4	33.3	55.4	48.7
2014-05-20	40956.0	3332.0	2730.0	31934.0	32861.0	4722.0	4397.0	42.7	34.3	57.9	49.7
2014-05-27	43051.0	3706.0	2679.0	34983.0	34757.0	3410.0	4663.0	41.6	33.2	57.0	47.6
2014-06-03	35967.0	2280.0	2951.0	29617.0	28015.0	3093.0	4024.0	43.1	31.8	54.2	45.4
2014-06-10	38039.0	2818.0	3626.0	31161.0	29483.0	3209.0	4079.0	40.3	31.4	52.6	44.7
2014-06-17	38629.0	2943.0	3626.0	31768.0	30082.0	3067.0	4070.0	37.0	31.0	49.9	44.9
2014-06-24	39221.0	3275.0	3709.0	32226.0	30251.0	2869.0	4410.0	35.2	32.1	47.7	45.2
2014-07-01	33649.0	1799.0	2946.0	27622.0	25603.0	3435.0	4307.0	35.8	31.3	47.2	46.6
2014-07-08	34485.0	2000.0	2988.0	28198.0	26462.0	3452.0	4200.0	34.6	30.3	46.3	45.5
2014-07-15	35710.0	2788.0	2647.0	28338.0	27957.0	3818.0	4340.0	30.6	30.5	44.1	44.6
2014-07-22	35776.0	2476.0	2159.0	28992.0	27778.0	2716.0	4247.0	25.7	30.1	39.9	40.8
2014-07-29	37373.0	2881.0	2347.0	29853.0	28722.0	2931.0	4596.0	25.4	29.4	36.7	40.2
2014-08-05	32124.0	1751.0	3233.0	25617.0	24008.0	2804.0	2931.0	24.5	32.0	36.3	41.6
2014-08-12	32429.0	1733.0	3246.0	25688.0	24342.0	3069.0	2902.0	24.3	32.7	35.5	42.7
2014-08-19	32848.0	2368.0	3472.0	26118.0	24740.0	2369.0	2643.0	22.8	33.6	35.8	42.9
2014-08-26	34831.0	2874.0	3870.0	27820.0	25675.0	1931.0	3080.0	24.0	34.3	36.6	42.4
2014-09-02	29320.0	2187.0	3456.0	22750.0	21425.0	2988.0	3044.0	30.1	43.5	43.0	48.6
2014-09-09	30938.0	2054.0	3456.0	24162.0	23197.0	3252.0	2815.0	29.0	43.6	43.5	49.9
2014-09-16	32224.0	2654.0	3456.0	25734.0	24596.0	2569.0	2905.0	26.7	42.8	43.0	49.7
2014-09-23	34220.0	4000.0	3456.0	27575.0	26584.0	1406.0	2941.0	29.8	40.4	45.7	51.1
2014-09-30	35003.0	4182.0	3456.0	27555.0	26729.0	1837.0	3389.0	29.7	39.2	45.5	50.2
2014-10-07	28745.0	3279.0	2678.0	22298.0	21616.0	2725.0	4008.0	28.9	38.4	46.5	50.0
2014-10-14	30520.0	2880.0	2678.0	25022.0	23460.0	1663.0	3427.0	30.3	36.5	48.3	49.3
2014-10-21	30687.0	2661.0	2962.0	23807.0	23320.0	3222.0	3408.0	30.1	36.1	47.3	49.4
2014-10-28	32378.0	2328.0	3185.0	25609.0	24817.0	3243.0	3178.0	29.5	35.2	44.2	47.4
2014-11-04	27841.0	1027.0	2059.0	22280.0	21285.0	3237.0	3200.0	28.5	29.1	42.4	42.1
2014-11-11	30809.0	2027.0	2716.0	24599.0	24237.0	3095.0	2768.0	27.9	30.2	43.7	42.5
2014-11-18	32195.0	2373.0	3127.0	25753.0	25443.0	3146.0	2702.0	31.2	30.5	47.1	43.3
2014-11-25	33015.0	2403.0	2439.0	26226.0	26517.0	3539.0	3212.0	30.1	31.1	42.8	43.2
2014-12-02	29665.0	1906.0	1774.0	23189.0	23221.0	3723.0	3823.0	35.8	31.2	48.9	43.1
2014-12-09	30834.0	1906.0	1774.0	24270.0	24123.0	3775.0	4054.0	36.2	33.5	48.0	45.0
2014-12-16	32018.0	2053.0	1774.0	25317.0	25640.0	3615.0	3571.0	34.3	31.7	45.2	41.9
2014-12-23	32673.0	1903.0	1879.0	27192.0	25883.0	2320.0	3653.0	34.9	30.3	49.1	40.8
2014-12-30	32582.0	1903.0	1869.0	27011.0	25728.0	2410.0	3727.0	34.2	29.1	48.2	39.8
2015-01-06	26568.0	1140.0	1085.0	22267.0	20852.0	2225.0	3695.0	38.3	30.1	48.3	43.6
2015-01-13	29334.0	1875.0	2040.0	24209.0	23123.0	2734.0	3655.0	36.2	29.9	49.0	45.5
2015-01-20	30377.0	2033.0	2028.0	24896.0	23732.0	2919.0	4088.0	36.6	31.2	50.6	45.6
2015-01-27	33007.0	2376.0	1865.0	27344.0	26753.0	2551.0	3653.0	37.7	33.1	51.8	46.5
2015-02-03	32438.0	3002.0	1792.0	27156.0	26335.0	1635.0	3666.0	37.1	33.9	51.1	50.2
2015-02-10	34034.0	3087.0	2128.0	28426.0	26939.0	1750.0	4196.0	37.3	34.9	50.9	49.5
2015-02-17	36693.0	3658.0	2603.0	30050.0	28404.0	2151.0	4852.0	37.2	34.8	51.7	49.9
2015-02-24	39164.0	4436.0	2678.0	31523.0	31082.0	2196.0	4395.0	36.9	35.5	52.4	49.7
2015-03-03	36026.0	3154.0	2298.0	29188.0	27858.0	2570.0	4756.0	39.3	33.0	53.8	47.5
2015-03-10	37216.0	3059.0	2481.0	29585.0	28440.0	3242.0	4965.0	38.4	32.9	52.5	47.3
2015-03-17	38627.0	3433.0	2539.0	29982.0	29200.0	3398.0	5074.0	38.4	31.8	53.1	45.9
2015-03-24	40140.0	4098.0	2556.0	30722.0	30339.0	3376.0	5301.0	37.3	31.1	53.7	47.5
2015-03-31	40729.0	5368.0	2632.0	29932.0	30267.0	3482.0	5883.0	38.6	32.9	53.4	46.3
2015-04-07	35424.0	4654.0	3640.0	26296.0	24796.0	3626.0	6140.0	40.2	34.5	56.2	47.5
2015-04-14	36514.0	5374.0	3802.0	26601.0	26288.0	3681.0	5566.0	37.0	35.3	53.2	46.7
2015-04-21	36777.0	5758.0	3788.0	26456.0	26162.0	3774.0	6038.0	36.4	34.6	50.0	45.9
2015-04-28	37728.0	5692.0	3708.0	27095.0	26522.0	3973.0	6530.0	35.8	33.1	48.6	43.9
2015-05-05	32693.0	4751.0	3609.0	22772.0	22066.0	4553.0	6401.0	34.6	35.1	48.7	47.9
2015-05-12	32519.0	3733.0	3327.0	22839.0	22360.0	5510.0	6395.0	34.3	35.3	49.4	46.8
2015-05-19	32529.0	3608.0	3198.0	23051.0	21829.0	5191.0	6823.0	34.7	33.5	49.2	44.6
2015-05-26	33735.0	3608.0	4155.0	23898.0	22731.0	5174.0	5794.0	33.4	34.1	47.9	45.8
2015-06-02	31482.0	2794.0	3241.0	21157.0	20665.0	5867.0	5912.0	31.6	32.5	46.4	47.6
2015-06-09	34236.0	2919.0	3664.0	23119.0	23112.0	6609.0	5871.0	30.1	32.0	42.9	47.0
2015-06-16	35811.0	2830.0	3599.0	24753.0	24620.0	6519.0	5883.0	30.8	31.2	43.3	45.7
2015-06-23	36240.0	2875.0	3825.0	25111.0	24819.0	6603.0	5945.0	29.5	29.6	42.6	44.6
2015-06-30	36762.0	2850.0	4000.0	27960.0	25773.0	4122.0	5159.0	28.7	29.5	43.2	44.2
2015-07-07	33711.0	2143.0	4079.0	25910.0	22468.0	4162.0	5668.0	30.3	31.6	46.6	45.4
2015-07-14	34229.0	2306.0	4087.0	26750.0	22868.0	3258.0	5359.0	29.6	29.1	45.2	43.2
2015-07-21	34849.0	2494.0	4375.0	27362.0	23580.0	3100.0	5001.0	29.8	29.9	45.4	43.2
2015-07-28	35493.0	3654.0	3767.0	26517.0	24611.0	3084.0	4877.0	29.5	27.3	46.4	41.6
2015-08-04	31572.0	3971.0	3206.0	22432.0	21707.0	3052.0	4542.0	33.8	27.8	49.3	41.9
2015-08-11	32601.0	4373.0	2848.0	22705.0	22539.0	3103.0	4794.0	34.1	27.8	50.0	42.3
2015-08-18	32952.0	4472.0	3115.0	22645.0	22507.0	3324.0	4819.0	33.8	26.9	50.3	41.1
2015-08-25	34222.0	4472.0	3835.0	23745.0	22815.0	3410.0	4977.0	33.4	26.2	49.4	39.7
2015-09-01	30855.0	4556.0	3630.0	19236.0	19057.0	4990.0	6095.0	33.7	30.3	50.3	43.4
2015-09-08	31008.0	4556.0	3238.0	19312.0	19375.0	4990.0	6245.0	33.7	29.1	50.2	42.6
2015-09-15	31854.0	4406.0	2795.0	19627.0	19947.0	5015.0	6306.0	32.1	28.7	47.9	41.8
2015-09-22	32484.0	4406.0	2378.0	19792.0	20954.0	5032.0	5898.0	31.2	29.7	47.0	41.2
2015-09-29	32633.0	4423.0	1538.0	19694.0	21052.0	5364.0	6891.0	30.2	29.7	45.6	40.6
2015-10-06	29408.0	4142.0	1266.0	17141.0	18059.0	5356.0	7314.0	28.7	31.8	45.2	41.2
2015-10-13	31244.0	4692.0	461.0	17747.0	19524.0	5231.0	7685.0	28.2	35.9	44.1	44.2
2015-10-20	32081.0	4882.0	461.0	18039.0	20086.0	5276.0	7650.0	27.5	35.9	43.2	44.0
2015-10-27	32601.0	4694.0	461.0	18398.0	20582.0	5550.0	7599.0	27.0	35.9	42.7	43.9
2015-11-03	29154.0	4394.0	302.0	15428.0	17586.0	5349.0	7283.0	29.6	33.3	44.7	39.9
2015-11-10	30369.0	4772.0	460.0	16705.0	18743.0	5067.0	7341.0	33.4	32.1	49.4	40.7
2015-11-17	31253.0	4772.0	571.0	17356.0	19037.0	5025.0	7545.0	32.5	30.0	48.1	39.3
2015-11-24	32891.0	4231.0	660.0	19455.0	21537.0	4933.0	6422.0	32.0	30.0	45.7	39.4
2015-12-01	28789.0	2901.0	2359.0	17677.0	16804.0	4915.0	6330.0	34.9	28.7	47.6	40.7
2015-12-08	29213.0	602.0	3481.0	19828.0	16094.0	5843.0	6698.0	34.4	33.3	45.0	43.0
2015-12-15	32266.0	223.0	3761.0	22931.0	18905.0	5114.0	5602.0	32.0	26.5	41.9	36.8
2015-12-22	32659.0	249.0	4369.0	24038.0	20070.0	4572.0	4420.0	31.6	27.9	42.6	40.9
2015-12-29	33131.0	320.0	4017.0	24054.0	20429.0	4572.0	4500.0	30.8	27.4	41.6	40.9
2016-01-05	27913.0	0.0	5769.0	20080.0	13800.0	5520.0	6031.0	30.7	36.0	42.5	42.9
2016-01-12	29062.0	961.0	5647.0	19755.0	16133.0	5757.0	4693.0	27.4	33.2	38.7	44.0
2016-01-19	30575.0	1107.0	5466.0	20551.0	17017.0	5863.0	5038.0	26.8	31.7	36.7	42.3
2016-01-26	32586.0	1315.0	5902.0	21886.0	18750.0	6401.0	4950.0	28.4	32.0	36.6	42.0
2016-02-02	30403.0	2919.0	6198.0	18859.0	16615.0	6377.0	5342.0	37.3	40.9	47.3	52.0
2016-02-09	31085.0	3819.0	5439.0	17717.0	17494.0	6768.0	5371.0	36.2	39.1	47.2	51.3
2016-02-16	31328.0	3809.0	5535.0	19099.0	18065.0	5769.0	5077.0	35.6	39.9	47.1	51.7
2016-02-23	32502.0	3959.0	6322.0	20709.0	19185.0	5617.0	4778.0	37.9	40.7	48.2	51.5
2016-03-01	30390.0	2917.0	7876.0	19826.0	13702.0	5046.0	6211.0	34.9	45.5	43.8	48.8
2016-03-08	31176.0	2917.0	7724.0	20319.0	14533.0	4911.0	5890.0	34.1	44.0	43.8	49.0
2016-03-15	32453.0	3360.0	7655.0	20776.0	15387.0	4882.0	5976.0	32.0	44.3	42.2	49.7
2016-03-22	34371.0	3996.0	7371.0	21347.0	16441.0	4882.0	6413.0	30.2	42.4	41.3	47.8
2016-03-29	34629.0	4113.0	7396.0	21451.0	16651.0	4970.0	6487.0	29.2	42.1	39.9	46.1
2016-04-05	30786.0	3475.0	8082.0	19115.0	13572.0	5184.0	6120.0	28.4	43.1	39.6	47.1
2016-04-12	31975.0	3892.0	7823.0	20032.0	14938.0	4920.0	6083.0	28.1	42.5	40.5	48.0
2016-04-19	32370.0	4363.0	7697.0	19480.0	15415.0	5453.0	6184.0	26.4	41.9	40.8	49.3
2016-04-26	33870.0	4189.0	7641.0	20073.0	15885.0	6219.0	6955.0	25.5	40.7	38.8	46.8
2016-05-03	30186.0	3169.0	8490.0	18725.0	12826.0	5374.0	5952.0	25.1	46.1	39.6	49.0
2016-05-10	29912.0	2852.0	8464.0	18545.0	12726.0	5461.0	5668.0	24.3	45.7	38.8	48.3
2016-05-17	30161.0	2833.0	9318.0	19790.0	12488.0	4915.0	5732.0	25.3	45.0	40.1	49.4
2016-05-24	30996.0	2697.0	8777.0	20037.0	12940.0	5255.0	6272.0	25.6	42.7	40.0	47.4
2016-05-31	31201.0	2554.0	8380.0	20078.0	13076.0	5227.0	6403.0	26.1	42.2	41.0	46.6
2016-06-07	25701.0	2599.0	9157.0	16579.0	9444.0	4629.0	5206.0	26.4	50.4	42.3	53.8
2016-06-14	26012.0	2585.0	9164.0	16965.0	9460.0	4593.0	5519.0	28.6	50.7	43.9	52.3
2016-06-21	26644.0	2927.0	9291.0	17169.0	9975.0	4735.0	5565.0	27.4	49.6	42.0	52.3
2016-06-28	27768.0	2777.0	9277.0	18229.0	10749.0	4979.0	5959.0	26.2	47.3	41.0	49.6
2016-07-05	25399.0	2285.0	9816.0	17640.0	9877.0	4853.0	5085.0	30.3	51.5	44.5	57.5
2016-07-12	25702.0	1311.0	9704.0	18641.0	10600.0	5105.0	4753.0	30.0	48.9	41.2	53.1
2016-07-19	25781.0	1011.0	9646.0	18800.0	10841.0	5325.0	4649.0	29.7	48.8	41.4	53.3
2016-07-26	25848.0	1011.0	9739.0	18912.0	10812.0	5280.0	4652.0	28.6	48.7	39.8	53.0
2016-08-02	20856.0	160.0	7800.0	15332.0	8094.0	4917.0	4515.0	29.0	49.8	40.6	52.4
2016-08-09	21483.0	876.0	7655.0	15194.0	8542.0	4728.0	4601.0	27.1	48.4	40.1	51.7
2016-08-16	22079.0	686.0	7721.0	15563.0	9175.0	5042.0	4395.0	24.8	48.2	39.6	52.5
2016-08-23	23389.0	1198.0	8553.0	16833.0	10194.0	4645.0	3929.0	28.6	47.2	43.4	54.7
2016-08-30	23906.0	1340.0	8844.0	17181.0	10504.0	4672.0	3845.0	29.6	47.5	44.9	55.8
2016-09-06	20383.0	1815.0	6995.0	13127.0	9406.0	4855.0	3396.0	32.2	46.8	48.4	58.1
2016-09-13	21324.0	1770.0	7254.0	13809.0	9467.0	5141.0	3999.0	33.3	45.4	49.8	54.8
2016-09-20	23189.0	2373.0	7576.0	14926.0	11258.0	4959.0	3424.0	34.9	42.7	51.9	54.4
2016-09-27	23604.0	2350.0	7554.0	14922.0	11258.0	5187.0	3647.0	34.2	40.7	49.7	52.6
2016-10-04	19025.0	1815.0	5035.0	9238.0	8826.0	6562.0	3754.0	30.6	46.3	44.0	57.6
2016-10-11	19483.0	1768.0	5145.0	9887.0	8987.0	6257.0	3780.0	30.1	44.1	42.2	57.0
2016-10-18	20821.0	1960.0	4758.0	11697.0	10295.0	5172.0	3776.0	30.5	41.5	44.9	53.3
2016-10-25	21533.0	2139.0	4540.0	11305.0	10468.0	5569.0	4005.0	31.9	40.6	45.4	52.6
2016-11-01	17617.0	1324.0	3605.0	9280.0	8713.0	4949.0	3235.0	32.2	40.0	45.1	56.3
2016-11-08	19501.0	1586.0	4664.0	10938.0	9962.0	4740.0	2638.0	29.6	35.0	45.5	53.1
2016-11-15	21422.0	1993.0	4321.0	11186.0	10649.0	4794.0	3003.0	31.6	36.3	46.2	50.4
2016-11-22	23536.0	1842.0	4364.0	12043.0	11860.0	5376.0	3037.0	29.0	33.7	42.8	47.5
2016-11-29	23855.0	1842.0	4574.0	12019.0	11727.0	5493.0	3053.0	28.0	32.1	40.9	46.3
2016-12-06	20815.0	1466.0	7280.0	12214.0	8191.0	3932.0	2141.0	31.6	39.5	43.2	51.7
2016-12-13	22937.0	2311.0	7196.0	12796.0	9206.0	4087.0	2792.0	30.3	34.5	44.2	46.8
2016-12-20	27053.0	2260.0	9055.0	16152.0	10452.0	3853.0	2758.0	32.9	29.8	47.8	46.1
2016-12-27	27178.0	2354.0	8708.0	16076.0	10692.0	4073.0	3103.0	32.7	30.0	47.2	46.4
2017-01-03	21697.0	1825.0	8986.0	13393.0	7586.0	3760.0	2406.0	34.0	37.4	51.8	53.8
2017-01-10	24057.0	1825.0	8812.0	15588.0	8033.0	3124.0	3692.0	34.7	34.5	51.3	48.4
2017-01-17	26301.0	2030.0	9007.0	17341.0	9737.0	3147.0	3774.0	35.7	35.3	49.2	50.4
2017-01-24	28040.0	1938.0	9206.0	17303.0	9836.0	4323.0	4522.0	35.5	34.7	48.6	49.7
2017-01-31	30537.0	1755.0	9403.0	18880.0	11013.0	4682.0	4901.0	36.6	33.9	46.0	48.3
