2011-03-29	11342.0	0.0	0.0	10673.0	9113.0	669.0	2229.0	51.6	37.2	61.1	46.0
2011-04-05	9658.0	0.0	0.0	8748.0	8105.0	910.0	1553.0	50.4	31.7	58.2	45.6
2011-04-12	10587.0	0.0	0.0	9473.0	8655.0	1114.0	1932.0	48.4	24.4	55.7	40.9
2011-04-19	11176.0	0.0	0.0	10234.0	9692.0	942.0	1484.0	42.7	23.7	49.2	34.7
2011-04-26	11226.0	0.0	0.0	10221.0	9417.0	1005.0	1809.0	47.6	27.5	54.5	40.5
2011-11-29	9546.0	0.0	0.0	8334.0	8533.0	1212.0	1013.0	37.8	39.6	50.6	52.3
2011-12-06	8497.0	0.0	0.0	7469.0	7056.0	1028.0	1441.0	36.5	37.8	54.4	51.3
2011-12-20	9801.0	0.0	0.0	8829.0	8506.0	972.0	1295.0	37.4	38.1	57.0	51.9
2011-12-27	9846.0	0.0	0.0	8947.0	8474.0	899.0	1372.0	40.5	43.0	61.3	57.3
2012-01-17	8351.0	0.0	0.0	7605.0	7327.0	746.0	1024.0	48.9	47.0	70.2	71.0
2012-01-24	8480.0	0.0	0.0	7701.0	7414.0	779.0	1066.0	48.1	45.6	68.6	69.3
2012-01-31	9013.0	0.0	0.0	8434.0	8022.0	579.0	991.0	42.8	39.6	60.9	58.8
2012-04-03	6499.0	0.0	0.0	5749.0	6124.0	750.0	375.0	41.9	38.6	56.3	57.7
2012-04-10	6504.0	0.0	0.0	5654.0	6229.0	850.0	275.0	42.6	37.1	57.0	57.7
2012-04-17	7149.0	0.0	0.0	6574.0	6799.0	575.0	350.0	42.6	36.2	63.4	56.3
2012-04-24	7796.0	0.0	0.0	7221.0	7396.0	575.0	400.0	38.5	34.6	55.4	51.6
2012-05-01	5391.0	0.0	0.0	4616.0	4782.0	775.0	609.0	38.3	55.7	59.7	70.5
2012-05-08	5641.0	0.0	0.0	4966.0	5107.0	675.0	534.0	38.0	54.5	56.6	69.6
2012-05-15	6345.0	0.0	0.0	5395.0	5761.0	950.0	584.0	35.9	49.9	54.5	65.6
2012-10-09	8621.0	150.0	0.0	7654.0	7688.0	817.0	933.0	50.8	47.2	61.5	60.1
2012-10-23	9896.0	200.0	0.0	8604.0	9011.0	1092.0	885.0	45.2	44.6	55.9	54.7
2012-10-30	10336.0	200.0	0.0	8983.0	10091.0	1153.0	245.0	43.6	44.6	54.9	58.4
2012-11-27	9834.0	100.0	0.0	8689.0	9559.0	945.0	175.0	33.7	32.0	39.0	43.8
2012-12-18	8978.0	0.0	0.0	7818.0	7968.0	960.0	810.0	36.7	35.5	44.8	48.9
2012-12-24	9488.0	0.0	0.0	8121.0	8204.0	1167.0	1084.0	34.4	35.0	43.9	47.6
2012-12-31	9428.0	0.0	0.0	8071.0	8094.0	1157.0	1134.0	35.7	35.8	45.8	49.9
2013-01-15	10350.0	200.0	0.0	9321.0	9707.0	829.0	643.0	32.9	23.4	44.2	40.1
2013-01-22	11073.0	200.0	0.0	10370.0	10580.0	503.0	493.0	34.8	26.2	44.5	43.6
2013-01-29	13005.0	100.0	0.0	12337.0	12445.0	468.0	460.0	34.6	28.0	44.2	40.5
2013-02-12	11890.0	0.0	0.0	11467.0	11240.0	423.0	650.0	42.8	28.8	50.1	42.5
2013-02-19	12560.0	0.0	0.0	12237.0	11625.0	323.0	935.0	46.1	30.4	53.0	43.0
2013-02-26	13591.0	0.0	0.0	13194.0	12464.0	397.0	1127.0	46.1	33.5	55.5	46.6
2013-03-26	12877.0	0.0	0.0	11907.0	11822.0	970.0	1055.0	34.7	26.6	41.6	37.8
2013-04-23	10218.0	0.0	150.0	8919.0	9001.0	1099.0	867.0	27.0	35.1	38.9	44.2
2013-04-30	10789.0	0.0	100.0	9388.0	9591.0	1151.0	848.0	26.7	34.9	37.0	42.3
2013-05-21	9448.0	0.0	0.0	8371.0	8272.0	1077.0	1176.0	33.8	28.4	40.4	37.9
2013-05-28	9778.0	0.0	0.0	8721.0	8373.0	1057.0	1405.0	34.7	26.7	41.7	36.4
2013-07-16	8424.0	0.0	0.0	7288.0	7446.0	1136.0	978.0	33.5	26.9	40.8	39.2
2013-07-23	8614.0	0.0	0.0	7428.0	7546.0	1186.0	1068.0	33.7	28.6	42.6	40.5
2013-08-27	8760.0	0.0	150.0	6437.0	6685.0	2173.0	1775.0	38.8	36.2	43.9	46.8
2013-10-29	11095.0	0.0	0.0	10205.0	9845.0	890.0	1250.0	22.8	36.6	39.9	43.3
2013-11-05	9250.0	0.0	0.0	8082.0	8158.0	1168.0	1092.0	25.6	32.5	40.3	41.4
2013-11-12	10455.0	0.0	0.0	9337.0	9563.0	1118.0	892.0	25.5	38.5	39.1	45.2
2013-11-19	11394.0	0.0	0.0	10372.0	10423.0	1022.0	971.0	23.9	37.7	36.3	43.3
2013-11-26	14303.0	0.0	150.0	13456.0	12757.0	847.0	1396.0	30.8	41.1	43.6	48.1
2013-12-03	12690.0	0.0	400.0	11267.0	10652.0	1423.0	1638.0	38.3	46.2	51.3	51.9
2013-12-10	13606.0	0.0	450.0	12485.0	12461.0	1121.0	695.0	35.6	45.6	51.0	56.4
2013-12-17	14654.0	0.0	600.0	13483.0	13334.0	1171.0	720.0	37.6	42.5	51.8	54.8
2013-12-24	14942.0	0.0	700.0	13671.0	13472.0	1271.0	770.0	36.4	41.3	49.9	53.5
2014-01-21	11861.0	0.0	430.0	10705.0	10372.0	1156.0	1059.0	46.4	51.8	62.4	63.6
2014-01-28	12091.0	0.0	430.0	10985.0	10372.0	1106.0	1289.0	45.2	50.6	62.1	61.8
2014-02-25	11157.0	0.0	280.0	10119.0	9335.0	1038.0	1542.0	46.4	39.7	57.0	52.0
2014-05-27	13385.0	275.0	450.0	11666.0	11421.0	1369.0	1439.0	29.3	26.9	42.8	38.1
2014-06-10	13406.0	0.0	600.0	11906.0	11091.0	1350.0	1565.0	27.2	19.3	34.6	28.2
2014-06-24	15109.0	0.0	400.0	13773.0	13154.0	1136.0	1355.0	29.5	19.9	34.9	29.5
2014-07-15	15704.0	0.0	475.0	13995.0	13331.0	1209.0	1398.0	28.5	31.3	34.2	34.9
2014-07-22	15829.0	0.0	698.0	13395.0	13281.0	1692.0	1108.0	26.3	31.5	31.0	36.2
2014-07-29	20026.0	0.0	948.0	17892.0	16978.0	1267.0	1233.0	22.5	27.2	29.5	32.0
2014-08-05	19447.0	0.0	533.0	17070.0	16524.0	1268.0	1281.0	20.9	24.5	27.7	28.1
2014-08-12	19174.0	37.0	325.0	16449.0	16502.0	1491.0	1150.0	20.9	27.7	28.4	31.1
2014-08-19	19947.0	37.0	325.0	17106.0	17117.0	1607.0	1308.0	21.0	26.7	27.5	29.7
2014-08-26	20969.0	37.0	325.0	18227.0	18005.0	1508.0	1442.0	20.0	24.7	26.9	27.9
2014-09-02	20335.0	559.0	0.0	18077.0	18288.0	1174.0	1522.0	18.5	22.0	28.1	26.0
2014-09-09	22767.0	559.0	680.0	20409.0	20130.0	974.0	1132.0	23.5	22.4	34.1	29.9
2014-09-16	23833.0	559.0	680.0	21075.0	20771.0	1274.0	1457.0	23.6	22.5	33.7	29.7
2014-09-23	24533.0	757.0	680.0	21700.0	21421.0	1101.0	1457.0	22.8	21.7	32.7	28.6
2014-09-30	25221.0	757.0	680.0	22247.0	21851.0	1217.0	1690.0	22.4	19.8	31.7	26.6
2014-10-14	25469.0	100.0	725.0	23410.0	22898.0	1059.0	946.0	29.4	22.8	32.8	31.3
2014-10-21	26365.0	100.0	725.0	23982.0	23627.0	1383.0	1113.0	28.0	20.9	32.0	29.3
2014-10-28	26332.0	100.0	725.0	24184.0	23861.0	1248.0	946.0	27.6	20.6	32.6	29.0
2014-11-04	23141.0	275.0	425.0	20625.0	20801.0	1616.0	1290.0	37.7	30.9	41.1	39.9
2014-11-11	23643.0	475.0	475.0	21177.0	21253.0	1366.0	1290.0	38.0	30.3	42.3	40.2
2014-11-18	23058.0	475.0	375.0	20532.0	21268.0	1426.0	790.0	37.1	31.0	42.1	41.0
2014-11-25	23458.0	475.0	375.0	21667.0	21818.0	691.0	640.0	35.7	30.6	41.5	39.0
2014-12-02	21992.0	575.0	0.0	20250.0	20575.0	792.0	1042.0	38.5	28.1	41.7	37.9
2014-12-09	23191.0	575.0	0.0	21409.0	21784.0	832.0	1032.0	35.6	28.6	38.8	37.2
2014-12-16	24247.0	575.0	0.0	22523.0	22801.0	674.0	971.0	36.0	29.0	40.8	38.3
2014-12-23	24687.0	575.0	0.0	22437.0	23114.0	1200.0	1098.0	36.1	28.2	39.6	37.4
2014-12-30	24884.0	575.0	0.0	22343.0	23161.0	1341.0	1098.0	36.6	28.4	40.1	38.5
2015-01-06	22071.0	700.0	0.0	19849.0	20724.0	1172.0	997.0	41.1	32.5	45.1	42.7
2015-01-13	23288.0	650.0	0.0	21466.0	21826.0	722.0	1012.0	38.3	31.0	43.5	41.8
2015-01-20	24677.0	650.0	0.0	22405.0	22915.0	872.0	1012.0	34.7	30.0	39.4	40.1
2015-01-27	24977.0	700.0	0.0	22480.0	22765.0	897.0	1312.0	32.1	26.4	36.9	36.6
2015-02-03	20179.0	450.0	150.0	18204.0	18116.0	775.0	1163.0	39.3	35.0	44.6	43.0
2015-02-10	20785.0	450.0	100.0	18635.0	18707.0	950.0	1228.0	38.6	35.1	45.2	43.2
2015-02-17	21980.0	600.0	0.0	19740.0	19887.0	890.0	1343.0	36.6	33.2	43.0	41.1
2015-02-24	23245.0	500.0	385.0	20775.0	20452.0	715.0	1153.0	36.1	31.4	42.6	38.9
2015-03-03	20286.0	375.0	1300.0	18299.0	17035.0	485.0	824.0	49.3	30.3	52.7	39.7
2015-03-10	21155.0	375.0	1266.0	18951.0	17707.0	758.0	1111.0	47.8	30.1	51.6	39.5
2015-03-17	21079.0	491.0	1116.0	18533.0	17481.0	784.0	1211.0	46.6	30.1	51.2	39.9
2015-03-24	21685.0	125.0	1191.0	18922.0	17712.0	1392.0	1536.0	45.1	29.9	48.5	40.0
2015-03-31	21656.0	241.0	1229.0	18995.0	17760.0	1064.0	1311.0	46.1	30.2	49.5	40.6
2015-04-07	17162.0	216.0	994.0	15360.0	14394.0	867.0	1055.0	52.2	37.2	56.7	48.5
2015-04-14	17232.0	216.0	819.0	15285.0	14444.0	892.0	1130.0	51.1	36.9	55.5	47.8
2015-04-21	17382.0	266.0	658.0	15035.0	14419.0	1117.0	1341.0	49.5	37.6	54.2	47.9
2015-04-28	17757.0	266.0	908.0	15285.0	14569.0	1117.0	1191.0	49.5	36.1	53.5	47.1
2015-05-05	12506.0	0.0	370.0	10586.0	9961.0	1100.0	1355.0	51.2	34.4	54.6	45.7
2015-05-12	12641.0	100.0	395.0	10621.0	9971.0	1025.0	1380.0	50.9	32.4	54.7	45.0
2015-05-19	13541.0	100.0	295.0	11271.0	10771.0	1150.0	1455.0	47.5	30.5	51.7	43.9
2015-05-26	13401.0	70.0	420.0	10782.0	10547.0	1654.0	1539.0	47.7	30.7	51.4	45.0
2015-06-02	10237.0	387.0	0.0	8164.0	8256.0	878.0	1173.0	47.4	38.0	55.5	50.8
2015-06-09	10362.0	387.0	0.0	8214.0	8431.0	1103.0	1273.0	46.8	37.5	53.9	50.2
2015-06-16	10787.0	270.0	75.0	8664.0	8739.0	1053.0	1173.0	50.7	37.2	56.1	50.3
2015-06-23	10937.0	595.0	100.0	8764.0	8839.0	803.0	1223.0	50.9	36.7	58.6	50.5
2015-06-30	10950.0	620.0	400.0	8977.0	8777.0	823.0	1243.0	53.4	36.7	61.3	51.8
2015-08-25	8929.0	55.0	235.0	7115.0	6291.0	954.0	1598.0	38.3	38.0	50.8	47.3
2015-09-22	7907.0	0.0	458.0	6236.0	5244.0	1101.0	1635.0	36.2	36.5	50.9	44.9
2015-09-29	9146.0	170.0	747.0	7063.0	5989.0	1238.0	1735.0	34.3	36.1	47.4	44.2
2016-04-19	12072.0	1525.0	155.0	8176.0	9356.0	885.0	1075.0	26.0	35.5	40.9	40.2
2016-04-26	13543.0	2525.0	275.0	8419.0	10624.0	930.0	975.0	30.0	33.6	41.9	41.8
2016-05-03	10999.0	2549.0	375.0	7150.0	9024.0	525.0	825.0	36.9	38.6	48.1	47.3
2016-05-10	10849.0	2504.0	375.0	7070.0	8899.0	500.0	800.0	37.0	38.7	48.4	47.6
2016-05-17	11099.0	2104.0	375.0	7370.0	8749.0	550.0	900.0	32.6	36.3	43.7	42.3
2016-05-24	11464.0	2104.0	375.0	7760.0	9139.0	550.0	900.0	31.5	35.1	42.3	40.9
2016-05-31	11887.0	2074.0	375.0	8020.0	9432.0	713.0	1000.0	30.4	34.1	40.8	40.0
2016-08-16	9767.0	444.0	440.0	7346.0	6847.0	679.0	1182.0	18.3	16.0	25.0	20.0
2016-08-23	9890.0	569.0	840.0	7479.0	6690.0	664.0	1182.0	19.3	19.9	27.0	23.3
2016-08-30	10569.0	535.0	840.0	7722.0	6870.0	934.0	1481.0	18.0	18.6	26.1	22.4
2016-09-06	9208.0	1073.0	825.0	6028.0	6061.0	1012.0	1227.0	26.7	17.2	31.6	25.2
2016-09-13	9473.0	1073.0	775.0	6168.0	6176.0	1287.0	1577.0	25.4	16.4	30.7	24.2
2016-09-20	9945.0	977.0	770.0	6745.0	6478.0	853.0	1327.0	21.9	14.6	29.3	22.0
2016-09-27	10218.0	872.0	795.0	6993.0	6526.0	883.0	1427.0	21.8	15.9	30.1	23.6
2016-10-04	7528.0	1442.0	547.0	4574.0	4843.0	769.0	1395.0	36.9	27.0	44.9	35.6
2016-10-11	9306.0	1695.0	547.0	5324.0	5696.0	869.0	1645.0	30.2	22.4	37.9	30.1
2016-10-18	11045.0	1795.0	687.0	6150.0	6802.0	999.0	1455.0	26.2	20.7	34.6	28.8
2016-10-25	11290.0	2145.0	687.0	6020.0	6992.0	999.0	1485.0	28.8	23.6	37.4	31.4
2016-11-01	11411.0	1956.0	300.0	5865.0	7112.0	856.0	1265.0	23.8	18.4	29.9	25.8
2016-11-08	15689.0	2036.0	200.0	7660.0	9087.0	868.0	1277.0	17.5	14.3	21.9	18.9
2016-11-15	17779.0	2251.0	0.0	8695.0	10237.0	743.0	1452.0	16.2	13.4	20.3	17.1
2016-11-22	20301.0	1839.0	23.0	10251.0	11513.0	1096.0	1650.0	13.5	12.5	17.3	15.2
2016-11-29	21404.0	2014.0	23.0	10871.0	12208.0	946.0	1600.0	13.7	12.3	17.2	14.9
2016-12-06	19082.0	1855.0	392.0	11016.0	11928.0	848.0	1399.0	14.6	14.0	19.3	18.5
2016-12-13	19712.0	1855.0	417.0	11296.0	12183.0	848.0	1399.0	14.7	13.3	19.5	18.5
2016-12-20	20024.0	1850.0	417.0	11126.0	12068.0	1098.0	1589.0	14.8	13.6	19.8	18.7
2016-12-27	20679.0	2050.0	417.0	11311.0	12603.0	1268.0	1609.0	15.3	15.1	20.1	19.8
2017-01-17	18347.0	4831.0	875.0	9094.0	13233.0	1048.0	865.0	30.2	21.8	33.7	34.0
2017-01-24	20222.0	4781.0	875.0	10757.0	14678.0	815.0	800.0	27.2	19.6	31.1	30.4
2017-01-31	21865.0	4931.0	975.0	11782.0	15588.0	865.0	1015.0	25.8	18.1	29.4	28.4
