2011-05-17	159576.0	0.0	0.0	159576.0	159576.0	0.0	0.0	71.1	74.0	91.8	90.0
2011-05-24	165581.0	0.0	0.0	165581.0	165581.0	0.0	0.0	69.2	75.0	87.1	90.4
2011-05-31	165581.0	0.0	0.0	165581.0	165581.0	0.0	0.0	69.2	75.0	87.1	90.4
2011-06-07	157013.0	0.0	0.0	157013.0	157013.0	0.0	0.0	71.7	77.8	88.7	92.5
2011-06-14	180533.0	0.0	0.0	180533.0	180533.0	0.0	0.0	72.2	75.2	90.2	93.5
2011-06-21	180533.0	0.0	0.0	180533.0	180533.0	0.0	0.0	72.2	75.2	90.2	93.5
2011-06-28	180533.0	0.0	0.0	180533.0	180533.0	0.0	0.0	72.2	75.2	90.2	93.5
2011-07-05	172069.0	0.0	0.0	172069.0	172069.0	0.0	0.0	72.6	77.4	90.5	94.2
2011-07-12	172069.0	0.0	0.0	172069.0	172069.0	0.0	0.0	72.6	77.4	90.5	94.2
2011-07-19	172069.0	0.0	0.0	172069.0	172069.0	0.0	0.0	72.6	77.4	90.5	94.2
2011-07-26	176749.0	0.0	0.0	176749.0	176749.0	0.0	0.0	70.6	75.4	90.8	94.4
2011-08-02	163605.0	0.0	0.0	163605.0	163605.0	0.0	0.0	71.1	77.0	92.3	94.7
2011-08-09	163605.0	0.0	0.0	163605.0	163605.0	0.0	0.0	71.1	77.0	92.3	94.7
2011-08-16	169610.0	0.0	6005.0	169610.0	163605.0	0.0	0.0	68.6	70.7	89.1	90.2
2011-08-23	169610.0	0.0	6005.0	169610.0	163605.0	0.0	0.0	68.6	70.7	89.1	90.2
2011-08-30	169610.0	0.0	6005.0	169610.0	163605.0	0.0	0.0	68.6	70.7	89.1	90.2
2011-09-06	140556.0	0.0	6005.0	140556.0	134551.0	0.0	0.0	74.4	67.8	90.9	88.6
2011-09-13	140556.0	0.0	6005.0	140556.0	134551.0	0.0	0.0	74.4	67.8	90.9	88.6
2011-09-20	140556.0	0.0	6005.0	140556.0	134551.0	0.0	0.0	74.4	67.8	90.9	88.6
2011-09-27	140556.0	0.0	6005.0	140556.0	134551.0	0.0	0.0	74.4	67.8	90.9	88.6
2011-10-04	131724.0	0.0	6005.0	131724.0	125719.0	0.0	0.0	74.5	69.8	90.8	89.0
2011-10-11	131724.0	0.0	6005.0	131724.0	125719.0	0.0	0.0	74.5	69.8	90.8	89.0
2011-10-18	131724.0	0.0	6005.0	131724.0	125719.0	0.0	0.0	74.5	69.8	90.8	89.0
2011-10-25	131724.0	0.0	6005.0	131724.0	125719.0	0.0	0.0	74.5	69.8	90.8	89.0
2011-11-01	120185.0	0.0	3965.0	120185.0	116220.0	0.0	0.0	74.2	73.4	90.7	89.4
2011-11-08	131780.0	0.0	3965.0	131780.0	127815.0	0.0	0.0	76.4	66.9	91.6	88.9
2011-11-15	131780.0	0.0	3965.0	131780.0	127815.0	0.0	0.0	76.4	66.9	91.6	88.9
2011-11-22	131780.0	0.0	3965.0	131780.0	127815.0	0.0	0.0	76.4	66.9	91.6	88.9
2011-11-29	131780.0	0.0	3965.0	131780.0	127815.0	0.0	0.0	76.4	66.9	91.6	88.9
2011-12-06	119845.0	0.0	2040.0	119845.0	117805.0	0.0	0.0	79.2	73.0	94.6	93.9
2011-12-13	119845.0	0.0	2040.0	119845.0	117805.0	0.0	0.0	79.2	73.0	94.6	93.9
2011-12-20	119845.0	0.0	2040.0	119845.0	117805.0	0.0	0.0	79.2	73.0	94.6	93.9
2011-12-27	119845.0	0.0	2040.0	119845.0	117805.0	0.0	0.0	79.2	73.0	94.6	93.9
2013-04-16	159678.0	13956.0	0.0	136362.0	150318.0	0.0	0.0	61.0	58.4	77.9	78.7
2013-04-23	162422.0	16700.0	0.0	136362.0	153062.0	0.0	0.0	61.7	57.4	78.3	77.9
2013-04-30	164382.0	16700.0	0.0	138322.0	155022.0	0.0	0.0	61.0	56.8	78.5	76.9
2013-05-07	223326.0	6028.0	0.0	207938.0	213966.0	0.0	0.0	50.8	54.6	69.7	71.1
2013-05-14	223326.0	6028.0	0.0	207938.0	213966.0	0.0	0.0	50.8	54.6	69.7	71.1
2013-05-21	223326.0	6028.0	0.0	207938.0	213966.0	0.0	0.0	50.8	54.6	69.7	70.2
2013-05-28	246726.0	6028.0	0.0	231338.0	237366.0	0.0	0.0	55.5	58.9	72.6	73.0
2013-06-04	269270.0	48516.0	0.0	220754.0	269270.0	0.0	0.0	59.8	64.9	79.5	78.4
2013-06-11	280590.0	48516.0	0.0	232074.0	280590.0	0.0	0.0	57.4	65.6	79.7	78.6
2013-06-18	294582.0	48516.0	0.0	246066.0	294582.0	0.0	0.0	47.4	62.5	71.1	74.9
2013-06-25	294582.0	48516.0	0.0	246066.0	294582.0	0.0	0.0	47.4	62.5	71.4	74.9
2013-07-02	282582.0	46916.0	0.0	235666.0	282582.0	0.0	0.0	46.7	64.0	70.6	74.2
2013-07-09	301302.0	46916.0	0.0	254386.0	301302.0	0.0	0.0	48.7	60.1	71.6	71.3
2013-07-16	380622.0	46916.0	0.0	333706.0	380622.0	0.0	0.0	41.4	67.3	66.9	75.1
2013-07-23	418062.0	46916.0	0.0	371146.0	418062.0	0.0	0.0	42.9	60.1	62.3	67.2
2013-07-30	418062.0	46916.0	0.0	371146.0	418062.0	0.0	0.0	42.9	60.1	62.3	67.2
2013-08-06	403558.0	45348.0	0.0	358210.0	403558.0	0.0	0.0	41.7	61.2	62.0	66.8
2013-08-13	409483.0	45348.0	0.0	364135.0	409483.0	0.0	0.0	41.1	60.4	61.1	65.8
2013-08-20	493691.0	45348.0	28080.0	448343.0	465611.0	0.0	0.0	44.6	59.4	66.8	69.3
2013-08-27	502741.0	45348.0	28080.0	457393.0	474661.0	0.0	0.0	44.2	59.3	66.0	69.0
2013-09-03	513717.0	43780.0	28080.0	469937.0	485637.0	0.0	0.0	42.7	62.3	66.9	70.8
2013-09-10	560509.0	90420.0	28080.0	470089.0	532429.0	0.0	0.0	42.2	56.3	58.8	61.9
2013-09-17	537389.0	91644.0	28080.0	445745.0	509309.0	0.0	0.0	44.6	50.9	61.2	61.2
2013-09-24	538517.0	91644.0	28080.0	446873.0	510437.0	0.0	0.0	44.5	50.8	60.6	61.1
2013-10-01	547605.0	86780.0	28080.0	460417.0	519117.0	0.0	0.0	42.5	49.1	59.1	61.9
2013-10-08	561613.0	86780.0	28080.0	474425.0	533125.0	0.0	0.0	41.4	47.9	57.7	61.6
2013-10-15	575605.0	86780.0	28080.0	488417.0	547117.0	0.0	0.0	47.7	46.7	60.5	60.3
2013-10-22	610370.0	133580.0	28080.0	476382.0	581882.0	0.0	0.0	53.0	44.4	62.3	59.1
2013-10-29	605634.0	133580.0	28080.0	471646.0	577146.0	0.0	0.0	57.3	44.7	65.2	59.6
2013-11-05	593562.0	132076.0	28080.0	461078.0	565074.0	0.0	0.0	57.3	46.0	64.9	60.1
2013-11-12	635660.0	132076.0	28080.0	503176.0	607172.0	0.0	0.0	53.5	44.4	63.5	61.1
2013-11-19	663740.0	132076.0	28080.0	531256.0	635252.0	0.0	0.0	56.9	42.3	64.5	58.4
2013-11-26	663740.0	132076.0	0.0	531256.0	663332.0	0.0	0.0	56.9	42.3	64.5	58.4
2013-12-03	648869.0	131240.0	0.0	517221.0	648461.0	0.0	0.0	56.9	43.1	65.5	59.8
2013-12-10	648869.0	131240.0	0.0	517221.0	648461.0	0.0	0.0	56.9	43.1	65.5	59.8
2013-12-17	699077.0	160160.0	0.0	538509.0	698669.0	0.0	0.0	60.3	40.0	66.1	55.5
2013-12-24	699077.0	160160.0	0.0	538509.0	698669.0	0.0	0.0	60.3	40.0	66.1	55.5
2014-01-07	683981.0	160568.0	0.0	523413.0	683981.0	0.0	0.0	60.8	41.2	67.5	57.0
2014-01-14	716629.0	207208.0	0.0	509421.0	716629.0	0.0	0.0	64.5	39.3	69.0	55.1
2014-01-21	716629.0	207208.0	0.0	509421.0	716629.0	0.0	0.0	64.5	39.3	69.0	55.1
2014-01-28	791253.0	291160.0	0.0	500093.0	791253.0	0.0	0.0	69.0	38.5	71.3	54.0
2014-02-04	755973.0	276264.0	0.0	479709.0	755973.0	0.0	0.0	68.7	39.1	70.8	53.7
2014-02-11	755973.0	276264.0	0.0	479709.0	755973.0	0.0	0.0	68.6	39.1	70.8	53.7
2014-02-18	755973.0	0.0	0.0	755973.0	755973.0	0.0	0.0	68.6	39.1	70.8	53.7
2014-02-25	755973.0	0.0	0.0	755973.0	755973.0	0.0	0.0	68.6	39.1	70.8	53.7
2014-03-04	724293.0	262888.0	0.0	461405.0	724293.0	0.0	0.0	68.4	40.3	70.4	54.0
2014-03-11	724293.0	262888.0	0.0	461405.0	724293.0	0.0	0.0	68.4	40.3	70.4	54.0
2014-03-18	724293.0	262888.0	0.0	461405.0	724293.0	0.0	0.0	68.4	40.3	70.4	54.0
2014-03-25	725894.0	262888.0	0.0	463006.0	725894.0	0.0	0.0	68.0	40.2	69.9	54.4
2014-04-01	698218.0	255562.0	0.0	442656.0	698218.0	0.0	0.0	67.8	41.1	69.7	54.4
2014-04-08	702218.0	255562.0	0.0	446656.0	702218.0	0.0	0.0	67.5	40.9	69.3	54.3
2014-04-15	702218.0	255562.0	0.0	446656.0	702218.0	0.0	0.0	67.5	40.9	69.3	54.3
2014-04-22	710125.0	255562.0	0.0	454563.0	710125.0	0.0	0.0	67.5	41.6	69.3	54.9
2014-04-29	710125.0	255562.0	0.0	454563.0	710125.0	0.0	0.0	67.5	41.6	69.3	54.9
2014-05-06	685101.0	248938.0	0.0	436163.0	685101.0	0.0	0.0	67.4	42.5	69.2	55.4
2014-05-13	685101.0	248938.0	0.0	436163.0	685101.0	0.0	0.0	67.4	42.5	69.2	55.4
2014-05-20	685101.0	248938.0	0.0	436163.0	685101.0	0.0	0.0	67.4	42.5	69.2	55.4
2014-05-27	685101.0	248938.0	0.0	436163.0	685101.0	0.0	0.0	67.4	42.5	69.2	55.4
2014-06-03	656541.0	241594.0	0.0	414947.0	656541.0	0.0	0.0	67.2	43.5	69.0	56.3
2014-06-10	656541.0	241594.0	0.0	414947.0	656541.0	0.0	0.0	67.2	43.5	69.0	56.3
2014-06-17	673254.0	241594.0	0.0	431660.0	673254.0	0.0	0.0	65.5	49.4	72.6	61.8
2014-06-24	673254.0	241594.0	0.0	431660.0	673254.0	0.0	0.0	65.5	49.4	72.6	61.8
2014-07-01	646374.0	234682.0	0.0	411692.0	646374.0	0.0	0.0	65.3	50.7	73.1	62.9
2014-07-08	646374.0	234682.0	0.0	411692.0	646374.0	0.0	0.0	65.3	50.7	73.1	65.0
2014-07-15	646374.0	234682.0	0.0	411692.0	646374.0	0.0	0.0	65.3	50.7	73.1	65.0
2014-07-22	625842.0	234682.0	0.0	391160.0	625842.0	0.0	0.0	65.7	52.3	73.7	67.2
2014-07-29	625842.0	234682.0	0.0	391160.0	625842.0	0.0	0.0	65.7	52.3	73.7	67.2
2014-08-05	596050.0	227626.0	0.0	368424.0	596050.0	0.0	0.0	65.7	53.9	74.2	68.4
2014-08-12	596050.0	227626.0	0.0	368424.0	596050.0	0.0	0.0	65.7	53.9	74.2	68.4
2014-08-19	596050.0	227626.0	0.0	368424.0	596050.0	0.0	0.0	65.7	53.9	74.2	68.4
2014-08-26	596050.0	227626.0	0.0	368424.0	596050.0	0.0	0.0	65.7	53.9	74.2	68.4
2014-09-02	614530.0	220282.0	0.0	394248.0	614530.0	0.0	0.0	64.2	58.9	76.5	71.9
2014-09-09	614530.0	220282.0	0.0	394248.0	614530.0	0.0	0.0	64.2	58.9	76.5	71.9
2014-09-16	614530.0	220282.0	0.0	394248.0	614530.0	0.0	0.0	64.2	58.9	76.5	71.9
2014-09-23	614530.0	220282.0	0.0	394248.0	614530.0	0.0	0.0	64.2	58.9	76.5	71.9
2014-09-30	614530.0	220282.0	0.0	394248.0	614530.0	0.0	0.0	64.2	58.9	76.5	71.9
2014-10-07	614530.0	212602.0	0.0	376968.0	589570.0	24960.0	24960.0	62.6	57.9	74.2	70.6
2014-10-14	589570.0	212602.0	0.0	376968.0	589570.0	0.0	0.0	65.2	60.3	77.4	73.6
2014-10-21	601330.0	224362.0	0.0	376968.0	601330.0	0.0	0.0	65.9	59.1	77.8	74.1
2014-10-28	601330.0	224362.0	0.0	376968.0	601330.0	0.0	0.0	65.9	59.1	77.8	74.1
2014-11-04	577266.0	217594.0	0.0	359672.0	577266.0	0.0	0.0	67.0	60.6	78.7	75.8
2014-11-11	577266.0	217594.0	0.0	359672.0	577266.0	0.0	0.0	67.0	60.6	78.7	75.8
2014-11-18	577266.0	217594.0	0.0	359672.0	577266.0	0.0	0.0	67.0	60.6	78.7	75.8
2014-11-25	577266.0	217594.0	0.0	359672.0	577266.0	0.0	0.0	67.0	61.9	78.7	77.2
2014-12-02	547659.0	207586.0	0.0	340073.0	547659.0	0.0	0.0	68.1	63.5	80.4	78.8
2014-12-09	547659.0	207586.0	0.0	340073.0	547659.0	0.0	0.0	68.1	63.5	80.4	78.8
2014-12-16	547659.0	207586.0	0.0	340073.0	547659.0	0.0	0.0	68.1	63.5	80.4	78.8
2014-12-23	547659.0	207586.0	0.0	340073.0	547659.0	0.0	0.0	68.1	63.5	80.4	78.8
2014-12-30	547659.0	207586.0	0.0	340073.0	547659.0	0.0	0.0	68.1	63.5	80.4	78.8
