2011-09-13	727271.0	368064.0	0.0	335187.0	703251.0	0.0	0.0	63.5	68.8	81.4	81.5
2012-05-08	576337.0	163082.0	0.0	296020.0	459102.0	0.0	0.0	46.9	57.1	61.7	65.5
2012-05-15	576337.0	209882.0	0.0	296020.0	505902.0	0.0	0.0	55.0	61.0	69.8	71.4
2012-05-22	578248.0	209882.0	0.0	297931.0	507813.0	0.0	0.0	54.8	60.8	69.6	71.0
2012-05-29	578248.0	209882.0	0.0	297931.0	507813.0	0.0	0.0	54.8	60.8	69.6	71.0
2012-06-05	538474.0	207018.0	0.0	272616.0	479634.0	0.0	0.0	58.0	59.9	72.2	73.7
2012-06-12	538474.0	207018.0	0.0	272616.0	479634.0	0.0	0.0	58.0	59.9	72.2	73.7
2012-06-19	538474.0	207018.0	0.0	272616.0	479634.0	0.0	0.0	58.0	59.9	72.2	73.7
2012-06-26	546290.0	207018.0	0.0	280432.0	487450.0	0.0	0.0	56.3	59.6	71.2	72.7
2012-07-03	515402.0	179370.0	0.0	279112.0	458482.0	0.0	0.0	53.9	60.3	69.1	72.5
2012-07-10	513914.0	183834.0	0.0	277624.0	461458.0	0.0	0.0	55.0	61.3	70.2	73.6
2012-07-17	513914.0	179674.0	0.0	281784.0	461458.0	0.0	0.0	54.1	61.3	69.4	73.6
2012-07-24	525429.0	179674.0	0.0	283664.0	463338.0	0.0	0.0	53.0	60.0	67.9	72.3
2012-07-31	525429.0	179674.0	0.0	283664.0	463338.0	0.0	0.0	53.0	59.6	67.9	71.9
2012-08-07	522701.0	152338.0	0.0	308272.0	460610.0	0.0	0.0	46.4	51.6	60.5	66.6
2012-08-14	524781.0	150258.0	0.0	310352.0	460610.0	0.0	0.0	45.9	51.4	59.9	66.4
2012-08-21	548181.0	126858.0	0.0	333752.0	460610.0	0.0	0.0	39.6	45.9	53.1	59.3
2012-08-28	548181.0	126858.0	0.0	333752.0	460610.0	0.0	0.0	39.6	45.9	53.1	59.3
2012-09-04	500805.0	101666.0	0.0	311568.0	413234.0	0.0	0.0	36.9	43.6	50.1	56.1
2012-09-11	503773.0	101666.0	0.0	314536.0	416202.0	0.0	0.0	36.6	43.3	49.8	55.8
2012-09-18	503773.0	95741.0	0.0	320461.0	416202.0	0.0	0.0	35.5	43.3	48.6	55.8
2012-09-25	503773.0	95741.0	0.0	320461.0	416202.0	0.0	0.0	35.5	43.3	48.6	55.8
2012-10-02	455101.0	72490.0	461.0	299661.0	371690.0	0.0	0.0	37.5	41.1	49.9	52.9
2012-10-09	455101.0	72490.0	461.0	299661.0	371690.0	0.0	0.0	37.5	41.1	49.9	52.9
2012-10-16	455910.0	73299.0	461.0	299661.0	372499.0	0.0	0.0	37.5	41.0	49.8	52.8
2012-10-23	456295.0	72529.0	461.0	300431.0	372499.0	0.0	0.0	37.4	40.9	49.8	52.6
2012-10-30	462220.0	78454.0	6386.0	300431.0	372499.0	0.0	0.0	38.2	40.4	50.5	52.0
2012-11-06	456527.0	81552.0	31578.0	319115.0	369089.0	0.0	0.0	38.7	38.0	50.2	52.9
2012-11-13	479927.0	81552.0	31578.0	342515.0	392489.0	0.0	0.0	37.8	41.0	50.3	55.2
2012-11-20	488213.0	82929.0	0.0	342515.0	425444.0	0.0	0.0	37.2	39.3	47.9	49.3
2012-11-27	488213.0	82929.0	0.0	342515.0	425444.0	0.0	0.0	37.2	43.4	50.3	54.0
2012-12-04	443885.0	77317.0	24418.0	328602.0	381501.0	0.0	0.0	43.5	45.4	60.0	62.3
2012-12-11	482231.0	77317.0	1018.0	342300.0	418599.0	0.0	0.0	38.7	41.6	53.9	54.0
2012-12-18	482231.0	77317.0	1018.0	342300.0	418599.0	0.0	0.0	38.7	41.6	53.9	54.0
2012-12-24	505631.0	77317.0	6226.0	370908.0	441999.0	0.0	0.0	37.8	35.1	49.5	46.9
2012-12-31	507199.0	77317.0	6226.0	372476.0	443567.0	0.0	0.0	37.7	34.9	48.6	46.8
2013-01-08	458149.0	78299.0	34634.0	352124.0	395789.0	0.0	0.0	44.3	40.2	58.9	57.6
2013-01-15	470840.0	90059.0	34634.0	353055.0	408480.0	0.0	0.0	45.6	44.1	60.8	62.2
2013-01-22	470840.0	90059.0	34634.0	353055.0	408480.0	0.0	0.0	45.6	44.1	60.8	62.2
2013-01-29	517640.0	90059.0	58034.0	399855.0	431880.0	0.0	0.0	48.7	44.6	64.0	65.3
2013-02-05	542336.0	137099.0	109386.0	381823.0	409536.0	0.0	0.0	53.2	52.3	68.4	71.3
2013-02-12	542336.0	137099.0	109386.0	381823.0	409536.0	0.0	0.0	53.2	52.3	68.4	71.3
2013-02-19	558849.0	137099.0	109386.0	398336.0	426049.0	0.0	0.0	51.7	49.5	66.4	65.8
2013-02-26	561698.0	137099.0	109386.0	401185.0	428898.0	0.0	0.0	51.4	49.2	66.1	65.9
2013-03-05	549774.0	136395.0	113258.0	393837.0	416974.0	0.0	0.0	50.0	48.5	64.6	65.8
2013-03-12	549774.0	136395.0	113258.0	393837.0	416974.0	0.0	0.0	50.0	48.5	64.6	65.8
2013-03-19	549774.0	136395.0	113258.0	393837.0	416974.0	0.0	0.0	50.0	48.5	64.6	65.8
2013-03-26	573174.0	136395.0	113258.0	417237.0	440374.0	0.0	0.0	56.2	47.8	70.0	67.1
2013-04-02	587414.0	182381.0	118142.0	390375.0	454614.0	0.0	0.0	56.3	54.8	73.4	74.3
2013-04-09	596742.0	182381.0	118142.0	399703.0	463942.0	0.0	0.0	55.4	55.5	72.8	74.7
2013-04-16	661922.0	182381.0	118142.0	464883.0	529122.0	0.0	0.0	52.4	52.1	70.1	71.2
2013-04-23	725151.0	191873.0	120102.0	520580.0	592351.0	0.0	0.0	56.6	53.3	72.7	74.4
2013-04-30	727135.0	191873.0	122102.0	523364.0	593135.0	0.0	0.0	56.4	53.4	72.5	74.2
2013-05-07	809978.0	209119.0	151998.0	593377.0	650498.0	0.0	0.0	54.1	51.4	71.1	68.3
2013-05-14	856778.0	209119.0	151998.0	640177.0	697298.0	0.0	0.0	59.3	54.1	75.4	72.1
2013-05-21	920591.0	188767.0	198798.0	724342.0	714311.0	0.0	0.0	55.2	55.4	75.8	72.3
2013-05-28	920591.0	187167.0	198798.0	725942.0	714311.0	0.0	0.0	55.2	55.4	75.8	72.3
2013-06-04	1022799.0	314543.0	341462.0	703518.0	676599.0	0.0	0.0	61.5	62.2	79.3	77.9
2013-06-11	1027479.0	314543.0	346142.0	708198.0	676599.0	0.0	0.0	61.2	62.4	79.0	78.0
2013-06-18	1083607.0	314543.0	346222.0	764326.0	732647.0	0.0	0.0	58.1	62.2	77.0	76.6
2013-06-25	1099679.0	312975.0	364646.0	781966.0	730295.0	0.0	0.0	58.3	62.9	77.1	77.1
2013-07-02	1069714.0	317263.0	383670.0	747321.0	680914.0	0.0	0.0	58.0	65.4	77.3	80.4
2013-07-09	1097866.0	317263.0	383670.0	775473.0	709066.0	0.0	0.0	56.5	63.8	71.5	78.4
2013-07-16	1100218.0	317263.0	381318.0	775473.0	711418.0	0.0	0.0	56.4	63.6	71.3	78.2
2013-07-23	1161298.0	317263.0	498918.0	836553.0	654898.0	0.0	0.0	55.3	71.6	74.7	85.4
2013-07-30	1161298.0	317263.0	498918.0	836553.0	654898.0	0.0	0.0	55.3	71.4	74.7	85.4
2013-08-06	1118277.0	318439.0	498134.0	793532.0	613837.0	0.0	0.0	55.1	72.4	73.7	85.8
2013-08-13	1118277.0	318439.0	498134.0	793532.0	613837.0	0.0	0.0	55.1	72.4	73.7	85.8
2013-08-20	1141597.0	318439.0	521454.0	816852.0	613837.0	0.0	0.0	54.0	73.0	73.8	86.1
2013-08-27	1141597.0	318439.0	521454.0	816852.0	613837.0	0.0	0.0	54.0	73.0	73.8	86.1
2013-09-03	1102397.0	317655.0	524590.0	781572.0	574637.0	0.0	0.0	55.4	74.1	74.9	87.8
2013-09-10	1102397.0	317655.0	0.0	784742.0	1102397.0	0.0	0.0	55.4	74.1	74.9	87.8
2013-09-17	1172557.0	317655.0	0.0	854902.0	1172557.0	0.0	0.0	51.6	67.7	69.0	80.5
2013-09-24	1172557.0	317655.0	0.0	854902.0	1172557.0	0.0	0.0	51.6	67.7	69.0	80.5
2013-10-01	1158277.0	316855.0	0.0	841422.0	1158277.0	0.0	0.0	51.9	69.1	67.9	76.0
2013-10-08	1166795.0	325373.0	0.0	841422.0	1166795.0	0.0	0.0	51.5	69.0	67.4	76.2
2013-10-15	1182431.0	277771.0	0.0	903858.0	1181629.0	0.0	0.0	52.8	68.0	67.5	75.5
2013-10-22	1205951.0	277771.0	0.0	927378.0	1205149.0	0.0	0.0	51.8	68.6	66.2	75.9
2013-10-29	1283866.0	277771.0	0.0	1005293.0	1283064.0	0.0	0.0	54.8	67.5	68.4	75.7
2013-11-05	1243224.0	182939.0	0.0	1012443.0	1195382.0	0.0	0.0	47.0	68.7	63.6	77.2
2013-11-12	1243224.0	182939.0	0.0	1012443.0	1195382.0	0.0	0.0	47.0	68.7	63.6	77.2
2013-11-19	1243224.0	182939.0	0.0	1012443.0	1195382.0	0.0	0.0	47.0	68.7	63.6	77.2
2013-11-26	1259304.0	181321.0	0.0	1030141.0	1211462.0	0.0	0.0	47.0	68.4	63.3	76.7
2013-12-03	1223615.0	182123.0	0.0	994452.0	1176575.0	0.0	0.0	48.3	70.2	64.9	78.7
2013-12-10	1223615.0	182123.0	0.0	994452.0	1176575.0	0.0	0.0	48.3	70.2	64.9	78.7
2013-12-17	1247679.0	205443.0	0.0	995196.0	1200639.0	0.0	0.0	45.6	68.8	61.8	75.5
2013-12-24	1247679.0	205443.0	0.0	995196.0	1200639.0	0.0	0.0	45.6	68.8	61.8	75.5
2014-01-07	1210143.0	205443.0	0.0	957660.0	1163103.0	0.0	0.0	47.1	70.6	64.8	77.2
2014-01-14	1286364.0	234624.0	0.0	1004700.0	1239324.0	0.0	0.0	47.7	71.3	64.6	77.5
2014-01-21	1324580.0	218520.0	0.0	1059020.0	1277540.0	0.0	0.0	43.0	51.4	55.9	64.0
2014-01-28	1327650.0	218520.0	0.0	1062090.0	1280610.0	0.0	0.0	42.9	51.3	55.8	64.1
2014-02-04	1273562.0	204848.0	0.0	1020970.0	1225818.0	0.0	0.0	42.9	50.6	56.0	61.6
2014-02-11	1273562.0	204848.0	0.0	1020970.0	1225818.0	0.0	0.0	42.7	50.6	56.0	61.6
2014-02-18	1273562.0	206008.0	0.0	1019810.0	1225818.0	0.0	0.0	42.7	50.6	56.0	61.6
2014-02-25	1340635.0	203973.0	0.0	1088918.0	1292891.0	0.0	0.0	40.7	48.2	53.3	59.0
2014-03-04	1303675.0	201157.0	0.0	1055478.0	1256635.0	0.0	0.0	42.1	47.7	54.6	60.5
2014-03-11	1330195.0	201157.0	0.0	1081998.0	1283155.0	0.0	0.0	41.2	46.9	53.5	58.7
2014-03-18	1442291.0	199317.0	0.0	1195934.0	1395251.0	0.0	0.0	38.1	42.5	49.5	54.1
2014-03-25	1442291.0	199317.0	0.0	1195934.0	1395251.0	0.0	0.0	38.1	42.5	49.5	54.1
2014-04-01	1446865.0	194433.0	0.0	1205392.0	1399825.0	0.0	0.0	47.8	53.7	61.0	64.8
2014-04-08	1446865.0	194433.0	0.0	1205392.0	1399825.0	0.0	0.0	47.8	53.7	61.0	64.8
2014-04-15	1452746.0	194433.0	0.0	1211273.0	1405706.0	0.0	0.0	47.6	53.8	59.5	64.9
2014-04-22	1468772.0	202584.0	0.0	1219148.0	1421732.0	0.0	0.0	47.1	53.9	59.0	64.9
2014-04-29	1472464.0	200544.0	0.0	1224880.0	1425424.0	0.0	0.0	46.8	52.3	58.8	63.2
2014-05-06	1572256.0	195760.0	0.0	1329456.0	1525216.0	0.0	0.0	42.8	53.2	56.2	62.6
2014-05-13	1619216.0	195376.0	0.0	1376800.0	1572176.0	0.0	0.0	41.6	50.4	54.6	60.7
2014-05-20	1651976.0	195376.0	0.0	1409560.0	1604936.0	0.0	0.0	40.7	55.1	53.5	60.2
2014-05-27	1651976.0	195376.0	0.0	1409560.0	1604936.0	0.0	0.0	40.7	55.1	53.5	60.2
2014-06-03	1742200.0	284480.0	0.0	1457720.0	1742200.0	0.0	0.0	43.4	62.2	55.9	66.9
2014-06-10	1742200.0	284480.0	0.0	1457720.0	1742200.0	0.0	0.0	43.4	62.2	55.9	66.9
2014-06-17	1742200.0	284480.0	0.0	1457720.0	1742200.0	0.0	0.0	43.4	62.2	55.9	66.9
2014-06-24	1793856.0	284480.0	0.0	1509376.0	1793856.0	0.0	0.0	42.9	61.2	55.1	65.8
2014-07-01	1754304.0	280256.0	0.0	1474048.0	1754304.0	0.0	0.0	43.2	61.7	55.7	66.2
2014-07-08	1744419.0	270371.0	0.0	1474048.0	1744419.0	0.0	0.0	42.8	61.4	55.5	66.0
2014-07-15	1744419.0	270371.0	0.0	1474048.0	1744419.0	0.0	0.0	42.8	61.4	55.5	66.0
2014-07-22	1719361.0	246851.0	0.0	1448990.0	1695841.0	0.0	0.0	42.1	61.7	56.7	66.5
2014-07-29	1723601.0	246851.0	0.0	1453230.0	1700081.0	0.0	0.0	42.3	61.6	56.8	66.4
2014-08-05	1745289.0	191699.0	0.0	1482270.0	1673969.0	0.0	0.0	43.9	61.9	57.8	66.6
2014-08-12	1745289.0	196328.0	0.0	1477641.0	1673969.0	0.0	0.0	43.9	61.9	57.8	66.6
2014-08-19	1745289.0	196328.0	0.0	1477641.0	1673969.0	0.0	0.0	46.6	64.6	60.5	69.3
2014-08-26	1745289.0	196328.0	0.0	1477641.0	1673969.0	0.0	0.0	46.6	64.6	60.5	69.3
2014-09-02	1705713.0	193880.0	0.0	1440513.0	1634393.0	0.0	0.0	47.6	65.1	61.3	69.8
2014-09-09	1705713.0	193880.0	0.0	1440513.0	1634393.0	0.0	0.0	47.6	65.1	61.3	69.8
2014-09-16	1705713.0	193880.0	0.0	1440513.0	1634393.0	0.0	0.0	47.6	65.1	61.3	69.8
2014-09-23	1691721.0	193880.0	0.0	1426521.0	1620401.0	0.0	0.0	47.2	65.6	61.0	70.9
2014-09-30	1691721.0	193880.0	0.0	1426521.0	1620401.0	0.0	0.0	47.2	65.6	61.0	70.9
2014-10-07	1654473.0	191576.0	0.0	1391577.0	1583153.0	0.0	0.0	48.1	66.2	62.0	71.4
2014-10-14	1654473.0	191576.0	0.0	1391577.0	1583153.0	0.0	0.0	48.1	66.2	62.0	71.4
2014-10-21	1654473.0	191576.0	0.0	1391577.0	1583153.0	0.0	0.0	48.1	66.2	62.0	71.4
2014-10-28	1654473.0	191576.0	0.0	1391577.0	1583153.0	0.0	0.0	48.1	66.2	62.0	71.4
2014-11-04	1616121.0	187440.0	0.0	1357361.0	1544801.0	0.0	0.0	49.2	66.8	63.2	72.1
2014-11-11	1616121.0	187440.0	0.0	1357361.0	1544801.0	0.0	0.0	49.2	66.8	63.2	72.1
2014-11-18	1616121.0	187440.0	0.0	1357361.0	1544801.0	0.0	0.0	49.2	66.8	63.2	72.1
2014-11-25	1616121.0	187440.0	0.0	1357361.0	1544801.0	0.0	0.0	49.2	68.1	63.2	72.2
2014-12-02	1573587.0	182853.0	0.0	1319414.0	1502267.0	0.0	0.0	50.4	68.7	64.6	73.1
2014-12-09	1573587.0	182853.0	0.0	1319414.0	1502267.0	0.0	0.0	50.4	68.7	64.6	73.1
2014-12-16	1573587.0	182853.0	0.0	1319414.0	1502267.0	0.0	0.0	50.4	68.7	64.6	73.1
2014-12-23	1573587.0	182853.0	0.0	1319414.0	1502267.0	0.0	0.0	50.4	68.7	64.6	73.1
2014-12-30	1573587.0	182853.0	0.0	1319414.0	1502267.0	0.0	0.0	50.4	68.7	64.6	73.1
2015-01-06	1525795.0	170733.0	0.0	1283742.0	1454475.0	0.0	0.0	51.9	69.1	66.3	73.8
2015-01-13	1525795.0	170733.0	0.0	1283742.0	1454475.0	0.0	0.0	51.9	69.1	66.3	73.8
2015-01-20	1525795.0	170733.0	0.0	1283742.0	1454475.0	0.0	0.0	51.9	69.1	66.3	73.8
2015-01-27	1525795.0	170733.0	0.0	1283742.0	1454475.0	0.0	0.0	51.9	69.1	66.3	73.8
2015-02-03	1452355.0	154821.0	0.0	1226622.0	1381443.0	0.0	0.0	50.7	68.5	65.9	73.2
2015-02-10	1452355.0	154821.0	0.0	1226622.0	1381443.0	0.0	0.0	50.7	68.5	65.9	73.2
2015-02-17	1452355.0	154821.0	7590.0	1226622.0	1373853.0	0.0	0.0	50.7	68.5	65.9	73.2
2015-02-24	1452355.0	154821.0	7590.0	1226622.0	1373853.0	0.0	0.0	50.7	68.5	65.9	73.2
2015-03-03	1388995.0	141093.0	7590.0	1177342.0	1310845.0	0.0	0.0	49.5	67.9	65.6	72.7
2015-03-10	1388995.0	141093.0	7590.0	1177342.0	1310845.0	0.0	0.0	49.5	67.9	65.6	72.7
2015-03-17	1388995.0	141093.0	7590.0	1177342.0	1310845.0	0.0	0.0	49.5	67.9	65.6	72.7
2015-03-24	1388995.0	141093.0	7590.0	1177342.0	1310845.0	0.0	0.0	49.5	67.9	65.6	72.7
2015-03-31	1388995.0	141093.0	7590.0	1177342.0	1310845.0	0.0	0.0	49.5	67.9	65.6	72.7
2015-04-07	1316269.0	125062.0	3680.0	1120647.0	1242029.0	0.0	0.0	48.0	67.3	65.2	72.0
2015-04-14	1316269.0	125062.0	3680.0	1120647.0	1242029.0	0.0	0.0	48.0	67.3	65.2	72.0
2015-04-21	1316269.0	125062.0	3680.0	1120647.0	1242029.0	0.0	0.0	48.0	67.3	65.2	72.0
2015-04-28	1316269.0	125062.0	3680.0	1120647.0	1242029.0	0.0	0.0	48.0	67.3	65.2	72.0
2015-05-05	1247821.0	109974.0	0.0	1067287.0	1177261.0	0.0	0.0	46.5	66.9	64.8	71.5
2015-05-12	1247821.0	109974.0	0.0	1067287.0	1177261.0	0.0	0.0	46.5	66.9	64.8	71.5
2015-05-19	1247821.0	109974.0	0.0	1067287.0	1177261.0	0.0	0.0	46.5	66.9	64.8	71.5
2015-05-26	1247821.0	109974.0	0.0	1067287.0	1177261.0	0.0	0.0	46.5	66.9	64.8	71.5
2015-06-02	1168957.0	92590.0	0.0	1005807.0	1098397.0	0.0	0.0	45.2	66.2	64.3	70.7
2015-06-09	1168957.0	92590.0	0.0	1005807.0	1098397.0	0.0	0.0	45.2	66.2	64.3	70.7
2015-06-16	1168957.0	92590.0	0.0	1005807.0	1098397.0	0.0	0.0	45.2	66.2	64.3	70.7
2015-06-23	1168957.0	92590.0	0.0	1005807.0	1098397.0	0.0	0.0	45.2	66.2	64.3	70.7
2015-06-30	1168957.0	92590.0	0.0	1005807.0	1098397.0	0.0	0.0	45.2	66.2	64.3	70.7
2015-07-07	1108973.0	77502.0	0.0	960911.0	1038413.0	0.0	0.0	44.6	64.9	63.2	69.6
2015-07-14	1108973.0	77502.0	0.0	960911.0	1038413.0	0.0	0.0	44.6	64.9	63.2	69.6
2015-07-21	1193501.0	77502.0	0.0	1045439.0	1122941.0	0.0	0.0	41.4	59.5	57.9	63.9
2015-07-28	1193501.0	77502.0	0.0	1045439.0	1122941.0	0.0	0.0	41.4	59.5	57.9	63.9
2015-08-04	1084741.0	45358.0	0.0	968823.0	1014181.0	0.0	0.0	39.6	63.7	58.0	67.4
2015-08-11	1123781.0	45358.0	0.0	1007863.0	1053221.0	0.0	0.0	38.3	62.2	59.5	67.8
2015-08-18	1123781.0	45358.0	0.0	1007863.0	1053221.0	0.0	0.0	38.3	62.2	59.5	67.8
2015-08-25	1197053.0	45358.0	0.0	1081135.0	1126493.0	0.0	0.0	38.5	59.1	56.1	65.6
2015-09-01	1128405.0	29614.0	0.0	1028231.0	1057845.0	0.0	0.0	37.7	62.1	59.1	68.6
2015-09-08	1222245.0	29614.0	0.0	1122071.0	1151685.0	0.0	0.0	32.3	55.6	48.8	60.0
2015-09-15	1255400.0	29614.0	0.0	1155226.0	1184840.0	0.0	0.0	31.4	56.0	49.4	60.3
2015-09-22	1289552.0	29614.0	0.0	1189378.0	1218992.0	0.0	0.0	39.0	59.9	57.2	67.8
2015-09-29	1507820.0	5814.0	0.0	1502006.0	1507820.0	0.0	0.0	47.1	67.5	66.8	74.3
2015-10-06	1600476.0	5422.0	0.0	1595054.0	1600476.0	0.0	0.0	46.8	68.9	63.8	73.1
2015-10-13	1619053.0	5422.0	0.0	1613631.0	1619053.0	0.0	0.0	47.3	68.6	64.1	72.7
2015-10-20	1630465.0	5422.0	0.0	1625043.0	1630465.0	0.0	0.0	47.2	68.8	63.4	72.0
2015-10-27	1673625.0	5422.0	0.0	1668203.0	1673625.0	0.0	0.0	45.7	69.6	62.9	72.7
2015-11-03	1574356.0	5021.0	0.0	1569335.0	1574356.0	0.0	0.0	49.0	71.4	63.9	74.6
2015-11-10	1613556.0	5021.0	0.0	1608535.0	1613556.0	0.0	0.0	50.4	69.7	64.9	75.7
2015-11-17	1653516.0	5021.0	0.0	1648495.0	1653516.0	0.0	0.0	49.2	70.4	63.4	76.3
2015-11-24	1653516.0	5021.0	0.0	1648495.0	1653516.0	0.0	0.0	49.2	70.4	63.4	76.3
2015-12-01	1623500.0	4629.0	0.0	1618871.0	1623500.0	0.0	0.0	51.6	71.1	64.2	76.9
2015-12-08	1657157.0	4629.0	0.0	1652528.0	1657157.0	0.0	0.0	50.5	66.4	63.8	74.0
2015-12-15	1649567.0	4629.0	0.0	1644938.0	1649567.0	0.0	0.0	51.2	67.2	64.5	74.8
2015-12-22	1649567.0	4629.0	0.0	1644938.0	1649567.0	0.0	0.0	49.8	67.2	64.5	74.8
2015-12-29	1649567.0	4629.0	0.0	1644938.0	1649567.0	0.0	0.0	49.8	67.2	64.5	74.8
2016-01-05	1562223.0	3357.0	0.0	1558866.0	1562223.0	0.0	0.0	51.1	69.2	66.7	76.6
2016-01-12	1575713.0	3357.0	0.0	1572356.0	1575713.0	0.0	0.0	49.4	67.0	64.9	74.8
2016-01-19	1568123.0	3357.0	0.0	1564766.0	1568123.0	0.0	0.0	49.2	66.9	64.7	74.6
2016-01-26	1548523.0	3357.0	0.0	1545166.0	1548523.0	0.0	0.0	49.9	67.8	65.7	75.7
2016-02-02	1474363.0	2277.0	0.0	1472086.0	1474363.0	0.0	0.0	51.2	70.1	67.5	77.3
2016-02-09	1519188.0	2277.0	0.0	1516911.0	1519188.0	0.0	0.0	53.0	71.1	68.6	78.1
2016-02-16	1519188.0	2277.0	0.0	1516911.0	1519188.0	0.0	0.0	53.0	71.1	68.6	78.1
2016-02-23	1519188.0	2277.0	0.0	1516911.0	1519188.0	0.0	0.0	53.0	71.1	68.6	78.1
2016-03-01	1389729.0	1152.0	0.0	1388577.0	1389729.0	0.0	0.0	53.7	67.0	68.0	75.2
2016-03-08	1351228.0	1152.0	0.0	1350076.0	1351228.0	0.0	0.0	45.5	64.2	60.1	69.5
2016-03-15	1290388.0	1152.0	0.0	1289236.0	1290388.0	0.0	0.0	41.8	65.4	55.7	68.3
2016-03-22	1329041.0	1152.0	0.0	1327889.0	1329041.0	0.0	0.0	40.5	63.5	54.1	66.3
2016-03-29	1329041.0	1152.0	0.0	1327889.0	1329041.0	0.0	0.0	40.5	63.5	54.1	66.3
2016-04-05	1272593.0	0.0	0.0	1272593.0	1272593.0	0.0	0.0	41.0	63.0	53.5	65.0
2016-04-12	1272593.0	0.0	0.0	1272593.0	1272593.0	0.0	0.0	41.0	63.0	53.5	65.0
2016-04-19	1275665.0	0.0	0.0	1275665.0	1275665.0	0.0	0.0	38.7	62.2	51.2	63.5
2016-04-26	1275665.0	0.0	0.0	1275665.0	1275665.0	0.0	0.0	38.7	62.2	51.2	63.5
2016-05-03	1217729.0	0.0	0.0	1217729.0	1217729.0	0.0	0.0	38.2	61.7	50.9	62.8
2016-05-10	1224003.0	0.0	0.0	1224003.0	1224003.0	0.0	0.0	38.7	65.2	54.1	66.3
2016-05-17	1224003.0	0.0	0.0	1224003.0	1224003.0	0.0	0.0	38.7	65.2	54.1	66.3
2016-05-24	1180043.0	0.0	0.0	1180043.0	1180043.0	0.0	0.0	39.3	63.9	52.4	65.1
2016-05-31	1125842.0	0.0	0.0	1125842.0	1125842.0	0.0	0.0	43.3	64.1	57.0	67.8
2016-06-07	1107658.0	0.0	0.0	1107658.0	1107658.0	0.0	0.0	42.5	65.1	57.6	68.3
2016-06-14	1107658.0	0.0	0.0	1107658.0	1107658.0	0.0	0.0	42.5	65.1	57.6	68.3
2016-06-21	1080874.0	0.0	0.0	1080874.0	1080874.0	0.0	0.0	44.7	68.9	61.2	72.2
2016-06-28	1080874.0	0.0	0.0	1080874.0	1080874.0	0.0	0.0	44.7	68.9	61.2	72.2
2016-07-05	1039322.0	0.0	0.0	1039322.0	1039322.0	0.0	0.0	46.0	68.8	61.8	71.6
2016-07-12	1039322.0	0.0	0.0	1039322.0	1039322.0	0.0	0.0	46.0	68.8	61.8	71.6
2016-07-19	1039322.0	0.0	0.0	1039322.0	1039322.0	0.0	0.0	41.5	64.3	57.3	67.1
2016-07-26	1039322.0	0.0	0.0	1039322.0	1039322.0	0.0	0.0	41.5	64.3	57.3	67.1
2016-08-02	1021146.0	0.0	0.0	1021146.0	1021146.0	0.0	0.0	41.7	62.9	56.6	65.2
2016-08-09	1021146.0	0.0	0.0	1021146.0	1021146.0	0.0	0.0	41.7	62.9	56.6	65.2
2016-08-16	1021146.0	0.0	0.0	1021146.0	1021146.0	0.0	0.0	41.7	62.9	56.6	65.2
2016-08-23	1021146.0	0.0	0.0	1021146.0	1021146.0	0.0	0.0	41.7	62.9	56.6	65.2
2016-08-30	1007106.0	0.0	0.0	1007106.0	1007106.0	0.0	0.0	40.9	62.3	56.0	64.7
2016-09-06	999658.0	0.0	0.0	999658.0	999658.0	0.0	0.0	43.4	63.5	58.2	66.4
2016-09-13	1023138.0	0.0	0.0	1023138.0	1023138.0	0.0	0.0	41.1	62.1	56.8	64.8
2016-09-20	999658.0	0.0	0.0	999658.0	999658.0	0.0	0.0	39.7	61.2	55.8	64.0
2016-09-27	999658.0	0.0	0.0	999658.0	999658.0	0.0	0.0	39.7	61.2	55.8	64.0
2016-10-04	897987.0	0.0	0.0	897987.0	897987.0	0.0	0.0	43.7	65.2	61.0	68.3
2016-10-11	897987.0	0.0	0.0	897987.0	897987.0	0.0	0.0	43.7	65.2	61.0	68.3
2016-10-18	925237.0	0.0	0.0	925237.0	925237.0	0.0	0.0	42.4	60.7	56.7	63.8
2016-10-25	925237.0	0.0	0.0	925237.0	925237.0	0.0	0.0	42.4	60.7	56.7	63.8
2016-11-01	879807.0	0.0	0.0	879807.0	879807.0	0.0	0.0	44.2	61.0	58.5	64.2
2016-11-08	879807.0	0.0	0.0	879807.0	879807.0	0.0	0.0	44.2	61.0	58.5	64.2
2016-11-15	902607.0	0.0	0.0	902607.0	902607.0	0.0	0.0	45.6	62.0	59.5	65.1
2016-11-22	902607.0	0.0	0.0	902607.0	902607.0	0.0	0.0	45.6	62.0	59.5	65.1
2016-11-29	902607.0	0.0	0.0	902607.0	902607.0	0.0	0.0	45.6	62.0	59.5	65.1
