2011-10-18	18472.0	4919.0	892.0	5697.0	8957.0	2114.0	2881.0	20.6	23.0	29.0	26.3
2011-10-25	20325.0	4884.0	1395.0	7016.0	9472.0	2194.0	3227.0	18.6	16.5	26.1	20.8
2011-11-01	20066.0	4650.0	1102.0	6664.0	9323.0	2910.0	3799.0	18.6	18.2	25.7	22.2
2011-11-08	21348.0	3751.0	1244.0	6988.0	9103.0	4068.0	4460.0	17.3	16.2	21.8	20.1
2011-11-15	23212.0	3961.0	3616.0	9190.0	9178.0	3776.0	4133.0	20.0	17.3	27.2	24.7
2012-01-31	21638.0	5752.0	3390.0	7601.0	8864.0	2735.0	3834.0	27.8	21.9	32.1	27.8
2012-02-14	23782.0	6410.0	3103.0	7188.0	9702.0	3038.0	3831.0	26.1	22.6	30.9	28.8
2012-02-21	23258.0	6891.0	2937.0	6927.0	10981.0	2634.0	2534.0	26.9	25.2	33.0	35.6
2012-02-28	23600.0	6736.0	3726.0	7386.0	10580.0	2724.0	2540.0	25.4	23.0	31.9	34.4
2012-03-06	24409.0	6488.0	4247.0	7732.0	9962.0	2436.0	2447.0	24.9	20.5	32.0	31.5
2012-03-13	24747.0	5695.0	5629.0	9272.0	9032.0	2315.0	2621.0	23.9	28.1	32.4	34.6
2012-03-20	22776.0	5265.0	6224.0	9416.0	8402.0	2613.0	2668.0	25.5	33.8	35.9	39.5
2012-03-27	24375.0	5209.0	6847.0	10375.0	8492.0	2545.0	2790.0	27.4	34.7	36.0	39.8
2012-04-03	26278.0	3195.0	7343.0	13201.0	8374.0	2539.0	3218.0	29.8	28.8	35.7	35.0
2012-04-10	26491.0	3156.0	6897.0	13337.0	8428.0	2417.0	3585.0	29.5	26.9	35.3	33.0
2012-04-17	26144.0	4093.0	7415.0	13704.0	9136.0	2142.0	3388.0	33.1	31.0	38.6	35.7
2012-04-24	28040.0	4243.0	8132.0	14324.0	9191.0	2534.0	3778.0	32.5	28.9	39.1	35.3
2012-05-01	29029.0	4236.0	7104.0	13924.0	9945.0	2309.0	3420.0	31.4	24.3	37.7	33.3
2012-05-08	30173.0	4738.0	6193.0	13063.0	10259.0	3211.0	4560.0	25.9	21.0	33.7	29.0
2012-05-15	29304.0	4666.0	6228.0	13784.0	10470.0	2856.0	4608.0	27.5	20.9	34.5	28.8
2012-05-22	25299.0	4609.0	5790.0	12129.0	9769.0	2163.0	3342.0	28.3	25.5	36.9	33.5
2012-05-29	26152.0	4518.0	5686.0	12129.0	9769.0	2160.0	3352.0	27.1	24.1	35.3	31.7
2012-06-05	26265.0	4865.0	6533.0	12473.0	9753.0	2490.0	3542.0	27.1	27.4	37.5	34.7
2012-06-12	26469.0	5640.0	5961.0	11565.0	10498.0	2339.0	3085.0	25.6	24.2	35.6	31.0
2012-06-19	26326.0	5265.0	6164.0	11063.0	9699.0	2193.0	2658.0	25.9	27.0	33.6	33.2
2012-06-26	26964.0	4513.0	6014.0	11063.0	10264.0	3553.0	2851.0	20.9	25.9	27.9	31.9
2012-07-03	25905.0	3585.0	5454.0	11111.0	9561.0	3177.0	2858.0	21.3	25.1	27.8	30.5
2012-07-10	28557.0	3187.0	5797.0	12561.0	10011.0	3625.0	3565.0	21.7	23.6	27.0	28.5
2012-07-17	25971.0	2769.0	4785.0	11684.0	9639.0	3321.0	3350.0	19.6	22.4	26.1	27.4
2012-07-24	26825.0	2847.0	6093.0	12373.0	8980.0	3409.0	3556.0	24.1	24.1	31.0	30.7
2012-07-31	26050.0	2797.0	6258.0	12243.0	8775.0	3616.0	3623.0	24.8	25.1	31.7	31.9
2012-08-07	28683.0	1884.0	7475.0	14396.0	8675.0	3454.0	3584.0	29.3	26.5	35.0	32.3
2012-08-14	28836.0	1632.0	6588.0	15129.0	9325.0	2976.0	3824.0	29.1	23.6	34.2	29.4
2012-08-21	27978.0	3232.0	6760.0	12790.0	8892.0	3661.0	4031.0	26.0	27.2	33.4	33.4
2012-08-28	28676.0	3104.0	6551.0	12790.0	9077.0	3724.0	3990.0	25.1	24.7	32.3	31.6
2012-09-04	28216.0	2763.0	4843.0	12540.0	10378.0	4053.0	4135.0	25.1	24.7	32.5	31.7
2012-09-11	28634.0	2551.0	5838.0	13233.0	10204.0	3981.0	3723.0	28.1	26.3	34.7	33.6
2012-09-18	27990.0	3136.0	5521.0	12974.0	10152.0	3617.0	4054.0	27.3	25.5	35.1	32.9
2012-09-25	30650.0	2877.0	6326.0	14687.0	11361.0	3829.0	3706.0	27.4	26.1	34.3	34.1
2012-10-02	29834.0	3029.0	6170.0	13458.0	11421.0	4665.0	3561.0	26.5	25.4	32.7	33.2
2012-10-09	30401.0	3442.0	6399.0	13538.0	12056.0	4220.0	2745.0	24.7	24.4	31.9	33.3
2012-10-16	31844.0	4094.0	6960.0	13953.0	11739.0	3325.0	2673.0	24.6	22.6	32.4	32.0
2012-10-23	27922.0	5158.0	6519.0	13065.0	11580.0	2327.0	2451.0	24.6	27.9	35.9	37.1
2012-10-30	29333.0	5619.0	6694.0	12888.0	11753.0	2410.0	2470.0	23.3	26.5	34.6	35.5
2012-11-06	30163.0	5656.0	6243.0	12909.0	12084.0	2522.0	2760.0	22.3	25.5	33.4	35.1
2012-11-13	30042.0	5631.0	5254.0	12887.0	11563.0	2338.0	4039.0	22.8	24.2	33.6	32.0
2012-11-20	26564.0	3137.0	6082.0	12418.0	8482.0	1863.0	2854.0	24.8	21.1	34.0	29.3
2012-11-27	27489.0	3153.0	5576.0	12418.0	8912.0	1909.0	2992.0	24.0	20.3	32.9	27.6
2012-12-04	28841.0	3139.0	5639.0	13038.0	9412.0	1987.0	3113.0	23.3	19.6	31.8	26.6
2012-12-11	29742.0	5372.0	4616.0	12119.0	11193.0	2402.0	4084.0	25.0	18.0	34.9	26.8
2012-12-18	28071.0	3923.0	7107.0	12873.0	10062.0	3545.0	3172.0	24.5	25.7	33.0	32.8
2012-12-24	28953.0	4168.0	7138.0	13011.0	10143.0	2992.0	2890.0	23.5	25.0	33.0	31.9
2012-12-31	28855.0	4179.0	7333.0	13011.0	10143.0	2935.0	2649.0	23.6	24.9	33.1	31.9
2013-01-08	29432.0	5107.0	7419.0	13086.0	9730.0	1996.0	3040.0	23.1	24.5	33.9	31.5
2013-01-15	30353.0	5969.0	8171.0	12230.0	9656.0	2606.0	2978.0	24.9	27.1	35.8	33.9
2013-01-22	32325.0	6755.0	9279.0	12100.0	9232.0	2727.0	3071.0	26.4	30.8	36.9	35.8
2013-01-29	32667.0	7289.0	10061.0	12487.0	9434.0	2767.0	3048.0	27.2	32.4	37.7	37.3
2013-02-05	31381.0	7398.0	9985.0	11725.0	8434.0	2850.0	3554.0	28.9	31.7	39.8	37.9
2013-02-12	40318.0	6062.0	11504.0	16417.0	10471.0	3525.0	4029.0	21.7	22.9	31.5	31.7
2013-02-19	39985.0	6257.0	11649.0	16659.0	10216.0	3199.0	4250.0	29.3	28.6	36.5	33.7
2013-02-26	48309.0	6827.0	16609.0	20473.0	10707.0	3814.0	3798.0	28.3	33.6	36.3	38.0
2013-03-05	47074.0	5162.0	14553.0	18924.0	10107.0	4422.0	3848.0	21.5	27.9	30.2	34.7
2013-03-12	47525.0	6698.0	15630.0	18767.0	9585.0	4588.0	4838.0	22.1	31.1	32.0	36.2
2013-03-19	49502.0	9585.0	14679.0	16232.0	10500.0	3693.0	4331.0	21.7	29.4	30.9	33.8
2013-03-26	50413.0	10319.0	15647.0	16509.0	10424.0	2784.0	3541.0	22.5	30.6	31.1	35.0
2013-04-02	50675.0	10682.0	15929.0	16436.0	10284.0	2337.0	3242.0	22.4	30.9	31.3	35.1
2013-04-09	49297.0	12908.0	15070.0	17468.0	13191.0	2930.0	5045.0	26.5	31.7	35.7	37.2
2013-04-16	42211.0	10528.0	13939.0	16716.0	11152.0	3359.0	5512.0	27.9	33.0	38.8	38.2
2013-04-23	47212.0	12159.0	14931.0	17786.0	13266.0	4302.0	6050.0	24.9	30.9	33.3	35.3
2013-04-30	53362.0	13936.0	16634.0	20616.0	16721.0	3576.0	4773.0	22.8	32.3	34.1	37.1
2013-05-07	55994.0	12707.0	17408.0	24594.0	19108.0	4169.0	4954.0	20.5	32.0	30.6	36.6
2013-05-14	58069.0	12168.0	15785.0	23065.0	18171.0	3623.0	4900.0	19.2	29.4	28.6	33.9
2013-05-21	55597.0	11907.0	15534.0	21470.0	16785.0	3517.0	4575.0	21.7	30.9	31.6	34.6
2013-05-28	54088.0	11014.0	14939.0	21321.0	16750.0	3345.0	3991.0	21.2	30.6	30.4	34.6
2013-06-04	57390.0	11452.0	14551.0	20599.0	17151.0	3590.0	3939.0	17.6	29.6	25.3	33.6
2013-06-11	58470.0	13949.0	14695.0	19748.0	18590.0	4652.0	5064.0	19.9	31.8	28.3	36.1
2013-06-18	57075.0	12371.0	14924.0	20235.0	18244.0	4310.0	3748.0	19.3	31.9	27.8	35.4
2013-06-25	59112.0	11534.0	15067.0	22757.0	19016.0	3699.0	3907.0	19.4	30.5	29.6	33.4
2013-07-02	62544.0	11672.0	16006.0	24488.0	19912.0	4122.0	4364.0	19.3	31.0	29.4	33.3
2013-07-09	62119.0	12263.0	15858.0	23582.0	19561.0	3692.0	4118.0	18.7	31.7	29.0	34.0
2013-07-16	61071.0	11043.0	16579.0	25010.0	19971.0	3841.0	3344.0	18.2	33.4	28.9	36.2
2013-07-23	60058.0	10827.0	17332.0	25658.0	19694.0	3923.0	3382.0	22.4	33.8	31.7	37.4
2013-07-30	61916.0	11847.0	17895.0	26278.0	20394.0	3902.0	3738.0	23.4	33.8	32.5	37.0
2013-08-06	64506.0	12159.0	16981.0	26049.0	20317.0	2553.0	3463.0	23.2	31.1	31.1	34.3
2013-08-13	66240.0	15459.0	16168.0	28133.0	26278.0	3873.0	5019.0	26.9	28.2	33.3	32.8
2013-08-20	59556.0	17901.0	13662.0	23586.0	27186.0	3508.0	4147.0	34.8	37.1	40.8	41.8
2013-08-27	62553.0	19534.0	14537.0	24192.0	28997.0	3546.0	3738.0	34.9	40.0	41.1	43.6
2013-09-03	67415.0	19726.0	13909.0	25294.0	30902.0	4518.0	4727.0	33.0	37.0	38.4	40.3
2013-09-10	67544.0	19493.0	13889.0	26716.0	31682.0	4802.0	5440.0	32.4	34.5	37.5	39.2
2013-09-17	62073.0	20143.0	13562.0	23714.0	29250.0	3546.0	4591.0	36.6	37.7	43.1	43.0
2013-09-24	67070.0	19833.0	12612.0	24317.0	30506.0	3964.0	4996.0	32.5	34.7	38.6	39.0
2013-10-01	63979.0	18588.0	12183.0	26447.0	31170.0	3734.0	5416.0	32.2	36.2	40.1	41.0
2013-10-08	66297.0	17290.0	12253.0	27339.0	31318.0	4256.0	5314.0	31.1	34.7	39.0	40.0
2013-10-15	65869.0	16158.0	12598.0	27799.0	29101.0	3425.0	5683.0	32.9	34.9	39.8	40.2
2013-10-22	61439.0	14016.0	12086.0	27306.0	26728.0	2939.0	5447.0	32.5	32.6	38.8	38.6
2013-10-29	63935.0	13267.0	14791.0	32784.0	28011.0	3694.0	6943.0	31.1	31.4	36.9	37.2
2013-11-05	61737.0	13026.0	15567.0	26296.0	21099.0	3523.0	6179.0	30.2	29.6	37.5	34.6
2013-11-12	64854.0	10043.0	13961.0	27947.0	22135.0	4084.0	5978.0	25.6	24.9	33.1	30.4
2013-11-19	50774.0	15069.0	14537.0	17665.0	14907.0	3168.0	6458.0	34.4	25.2	39.4	32.0
2013-11-26	53275.0	16209.0	14847.0	16833.0	14894.0	3464.0	6765.0	33.6	25.7	39.9	31.3
2013-12-03	51879.0	14624.0	14204.0	17733.0	14320.0	3348.0	7181.0	33.3	26.2	39.8	31.3
2013-12-10	55250.0	12437.0	14576.0	18716.0	14574.0	4048.0	6051.0	28.4	23.6	34.4	28.3
2013-12-17	53363.0	14115.0	14168.0	15864.0	12457.0	2245.0	5599.0	27.6	25.1	33.4	29.6
2013-12-24	54374.0	14303.0	14580.0	16274.0	13300.0	2124.0	4821.0	27.3	24.5	32.7	30.4
2014-01-07	62281.0	15216.0	16693.0	17991.0	15716.0	3625.0	4423.0	25.4	23.8	30.2	29.2
2014-01-14	62294.0	15608.0	16166.0	19216.0	17494.0	5093.0	6257.0	25.5	25.2	30.5	29.3
2014-01-21	57335.0	16513.0	16618.0	16089.0	15236.0	4838.0	5586.0	30.3	27.7	36.5	35.0
2014-01-28	58916.0	16694.0	19141.0	18126.0	14328.0	4347.0	5698.0	31.6	31.6	38.7	38.4
2014-02-04	61802.0	16545.0	20798.0	19358.0	14078.0	4080.0	5107.0	32.2	32.3	39.1	38.8
2014-02-11	67598.0	13715.0	22407.0	23070.0	14669.0	4726.0	4435.0	25.9	31.4	31.5	37.4
2014-02-18	67122.0	11423.0	20134.0	21164.0	12217.0	5695.0	5931.0	19.9	31.5	27.2	33.4
2014-02-25	76896.0	11348.0	21665.0	21495.0	12119.0	7207.0	6266.0	19.1	30.5	25.5	32.0
2014-03-04	81457.0	11583.0	25146.0	24504.0	11888.0	5770.0	4823.0	20.6	31.8	27.0	34.5
2014-03-11	78502.0	10264.0	26528.0	27545.0	12101.0	7366.0	6546.0	22.9	34.1	29.6	37.3
2014-03-18	69805.0	14685.0	29047.0	25997.0	11463.0	6021.0	6193.0	32.2	39.3	38.8	44.7
2014-03-25	71462.0	15156.0	31256.0	26527.0	11127.0	7264.0	6564.0	33.6	41.4	40.5	47.0
2014-04-01	73881.0	15720.0	32117.0	26540.0	10718.0	7319.0	6744.0	32.2	41.6	38.8	46.5
2014-04-08	75178.0	14257.0	32063.0	27676.0	10381.0	6877.0	6366.0	31.0	41.0	38.2	44.1
2014-04-15	78028.0	12863.0	31545.0	29025.0	11077.0	5794.0	5060.0	29.2	38.8	36.5	41.6
2014-04-22	76075.0	11954.0	29789.0	27248.0	10627.0	6755.0	5541.0	28.0	38.3	34.5	41.3
2014-04-29	74142.0	12055.0	30723.0	28082.0	10827.0	5625.0	4212.0	30.2	40.3	36.9	43.3
2014-05-06	88434.0	12742.0	33042.0	29784.0	10454.0	6257.0	5287.0	26.8	35.6	32.6	38.0
2014-05-13	91354.0	13678.0	35434.0	30459.0	9912.0	6492.0	5283.0	26.3	36.5	32.0	38.8
2014-05-20	86715.0	16646.0	35787.0	28860.0	11838.0	7137.0	5018.0	30.0	37.9	37.5	43.9
2014-05-27	90055.0	16402.0	36189.0	29793.0	12101.0	7867.0	5772.0	28.9	36.9	36.2	42.8
2014-06-03	94767.0	16978.0	35379.0	30716.0	14257.0	7010.0	5068.0	27.6	37.1	34.7	42.3
2014-06-10	96119.0	16122.0	38133.0	33314.0	13414.0	7345.0	5234.0	26.2	37.0	34.2	42.8
2014-06-17	87238.0	15437.0	35298.0	30079.0	11799.0	6559.0	4978.0	27.7	38.6	35.2	43.4
2014-06-24	95823.0	15779.0	37061.0	31818.0	12361.0	6902.0	5077.0	25.7	35.6	32.7	40.7
2014-07-01	97086.0	17173.0	40210.0	33026.0	12193.0	7482.0	5278.0	26.3	38.7	33.7	43.0
2014-07-08	96741.0	17857.0	44720.0	35769.0	10749.0	5774.0	3931.0	26.9	42.4	35.7	45.7
2014-07-15	101574.0	18976.0	44670.0	34763.0	10808.0	5847.0	4108.0	27.2	41.7	34.5	43.8
2014-07-22	97714.0	21189.0	44586.0	31706.0	9597.0	6033.0	4745.0	28.8	44.3	35.4	45.7
2014-07-29	99078.0	18107.0	44798.0	34554.0	8830.0	4906.0	3939.0	28.1	43.8	34.7	45.2
2014-08-05	114403.0	20291.0	53956.0	42000.0	9152.0	4207.0	3390.0	32.5	44.0	39.2	46.1
2014-08-12	120146.0	19020.0	55992.0	44884.0	9093.0	4918.0	3737.0	32.9	42.2	39.7	44.7
2014-08-19	108297.0	19010.0	54216.0	42545.0	8612.0	4636.0	3363.0	35.4	48.2	43.6	50.0
2014-08-26	114905.0	19262.0	56088.0	45381.0	8909.0	4925.0	4571.0	34.2	46.0	42.3	48.4
2014-09-02	122472.0	19533.0	57555.0	46981.0	9496.0	4996.0	4459.0	32.7	44.0	41.1	46.5
2014-09-09	125017.0	20005.0	58812.0	47855.0	9758.0	4925.0	4215.0	32.4	43.9	40.8	46.5
2014-09-16	121152.0	20934.0	62722.0	50685.0	9386.0	5991.0	5502.0	36.7	48.7	44.6	51.3
2014-09-23	124035.0	19696.0	61770.0	51910.0	9962.0	5858.0	5732.0	36.5	47.4	43.3	49.8
2014-09-30	125805.0	23350.0	64708.0	52297.0	10974.0	4989.0	4954.0	37.4	48.5	44.8	51.1
2014-10-07	133662.0	22548.0	67882.0	58754.0	12065.0	5002.0	6357.0	36.3	46.2	46.0	49.6
2014-10-14	140535.0	22580.0	69269.0	60148.0	12237.0	5360.0	6582.0	34.4	43.4	44.4	47.5
2014-10-21	139255.0	15898.0	63414.0	62744.0	13066.0	4931.0	7093.0	33.7	41.3	42.7	44.8
2014-10-28	145001.0	14955.0	65459.0	65832.0	12830.0	5032.0	7530.0	34.2	40.4	42.6	43.8
2014-11-04	148286.0	14122.0	66411.0	67142.0	13897.0	5127.0	6083.0	34.0	40.0	41.2	43.4
2014-11-11	155473.0	9516.0	69101.0	71861.0	11657.0	5323.0	5942.0	37.2	38.4	43.3	42.1
2014-11-18	139378.0	9839.0	66974.0	65182.0	6763.0	4856.0	6140.0	37.6	45.3	43.6	47.5
2014-11-25	144588.0	10596.0	68580.0	67425.0	8536.0	5591.0	6496.0	37.4	45.1	43.0	47.8
2014-12-02	148239.0	11117.0	69755.0	68175.0	8361.0	4811.0	5987.0	36.9	44.6	42.3	47.1
2014-12-09	153672.0	15007.0	70609.0	69380.0	12674.0	4499.0	5603.0	35.3	43.2	41.9	46.6
2014-12-16	150194.0	15325.0	68575.0	69683.0	14776.0	4907.0	6564.0	35.9	43.7	42.8	48.0
2014-12-23	140008.0	13048.0	62130.0	66392.0	15484.0	4236.0	6062.0	36.3	43.0	42.5	47.7
2014-12-30	140760.0	14248.0	62347.0	65519.0	15665.0	4378.0	6133.0	35.5	42.9	42.1	47.6
2015-01-06	139120.0	14464.0	61873.0	64126.0	15552.0	5268.0	6433.0	36.1	43.0	42.5	47.7
2015-01-13	148831.0	11800.0	60312.0	65688.0	15926.0	6136.0	7386.0	34.2	38.8	39.0	42.8
2015-01-20	144678.0	12615.0	61684.0	67516.0	15642.0	3986.0	6791.0	34.7	38.2	40.3	43.3
2015-01-27	146164.0	10398.0	59863.0	68829.0	17093.0	4334.0	6605.0	34.0	36.4	38.6	41.6
2015-02-03	145769.0	10556.0	55894.0	66183.0	19611.0	5081.0	6315.0	32.7	34.7	36.5	40.0
2015-02-10	151231.0	8178.0	60436.0	69599.0	17135.0	6320.0	6526.0	32.6	32.3	36.9	38.3
2015-02-17	147193.0	8431.0	58327.0	66483.0	15601.0	4925.0	5911.0	33.3	33.2	37.2	38.8
2015-02-24	151404.0	6352.0	58186.0	68515.0	16698.0	6480.0	6463.0	33.5	31.8	36.5	37.1
2015-03-03	155261.0	4866.0	60605.0	73064.0	17625.0	5938.0	5638.0	33.1	32.1	36.4	37.9
2015-03-10	158895.0	4683.0	61022.0	74119.0	16937.0	4331.0	5174.0	31.9	31.4	35.6	36.6
2015-03-17	159855.0	3876.0	59501.0	70421.0	13555.0	13860.0	15101.0	30.8	30.6	34.6	34.8
2015-03-24	156103.0	4310.0	61084.0	70675.0	12953.0	5007.0	5955.0	31.3	32.3	35.5	36.9
2015-03-31	155456.0	4760.0	60631.0	70732.0	14007.0	6112.0	6966.0	31.4	32.4	35.7	36.9
2015-04-07	158433.0	6409.0	61763.0	70664.0	14846.0	5240.0	5704.0	30.3	31.6	35.0	36.6
2015-04-14	159024.0	6905.0	62370.0	68436.0	13968.0	6590.0	5593.0	29.7	33.5	34.5	37.7
2015-04-21	149271.0	5781.0	60710.0	65555.0	11336.0	5608.0	4898.0	30.8	34.5	36.5	38.2
2015-04-28	148622.0	5654.0	61358.0	66553.0	11481.0	5485.0	4853.0	31.0	34.5	36.7	39.2
2015-05-05	159648.0	4460.0	66811.0	77582.0	16462.0	6796.0	5565.0	30.8	33.7	37.2	38.8
2015-05-12	151125.0	5079.0	65675.0	75178.0	15322.0	6701.0	5961.0	31.8	35.9	38.7	41.6
2015-05-19	131846.0	5783.0	66591.0	69268.0	9142.0	6505.0	5823.0	35.6	42.8	43.7	48.8
2015-05-26	133955.0	5683.0	62567.0	70045.0	13776.0	6577.0	5962.0	35.2	42.7	43.2	48.5
2015-06-02	137032.0	4556.0	62700.0	70288.0	13744.0	6572.0	4972.0	34.0	41.9	41.8	46.6
2015-06-09	136352.0	6418.0	62987.0	68357.0	12780.0	7404.0	6412.0	33.7	43.3	41.5	47.7
2015-06-16	134479.0	10976.0	62294.0	65431.0	13306.0	4987.0	5794.0	31.2	43.1	40.0	48.3
2015-06-23	134028.0	13019.0	62552.0	64851.0	14729.0	4776.0	5365.0	30.7	43.7	40.3	48.6
2015-06-30	142882.0	13491.0	69024.0	69636.0	13982.0	6071.0	6192.0	28.3	45.0	37.7	49.0
2015-07-07	139017.0	12436.0	69109.0	73862.0	17087.0	5371.0	5473.0	29.0	47.0	37.9	52.2
2015-07-14	146201.0	13943.0	70293.0	73862.0	17321.0	5328.0	5519.0	28.7	45.6	37.2	50.7
2015-07-21	140241.0	14349.0	70291.0	70406.0	14098.0	5159.0	5525.0	29.6	47.3	39.4	52.6
2015-07-28	143867.0	15317.0	72178.0	70498.0	13934.0	6086.0	5789.0	29.4	47.3	39.4	52.5
2015-08-04	151711.0	17137.0	74698.0	72731.0	14812.0	5851.0	6209.0	28.5	45.9	38.1	50.8
2015-08-11	165780.0	19817.0	74384.0	79180.0	23876.0	6020.0	6757.0	27.5	42.7	38.3	49.9
2015-08-18	163884.0	15626.0	77320.0	75981.0	13878.0	5102.0	5511.0	28.1	44.6	36.9	50.2
2015-08-25	164734.0	15918.0	80972.0	79311.0	13866.0	5877.0	6268.0	30.3	45.9	38.3	51.4
2015-09-01	170640.0	14032.0	79500.0	78872.0	12966.0	5522.0	5960.0	30.3	43.2	37.4	48.7
2015-09-08	172098.0	11443.0	75391.0	78405.0	14766.0	7627.0	7318.0	28.9	39.5	36.0	45.8
2015-09-15	159966.0	12817.0	77495.0	78460.0	13855.0	8019.0	7946.0	31.3	44.1	39.0	50.2
2015-09-22	155099.0	16817.0	75089.0	71810.0	13220.0	5431.0	5749.0	30.1	44.8	38.1	49.8
2015-09-29	167172.0	16603.0	74675.0	70706.0	13021.0	7195.0	6808.0	28.1	41.7	35.6	46.4
2015-10-06	173442.0	15739.0	74229.0	71395.0	13342.0	8287.0	7850.0	27.2	39.1	34.0	44.1
2015-10-13	166850.0	16868.0	74729.0	70448.0	12436.0	7168.0	7319.0	28.9	40.6	36.5	45.9
2015-10-20	165106.0	16635.0	73861.0	68231.0	11534.0	7524.0	6995.0	30.1	40.9	37.5	46.2
2015-10-27	165664.0	16817.0	73756.0	70234.0	11814.0	7707.0	9188.0	30.8	40.9	38.1	46.6
2015-11-03	168008.0	20499.0	75727.0	68711.0	13352.0	6955.0	7086.0	29.3	39.8	37.7	46.8
2015-11-10	163930.0	20741.0	66149.0	64000.0	18501.0	6373.0	6464.0	27.2	36.3	34.0	43.5
2015-11-17	157504.0	16743.0	58741.0	54354.0	12858.0	5760.0	5258.0	24.4	34.2	32.2	40.4
2015-11-24	165939.0	20356.0	61668.0	56768.0	16110.0	6582.0	5928.0	23.1	32.5	31.6	40.1
2015-12-01	168166.0	20806.0	65727.0	60226.0	16314.0	6939.0	5930.0	22.5	33.9	31.5	41.5
2015-12-08	180664.0	17385.0	71683.0	72016.0	17964.0	6135.0	5889.0	23.9	35.6	32.9	42.2
2015-12-15	175177.0	19044.0	72214.0	67355.0	14584.0	6224.0	5825.0	22.5	37.2	32.1	43.7
2015-12-22	171298.0	21584.0	75656.0	67275.0	14017.0	6620.0	5806.0	24.9	40.2	34.0	46.1
2015-12-29	170165.0	22008.0	76453.0	67060.0	13103.0	7036.0	6548.0	25.1	40.7	34.6	46.2
2016-01-05	171045.0	23380.0	78502.0	68111.0	12957.0	4717.0	4749.0	26.0	40.7	36.0	46.5
2016-01-12	171370.0	23415.0	78798.0	69342.0	14403.0	5902.0	5458.0	25.6	41.5	35.6	47.4
2016-01-19	160748.0	20847.0	77216.0	67591.0	11541.0	5547.0	5228.0	27.5	43.3	37.0	49.8
2016-01-26	172592.0	24848.0	79988.0	69848.0	13986.0	5026.0	5748.0	24.8	41.5	35.8	47.9
2016-02-02	174192.0	18055.0	74734.0	65073.0	7375.0	5700.0	6719.0	24.0	40.5	32.9	43.3
2016-02-09	169340.0	15765.0	74095.0	67339.0	9250.0	5183.0	4942.0	24.6	41.1	34.5	43.5
2016-02-16	174275.0	14736.0	71917.0	68675.0	11233.0	4787.0	5048.0	24.3	39.3	33.9	42.0
2016-02-23	177397.0	11409.0	68345.0	71902.0	13770.0	4797.0	5993.0	24.8	36.1	32.7	38.9
2016-03-01	163777.0	12145.0	63398.0	60283.0	8552.0	7171.0	7649.0	24.4	36.0	30.1	39.1
2016-03-08	158876.0	8752.0	64619.0	66025.0	10522.0	7128.0	6764.0	25.9	37.1	33.0	40.6
2016-03-15	155734.0	8967.0	67846.0	68951.0	11103.0	7283.0	6252.0	26.9	39.1	34.7	43.6
2016-03-22	166252.0	10379.0	70159.0	70637.0	11182.0	7025.0	6700.0	24.8	37.6	33.3	42.3
2016-03-29	163875.0	10141.0	67562.0	70853.0	12652.0	6223.0	7003.0	25.4	37.9	33.9	42.0
2016-04-05	142263.0	7918.0	65106.0	66702.0	9399.0	7671.0	7786.0	27.7	42.7	36.1	46.8
2016-04-12	151063.0	8340.0	65657.0	69436.0	10854.0	6820.0	8085.0	26.3	40.7	35.1	44.5
2016-04-19	155742.0	7582.0	70133.0	76584.0	12547.0	6549.0	8035.0	26.9	40.1	35.3	45.0
2016-04-26	159064.0	6684.0	67908.0	74143.0	11662.0	7036.0	8293.0	24.9	38.0	33.0	42.3
2016-05-03	143437.0	6184.0	56481.0	60783.0	9856.0	6910.0	7540.0	26.0	34.9	32.8	38.6
2016-05-10	142009.0	8636.0	55788.0	60429.0	12143.0	5936.0	7070.0	25.5	35.8	31.9	39.3
2016-05-17	147133.0	7842.0	55877.0	62496.0	12846.0	6165.0	7780.0	25.7	35.0	31.4	37.8
2016-05-24	154731.0	6942.0	56395.0	66956.0	16781.0	6985.0	7707.0	25.4	33.1	31.9	35.9
2016-05-31	156945.0	7895.0	55819.0	69259.0	20077.0	5593.0	6851.0	25.5	32.9	32.2	35.5
2016-06-07	154464.0	8706.0	53756.0	66083.0	19224.0	6070.0	7879.0	24.3	32.5	31.1	36.2
2016-06-14	159400.0	10739.0	54089.0	66012.0	21087.0	7046.0	8621.0	23.1	31.8	29.7	35.7
2016-06-21	166377.0	11135.0	55549.0	68028.0	22502.0	8428.0	9540.0	21.7	30.1	28.8	33.9
2016-06-28	170073.0	10770.0	55656.0	71203.0	26484.0	9016.0	8849.0	21.3	30.3	28.1	33.9
2016-07-05	158029.0	7909.0	53348.0	67969.0	23053.0	7889.0	7366.0	22.6	31.0	28.5	33.5
2016-07-12	155862.0	9571.0	56794.0	69146.0	21686.0	7017.0	7254.0	23.2	32.4	30.9	35.8
2016-07-19	156743.0	9139.0	57729.0	69941.0	21281.0	7668.0	7738.0	23.3	32.6	31.5	35.9
2016-07-26	159496.0	10745.0	58511.0	73465.0	24846.0	7697.0	8550.0	24.0	30.9	31.7	35.5
2016-08-02	143145.0	11904.0	56646.0	65470.0	20081.0	6912.0	7559.0	24.4	35.0	33.1	39.3
2016-08-09	135611.0	10535.0	57934.0	67393.0	19394.0	6418.0	7018.0	26.7	36.5	35.7	41.2
2016-08-16	136188.0	9071.0	56547.0	69389.0	20322.0	6106.0	7697.0	27.3	35.7	35.8	40.2
2016-08-23	141377.0	10520.0	58552.0	70847.0	22256.0	5912.0	6471.0	26.1	36.1	35.6	41.6
2016-08-30	147609.0	11402.0	56225.0	69672.0	23940.0	5920.0	6829.0	24.2	34.0	32.5	39.3
2016-09-06	141733.0	15760.0	52712.0	63830.0	28402.0	8845.0	7321.0	23.1	33.7	33.3	38.5
2016-09-13	137704.0	13463.0	53333.0	66589.0	23560.0	5334.0	8493.0	22.7	34.8	33.0	38.4
2016-09-20	138040.0	15961.0	53765.0	67083.0	27417.0	6749.0	8611.0	22.1	34.0	31.4	39.2
2016-09-27	137296.0	18816.0	49820.0	62032.0	28962.0	6671.0	8737.0	22.4	33.5	31.7	40.9
2016-10-04	128445.0	17215.0	53327.0	60613.0	22884.0	7010.0	8627.0	24.8	34.5	35.3	41.4
2016-10-11	130096.0	20351.0	53044.0	57292.0	23189.0	7177.0	8587.0	25.1	34.4	35.2	40.9
2016-10-18	127282.0	21600.0	52019.0	54998.0	22911.0	6690.0	8358.0	26.0	35.2	35.9	41.4
2016-10-25	124954.0	23210.0	52829.0	55908.0	23599.0	6857.0	9547.0	26.9	36.7	37.1	42.8
2016-11-01	104321.0	24500.0	42902.0	31280.0	17698.0	12410.0	7590.0	25.1	37.8	34.5	44.0
2016-11-08	103110.0	21475.0	43851.0	34765.0	17531.0	13102.0	7960.0	24.3	38.8	33.2	44.7
2016-11-15	101258.0	22170.0	42656.0	36302.0	19366.0	11364.0	7814.0	21.7	39.7	30.9	45.4
2016-11-22	104067.0	24026.0	43690.0	33349.0	18442.0	12034.0	7277.0	20.5	39.4	29.6	44.8
2016-11-29	105920.0	24615.0	44530.0	35571.0	20189.0	13511.0	8978.0	21.9	38.7	29.8	44.4
2016-12-06	103770.0	23706.0	40277.0	29638.0	18233.0	13484.0	8318.0	23.5	34.3	31.7	40.3
2016-12-13	114595.0	25797.0	43131.0	34464.0	20027.0	11149.0	8252.0	21.8	31.8	31.2	38.3
2016-12-20	118977.0	21911.0	49721.0	39236.0	16404.0	12887.0	7909.0	26.3	34.7	35.6	41.3
2016-12-27	123379.0	22187.0	53893.0	42482.0	17020.0	13745.0	7501.0	25.6	36.6	34.0	42.6
2017-01-03	118105.0	22163.0	55332.0	43307.0	16756.0	14608.0	7990.0	30.1	39.1	37.8	46.3
2017-01-10	118873.0	21973.0	56702.0	45346.0	17823.0	14762.0	7556.0	29.1	41.8	37.3	49.0
2017-01-17	125718.0	20693.0	59226.0	49866.0	18255.0	14399.0	7477.0	29.4	42.0	36.8	48.9
2017-01-24	125862.0	26959.0	58392.0	47702.0	20111.0	11668.0	7826.0	28.6	41.3	37.6	48.8
2017-01-31	130149.0	28076.0	57964.0	47977.0	21462.0	12432.0	9059.0	28.8	41.0	38.0	47.7
