2011-10-25	34451.0	19048.0	0.0	11001.0	30304.0	255.0	0.0	65.2	71.9	78.4	78.7
2011-11-01	33428.0	17548.0	0.0	12708.0	30511.0	255.0	0.0	70.7	73.2	81.3	82.1
2011-11-08	33428.0	17548.0	0.0	12708.0	30511.0	255.0	0.0	70.7	73.2	81.3	82.1
2011-11-15	33443.0	16798.0	0.0	13473.0	30526.0	255.0	0.0	68.5	73.1	79.0	80.1
2011-11-22	35228.0	18583.0	0.0	13473.0	32311.0	255.0	0.0	70.1	74.5	80.0	81.2
2011-11-29	35228.0	18583.0	0.0	13473.0	32311.0	255.0	0.0	70.1	74.5	80.0	81.2
2011-12-06	41446.0	18515.0	0.0	19906.0	38676.0	255.0	0.0	75.6	81.2	85.3	86.5
2011-12-13	42208.0	18515.0	0.0	20668.0	39438.0	255.0	0.0	74.2	80.3	84.1	86.7
2011-12-20	42208.0	18515.0	0.0	20668.0	39438.0	255.0	0.0	74.2	77.3	84.1	86.0
2011-12-27	42208.0	18515.0	0.0	20668.0	39438.0	255.0	0.0	74.2	77.3	84.1	86.0
2012-01-03	40885.0	18725.0	0.0	19345.0	38325.0	255.0	0.0	77.7	79.3	88.2	88.7
2012-01-10	45565.0	18725.0	0.0	24025.0	43005.0	255.0	0.0	75.5	81.4	88.3	89.9
2012-01-17	45565.0	18725.0	0.0	24025.0	43005.0	255.0	0.0	75.3	81.4	88.1	89.9
2012-01-24	47027.0	17455.0	0.0	25742.0	43197.0	0.0	0.0	69.8	76.2	82.3	84.4
2012-01-31	47027.0	17455.0	0.0	25742.0	43197.0	0.0	0.0	69.8	76.2	82.3	84.4
2012-02-07	42848.0	15649.0	0.0	23789.0	39438.0	0.0	0.0	69.1	77.6	82.6	85.1
2012-02-14	42848.0	15429.0	0.0	24009.0	39438.0	0.0	0.0	68.6	77.6	82.1	85.1
2012-02-21	42848.0	15429.0	0.0	24009.0	39438.0	0.0	0.0	68.6	77.6	82.1	85.1
2012-02-28	42848.0	15429.0	0.0	24009.0	39438.0	0.0	0.0	68.6	77.6	82.1	85.1
2012-06-12	30911.0	13168.0	0.0	16053.0	29221.0	0.0	0.0	63.2	67.4	77.3	75.8
2012-06-19	30911.0	13168.0	0.0	16053.0	29221.0	0.0	0.0	63.2	67.4	77.3	78.2
2012-06-26	31175.0	13432.0	0.0	16053.0	29485.0	0.0	0.0	63.5	66.8	77.5	78.4
2012-08-07	26978.0	10759.0	0.0	14949.0	25708.0	0.0	0.0	55.3	57.4	71.2	71.5
2012-08-14	26748.0	12034.0	0.0	14184.0	26218.0	0.0	0.0	60.5	57.9	76.1	72.1
2012-08-21	26748.0	12034.0	0.0	14184.0	26218.0	0.0	0.0	60.5	57.9	76.1	72.1
2012-08-28	29298.0	13309.0	0.0	15459.0	28768.0	0.0	0.0	63.9	57.2	78.2	73.2
2012-09-04	25641.0	11193.0	0.0	13918.0	24856.0	0.0	255.0	63.4	54.4	75.6	71.2
2012-09-11	26916.0	8643.0	0.0	16468.0	24856.0	0.0	255.0	50.9	50.9	62.9	62.1
2012-09-18	26916.0	8643.0	0.0	16468.0	24856.0	0.0	255.0	50.9	50.9	62.9	62.1
2012-09-25	27131.0	8643.0	0.0	16683.0	25326.0	0.0	0.0	50.5	50.5	62.4	61.6
2012-10-02	24319.0	7104.0	0.0	15410.0	22514.0	0.0	0.0	48.9	49.9	62.0	61.2
2012-10-09	24319.0	7104.0	0.0	15410.0	22514.0	0.0	0.0	48.9	49.9	62.0	61.2
2012-10-16	24495.0	6884.0	0.0	15586.0	22470.0	0.0	0.0	47.6	49.6	60.6	60.8
2012-10-23	24495.0	6884.0	0.0	15586.0	22470.0	0.0	0.0	47.6	49.6	60.6	60.8
2012-10-30	24495.0	6884.0	0.0	15586.0	22470.0	0.0	0.0	47.6	49.6	60.6	60.8
2012-11-06	20861.0	4791.0	0.0	14045.0	18836.0	0.0	0.0	50.8	49.1	61.1	60.7
2012-11-13	20861.0	4791.0	0.0	14045.0	18836.0	0.0	0.0	50.8	49.1	61.1	60.7
2012-11-20	22136.0	6066.0	0.0	14045.0	20111.0	0.0	0.0	53.6	46.3	60.8	58.5
2012-11-27	23411.0	6066.0	0.0	15320.0	21386.0	0.0	0.0	50.7	49.2	62.8	60.8
2012-12-04	20093.0	4155.0	0.0	13913.0	18068.0	0.0	0.0	54.7	49.3	65.9	64.2
2012-12-11	22677.0	6705.0	0.0	13947.0	20652.0	0.0	0.0	59.3	43.7	64.1	60.4
2012-12-18	23957.0	5425.0	0.0	15227.0	20652.0	0.0	0.0	51.4	41.4	60.7	57.2
2012-12-24	23957.0	5425.0	0.0	15227.0	20652.0	0.0	0.0	51.4	41.4	60.7	57.2
2012-12-31	23957.0	5425.0	0.0	15227.0	20652.0	0.0	0.0	51.4	41.4	60.7	57.2
2013-01-29	21131.0	3710.0	0.0	14116.0	17826.0	0.0	0.0	53.8	39.9	62.2	55.7
2013-02-05	20352.0	3125.0	0.0	13777.0	16902.0	0.0	0.0	50.8	40.3	58.7	54.1
2013-02-12	20352.0	3125.0	0.0	13777.0	16902.0	0.0	0.0	50.8	40.3	58.7	54.1
2013-02-19	20352.0	3125.0	0.0	13777.0	16902.0	0.0	0.0	50.8	40.3	58.7	54.1
2013-02-26	20672.0	3230.0	0.0	13992.0	17222.0	0.0	0.0	50.5	39.7	59.4	53.3
2013-03-05	20152.0	2830.0	0.0	13872.0	16702.0	0.0	0.0	47.8	37.9	54.8	50.1
2013-03-12	20152.0	2830.0	0.0	13872.0	16702.0	0.0	0.0	47.8	37.9	54.8	50.1
2013-03-19	20152.0	2830.0	0.0	13872.0	16702.0	0.0	0.0	47.8	37.9	54.8	50.1
2013-03-26	20152.0	2830.0	0.0	13552.0	16382.0	0.0	0.0	47.8	37.9	54.8	50.1
2013-04-02	18682.0	2515.0	0.0	12502.0	15017.0	0.0	0.0	47.6	42.4	57.9	55.2
2013-04-09	21232.0	2515.0	0.0	15052.0	17567.0	0.0	0.0	47.5	49.3	60.7	60.6
2013-04-16	24632.0	2515.0	0.0	18452.0	20967.0	0.0	0.0	49.6	49.6	64.6	63.2
2013-04-23	26571.0	3209.0	316.0	18738.0	21631.0	0.0	0.0	46.4	45.9	61.2	59.2
2013-04-30	28636.0	6137.0	0.0	18729.0	24976.0	110.0	0.0	47.5	58.8	68.7	71.1
2013-05-07	31349.0	4615.0	0.0	21762.0	26487.0	110.0	0.0	42.7	62.0	69.7	73.3
2013-05-14	30800.0	5635.0	0.0	21213.0	26958.0	110.0	0.0	43.5	63.8	70.9	75.3
2013-05-21	32596.0	4712.0	0.0	22557.0	27159.0	110.0	220.0	44.7	60.4	70.7	71.6
2013-05-28	32822.0	4612.0	0.0	22883.0	27605.0	110.0	0.0	44.4	60.7	70.8	71.7
2013-06-04	38256.0	4311.0	7687.0	28801.0	25425.0	0.0	0.0	36.9	52.9	60.3	62.5
2013-06-11	38256.0	4311.0	7687.0	28801.0	25425.0	0.0	0.0	36.9	52.9	60.3	62.5
2013-06-18	40806.0	4311.0	6412.0	31351.0	29250.0	0.0	0.0	34.6	52.7	59.6	63.6
2013-06-25	43092.0	4437.0	6412.0	33511.0	31536.0	0.0	0.0	32.6	51.4	53.3	60.3
2013-07-02	41359.0	5052.0	6772.0	31983.0	30263.0	0.0	0.0	32.1	53.4	53.9	61.7
2013-07-09	43402.0	5052.0	6772.0	34026.0	32306.0	0.0	0.0	30.6	50.8	51.6	63.2
2013-07-16	45701.0	5052.0	8047.0	36325.0	33330.0	0.0	0.0	30.2	50.5	51.2	62.3
2013-07-23	47396.0	5052.0	9322.0	38020.0	33750.0	0.0	0.0	29.2	53.0	49.4	61.7
2013-07-30	47396.0	5052.0	9322.0	38020.0	33750.0	0.0	0.0	29.2	53.0	49.4	61.7
2013-08-06	47504.0	5404.0	9762.0	38568.0	34210.0	0.0	0.0	30.1	55.5	48.9	62.5
2013-08-13	49097.0	6619.0	9702.0	38866.0	35783.0	0.0	0.0	34.3	53.6	51.3	62.9
2013-08-20	48664.0	6619.0	9602.0	38333.0	35350.0	0.0	0.0	33.2	51.3	49.6	60.9
2013-08-27	48664.0	6619.0	9602.0	38333.0	35350.0	0.0	0.0	33.2	51.3	49.6	60.9
2013-09-03	47698.0	5696.0	7492.0	37211.0	35415.0	0.0	0.0	31.9	49.6	47.6	59.0
2013-09-10	48466.0	5696.0	0.0	40315.0	46011.0	0.0	0.0	32.4	50.4	48.0	59.3
2013-09-17	49043.0	5686.0	0.0	40833.0	46519.0	0.0	0.0	31.8	47.5	47.2	55.8
2013-09-24	48513.0	5686.0	0.0	40303.0	45989.0	0.0	0.0	31.1	48.0	47.2	56.6
2013-10-01	47013.0	5906.0	0.0	38803.0	44709.0	0.0	0.0	33.0	49.7	48.7	58.1
2013-10-08	47419.0	5804.0	0.0	39227.0	45031.0	0.0	0.0	32.7	48.7	48.3	57.0
2013-10-15	47419.0	5804.0	0.0	39227.0	45031.0	0.0	0.0	32.7	48.7	48.3	57.0
2013-10-22	51007.0	5641.0	0.0	42897.0	48538.0	0.0	0.0	30.4	45.2	46.8	56.2
2013-10-29	52328.0	5641.0	0.0	44218.0	49859.0	0.0	0.0	29.6	43.6	46.1	57.2
2013-11-05	55529.0	3431.0	0.0	48768.0	52199.0	0.0	0.0	28.2	48.5	47.7	61.5
2013-11-12	55529.0	3431.0	0.0	48768.0	52199.0	0.0	0.0	28.2	48.5	47.7	61.5
2013-11-19	59354.0	3431.0	0.0	52593.0	56024.0	0.0	0.0	32.8	51.8	51.0	64.0
2013-11-26	60116.0	3308.0	0.0	53478.0	56786.0	0.0	0.0	32.2	55.4	49.1	63.7
2013-12-03	58136.0	3668.0	0.0	51498.0	55166.0	0.0	0.0	33.6	58.0	51.6	66.2
2013-12-10	59411.0	3668.0	0.0	52773.0	56441.0	0.0	0.0	35.0	58.9	52.6	66.9
2013-12-17	59621.0	3668.0	0.0	52983.0	56651.0	0.0	0.0	34.9	58.7	52.4	67.0
2013-12-24	59621.0	3668.0	0.0	52983.0	56651.0	0.0	0.0	34.9	58.7	52.4	67.0
2014-01-07	57941.0	4109.0	0.0	51198.0	55307.0	0.0	0.0	37.1	61.4	55.2	69.6
2014-01-14	59368.0	5576.0	0.0	51198.0	56774.0	0.0	0.0	36.2	61.1	51.9	69.1
2014-01-21	59860.0	4452.0	0.0	52734.0	57186.0	0.0	0.0	31.4	44.6	45.2	54.7
2014-01-28	60621.0	4392.0	0.0	53495.0	57887.0	0.0	0.0	31.0	44.7	44.2	54.2
2014-02-04	60075.0	4206.0	0.0	52946.0	57152.0	233.0	233.0	31.3	43.2	45.8	52.4
2014-02-11	60011.0	4313.0	0.0	53008.0	57321.0	0.0	0.0	31.1	44.2	46.1	53.1
2014-02-18	61081.0	4003.0	0.0	54388.0	58391.0	0.0	0.0	30.6	43.1	47.4	52.7
2014-02-25	64335.0	4003.0	0.0	57642.0	61390.0	0.0	255.0	29.0	42.6	45.4	52.9
2014-03-04	63018.0	3267.0	0.0	57201.0	60213.0	0.0	255.0	29.1	41.7	45.4	51.9
2014-03-11	62502.0	3372.0	0.0	56580.0	59697.0	0.0	255.0	27.0	40.8	43.5	51.0
2014-03-18	62481.0	2417.0	0.0	57514.0	59676.0	0.0	255.0	26.5	41.6	42.0	51.8
2014-03-25	62911.0	2417.0	0.0	57944.0	60106.0	0.0	255.0	26.3	41.8	41.9	52.0
2014-04-01	67033.0	2186.0	0.0	61701.0	64440.0	596.0	43.0	39.6	48.8	53.9	60.3
2014-04-08	65848.0	256.0	630.0	61796.0	61975.0	596.0	43.0	40.3	47.7	54.7	57.5
2014-04-15	66317.0	256.0	2015.0	62370.0	61164.0	596.0	43.0	40.2	45.9	54.5	56.9
2014-04-22	67825.0	1637.0	2015.0	62795.0	62672.0	298.0	43.0	39.5	46.6	53.4	57.4
2014-04-29	71255.0	1253.0	2015.0	66609.0	66102.0	298.0	43.0	37.6	44.4	50.9	54.6
2014-05-06	68183.0	1231.0	745.0	62289.0	63052.0	298.0	21.0	38.0	45.2	50.9	54.8
2014-05-13	69243.0	1231.0	745.0	63349.0	64112.0	298.0	21.0	37.0	44.5	50.4	53.9
2014-05-20	68685.0	1231.0	850.0	62896.0	63554.0	298.0	21.0	37.1	43.4	48.9	52.5
2014-05-27	68685.0	1395.0	850.0	62732.0	63554.0	298.0	21.0	37.1	43.6	48.9	52.7
2014-06-03	72977.0	5299.0	0.0	64820.0	70417.0	298.0	0.0	36.4	46.7	49.7	55.7
2014-06-10	72977.0	5299.0	0.0	64820.0	70417.0	298.0	0.0	36.4	46.7	49.7	55.7
2014-06-17	72977.0	5299.0	0.0	64820.0	70417.0	298.0	0.0	36.4	46.7	49.7	55.7
2014-06-24	77041.0	5299.0	0.0	68884.0	74481.0	298.0	0.0	35.4	45.3	48.1	53.7
2014-07-01	75072.0	3788.0	0.0	68148.0	72192.0	256.0	0.0	33.7	43.1	45.9	52.0
2014-07-08	74862.0	3258.0	0.0	68148.0	71662.0	256.0	0.0	33.8	42.5	45.3	51.4
2014-07-15	74862.0	3258.0	0.0	68148.0	71662.0	256.0	0.0	33.8	42.5	45.3	51.4
2014-07-22	74799.0	3258.0	0.0	68085.0	71599.0	256.0	0.0	33.9	43.7	45.3	52.5
2014-07-29	74799.0	3258.0	0.0	68085.0	71599.0	256.0	0.0	33.9	43.7	45.3	52.5
2014-08-05	70828.0	1126.0	975.0	64715.0	65078.0	212.0	0.0	38.4	46.9	50.6	56.4
2014-08-12	71872.0	1513.0	1107.0	65504.0	65098.0	212.0	1024.0	40.6	48.0	52.7	57.4
2014-08-19	74463.0	1504.0	1107.0	68186.0	67648.0	130.0	1065.0	42.6	49.8	54.3	58.8
2014-08-26	74463.0	1504.0	1107.0	68186.0	67648.0	130.0	1065.0	42.6	49.8	54.3	58.8
2014-09-02	72342.0	1483.0	1317.0	66338.0	65527.0	88.0	1065.0	43.2	49.6	54.2	59.2
2014-09-09	72342.0	1483.0	1317.0	66338.0	65527.0	88.0	1065.0	43.2	49.6	54.2	59.2
2014-09-16	72342.0	1351.0	1317.0	66470.0	65527.0	88.0	1065.0	43.2	49.6	54.2	59.2
2014-09-23	72086.0	1351.0	1317.0	66214.0	65271.0	88.0	1065.0	43.0	52.2	54.0	61.1
2014-09-30	72086.0	1351.0	1317.0	66214.0	65271.0	88.0	1065.0	43.0	52.2	54.0	61.1
2014-10-07	70049.0	1351.0	1422.0	64324.0	63234.0	46.0	1065.0	43.6	52.4	53.9	61.6
2014-10-14	70049.0	1256.0	1422.0	64324.0	63234.0	141.0	1065.0	43.6	52.4	53.9	61.6
2014-10-21	70090.0	744.0	1422.0	64836.0	63234.0	141.0	1065.0	44.3	52.4	54.6	61.5
2014-10-28	69268.0	744.0	152.0	64014.0	63687.0	141.0	1060.0	46.7	53.0	56.6	61.6
2014-11-04	64737.0	744.0	147.0	59759.0	59386.0	95.0	1065.0	49.4	55.4	59.9	64.3
2014-11-11	64737.0	744.0	147.0	59759.0	59386.0	95.0	1065.0	49.4	55.4	59.9	64.3
2014-11-18	64737.0	744.0	147.0	59759.0	59386.0	95.0	1065.0	49.4	55.4	59.9	64.3
2014-11-25	64737.0	744.0	147.0	59759.0	59386.0	95.0	1065.0	49.4	55.4	60.6	64.3
2014-12-02	60880.0	725.0	147.0	56206.0	55738.0	0.0	1046.0	52.1	58.6	64.5	67.0
2014-12-09	60880.0	725.0	147.0	56206.0	55738.0	0.0	1046.0	53.1	58.6	64.5	67.0
2014-12-16	60880.0	725.0	147.0	56206.0	55738.0	0.0	1046.0	53.1	58.6	64.5	67.0
2014-12-23	60880.0	725.0	147.0	56206.0	55738.0	0.0	1046.0	53.1	58.6	64.5	67.0
2014-12-30	60880.0	725.0	147.0	56206.0	55738.0	0.0	1046.0	53.1	58.6	64.5	67.0
2015-01-06	56524.0	725.0	147.0	52070.0	51473.0	0.0	1175.0	57.1	66.4	68.9	71.9
2015-01-13	56524.0	725.0	147.0	52070.0	51473.0	0.0	1175.0	57.1	66.4	68.9	71.9
2015-01-20	56524.0	725.0	147.0	52070.0	51473.0	0.0	1175.0	57.1	66.4	68.9	71.9
2015-01-27	56524.0	725.0	147.0	52070.0	51473.0	0.0	1175.0	57.1	66.4	68.9	71.9
2015-02-03	54004.0	746.0	42.0	49655.0	49268.0	0.0	1091.0	56.6	66.9	68.4	72.3
2015-02-10	54004.0	746.0	42.0	49655.0	49268.0	0.0	1091.0	56.6	66.9	68.4	72.3
2015-02-17	54004.0	746.0	42.0	49655.0	50208.0	0.0	151.0	56.6	66.9	68.4	74.0
2015-02-24	54004.0	746.0	42.0	49655.0	50208.0	0.0	151.0	56.6	66.9	68.4	74.0
2015-03-03	51604.0	824.0	0.0	47355.0	48028.0	0.0	151.0	56.0	67.4	68.8	74.3
2015-03-10	51604.0	824.0	0.0	47355.0	48028.0	0.0	151.0	56.0	67.4	68.8	74.3
2015-03-17	51604.0	824.0	0.0	47355.0	48028.0	0.0	151.0	56.0	67.4	68.8	74.3
2015-03-24	51604.0	824.0	0.0	47355.0	48028.0	0.0	151.0	56.0	67.4	68.8	74.3
2015-03-31	51604.0	824.0	0.0	47355.0	48028.0	0.0	151.0	56.0	67.4	68.8	74.3
2015-04-07	49052.0	912.0	0.0	44935.0	45696.0	0.0	151.0	55.5	67.1	68.5	73.7
2015-04-14	49052.0	912.0	0.0	44935.0	45696.0	0.0	151.0	55.5	67.1	68.5	73.7
2015-04-21	49052.0	912.0	0.0	44935.0	45696.0	0.0	151.0	55.5	67.1	68.5	73.7
2015-04-28	49052.0	912.0	0.0	44935.0	45696.0	0.0	151.0	55.5	67.1	68.5	73.7
2015-05-05	46349.0	1000.0	0.0	42364.0	43364.0	0.0	0.0	54.7	67.1	68.0	73.3
2015-05-12	46349.0	1000.0	0.0	42364.0	43364.0	0.0	0.0	54.7	67.1	68.0	73.3
2015-05-19	46349.0	1000.0	0.0	42364.0	43364.0	0.0	0.0	54.7	67.1	68.0	73.3
2015-05-26	46349.0	1000.0	0.0	42364.0	43364.0	0.0	0.0	54.7	67.1	68.0	73.3
2015-06-02	44029.0	1080.0	0.0	40164.0	41244.0	0.0	0.0	54.1	66.8	67.7	72.6
2015-06-09	44029.0	1080.0	0.0	40164.0	41244.0	0.0	0.0	54.1	66.8	67.7	72.6
2015-06-16	44029.0	1080.0	0.0	40164.0	41244.0	0.0	0.0	54.1	66.8	67.7	72.6
2015-06-23	44029.0	1080.0	0.0	40164.0	41244.0	0.0	0.0	54.1	66.8	67.7	72.6
2015-06-30	44029.0	1080.0	0.0	40164.0	41244.0	0.0	0.0	54.1	66.8	67.7	72.6
2015-07-07	41697.0	1168.0	0.0	37964.0	39132.0	0.0	0.0	52.8	66.6	66.8	72.0
2015-07-14	41697.0	1168.0	0.0	37964.0	39132.0	0.0	0.0	52.8	66.6	66.8	72.0
2015-07-21	41697.0	1168.0	0.0	37964.0	39132.0	0.0	0.0	52.8	66.6	66.8	72.0
2015-07-28	43249.0	1168.0	0.0	39516.0	40684.0	0.0	0.0	63.6	70.1	76.6	80.5
2015-08-04	41571.0	1260.0	0.0	37976.0	39236.0	0.0	0.0	59.1	65.7	70.0	76.1
2015-08-11	41991.0	1260.0	0.0	38396.0	39656.0	0.0	0.0	58.5	65.1	69.8	75.8
2015-08-18	43328.0	1260.0	0.0	39733.0	40993.0	0.0	0.0	54.8	61.3	66.2	71.6
2015-08-25	52253.0	1260.0	0.0	48658.0	49918.0	0.0	0.0	45.2	53.2	59.1	63.6
2015-09-01	58287.0	1428.0	0.0	54944.0	56372.0	0.0	0.0	50.7	69.0	69.0	76.2
2015-09-08	61587.0	1428.0	0.0	58244.0	59672.0	0.0	0.0	46.1	61.2	64.8	69.7
2015-09-15	62752.0	1428.0	0.0	59409.0	60837.0	0.0	0.0	46.3	62.1	64.6	70.4
2015-09-22	65882.0	1428.0	0.0	62539.0	63967.0	0.0	0.0	45.1	60.8	63.3	68.8
2015-09-29	70197.0	483.0	0.0	69714.0	70197.0	0.0	0.0	46.6	57.1	61.8	64.5
2015-10-06	70724.0	461.0	0.0	70263.0	70724.0	0.0	0.0	47.8	54.8	63.0	64.9
2015-10-13	70724.0	461.0	0.0	70263.0	70724.0	0.0	0.0	47.8	54.8	63.0	64.9
2015-10-20	69898.0	461.0	0.0	69437.0	69898.0	0.0	0.0	44.9	55.4	60.2	62.9
2015-10-27	70113.0	461.0	0.0	69652.0	70113.0	0.0	0.0	44.7	55.6	60.3	63.0
2015-11-03	71303.0	441.0	0.0	70862.0	71303.0	0.0	0.0	46.1	53.3	59.7	61.8
2015-11-10	71413.0	441.0	0.0	70972.0	71413.0	0.0	0.0	49.3	49.3	59.6	60.1
2015-11-17	72943.0	441.0	0.0	72502.0	72943.0	0.0	0.0	48.3	48.3	60.4	60.2
2015-11-24	74609.0	441.0	0.0	74168.0	74609.0	0.0	0.0	50.6	53.0	62.6	63.2
2015-12-01	73885.0	419.0	0.0	73466.0	73885.0	0.0	0.0	52.7	52.0	65.2	62.7
2015-12-08	74682.0	419.0	0.0	74263.0	74682.0	0.0	0.0	51.9	51.2	65.7	62.0
2015-12-15	74472.0	419.0	0.0	74053.0	74472.0	0.0	0.0	51.7	51.0	65.6	61.9
2015-12-22	74800.0	419.0	0.0	74381.0	74800.0	0.0	0.0	51.5	50.2	65.3	61.6
2015-12-29	76802.0	419.0	0.0	76383.0	76802.0	0.0	0.0	53.5	52.2	66.9	63.3
2016-01-05	74022.0	319.0	0.0	73703.0	74022.0	0.0	0.0	54.9	52.7	67.4	64.5
2016-01-12	74369.0	319.0	0.0	74050.0	74369.0	0.0	0.0	56.9	55.4	70.0	67.4
2016-01-19	74369.0	319.0	0.0	74050.0	74369.0	0.0	0.0	56.9	55.4	70.0	67.4
2016-01-26	74369.0	319.0	0.0	74050.0	74369.0	0.0	0.0	56.9	54.8	70.0	66.8
2016-02-02	72048.0	0.0	0.0	71834.0	72048.0	214.0	0.0	57.7	55.7	70.2	68.1
2016-02-09	71818.0	0.0	0.0	71604.0	71818.0	214.0	0.0	57.9	55.6	70.4	68.0
2016-02-16	73186.0	0.0	0.0	72972.0	73186.0	214.0	0.0	58.2	54.3	70.5	66.7
2016-02-23	76784.0	0.0	0.0	76570.0	76784.0	214.0	0.0	53.1	45.0	61.5	56.9
2016-03-01	73046.0	0.0	0.0	72855.0	73046.0	191.0	0.0	53.9	45.0	62.2	57.3
2016-03-08	73224.0	430.0	0.0	72603.0	73224.0	191.0	0.0	51.3	46.6	60.6	58.8
2016-03-15	74284.0	430.0	0.0	73663.0	74284.0	191.0	0.0	52.0	47.3	61.2	59.4
2016-03-22	74446.0	430.0	0.0	73825.0	74446.0	191.0	0.0	55.3	46.7	63.4	58.6
2016-03-29	74488.0	430.0	0.0	73867.0	74488.0	191.0	0.0	55.6	46.0	63.7	58.1
2016-04-05	71281.0	430.0	0.0	70681.0	71281.0	170.0	0.0	56.7	46.1	64.8	60.5
2016-04-12	71281.0	430.0	0.0	70681.0	71281.0	170.0	0.0	56.1	45.5	64.2	59.9
2016-04-19	72961.0	430.0	0.0	72361.0	72961.0	170.0	0.0	51.9	41.3	59.8	55.3
2016-04-26	75270.0	430.0	0.0	74670.0	75270.0	170.0	0.0	48.9	40.3	56.6	52.4
2016-05-03	70870.0	430.0	0.0	70291.0	70870.0	149.0	0.0	48.8	37.9	55.1	51.8
2016-09-06	48085.0	3825.0	0.0	44197.0	48085.0	63.0	0.0	25.0	35.1	35.0	38.6
2016-09-13	48085.0	3825.0	0.0	44197.0	48085.0	63.0	0.0	25.0	35.1	35.0	38.6
2016-09-20	48253.0	3825.0	0.0	44365.0	48253.0	63.0	0.0	24.5	33.7	33.5	37.9
2016-09-27	48568.0	3825.0	0.0	44680.0	48568.0	63.0	0.0	24.1	33.4	32.4	36.8
2016-10-04	45712.0	3825.0	0.0	41845.0	45712.0	42.0	0.0	26.0	36.2	37.4	41.4
2016-10-11	45994.0	3825.0	0.0	42127.0	45994.0	42.0	0.0	24.4	36.0	37.2	41.2
2016-10-18	47269.0	3825.0	0.0	43402.0	47269.0	42.0	0.0	23.0	36.5	33.9	39.3
2016-10-25	47440.0	3825.0	0.0	43573.0	47440.0	42.0	0.0	23.0	35.4	32.9	38.3
2016-11-01	44731.0	3825.0	0.0	40885.0	44731.0	21.0	0.0	27.7	39.5	37.2	40.7
2016-11-08	44946.0	3825.0	0.0	41100.0	44946.0	21.0	0.0	28.0	42.2	38.7	43.4
2016-11-15	43394.0	3825.0	0.0	39548.0	43394.0	21.0	0.0	29.0	43.7	40.1	44.9
2016-11-22	43394.0	3825.0	0.0	39548.0	43394.0	21.0	0.0	29.0	43.7	40.1	44.9
2016-11-29	43394.0	3825.0	0.0	39548.0	43394.0	21.0	0.0	29.0	43.7	40.1	44.9
