2011-11-15	32206.0	105.0	19341.0	32101.0	12865.0	0.0	0.0	77.6	86.2	90.4	93.1
2011-11-22	36541.0	105.0	21126.0	36436.0	15415.0	0.0	0.0	80.3	87.8	91.5	93.9
2011-11-29	36541.0	105.0	21126.0	36436.0	15415.0	0.0	0.0	80.3	87.8	91.5	93.9
2011-12-20	37196.0	147.0	22558.0	37049.0	14638.0	0.0	0.0	77.3	90.5	92.4	94.2
2011-12-27	37196.0	147.0	22558.0	37049.0	14638.0	0.0	0.0	77.3	90.5	92.4	94.2
2013-03-05	24156.0	2427.0	18764.0	21516.0	4923.0	213.0	469.0	74.0	89.0	91.8	95.5
2013-03-12	24156.0	2427.0	18764.0	21516.0	4923.0	213.0	469.0	74.0	89.0	91.8	95.5
2013-03-19	24156.0	2427.0	18764.0	21516.0	4923.0	213.0	469.0	74.0	89.0	91.8	95.5
2013-03-26	24156.0	2427.0	18764.0	21516.0	4923.0	213.0	469.0	74.0	89.0	91.8	95.5
2013-04-30	24761.0	2322.0	16819.0	22247.0	7494.0	192.0	448.0	69.9	89.4	92.7	95.5
2013-05-28	25081.0	2416.0	16381.0	22495.0	8274.0	170.0	426.0	67.8	89.2	88.5	94.7
2013-07-02	21151.0	2058.0	13299.0	18965.0	7468.0	128.0	384.0	64.1	86.6	87.1	95.5
2013-07-09	21151.0	2058.0	13299.0	18965.0	7468.0	128.0	384.0	64.1	86.6	87.1	95.5
2013-07-16	21151.0	2058.0	13299.0	18965.0	7468.0	128.0	384.0	64.1	86.6	87.1	95.5
2013-07-23	21571.0	2058.0	13299.0	19385.0	7888.0	128.0	384.0	62.8	84.9	85.4	95.5
2013-07-30	21571.0	2058.0	13299.0	19385.0	7888.0	128.0	384.0	62.8	84.9	85.4	95.5
2013-08-06	18290.0	1662.0	11583.0	16522.0	6345.0	106.0	362.0	64.0	82.5	85.0	90.3
2013-08-13	18350.0	1722.0	11643.0	16522.0	6345.0	106.0	362.0	63.8	82.5	85.1	90.4
2013-08-20	19725.0	1722.0	11743.0	17897.0	7620.0	106.0	362.0	65.8	80.6	85.6	90.4
2013-08-27	19725.0	1722.0	11743.0	17897.0	7620.0	106.0	362.0	65.8	80.6	85.6	90.4
2013-09-03	17151.0	1326.0	10027.0	15741.0	6784.0	84.0	340.0	64.9	80.2	84.8	89.8
2013-09-10	17343.0	1326.0	0.0	15933.0	17003.0	84.0	340.0	65.3	79.3	84.9	88.8
2013-09-17	17343.0	1326.0	0.0	15933.0	17003.0	84.0	340.0	65.3	79.3	84.9	88.8
2013-09-24	17873.0	1326.0	0.0	16463.0	17533.0	84.0	340.0	66.3	76.9	85.4	88.2
2013-10-01	15516.0	1086.0	0.0	14366.0	15196.0	64.0	320.0	66.2	75.6	85.0	87.4
2013-10-08	16046.0	1616.0	0.0	14366.0	15726.0	64.0	320.0	66.1	76.4	85.5	87.9
2013-10-15	16046.0	1616.0	0.0	14366.0	15726.0	64.0	320.0	66.1	76.4	85.5	87.9
2013-10-22	16209.0	1779.0	0.0	14366.0	15889.0	64.0	320.0	66.5	76.0	85.6	87.4
2013-10-29	16529.0	1779.0	0.0	14430.0	16209.0	320.0	320.0	65.2	76.1	84.0	88.6
2013-11-05	14139.0	1572.0	0.0	12270.0	13842.0	297.0	297.0	64.7	75.6	84.8	87.7
2013-11-12	14139.0	1572.0	0.0	12270.0	13842.0	297.0	297.0	64.7	75.6	84.8	87.7
2013-11-19	14139.0	1572.0	0.0	12270.0	13842.0	297.0	297.0	64.7	75.6	84.8	87.7
2013-11-26	14202.0	1572.0	0.0	12333.0	13905.0	297.0	297.0	64.4	75.3	84.4	87.6
2013-12-03	11502.0	1292.0	0.0	9933.0	11225.0	277.0	277.0	71.5	76.4	86.4	87.7
2013-12-10	11502.0	1292.0	0.0	9933.0	11225.0	277.0	277.0	71.5	76.4	86.4	87.7
2013-12-17	11502.0	1292.0	0.0	9933.0	11225.0	277.0	277.0	71.5	76.4	86.4	87.7
2013-12-24	11568.0	1358.0	0.0	9933.0	11291.0	277.0	277.0	71.7	76.6	86.4	87.7
