2011-11-29	18482.0	10517.0	10897.0	3684.0	3834.0	1142.0	612.0	56.6	55.4	60.5	61.2
2011-12-06	22026.0	10506.0	11386.0	4659.0	4309.0	992.0	462.0	45.4	48.8	50.6	53.6
2011-12-13	23614.0	11089.0	11089.0	4974.0	5504.0	1042.0	512.0	45.1	46.1	50.5	52.5
2011-12-20	24710.0	11089.0	11903.0	5974.0	5504.0	1042.0	698.0	42.6	48.1	50.8	54.2
2011-12-27	26110.0	11089.0	12253.0	7124.0	6354.0	1142.0	748.0	40.9	45.4	51.6	55.2
2012-01-24	58335.0	14186.0	12001.0	25224.0	28345.0	1583.0	647.0	22.2	23.3	24.7	26.3
2012-01-31	87863.0	13242.0	11679.0	51918.0	54643.0	1557.0	395.0	15.0	14.7	16.2	17.4
2012-02-07	95205.0	13723.0	11838.0	55068.0	58243.0	1851.0	561.0	14.2	12.9	15.0	16.1
2012-02-14	99882.0	15166.0	11051.0	55216.0	60391.0	1760.0	700.0	13.5	13.1	15.0	16.6
2012-02-21	108170.0	18239.0	14551.0	55336.0	60090.0	1854.0	788.0	14.8	15.8	16.4	18.4
2012-02-28	98580.0	19231.0	19964.0	53466.0	53790.0	1773.0	716.0	18.9	18.7	22.6	23.7
2012-03-06	99404.0	19137.0	19611.0	53150.0	53751.0	1789.0	714.0	18.8	18.1	22.3	23.1
2012-03-13	104067.0	18778.0	19019.0	54969.0	55811.0	1797.0	714.0	17.5	16.8	21.0	21.7
2012-03-20	108745.0	18217.0	18358.0	54867.0	55859.0	1847.0	714.0	16.6	15.4	19.7	20.1
2012-03-27	109148.0	18717.0	16769.0	53161.0	56053.0	1847.0	903.0	15.7	14.7	18.8	19.2
2012-04-03	99234.0	17088.0	26849.0	52973.0	43780.0	1975.0	1407.0	25.2	26.6	29.2	30.2
2012-04-10	102744.0	18089.0	25600.0	53523.0	46680.0	1648.0	980.0	25.0	25.1	29.8	30.3
2012-04-17	104558.0	18139.0	26922.0	53885.0	45670.0	1648.0	1080.0	26.0	23.0	30.7	31.2
2012-04-24	103449.0	16541.0	26621.0	54749.0	45847.0	1791.0	613.0	25.9	22.9	30.3	31.3
2012-05-01	76791.0	12251.0	28898.0	41261.0	26032.0	2575.0	1157.0	52.0	56.0	57.9	62.2
2012-05-08	79001.0	11456.0	24548.0	37761.0	26047.0	2535.0	1157.0	45.8	48.6	50.3	54.6
2012-05-15	81909.0	10368.0	23637.0	39086.0	27219.0	2641.0	1239.0	44.5	45.7	48.0	51.4
2012-05-22	81998.0	10463.0	24391.0	39751.0	26774.0	2661.0	1710.0	43.2	45.0	46.9	50.0
2012-05-29	82881.0	10535.0	30336.0	41433.0	27351.0	7613.0	1894.0	43.7	48.5	47.0	56.3
2012-06-05	61425.0	9439.0	31684.0	35188.0	13854.0	2930.0	2019.0	46.3	50.8	50.9	54.4
2012-06-12	68096.0	10887.0	24741.0	35768.0	22964.0	3019.0	1969.0	30.0	37.3	36.0	40.4
2012-06-19	74255.0	14766.0	27027.0	37408.0	26108.0	3361.0	2400.0	28.6	37.6	36.0	40.5
2012-06-26	76314.0	14494.0	26393.0	38613.0	27975.0	3280.0	2019.0	23.7	35.1	32.6	39.0
2012-07-03	73601.0	11286.0	39135.0	45609.0	18713.0	2929.0	1976.0	43.2	51.2	50.2	55.3
2012-07-10	79955.0	15536.0	44410.0	47520.0	19774.0	2931.0	1803.0	45.3	53.3	51.8	57.4
2012-07-17	80203.0	15736.0	44064.0	47657.0	20267.0	2741.0	1803.0	45.2	52.7	51.7	56.8
2012-07-24	82021.0	15986.0	42208.0	48540.0	23600.0	3225.0	1943.0	41.9	49.7	47.8	53.3
2012-07-31	81243.0	15014.0	41445.0	50079.0	24472.0	2892.0	2068.0	43.7	49.1	50.2	54.1
2012-08-07	85911.0	15534.0	42410.0	53236.0	27039.0	3212.0	2533.0	41.1	47.5	48.1	52.5
2012-08-14	98870.0	14806.0	46123.0	58076.0	28061.0	3535.0	2233.0	38.0	44.4	44.7	48.8
2012-08-21	100098.0	14697.0	49248.0	61077.0	27750.0	3149.0	1925.0	38.9	46.6	46.0	50.6
2012-08-28	101621.0	14849.0	51153.0	63525.0	28980.0	3654.0	1895.0	39.0	47.3	46.9	52.0
2012-09-04	92161.0	15245.0	44178.0	53347.0	26026.0	3295.0	1683.0	39.7	45.4	46.3	48.9
2012-09-11	94564.0	16414.0	41194.0	51302.0	28334.0	2446.0	634.0	34.5	41.0	41.0	44.0
2012-09-18	105338.0	19156.0	41325.0	55591.0	34941.0	2633.0	1114.0	29.2	37.5	36.8	42.7
2012-09-25	109903.0	18958.0	41711.0	57466.0	35625.0	2861.0	1949.0	27.7	36.4	34.9	41.2
2012-10-02	99487.0	26441.0	48273.0	51552.0	31807.0	3358.0	1271.0	37.9	48.6	48.8	54.4
2012-10-09	106163.0	26531.0	46893.0	54905.0	36630.0	3383.0	1296.0	35.5	44.4	45.9	50.2
2012-10-16	126961.0	29196.0	44316.0	59689.0	47018.0	3719.0	1270.0	30.8	37.1	40.2	42.4
2012-10-23	132166.0	30231.0	48182.0	63152.0	47602.0	3990.0	1589.0	29.8	37.2	39.7	42.5
2012-10-30	115109.0	30480.0	57198.0	59431.0	34098.0	2974.0	1589.0	39.4	47.0	50.0	53.9
2012-11-06	115425.0	31384.0	55841.0	59696.0	36538.0	2941.0	1642.0	39.8	45.5	50.3	53.3
2012-11-13	116954.0	31034.0	46595.0	56634.0	42467.0	3163.0	1769.0	34.0	37.3	44.1	47.3
2012-11-20	123362.0	32442.0	46921.0	59560.0	46320.0	2918.0	1679.0	32.1	35.1	42.3	44.9
2012-11-27	135640.0	44391.0	52199.0	58776.0	51991.0	2657.0	1634.0	33.4	35.9	43.1	46.3
2012-12-04	127858.0	44784.0	56937.0	58668.0	47508.0	2666.0	1673.0	36.3	42.6	46.2	50.2
2012-12-11	134266.0	45463.0	54888.0	62883.0	54362.0	2822.0	1918.0	33.7	38.7	43.5	47.0
2012-12-18	147148.0	45269.0	55183.0	71564.0	62400.0	3025.0	2275.0	30.1	35.2	40.4	42.5
2012-12-24	149056.0	46115.0	56132.0	73636.0	64304.0	3157.0	2472.0	29.1	35.1	39.4	42.1
2012-12-31	131954.0	46074.0	48769.0	58399.0	55989.0	2669.0	2384.0	34.0	36.4	44.2	46.2
2013-01-08	135397.0	46174.0	48039.0	59839.0	58371.0	2868.0	2471.0	33.3	35.4	43.3	44.4
2013-01-15	147852.0	47459.0	44509.0	67136.0	70284.0	3032.0	2834.0	28.6	30.2	37.5	38.9
2013-01-22	156932.0	53373.0	48454.0	67804.0	74371.0	4700.0	3052.0	26.9	31.1	36.1	39.0
2013-01-29	165763.0	56293.0	52380.0	75078.0	79549.0	5104.0	4546.0	26.1	31.4	35.6	39.0
2013-02-05	160904.0	55539.0	57590.0	76480.0	74488.0	4160.0	4101.0	27.5	33.6	38.9	40.8
2013-02-12	181071.0	59244.0	61489.0	83914.0	81459.0	4821.0	5031.0	26.2	31.2	36.8	37.8
2013-02-19	195098.0	56693.0	57654.0	92730.0	91152.0	4622.0	5239.0	23.3	26.7	33.2	33.3
2013-02-26	209326.0	62166.0	62391.0	95098.0	97966.0	8863.0	5770.0	24.0	26.6	32.1	31.9
2013-03-05	212480.0	65686.0	63416.0	98672.0	99992.0	4344.0	5294.0	25.0	27.3	32.5	31.7
2013-03-12	238963.0	73838.0	65766.0	111550.0	118662.0	4091.0	5051.0	24.5	25.9	32.7	32.7
2013-03-19	267477.0	84605.0	66578.0	114501.0	133168.0	5279.0	4639.0	24.7	24.1	32.7	31.8
2013-03-26	306487.0	94511.0	89077.0	138505.0	144344.0	6736.0	6331.0	27.1	26.8	35.2	33.8
2013-04-02	305214.0	97032.0	96960.0	140068.0	141154.0	5862.0	4848.0	28.2	29.0	38.4	36.1
2013-04-09	329076.0	99422.0	91351.0	146832.0	155886.0	6058.0	5075.0	26.1	23.8	35.8	31.9
2013-04-16	341601.0	100298.0	90580.0	152574.0	164496.0	6739.0	4535.0	25.6	22.6	35.0	30.5
2013-04-23	360454.0	102918.0	89793.0	162752.0	178978.0	6478.0	3377.0	24.4	21.0	33.2	28.9
2013-04-30	346644.0	99175.0	86970.0	157566.0	171884.0	5691.0	3578.0	24.7	20.3	33.7	28.6
2013-05-07	352269.0	104274.0	86098.0	157170.0	176477.0	5344.0	4213.0	25.2	20.2	34.0	28.2
2013-05-14	355505.0	106744.0	87678.0	157618.0	178653.0	5222.0	3253.0	25.1	20.1	34.4	27.9
2013-05-21	362396.0	106152.0	87198.0	160621.0	182248.0	5927.0	3254.0	24.9	19.8	33.8	27.6
2013-05-28	375570.0	109730.0	92113.0	165551.0	187057.0	7386.0	3497.0	24.6	20.5	33.2	28.0
2013-06-04	370272.0	114326.0	90521.0	159441.0	185573.0	5400.0	3073.0	26.0	21.3	35.6	28.9
2013-06-11	379220.0	121444.0	93112.0	161111.0	191681.0	5338.0	3100.0	25.9	21.1	36.9	29.5
2013-06-18	381975.0	118581.0	86289.0	162839.0	197587.0	5632.0	3176.0	25.4	19.5	35.9	27.9
2013-06-25	386382.0	122716.0	88025.0	164165.0	201031.0	5889.0	3714.0	25.6	19.4	35.3	27.6
2013-07-02	375801.0	117215.0	88193.0	162823.0	193033.0	5568.0	4380.0	27.0	20.5	36.4	29.2
2013-07-09	378200.0	117900.0	86837.0	164232.0	196521.0	5550.0	4324.0	26.8	20.0	36.1	29.2
2013-07-16	380030.0	120412.0	87284.0	163428.0	197812.0	5632.0	4376.0	26.7	20.0	36.6	29.1
2013-07-23	389895.0	114656.0	90496.0	170898.0	198731.0	6990.0	3317.0	24.9	20.7	33.9	29.9
2013-07-30	365627.0	115564.0	83996.0	157553.0	192435.0	6634.0	3320.0	27.7	20.9	37.0	29.9
2013-08-06	374179.0	115265.0	85866.0	164964.0	197744.0	6610.0	3229.0	28.7	20.4	37.7	29.2
2013-08-13	381870.0	114112.0	84604.0	170741.0	203676.0	6617.0	3190.0	28.1	20.3	36.6	28.7
2013-08-20	382981.0	116148.0	85347.0	169549.0	204222.0	7234.0	3362.0	28.2	20.2	36.7	28.2
2013-08-27	394325.0	114537.0	87482.0	179324.0	212148.0	8635.0	2866.0	27.5	19.0	35.2	27.3
2013-09-03	374361.0	110574.0	89197.0	175631.0	201106.0	6710.0	2612.0	27.3	19.9	36.0	28.0
2013-09-10	379115.0	111708.0	91361.0	179874.0	203619.0	5894.0	2496.0	27.2	20.4	35.8	28.4
2013-09-17	398291.0	120897.0	98588.0	191173.0	217270.0	5814.0	2026.0	27.3	20.9	35.3	28.9
2013-09-24	413769.0	122615.0	95424.0	197742.0	226868.0	6100.0	4165.0	26.5	20.8	34.0	28.2
2013-10-01	382386.0	116955.0	90650.0	187501.0	215273.0	4744.0	3277.0	27.7	19.8	35.7	28.2
2013-10-08	396740.0	131114.0	100919.0	187639.0	219251.0	4694.0	3277.0	30.5	21.6	37.8	29.7
2013-10-15	404452.0	133370.0	99487.0	188943.0	225454.0	5098.0	2470.0	28.9	21.0	36.8	29.5
2013-10-22	413465.0	132415.0	102782.0	195801.0	229359.0	6722.0	2797.0	29.5	21.4	37.2	29.8
2013-10-29	417798.0	127879.0	98173.0	199235.0	232486.0	6602.0	3057.0	28.3	21.1	35.1	28.5
2013-11-05	404580.0	110012.0	91705.0	202949.0	224771.0	6674.0	3159.0	27.8	20.4	34.2	26.8
2013-11-12	406262.0	105345.0	84763.0	203949.0	227903.0	6400.0	3028.0	27.1	21.2	33.1	27.3
2013-11-19	406664.0	102534.0	80395.0	205674.0	231769.0	6694.0	2738.0	26.7	20.6	32.1	26.8
2013-11-26	419038.0	109899.0	93463.0	212576.0	233399.0	6501.0	2114.0	25.5	21.4	31.2	27.9
2013-12-03	399758.0	103792.0	92931.0	206606.0	218192.0	4311.0	3586.0	23.4	22.3	31.0	28.8
2013-12-10	441128.0	138028.0	121725.0	211338.0	228541.0	4483.0	3583.0	24.5	26.5	34.1	33.6
2013-12-17	451056.0	153646.0	127662.0	208622.0	236921.0	4432.0	2117.0	29.4	27.3	36.8	34.8
2013-12-24	461002.0	164746.0	128234.0	207462.0	241771.0	4403.0	6606.0	29.6	27.3	37.5	34.7
2014-01-07	443567.0	171931.0	126997.0	191501.0	237724.0	3758.0	2469.0	33.1	30.1	42.9	38.8
2014-01-14	446116.0	171477.0	123523.0	192520.0	241770.0	4014.0	2718.0	33.0	29.1	42.6	37.9
2014-01-21	450129.0	172032.0	126356.0	194408.0	241777.0	5328.0	3635.0	32.6	29.1	42.4	37.8
2014-01-28	493156.0	197229.0	122449.0	197134.0	273805.0	5723.0	3832.0	32.7	27.0	41.5	36.7
2014-02-04	454652.0	183026.0	106203.0	182001.0	259644.0	5513.0	4693.0	33.7	28.1	43.0	38.0
2014-02-11	460628.0	183066.0	106067.0	184565.0	262626.0	6012.0	4950.0	34.9	28.3	42.7	38.8
2014-02-18	470838.0	186264.0	106385.0	184615.0	264901.0	5209.0	4802.0	34.7	27.7	42.7	38.3
2014-02-25	489060.0	188259.0	112884.0	196413.0	272547.0	5602.0	4843.0	33.6	27.8	41.5	38.4
2014-03-04	445612.0	173895.0	103246.0	182834.0	253814.0	4558.0	4227.0	35.3	29.9	41.5	39.9
2014-03-11	445338.0	175751.0	103599.0	181608.0	254194.0	4722.0	4288.0	35.5	30.2	41.6	40.4
2014-03-18	467412.0	174349.0	96618.0	188249.0	267387.0	5832.0	4425.0	34.0	29.4	39.1	40.9
2014-03-25	482879.0	167480.0	108313.0	197804.0	260567.0	8442.0	4846.0	31.9	30.0	36.6	40.4
2014-04-01	442756.0	179115.0	130162.0	188053.0	236531.0	3851.0	4326.0	37.1	36.9	44.4	46.0
2014-04-08	452408.0	181749.0	130378.0	190731.0	241622.0	3949.0	4429.0	36.6	36.7	44.3	45.7
2014-04-15	460724.0	189282.0	131522.0	188949.0	246412.0	4262.0	4559.0	37.7	36.3	45.4	45.7
2014-04-22	466601.0	193994.0	129350.0	188422.0	252584.0	4718.0	5200.0	37.6	35.9	45.2	45.4
2014-04-29	444889.0	192136.0	125378.0	174617.0	239985.0	4027.0	5417.0	37.9	39.2	46.8	47.4
2014-05-06	452784.0	195071.0	129491.0	176678.0	240811.0	4204.0	5651.0	37.5	39.0	46.7	47.2
2014-05-13	454423.0	196749.0	128412.0	175130.0	242163.0	4380.0	5684.0	36.9	38.6	46.3	46.7
2014-05-20	452774.0	197592.0	121941.0	172152.0	246295.0	4288.0	5796.0	36.6	39.1	46.5	46.9
2014-05-27	462635.0	203142.0	132089.0	176592.0	248129.0	5411.0	4927.0	35.8	38.7	45.4	46.1
2014-06-03	438814.0	194942.0	119351.0	164831.0	239823.0	4075.0	4674.0	38.2	38.2	48.1	46.2
2014-06-10	432544.0	196141.0	108808.0	157498.0	244351.0	4368.0	4848.0	37.5	36.3	47.6	44.9
2014-06-17	439869.0	199055.0	110320.0	161948.0	250255.0	4451.0	4879.0	36.7	36.3	47.0	45.4
2014-06-24	435035.0	203157.0	101459.0	151640.0	251723.0	4638.0	6253.0	36.9	35.6	45.0	44.7
2014-07-01	424730.0	200343.0	104602.0	144825.0	238583.0	3669.0	5652.0	38.1	35.0	46.0	43.2
2014-07-08	428262.0	201886.0	106693.0	145969.0	239061.0	3617.0	5718.0	37.1	35.0	45.1	43.1
2014-07-15	431215.0	202780.0	105384.0	142984.0	238476.0	3929.0	5833.0	36.9	34.9	45.0	43.1
2014-07-22	445404.0	198885.0	106292.0	145792.0	234849.0	5592.0	9128.0	35.4	33.5	44.2	41.3
2014-07-29	453175.0	198299.0	111019.0	149069.0	237326.0	9978.0	9001.0	34.3	32.8	43.0	40.3
2014-08-05	428957.0	203601.0	104753.0	137393.0	232476.0	4718.0	8483.0	35.8	33.2	45.2	40.8
2014-08-12	443178.0	209862.0	112482.0	140069.0	233648.0	4621.0	8422.0	38.5	33.4	46.9	40.7
2014-08-19	451283.0	209807.0	111943.0	141177.0	236039.0	5066.0	8068.0	37.4	32.8	45.7	40.3
2014-08-26	467446.0	216328.0	115680.0	144512.0	245766.0	8440.0	7834.0	36.4	32.9	44.5	40.2
2014-09-02	440113.0	213248.0	112550.0	130109.0	227919.0	5155.0	8043.0	38.4	33.7	46.4	40.2
2014-09-09	448770.0	214055.0	112464.0	132194.0	230701.0	5229.0	8313.0	37.6	32.9	45.7	39.3
2014-09-16	454185.0	214327.0	112159.0	136621.0	235609.0	5254.0	8434.0	37.1	32.3	45.4	38.7
2014-09-23	452671.0	209959.0	114014.0	139987.0	233301.0	5432.0	8063.0	35.4	31.1	43.9	38.2
2014-09-30	418231.0	207069.0	111421.0	120866.0	213131.0	5104.0	8487.0	40.0	32.0	47.6	42.0
2014-10-07	421652.0	205290.0	111957.0	122770.0	216069.0	8590.0	8624.0	40.1	31.5	48.0	41.9
2014-10-14	420317.0	202127.0	110377.0	125328.0	214890.0	6442.0	8630.0	40.2	31.1	48.3	41.5
2014-10-21	430429.0	203834.0	111397.0	130359.0	220733.0	6699.0	8762.0	39.5	31.7	47.7	42.3
2014-10-28	429812.0	195832.0	113104.0	135638.0	216023.0	6169.0	8512.0	38.5	31.5	47.0	41.3
2014-11-04	410148.0	193098.0	112582.0	126423.0	204088.0	4641.0	7492.0	39.6	33.9	48.5	43.4
2014-11-11	426256.0	202910.0	117248.0	132058.0	215242.0	5004.0	7482.0	38.9	34.4	48.1	44.8
2014-11-18	433881.0	206498.0	119565.0	133793.0	218735.0	5211.0	7202.0	38.7	33.0	47.9	43.0
2014-11-25	446287.0	212032.0	127301.0	136226.0	220208.0	6810.0	7559.0	37.9	32.8	46.9	42.5
2014-12-02	420531.0	206861.0	133373.0	129125.0	199985.0	4794.0	7422.0	39.3	34.1	48.1	43.4
2014-12-09	425278.0	204789.0	135371.0	135046.0	201856.0	4002.0	6610.0	38.9	33.9	47.1	42.2
2014-12-16	424585.0	204993.0	135014.0	136382.0	203710.0	3959.0	6610.0	39.9	35.9	47.1	42.8
2014-12-23	436256.0	201688.0	142042.0	146469.0	205213.0	5817.0	6719.0	39.8	36.6	47.4	43.4
2014-12-30	407795.0	195191.0	135644.0	134821.0	192026.0	4173.0	6515.0	43.4	36.4	50.9	45.9
2015-01-06	412253.0	196841.0	133844.0	136696.0	197124.0	4085.0	6654.0	44.1	36.6	51.1	45.3
2015-01-13	414819.0	195382.0	136197.0	140688.0	197350.0	4198.0	6721.0	44.6	36.9	51.0	45.4
2015-01-20	422314.0	198201.0	140525.0	145310.0	200722.0	4567.0	6831.0	44.7	37.4	51.0	45.9
2015-01-27	436544.0	208497.0	156519.0	148362.0	198043.0	4970.0	7267.0	45.0	38.5	51.2	48.0
2015-02-03	413210.0	194093.0	143459.0	139945.0	188320.0	4426.0	6685.0	46.2	37.3	51.5	45.9
2015-02-10	411640.0	186351.0	141757.0	144479.0	186940.0	4516.0	6649.0	46.7	37.2	52.0	45.5
2015-02-17	416225.0	186805.0	147354.0	148671.0	185524.0	4682.0	7280.0	46.4	37.4	51.4	45.4
2015-02-24	430284.0	195935.0	148846.0	146923.0	192041.0	5476.0	7447.0	46.4	36.3	51.0	44.2
2015-03-03	397803.0	192124.0	133442.0	128638.0	183746.0	3772.0	7346.0	48.5	36.6	54.3	45.6
2015-03-10	398826.0	193552.0	132706.0	125840.0	183503.0	4119.0	7302.0	49.0	36.5	54.8	45.5
2015-03-17	404906.0	193086.0	132959.0	128217.0	186070.0	5464.0	7738.0	48.3	35.5	54.0	44.4
2015-03-24	409420.0	194103.0	130097.0	132152.0	194182.0	5822.0	7798.0	47.2	35.3	52.9	43.9
2015-03-31	381170.0	187375.0	135617.0	122925.0	171474.0	3978.0	7187.0	49.8	40.0	55.1	47.0
2015-04-07	381048.0	186293.0	137021.0	125036.0	171267.0	3908.0	6949.0	50.2	40.0	55.4	47.0
2015-04-14	386130.0	189082.0	142240.0	128957.0	173056.0	4246.0	6989.0	50.3	40.1	55.3	46.9
2015-04-21	402421.0	200435.0	151439.0	133703.0	180297.0	4532.0	6934.0	49.2	41.5	55.3	48.2
2015-04-28	405259.0	192909.0	155539.0	142807.0	175734.0	5462.0	9905.0	47.4	40.5	53.4	47.1
2015-05-05	377091.0	198274.0	143842.0	120010.0	171457.0	3465.0	6450.0	51.7	40.5	58.5	50.0
2015-05-12	386716.0	204535.0	150224.0	122063.0	173949.0	4132.0	6557.0	52.9	41.2	59.4	50.5
2015-05-19	397570.0	212615.0	165931.0	122541.0	167436.0	3846.0	5635.0	53.4	42.1	59.8	51.0
2015-05-26	400861.0	214387.0	167676.0	124595.0	170723.0	5177.0	5760.0	52.6	42.8	59.0	52.3
2015-06-02	393344.0	210997.0	169350.0	124415.0	163727.0	3524.0	5859.0	53.7	41.2	60.6	50.6
2015-06-09	390926.0	207556.0	158077.0	122933.0	170127.0	3679.0	5964.0	52.7	38.8	59.8	47.8
2015-06-16	393791.0	207792.0	160887.0	127613.0	172177.0	3560.0	5901.0	52.9	38.6	59.8	47.3
2015-06-23	409288.0	214096.0	174472.0	136829.0	174294.0	3888.0	6047.0	48.8	40.1	56.5	47.6
2015-06-30	393380.0	205427.0	162469.0	131608.0	173144.0	3825.0	5247.0	49.7	40.4	56.6	48.7
2015-07-07	396646.0	201670.0	163629.0	136944.0	173509.0	3830.0	5306.0	48.8	40.5	55.8	48.5
2015-07-14	404317.0	201431.0	152081.0	139043.0	187055.0	3969.0	5307.0	47.1	37.6	54.4	46.6
2015-07-21	409783.0	201009.0	152763.0	143038.0	189931.0	3602.0	4955.0	46.6	36.8	53.7	45.7
2015-07-28	412753.0	198095.0	149812.0	146735.0	194406.0	4406.0	5018.0	45.0	36.7	52.0	45.5
2015-08-04	392325.0	194839.0	146549.0	140942.0	187960.0	3785.0	5057.0	46.9	37.2	54.3	46.1
2015-08-11	392584.0	195499.0	146985.0	142747.0	189968.0	3931.0	5224.0	47.0	37.6	54.4	46.5
2015-08-18	408841.0	190678.0	144875.0	150093.0	194622.0	3822.0	5096.0	43.7	37.0	51.1	44.9
2015-08-25	400586.0	185757.0	143408.0	148819.0	190242.0	4029.0	4955.0	43.9	39.7	51.6	46.8
2015-09-01	379212.0	177899.0	134208.0	139754.0	182364.0	3503.0	4584.0	43.6	39.7	50.7	46.2
2015-09-08	380188.0	172333.0	134002.0	145683.0	183849.0	4365.0	4530.0	41.3	39.6	48.5	46.0
2015-09-15	377361.0	166319.0	130175.0	146580.0	182785.0	4621.0	4560.0	39.3	39.3	46.6	45.7
2015-09-22	379788.0	160885.0	130541.0	156084.0	186252.0	4412.0	4588.0	37.9	37.8	45.2	43.8
2015-09-29	353475.0	153315.0	127092.0	146201.0	171605.0	3559.0	4378.0	38.9	43.2	46.8	48.9
2015-10-06	355380.0	146283.0	140246.0	156639.0	162062.0	4251.0	4865.0	37.0	45.9	46.9	50.4
2015-10-13	361268.0	142275.0	144411.0	164553.0	162174.0	4624.0	4867.0	36.9	45.0	46.7	49.6
2015-10-20	359496.0	135880.0	146454.0	165427.0	154327.0	4049.0	4575.0	36.4	44.7	46.4	49.0
2015-10-27	367345.0	131599.0	152290.0	174530.0	154393.0	4708.0	4154.0	34.3	44.2	44.2	48.6
2015-11-03	343872.0	117932.0	138760.0	167550.0	148073.0	5214.0	3863.0	34.4	43.8	45.3	48.4
2015-11-10	340046.0	109157.0	132376.0	172484.0	150645.0	5516.0	4136.0	31.5	41.6	44.0	46.9
2015-11-17	341880.0	108377.0	135082.0	176247.0	151073.0	5530.0	3999.0	30.8	40.2	43.2	45.7
2015-11-24	338845.0	93546.0	129543.0	185800.0	152296.0	6265.0	3772.0	28.5	38.3	40.6	44.0
2015-12-01	316990.0	85256.0	115322.0	174500.0	144463.0	4393.0	4364.0	30.8	39.5	42.8	45.4
2015-12-08	317840.0	77955.0	111776.0	180763.0	146722.0	4706.0	4926.0	29.7	38.6	40.8	44.7
2015-12-15	320210.0	73355.0	112336.0	178261.0	139625.0	5398.0	5053.0	30.0	38.0	40.3	44.1
2015-12-22	323387.0	75233.0	111849.0	173478.0	137597.0	5866.0	5131.0	28.6	36.8	39.6	42.6
2015-12-29	327928.0	71563.0	106219.0	173225.0	138829.0	6674.0	6414.0	26.4	35.2	37.1	40.7
2016-01-05	298549.0	64325.0	98392.0	160906.0	127914.0	5729.0	4654.0	30.3	34.1	39.4	40.8
2016-01-12	305061.0	75194.0	104108.0	161726.0	134222.0	5784.0	4374.0	32.0	35.4	41.3	41.9
2016-01-19	308082.0	75664.0	101895.0	162485.0	136741.0	5175.0	4688.0	30.7	34.4	40.2	40.7
2016-01-26	309639.0	76149.0	103091.0	165739.0	138566.0	5437.0	5668.0	29.6	35.3	39.5	41.0
2016-02-02	292274.0	71987.0	98465.0	157341.0	132366.0	6367.0	4864.0	29.8	37.5	40.2	42.4
2016-02-09	301186.0	72490.0	97426.0	162727.0	139347.0	6392.0	4836.0	28.4	36.5	38.6	40.9
2016-02-16	302958.0	71235.0	96278.0	163910.0	140287.0	6475.0	5055.0	29.6	35.4	39.7	40.1
2016-02-23	309038.0	70526.0	90169.0	169014.0	152084.0	7743.0	5030.0	27.0	32.8	36.3	38.4
2016-03-01	289380.0	63953.0	89990.0	157635.0	133484.0	6933.0	5047.0	29.2	33.5	37.7	38.4
2016-03-08	296266.0	67670.0	98410.0	159367.0	130752.0	7220.0	5095.0	27.8	34.4	36.2	38.8
2016-03-15	306325.0	68453.0	100870.0	161293.0	132855.0	8538.0	4559.0	27.2	33.4	34.9	37.8
2016-03-22	297722.0	63727.0	97369.0	160694.0	130360.0	8145.0	4837.0	25.2	33.6	34.8	38.3
2016-03-29	297181.0	62222.0	95453.0	161184.0	131422.0	9324.0	5855.0	26.5	34.2	36.2	38.9
2016-04-05	272694.0	62378.0	93868.0	148989.0	120078.0	8778.0	6199.0	29.1	37.3	40.0	42.7
2016-04-12	270913.0	63403.0	88816.0	144840.0	122079.0	8971.0	6319.0	28.8	35.6	39.6	41.1
2016-04-19	277005.0	64720.0	94986.0	147783.0	120032.0	8961.0	6446.0	29.8	36.5	40.4	41.9
2016-04-26	283489.0	68737.0	96098.0	150173.0	125554.0	9575.0	6833.0	28.3	35.2	39.0	40.4
2016-05-03	272109.0	64994.0	88566.0	144476.0	125109.0	10861.0	6656.0	29.1	35.5	39.9	41.3
2016-05-10	274930.0	66448.0	93125.0	143572.0	121623.0	11029.0	6301.0	28.2	37.0	38.8	42.8
2016-05-17	276900.0	65334.0	95103.0	144543.0	120046.0	12043.0	6771.0	27.8	37.8	38.3	43.5
2016-05-24	283312.0	69884.0	95214.0	142336.0	123077.0	12752.0	6681.0	25.4	35.6	36.2	41.5
2016-05-31	263843.0	69133.0	91798.0	133386.0	115028.0	10646.0	6339.0	29.4	35.9	40.2	42.5
2016-06-07	266872.0	73032.0	93709.0	135268.0	118323.0	10387.0	6655.0	30.8	37.2	41.3	43.9
2016-06-14	275695.0	85601.0	102015.0	131092.0	117283.0	9532.0	6927.0	33.9	37.4	43.9	44.8
2016-06-21	294159.0	102705.0	119983.0	134041.0	119087.0	9351.0	7027.0	36.7	38.9	47.2	47.0
2016-06-28	312692.0	105722.0	133422.0	144780.0	121232.0	11415.0	7263.0	35.9	37.1	45.6	46.1
2016-07-05	284084.0	98213.0	119876.0	128044.0	112868.0	12285.0	5798.0	38.9	37.4	47.8	47.0
2016-07-12	290299.0	100250.0	119230.0	131709.0	119422.0	12408.0	5715.0	37.9	36.3	46.4	45.7
2016-07-19	296530.0	105302.0	120666.0	135004.0	123661.0	9813.0	5792.0	37.3	35.9	45.2	44.8
2016-07-26	298063.0	103505.0	122135.0	137717.0	121331.0	8131.0	5887.0	36.6	36.5	45.1	45.2
2016-08-02	278125.0	97308.0	114695.0	125541.0	112700.0	10561.0	6015.0	38.9	37.2	46.1	46.3
2016-08-09	282382.0	99318.0	114679.0	125472.0	114549.0	10696.0	6258.0	38.9	36.5	46.4	45.4
2016-08-16	287366.0	103182.0	111220.0	125362.0	120125.0	9085.0	6284.0	38.7	35.8	45.4	44.3
2016-08-23	297597.0	105443.0	110209.0	130135.0	129029.0	9076.0	5416.0	36.3	33.4	43.1	42.0
2016-08-30	283833.0	97997.0	110042.0	131059.0	120801.0	7286.0	5499.0	39.3	35.3	48.5	44.3
2016-09-06	283079.0	100613.0	111551.0	130171.0	121179.0	7956.0	6010.0	39.3	35.4	49.3	45.2
2016-09-13	289371.0	105998.0	114386.0	132069.0	125349.0	7709.0	6041.0	39.1	35.2	48.5	45.1
2016-09-20	292987.0	103812.0	113099.0	135772.0	128639.0	8448.0	6294.0	39.2	34.8	46.3	44.2
2016-09-27	307316.0	111121.0	124833.0	142893.0	131021.0	7378.0	5538.0	39.1	37.1	47.6	46.5
2016-10-04	280782.0	107529.0	116113.0	128772.0	121428.0	8394.0	7154.0	42.4	37.8	51.7	46.5
2016-10-11	289218.0	115948.0	121815.0	130834.0	126264.0	8265.0	6968.0	43.7	39.5	53.7	48.3
2016-10-18	291883.0	118775.0	120692.0	130792.0	129193.0	7860.0	7542.0	43.4	40.3	53.4	49.2
2016-10-25	307393.0	117752.0	124272.0	136745.0	131346.0	7401.0	6280.0	39.4	41.1	49.4	48.9
2016-11-01	285405.0	112569.0	128796.0	130696.0	116125.0	9469.0	7813.0	44.7	43.2	54.6	51.0
2016-11-08	304297.0	114402.0	140700.0	141152.0	118522.0	11255.0	7587.0	45.9	44.4	54.9	51.4
2016-11-15	322669.0	117715.0	145082.0	153862.0	129675.0	9642.0	6462.0	43.6	43.6	52.8	50.9
2016-11-22	320486.0	119780.0	144315.0	149405.0	128236.0	9236.0	5870.0	43.1	44.1	52.6	51.2
2016-11-29	294068.0	108366.0	135067.0	139647.0	115871.0	8961.0	6036.0	47.4	46.7	56.6	54.0
2016-12-06	306524.0	117301.0	131542.0	145260.0	134091.0	8295.0	5223.0	46.9	43.7	54.0	51.9
2016-12-13	336637.0	123835.0	150586.0	173039.0	149383.0	9221.0	6126.0	52.8	46.8	57.9	53.8
2016-12-20	348584.0	133051.0	150694.0	177828.0	164772.0	9574.0	4987.0	52.2	44.6	57.3	51.7
2016-12-27	362526.0	140965.0	141783.0	178905.0	182372.0	9514.0	5229.0	49.7	42.6	54.8	50.3
2017-01-03	355791.0	127637.0	128252.0	181354.0	183888.0	9121.0	5972.0	56.6	44.0	59.4	51.8
2017-01-10	365745.0	133078.0	131340.0	184695.0	189418.0	8921.0	5936.0	55.9	44.4	58.7	52.2
2017-01-17	368681.0	134231.0	132396.0	183218.0	187797.0	9100.0	6356.0	55.7	44.7	58.4	52.4
2017-01-24	385273.0	143640.0	142765.0	187657.0	193174.0	10423.0	5781.0	53.3	43.4	57.4	51.6
2017-01-31	362635.0	135887.0	136382.0	181300.0	180187.0	8388.0	9006.0	57.9	44.1	61.1	51.9
