2012-01-10	8734.0	670.0	0.0	8025.0	8734.0	39.0	0.0	34.3	35.3	49.9	50.7
2012-01-17	9825.0	770.0	0.0	9016.0	9825.0	39.0	0.0	32.6	32.4	46.1	47.9
2012-01-24	9945.0	770.0	0.0	9091.0	9945.0	84.0	0.0	32.2	32.0	45.1	47.8
2012-01-31	10203.0	758.0	50.0	9341.0	10103.0	54.0	0.0	34.0	32.6	48.1	48.2
2012-02-07	9218.0	758.0	100.0	8406.0	9118.0	54.0	0.0	32.5	31.2	46.9	46.4
2012-02-14	9338.0	758.0	100.0	8526.0	9238.0	54.0	0.0	36.1	30.8	50.7	45.8
2012-02-21	9533.0	758.0	100.0	8721.0	9433.0	54.0	0.0	34.6	30.7	48.8	45.9
2012-02-28	10133.0	758.0	100.0	9321.0	10033.0	54.0	0.0	36.5	32.8	54.0	48.6
2012-03-06	9348.0	758.0	50.0	8536.0	9298.0	54.0	0.0	38.2	30.0	52.0	46.6
2012-03-13	9958.0	758.0	50.0	9146.0	9908.0	54.0	0.0	40.9	29.6	56.1	46.4
2012-03-20	10583.0	758.0	50.0	9771.0	10533.0	54.0	0.0	43.7	29.1	59.0	45.5
2012-03-27	10546.0	758.0	50.0	9734.0	10496.0	54.0	0.0	40.5	26.2	55.8	43.3
2012-04-03	9811.0	983.0	0.0	8774.0	9811.0	54.0	0.0	41.4	24.2	56.8	41.6
2012-04-10	9881.0	983.0	0.0	8844.0	9881.0	54.0	0.0	39.6	24.5	54.9	41.8
2012-04-17	10706.0	983.0	0.0	9669.0	10706.0	54.0	0.0	41.2	22.7	55.4	38.6
2012-04-24	11221.0	983.0	0.0	10184.0	11221.0	54.0	0.0	41.4	24.5	55.2	40.6
2012-05-01	9970.0	1007.0	0.0	8927.0	9970.0	36.0	0.0	39.8	26.8	53.7	42.8
2012-05-08	10107.0	783.0	0.0	9284.0	10107.0	40.0	0.0	38.0	28.0	53.7	45.0
2012-05-15	11692.0	783.0	0.0	10869.0	11692.0	40.0	0.0	36.2	28.5	53.0	45.1
2012-05-22	14182.0	783.0	0.0	13359.0	14182.0	40.0	0.0	43.0	36.0	61.2	52.5
2012-05-29	16792.0	933.0	0.0	15819.0	16762.0	40.0	30.0	43.4	31.1	54.8	47.2
2012-06-05	16339.0	993.0	1550.0	15328.0	14759.0	18.0	30.0	49.2	38.3	60.0	55.6
2012-06-12	17744.0	1143.0	1550.0	16583.0	16164.0	18.0	30.0	40.9	27.0	48.7	41.9
2012-06-19	18119.0	1143.0	1550.0	16958.0	16539.0	18.0	30.0	40.3	28.7	49.8	42.7
2012-06-26	18649.0	1143.0	1550.0	17488.0	17069.0	18.0	30.0	38.9	26.2	48.1	40.7
2012-07-03	16505.0	555.0	1500.0	15710.0	14975.0	240.0	30.0	39.5	25.5	49.5	39.7
2012-07-10	16330.0	555.0	1500.0	15535.0	14800.0	240.0	30.0	39.9	26.8	50.0	40.9
2012-07-17	17305.0	695.0	1500.0	16510.0	15675.0	0.0	30.0	36.4	25.7	45.3	38.8
2012-07-24	17435.0	695.0	1500.0	16640.0	15805.0	0.0	30.0	35.7	26.0	45.4	39.0
2012-07-31	17770.0	695.0	1500.0	16975.0	16140.0	0.0	30.0	35.2	26.4	45.7	39.6
2012-08-07	16340.0	670.0	1500.0	15570.0	14710.0	0.0	30.0	38.7	28.9	49.6	44.2
2012-08-14	16230.0	670.0	1500.0	15460.0	14600.0	0.0	30.0	39.2	30.7	49.6	45.2
2012-08-21	16960.0	570.0	1500.0	16190.0	15230.0	0.0	30.0	40.8	31.3	50.0	45.3
2012-08-28	17610.0	570.0	1500.0	16840.0	15880.0	0.0	30.0	41.3	32.1	51.8	46.3
2012-09-04	17180.0	505.0	1860.0	16495.0	15110.0	0.0	30.0	44.2	36.4	54.8	48.7
2012-09-11	17005.0	505.0	1685.0	16320.0	15110.0	0.0	30.0	43.6	36.8	54.4	49.3
2012-09-18	17080.0	505.0	1610.0	16320.0	15185.0	0.0	30.0	43.4	37.0	53.2	48.6
2012-09-25	16775.0	505.0	1500.0	16195.0	15170.0	0.0	30.0	43.9	32.9	53.2	44.8
2012-10-02	15680.0	375.0	1500.0	15230.0	14075.0	0.0	30.0	43.0	34.0	55.4	48.7
