2012-02-28	12747.0	362.0	878.0	11917.0	11720.0	468.0	149.0	52.1	63.1	71.8	84.0
2012-03-06	12414.0	341.0	1325.0	11647.0	10727.0	426.0	362.0	51.7	64.8	70.6	81.2
2012-03-13	12669.0	341.0	1325.0	11902.0	10982.0	426.0	362.0	52.6	63.5	71.2	81.6
2012-03-20	13179.0	341.0	1325.0	12412.0	11492.0	426.0	362.0	50.6	64.9	68.4	78.4
2012-03-27	13434.0	341.0	1325.0	12667.0	11747.0	426.0	362.0	51.5	65.6	69.0	78.9
2012-04-03	12906.0	319.0	1259.0	12205.0	11307.0	382.0	340.0	52.1	65.0	69.3	78.7
2012-04-10	12906.0	319.0	1259.0	12205.0	11307.0	382.0	340.0	52.1	65.0	69.3	78.7
2012-04-17	13416.0	319.0	1259.0	12715.0	11817.0	382.0	340.0	53.9	62.5	67.6	75.7
2012-04-24	13926.0	319.0	1259.0	13416.0	12327.0	191.0	340.0	52.0	60.2	67.4	74.6
2012-05-01	13422.0	298.0	1196.0	12954.0	11907.0	170.0	319.0	52.7	59.7	67.7	74.5
2012-05-08	13422.0	298.0	1196.0	12954.0	11907.0	170.0	319.0	52.7	59.7	67.7	74.5
2012-05-15	13422.0	298.0	1196.0	12954.0	11907.0	170.0	319.0	52.7	59.7	67.7	74.5
2012-05-22	13443.0	298.0	1196.0	12975.0	11928.0	170.0	319.0	52.6	60.1	67.6	74.4
2012-05-29	13443.0	298.0	1196.0	12975.0	11928.0	170.0	319.0	52.6	60.1	67.6	74.4
2012-06-05	12975.0	254.0	1130.0	12573.0	11548.0	148.0	297.0	53.1	59.2	68.3	74.1
2012-06-12	12975.0	254.0	1130.0	12573.0	11548.0	148.0	297.0	53.1	59.2	68.3	74.1
2012-06-19	12975.0	254.0	1130.0	12573.0	11548.0	148.0	297.0	53.1	59.2	68.3	74.1
2012-06-26	12975.0	254.0	1130.0	12573.0	11548.0	148.0	297.0	53.1	59.2	68.3	74.1
2012-07-03	12261.0	212.0	1067.0	11922.0	10918.0	127.0	276.0	53.8	59.0	69.6	75.3
2012-07-10	12261.0	212.0	1067.0	11922.0	10918.0	127.0	276.0	53.8	59.0	69.6	75.3
2012-07-17	12261.0	212.0	1067.0	11922.0	10918.0	127.0	276.0	53.8	59.0	69.6	75.3
2012-07-24	12771.0	212.0	1067.0	12432.0	11428.0	127.0	276.0	51.6	56.7	70.8	76.3
2012-07-31	12771.0	212.0	1067.0	12432.0	11428.0	127.0	276.0	51.6	56.7	70.8	76.3
2012-08-07	12503.0	170.0	920.0	12227.0	11328.0	106.0	255.0	51.7	59.4	74.7	79.1
2012-08-14	12758.0	170.0	920.0	12482.0	11583.0	106.0	255.0	50.7	60.2	73.2	79.6
2012-08-21	12758.0	170.0	920.0	12482.0	11583.0	106.0	255.0	50.7	60.2	73.2	79.6
2012-08-28	13097.0	170.0	665.0	12821.0	12177.0	106.0	255.0	49.4	62.5	73.3	78.8
2012-11-27	12601.0	0.0	123.0	12201.0	12288.0	400.0	190.0	56.4	68.8	80.4	83.1
2012-12-04	12310.0	0.0	60.0	11973.0	12101.0	337.0	149.0	57.1	65.4	79.8	80.8
2012-12-11	12310.0	0.0	60.0	11973.0	12101.0	337.0	149.0	57.1	65.4	79.8	80.8
2012-12-18	12864.0	0.0	60.0	12527.0	12611.0	337.0	193.0	53.3	61.0	79.0	75.8
2012-12-24	12820.0	0.0	60.0	12483.0	12611.0	337.0	149.0	53.2	61.2	78.9	76.0
2012-12-31	12820.0	0.0	60.0	12483.0	12611.0	337.0	149.0	53.2	61.2	78.9	76.0
2013-02-26	18039.0	60.0	470.0	17706.0	17147.0	233.0	382.0	55.0	70.6	86.3	87.6
2013-07-23	18876.0	0.0	0.0	18620.0	18727.0	256.0	149.0	54.4	55.9	66.4	70.0
2013-07-30	18986.0	0.0	0.0	18730.0	18837.0	256.0	149.0	54.0	55.0	66.0	69.6
2013-08-06	18308.0	0.0	0.0	18096.0	18159.0	212.0	149.0	52.6	57.0	64.7	67.7
2013-08-13	17798.0	0.0	0.0	17586.0	17649.0	212.0	149.0	54.1	58.6	65.6	66.8
2013-08-20	18348.0	0.0	0.0	18136.0	18199.0	212.0	149.0	52.5	57.1	62.2	65.0
2013-08-27	18463.0	0.0	0.0	18251.0	18314.0	212.0	149.0	51.1	56.7	62.4	64.6
2013-10-22	20857.0	0.0	1280.0	20729.0	19428.0	128.0	149.0	58.4	56.0	72.6	73.1
2013-10-29	23407.0	0.0	1280.0	23279.0	21978.0	128.0	149.0	57.5	52.2	73.7	70.6
2013-11-05	22411.0	0.0	1280.0	22329.0	20982.0	82.0	149.0	58.6	55.2	75.8	74.4
2013-11-12	22516.0	0.0	1280.0	22434.0	21087.0	82.0	149.0	58.8	55.0	75.9	74.1
2013-11-19	23041.0	0.0	1280.0	22959.0	21612.0	82.0	149.0	57.4	53.3	76.8	73.7
2013-11-26	23041.0	0.0	1280.0	22959.0	21612.0	82.0	149.0	57.4	53.3	76.8	73.7
2013-12-03	22241.0	0.0	1280.0	22199.0	20812.0	42.0	149.0	59.0	54.4	79.5	76.7
2013-12-10	22241.0	0.0	1280.0	22199.0	20812.0	42.0	149.0	59.0	54.4	79.5	76.7
2013-12-17	22241.0	0.0	1280.0	22199.0	20812.0	42.0	149.0	59.0	54.4	79.5	76.7
2013-12-24	22241.0	0.0	1280.0	22199.0	20812.0	42.0	149.0	59.0	54.4	79.5	76.7
