2005-01-11	25116.0	1587.0	568.0	15289.0	18859.0	7041.0	4490.0	42.9	39.7	53.4	59.8
2005-01-18	26739.0	1872.0	394.0	17023.0	20361.0	6688.0	4828.0	44.2	37.3	52.4	56.2
2005-06-21	34973.0	2405.0	2818.0	24237.0	20960.0	5501.0	8365.0	42.4	32.8	52.3	42.8
2005-06-28	37734.0	2410.0	2570.0	26888.0	23665.0	5583.0	8646.0	39.9	33.0	54.3	43.3
2005-07-05	31638.0	1772.0	1128.0	20305.0	19610.0	6664.0	8003.0	38.7	30.1	51.7	41.0
2005-07-12	34193.0	1152.0	1591.0	25205.0	22108.0	5956.0	8614.0	40.6	32.8	58.8	45.9
2005-07-19	36776.0	780.0	4714.0	28591.0	22201.0	6328.0	8784.0	45.3	36.0	59.6	48.2
2005-07-26	36767.0	780.0	4455.0	28376.0	22519.0	6352.0	8534.0	45.2	36.4	59.2	49.3
2005-08-02	32819.0	3415.0	200.0	25669.0	23920.0	2439.0	7403.0	38.0	31.4	62.2	47.1
2005-08-09	34212.0	3651.0	1065.0	26573.0	24316.0	3043.0	7886.0	39.0	29.6	62.5	44.7
2005-08-16	38007.0	3013.0	1023.0	30060.0	25786.0	2873.0	9137.0	38.3	26.6	60.2	40.8
2005-08-23	38780.0	2101.0	2495.0	31936.0	24420.0	2015.0	9137.0	37.1	26.6	56.7	37.2
2005-09-06	37927.0	1392.0	648.0	29470.0	24070.0	3903.0	10047.0	37.3	26.5	51.9	37.7
2005-09-13	44057.0	1022.0	0.0	33751.0	30308.0	4602.0	9067.0	39.3	29.9	53.7	44.1
2005-09-20	47816.0	1319.0	0.0	36385.0	34355.0	4724.0	8073.0	38.4	28.2	53.5	44.7
2005-09-27	47473.0	1131.0	1157.0	37560.0	33399.0	4027.0	8162.0	40.1	27.3	55.6	42.8
2005-10-25	47839.0	2048.0	0.0	32661.0	30668.0	7448.0	11489.0	38.8	27.3	52.9	42.3
2005-11-01	49387.0	2641.0	0.0	35897.0	33632.0	7174.0	12080.0	38.6	32.3	55.2	45.8
2005-11-08	48006.0	4946.0	751.0	32709.0	31816.0	7016.0	12104.0	44.7	32.1	59.0	43.3
2005-11-15	50547.0	4535.0	0.0	36018.0	35127.0	6680.0	12106.0	43.1	30.4	58.5	44.8
2005-11-22	52936.0	3184.0	578.0	37739.0	36876.0	8394.0	11863.0	39.4	31.9	54.9	46.1
2005-11-29	52477.0	4336.0	888.0	37087.0	37471.0	8308.0	11372.0	41.8	38.4	56.8	51.3
2005-12-20	55253.0	317.0	1815.0	44424.0	33562.0	6931.0	16295.0	45.6	37.9	64.1	49.7
2005-12-27	56722.0	0.0	5192.0	46030.0	34128.0	7944.0	14654.0	47.4	37.3	66.0	53.2
2006-01-03	59038.0	0.0	7255.0	47976.0	33720.0	8929.0	15930.0	46.7	39.2	64.8	54.4
2006-01-10	55701.0	0.0	5382.0	46806.0	34556.0	6433.0	13301.0	48.1	39.0	63.4	52.5
2006-01-17	61022.0	0.0	4641.0	54269.0	42718.0	4167.0	11077.0	45.1	35.4	60.8	50.1
2006-01-24	66283.0	0.0	4282.0	56069.0	48928.0	7310.0	10169.0	41.5	32.1	57.6	48.8
2006-01-31	66504.0	0.0	4180.0	57528.0	48939.0	6734.0	11143.0	37.5	29.8	54.4	46.4
2006-02-07	60833.0	547.0	1651.0	51375.0	46653.0	7104.0	10722.0	36.1	32.4	55.0	50.6
2006-02-14	68536.0	0.0	4237.0	58400.0	52245.0	7548.0	9466.0	32.7	30.0	50.6	46.8
2006-02-21	69727.0	2809.0	969.0	54678.0	56037.0	8965.0	9446.0	32.5	31.3	49.5	50.7
2006-02-28	68970.0	3705.0	1087.0	55047.0	55382.0	8077.0	10360.0	30.8	31.2	49.7	50.1
2006-03-07	67883.0	1684.0	950.0	53490.0	51708.0	9547.0	12063.0	30.6	31.5	47.3	51.1
2006-03-14	70086.0	1164.0	2287.0	57642.0	52482.0	8756.0	12793.0	33.7	32.1	49.9	50.2
2006-03-21	68946.0	0.0	5036.0	59188.0	49359.0	7854.0	12647.0	33.0	27.4	47.9	45.6
2006-03-28	69682.0	0.0	5626.0	61262.0	51298.0	6268.0	10606.0	31.6	28.1	48.3	45.9
2006-04-04	65378.0	0.0	6240.0	54825.0	46654.0	8225.0	10156.0	35.0	29.1	51.5	48.7
2006-04-11	66249.0	0.0	6767.0	56086.0	46874.0	8083.0	10528.0	34.3	28.1	51.0	49.0
2006-04-18	68498.0	0.0	7262.0	57461.0	48023.0	8939.0	11115.0	33.2	27.4	48.5	48.0
2006-04-25	70793.0	0.0	9176.0	62218.0	48589.0	6960.0	11413.0	37.4	28.9	51.6	48.5
2006-05-02	69979.0	3939.0	5335.0	55576.0	51903.0	7853.0	10130.0	31.2	25.9	46.2	44.1
2006-05-09	73852.0	0.0	8253.0	65620.0	52666.0	4945.0	9646.0	30.0	24.5	48.4	42.3
2006-05-16	80237.0	0.0	13663.0	72382.0	54674.0	5107.0	9152.0	33.0	27.6	50.8	43.8
2006-05-23	80143.0	0.0	11355.0	71461.0	58900.0	5477.0	6683.0	34.6	25.0	49.4	41.7
2006-05-30	81412.0	0.0	9515.0	71265.0	60526.0	5559.0	6783.0	35.0	25.2	49.5	41.8
2006-06-06	79253.0	0.0	5323.0	65118.0	61589.0	7741.0	5947.0	30.5	22.2	45.1	41.3
2006-06-13	82010.0	0.0	7234.0	68669.0	63078.0	7741.0	6098.0	30.5	22.1	44.2	40.3
2006-06-20	81951.0	0.0	9609.0	69953.0	61970.0	7991.0	6365.0	28.9	21.8	42.9	39.9
2006-06-27	81371.0	0.0	11655.0	71592.0	61319.0	6734.0	5352.0	29.0	24.8	44.1	43.5
2006-07-03	81860.0	0.0	15053.0	72447.0	59446.0	7348.0	5296.0	29.1	28.9	44.0	47.5
2006-07-11	79183.0	0.0	12596.0	69069.0	57604.0	6715.0	5584.0	28.8	29.5	43.7	48.8
2006-07-18	79964.0	0.0	13281.0	70610.0	58532.0	6529.0	5326.0	30.1	31.1	45.3	50.5
2006-07-25	81984.0	0.0	14147.0	72768.0	58582.0	7010.0	7049.0	30.7	31.1	47.5	51.1
2006-08-01	82682.0	0.0	13587.0	73101.0	59159.0	6237.0	6592.0	27.9	31.4	44.9	50.4
2006-08-08	77483.0	0.0	8815.0	66778.0	57519.0	6091.0	6535.0	25.4	31.4	42.3	47.7
2006-08-15	80577.0	1037.0	6340.0	68166.0	61815.0	6091.0	7139.0	27.6	32.5	42.5	48.4
2006-08-22	86321.0	0.0	12500.0	76255.0	59454.0	5848.0	10149.0	27.6	29.4	44.1	48.1
2006-08-29	87844.0	0.0	13967.0	78024.0	60207.0	5949.0	9799.0	28.4	30.2	45.8	49.8
2006-09-05	79714.0	0.0	10280.0	63218.0	53987.0	11616.0	10567.0	30.0	30.0	47.2	50.5
2006-09-12	82048.0	0.0	13211.0	66229.0	54067.0	11616.0	10567.0	32.2	31.2	50.5	53.0
2006-09-19	83452.0	0.0	15102.0	66280.0	53909.0	13908.0	11177.0	28.9	30.5	46.7	52.2
2006-09-26	82525.0	0.0	14631.0	64260.0	53749.0	14847.0	10727.0	27.1	30.0	45.8	50.5
2006-10-03	73127.0	0.0	8899.0	51512.0	48697.0	17054.0	10970.0	26.0	27.3	40.8	46.3
2006-10-10	74197.0	0.0	13430.0	52688.0	48863.0	18447.0	8842.0	26.3	31.8	41.1	48.2
2006-10-17	76046.0	0.0	11154.0	55645.0	51517.0	16354.0	9328.0	25.6	28.1	40.1	44.0
2006-10-24	77470.0	0.0	8746.0	56798.0	53684.0	15232.0	9600.0	23.4	23.8	37.5	40.8
2006-10-31	84808.0	0.0	12149.0	64648.0	58627.0	15917.0	9789.0	21.7	25.3	33.1	40.9
2006-11-07	80236.0	135.0	5101.0	55963.0	59392.0	18056.0	9661.0	21.1	27.3	31.7	39.6
2006-11-14	82460.0	224.0	8540.0	63238.0	60968.0	15183.0	9137.0	22.2	27.1	34.9	40.5
2006-11-21	84229.0	224.0	9422.0	65523.0	63661.0	15107.0	7771.0	22.4	27.9	35.9	41.1
2006-11-28	87543.0	2072.0	11402.0	68153.0	65416.0	14779.0	8186.0	23.8	28.8	37.0	42.0
2006-12-05	81803.0	1744.0	9433.0	63613.0	62653.0	14972.0	8243.0	28.6	29.6	43.3	47.3
2006-12-12	87820.0	1880.0	5507.0	66334.0	69396.0	15510.0	8821.0	27.1	27.2	41.2	42.4
2006-12-19	94017.0	1756.0	8953.0	76677.0	74431.0	12471.0	7520.0	26.6	26.5	42.1	42.0
2006-12-26	92932.0	1526.0	4681.0	74345.0	75924.0	12443.0	7709.0	26.0	29.2	41.4	44.0
2007-01-03	89414.0	6929.0	3924.0	67943.0	74527.0	12546.0	8967.0	25.6	34.0	44.2	48.4
2007-01-09	92399.0	1731.0	4139.0	69809.0	68825.0	16901.0	15477.0	23.5	31.0	37.8	43.5
2007-01-16	95910.0	3483.0	3924.0	73588.0	75830.0	13688.0	11005.0	22.7	31.5	37.0	45.0
2007-01-23	99264.0	1867.0	4669.0	79446.0	78614.0	13041.0	11071.0	23.3	33.3	38.0	46.1
2007-01-30	107600.0	6018.0	3924.0	84382.0	90723.0	13302.0	9055.0	21.5	33.7	36.6	47.0
2007-02-06	106225.0	7345.0	6908.0	82452.0	86703.0	13174.0	9360.0	24.7	32.2	40.3	45.9
2007-02-13	108943.0	7497.0	7702.0	86359.0	86346.0	11499.0	11307.0	24.4	30.3	38.5	42.8
2007-02-20	112010.0	9959.0	7702.0	88575.0	92642.0	10668.0	8858.0	25.4	30.7	41.1	43.3
2007-02-27	112865.0	9304.0	7094.0	90161.0	93848.0	9816.0	8339.0	24.7	31.9	40.1	43.8
2007-03-06	110625.0	4661.0	8254.0	92095.0	86681.0	8991.0	10812.0	31.7	31.9	46.0	48.2
2007-03-13	114955.0	5998.0	7414.0	94651.0	89678.0	9021.0	12578.0	30.3	30.9	45.4	46.6
2007-03-20	117246.0	3818.0	7234.0	97916.0	90867.0	9016.0	12649.0	32.2	30.3	46.3	45.6
2007-03-27	120563.0	2831.0	9428.0	100554.0	90450.0	9281.0	12788.0	31.6	28.3	47.0	43.5
2007-04-03	114136.0	6936.0	9998.0	91801.0	81338.0	9055.0	16456.0	33.6	28.6	51.7	43.3
2007-04-10	116588.0	6922.0	11398.0	94067.0	80577.0	9396.0	18410.0	35.3	27.4	52.7	43.0
2007-04-17	116639.0	5223.0	11035.0	94485.0	79166.0	9857.0	19364.0	35.7	28.2	51.5	43.3
2007-04-24	123229.0	8231.0	13299.0	99155.0	87273.0	10047.0	16861.0	35.8	27.0	52.7	41.9
2007-05-01	122540.0	5468.0	13389.0	101180.0	88254.0	9566.0	14571.0	35.6	26.1	50.5	41.3
2007-05-08	118175.0	1134.0	15953.0	100551.0	80172.0	9604.0	15164.0	40.5	25.4	54.5	38.8
2007-05-15	118505.0	2172.0	15885.0	100361.0	80264.0	8903.0	15287.0	38.2	25.1	53.1	38.1
2007-05-22	117392.0	928.0	16703.0	99971.0	79415.0	9333.0	14114.0	38.7	26.2	53.5	39.5
2007-05-29	122558.0	6942.0	16703.0	101365.0	85362.0	9023.0	15265.0	38.0	27.3	55.0	40.5
2007-06-05	114897.0	5658.0	12419.0	93877.0	82148.0	10314.0	15282.0	38.6	26.8	54.7	44.1
2007-06-12	116588.0	5361.0	10752.0	96051.0	87080.0	10011.0	13591.0	36.0	26.2	52.0	44.5
2007-06-19	118576.0	2567.0	10234.0	100747.0	89382.0	8172.0	11870.0	36.4	26.0	50.3	44.1
2007-06-26	120338.0	4452.0	8202.0	100817.0	94730.0	7679.0	10016.0	33.4	27.8	47.2	46.8
2007-07-03	110814.0	5431.0	8803.0	92535.0	84167.0	7341.0	12337.0	33.4	28.3	48.7	47.8
2007-07-10	112093.0	4946.0	9507.0	93297.0	83556.0	7390.0	12570.0	31.9	28.6	47.0	47.6
2007-07-17	113294.0	3510.0	8878.0	96011.0	86812.0	6675.0	10506.0	34.0	28.3	48.7	45.6
2007-07-24	116094.0	5635.0	8506.0	95878.0	88430.0	8328.0	12905.0	31.4	28.8	46.1	46.5
2007-07-31	117250.0	8250.0	8384.0	94968.0	89963.0	8228.0	13099.0	30.9	28.5	47.0	46.0
2007-08-07	109294.0	5733.0	7761.0	88787.0	82394.0	8649.0	13014.0	30.1	28.6	45.7	45.7
2007-08-14	109331.0	7591.0	7761.0	87952.0	84564.0	7969.0	11187.0	28.8	28.5	45.6	46.2
2007-08-21	110351.0	9650.0	8247.0	85688.0	86351.0	10142.0	10882.0	30.4	28.5	49.2	45.8
2007-08-28	113351.0	10789.0	7901.0	87149.0	87356.0	10825.0	13506.0	29.5	28.3	49.0	46.7
2007-09-04	114685.0	10361.0	7961.0	88498.0	87844.0	11237.0	14291.0	30.8	28.2	50.5	46.2
2007-09-11	110189.0	7864.0	6604.0	85904.0	84024.0	11047.0	14187.0	34.0	28.5	53.9	46.7
2007-09-18	114323.0	6283.0	6755.0	90733.0	88955.0	11553.0	12859.0	34.8	30.3	51.0	48.0
2007-09-25	123539.0	13293.0	7794.0	94563.0	99324.0	10807.0	11545.0	36.0	32.1	53.4	51.3
2007-10-02	117640.0	14116.0	6233.0	86991.0	93727.0	12750.0	13897.0	41.0	33.4	59.4	53.1
2007-10-09	121247.0	11200.0	4210.0	92579.0	98050.0	11537.0	13056.0	37.6	33.4	58.2	51.0
2007-10-16	122189.0	12358.0	3298.0	91111.0	99218.0	12805.0	13758.0	36.2	33.2	57.3	50.1
2007-10-23	126447.0	12270.0	2709.0	94751.0	102751.0	11643.0	13204.0	34.3	30.1	55.8	46.7
2007-10-30	126612.0	8826.0	2555.0	98493.0	102567.0	11185.0	13382.0	33.8	29.7	53.9	46.6
2007-11-06	115874.0	11030.0	981.0	90198.0	98730.0	10607.0	12124.0	36.1	31.0	57.4	46.6
2007-11-13	116537.0	11313.0	795.0	90339.0	98635.0	10973.0	13195.0	37.1	31.0	58.2	46.4
2007-11-20	121177.0	9418.0	461.0	96111.0	103522.0	9420.0	10966.0	35.8	29.1	56.4	44.9
2007-11-27	120490.0	10760.0	0.0	94930.0	103884.0	9523.0	11329.0	36.5	29.3	56.4	45.3
2007-12-04	114292.0	15159.0	0.0	86158.0	98761.0	9341.0	11897.0	39.8	29.1	58.5	45.4
2007-12-11	115126.0	11710.0	0.0	87440.0	100331.0	9529.0	8348.0	36.9	25.6	55.5	43.3
2007-12-18	118913.0	9882.0	0.0	94205.0	103482.0	7503.0	8108.0	36.8	26.0	54.9	44.0
2007-12-24	119168.0	9670.0	0.0	95544.0	104070.0	6475.0	7619.0	37.8	26.2	56.1	44.5
2007-12-31	120814.0	8686.0	0.0	98638.0	105196.0	5700.0	7828.0	38.7	25.9	55.8	43.3
2008-01-08	117196.0	6408.0	364.0	92958.0	97615.0	9957.0	11344.0	36.1	26.8	52.8	42.8
2008-01-15	121665.0	13499.0	0.0	92869.0	105332.0	8028.0	9064.0	35.4	27.0	53.5	43.8
2008-01-22	120489.0	13723.0	0.0	92708.0	105326.0	7715.0	8820.0	33.9	27.0	52.1	44.3
2008-01-29	128918.0	19393.0	0.0	96152.0	112984.0	6348.0	8909.0	32.6	30.7	49.8	46.7
2008-02-05	119004.0	21227.0	0.0	86260.0	105058.0	6735.0	9164.0	36.0	32.1	50.5	48.4
2008-02-12	117779.0	18087.0	0.0	86175.0	103458.0	8072.0	8876.0	34.8	32.2	48.8	48.6
2008-02-19	121504.0	18029.0	1712.0	88549.0	104939.0	8738.0	8665.0	33.8	31.5	49.2	47.5
2008-02-26	124948.0	19028.0	1803.0	90697.0	106065.0	7287.0	9144.0	32.0	30.8	46.0	46.3
2008-03-04	118335.0	23011.0	1103.0	83926.0	103748.0	6361.0	8447.0	36.6	34.6	50.2	50.3
2008-03-11	123750.0	24725.0	1531.0	87520.0	109970.0	7211.0	7955.0	36.1	34.2	50.1	50.4
2008-03-18	127967.0	28635.0	2135.0	88790.0	115406.0	6682.0	6566.0	35.9	34.7	50.6	50.1
2008-03-25	128038.0	27006.0	2164.0	90202.0	115394.0	6601.0	6251.0	34.9	33.9	50.0	49.4
2008-04-01	131180.0	30101.0	1760.0	90812.0	119232.0	6667.0	6588.0	35.7	36.1	50.7	51.7
2008-04-08	121257.0	29276.0	825.0	83640.0	110635.0	5990.0	7446.0	35.2	35.6	49.9	50.6
2008-04-15	124616.0	29894.0	795.0	85453.0	114118.0	6678.0	7112.0	34.7	34.3	48.2	50.0
2008-04-22	123442.0	21829.0	733.0	92472.0	113346.0	6704.0	6926.0	29.5	35.2	45.9	50.9
2008-04-29	123316.0	19644.0	794.0	93959.0	112330.0	6704.0	7183.0	27.7	34.9	44.4	51.0
2008-05-06	112191.0	16637.0	668.0	87343.0	101307.0	5099.0	7104.0	27.8	32.4	44.6	48.0
2008-05-13	110872.0	11898.0	428.0	89367.0	99470.0	5409.0	6776.0	24.9	32.7	41.9	47.9
2008-05-20	116092.0	13880.0	518.0	92273.0	103576.0	5551.0	7610.0	26.8	32.2	43.2	46.5
2008-05-27	117636.0	13848.0	758.0	94000.0	104232.0	5025.0	7883.0	27.1	31.6	44.0	45.4
2008-06-03	107435.0	12600.0	458.0	86364.0	97058.0	5029.0	6477.0	28.6	31.3	45.5	44.9
2008-06-10	106274.0	11741.0	0.0	84453.0	94988.0	5394.0	6600.0	26.9	30.7	44.4	44.3
2008-06-17	107285.0	7564.0	0.0	84904.0	93925.0	8137.0	6680.0	26.4	30.1	42.8	43.4
2008-06-24	105675.0	6187.0	0.0	83583.0	92118.0	9050.0	6702.0	25.0	29.4	41.6	42.8
2008-07-01	107147.0	4469.0	1056.0	88410.0	91391.0	6119.0	6551.0	26.0	26.7	42.5	41.9
2008-07-08	96929.0	4531.0	278.0	79658.0	84326.0	6352.0	5937.0	27.4	27.7	43.6	42.6
2008-07-15	96466.0	1620.0	3045.0	82431.0	82392.0	5455.0	4069.0	30.0	24.1	46.4	38.9
2008-07-22	98208.0	2918.0	6376.0	83798.0	80972.0	6172.0	5540.0	29.1	22.6	45.0	38.7
2008-07-29	99876.0	2039.0	9650.0	85478.0	78867.0	6275.0	5275.0	30.1	24.9	45.6	41.3
2008-08-05	89361.0	2217.0	9897.0	76910.0	70160.0	5789.0	4859.0	31.7	25.2	46.2	39.9
2008-08-12	89183.0	2217.0	3760.0	74422.0	72741.0	5992.0	6130.0	30.2	19.9	44.4	33.5
2008-08-19	91645.0	1372.0	7348.0	77908.0	72958.0	6220.0	5194.0	32.4	20.1	46.2	34.4
2008-08-26	96743.0	1492.0	4328.0	80431.0	80014.0	7608.0	5189.0	33.1	20.2	47.7	33.9
2008-09-02	97336.0	1554.0	4281.0	81746.0	80234.0	7234.0	6019.0	33.7	20.9	48.0	33.7
2008-09-09	89266.0	5196.0	5250.0	72057.0	74008.0	6956.0	4951.0	34.4	22.6	48.8	36.2
2008-09-16	91794.0	3545.0	4305.0	74902.0	75969.0	6750.0	4923.0	36.2	21.5	49.2	35.2
2008-09-23	91293.0	2124.0	4480.0	76204.0	74089.0	5496.0	5255.0	37.5	21.3	52.0	34.6
2008-09-30	90427.0	2384.0	4413.0	75799.0	73171.0	4617.0	5216.0	37.8	21.4	52.4	35.2
2008-10-07	81217.0	3217.0	4624.0	64634.0	60574.0	7509.0	10162.0	37.7	23.8	51.0	38.9
2008-10-14	83058.0	1482.0	5770.0	66789.0	60204.0	7547.0	9844.0	38.1	24.1	50.8	38.6
2008-10-21	90056.0	1602.0	7442.0	71947.0	64308.0	9109.0	10908.0	35.9	23.9	52.6	38.9
2008-10-28	92969.0	3368.0	6157.0	74614.0	67443.0	7416.0	11798.0	34.9	23.7	50.4	38.5
2008-11-04	86684.0	2903.0	5474.0	67284.0	62290.0	8831.0	11254.0	34.6	24.1	49.8	39.0
2008-11-11	87358.0	1281.0	4709.0	67978.0	62861.0	9897.0	11586.0	34.9	24.1	49.7	39.0
2008-11-18	91715.0	1931.0	5572.0	72178.0	66899.0	9683.0	11321.0	36.7	21.3	50.8	35.5
2008-11-25	92135.0	2577.0	4464.0	72939.0	67184.0	9616.0	13484.0	35.4	18.5	49.4	32.3
2008-12-02	85567.0	1860.0	3381.0	67324.0	63400.0	9872.0	12275.0	36.4	18.6	51.3	32.2
2008-12-09	87613.0	2514.0	4296.0	68550.0	64903.0	10102.0	11967.0	34.2	19.1	49.7	31.8
2008-12-16	91164.0	4559.0	2495.0	69625.0	69744.0	9718.0	11663.0	32.6	20.6	48.5	32.4
2008-12-22	89548.0	6469.0	2218.0	67628.0	69400.0	9645.0	12124.0	28.6	19.2	45.9	31.3
2008-12-30	91145.0	5459.0	2525.0	69628.0	70311.0	9581.0	11832.0	29.6	19.0	46.1	31.3
2009-01-06	84110.0	6582.0	2217.0	63312.0	65382.0	9271.0	11566.0	31.3	21.8	48.3	34.2
2009-01-13	84320.0	6414.0	2621.0	63244.0	65496.0	9903.0	11444.0	29.9	21.9	46.8	34.1
2009-01-20	87375.0	3865.0	2305.0	69367.0	67239.0	7121.0	10809.0	25.2	22.1	41.1	33.0
2009-01-27	91616.0	6546.0	2879.0	71773.0	71129.0	7011.0	11322.0	24.7	25.5	39.4	36.9
2009-02-03	88674.0	10065.0	2026.0	65348.0	70999.0	7986.0	10374.0	25.6	29.1	41.0	42.3
2009-02-10	90602.0	6544.0	2026.0	70184.0	70890.0	6716.0	10528.0	27.8	29.1	42.7	42.0
2009-02-17	92030.0	3964.0	4915.0	76395.0	72465.0	5128.0	8107.0	29.0	25.2	44.4	38.4
2009-02-24	96065.0	6155.0	11038.0	80675.0	72389.0	5227.0	8630.0	32.3	29.2	47.1	43.6
2009-03-03	90371.0	4612.0	7122.0	75379.0	70261.0	5362.0	7970.0	32.0	26.6	47.6	42.4
2009-03-10	94193.0	4304.0	7881.0	76952.0	71257.0	6523.0	8641.0	29.1	26.5	44.7	42.7
2009-03-17	97604.0	4728.0	9192.0	80481.0	72953.0	7022.0	10086.0	30.6	27.5	45.2	42.7
2009-03-24	99487.0	4514.0	8294.0	81089.0	72340.0	7715.0	12684.0	30.0	26.9	44.3	42.4
2009-03-31	99070.0	5039.0	5638.0	80751.0	75699.0	6590.0	11043.0	28.2	29.0	42.0	42.9
2009-04-07	94688.0	5160.0	7336.0	76096.0	69389.0	7946.0	12477.0	28.7	29.6	44.7	45.4
2009-04-14	100304.0	4424.0	8588.0	81773.0	73327.0	8408.0	12690.0	29.6	32.1	47.5	49.6
2009-04-21	102639.0	4065.0	9117.0	85758.0	76720.0	6987.0	10973.0	29.9	33.0	47.7	50.2
2009-04-28	103894.0	3399.0	7996.0	88139.0	79657.0	6457.0	10342.0	29.5	32.0	46.4	48.7
2009-05-05	97640.0	1824.0	6044.0	81226.0	74016.0	7274.0	10264.0	28.7	32.7	45.2	47.9
2009-05-12	99321.0	1432.0	6556.0	82866.0	76788.0	8370.0	9324.0	28.5	32.6	44.7	47.9
2009-05-19	101728.0	1347.0	5480.0	84948.0	79819.0	8328.0	9324.0	28.1	33.9	44.5	48.9
2009-05-26	106210.0	1347.0	5365.0	90314.0	84436.0	7538.0	9398.0	26.7	35.2	44.7	49.2
2009-06-02	99691.0	2139.0	3258.0	82805.0	81319.0	7605.0	7972.0	31.2	36.7	46.0	50.8
2009-06-09	100366.0	1727.0	2266.0	83421.0	82649.0	7379.0	7612.0	29.7	36.5	44.8	50.2
2009-06-16	99180.0	3007.0	1334.0	81465.0	82657.0	7288.0	7769.0	29.1	36.9	42.3	50.5
2009-06-23	100674.0	2364.0	730.0	83397.0	84740.0	7465.0	7756.0	30.8	36.3	44.5	50.3
2009-06-30	100849.0	3389.0	1090.0	83810.0	84252.0	6079.0	7936.0	33.4	36.3	47.0	50.6
2009-07-07	94157.0	3449.0	1158.0	77520.0	79027.0	6248.0	7032.0	35.7	38.0	48.9	52.2
2009-07-14	94572.0	4595.0	342.0	76985.0	80474.0	6268.0	7032.0	35.4	39.3	48.6	54.1
2009-07-21	95474.0	5521.0	342.0	76651.0	82283.0	7013.0	6560.0	34.9	39.0	46.6	53.7
2009-07-28	98548.0	8775.0	342.0	76587.0	85597.0	7075.0	6498.0	32.5	41.5	45.6	56.0
2009-08-04	92242.0	5943.0	259.0	73085.0	80812.0	7312.0	5269.0	34.3	43.8	45.5	57.9
2009-08-11	92891.0	4728.0	959.0	74806.0	81378.0	8222.0	5419.0	33.0	43.5	46.8	57.3
2009-08-18	94056.0	4987.0	1573.0	75121.0	82076.0	8960.0	5419.0	32.9	43.4	47.4	57.1
2009-08-25	98462.0	5591.0	2477.0	82379.0	86116.0	5917.0	5294.0	32.4	41.6	47.5	57.1
2009-09-01	101275.0	5107.0	5978.0	85913.0	85664.0	5917.0	5295.0	34.9	40.5	49.3	58.4
2009-09-08	97424.0	2475.0	5295.0	83317.0	82916.0	7000.0	4581.0	39.0	41.5	53.0	58.7
2009-09-15	97627.0	2597.0	5047.0	80619.0	82932.0	9468.0	4705.0	39.5	41.2	52.2	58.0
2009-09-22	100311.0	2351.0	6786.0	83773.0	83919.0	9293.0	4712.0	40.6	39.5	52.8	55.9
2009-09-29	102721.0	2049.0	2045.0	84825.0	89637.0	8966.0	4158.0	39.7	38.0	51.3	54.3
2009-10-06	95893.0	3025.0	2797.0	76201.0	83695.0	11875.0	4609.0	41.3	39.7	51.9	55.9
2009-10-13	97708.0	2270.0	3266.0	78478.0	84748.0	11875.0	4609.0	42.9	39.0	53.2	55.9
2009-10-20	96399.0	1684.0	4531.0	77957.0	82118.0	12680.0	5672.0	45.1	39.5	55.0	56.9
2009-10-27	96748.0	3129.0	3552.0	77620.0	83683.0	12696.0	6210.0	38.0	39.6	53.0	57.2
2009-11-03	91310.0	3606.0	3977.0	71637.0	77167.0	12535.0	6634.0	35.9	41.4	53.5	59.3
2009-11-09	94605.0	5984.0	5589.0	72248.0	77836.0	11565.0	6372.0	35.6	41.5	54.8	60.3
2009-11-17	97420.0	6292.0	6409.0	75128.0	80969.0	11382.0	5424.0	37.9	42.1	55.6	60.5
2009-11-24	98916.0	8451.0	5132.0	74933.0	83176.0	11656.0	6732.0	35.2	43.7	53.8	60.5
2009-12-01	99985.0	7595.0	5132.0	75477.0	83720.0	12512.0	6732.0	34.4	43.2	52.5	59.8
2009-12-08	97210.0	12526.0	2758.0	68592.0	84858.0	12909.0	6411.0	29.7	43.9	50.0	58.0
2009-12-15	98175.0	11624.0	2342.0	71131.0	84218.0	11630.0	7825.0	30.3	43.5	49.6	57.0
2009-12-22	98623.0	11972.0	2770.0	70884.0	83919.0	11568.0	7735.0	30.3	43.3	49.2	57.3
2009-12-29	99885.0	10955.0	2598.0	72289.0	84167.0	11492.0	7971.0	29.0	42.7	47.9	57.1
2010-01-05	92601.0	10401.0	2543.0	66688.0	78832.0	11708.0	7422.0	30.9	44.9	50.0	59.5
2010-01-12	92477.0	10477.0	2419.0	66432.0	78772.0	11764.0	7482.0	31.4	45.0	50.6	59.5
2010-01-19	92300.0	9707.0	2419.0	67345.0	79634.0	11413.0	6412.0	31.7	45.0	50.1	59.6
2010-01-26	92380.0	8963.0	2419.0	67914.0	79631.0	11477.0	6304.0	32.3	45.0	51.9	59.6
2010-02-02	87622.0	8811.0	2759.0	63082.0	74972.0	12576.0	6738.0	33.5	46.2	52.3	62.1
2010-02-09	86858.0	7396.0	2759.0	63457.0	73960.0	12604.0	6738.0	33.4	46.6	52.1	62.0
2010-02-16	87278.0	6782.0	1903.0	64168.0	74965.0	12604.0	6686.0	33.2	46.4	51.3	60.7
2010-02-23	88005.0	6488.0	1903.0	64506.0	75113.0	12753.0	6731.0	32.5	46.1	50.4	60.3
2010-03-02	82460.0	6572.0	2158.0	58592.0	68116.0	13710.0	8600.0	34.9	48.6	52.7	64.0
2010-03-09	82424.0	5999.0	2158.0	58907.0	67792.0	13730.0	8686.0	34.9	48.6	52.4	64.0
2010-03-16	83750.0	5237.0	2158.0	58824.0	68500.0	15946.0	9349.0	34.0	47.8	51.0	63.5
2010-03-23	84067.0	5195.0	2158.0	58453.0	68722.0	16618.0	9386.0	33.8	47.6	50.6	63.3
2010-03-30	86625.0	2507.0	2158.0	62422.0	69603.0	16586.0	9754.0	32.6	45.4	51.5	59.8
2010-04-06	82371.0	3842.0	2028.0	58218.0	67229.0	16060.0	8863.0	31.6	45.9	50.2	61.3
2010-04-13	82412.0	3530.0	2028.0	58277.0	67076.0	16060.0	8763.0	31.8	45.9	50.0	60.7
2010-04-20	83374.0	3712.0	2028.0	58833.0	67962.0	16246.0	8801.0	30.3	45.8	49.5	61.3
2010-04-27	83997.0	5014.0	2028.0	58511.0	68942.0	16246.0	8801.0	30.0	45.4	49.4	60.9
2010-05-04	80806.0	5650.0	1866.0	55391.0	67314.0	15847.0	7708.0	29.8	47.0	49.6	62.8
2010-05-11	80682.0	6028.0	1866.0	54843.0	67314.0	16055.0	7746.0	29.8	47.0	49.5	62.9
2010-05-18	81649.0	6890.0	1866.0	55656.0	68689.0	15331.0	7322.0	29.8	46.5	48.7	62.9
2010-05-25	81947.0	6291.0	1866.0	55926.0	68536.0	15424.0	7239.0	29.5	46.3	47.5	62.9
2010-06-01	82102.0	6382.0	1866.0	56540.0	70023.0	14810.0	5843.0	29.5	46.2	47.5	62.8
2010-06-08	77807.0	4853.0	2100.0	55820.0	64731.0	12913.0	6755.0	31.3	47.1	48.3	62.8
2010-06-15	78365.0	5101.0	1496.0	55242.0	65951.0	13859.0	6755.0	30.9	46.7	48.2	63.5
2010-06-22	78798.0	4282.0	1496.0	56117.0	65985.0	13899.0	6817.0	30.8	46.5	48.7	63.2
2010-06-29	78927.0	4277.0	1496.0	56409.0	66031.0	13760.0	6919.0	30.7	46.4	48.8	63.5
2010-07-06	74953.0	6396.0	1458.0	54123.0	64771.0	11309.0	5599.0	32.4	50.8	51.0	67.4
2010-07-13	75724.0	6830.0	1458.0	54454.0	65540.0	11309.0	5595.0	31.7	50.8	50.1	67.4
2010-07-20	75119.0	6984.0	1458.0	53962.0	64988.0	11309.0	5809.0	32.0	51.2	50.4	68.4
2010-07-27	75835.0	6351.0	1458.0	55374.0	66541.0	10809.0	4535.0	31.7	50.8	49.0	67.7
2010-08-03	69415.0	2440.0	2248.0	53422.0	59082.0	9704.0	4236.0	35.1	52.4	52.5	68.1
2010-08-10	71273.0	2622.0	2120.0	54797.0	61277.0	10236.0	4258.0	35.4	54.0	52.5	70.3
2010-08-17	73194.0	1562.0	2072.0	55984.0	62244.0	12095.0	5325.0	35.4	52.7	53.4	68.6
2010-08-24	75196.0	1900.0	1360.0	56526.0	64124.0	11562.0	4504.0	35.0	53.3	52.9	68.7
2010-08-31	75203.0	3961.0	1360.0	55098.0	64450.0	11321.0	4570.0	33.6	53.2	50.3	68.7
2010-09-07	71048.0	3941.0	1320.0	52539.0	61748.0	10310.0	3722.0	36.9	55.4	54.9	72.3
2010-09-14	71990.0	3431.0	1320.0	53571.0	62290.0	10330.0	3722.0	37.3	55.7	53.9	70.4
2010-09-21	71735.0	5369.0	1320.0	51929.0	62596.0	10371.0	3753.0	37.5	55.9	54.1	70.3
2010-09-28	73764.0	5062.0	2149.0	53714.0	63757.0	10409.0	3279.0	36.9	56.5	53.7	70.1
2010-10-05	67182.0	3757.0	0.0	48657.0	59621.0	11431.0	4224.0	38.8	61.3	55.3	75.2
2010-10-12	68158.0	4989.0	0.0	48537.0	59581.0	11431.0	5376.0	38.2	60.4	54.5	74.1
2010-10-19	68890.0	4357.0	0.0	49167.0	59693.0	11635.0	5466.0	37.9	59.8	54.0	73.3
2010-10-26	69299.0	4661.0	0.0	49163.0	59761.0	11739.0	5802.0	37.6	59.5	53.9	72.9
2010-11-02	65289.0	3785.0	0.0	46056.0	55319.0	11780.0	6302.0	37.5	61.1	56.0	72.8
2010-11-09	66257.0	4267.0	1338.0	46912.0	55319.0	11780.0	6302.0	38.3	60.2	57.8	72.4
2010-11-16	67237.0	3913.0	1859.0	47728.0	55781.0	11780.0	5781.0	38.3	59.3	57.1	71.4
2010-11-23	67252.0	3525.0	1859.0	47728.0	55353.0	11794.0	5835.0	38.3	59.3	56.5	71.3
2010-11-30	68025.0	3479.0	1859.0	48528.0	56215.0	11813.0	5746.0	37.9	58.6	55.8	70.5
2010-12-07	62672.0	3599.0	1280.0	44395.0	50921.0	11445.0	7238.0	40.0	66.1	60.4	72.0
2010-12-14	63307.0	2315.0	1280.0	45809.0	51039.0	11433.0	7238.0	39.6	65.5	57.8	70.7
2010-12-21	63346.0	2399.0	1280.0	45809.0	51039.0	11450.0	7339.0	39.5	65.4	57.9	70.7
2010-12-28	63346.0	2399.0	1280.0	45809.0	51039.0	11450.0	7339.0	39.5	65.4	57.9	70.7
2011-01-25	60427.0	90.0	1030.0	43460.0	47969.0	12653.0	7204.0	40.6	65.6	57.1	69.2
2011-02-01	60489.0	152.0	1030.0	43460.0	47969.0	12653.0	7266.0	40.5	65.5	57.0	69.1
2011-02-22	58897.0	3961.0	890.0	39610.0	48762.0	12294.0	6213.0	40.8	64.9	58.8	71.4
2011-03-01	59170.0	4533.0	890.0	39182.0	49162.0	12589.0	6252.0	40.8	64.6	58.8	71.6
2012-02-28	62040.0	427.0	14879.0	54214.0	39287.0	6323.0	6798.0	73.0	46.6	83.6	71.0
2012-03-06	59108.0	621.0	14218.0	51717.0	37529.0	5888.0	6479.0	74.4	46.4	84.7	72.0
2012-03-13	59108.0	621.0	14218.0	51717.0	37529.0	5888.0	6479.0	74.4	46.4	84.7	72.0
2012-03-20	59108.0	621.0	14218.0	51717.0	37529.0	5888.0	6479.0	74.4	46.4	84.7	72.0
2012-03-27	59198.0	621.0	14368.0	51987.0	37529.0	5768.0	6479.0	74.3	46.4	84.5	71.9
2012-04-03	52760.0	623.0	11822.0	46089.0	33829.0	5168.0	6229.0	73.6	46.3	84.4	71.4
2012-04-10	53008.0	623.0	12287.0	46337.0	33612.0	5168.0	6229.0	73.7	46.1	84.5	67.8
2012-04-17	53008.0	623.0	12287.0	46337.0	33612.0	5168.0	6229.0	73.7	46.1	84.5	70.6
2012-04-24	52716.0	623.0	12287.0	46337.0	33612.0	5168.0	6229.0	74.1	46.3	84.9	71.0
2012-05-01	52716.0	623.0	12287.0	46337.0	33364.0	5168.0	6477.0	74.1	46.3	84.9	71.0
2012-05-08	45837.0	625.0	9867.0	40685.0	29411.0	3941.0	5973.0	73.0	46.5	85.1	69.0
2012-05-15	45837.0	625.0	9867.0	40685.0	29411.0	3941.0	5973.0	73.0	46.5	85.1	69.0
2012-05-22	44337.0	625.0	8067.0	38885.0	29411.0	3941.0	5973.0	71.4	44.0	83.9	67.3
2012-05-29	44329.0	625.0	8107.0	38885.0	29411.0	3941.0	5933.0	71.4	44.0	83.9	67.3
2012-06-05	39601.0	627.0	7807.0	34937.0	25535.0	3461.0	5683.0	72.0	46.2	84.6	67.5
2012-06-12	39601.0	627.0	7807.0	34937.0	25535.0	3461.0	5683.0	72.0	46.2	84.6	67.5
2012-06-19	39601.0	627.0	7807.0	34937.0	25535.0	3461.0	5683.0	72.0	46.2	84.6	67.5
2012-06-26	39601.0	627.0	7807.0	34913.0	25535.0	3485.0	5683.0	71.9	46.2	84.5	67.5
2012-07-03	33478.0	629.0	6007.0	28997.0	21534.0	3338.0	5423.0	71.5	46.2	84.1	66.7
2012-07-10	33598.0	629.0	5763.0	28997.0	21534.0	3338.0	5667.0	71.2	46.1	83.8	66.4
2012-07-17	33598.0	639.0	5763.0	28997.0	21534.0	3338.0	5677.0	71.2	46.1	83.8	66.4
2012-07-24	33838.0	639.0	5763.0	28997.0	21534.0	3338.0	5677.0	70.7	45.7	83.2	65.9
2012-07-31	34024.0	639.0	5763.0	29183.0	21534.0	3338.0	5863.0	70.9	45.5	83.3	65.6
2012-08-07	28266.0	639.0	3963.0	23735.0	17533.0	3107.0	5985.0	69.2	44.8	81.4	61.7
2012-08-14	28336.0	297.0	3660.0	24209.0	17924.0	2932.0	5854.0	69.0	44.7	80.0	61.5
2012-08-21	28336.0	297.0	3660.0	24209.0	17924.0	2932.0	5854.0	69.0	44.7	80.0	61.5
2012-08-28	28336.0	297.0	3660.0	24209.0	17924.0	2932.0	5854.0	69.0	44.7	80.0	61.5
2012-09-04	28336.0	297.0	3660.0	24209.0	17684.0	2932.0	6094.0	69.0	44.7	80.0	61.5
2012-09-11	22328.0	241.0	1860.0	18805.0	14482.0	2464.0	5168.0	67.8	44.5	78.1	58.3
2012-09-18	22328.0	241.0	1860.0	18805.0	14482.0	2464.0	5168.0	67.8	44.5	78.1	58.3
2012-09-25	22328.0	365.0	1860.0	18805.0	14606.0	2464.0	5168.0	67.8	44.5	78.7	58.5
