2012-04-17	23613.0	0.0	1945.0	16522.0	13203.0	1962.0	3336.0	23.7	20.1	35.8	28.4
2012-04-24	23703.0	0.0	2021.0	16762.0	13617.0	1987.0	3111.0	21.6	21.1	34.4	29.1
2012-06-12	19462.0	0.0	3837.0	14557.0	10030.0	2295.0	2985.0	35.4	26.7	45.0	36.5
2012-06-26	20694.0	80.0	2967.0	15428.0	12223.0	2591.0	2909.0	33.5	21.6	41.4	33.4
2012-08-28	24635.0	5420.0	1200.0	14332.0	16605.0	1333.0	3280.0	42.4	27.1	59.4	42.6
2012-09-04	22495.0	7211.0	1200.0	11805.0	17046.0	1076.0	1846.0	54.8	35.4	64.8	50.8
2012-09-11	23086.0	7137.0	1200.0	12245.0	17337.0	1001.0	1846.0	51.6	34.4	62.7	49.3
2012-09-18	22755.0	7794.0	1200.0	11251.0	17060.0	1127.0	1912.0	56.5	35.0	67.5	50.0
2012-09-25	22978.0	7329.0	1200.0	11664.0	17303.0	1177.0	1667.0	52.6	33.1	64.2	47.9
2012-10-23	21034.0	8848.0	1200.0	9625.0	15847.0	1361.0	2787.0	68.3	39.9	74.4	51.5
2012-10-30	22146.0	9410.0	1200.0	10275.0	16976.0	1411.0	2920.0	68.9	40.7	73.6	52.9
2012-11-06	18974.0	6541.0	800.0	10359.0	14758.0	1282.0	2624.0	58.2	41.0	68.9	54.3
2012-11-13	19540.0	6558.0	800.0	10608.0	14907.0	1282.0	2741.0	56.6	39.9	68.2	52.7
2012-11-20	19956.0	7945.0	800.0	10012.0	15698.0	1282.0	2741.0	64.7	40.6	73.2	54.7
2012-11-27	21344.0	9786.0	800.0	9484.0	16861.0	1282.0	2891.0	68.7	42.8	75.0	55.9
2012-12-04	18113.0	8803.0	400.0	7628.0	14445.0	1190.0	2776.0	68.4	49.9	75.0	61.5
2012-12-11	19257.0	9037.0	400.0	8505.0	16326.0	1499.0	2315.0	69.6	54.2	77.1	66.5
2012-12-18	19240.0	8396.0	400.0	9129.0	16459.0	1499.0	2165.0	66.0	55.3	75.2	67.3
2012-12-24	20819.0	10551.0	400.0	8670.0	17822.0	1382.0	2381.0	73.7	58.8	79.6	69.9
2012-12-31	21431.0	11396.0	400.0	8438.0	18308.0	1381.0	2507.0	74.6	59.0	80.3	69.3
2013-01-29	23461.0	13165.0	0.0	8117.0	20252.0	1777.0	2807.0	70.6	54.6	76.2	66.5
2013-02-05	20870.0	10975.0	0.0	8181.0	18179.0	1312.0	2289.0	69.2	54.1	74.8	65.1
2013-02-19	22404.0	11805.0	0.0	8169.0	19453.0	2028.0	2549.0	69.9	54.1	73.8	64.9
2013-02-26	24146.0	12696.0	0.0	8359.0	20568.0	2476.0	2963.0	70.2	49.5	73.8	63.2
2013-03-12	19533.0	8755.0	0.0	8047.0	16239.0	2191.0	2754.0	64.5	51.6	75.4	68.6
2013-03-19	22134.0	9818.0	0.0	9415.0	18618.0	2136.0	2751.0	63.0	51.0	72.7	66.0
2013-03-26	22788.0	10343.0	0.0	9606.0	19279.0	2074.0	2744.0	64.0	52.2	73.4	67.0
2013-04-23	21382.0	6382.0	0.0	10507.0	15470.0	2296.0	3715.0	46.5	43.8	60.8	56.3
2013-04-30	22019.0	6458.0	0.0	10781.0	15878.0	2433.0	3794.0	44.2	42.3	59.0	54.7
2013-07-23	21478.0	8977.0	0.0	8329.0	16411.0	2468.0	3363.0	59.5	31.5	68.1	45.9
2013-07-30	23146.0	8912.0	0.0	9537.0	17914.0	3113.0	3648.0	62.9	32.3	67.9	46.9
2013-08-06	21742.0	10702.0	0.0	7617.0	17269.0	2956.0	4006.0	71.1	33.0	72.5	48.1
2013-08-13	21838.0	9968.0	0.0	8749.0	17563.0	2410.0	3564.0	67.3	31.5	71.7	45.6
2013-08-20	21938.0	9934.0	0.0	8650.0	17430.0	2410.0	3564.0	67.0	32.1	71.4	45.7
2013-08-27	22235.0	10529.0	0.0	8472.0	17370.0	2385.0	4016.0	65.4	31.9	71.0	45.3
2013-09-03	19925.0	10906.0	0.0	6454.0	15016.0	2098.0	4442.0	69.7	32.2	75.2	47.6
2013-09-10	19638.0	8388.0	0.0	7292.0	14817.0	2923.0	3786.0	60.0	30.4	64.8	45.3
2013-09-17	19501.0	7527.0	0.0	7905.0	15045.0	2935.0	3322.0	55.9	32.4	62.1	45.9
2013-09-24	18917.0	6170.0	0.0	8791.0	14378.0	2795.0	3378.0	56.3	32.2	63.7	46.4
2013-10-01	16790.0	6298.0	0.0	7076.0	12855.0	2555.0	3074.0	58.6	38.7	68.5	57.1
2013-10-08	16790.0	6398.0	0.0	7376.0	12930.0	2230.0	3074.0	59.5	38.9	70.9	56.9
2013-10-15	16955.0	6640.0	0.0	7257.0	13390.0	2347.0	2854.0	61.5	38.8	70.3	56.4
2013-10-22	16799.0	6379.0	259.0	7237.0	13268.0	2547.0	2636.0	60.1	39.2	68.0	55.4
2013-10-29	18178.0	6288.0	1080.0	8965.0	13791.0	2364.0	2746.0	55.1	33.3	63.8	48.8
2013-11-05	16450.0	7349.0	1439.0	7160.0	12106.0	1724.0	2688.0	62.7	37.0	68.8	56.9
2013-11-12	17558.0	7856.0	1439.0	7778.0	13206.0	1849.0	2838.0	66.8	38.4	72.7	57.9
2013-11-19	18464.0	9254.0	1439.0	7041.0	14437.0	2094.0	2513.0	67.3	38.0	72.5	58.6
2013-11-26	18540.0	9156.0	1564.0	6985.0	14389.0	2225.0	2413.0	65.6	38.2	70.6	58.8
2013-12-03	15240.0	7775.0	1194.0	5328.0	11389.0	1819.0	2339.0	67.5	38.6	71.2	59.6
2013-12-10	15905.0	7257.0	1490.0	5949.0	11743.0	2381.0	2354.0	62.3	39.0	66.8	58.8
2013-12-17	16440.0	6233.0	2272.0	7012.0	11273.0	2664.0	2364.0	56.8	39.9	61.4	56.0
2013-12-24	17681.0	6833.0	2572.0	7329.0	11965.0	2864.0	2489.0	58.2	37.9	61.1	53.7
2014-01-28	16481.0	2252.0	3260.0	9794.0	9209.0	2780.0	2357.0	42.8	38.5	50.8	49.3
2014-07-29	14589.0	4540.0	1225.0	6928.0	10279.0	2668.0	2632.0	45.3	48.8	63.8	67.2
2014-08-05	12547.0	3425.0	1024.0	5903.0	8431.0	2845.0	2718.0	44.6	46.4	62.3	64.3
2014-08-12	12753.0	2980.0	1024.0	6262.0	8442.0	2933.0	2709.0	40.4	43.6	57.5	61.2
2014-08-19	13164.0	2800.0	1174.0	6313.0	8268.0	3218.0	2889.0	38.0	43.4	54.9	59.3
2014-08-26	13772.0	3295.0	1124.0	6416.0	9426.0	3279.0	2440.0	37.8	43.1	54.2	60.2
2014-09-02	11151.0	2943.0	971.0	4324.0	7417.0	3227.0	2106.0	40.7	42.9	52.2	61.3
2014-09-09	11687.0	3041.0	821.0	5184.0	7639.0	2715.0	2480.0	41.1	41.7	55.2	58.0
2014-09-23	13841.0	2776.0	1232.0	6058.0	8397.0	3507.0	2712.0	39.3	39.9	50.5	55.9
2014-09-30	14608.0	2680.0	365.0	6388.0	9589.0	3553.0	2667.0	36.9	35.9	48.0	52.4
2014-10-07	14984.0	3994.0	124.0	5732.0	10360.0	3227.0	2469.0	40.9	41.6	53.2	57.8
2014-10-14	16377.0	3407.0	709.0	6028.0	10243.0	4090.0	2573.0	38.4	39.4	52.1	55.4
2014-10-21	16956.0	3383.0	225.0	6151.0	10941.0	4222.0	2590.0	36.2	39.9	49.0	55.1
2014-10-28	18172.0	3533.0	555.0	7029.0	11672.0	4387.0	2722.0	35.8	39.3	48.7	53.9
2014-11-11	16214.0	2175.0	1549.0	6839.0	8782.0	3986.0	2669.0	30.8	37.1	45.5	50.1
2014-11-18	17646.0	2206.0	1463.0	7721.0	9975.0	3929.0	2418.0	27.0	33.9	41.6	46.9
2014-11-25	19261.0	3607.0	1652.0	8326.0	10745.0	2907.0	2443.0	27.9	34.8	45.6	46.8
2014-12-02	15819.0	2242.0	2288.0	6773.0	8363.0	3237.0	1601.0	28.8	34.9	38.1	47.1
2014-12-09	16548.0	2402.0	2288.0	7297.0	8938.0	3282.0	1755.0	27.9	33.7	37.6	45.3
2014-12-16	17353.0	2656.0	2878.0	7307.0	9008.0	3753.0	1830.0	27.3	36.3	37.6	47.0
2014-12-23	18918.0	2388.0	4478.0	8828.0	8608.0	3835.0	1965.0	31.8	40.3	42.2	50.1
2014-12-30	18718.0	2188.0	4603.0	8903.0	8241.0	3760.0	2007.0	33.8	40.7	43.6	50.6
2015-01-13	16547.0	1419.0	6941.0	8511.0	5276.0	4353.0	2066.0	35.0	45.8	47.9	57.1
2015-01-20	17359.0	1497.0	5470.0	8591.0	6861.0	4158.0	1915.0	32.6	39.8	43.6	52.1
2015-01-27	19529.0	1804.0	4919.0	8928.0	7973.0	4581.0	2421.0	28.9	32.9	36.7	47.0
2015-02-03	20589.0	1596.0	4213.0	9608.0	8191.0	4372.0	3172.0	24.7	30.2	34.2	40.0
2015-02-10	20007.0	1938.0	2409.0	8373.0	8551.0	4278.0	3629.0	22.9	26.6	32.9	34.9
2015-02-17	20252.0	2610.0	2571.0	9293.0	9888.0	3489.0	2933.0	23.4	25.5	34.1	37.9
2015-02-24	21479.0	2693.0	2916.0	8712.0	10177.0	4993.0	3305.0	25.7	22.6	37.9	37.5
2015-03-03	21055.0	2186.0	1812.0	9203.0	11092.0	4284.0	2769.0	27.7	22.3	40.1	37.5
2015-03-10	22394.0	3060.0	1902.0	9160.0	11627.0	4211.0	2902.0	27.6	25.0	40.2	38.5
2015-03-17	23792.0	3790.0	2722.0	9431.0	12110.0	4122.0	2511.0	29.6	26.7	41.5	39.8
2015-03-24	24675.0	5570.0	2847.0	8539.0	13458.0	4482.0	2286.0	30.8	30.7	43.2	44.5
2015-03-31	26910.0	6164.0	2797.0	8884.0	14788.0	4853.0	2316.0	28.8	28.7	37.3	41.4
2015-04-07	26027.0	4722.0	2902.0	8201.0	12406.0	5265.0	2880.0	27.1	29.7	35.6	39.5
2015-04-14	26670.0	4891.0	3228.0	9554.0	13956.0	4837.0	2098.0	29.8	29.1	39.2	40.4
2015-04-21	27152.0	5888.0	2943.0	9440.0	14755.0	5178.0	2808.0	33.2	31.3	42.0	43.2
2015-04-28	27543.0	6625.0	2486.0	10655.0	15778.0	3900.0	2916.0	32.9	32.7	44.5	44.7
2015-05-05	23393.0	4662.0	2829.0	9744.0	12638.0	3930.0	2869.0	34.5	30.8	45.8	44.5
2015-05-12	23818.0	4612.0	2704.0	10044.0	12652.0	3980.0	3280.0	34.4	30.2	45.3	43.3
2015-05-19	24274.0	5267.0	2604.0	10338.0	12997.0	3981.0	3985.0	36.1	30.4	47.6	42.8
2015-05-26	24054.0	5722.0	2418.0	10035.0	14423.0	4009.0	2925.0	37.2	31.2	48.9	45.1
2015-06-02	20548.0	4658.0	2771.0	9476.0	12620.0	3420.0	2163.0	40.2	31.9	52.7	49.2
2015-06-09	22666.0	5694.0	2832.0	9776.0	13986.0	3810.0	2462.0	36.6	31.9	49.7	50.6
2015-06-16	23271.0	5987.0	2568.0	10289.0	14800.0	3450.0	2358.0	36.8	31.0	48.6	48.3
2015-06-23	24185.0	5296.0	1679.0	10864.0	15463.0	3258.0	2276.0	32.9	28.1	44.4	47.1
2015-06-30	25190.0	5953.0	1217.0	10877.0	16662.0	3418.0	2369.0	33.4	27.6	44.0	43.8
2015-07-07	23189.0	5546.0	1362.0	9222.0	16043.0	4155.0	1518.0	30.7	25.7	42.9	46.4
2015-07-14	24361.0	5671.0	750.0	9601.0	16650.0	4023.0	1895.0	28.7	24.7	42.7	42.7
2015-07-21	25645.0	6096.0	253.0	9858.0	17562.0	4153.0	2292.0	29.4	24.8	42.8	41.0
2015-07-28	26580.0	5663.0	5.0	10582.0	18276.0	4153.0	2117.0	27.6	24.0	40.0	39.6
2015-08-04	23250.0	4549.0	457.0	9338.0	15675.0	3873.0	1628.0	27.3	21.8	40.6	36.3
2015-08-11	23915.0	4534.0	707.0	10366.0	16110.0	3265.0	1348.0	26.8	21.2	40.5	35.4
2015-08-18	24649.0	5569.0	734.0	10516.0	16967.0	3059.0	1443.0	28.6	23.9	41.7	37.3
2015-08-25	25654.0	5939.0	692.0	10946.0	17892.0	3189.0	1490.0	28.9	25.0	41.4	39.3
2015-09-01	19972.0	3197.0	2392.0	9581.0	12405.0	3389.0	1370.0	27.1	24.2	37.8	40.8
2015-09-08	19792.0	2962.0	1922.0	9576.0	12335.0	3389.0	1670.0	27.2	24.8	38.0	39.3
2015-09-15	19395.0	3152.0	1749.0	9669.0	12066.0	2739.0	1745.0	27.8	25.1	39.6	39.1
2015-09-22	19337.0	3302.0	1749.0	9444.0	12216.0	2756.0	1537.0	27.0	25.1	39.3	40.0
2015-09-29	19332.0	3636.0	832.0	9415.0	13276.0	2756.0	1699.0	23.3	24.9	36.5	38.7
2015-10-06	15750.0	2402.0	1380.0	8084.0	9096.0	3175.0	3185.0	22.0	24.0	34.3	35.5
2015-10-13	15911.0	2414.0	2130.0	9088.0	9346.0	2932.0	2958.0	21.5	26.8	35.0	38.7
2015-10-20	16917.0	2189.0	3096.0	10295.0	9487.0	2857.0	2758.0	22.1	29.3	35.1	40.5
2015-10-27	18142.0	1763.0	3602.0	11387.0	9522.0	2832.0	2858.0	20.3	30.4	32.5	38.3
2015-11-03	16938.0	1612.0	3675.0	11035.0	8807.0	2100.0	2265.0	23.2	34.2	37.6	42.9
2015-11-10	18708.0	1117.0	4048.0	11994.0	9816.0	2632.0	1879.0	20.5	33.3	33.1	41.8
2015-11-17	19683.0	945.0	4832.0	12919.0	9990.0	2832.0	1874.0	20.1	35.6	32.0	43.6
2015-11-24	21154.0	791.0	4734.0	14083.0	11011.0	3002.0	2131.0	21.2	35.6	32.7	44.3
2015-12-01	18914.0	1054.0	4949.0	13084.0	9503.0	2906.0	2592.0	23.5	41.4	35.7	48.9
2015-12-08	19589.0	1054.0	5564.0	13534.0	9503.0	3131.0	2652.0	25.0	40.4	36.8	49.3
2015-12-15	21546.0	1729.0	7069.0	15364.0	10671.0	2206.0	1559.0	26.5	40.1	39.2	50.9
2015-12-22	21861.0	1801.0	7044.0	15407.0	10337.0	2386.0	2213.0	29.5	39.8	43.4	50.9
2015-12-29	22263.0	1981.0	6801.0	15704.0	11135.0	2311.0	2060.0	28.1	37.9	42.4	49.0
2016-01-05	18214.0	1631.0	5510.0	10491.0	7923.0	3618.0	2307.0	27.2	39.4	40.5	48.1
2016-01-12	19090.0	639.0	5842.0	11849.0	7960.0	3578.0	2264.0	27.7	38.7	39.0	47.0
2016-01-19	19888.0	593.0	6419.0	12514.0	7885.0	3636.0	2439.0	27.4	39.2	39.6	45.3
2016-01-26	21693.0	1148.0	7869.0	13549.0	8205.0	3821.0	2444.0	25.9	41.5	39.1	47.3
2016-02-02	20312.0	2538.0	8126.0	11591.0	7355.0	3519.0	2167.0	31.0	43.3	46.6	57.7
2016-02-09	22102.0	2878.0	8281.0	12451.0	8665.0	3784.0	2167.0	29.2	41.4	43.1	54.0
2016-02-16	22349.0	2838.0	8650.0	12724.0	8837.0	3826.0	1901.0	28.5	40.5	42.5	54.1
2016-02-23	22214.0	2478.0	8593.0	12925.0	8717.0	3850.0	1943.0	26.9	39.6	41.1	53.3
2016-03-15	19481.0	2621.0	6850.0	10481.0	7277.0	4212.0	3187.0	30.4	41.5	45.3	55.0
2016-05-31	19054.0	1152.0	4798.0	10909.0	8699.0	5527.0	4091.0	39.0	43.1	48.4	55.9
2016-10-04	18745.0	1780.0	5034.0	10686.0	9879.0	5533.0	3086.0	49.9	51.5	55.7	70.0
2016-10-11	20246.0	2317.0	4794.0	12357.0	11932.0	5211.0	3159.0	54.0	53.7	60.2	72.4
2016-10-18	22372.0	2870.0	4494.0	13950.0	14172.0	5212.0	3366.0	55.4	50.0	61.7	69.8
2016-10-25	23856.0	3351.0	4825.0	15121.0	15618.0	4943.0	2972.0	56.0	48.7	61.9	70.3
2016-11-01	19403.0	2799.0	4273.0	10952.0	10826.0	5235.0	3887.0	52.6	44.6	58.1	63.7
2016-11-08	20684.0	2793.0	4419.0	12165.0	12335.0	5248.0	3452.0	54.0	44.9	59.5	66.8
2016-11-15	20391.0	2508.0	4504.0	12443.0	12003.0	5068.0	3512.0	50.6	44.7	56.4	62.7
2016-11-22	21830.0	2734.0	4434.0	13252.0	13227.0	5270.0	3595.0	45.7	40.9	52.2	61.0
2016-11-29	22991.0	2864.0	4809.0	15900.0	13802.0	3603.0	3756.0	49.8	44.3	59.8	63.4
2016-12-06	16941.0	3058.0	3862.0	8487.0	8625.0	4281.0	3339.0	44.2	44.5	56.1	63.8
2016-12-13	17918.0	2213.0	4358.0	9081.0	8693.0	5239.0	3482.0	44.7	41.8	54.6	61.6
2016-12-20	19644.0	3313.0	4031.0	9158.0	9608.0	5485.0	4317.0	41.3	40.8	54.0	59.8
2016-12-27	20515.0	3313.0	3871.0	9882.0	11191.0	5557.0	3690.0	41.7	41.3	53.9	60.5
