2012-05-15	153904.0	0.0	3128.0	153904.0	150776.0	0.0	0.0	66.5	50.9	84.3	73.9
2012-05-22	153904.0	0.0	3128.0	153904.0	150776.0	0.0	0.0	66.5	50.9	84.3	73.9
2012-05-29	158584.0	0.0	7808.0	158584.0	150776.0	0.0	0.0	64.5	49.4	81.8	71.6
2012-06-05	147216.0	0.0	7416.0	147216.0	139800.0	0.0	0.0	63.6	51.3	80.4	72.9
2012-06-12	151880.0	0.0	7416.0	151880.0	144464.0	0.0	0.0	61.7	50.4	81.0	73.7
2012-06-19	151880.0	0.0	7416.0	151880.0	144464.0	0.0	0.0	61.7	50.4	81.0	73.7
2012-06-26	151880.0	0.0	7416.0	151880.0	144464.0	0.0	0.0	61.7	50.4	81.0	73.7
2012-07-03	140744.0	0.0	7032.0	140744.0	133712.0	0.0	0.0	60.6	53.3	80.8	75.2
2012-07-10	140744.0	0.0	7032.0	140744.0	133712.0	0.0	0.0	60.6	53.3	80.8	75.2
2012-07-17	140744.0	0.0	7032.0	140744.0	133712.0	0.0	0.0	60.6	53.3	80.8	75.2
2012-07-24	140744.0	0.0	7032.0	140744.0	133712.0	0.0	0.0	60.6	53.3	80.8	75.2
2012-07-31	140744.0	0.0	7032.0	140744.0	133712.0	0.0	0.0	60.6	53.3	80.8	75.2
2012-08-07	128096.0	0.0	5808.0	128096.0	122288.0	0.0	0.0	59.5	57.3	81.8	76.9
2012-08-14	137456.0	0.0	5808.0	137456.0	131648.0	0.0	0.0	62.3	60.2	83.1	78.5
2012-08-21	137456.0	0.0	5808.0	137456.0	131648.0	0.0	0.0	62.3	60.2	83.1	78.5
2012-08-28	137456.0	0.0	5808.0	137456.0	131648.0	0.0	0.0	62.3	60.2	83.1	78.5
2012-10-23	121722.0	0.0	4680.0	121722.0	117042.0	0.0	0.0	55.3	67.0	84.6	81.6
2012-10-30	168522.0	0.0	4680.0	168522.0	163842.0	0.0	0.0	41.8	50.9	67.8	65.6
2012-11-06	157994.0	0.0	4680.0	157994.0	153314.0	0.0	0.0	46.2	53.8	68.7	68.1
2012-11-13	186074.0	0.0	4680.0	186074.0	181394.0	0.0	0.0	45.2	55.6	68.7	72.5
2012-11-20	195434.0	0.0	4680.0	195434.0	190754.0	0.0	0.0	43.0	52.9	66.0	69.0
2012-11-27	195434.0	0.0	4680.0	195434.0	190754.0	0.0	0.0	43.0	52.9	66.0	69.0
2012-12-04	201064.0	0.0	4680.0	201064.0	196384.0	0.0	0.0	44.4	56.7	70.0	76.2
2012-12-11	224536.0	0.0	4680.0	224536.0	219856.0	0.0	0.0	43.9	53.2	67.8	75.2
2012-12-18	233896.0	0.0	4680.0	233896.0	229216.0	0.0	0.0	42.2	55.1	68.9	76.9
2012-12-24	237016.0	0.0	7791.0	237016.0	229225.0	0.0	0.0	41.6	49.4	68.0	70.3
2012-12-31	237016.0	0.0	7791.0	237016.0	229225.0	0.0	0.0	41.6	49.4	68.0	70.3
2013-01-08	228600.0	0.0	9551.0	228600.0	219049.0	0.0	0.0	44.6	50.1	72.0	72.3
2013-01-15	228600.0	0.0	9551.0	228600.0	219049.0	0.0	0.0	44.6	50.1	72.0	72.3
2013-01-22	229007.0	0.0	9551.0	229007.0	219456.0	0.0	0.0	44.5	50.9	71.8	73.0
2013-01-29	229007.0	0.0	9551.0	229007.0	219456.0	0.0	0.0	44.5	50.9	71.8	73.0
2013-02-05	217247.0	0.0	9159.0	217247.0	208088.0	0.0	0.0	43.9	51.6	71.6	74.5
2013-02-12	217247.0	0.0	9159.0	217247.0	208088.0	0.0	0.0	43.9	51.6	71.6	74.5
2013-02-19	218061.0	0.0	9159.0	218061.0	208902.0	0.0	0.0	43.7	52.4	70.7	74.6
2013-02-26	254350.0	8576.0	37391.0	245774.0	216959.0	0.0	0.0	43.7	46.6	66.5	72.3
2013-03-05	244065.0	7872.0	37314.0	236193.0	206751.0	0.0	0.0	43.0	48.6	67.1	74.6
2013-03-12	243684.0	0.0	37314.0	243684.0	206370.0	0.0	0.0	43.1	51.1	70.4	77.2
2013-03-19	243684.0	0.0	37314.0	243684.0	206370.0	0.0	0.0	43.1	51.1	71.0	77.2
2013-03-26	243684.0	0.0	37314.0	243684.0	206370.0	0.0	0.0	43.1	51.1	71.0	77.2
2013-04-02	250627.0	0.0	48597.0	250627.0	202030.0	0.0	0.0	42.0	52.4	68.7	76.0
2013-04-09	257291.0	0.0	50557.0	257291.0	206734.0	0.0	0.0	42.6	52.6	70.0	75.5
2013-04-16	284981.0	0.0	50557.0	284981.0	234424.0	0.0	0.0	35.1	45.3	55.8	58.6
2013-04-23	310708.0	0.0	60431.0	310708.0	250277.0	0.0	0.0	32.8	36.7	51.3	49.4
2013-04-30	318548.0	0.0	60431.0	318548.0	258117.0	0.0	0.0	32.9	35.8	52.5	48.4
2013-05-07	316132.0	0.0	55279.0	316132.0	260853.0	0.0	0.0	33.0	33.4	50.9	45.7
2013-05-14	318932.0	0.0	55279.0	318932.0	263653.0	0.0	0.0	33.6	33.1	51.3	45.3
2013-05-21	322932.0	0.0	55279.0	322932.0	267653.0	0.0	0.0	33.2	32.7	50.7	44.8
2013-05-28	345220.0	0.0	60767.0	345220.0	284453.0	0.0	0.0	33.6	34.3	53.5	46.9
2013-06-04	324932.0	0.0	48615.0	324932.0	276317.0	0.0	0.0	32.6	33.0	48.7	47.7
2013-06-11	334292.0	0.0	48615.0	334292.0	285677.0	0.0	0.0	37.5	39.6	54.8	56.8
2013-06-18	435532.0	0.0	48615.0	435532.0	386917.0	0.0	0.0	29.2	30.4	42.5	43.9
2013-06-25	458148.0	0.0	48615.0	458148.0	409533.0	0.0	0.0	31.2	28.9	46.4	44.2
2013-07-02	422140.0	0.0	40215.0	422140.0	381925.0	0.0	0.0	30.6	29.7	46.1	45.0
2013-07-09	440876.0	0.0	40215.0	440876.0	400661.0	0.0	0.0	29.3	28.4	44.3	43.1
2013-07-16	501588.0	0.0	40215.0	501588.0	461373.0	0.0	0.0	33.3	31.2	49.2	46.0
2013-07-23	508228.0	0.0	40215.0	508228.0	468013.0	0.0	0.0	30.5	31.1	44.3	44.6
2013-07-30	508228.0	0.0	40215.0	508228.0	468013.0	0.0	0.0	30.5	31.1	44.3	44.6
2013-08-06	481572.0	0.0	33943.0	481572.0	447629.0	0.0	0.0	29.8	31.5	44.1	45.7
2013-08-13	479972.0	0.0	33943.0	479972.0	446029.0	0.0	0.0	30.7	26.8	44.1	41.9
2013-08-20	490237.0	0.0	33943.0	490237.0	456294.0	0.0	0.0	29.6	26.6	42.8	42.0
2013-08-27	490237.0	0.0	33943.0	490237.0	456294.0	0.0	0.0	25.8	26.6	39.8	42.0
2013-09-03	473541.0	0.0	27671.0	473541.0	445870.0	0.0	0.0	28.7	27.3	44.5	44.3
2013-09-10	473541.0	0.0	27671.0	473541.0	445870.0	0.0	0.0	28.7	27.3	44.5	44.3
2013-09-17	487533.0	0.0	27671.0	487533.0	459862.0	0.0	0.0	32.6	29.8	48.0	47.5
2013-09-24	535301.0	0.0	23911.0	535301.0	511390.0	0.0	0.0	36.0	35.0	52.0	52.0
2013-10-01	579541.0	0.0	18311.0	579541.0	561230.0	0.0	0.0	34.9	35.7	56.1	54.3
2013-10-08	585296.0	0.0	18311.0	585296.0	566985.0	0.0	0.0	34.9	34.7	55.9	53.1
2013-10-15	587702.0	0.0	18311.0	587702.0	569391.0	0.0	0.0	34.7	34.6	55.1	52.9
2013-10-22	587702.0	0.0	18311.0	587702.0	569391.0	0.0	0.0	34.7	34.6	55.1	52.9
2013-10-29	578294.0	0.0	18311.0	578294.0	559983.0	0.0	0.0	34.1	35.2	52.5	50.2
2013-11-05	587737.0	0.0	16055.0	587737.0	571682.0	0.0	0.0	36.6	35.4	55.9	50.0
2013-11-12	657425.0	0.0	16055.0	657425.0	641370.0	0.0	0.0	32.7	36.1	52.4	52.9
2013-11-19	672986.0	0.0	16055.0	672986.0	656931.0	0.0	0.0	34.0	36.3	53.3	53.2
2013-11-26	672986.0	0.0	12944.0	672986.0	660042.0	0.0	0.0	34.0	36.3	53.3	53.2
2013-12-03	641307.0	0.0	6528.0	641307.0	634779.0	0.0	0.0	35.9	38.6	57.4	56.6
2013-12-10	641307.0	0.0	6528.0	641307.0	634779.0	0.0	0.0	35.9	38.6	57.4	56.6
2013-12-17	641307.0	0.0	6528.0	641307.0	634779.0	0.0	0.0	37.3	40.1	58.9	58.0
2013-12-24	641307.0	0.0	6528.0	641307.0	634779.0	0.0	0.0	37.3	40.1	58.9	58.0
2014-01-07	611123.0	0.0	9800.0	611123.0	601323.0	0.0	0.0	38.8	39.5	62.2	59.0
2014-01-14	621662.0	0.0	9800.0	621662.0	611862.0	0.0	0.0	38.2	35.3	61.2	54.5
2014-01-21	621662.0	0.0	9800.0	621662.0	611862.0	0.0	0.0	38.2	35.3	61.2	54.5
2014-01-28	621662.0	0.0	9800.0	621662.0	611862.0	0.0	0.0	38.2	35.3	61.2	54.5
2014-02-04	584814.0	0.0	0.0	584814.0	584814.0	0.0	0.0	38.8	38.0	61.9	57.8
2014-02-11	585628.0	0.0	0.0	585628.0	585628.0	0.0	0.0	38.8	37.6	61.4	57.4
2014-02-18	585628.0	0.0	0.0	585628.0	585628.0	0.0	0.0	38.8	37.6	61.4	57.4
2014-02-25	585628.0	0.0	0.0	585628.0	585628.0	0.0	0.0	38.8	37.6	61.4	57.4
2014-03-04	561505.0	0.0	2035.0	561505.0	559470.0	0.0	0.0	38.8	40.6	63.2	60.0
2014-03-11	561505.0	0.0	2035.0	561505.0	559470.0	0.0	0.0	38.8	40.6	63.2	60.0
2014-03-18	561505.0	0.0	2035.0	561505.0	559470.0	0.0	0.0	38.8	40.6	63.2	60.0
2014-03-25	564224.0	0.0	2035.0	564224.0	562189.0	0.0	0.0	38.6	40.5	62.4	59.7
2014-04-01	532071.0	0.0	0.0	532071.0	532071.0	0.0	0.0	37.8	43.0	62.3	60.8
2014-04-08	532071.0	0.0	0.0	532071.0	532071.0	0.0	0.0	37.8	43.0	62.3	60.8
2014-04-15	532071.0	0.0	0.0	532071.0	532071.0	0.0	0.0	37.8	43.0	62.3	60.8
2014-04-22	532071.0	0.0	0.0	532071.0	532071.0	0.0	0.0	37.8	43.0	62.3	60.8
2014-04-29	532071.0	0.0	0.0	532071.0	532071.0	0.0	0.0	37.8	41.2	62.3	60.8
2014-05-06	508519.0	0.0	0.0	508519.0	508519.0	0.0	0.0	38.3	43.9	63.3	63.1
2014-05-13	508519.0	0.0	0.0	508519.0	508519.0	0.0	0.0	38.3	43.9	63.3	63.1
2014-05-20	508519.0	0.0	0.0	508519.0	508519.0	0.0	0.0	38.3	43.9	63.3	63.1
2014-05-27	508519.0	0.0	0.0	508519.0	508519.0	0.0	0.0	38.3	43.9	63.3	63.1
2014-06-03	481183.0	0.0	0.0	481183.0	481183.0	0.0	0.0	40.4	47.4	65.6	66.0
2014-06-10	481183.0	0.0	0.0	481183.0	481183.0	0.0	0.0	40.4	47.4	65.6	66.0
2014-06-17	481183.0	0.0	0.0	481183.0	481183.0	0.0	0.0	40.4	47.4	65.6	66.0
2014-06-24	481183.0	0.0	0.0	481183.0	481183.0	0.0	0.0	40.4	47.4	65.6	66.0
2014-07-01	455455.0	0.0	0.0	455455.0	455455.0	0.0	0.0	42.6	51.0	68.5	69.0
2014-07-08	455455.0	0.0	0.0	455455.0	455455.0	0.0	0.0	42.6	51.0	68.5	69.0
2014-07-15	455455.0	0.0	0.0	455455.0	455455.0	0.0	0.0	42.6	51.0	68.5	69.0
2014-07-22	452736.0	0.0	0.0	452736.0	452736.0	0.0	0.0	42.8	48.8	68.9	67.0
2014-07-29	452736.0	0.0	0.0	452736.0	452736.0	0.0	0.0	42.8	48.8	68.9	67.0
2014-08-05	428432.0	0.0	0.0	428432.0	428432.0	0.0	0.0	45.2	52.1	72.0	69.9
2014-08-12	436112.0	0.0	0.0	436112.0	436112.0	0.0	0.0	44.4	49.4	70.8	66.9
2014-08-19	436112.0	0.0	0.0	436112.0	436112.0	0.0	0.0	44.4	49.4	70.8	66.9
2014-08-26	436112.0	0.0	0.0	436112.0	436112.0	0.0	0.0	44.4	49.4	70.8	66.9
2014-09-02	410816.0	0.0	0.0	410816.0	410816.0	0.0	0.0	48.7	54.4	74.2	71.5
2014-09-09	443464.0	0.0	0.0	443464.0	443464.0	0.0	0.0	52.5	57.7	76.1	73.6
2014-09-16	443464.0	0.0	0.0	443464.0	443464.0	0.0	0.0	52.5	57.7	76.1	73.6
2014-09-23	417774.0	0.0	0.0	417774.0	417774.0	0.0	0.0	50.2	55.7	75.2	71.3
2014-09-30	417774.0	0.0	0.0	417774.0	417774.0	0.0	0.0	50.2	55.7	75.2	71.3
2014-10-07	386286.0	0.0	0.0	386286.0	386286.0	0.0	0.0	55.8	64.1	80.5	80.2
2014-10-14	386286.0	0.0	0.0	386286.0	386286.0	0.0	0.0	55.8	64.1	80.5	80.2
2014-10-21	386286.0	0.0	0.0	386286.0	386286.0	0.0	0.0	55.8	64.1	80.5	80.2
2014-10-28	386286.0	0.0	0.0	386286.0	386286.0	0.0	0.0	55.8	64.1	80.5	80.2
2014-11-04	365982.0	0.0	0.0	365982.0	365982.0	0.0	0.0	60.1	69.1	83.8	84.7
2014-11-11	365982.0	0.0	0.0	365982.0	365982.0	0.0	0.0	60.1	69.1	83.8	84.7
2014-11-18	365982.0	0.0	0.0	365982.0	365982.0	0.0	0.0	60.1	69.1	83.8	84.7
2014-11-25	365982.0	0.0	0.0	365982.0	365982.0	0.0	0.0	60.1	69.1	83.8	86.3
2014-12-02	338800.0	0.0	0.0	338800.0	338800.0	0.0	0.0	66.2	76.4	90.0	90.3
2014-12-09	338800.0	0.0	0.0	338800.0	338800.0	0.0	0.0	66.2	76.4	90.0	90.3
2014-12-16	338800.0	0.0	0.0	338800.0	338800.0	0.0	0.0	66.2	76.4	90.0	90.3
2014-12-23	338800.0	0.0	0.0	338800.0	338800.0	0.0	0.0	66.2	76.4	90.0	90.3
2014-12-30	338800.0	0.0	0.0	338800.0	338800.0	0.0	0.0	66.2	76.4	90.0	90.3
