2012-06-26	16961.0	0.0	0.0	16961.0	16961.0	0.0	0.0	56.6	80.7	79.8	83.6
2012-07-03	17487.0	0.0	0.0	17477.0	17487.0	10.0	0.0	59.1	78.2	81.7	84.0
2012-07-10	17517.0	0.0	0.0	17507.0	17517.0	10.0	0.0	59.0	78.1	81.4	83.8
2012-07-17	17457.0	0.0	0.0	17457.0	17457.0	0.0	0.0	59.2	78.7	81.2	83.8
2012-09-11	19161.0	0.0	0.0	19161.0	19152.0	0.0	9.0	60.7	84.9	83.1	88.4
2012-09-18	19536.0	0.0	0.0	19536.0	19527.0	0.0	9.0	59.7	84.8	81.9	87.0
2012-09-25	18335.0	0.0	0.0	18335.0	18329.0	0.0	6.0	63.3	85.4	85.1	89.3
2013-12-17	15468.0	0.0	0.0	15438.0	15468.0	30.0	0.0	59.5	77.4	77.1	84.7
2013-12-24	15603.0	0.0	0.0	15573.0	15603.0	30.0	0.0	58.8	76.6	76.3	84.3
2014-01-07	16893.0	0.0	0.0	16863.0	16860.0	30.0	33.0	55.1	75.8	73.1	81.4
2014-01-14	17281.0	0.0	0.0	17251.0	17248.0	30.0	33.0	54.2	77.6	71.8	81.4
2014-01-21	15566.0	0.0	198.0	15551.0	15306.0	15.0	62.0	53.7	82.6	77.8	86.1
2014-01-28	16531.0	0.0	292.0	16516.0	16161.0	15.0	78.0	51.6	81.3	73.8	85.1
2014-02-04	16541.0	0.0	292.0	16526.0	16171.0	15.0	78.0	48.9	81.6	71.5	85.5
2014-02-11	16991.0	0.0	292.0	16976.0	16621.0	15.0	78.0	43.3	82.6	64.8	86.3
2014-02-18	15914.0	0.0	238.0	15899.0	15567.0	15.0	109.0	43.9	82.2	67.2	88.0
2014-02-25	16199.0	0.0	238.0	16184.0	15792.0	15.0	169.0	43.5	82.2	66.4	86.5
2014-03-04	16329.0	0.0	128.0	16329.0	16052.0	0.0	149.0	40.7	82.3	64.5	84.2
2014-03-11	16239.0	0.0	128.0	16239.0	15962.0	0.0	149.0	42.3	85.2	66.4	87.3
2014-03-18	16344.0	0.0	128.0	16344.0	16067.0	0.0	149.0	41.9	84.8	66.3	87.2
2014-03-25	15481.0	0.0	128.0	15481.0	15247.0	0.0	106.0	42.4	82.9	68.6	86.7
2014-04-01	16528.0	90.0	128.0	16438.0	16294.0	0.0	106.0	45.0	79.4	68.9	82.5
2014-04-08	16941.0	90.0	121.0	16851.0	16714.0	0.0	106.0	45.8	78.9	67.6	82.0
2014-04-15	16996.0	90.0	121.0	16906.0	16769.0	0.0	106.0	46.9	79.3	68.2	82.6
2014-04-22	15163.0	90.0	0.0	15073.0	15122.0	0.0	41.0	47.8	79.4	70.8	84.0
2014-04-29	15148.0	90.0	0.0	15058.0	15107.0	0.0	41.0	48.1	79.5	70.4	84.4
2014-05-06	15223.0	90.0	0.0	15028.0	15182.0	105.0	41.0	47.2	80.0	69.5	83.9
2014-05-13	15238.0	90.0	0.0	14998.0	15197.0	150.0	41.0	47.4	79.6	69.1	83.7
2014-05-20	13720.0	90.0	0.0	13495.0	13702.0	135.0	18.0	46.7	78.9	69.3	82.8
2014-05-27	14110.0	90.0	0.0	13885.0	14092.0	135.0	18.0	49.1	78.2	71.1	83.0
2014-06-03	14140.0	90.0	0.0	13915.0	14122.0	135.0	18.0	49.2	78.3	71.2	83.0
2014-06-10	14155.0	90.0	0.0	13930.0	14137.0	135.0	18.0	48.8	78.2	70.3	82.4
2014-06-17	14215.0	90.0	0.0	13990.0	14197.0	135.0	18.0	48.6	78.9	70.0	82.7
2014-06-24	12288.0	60.0	0.0	12108.0	12273.0	120.0	15.0	46.9	78.4	69.7	82.5
2014-07-01	12588.0	60.0	0.0	12408.0	12573.0	120.0	15.0	47.9	79.3	70.6	83.4
2014-07-08	13038.0	60.0	0.0	12858.0	13023.0	120.0	15.0	51.6	80.7	69.4	84.9
2014-07-15	13098.0	60.0	0.0	12918.0	13083.0	120.0	15.0	51.2	80.8	68.9	84.5
2014-07-22	11246.0	30.0	0.0	11106.0	11234.0	110.0	12.0	50.2	82.2	69.2	85.8
2014-07-29	12686.0	30.0	0.0	12546.0	12674.0	110.0	12.0	54.1	78.1	75.5	86.8
2014-08-05	13693.0	30.0	0.0	13553.0	13681.0	110.0	12.0	52.7	78.3	77.2	88.3
2014-08-12	14868.0	30.0	0.0	14728.0	14856.0	110.0	12.0	52.9	77.0	76.8	87.7
2014-08-19	15137.0	0.0	0.0	13143.0	13164.0	1994.0	1973.0	48.5	68.3	68.6	77.2
2014-08-26	14618.0	0.0	0.0	14618.0	14609.0	0.0	9.0	61.6	79.9	81.2	89.2
2014-09-02	16203.0	0.0	0.0	16203.0	16194.0	0.0	9.0	61.0	81.2	82.1	90.7
2014-09-09	16773.0	0.0	0.0	16773.0	16764.0	0.0	9.0	62.5	81.3	82.8	90.7
2014-09-16	19960.0	0.0	0.0	19960.0	19951.0	0.0	9.0	63.7	81.0	82.7	91.2
2014-09-23	18059.0	0.0	0.0	18059.0	17993.0	0.0	66.0	65.2	81.3	81.5	91.1
2014-09-30	18884.0	0.0	0.0	18784.0	18718.0	0.0	66.0	63.5	83.0	80.3	92.3
2014-10-07	19469.0	0.0	0.0	19369.0	19303.0	0.0	66.0	61.8	84.0	79.3	91.4
2014-10-14	19949.0	0.0	90.0	19849.0	19693.0	0.0	66.0	61.9	83.2	79.2	91.0
2014-10-21	16672.0	0.0	160.0	16492.0	16461.0	180.0	51.0	61.9	84.3	78.9	92.3
2014-10-28	17323.0	0.0	90.0	17143.0	17182.0	180.0	51.0	61.1	83.9	78.2	93.3
2014-11-04	17638.0	0.0	90.0	17458.0	17497.0	180.0	51.0	65.2	83.2	80.2	91.7
2014-11-11	17638.0	0.0	90.0	17458.0	17497.0	180.0	51.0	65.4	82.5	79.7	91.2
2014-11-18	17398.0	0.0	90.0	17218.0	17257.0	180.0	51.0	62.1	84.6	77.1	91.6
2014-11-25	14282.0	140.0	90.0	13827.0	14021.0	180.0	36.0	67.2	83.7	80.9	92.5
2014-12-02	14687.0	500.0	90.0	13917.0	14516.0	225.0	36.0	62.8	84.7	77.3	93.3
2014-12-09	14432.0	500.0	90.0	13662.0	14246.0	225.0	51.0	58.5	85.6	74.5	94.3
2014-12-16	12195.0	514.0	60.0	11575.0	12080.0	75.0	24.0	52.3	83.6	71.4	91.8
2014-12-23	12404.0	0.0	60.0	12329.0	12320.0	75.0	24.0	50.9	82.9	71.3	90.7
2014-12-30	12404.0	0.0	60.0	12329.0	12320.0	75.0	24.0	50.9	82.9	71.3	90.7
2015-01-06	12508.0	0.0	60.0	12508.0	12424.0	0.0	24.0	53.3	83.3	71.3	91.1
2015-01-13	13049.0	0.0	60.0	13049.0	12965.0	0.0	24.0	56.2	81.9	72.1	89.5
2015-01-20	13319.0	0.0	60.0	13319.0	13235.0	0.0	24.0	51.7	82.5	69.0	89.6
2015-01-27	11239.0	0.0	30.0	11239.0	11197.0	0.0	12.0	50.8	82.0	70.6	91.5
2015-02-03	12074.0	0.0	30.0	12074.0	12032.0	0.0	12.0	52.3	82.4	73.1	91.7
2015-02-10	12880.0	0.0	30.0	12880.0	12838.0	0.0	12.0	48.6	77.7	69.5	87.8
2015-02-17	12871.0	0.0	30.0	12871.0	12829.0	0.0	12.0	47.7	79.3	68.7	89.4
2015-02-24	11460.0	0.0	0.0	11415.0	11460.0	45.0	0.0	47.6	79.7	69.4	90.1
2015-03-03	12353.0	0.0	0.0	12353.0	12293.0	0.0	60.0	41.9	74.8	62.0	82.0
2015-03-10	12471.0	0.0	0.0	12471.0	12411.0	0.0	60.0	44.5	75.8	63.3	82.2
2015-03-17	12265.0	0.0	0.0	12265.0	12190.0	0.0	75.0	45.5	76.8	63.5	83.3
2015-03-24	11097.0	0.0	0.0	11097.0	11037.0	0.0	60.0	53.6	81.6	73.3	87.9
2015-03-31	11007.0	0.0	0.0	11007.0	10977.0	0.0	30.0	55.7	83.4	75.5	90.3
2015-04-07	11187.0	0.0	0.0	11187.0	11157.0	0.0	30.0	53.2	84.1	72.7	90.8
2015-04-14	11317.0	0.0	0.0	11227.0	11287.0	90.0	30.0	52.5	82.4	71.5	89.5
2015-04-21	9870.0	0.0	0.0	9780.0	9840.0	90.0	30.0	50.4	82.7	71.6	89.7
2015-04-28	10706.0	0.0	0.0	10616.0	10676.0	90.0	30.0	52.9	79.0	73.9	87.2
2015-05-05	10941.0	0.0	0.0	10851.0	10911.0	90.0	30.0	57.3	79.0	76.7	87.1
2015-05-12	10965.0	0.0	0.0	10965.0	10950.0	0.0	15.0	57.2	77.5	74.4	85.5
2015-05-19	11008.0	0.0	0.0	11008.0	10993.0	0.0	15.0	56.0	76.7	72.5	84.8
2015-05-26	9699.0	0.0	0.0	9504.0	9654.0	195.0	45.0	59.6	78.1	76.5	88.3
2015-06-02	10057.0	0.0	0.0	10057.0	10042.0	0.0	15.0	53.3	72.5	71.5	82.3
2015-06-09	10637.0	0.0	0.0	10622.0	10622.0	15.0	15.0	55.4	73.2	72.1	82.5
2015-06-16	10832.0	0.0	0.0	10817.0	10817.0	15.0	15.0	53.9	74.3	71.3	84.3
2015-06-23	9653.0	0.0	0.0	9653.0	9653.0	0.0	0.0	55.0	75.9	71.5	84.1
2015-06-30	10551.0	0.0	0.0	10551.0	10551.0	0.0	0.0	53.6	73.3	68.7	80.8
2015-07-07	10551.0	0.0	0.0	10551.0	10551.0	0.0	0.0	52.7	72.4	67.8	79.9
2015-07-14	11346.0	0.0	0.0	11316.0	11346.0	30.0	0.0	53.0	72.1	68.7	79.4
2015-07-21	9706.0	0.0	0.0	9676.0	9526.0	30.0	180.0	55.5	66.5	74.6	77.1
2015-07-28	10891.0	0.0	0.0	10861.0	10891.0	30.0	0.0	49.2	64.6	73.2	79.6
2015-08-04	11371.0	0.0	0.0	11341.0	11371.0	30.0	0.0	55.3	63.5	73.9	77.9
2015-08-11	12374.0	0.0	0.0	12299.0	12374.0	75.0	0.0	53.4	58.0	72.8	76.3
2015-08-18	14391.0	0.0	0.0	14316.0	14391.0	75.0	0.0	51.1	62.7	70.8	77.9
2015-08-25	14074.0	360.0	0.0	13579.0	14029.0	135.0	45.0	56.1	72.9	77.3	91.7
2015-09-01	14899.0	360.0	0.0	14464.0	14854.0	75.0	45.0	56.8	72.1	78.3	90.3
2015-09-08	14614.0	360.0	0.0	14134.0	14569.0	120.0	45.0	56.9	67.6	77.9	86.5
2015-09-15	15109.0	360.0	0.0	14629.0	15064.0	120.0	45.0	57.6	68.2	78.4	86.8
2015-09-22	12926.0	360.0	0.0	12471.0	12896.0	95.0	30.0	59.8	73.0	78.5	90.0
2015-09-29	13745.0	360.0	0.0	13290.0	13715.0	95.0	30.0	59.0	73.1	77.6	90.5
2015-10-06	14285.0	360.0	0.0	13830.0	14255.0	95.0	30.0	58.9	73.0	76.9	89.9
2015-10-13	14209.0	360.0	0.0	13754.0	13999.0	95.0	210.0	60.3	75.4	75.6	87.3
2015-10-20	12551.0	360.0	0.0	12121.0	12536.0	70.0	15.0	61.9	80.3	77.6	89.1
2015-10-27	14681.0	630.0	0.0	13981.0	14666.0	70.0	15.0	67.0	82.3	82.6	90.1
2015-11-03	14866.0	630.0	0.0	14117.0	14716.0	119.0	150.0	67.2	81.9	82.1	89.6
2015-11-10	15046.0	630.0	0.0	14346.0	15031.0	70.0	15.0	67.0	82.1	80.9	89.8
2015-11-17	16216.0	630.0	0.0	15486.0	16201.0	100.0	15.0	70.3	75.9	81.9	87.6
2015-11-24	14340.0	630.0	0.0	13590.0	14340.0	120.0	0.0	72.2	79.7	85.0	94.1
2015-12-01	14610.0	630.0	0.0	13860.0	14610.0	120.0	0.0	71.1	78.9	84.6	94.3
2015-12-08	14685.0	630.0	0.0	13980.0	14685.0	75.0	0.0	71.4	76.3	85.1	91.8
2015-12-15	14829.0	630.0	0.0	14124.0	14805.0	75.0	24.0	71.7	74.3	85.2	89.7
2015-12-22	13641.0	600.0	0.0	12981.0	13484.0	60.0	157.0	71.2	76.2	86.1	89.7
2015-12-29	13671.0	600.0	0.0	13011.0	13514.0	60.0	157.0	70.9	76.3	85.7	89.7
2016-01-05	14337.0	600.0	60.0	13662.0	14090.0	45.0	157.0	69.8	77.6	85.1	89.2
2016-01-12	16670.0	600.0	60.0	15905.0	16423.0	135.0	157.0	57.0	66.9	73.0	78.0
2016-01-19	17732.0	660.0	0.0	16847.0	17485.0	135.0	157.0	55.6	68.6	71.6	79.7
2016-01-26	16340.0	585.0	0.0	15545.0	16095.0	120.0	155.0	53.8	69.1	72.8	80.2
2016-02-02	18080.0	675.0	0.0	17300.0	17835.0	15.0	155.0	50.6	72.4	70.5	81.6
2016-02-09	18516.0	630.0	0.0	17796.0	18271.0	0.0	155.0	54.0	73.0	70.8	81.4
2016-02-16	18686.0	615.0	0.0	17981.0	18441.0	0.0	155.0	54.8	70.9	71.2	79.9
2016-02-23	17159.0	540.0	0.0	16499.0	17069.0	30.0	0.0	55.1	64.0	70.5	78.0
2016-03-01	17084.0	540.0	0.0	16424.0	16994.0	30.0	0.0	54.8	58.9	69.6	72.4
2016-03-08	17234.0	540.0	0.0	16574.0	17144.0	30.0	0.0	54.4	59.3	68.6	72.0
2016-03-15	17459.0	540.0	0.0	16754.0	17369.0	75.0	0.0	52.5	59.5	67.6	72.1
2016-03-22	14787.0	480.0	90.0	14202.0	14647.0	105.0	50.0	53.2	58.1	68.1	71.2
2016-03-29	14677.0	480.0	90.0	14092.0	14537.0	105.0	50.0	51.6	58.6	66.7	71.5
2016-04-05	16002.0	480.0	90.0	15447.0	15912.0	75.0	0.0	47.7	57.7	61.8	70.3
2016-04-12	16328.0	480.0	0.0	15728.0	16253.0	45.0	0.0	46.4	58.6	59.6	70.1
2016-04-19	14257.0	420.0	0.0	13704.0	13915.0	58.0	267.0	48.0	56.9	59.8	66.4
2016-04-26	14600.0	630.0	0.0	13850.0	14525.0	45.0	0.0	43.4	51.7	54.9	63.2
2016-05-03	14665.0	810.0	0.0	13735.0	14590.0	45.0	0.0	40.8	52.3	52.4	62.3
2016-05-10	14984.0	810.0	30.0	14099.0	14879.0	0.0	0.0	38.5	52.3	49.3	61.6
2016-05-17	14596.0	630.0	165.0	13966.0	14431.0	0.0	0.0	45.6	46.8	58.4	64.1
2016-05-24	14761.0	630.0	195.0	14101.0	14566.0	30.0	0.0	47.6	46.3	60.4	65.8
2016-05-31	14731.0	360.0	135.0	14326.0	14566.0	45.0	30.0	47.7	46.5	61.0	66.0
2016-06-07	15346.0	360.0	135.0	14941.0	15211.0	45.0	0.0	45.6	47.8	62.0	67.2
2016-06-14	15449.0	360.0	135.0	15044.0	15314.0	45.0	0.0	44.7	47.5	61.0	66.6
2016-06-21	13153.0	300.0	60.0	12763.0	13093.0	90.0	0.0	53.4	52.6	69.6	75.7
2016-06-28	13153.0	300.0	60.0	12763.0	13093.0	90.0	0.0	53.4	52.6	69.6	75.7
2016-07-05	13513.0	300.0	60.0	13123.0	13453.0	90.0	0.0	54.2	51.2	69.8	75.1
2016-07-12	13468.0	300.0	60.0	13078.0	13408.0	90.0	0.0	53.1	51.3	68.7	74.7
2016-07-19	11740.0	240.0	30.0	11500.0	11710.0	0.0	0.0	63.0	56.7	78.2	80.1
2016-07-26	11770.0	240.0	30.0	11530.0	11740.0	0.0	0.0	63.1	56.6	78.3	79.9
2016-08-02	11965.0	240.0	30.0	11665.0	11935.0	60.0	0.0	63.1	55.4	79.0	78.5
2016-08-09	13190.0	240.0	30.0	12935.0	13160.0	15.0	0.0	66.8	52.6	81.7	76.0
2016-08-16	13205.0	240.0	30.0	12950.0	13175.0	15.0	0.0	63.8	50.4	80.8	73.9
2016-08-23	12098.0	180.0	0.0	11873.0	12038.0	45.0	60.0	71.5	50.6	87.2	74.3
2016-08-30	12458.0	180.0	0.0	12233.0	12398.0	45.0	60.0	67.5	52.0	85.9	75.1
2016-09-06	12743.0	180.0	0.0	12518.0	12683.0	45.0	60.0	62.3	51.0	83.9	74.1
2016-09-13	12878.0	180.0	0.0	12653.0	12848.0	45.0	30.0	59.4	50.7	81.1	72.9
2016-09-20	11790.0	120.0	0.0	11640.0	11790.0	30.0	0.0	62.5	51.9	82.8	75.2
2016-09-27	11683.0	120.0	0.0	11533.0	11683.0	30.0	0.0	60.4	50.3	81.3	73.2
2016-10-04	11438.0	120.0	0.0	11273.0	11423.0	45.0	15.0	54.9	44.1	76.8	67.0
2016-10-11	11560.0	120.0	0.0	11395.0	11545.0	45.0	15.0	51.3	46.3	75.8	66.0
2016-10-18	12970.0	345.0	0.0	12595.0	12970.0	30.0	0.0	45.8	42.0	68.1	60.3
2016-10-25	11615.0	285.0	0.0	11315.0	11600.0	15.0	15.0	49.7	45.9	69.6	61.7
2016-11-01	11615.0	285.0	0.0	11315.0	11600.0	15.0	15.0	49.2	45.4	69.0	61.0
2016-11-08	11705.0	285.0	0.0	11405.0	11690.0	15.0	15.0	50.2	47.1	71.1	64.5
2016-11-15	11855.0	375.0	0.0	11465.0	11840.0	15.0	15.0	50.0	48.7	70.6	65.9
2016-11-22	10430.0	315.0	0.0	10115.0	10355.0	0.0	75.0	57.2	59.9	76.0	77.7
2016-11-29	10790.0	315.0	0.0	10475.0	10715.0	0.0	75.0	55.3	61.3	76.8	78.4
2016-12-06	10955.0	315.0	0.0	10640.0	10880.0	0.0	75.0	50.1	60.3	72.9	77.3
2016-12-13	11100.0	315.0	0.0	10785.0	10845.0	0.0	255.0	50.4	58.9	72.9	75.6
2016-12-20	10005.0	210.0	0.0	9795.0	9775.0	0.0	230.0	55.7	66.8	78.7	80.3
2016-12-27	10005.0	210.0	0.0	9795.0	9775.0	0.0	230.0	55.7	67.1	78.7	80.3
2017-01-03	9990.0	210.0	0.0	9780.0	9760.0	0.0	230.0	55.8	67.2	78.7	80.3
2017-01-10	10580.0	260.0	0.0	10320.0	10440.0	0.0	140.0	50.4	56.4	72.3	75.1
2017-01-17	11385.0	320.0	0.0	11065.0	11245.0	0.0	140.0	50.2	53.7	70.0	72.3
2017-01-24	10080.0	165.0	0.0	9915.0	9860.0	0.0	220.0	52.4	56.0	73.4	72.6
2017-01-31	11040.0	165.0	0.0	10830.0	10835.0	45.0	205.0	48.1	52.7	67.7	68.0
