2012-07-03	7223.0	3366.0	3939.0	1902.0	1225.0	503.0	607.0	62.7	35.7	66.8	52.7
2012-07-17	8298.0	3606.0	4369.0	2392.0	1435.0	638.0	832.0	56.7	31.4	62.9	50.4
2012-07-24	9403.0	3525.0	4489.0	2727.0	1730.0	582.0	615.0	50.9	27.3	55.5	43.2
2012-07-31	9656.0	3829.0	4504.0	2532.0	1600.0	583.0	840.0	48.5	30.0	55.9	42.7
2012-08-07	9879.0	3940.0	4399.0	2700.0	1566.0	153.0	828.0	44.7	31.5	53.7	43.8
2012-08-14	13242.0	4846.0	6746.0	4265.0	2356.0	360.0	369.0	43.1	32.5	53.5	44.6
2012-08-21	13896.0	4728.0	6848.0	4082.0	2505.0	1260.0	717.0	41.7	29.1	51.4	41.2
2012-08-28	14375.0	4798.0	7373.0	5395.0	2821.0	710.0	709.0	42.6	31.0	56.1	43.4
2012-09-04	14884.0	4998.0	7558.0	5830.0	3121.0	655.0	804.0	43.7	28.4	57.1	40.3
2012-09-11	15145.0	5032.0	7938.0	6144.0	3204.0	995.0	1029.0	45.9	26.6	59.5	39.3
2012-09-18	15767.0	5467.0	7518.0	6361.0	4176.0	385.0	519.0	42.8	24.0	55.4	37.0
2012-09-25	17293.0	6122.0	8013.0	7165.0	4600.0	360.0	1034.0	43.3	30.2	58.9	41.7
2012-10-02	17711.0	6081.0	9358.0	7867.0	4046.0	455.0	999.0	47.2	38.7	62.4	50.5
2012-10-09	20044.0	6651.0	10172.0	8840.0	5194.0	375.0	500.0	44.8	36.5	59.8	47.0
2012-10-16	20579.0	6936.0	9157.0	8707.0	5513.0	400.0	1373.0	45.1	36.0	60.1	48.9
2012-10-23	22083.0	7001.0	10040.0	9726.0	6472.0	410.0	625.0	47.1	35.2	60.4	49.2
2012-10-30	20423.0	7992.0	7358.0	7358.0	7672.0	330.0	650.0	43.7	27.5	58.6	43.6
2012-11-06	22808.0	8470.0	9153.0	9186.0	8108.0	205.0	600.0	43.9	29.1	58.3	42.6
2012-11-13	24585.0	8074.0	9430.0	11105.0	8817.0	413.0	1345.0	44.4	29.2	54.7	42.5
2012-11-20	26085.0	7683.0	10189.0	11956.0	9066.0	340.0	724.0	40.6	26.3	50.0	37.9
2012-11-27	27459.0	7758.0	10459.0	12578.0	9398.0	455.0	934.0	40.7	28.8	50.7	39.8
2012-12-04	27111.0	8860.0	9648.0	11456.0	10378.0	200.0	490.0	37.8	27.4	48.3	39.8
2012-12-11	29231.0	9023.0	9906.0	12481.0	11598.0	220.0	220.0	41.1	29.4	50.2	42.5
2012-12-18	30943.0	9425.0	10168.0	13176.0	12463.0	235.0	205.0	40.2	29.6	48.4	42.3
2012-12-24	31465.0	9745.0	10858.0	13573.0	12490.0	255.0	225.0	42.2	32.6	50.0	45.8
2012-12-31	31415.0	9865.0	10978.0	13573.0	12430.0	220.0	250.0	42.2	32.9	50.2	46.1
2013-01-08	30034.0	9466.0	9806.0	13009.0	12345.0	230.0	554.0	45.6	32.3	54.1	46.9
2013-01-15	30474.0	9285.0	9850.0	12749.0	12025.0	278.0	437.0	45.1	30.8	54.5	45.8
2013-01-22	32136.0	8850.0	9955.0	13519.0	12405.0	398.0	407.0	45.5	30.0	52.7	43.3
2013-01-29	30314.0	8152.0	6999.0	11630.0	12578.0	490.0	695.0	43.2	26.5	49.3	38.0
2013-02-05	31859.0	8673.0	5714.0	12779.0	16038.0	505.0	205.0	44.9	26.8	50.4	40.8
2013-02-12	34299.0	8582.0	7580.0	14658.0	16180.0	605.0	85.0	42.9	27.4	48.8	37.8
2013-02-19	36677.0	8592.0	8092.0	16355.0	17075.0	785.0	565.0	40.8	28.4	48.5	39.7
2013-02-26	36762.0	8281.0	9695.0	16737.0	15823.0	700.0	200.0	40.2	25.7	47.6	37.6
2013-03-05	40980.0	10009.0	11188.0	19272.0	18103.0	540.0	530.0	39.9	26.2	48.6	40.6
2013-03-12	44071.0	10149.0	10977.0	20544.0	19686.0	470.0	500.0	39.1	23.7	47.0	37.3
2013-03-19	47213.0	10579.0	10457.0	21701.0	22033.0	620.0	410.0	38.9	23.9	44.8	36.4
2013-03-26	52096.0	11573.0	11296.0	23652.0	23989.0	455.0	395.0	36.5	23.6	43.7	35.3
2013-04-02	50827.0	11942.0	10874.0	23271.0	24324.0	435.0	450.0	38.7	25.2	46.1	37.7
2013-04-09	51560.0	11702.0	10942.0	24366.0	24916.0	390.0	600.0	38.1	23.9	45.4	35.7
2013-04-16	52928.0	11825.0	12229.0	25591.0	25052.0	465.0	600.0	39.2	24.1	47.5	35.7
2013-04-23	53137.0	12092.0	13310.0	25797.0	24574.0	900.0	905.0	39.9	24.3	48.5	36.1
2013-04-30	49001.0	12518.0	13406.0	21461.0	21331.0	1056.0	298.0	37.7	22.9	47.3	35.9
2013-05-07	49787.0	12329.0	12510.0	22324.0	22516.0	696.0	323.0	38.4	22.1	46.9	33.4
2013-05-14	51702.0	12949.0	13280.0	22829.0	22881.0	771.0	388.0	37.3	22.0	46.7	34.0
2013-05-21	54368.0	13833.0	13721.0	23486.0	23986.0	703.0	315.0	36.2	24.1	45.5	34.8
2013-05-28	56271.0	14022.0	12921.0	24735.0	25936.0	472.0	372.0	35.5	23.2	44.5	33.6
2013-06-04	57136.0	14797.0	15688.0	25785.0	25061.0	641.0	474.0	34.1	24.8	46.3	38.7
2013-06-11	61018.0	16371.0	16660.0	25150.0	25226.0	1012.0	647.0	32.6	22.6	44.2	36.8
2013-06-18	65633.0	16357.0	17073.0	26324.0	26105.0	1337.0	840.0	31.4	22.5	42.7	36.1
2013-06-25	67402.0	17639.0	18000.0	26470.0	26301.0	1168.0	976.0	30.4	21.4	42.4	35.5
2013-07-02	67458.0	17799.0	17317.0	26720.0	27603.0	1122.0	721.0	29.1	21.8	40.9	37.5
2013-07-09	68129.0	18140.0	16758.0	26957.0	28750.0	1122.0	711.0	29.1	23.7	41.1	39.6
2013-07-16	70130.0	19458.0	16496.0	26086.0	29299.0	1092.0	841.0	27.9	25.5	41.3	40.4
2013-07-23	71828.0	21349.0	17890.0	27177.0	30481.0	847.0	1002.0	29.0	25.3	43.1	40.0
2013-07-30	69926.0	22538.0	18430.0	26159.0	29917.0	862.0	1212.0	31.6	26.8	46.1	41.6
2013-08-06	73544.0	23243.0	17390.0	26163.0	32026.0	1085.0	1075.0	30.5	27.6	44.6	41.6
2013-08-13	74581.0	22907.0	16127.0	26773.0	33433.0	830.0	950.0	29.9	28.7	43.7	43.9
2013-08-20	75465.0	23537.0	15748.0	26563.0	34371.0	1164.0	1145.0	30.8	28.6	44.4	43.7
2013-08-27	75231.0	23728.0	16084.0	26791.0	34489.0	1029.0	975.0	30.6	29.4	44.4	45.7
2013-09-03	75307.0	25688.0	16194.0	26303.0	35556.0	459.0	700.0	31.7	31.6	45.1	47.0
2013-09-10	75260.0	29667.0	15431.0	24684.0	38977.0	432.0	375.0	36.2	37.9	50.8	52.7
2013-09-17	75921.0	29334.0	16095.0	25807.0	39680.0	994.0	360.0	36.6	39.0	51.3	51.8
2013-09-24	76359.0	28187.0	14548.0	25649.0	39850.0	922.0	360.0	36.3	39.4	50.3	50.1
2013-10-01	74091.0	27713.0	14194.0	24909.0	38482.0	621.0	567.0	33.8	40.0	49.2	53.0
2013-10-08	79073.0	31873.0	14414.0	24770.0	42223.0	606.0	612.0	35.0	42.6	50.2	56.9
2013-10-15	82232.0	33151.0	13640.0	26255.0	45428.0	505.0	843.0	34.4	45.3	50.2	59.0
2013-10-22	79871.0	32532.0	10871.0	25279.0	46908.0	465.0	497.0	34.6	47.0	50.5	59.7
2013-10-29	75318.0	31934.0	12132.0	25000.0	44687.0	557.0	672.0	36.4	46.3	52.3	59.3
2013-11-05	76766.0	32642.0	13374.0	25213.0	44370.0	694.0	805.0	36.0	46.9	51.9	61.4
2013-11-12	78480.0	34662.0	14343.0	24991.0	45273.0	603.0	640.0	37.0	47.8	51.6	61.4
2013-11-19	81508.0	35860.0	16009.0	26658.0	46480.0	678.0	707.0	36.5	48.5	51.7	62.1
2013-11-26	82925.0	37053.0	17439.0	27190.0	46755.0	723.0	772.0	35.7	46.6	52.4	61.0
2013-12-03	79487.0	38012.0	19577.0	25011.0	43487.0	611.0	570.0	37.2	46.9	55.1	62.6
2013-12-10	80602.0	38111.0	19161.0	24936.0	43787.0	636.0	735.0	37.5	46.0	55.4	62.4
2013-12-17	79321.0	38438.0	18203.0	24220.0	44501.0	676.0	630.0	37.4	45.3	56.2	58.8
2013-12-24	78776.0	38427.0	16090.0	23309.0	45776.0	745.0	615.0	37.9	46.2	56.5	59.0
2014-01-07	74300.0	37263.0	15856.0	21303.0	42870.0	946.0	786.0	38.4	45.1	58.4	57.6
2014-01-14	71707.0	33839.0	14347.0	21878.0	41905.0	1321.0	786.0	38.0	45.4	55.0	57.9
2014-01-21	72613.0	33593.0	14778.0	22728.0	41790.0	1223.0	976.0	38.3	42.1	52.9	55.1
2014-01-28	75890.0	35257.0	16979.0	23534.0	41849.0	1198.0	1161.0	37.6	38.3	51.4	52.9
2014-02-04	75663.0	34659.0	23462.0	24941.0	36323.0	1619.0	1434.0	35.5	39.5	51.3	52.3
2014-02-11	77749.0	35478.0	24918.0	25710.0	36370.0	1409.0	1309.0	36.2	37.5	50.4	49.2
2014-02-18	81585.0	39209.0	26803.0	25445.0	38256.0	1489.0	1084.0	34.9	34.4	50.2	48.2
2014-02-25	82258.0	38348.0	27244.0	25894.0	37208.0	1119.0	909.0	32.8	34.1	48.0	45.9
2014-03-04	80823.0	40681.0	30828.0	24891.0	35139.0	1120.0	725.0	35.2	32.9	50.6	47.8
2014-03-11	77900.0	40854.0	31145.0	23597.0	33536.0	1317.0	1087.0	36.9	32.9	53.6	47.9
2014-03-18	79508.0	40617.0	33473.0	24678.0	32212.0	1352.0	962.0	39.2	33.8	54.6	49.7
2014-03-25	79727.0	40357.0	31434.0	24275.0	33263.0	1207.0	1142.0	39.4	35.4	54.0	49.6
2014-04-01	77132.0	41905.0	35234.0	22044.0	28558.0	1577.0	1734.0	40.9	36.1	56.0	50.7
2014-04-08	77757.0	42531.0	37040.0	21311.0	27055.0	1543.0	1290.0	41.7	36.8	55.6	50.6
2014-04-15	77249.0	44129.0	36416.0	20700.0	28466.0	1748.0	1695.0	41.6	36.6	57.4	52.0
2014-04-22	77856.0	44746.0	38732.0	21301.0	27483.0	1693.0	1525.0	40.6	36.2	57.8	52.1
2014-04-29	75860.0	42092.0	35337.0	21656.0	28069.0	1550.0	1892.0	39.9	33.9	57.4	51.9
2014-05-06	77729.0	44342.0	37322.0	21233.0	28127.0	1381.0	1507.0	41.9	36.9	58.4	54.6
2014-05-13	79556.0	45106.0	37228.0	20933.0	28629.0	1265.0	1447.0	41.8	34.9	58.1	52.4
2014-05-20	81815.0	46038.0	38268.0	21414.0	29067.0	1453.0	1570.0	42.1	34.5	58.0	51.6
2014-05-27	83513.0	47168.0	38848.0	22245.0	30622.0	1582.0	1525.0	41.8	35.3	58.6	51.8
2014-06-03	81022.0	49327.0	40200.0	18837.0	27437.0	1071.0	1598.0	44.8	34.6	60.6	52.3
2014-06-10	85036.0	52397.0	43168.0	19811.0	28486.0	1331.0	1885.0	42.2	38.6	60.1	55.3
2014-06-17	87810.0	54745.0	45496.0	19776.0	28931.0	1491.0	1585.0	43.6	39.2	59.9	54.9
2014-06-24	89875.0	57408.0	47930.0	20031.0	29349.0	1573.0	1733.0	44.7	41.2	61.8	55.8
2014-07-01	87539.0	56951.0	48407.0	18754.0	26874.0	1581.0	2005.0	45.3	40.1	62.4	53.8
2014-07-08	88414.0	57986.0	49642.0	19120.0	27130.0	1414.0	1748.0	45.4	40.6	62.3	53.9
2014-07-15	89268.0	57994.0	48715.0	19234.0	28344.0	1449.0	1618.0	45.2	38.9	61.9	53.2
2014-07-22	90627.0	60053.0	50116.0	19974.0	29721.0	1537.0	1727.0	46.0	41.2	60.3	57.1
2014-07-29	92853.0	55183.0	43635.0	18803.0	29881.0	8439.0	8909.0	42.2	35.5	54.4	48.7
2014-08-05	88801.0	55322.0	43236.0	20843.0	32316.0	1357.0	1970.0	44.9	38.5	58.3	52.4
2014-08-12	90160.0	54942.0	42068.0	21538.0	34404.0	1722.0	1730.0	44.2	37.8	57.2	51.4
2014-08-19	91184.0	55897.0	43885.0	21831.0	33490.0	1392.0	1745.0	43.6	38.4	57.3	52.1
2014-08-26	91506.0	54678.0	43051.0	23316.0	34375.0	1412.0	1980.0	42.1	37.7	56.9	51.7
2014-09-02	93646.0	56460.0	42455.0	22770.0	36212.0	1527.0	2090.0	41.3	36.9	57.3	51.7
2014-09-09	86940.0	53741.0	37545.0	18396.0	34416.0	1606.0	1782.0	42.6	35.5	57.3	51.8
2014-09-16	86891.0	54966.0	38881.0	17442.0	33506.0	1443.0	1464.0	43.5	33.1	58.2	48.9
2014-09-23	89284.0	57553.0	42542.0	18189.0	33296.0	1611.0	1515.0	43.8	32.2	59.7	47.5
2014-09-30	83555.0	55421.0	42164.0	15887.0	29131.0	1512.0	1525.0	43.1	33.8	60.7	49.4
2014-10-07	87936.0	58091.0	43220.0	17102.0	32025.0	1662.0	1610.0	41.7	31.8	60.0	47.3
2014-10-14	90206.0	59033.0	42824.0	17628.0	33376.0	1482.0	1943.0	41.1	30.7	58.9	44.6
2014-10-21	91150.0	57936.0	43014.0	19649.0	34065.0	1482.0	1988.0	40.1	33.7	58.2	48.0
2014-10-28	91357.0	57272.0	43280.0	21163.0	35044.0	1472.0	1583.0	39.9	33.8	58.0	48.5
2014-11-04	88563.0	57333.0	40084.0	20817.0	37177.0	1212.0	2101.0	41.8	32.5	58.5	51.1
2014-11-11	89705.0	56661.0	37973.0	23186.0	41614.0	1179.0	1439.0	42.3	31.0	57.9	49.6
2014-11-18	90271.0	56843.0	39085.0	23169.0	40992.0	1304.0	1239.0	41.7	31.1	57.1	49.8
2014-11-25	92556.0	58312.0	41114.0	23122.0	40125.0	1194.0	1389.0	41.9	31.3	57.2	49.1
2014-12-02	86587.0	57045.0	39401.0	19299.0	36875.0	924.0	992.0	46.4	33.1	60.4	50.1
2014-12-09	87281.0	57609.0	40494.0	19156.0	36029.0	848.0	1090.0	46.7	33.6	60.6	49.5
2014-12-16	86915.0	57644.0	42007.0	19240.0	34825.0	777.0	829.0	46.9	35.0	61.1	50.3
2014-12-23	89193.0	57256.0	43861.0	21426.0	34849.0	817.0	789.0	44.9	36.8	59.0	50.8
2014-12-30	85507.0	57411.0	43274.0	19089.0	32992.0	825.0	1059.0	46.9	37.2	61.8	52.2
2015-01-06	90009.0	60837.0	46114.0	19833.0	34277.0	1045.0	1324.0	46.5	33.5	62.4	53.0
2015-01-13	95671.0	58859.0	48000.0	24920.0	35365.0	1103.0	1517.0	42.9	31.7	57.6	52.4
2015-01-20	96595.0	55400.0	46921.0	26396.0	34911.0	1250.0	1214.0	41.4	32.8	54.1	52.5
2015-01-27	103425.0	55905.0	47900.0	30527.0	38583.0	1250.0	1199.0	37.6	32.0	48.8	51.3
2015-02-03	99963.0	53237.0	41937.0	28281.0	39415.0	1337.0	1503.0	36.4	30.3	49.4	49.9
2015-02-10	103488.0	56588.0	40352.0	28199.0	44152.0	1160.0	1443.0	34.8	32.5	48.6	50.2
2015-02-17	103162.0	56855.0	36334.0	26345.0	46738.0	1085.0	1213.0	34.2	32.1	48.8	47.2
2015-02-24	106112.0	57817.0	40635.0	27916.0	44965.0	1025.0	1158.0	34.7	31.4	48.7	46.7
2015-03-03	100018.0	55222.0	37664.0	26512.0	43845.0	963.0	1188.0	34.3	33.4	49.8	48.7
2015-03-10	103791.0	56530.0	40014.0	28294.0	44555.0	1091.0	1346.0	33.7	32.8	49.2	48.4
2015-03-17	107598.0	58080.0	42116.0	29255.0	45316.0	772.0	675.0	35.3	31.8	49.2	46.6
2015-03-24	111674.0	59705.0	43399.0	31051.0	47314.0	885.0	928.0	34.9	32.4	49.0	47.0
2015-03-31	109462.0	57658.0	44153.0	30802.0	43852.0	780.0	1235.0	35.2	33.4	47.9	48.5
2015-04-07	110489.0	58208.0	45679.0	31519.0	44058.0	786.0	776.0	35.8	34.2	48.7	47.8
2015-04-14	112853.0	59894.0	46202.0	31492.0	44951.0	984.0	1217.0	36.2	37.0	47.8	47.9
2015-04-21	118487.0	64655.0	48204.0	30820.0	46632.0	760.0	1399.0	35.5	36.6	48.7	48.1
2015-04-28	113043.0	63511.0	45912.0	29112.0	45975.0	831.0	1567.0	37.3	37.3	50.4	50.0
2015-05-05	118341.0	64693.0	46694.0	30799.0	48376.0	1040.0	1462.0	36.8	36.5	50.0	48.9
2015-05-12	120689.0	66498.0	50124.0	32683.0	48515.0	1040.0	1582.0	37.2	35.9	50.7	49.2
2015-05-19	123875.0	68105.0	51468.0	34864.0	51019.0	1055.0	1537.0	37.2	34.9	50.7	47.8
2015-05-26	122938.0	67834.0	52109.0	35060.0	50462.0	762.0	1085.0	36.4	35.1	50.4	48.0
2015-06-02	118124.0	62302.0	46439.0	31363.0	46474.0	866.0	1618.0	34.1	31.3	48.0	43.2
2015-06-09	119496.0	62396.0	33742.0	32873.0	60945.0	866.0	1448.0	33.5	30.1	46.8	43.2
2015-06-16	119934.0	61740.0	32195.0	34666.0	63089.0	563.0	1685.0	33.5	28.7	46.5	41.8
2015-06-23	122355.0	59903.0	31374.0	37879.0	65517.0	758.0	1649.0	33.5	27.6	46.7	38.2
2015-06-30	117982.0	59289.0	29085.0	34038.0	63755.0	2248.0	2735.0	36.0	29.5	48.7	39.7
2015-07-07	117362.0	58126.0	28270.0	35451.0	64089.0	1418.0	2636.0	36.1	29.4	47.6	40.4
2015-07-14	119494.0	60596.0	29100.0	34948.0	65790.0	1390.0	2044.0	35.6	30.6	48.7	41.7
2015-07-21	125773.0	65224.0	30514.0	34852.0	68698.0	847.0	1711.0	36.1	32.1	49.0	43.5
2015-07-28	130923.0	66845.0	32051.0	36428.0	70350.0	912.0	1784.0	36.1	32.3	48.9	44.1
2015-08-04	126656.0	67051.0	35144.0	35682.0	67645.0	907.0	851.0	39.7	33.6	50.8	45.8
2015-08-11	127804.0	67316.0	39220.0	38381.0	66623.0	907.0	761.0	38.9	34.4	52.1	47.1
2015-08-18	133201.0	69337.0	41356.0	40800.0	69098.0	1602.0	1285.0	33.5	36.0	50.8	50.2
2015-08-25	140960.0	70710.0	43147.0	46364.0	73545.0	1511.0	1893.0	30.7	37.8	49.2	52.7
2015-09-01	132383.0	64044.0	43886.0	46250.0	66472.0	2051.0	1987.0	31.7	37.4	48.4	51.3
2015-09-08	134027.0	60913.0	46585.0	50253.0	64295.0	1741.0	2027.0	30.4	34.1	46.2	48.7
2015-09-15	141894.0	58204.0	48695.0	57387.0	66928.0	1418.0	1386.0	29.4	32.8	45.3	46.2
2015-09-22	144925.0	52955.0	46468.0	59268.0	65991.0	1457.0	1221.0	29.0	30.9	43.2	43.2
2015-09-29	143339.0	52732.0	47024.0	59252.0	64904.0	1075.0	1131.0	28.5	31.5	43.0	43.2
2015-10-06	151025.0	58530.0	50912.0	58459.0	65960.0	1199.0	1316.0	26.9	31.4	42.2	44.2
2015-10-13	149989.0	61785.0	51649.0	55982.0	66109.0	1116.0	1125.0	26.4	30.8	41.6	44.7
2015-10-20	150031.0	60891.0	51202.0	56923.0	66468.0	1051.0	1195.0	27.8	30.9	43.3	43.8
2015-10-27	151544.0	61359.0	51232.0	57165.0	67338.0	891.0	845.0	28.3	32.4	43.3	44.8
2015-11-03	144135.0	64766.0	49783.0	51590.0	66476.0	774.0	871.0	31.7	34.1	45.1	47.4
2015-11-10	143378.0	68874.0	50388.0	49536.0	67944.0	888.0	966.0	33.9	36.1	47.7	47.4
2015-11-17	147149.0	71002.0	53237.0	50110.0	67815.0	933.0	993.0	35.4	35.8	49.5	47.2
2015-11-24	148722.0	71526.0	54672.0	51023.0	68073.0	1078.0	882.0	36.0	35.3	50.9	46.5
2015-12-01	144220.0	76943.0	59596.0	47979.0	65592.0	918.0	652.0	42.0	37.0	57.0	49.0
2015-12-08	120851.0	43096.0	64986.0	62445.0	40929.0	1315.0	941.0	31.1	34.9	48.0	47.5
2015-12-15	121985.0	42498.0	66572.0	63322.0	39512.0	1019.0	755.0	30.3	33.6	47.6	46.6
2015-12-22	123311.0	42822.0	63011.0	61912.0	41816.0	1055.0	962.0	29.8	32.8	46.7	45.6
2015-12-29	126371.0	42702.0	69136.0	67525.0	41184.0	995.0	902.0	31.3	32.0	49.9	47.0
2016-01-05	119637.0	40328.0	65959.0	63849.0	38311.0	950.0	857.0	31.0	30.9	49.3	48.1
2016-01-12	123310.0	40756.0	66266.0	63463.0	37776.0	965.0	1142.0	30.2	31.4	50.1	50.3
2016-01-19	131061.0	43954.0	71497.0	66019.0	38264.0	930.0	1142.0	30.4	31.5	50.4	50.3
2016-01-26	132284.0	44437.0	69434.0	65382.0	40355.0	1145.0	1175.0	30.2	31.3	49.0	47.9
2016-02-02	130739.0	43177.0	66527.0	64589.0	41129.0	1180.0	1290.0	30.9	32.6	48.1	48.9
2016-02-09	129682.0	47253.0	62090.0	58993.0	44221.0	1170.0	1105.0	31.6	36.8	47.9	51.1
2016-02-16	132271.0	47170.0	60709.0	60115.0	46559.0	1428.0	1445.0	30.5	37.1	46.5	50.1
2016-02-23	129022.0	47988.0	58601.0	55733.0	45440.0	1484.0	1164.0	31.9	34.7	44.4	47.2
2016-03-01	123707.0	48717.0	54623.0	50734.0	44977.0	1586.0	1437.0	31.5	35.6	45.6	46.8
2016-03-08	115696.0	45820.0	57274.0	50803.0	39737.0	1379.0	991.0	34.6	36.4	47.1	49.2
2016-03-15	116544.0	44505.0	53535.0	50794.0	41962.0	1255.0	1057.0	32.5	35.9	45.1	47.1
2016-03-22	119068.0	47931.0	52485.0	50333.0	46206.0	1354.0	927.0	31.4	35.1	44.0	45.7
2016-03-29	111854.0	47047.0	47873.0	45126.0	44469.0	1254.0	1085.0	30.9	35.7	45.6	45.0
2016-04-05	114847.0	49697.0	52311.0	46519.0	43654.0	1264.0	1515.0	30.1	37.3	45.8	48.0
2016-04-12	115878.0	50727.0	52908.0	47084.0	44997.0	1309.0	1215.0	29.9	37.6	45.3	48.4
2016-04-19	122479.0	55172.0	56942.0	47949.0	46462.0	1225.0	942.0	30.0	38.4	46.4	49.1
2016-04-26	127460.0	59524.0	55609.0	49402.0	53282.0	1078.0	1113.0	30.9	38.5	47.4	48.9
2016-05-03	124100.0	60118.0	51744.0	46686.0	55152.0	1341.0	1249.0	31.7	39.1	49.2	48.0
2016-05-10	127098.0	62214.0	56543.0	48555.0	54436.0	1654.0	1444.0	33.0	42.5	49.5	52.2
2016-05-17	131836.0	63912.0	58456.0	51025.0	56699.0	1650.0	1432.0	32.3	41.9	49.0	51.3
2016-05-24	131290.0	63141.0	60942.0	52166.0	54594.0	1579.0	1350.0	31.1	42.9	49.4	53.4
2016-05-31	133933.0	62908.0	63075.0	54523.0	53991.0	1380.0	1745.0	30.2	42.5	49.3	52.9
2016-06-07	122294.0	56319.0	52267.0	49849.0	53649.0	1021.0	1273.0	29.5	38.5	45.8	48.5
2016-06-14	121782.0	57309.0	50894.0	47824.0	53982.0	986.0	1243.0	29.8	37.3	46.8	48.1
2016-06-21	124821.0	59531.0	53896.0	46827.0	52373.0	1028.0	1117.0	30.6	37.8	48.0	48.0
2016-06-28	119815.0	55678.0	51533.0	45989.0	49893.0	820.0	1061.0	29.4	39.3	48.4	49.9
2016-07-05	120378.0	53185.0	51474.0	46765.0	48452.0	1037.0	1061.0	28.7	39.8	47.5	49.7
2016-07-12	121659.0	52432.0	52260.0	47911.0	47645.0	1108.0	1546.0	28.6	39.6	46.5	49.5
2016-07-19	120003.0	50316.0	50580.0	48561.0	48246.0	847.0	898.0	27.2	37.9	44.5	49.2
2016-07-26	112887.0	43460.0	45892.0	49763.0	47280.0	907.0	958.0	29.2	33.8	45.3	46.0
2016-08-02	104607.0	40948.0	42391.0	45617.0	44811.0	1059.0	422.0	28.0	30.9	44.7	44.8
2016-08-09	103323.0	40090.0	40811.0	45834.0	45274.0	1128.0	967.0	27.8	32.2	44.8	45.2
2016-08-16	103521.0	38524.0	40409.0	47003.0	44898.0	1197.0	1417.0	27.3	31.5	43.8	43.0
2016-08-23	105499.0	38370.0	39107.0	48150.0	47202.0	1155.0	1366.0	26.5	31.4	42.8	41.2
2016-08-30	95521.0	35927.0	33247.0	41348.0	43959.0	1093.0	1162.0	27.2	29.1	41.7	38.7
2016-09-06	92078.0	35457.0	32577.0	41351.0	44493.0	1208.0	946.0	27.3	27.5	42.8	40.3
2016-09-13	93046.0	36382.0	33276.0	41705.0	45083.0	1292.0	1020.0	27.2	27.8	42.1	42.0
2016-09-20	94652.0	36170.0	33442.0	43856.0	46754.0	1265.0	1095.0	26.8	26.6	42.4	42.2
2016-09-27	95850.0	35514.0	34454.0	45334.0	46816.0	1104.0	682.0	26.8	26.3	43.3	41.4
2016-10-04	85722.0	31434.0	29547.0	40023.0	41639.0	1145.0	1416.0	28.4	25.3	42.5	39.6
2016-10-11	86225.0	32115.0	32231.0	41215.0	41174.0	960.0	885.0	28.4	25.1	42.2	40.8
2016-10-18	86866.0	31966.0	34002.0	42298.0	40475.0	816.0	603.0	28.2	26.6	41.7	42.3
2016-10-25	88109.0	31106.0	32351.0	44181.0	43061.0	1121.0	996.0	27.9	26.5	41.2	41.9
2016-11-01	80138.0	29766.0	28189.0	37958.0	39810.0	971.0	696.0	29.9	25.1	43.9	40.3
2016-11-08	81488.0	29086.0	28205.0	38891.0	40107.0	1031.0	696.0	33.6	25.7	46.8	38.6
2016-11-15	82866.0	29095.0	27078.0	39503.0	41735.0	926.0	711.0	33.0	25.2	45.9	38.0
2016-11-22	83599.0	30776.0	27491.0	38814.0	42054.0	828.0	873.0	33.2	25.6	45.5	38.6
2016-11-29	77045.0	31188.0	25437.0	33699.0	39275.0	722.0	897.0	34.3	26.0	47.3	40.3
2016-12-06	77421.0	24607.0	32107.0	42633.0	34999.0	671.0	805.0	35.2	36.2	49.0	48.3
2016-12-13	77518.0	24389.0	32448.0	42522.0	34603.0	840.0	700.0	34.4	36.7	48.9	49.3
2016-12-20	77188.0	23462.0	30615.0	42661.0	35331.0	645.0	822.0	34.3	37.1	48.2	48.9
2016-12-27	76698.0	23587.0	30805.0	42356.0	35011.0	705.0	832.0	34.4	37.9	48.4	49.8
2017-01-03	77655.0	24239.0	35017.0	42668.0	31568.0	796.0	1118.0	34.4	41.3	48.2	51.4
2017-01-10	72895.0	23382.0	33884.0	39812.0	28937.0	982.0	1355.0	34.1	40.2	48.8	50.4
2017-01-17	74242.0	24946.0	34575.0	38914.0	28818.0	974.0	1441.0	30.9	40.9	46.4	51.3
2017-01-24	74890.0	24297.0	33455.0	39348.0	29920.0	1225.0	1495.0	31.3	40.8	45.8	50.9
2017-01-31	71566.0	23723.0	31212.0	37313.0	29476.0	1050.0	1398.0	31.9	42.3	47.6	53.1
