2012-08-07	5555.0	2765.0	1505.0	1030.0	2100.0	340.0	530.0	49.1	24.6	49.8	36.5
2012-08-14	6005.0	2910.0	1735.0	1215.0	2175.0	370.0	585.0	47.0	23.4	48.5	36.9
2012-08-21	6125.0	2880.0	2120.0	1450.0	2105.0	425.0	530.0	47.0	23.4	47.8	38.4
2012-08-28	6360.0	2990.0	2235.0	1555.0	2215.0	375.0	470.0	46.1	23.0	47.0	36.2
2012-09-04	6585.0	2990.0	2055.0	1625.0	2320.0	375.0	615.0	44.6	19.6	45.4	32.0
2012-09-11	6710.0	3260.0	2930.0	2100.0	2315.0	335.0	450.0	45.7	30.1	52.5	40.9
2012-09-18	8430.0	3335.0	4210.0	3170.0	2175.0	320.0	440.0	47.2	36.6	55.4	45.3
2012-09-25	9185.0	3470.0	4580.0	3675.0	2295.0	390.0	660.0	50.1	41.0	58.5	50.8
2012-10-02	9170.0	3555.0	3845.0	3550.0	2950.0	325.0	635.0	48.6	40.2	57.6	49.8
2012-10-09	9450.0	3870.0	3735.0	3085.0	2790.0	325.0	755.0	47.8	40.7	55.7	49.2
2012-10-16	9540.0	3840.0	3730.0	3170.0	2870.0	260.0	670.0	48.7	40.3	56.7	48.0
2012-10-23	9870.0	3885.0	3610.0	3210.0	3275.0	180.0	390.0	45.2	38.3	52.6	44.9
2012-10-30	9810.0	4320.0	4010.0	3500.0	3515.0	50.0	345.0	49.0	43.4	58.3	50.8
2012-11-06	10155.0	4435.0	3960.0	3630.0	3860.0	45.0	290.0	46.2	40.5	56.8	47.5
2012-11-13	10955.0	4620.0	4460.0	3995.0	3845.0	45.0	355.0	44.9	40.6	54.9	48.3
2012-11-20	11630.0	4675.0	4195.0	3905.0	4160.0	130.0	355.0	41.9	35.6	52.4	44.8
2012-11-27	11905.0	4800.0	4675.0	4045.0	3945.0	140.0	365.0	43.6	37.4	54.9	48.6
2012-12-04	10950.0	4845.0	2890.0	2720.0	4435.0	405.0	645.0	41.6	31.4	52.5	44.5
2012-12-11	11875.0	4925.0	3130.0	3300.0	4915.0	460.0	640.0	45.6	29.9	54.0	43.2
2012-12-18	12295.0	5000.0	3425.0	3325.0	4865.0	400.0	435.0	42.5	28.5	52.2	40.1
2012-12-24	12845.0	5500.0	3655.0	3570.0	5380.0	395.0	430.0	46.7	30.4	57.0	43.9
2012-12-31	12800.0	5500.0	3460.0	3570.0	5380.0	395.0	625.0	46.8	30.5	57.2	44.0
2013-01-08	11665.0	5815.0	3450.0	2775.0	5115.0	645.0	670.0	54.7	34.8	62.9	48.6
2013-01-15	11990.0	6060.0	3720.0	2705.0	5065.0	670.0	650.0	58.1	36.6	65.6	50.3
2013-01-22	12990.0	6095.0	4055.0	3430.0	5480.0	550.0	540.0	58.5	38.8	65.6	52.3
2013-01-29	12555.0	5940.0	3765.0	3800.0	5660.0	615.0	930.0	62.0	38.7	67.8	51.9
2013-02-05	13270.0	6160.0	4895.0	4425.0	6015.0	580.0	255.0	63.6	37.5	69.2	51.7
2013-02-12	14030.0	6170.0	4995.0	4955.0	6165.0	465.0	430.0	61.8	37.5	67.2	49.6
2013-02-19	15182.0	6498.0	5808.0	5555.0	6275.0	490.0	460.0	61.6	37.2	67.9	50.2
2013-02-26	14172.0	6450.0	5895.0	4735.0	5255.0	590.0	625.0	62.9	35.6	69.1	50.3
2013-03-05	15697.0	6485.0	6220.0	6185.0	6280.0	445.0	615.0	61.5	36.4	69.8	47.5
2013-03-12	16757.0	6070.0	6355.0	7110.0	6690.0	420.0	555.0	58.5	40.0	65.8	49.6
2013-03-19	17927.0	5837.0	6587.0	7790.0	6885.0	355.0	510.0	55.9	37.6	62.5	49.4
2013-03-26	18772.0	6302.0	6347.0	8145.0	7915.0	350.0	535.0	53.1	37.6	59.3	48.2
2013-04-02	16622.0	5952.0	6172.0	7090.0	6595.0	180.0	455.0	53.8	35.0	60.7	46.5
2013-04-09	17122.0	6002.0	6232.0	7580.0	7030.0	135.0	455.0	55.4	36.5	62.0	47.5
2013-04-16	18341.0	6791.0	5582.0	7970.0	8784.0	135.0	530.0	56.6	37.7	63.2	49.8
2013-04-23	19081.0	6767.0	6035.0	8425.0	8697.0	135.0	595.0	56.9	36.1	63.2	48.8
2013-04-30	17396.0	6614.0	6432.0	6985.0	6897.0	100.0	370.0	55.4	34.4	64.9	47.5
2013-05-07	18236.0	6284.0	6497.0	7605.0	7512.0	280.0	160.0	52.6	34.7	61.8	47.2
2013-05-14	19211.0	6395.0	6128.0	7780.0	8112.0	510.0	445.0	49.4	35.5	59.1	47.0
2013-05-21	20096.0	6332.0	6750.0	8710.0	8252.0	195.0	235.0	51.5	36.5	63.4	47.8
2013-05-28	20306.0	5942.0	6620.0	9180.0	8452.0	200.0	250.0	51.1	37.9	63.5	49.1
2013-06-04	19226.0	6067.0	6815.0	8455.0	7522.0	265.0	450.0	52.1	36.1	64.6	47.6
2013-06-11	18931.0	6462.0	7545.0	8010.0	6932.0	450.0	445.0	51.3	33.1	64.3	47.9
2013-06-18	19516.0	5817.0	7170.0	8345.0	7202.0	730.0	520.0	51.5	35.9	62.5	50.3
2013-06-25	21400.0	5812.0	7986.0	9834.0	7886.0	695.0	469.0	50.5	34.4	60.8	48.1
2013-07-02	19162.0	5492.0	8301.0	8151.0	5658.0	655.0	339.0	46.1	27.0	56.2	43.5
2013-07-09	21266.0	5633.0	9884.0	10015.0	6392.0	922.0	294.0	51.1	30.8	60.1	49.0
2013-07-16	23361.0	6173.0	10604.0	11115.0	7412.0	992.0	264.0	50.8	34.3	60.4	52.5
2013-07-23	23996.0	6143.0	11134.0	11880.0	7547.0	1012.0	354.0	51.6	34.4	62.3	53.6
2013-07-30	21976.0	5750.0	10333.0	10710.0	6405.0	837.0	559.0	51.4	33.6	62.8	49.9
2013-08-06	24046.0	5893.0	13006.0	13495.0	6280.0	827.0	929.0	58.5	36.2	69.1	52.3
2013-08-13	25697.0	6610.0	13846.0	14000.0	6765.0	461.0	460.0	58.5	37.8	67.2	52.9
2013-08-20	26312.0	6178.0	13891.0	14225.0	7035.0	923.0	400.0	58.5	38.1	65.7	52.6
2013-08-27	27117.0	6502.0	13700.0	14880.0	8175.0	738.0	245.0	59.3	39.6	66.8	56.3
2013-09-03	28059.0	6798.0	14701.0	15945.0	8455.0	598.0	185.0	57.9	36.6	66.1	54.0
2013-09-10	29834.0	6688.0	15786.0	18680.0	9820.0	443.0	205.0	68.7	40.2	74.0	56.0
2013-09-17	31336.0	6443.0	16131.0	21255.0	11635.0	347.0	279.0	74.6	42.1	80.0	61.2
2013-09-24	32490.0	6888.0	15996.0	21740.0	12700.0	416.0	348.0	74.6	42.4	79.4	60.9
2013-10-01	29921.0	5895.0	13528.0	20445.0	12405.0	357.0	764.0	81.5	34.5	84.0	52.3
2013-10-08	31172.0	5092.0	15538.0	22054.0	11244.0	354.0	718.0	81.3	30.5	83.3	49.2
2013-10-15	34069.0	4757.0	17839.0	25063.0	11932.0	469.0	518.0	79.0	30.1	82.4	50.0
2013-10-22	34733.0	5117.0	17149.0	25455.0	13189.0	649.0	883.0	79.1	33.6	82.4	53.2
2013-10-29	32299.0	4633.0	17584.0	24736.0	11410.0	290.0	665.0	81.3	35.5	85.3	56.4
2013-11-05	32238.0	4908.0	17429.0	24116.0	11370.0	260.0	485.0	79.0	32.3	83.3	52.5
2013-11-12	33584.0	5228.0	17364.0	24856.0	12110.0	243.0	853.0	76.0	33.5	80.2	52.0
2013-11-19	33999.0	5583.0	18379.0	24847.0	11601.0	288.0	738.0	74.3	34.9	80.0	54.2
2013-11-26	33804.0	5778.0	18014.0	24317.0	11696.0	358.0	743.0	72.5	33.7	77.6	53.1
2013-12-03	32277.0	6237.0	17814.0	22773.0	10777.0	286.0	705.0	71.8	32.9	78.8	53.3
2013-12-10	32737.0	6847.0	17714.0	22463.0	11102.0	286.0	780.0	71.0	31.3	78.8	51.7
2013-12-17	33505.0	7272.0	17934.0	22446.0	11020.0	251.0	1015.0	70.1	33.4	77.9	53.4
2013-12-24	33900.0	7722.0	18539.0	22436.0	10960.0	251.0	910.0	70.2	34.0	77.9	53.8
2014-01-07	32422.0	7887.0	17969.0	20968.0	10137.0	481.0	1230.0	69.8	35.8	77.3	56.1
2014-01-14	33122.0	8637.0	18874.0	20938.0	9967.0	241.0	975.0	69.0	39.5	76.4	58.8
2014-01-21	34788.0	9971.0	20113.0	21263.0	10447.0	256.0	930.0	67.0	42.5	75.5	61.9
2014-01-28	36645.0	11886.0	22538.0	21688.0	10312.0	176.0	900.0	65.0	46.0	74.8	64.6
2014-02-04	33449.0	12076.0	22334.0	19081.0	8157.0	184.0	850.0	64.8	47.0	75.6	63.3
2014-02-11	34054.0	13691.0	23509.0	18136.0	7727.0	154.0	745.0	61.0	49.9	72.8	64.2
2014-02-18	35484.0	14946.0	24447.0	18145.0	8143.0	259.0	760.0	58.4	49.3	71.8	64.4
2014-02-25	37501.0	16441.0	26927.0	18855.0	7973.0	259.0	655.0	57.0	53.4	71.1	67.8
2014-03-04	35198.0	16766.0	25553.0	16258.0	7193.0	337.0	615.0	56.7	52.1	73.6	66.6
2014-03-11	36007.0	17766.0	26033.0	15859.0	7409.0	334.0	517.0	53.6	53.0	71.5	67.4
2014-03-18	34544.0	17141.0	24103.0	14959.0	7979.0	414.0	432.0	51.4	51.9	69.2	65.6
2014-03-25	34730.0	15466.0	23688.0	16179.0	7944.0	397.0	410.0	48.3	53.4	66.0	67.2
2014-04-01	28990.0	14399.0	20103.0	12271.0	6304.0	250.0	513.0	47.2	52.4	65.9	65.6
2014-04-08	28771.0	13814.0	19273.0	12256.0	6704.0	490.0	583.0	46.6	49.7	62.2	63.7
2014-04-15	28701.0	13984.0	18288.0	11521.0	7089.0	546.0	674.0	43.1	49.8	59.9	62.0
2014-04-22	28259.0	13994.0	17088.0	10406.0	7259.0	517.0	570.0	43.8	47.9	60.6	59.5
2014-04-29	29688.0	15011.0	19351.0	11791.0	7365.0	395.0	481.0	44.6	54.8	64.1	66.4
2014-05-06	30378.0	15676.0	19521.0	11421.0	7705.0	650.0	521.0	43.8	54.5	62.8	65.9
2014-05-13	30561.0	16098.0	19813.0	11177.0	7361.0	495.0	596.0	42.9	54.5	63.5	65.4
2014-05-20	31543.0	16623.0	20678.0	11692.0	7506.0	545.0	676.0	46.3	54.6	67.4	65.4
2014-05-27	31819.0	16613.0	20618.0	11712.0	7666.0	480.0	521.0	46.4	54.5	67.3	64.8
2014-06-03	29463.0	16442.0	20183.0	10286.0	6601.0	415.0	359.0	49.6	53.5	70.1	67.0
2014-06-10	29603.0	15912.0	19818.0	10811.0	6786.0	505.0	624.0	47.3	50.5	65.4	64.7
2014-06-17	30483.0	16187.0	20438.0	11221.0	6916.0	595.0	649.0	46.9	51.6	66.4	65.4
2014-06-24	31448.0	15542.0	20008.0	11746.0	7221.0	640.0	699.0	46.4	50.6	63.8	62.9
2014-07-01	30176.0	14836.0	19608.0	11546.0	6457.0	660.0	977.0	47.4	52.2	65.4	65.3
2014-07-08	30867.0	14036.0	19338.0	12301.0	7127.0	830.0	702.0	45.7	50.4	64.3	64.0
2014-07-15	31943.0	13981.0	20208.0	13132.0	6988.0	790.0	707.0	46.6	49.4	65.7	62.4
2014-07-22	31497.0	12226.0	19650.0	14067.0	6668.0	820.0	795.0	48.1	50.5	64.1	63.4
2014-07-29	31306.0	11077.0	18774.0	13992.0	5740.0	2506.0	3061.0	44.2	46.0	58.1	57.6
2014-08-05	30367.0	11738.0	20050.0	14092.0	5410.0	595.0	965.0	47.6	50.7	62.7	64.9
2014-08-12	30538.0	11386.0	19783.0	13917.0	5520.0	565.0	565.0	49.3	51.2	63.3	62.8
2014-08-19	30890.0	11626.0	19913.0	13887.0	5545.0	610.0	665.0	47.5	51.8	61.6	63.7
2014-08-26	31439.0	12376.0	20468.0	13797.0	5580.0	645.0	770.0	46.4	51.2	60.3	63.2
2014-09-02	33561.0	12916.0	22350.0	15187.0	5668.0	640.0	725.0	46.1	51.4	59.4	63.9
2014-09-09	33171.0	13557.0	22489.0	14222.0	5370.0	655.0	575.0	44.7	51.7	59.1	66.2
2014-09-16	34619.0	14217.0	23129.0	14877.0	6100.0	705.0	570.0	43.5	50.8	59.0	65.4
2014-09-23	36395.0	15179.0	23946.0	15127.0	6440.0	615.0	535.0	42.3	49.1	56.5	63.4
2014-09-30	34047.0	15497.0	23697.0	12910.0	4810.0	730.0	630.0	48.1	49.3	67.2	65.1
2014-10-07	38592.0	16917.0	25712.0	15890.0	7095.0	700.0	700.0	42.7	46.6	60.0	66.9
2014-10-14	38241.0	16402.0	25082.0	15410.0	6715.0	685.0	700.0	43.9	46.3	59.9	63.3
2014-10-21	40254.0	17820.0	26536.0	15272.0	6606.0	675.0	625.0	45.1	48.4	61.6	62.7
2014-10-28	40756.0	18275.0	26372.0	15895.0	7563.0	680.0	915.0	46.0	45.8	62.4	61.4
2014-11-04	36909.0	18019.0	24733.0	14580.0	7491.0	695.0	1070.0	49.1	44.5	65.1	64.1
2014-11-11	37258.0	17836.0	24486.0	15112.0	8157.0	665.0	970.0	49.0	43.6	65.3	62.8
2014-11-18	38155.0	18661.0	24011.0	15142.0	9162.0	675.0	1305.0	47.2	41.6	66.0	62.6
2014-11-25	37830.0	18461.0	23821.0	15272.0	9612.0	810.0	1110.0	49.2	40.6	66.3	62.7
2014-12-02	34292.0	17440.0	22212.0	13649.0	8552.0	640.0	965.0	51.7	41.3	68.5	64.6
2014-12-09	34402.0	17910.0	22297.0	13249.0	8732.0	665.0	795.0	52.1	42.5	69.0	64.4
2014-12-16	34213.0	17871.0	21872.0	12793.0	8622.0	680.0	850.0	52.4	43.6	68.5	64.9
2014-12-23	33454.0	17302.0	21163.0	12613.0	8462.0	695.0	985.0	52.2	43.6	69.1	64.1
2014-12-30	30493.0	16851.0	20044.0	11175.0	7677.0	630.0	935.0	53.1	45.8	71.7	67.7
2015-01-06	31063.0	17481.0	20324.0	10670.0	7787.0	885.0	925.0	52.0	47.8	70.5	66.1
2015-01-13	31763.0	17691.0	19829.0	11160.0	8992.0	915.0	945.0	51.8	46.0	65.9	64.9
2015-01-20	33574.0	20246.0	19971.0	10387.0	10977.0	1070.0	755.0	50.2	46.0	63.4	64.0
2015-01-27	33814.0	20156.0	19659.0	10535.0	11357.0	1060.0	735.0	48.5	45.1	63.0	62.8
2015-02-03	31252.0	18104.0	16654.0	9720.0	11370.0	960.0	760.0	47.8	42.6	60.9	60.0
2015-02-10	31873.0	19204.0	17543.0	9340.0	11141.0	805.0	665.0	49.0	45.2	62.5	63.0
2015-02-17	32648.0	19399.0	17803.0	9995.0	11766.0	780.0	605.0	50.7	44.6	64.4	62.8
2015-02-24	32878.0	20069.0	18028.0	9540.0	11851.0	925.0	655.0	52.2	44.8	66.0	63.4
2015-03-03	30215.0	18420.0	16561.0	8950.0	10994.0	815.0	630.0	55.5	45.6	68.6	64.0
2015-03-10	30718.0	18720.0	16511.0	9180.0	11599.0	823.0	613.0	54.9	46.3	68.3	65.3
2015-03-17	30753.0	18827.0	16398.0	8975.0	11619.0	823.0	608.0	53.5	46.1	67.0	66.0
2015-03-24	31159.0	19450.0	16346.0	8925.0	12134.0	835.0	730.0	54.0	44.8	67.0	64.4
2015-03-31	29177.0	18641.0	15944.0	8060.0	10707.0	755.0	805.0	57.8	46.2	71.1	65.7
2015-04-07	29481.0	19058.0	16176.0	7920.0	10777.0	765.0	790.0	58.6	45.5	70.8	64.2
2015-04-14	31571.0	19313.0	16521.0	8970.0	11772.0	770.0	760.0	56.8	42.7	69.7	58.3
2015-04-21	32983.0	20193.0	17201.0	9285.0	12352.0	800.0	725.0	57.2	42.5	70.1	57.5
2015-04-28	31488.0	18992.0	16557.0	9125.0	11630.0	765.0	695.0	56.2	43.6	68.7	58.8
2015-05-05	32367.0	19001.0	16046.0	9375.0	12430.0	820.0	720.0	55.2	46.0	67.8	59.9
2015-05-12	33166.0	20067.0	16242.0	9510.0	13535.0	805.0	605.0	54.4	46.2	67.3	59.0
2015-05-19	33808.0	20647.0	16772.0	9610.0	13710.0	820.0	595.0	53.3	46.3	67.7	60.5
2015-05-26	33963.0	20942.0	16762.0	9460.0	13810.0	820.0	650.0	52.5	45.5	67.5	60.2
2015-06-02	30606.0	18392.0	15020.0	8721.0	12203.0	765.0	655.0	55.6	48.0	68.8	61.3
2015-06-09	31136.0	19087.0	10406.0	8896.0	17772.0	810.0	615.0	53.5	45.9	67.8	61.4
2015-06-16	31876.0	19452.0	9316.0	8671.0	18977.0	687.0	517.0	54.5	46.1	68.1	60.6
2015-06-23	33654.0	20190.0	8991.0	8813.0	20252.0	620.0	380.0	54.3	43.4	67.3	61.0
2015-06-30	32409.0	20085.0	9431.0	7560.0	18114.0	546.0	646.0	56.2	42.4	67.6	60.0
2015-07-07	33276.0	20055.0	10511.0	8180.0	17924.0	656.0	456.0	54.9	39.4	65.7	59.4
2015-07-14	33521.0	20590.0	10741.0	8100.0	17724.0	473.0	698.0	54.8	39.4	66.9	58.7
2015-07-21	34125.0	21131.0	11482.0	8530.0	17939.0	543.0	783.0	55.0	39.8	68.0	58.5
2015-07-28	34192.0	21336.0	11032.0	8544.0	18943.0	546.0	451.0	55.0	39.1	67.8	58.4
2015-08-04	31135.0	19877.0	11202.0	7551.0	16261.0	600.0	565.0	58.6	41.0	69.9	58.5
2015-08-11	31546.0	20252.0	11392.0	7901.0	16946.0	748.0	563.0	59.4	43.8	72.2	61.6
2015-08-18	32283.0	20652.0	11458.0	8251.0	17705.0	768.0	508.0	58.2	43.9	70.1	61.6
2015-08-25	32934.0	21130.0	12124.0	8380.0	17577.0	703.0	512.0	58.6	45.4	70.7	63.3
2015-09-01	31161.0	20190.0	12162.0	8341.0	16425.0	584.0	528.0	60.7	45.9	72.6	64.7
2015-09-08	31937.0	20210.0	10793.0	8527.0	17964.0	599.0	579.0	60.0	46.9	71.6	64.1
2015-09-15	33665.0	21381.0	10473.0	8826.0	19764.0	595.0	565.0	60.5	49.2	71.4	64.2
2015-09-22	35589.0	21966.0	10248.0	9268.0	21146.0	534.0	374.0	57.7	49.1	69.1	64.4
2015-09-29	34200.0	20150.0	8590.0	9169.0	20799.0	417.0	347.0	60.2	48.2	69.6	65.0
2015-10-06	37425.0	22415.0	9785.0	9373.0	22043.0	507.0	467.0	55.2	48.6	67.2	66.9
2015-10-13	38812.0	22535.0	9120.0	9410.0	23035.0	647.0	437.0	55.3	47.4	67.1	66.5
2015-10-20	39546.0	22689.0	9754.0	10019.0	22949.0	575.0	580.0	54.6	45.2	66.2	63.8
2015-10-27	39662.0	22390.0	10320.0	10294.0	22559.0	625.0	430.0	53.5	45.9	64.2	62.6
2015-11-03	37700.0	21508.0	10623.0	10755.0	21665.0	380.0	355.0	55.6	50.3	64.7	64.8
2015-11-10	37655.0	21653.0	12078.0	11150.0	20750.0	380.0	355.0	56.1	46.8	65.4	65.5
2015-11-17	39440.0	22313.0	10813.0	11332.0	23100.0	623.0	355.0	51.7	46.7	62.4	61.0
2015-11-24	42161.0	23918.0	9533.0	11627.0	26430.0	813.0	395.0	50.1	46.5	60.1	64.1
2015-12-01	39796.0	23341.0	8391.0	10778.0	26096.0	733.0	365.0	50.5	48.8	60.2	65.2
2015-12-08	34093.0	17432.0	8222.0	11523.0	21071.0	698.0	360.0	48.9	32.8	56.6	53.4
2015-12-15	34027.0	17437.0	8032.0	11223.0	21066.0	783.0	345.0	48.9	33.8	57.3	54.8
2015-12-22	34296.0	17657.0	8167.0	11568.0	21456.0	728.0	330.0	48.4	34.0	57.3	54.6
2015-12-29	34402.0	17647.0	8117.0	11678.0	21606.0	753.0	355.0	48.2	34.3	57.2	54.4
2016-01-05	30465.0	17463.0	6388.0	9099.0	20412.0	543.0	305.0	54.8	42.9	64.3	64.0
2016-01-12	30846.0	18590.0	6880.0	8792.0	20760.0	623.0	365.0	55.5	45.7	65.4	66.6
2016-01-19	31861.0	18735.0	7220.0	9120.0	21038.0	738.0	335.0	54.1	45.9	64.3	66.1
2016-01-26	33277.0	19890.0	6345.0	8898.0	22751.0	613.0	305.0	54.2	48.4	64.4	66.7
2016-02-02	30709.0	18492.0	4868.0	7361.0	21469.0	844.0	360.0	56.0	50.0	66.2	68.0
2016-02-09	30639.0	19029.0	3830.0	6536.0	22009.0	619.0	345.0	55.1	51.7	64.6	69.2
2016-02-16	31263.0	19140.0	4811.0	7204.0	21807.0	659.0	385.0	54.3	49.2	64.8	66.6
2016-02-23	30237.0	18790.0	5292.0	6541.0	20358.0	679.0	360.0	53.6	46.5	64.8	65.5
2016-03-01	26932.0	16468.0	4935.0	5947.0	17800.0	660.0	340.0	52.8	44.6	64.6	66.5
2016-03-08	27634.0	17223.0	3570.0	5073.0	18946.0	540.0	320.0	50.5	51.3	63.1	68.5
2016-03-15	28369.0	16882.0	3603.0	5789.0	19376.0	585.0	277.0	45.7	48.7	58.8	65.7
2016-03-22	28880.0	17391.0	4292.0	6100.0	19394.0	480.0	285.0	45.1	44.7	57.4	62.5
2016-03-29	25692.0	15541.0	4737.0	5612.0	16622.0	466.0	260.0	45.7	46.6	57.9	64.9
2016-04-05	25767.0	16866.0	4797.0	5064.0	17339.0	446.0	240.0	47.3	48.3	63.3	69.3
2016-04-12	26310.0	16886.0	4602.0	5044.0	17499.0	396.0	225.0	47.3	45.7	63.6	66.6
2016-04-19	27143.0	16768.0	4319.0	5252.0	17932.0	401.0	170.0	45.0	46.1	60.5	66.0
2016-04-26	28160.0	17548.0	4122.0	6106.0	19778.0	401.0	155.0	45.0	43.1	57.6	63.8
2016-05-03	25743.0	15404.0	4199.0	6041.0	17503.0	377.0	120.0	44.3	41.7	55.6	62.1
2016-05-10	25782.0	15679.0	4354.0	6160.0	17697.0	362.0	150.0	44.5	41.2	56.5	62.5
2016-05-17	26464.0	16079.0	4514.0	6322.0	18154.0	462.0	195.0	44.1	41.1	56.2	61.4
2016-05-24	26786.0	16019.0	4544.0	6464.0	18311.0	567.0	195.0	43.9	40.1	56.9	60.7
2016-05-31	27044.0	16144.0	4664.0	6477.0	18324.0	577.0	210.0	43.7	39.5	57.1	60.9
2016-06-07	22056.0	13905.0	4781.0	4901.0	14313.0	473.0	185.0	47.4	45.3	60.7	67.7
2016-06-14	22214.0	14390.0	5001.0	4949.0	14686.0	518.0	170.0	47.5	46.9	62.1	69.8
2016-06-21	21753.0	14085.0	4751.0	4750.0	14467.0	563.0	180.0	49.1	43.4	61.7	65.6
2016-06-28	17882.0	11631.0	3408.0	3301.0	12027.0	1003.0	500.0	53.9	47.4	64.8	62.9
2016-07-05	17964.0	11636.0	3453.0	3106.0	11742.0	974.0	521.0	54.0	50.0	64.8	66.0
2016-07-12	17961.0	11621.0	3493.0	3056.0	11712.0	986.0	458.0	53.7	47.7	64.2	64.0
2016-07-19	18261.0	11571.0	3718.0	3236.0	11657.0	1058.0	490.0	52.4	47.4	62.7	62.8
2016-07-26	18546.0	11596.0	3533.0	3426.0	12177.0	998.0	310.0	52.1	46.8	61.7	61.9
2016-08-02	17266.0	10866.0	3354.0	3532.0	11534.0	615.0	125.0	53.3	45.7	62.6	60.8
2016-08-09	16969.0	10801.0	3304.0	3365.0	11427.0	725.0	160.0	53.5	47.3	63.1	64.0
2016-08-16	17258.0	10931.0	3174.0	3305.0	11717.0	830.0	175.0	53.2	48.2	63.1	65.4
2016-08-23	18249.0	12209.0	4077.0	3229.0	11911.0	650.0	100.0	52.8	49.7	64.4	67.5
2016-08-30	17195.0	11520.0	3079.0	2725.0	11547.0	626.0	245.0	52.9	49.7	64.5	66.3
2016-09-06	18459.0	12070.0	3344.0	2760.0	12012.0	626.0	100.0	51.6	49.5	63.0	65.9
2016-09-13	19439.0	12880.0	3784.0	2845.0	12347.0	486.0	80.0	51.6	48.6	62.8	65.1
2016-09-20	20048.0	13371.0	3839.0	2893.0	12771.0	486.0	140.0	51.5	47.6	62.8	64.4
2016-09-27	20671.0	13921.0	4219.0	3003.0	12971.0	436.0	170.0	50.9	46.7	63.0	64.9
2016-10-04	18389.0	12252.0	2741.0	2519.0	12482.0	643.0	191.0	53.6	46.0	63.6	65.3
2016-10-11	19447.0	12627.0	2597.0	2549.0	13096.0	653.0	136.0	51.9	45.3	60.9	66.5
2016-10-18	19742.0	12822.0	2407.0	2643.0	13620.0	733.0	171.0	51.9	46.4	60.3	67.1
2016-10-25	19890.0	12911.0	2397.0	2726.0	13827.0	758.0	171.0	52.9	47.0	61.0	66.3
2016-11-01	17568.0	11767.0	2699.0	2176.0	11765.0	690.0	169.0	55.6	43.3	63.8	61.7
2016-11-08	17581.0	11613.0	2655.0	2196.0	11665.0	670.0	159.0	55.2	43.0	63.2	61.3
2016-11-15	18430.0	13020.0	3159.0	2051.0	12414.0	638.0	136.0	56.5	41.4	65.7	60.0
2016-11-22	17989.0	12795.0	3344.0	2631.0	12529.0	583.0	136.0	58.3	42.5	67.3	62.7
2016-11-29	15954.0	11683.0	3643.0	2570.0	10948.0	453.0	115.0	59.7	44.1	70.4	65.4
2016-12-06	15747.0	10823.0	3313.0	3373.0	11001.0	423.0	305.0	54.8	44.1	66.3	63.0
2016-12-13	18008.0	11093.0	3183.0	5288.0	13386.0	448.0	260.0	48.9	40.1	60.3	54.2
2016-12-20	18350.0	10851.0	3293.0	5799.0	13585.0	478.0	250.0	48.6	41.1	60.5	55.2
2016-12-27	18433.0	11021.0	3278.0	5749.0	13710.0	468.0	250.0	48.8	41.6	61.0	55.9
2017-01-03	18832.0	11056.0	4093.0	6163.0	13359.0	483.0	250.0	47.6	42.2	59.8	56.5
2017-01-10	15644.0	9005.0	3037.0	5336.0	11243.0	494.0	555.0	48.0	45.7	59.9	57.9
2017-01-17	15277.0	9035.0	2912.0	4820.0	10837.0	454.0	560.0	50.0	45.9	61.8	58.4
2017-01-24	16076.0	9926.0	3157.0	4590.0	11253.0	404.0	510.0	48.7	46.0	63.7	58.5
2017-01-31	13778.0	8969.0	2821.0	3307.0	9431.0	441.0	465.0	51.8	47.8	67.7	61.7
