2012-09-04	91842.0	6432.0	766.0	81388.0	87051.0	51.0	54.0	41.2	40.4	42.9	42.7
2012-09-11	92083.0	5882.0	912.0	82230.0	87196.0	0.0	4.0	41.7	40.7	43.4	43.0
2012-09-18	95053.0	1457.0	1012.0	89575.0	90012.0	0.0	8.0	38.1	39.0	41.0	40.6
2012-09-25	94706.0	130.0	1977.0	91525.0	89678.0	0.0	0.0	38.8	37.3	40.2	39.6
2012-10-02	95474.0	130.0	2152.0	92468.0	90446.0	0.0	0.0	39.0	37.3	40.3	39.8
2012-10-09	94696.0	102.0	2307.0	91774.0	89556.0	0.0	13.0	40.6	38.5	41.9	41.2
2012-10-16	94888.0	102.0	2032.0	91911.0	89981.0	24.0	24.0	44.6	42.3	45.9	45.1
2012-10-23	95639.0	102.0	2085.0	92686.0	90703.0	0.0	0.0	46.0	43.7	47.3	46.5
2012-10-30	93503.0	102.0	2043.0	90531.0	88590.0	0.0	0.0	44.3	41.8	45.6	44.6
2012-11-06	96715.0	27.0	1898.0	93043.0	91172.0	0.0	0.0	43.9	41.6	45.1	44.2
2012-11-20	95286.0	27.0	1079.0	90333.0	89281.0	0.0	0.0	38.5	37.7	39.9	39.2
2012-11-27	98568.0	27.0	954.0	92300.0	91373.0	0.0	0.0	34.6	32.9	35.0	34.3
2013-06-18	187486.0	14427.0	4671.0	172158.0	181914.0	0.0	0.0	50.2	49.4	51.1	51.1
2013-06-25	161704.0	14767.0	5681.0	146013.0	155099.0	0.0	0.0	69.0	73.8	76.0	76.1
2013-07-02	161776.0	14765.0	6128.0	146082.0	154719.0	0.0	0.0	69.0	73.7	76.0	76.0
2013-07-09	161945.0	14818.0	6118.0	144524.0	153229.0	5.0	0.0	68.7	73.4	75.7	75.8
2013-07-16	162097.0	14750.0	6121.0	144460.0	153094.0	5.0	0.0	68.8	73.4	75.7	75.7
2013-07-23	161623.0	14751.0	6070.0	143985.0	152671.0	5.0	0.0	68.9	73.6	75.9	75.9
2013-07-30	162993.0	15603.0	5097.0	143985.0	154496.0	5.0	0.0	67.0	72.7	74.2	74.4
2013-08-06	163390.0	15669.0	5042.0	143842.0	154469.0	0.0	0.0	65.6	71.9	73.3	73.7
2013-08-13	162510.0	15852.0	4649.0	142790.0	153993.0	0.0	0.0	64.0	71.6	73.0	73.4
2013-08-20	165215.0	16117.0	4620.0	145100.0	156597.0	0.0	0.0	63.5	71.5	72.7	73.2
2013-08-27	165493.0	16493.0	4620.0	145020.0	156893.0	0.0	0.0	62.9	71.0	72.2	72.7
2013-09-03	165230.0	16657.0	4620.0	144615.0	156652.0	0.0	0.0	62.8	70.9	72.1	72.6
2013-09-10	163921.0	16809.0	4620.0	143349.0	155552.0	31.0	17.0	63.3	71.5	72.6	73.2
2013-09-17	167623.0	16907.0	4570.0	146988.0	159344.0	22.0	3.0	61.9	70.0	71.0	71.6
2013-09-24	168528.0	16808.0	4770.0	148089.0	160139.0	17.0	5.0	61.6	69.7	70.7	71.3
2013-10-01	168395.0	16810.0	4995.0	147809.0	159636.0	17.0	5.0	61.6	69.9	70.9	71.5
2013-10-08	168336.0	16903.0	4995.0	147516.0	159436.0	17.0	5.0	61.7	69.9	70.9	71.5
2013-10-15	169091.0	16728.0	5095.0	147666.0	159316.0	22.0	5.0	61.1	69.6	70.3	70.9
2013-11-19	173650.0	18144.0	5245.0	149886.0	162790.0	5.0	0.0	56.7	67.8	67.8	68.5
2013-11-26	173150.0	18244.0	5195.0	149286.0	162340.0	5.0	0.0	57.0	68.1	68.1	68.8
2013-12-03	170902.0	18294.0	4345.0	147041.0	160990.0	0.0	0.0	57.7	68.2	68.4	69.1
2013-12-10	170936.0	18320.0	1395.0	145528.0	162453.0	0.0	0.0	55.9	66.5	66.5	67.3
2013-12-17	124536.0	23242.0	2819.0	100884.0	121307.0	1.0	1.0	70.1	88.8	86.6	89.2
2013-12-24	124660.0	23231.0	2818.0	101019.0	121432.0	0.0	0.0	70.0	88.8	86.6	89.3
2014-01-07	124661.0	23228.0	2820.0	101019.0	121427.0	6.0	6.0	70.0	88.8	86.6	89.3
2014-01-28	124289.0	22830.0	1968.0	101174.0	122032.0	15.0	19.0	67.7	88.1	85.7	88.5
2014-02-04	126121.0	22843.0	1968.0	100056.0	120982.0	51.0	0.0	66.1	86.7	84.4	87.2
2014-02-11	124097.0	22970.0	1968.0	96980.0	117982.0	0.0	0.0	62.8	85.3	82.9	85.8
2014-02-18	119563.0	23466.0	1968.0	91955.0	113462.0	19.0	10.0	60.4	86.5	83.5	86.9
2014-02-25	118548.0	23749.0	1968.0	90676.0	112457.0	0.0	0.0	60.2	87.2	84.2	87.7
2014-03-04	111253.0	25702.0	1968.0	81680.0	105414.0	0.0	0.0	62.8	87.5	84.1	88.0
2014-03-11	112348.0	26397.0	968.0	81660.0	107089.0	0.0	0.0	62.1	85.6	81.7	86.0
2014-03-18	114396.0	26708.0	968.0	83388.0	109133.0	11.0	6.0	62.7	84.0	83.2	84.9
2014-03-25	114243.0	26789.0	968.0	83547.0	109368.0	0.0	0.0	63.4	84.4	84.3	85.7
2014-04-01	114123.0	26407.0	968.0	83749.0	109188.0	0.0	0.0	63.2	84.4	84.2	85.5
2014-04-08	114045.0	26397.0	968.0	83749.0	109178.0	0.0	0.0	63.3	84.4	84.2	85.5
2014-04-15	114032.0	26350.0	968.0	83749.0	109131.0	0.0	0.0	63.3	84.4	84.2	85.5
2014-04-22	114019.0	26350.0	968.0	83749.0	109131.0	0.0	0.0	63.3	84.4	84.2	85.5
2014-04-29	113985.0	26327.0	968.0	83749.0	109108.0	0.0	0.0	63.3	84.4	84.3	85.5
2014-05-06	113886.0	26308.0	968.0	83681.0	109021.0	0.0	0.0	63.4	84.5	84.3	85.6
