2012-09-25	25817.0	8617.0	8034.0	7821.0	7777.0	4206.0	4833.0	27.8	33.4	39.1	40.8
2013-08-13	23199.0	5347.0	5536.0	10257.0	9694.0	2788.0	3162.0	25.9	21.8	34.4	32.4
2013-08-20	23929.0	5552.0	6186.0	10802.0	9652.0	2746.0	3262.0	28.2	24.3	36.7	34.1
2013-08-27	28650.0	9025.0	8658.0	13255.0	13634.0	2277.0	2265.0	32.3	31.3	42.7	42.8
2013-09-17	26366.0	5729.0	6157.0	12360.0	12434.0	3320.0	2818.0	23.3	23.5	30.9	33.4
2013-09-24	29770.0	6432.0	4739.0	13142.0	15340.0	3262.0	2757.0	22.8	22.1	28.9	31.8
2013-10-22	32712.0	3782.0	5026.0	18469.0	17902.0	4753.0	4076.0	31.6	34.8	39.6	42.2
2013-11-12	33715.0	3144.0	5433.0	18554.0	16268.0	4384.0	4381.0	30.5	31.1	35.3	35.3
2013-11-19	35480.0	2904.0	6264.0	20033.0	17334.0	4179.0	3518.0	30.4	29.5	36.9	35.7
2013-12-10	51952.0	3357.0	23632.0	38662.0	19588.0	4663.0	3462.0	49.4	48.3	54.7	54.6
2013-12-17	54912.0	4791.0	24415.0	38747.0	19926.0	5427.0	4624.0	43.7	45.8	51.6	53.5
2013-12-24	68443.0	7163.0	29289.0	44876.0	24727.0	5408.0	3431.0	37.1	38.3	47.1	48.0
2014-01-07	64802.0	4312.0	23881.0	43628.0	25602.0	5545.0	4002.0	39.0	41.6	45.6	46.5
2014-01-14	65566.0	3332.0	22673.0	44192.0	26380.0	5800.0	4271.0	36.5	39.8	43.5	45.1
2014-01-21	71520.0	3545.0	25589.0	49489.0	28399.0	4270.0	3316.0	37.7	39.8	47.8	47.3
2014-01-28	77941.0	7849.0	28415.0	51893.0	31779.0	3221.0	2769.0	36.9	43.3	45.9	49.0
2014-02-04	71172.0	2574.0	32665.0	55164.0	25486.0	2548.0	2135.0	44.0	45.5	53.6	57.7
2014-02-11	76213.0	2365.0	35223.0	57842.0	26289.0	3694.0	2389.0	43.1	45.4	52.7	55.8
2014-02-18	94355.0	18864.0	51036.0	57434.0	27024.0	4108.0	2346.0	35.6	61.8	46.6	64.9
2014-02-25	107581.0	28260.0	61797.0	59334.0	27818.0	4565.0	2544.0	32.2	65.0	44.6	67.4
2014-03-04	59432.0	963.0	19728.0	43666.0	26875.0	4561.0	2587.0	39.3	46.2	46.7	51.3
2014-03-11	64531.0	4084.0	22453.0	45194.0	28129.0	4766.0	3462.0	38.7	48.1	48.0	52.5
2014-03-18	73003.0	6411.0	27470.0	49361.0	29857.0	4520.0	2965.0	37.6	49.7	45.8	53.8
2014-03-25	78448.0	8120.0	30619.0	51003.0	29880.0	4109.0	2733.0	35.6	47.3	44.1	54.1
2014-04-01	62153.0	452.0	20057.0	45060.0	27421.0	4697.0	2731.0	46.9	43.2	52.1	54.2
2014-04-08	63058.0	472.0	19474.0	45025.0	26980.0	4968.0	4011.0	45.1	42.0	52.0	52.2
2014-04-15	65928.0	1990.0	20638.0	46338.0	28105.0	4756.0	4341.0	43.6	40.2	51.8	50.7
2014-04-22	67687.0	2531.0	21251.0	46927.0	28234.0	5077.0	5050.0	42.1	38.6	50.0	49.1
2014-04-29	61216.0	375.0	21673.0	46327.0	25347.0	5320.0	5002.0	44.8	48.4	56.4	57.7
2014-05-06	62618.0	956.0	23391.0	47824.0	25533.0	5380.0	5236.0	44.9	49.0	56.5	57.8
2014-05-13	67557.0	3944.0	26278.0	49864.0	27383.0	4266.0	4413.0	42.0	46.9	58.2	58.0
2014-05-20	73711.0	3771.0	30767.0	55162.0	27551.0	4749.0	5364.0	45.2	50.0	59.8	59.6
2014-05-27	78474.0	5753.0	30550.0	56474.0	31545.0	4448.0	4580.0	42.4	46.8	56.8	56.3
2014-06-03	70016.0	3574.0	30677.0	53387.0	26688.0	4649.0	4245.0	47.7	53.6	61.5	64.0
2014-06-10	72965.0	3214.0	31857.0	56093.0	27103.0	4508.0	4855.0	48.4	50.9	61.2	61.4
2014-06-17	75472.0	3288.0	32187.0	56627.0	27905.0	4742.0	4565.0	46.9	48.7	58.6	58.8
2014-06-24	81107.0	6416.0	36052.0	57855.0	29427.0	5419.0	4211.0	44.4	49.0	55.5	58.6
2014-07-01	73825.0	2449.0	30943.0	57035.0	30210.0	5239.0	3570.0	47.7	46.6	58.0	59.1
2014-07-08	75015.0	1891.0	30672.0	57451.0	30267.0	5606.0	4009.0	47.5	43.8	57.2	55.9
2014-07-15	77693.0	2584.0	31274.0	58022.0	31353.0	6309.0	4288.0	46.3	42.8	55.4	55.0
2014-07-22	94480.0	9468.0	37716.0	63478.0	35035.0	3856.0	4051.0	43.2	37.7	53.5	49.4
2014-07-29	78344.0	3591.0	30204.0	59936.0	32273.0	4014.0	5064.0	46.0	41.9	55.2	55.2
2014-08-05	82109.0	4299.0	33144.0	61801.0	32233.0	4028.0	4751.0	45.4	37.4	54.2	54.1
2014-08-12	82926.0	4912.0	32419.0	61502.0	33341.0	3868.0	4522.0	43.6	36.5	52.8	52.1
2014-08-19	86093.0	3793.0	33546.0	61503.0	32899.0	5890.0	4741.0	44.2	34.8	52.2	52.1
2014-08-26	90337.0	4061.0	31738.0	62498.0	35266.0	5735.0	5290.0	41.5	33.8	48.6	48.3
2014-09-02	78174.0	4162.0	31083.0	56656.0	30752.0	5557.0	4540.0	42.8	35.0	51.6	52.6
2014-09-09	80105.0	4270.0	31750.0	57702.0	30877.0	5729.0	5074.0	42.4	35.2	50.8	52.7
2014-09-16	80791.0	5360.0	30864.0	56915.0	32021.0	5781.0	5171.0	40.9	36.2	48.6	52.5
2014-09-23	86242.0	6898.0	30587.0	59305.0	35506.0	5304.0	5414.0	39.0	34.4	46.5	48.4
2014-09-30	69006.0	4067.0	13547.0	44513.0	34720.0	5081.0	5394.0	29.5	29.1	38.5	38.9
2014-10-07	69607.0	3668.0	14523.0	45345.0	34191.0	5074.0	5373.0	29.3	27.3	37.9	37.7
2014-10-14	74443.0	5206.0	16905.0	47862.0	35362.0	4930.0	5731.0	29.3	27.4	36.2	37.2
2014-10-21	81330.0	5670.0	22065.0	52579.0	36126.0	5419.0	5477.0	30.2	25.9	37.5	38.2
2014-10-28	92721.0	11975.0	30823.0	55977.0	36812.0	4638.0	4955.0	32.6	27.4	41.5	40.0
2014-11-04	72953.0	3938.0	14309.0	42252.0	33675.0	6283.0	4489.0	24.9	24.9	31.5	33.4
2014-11-11	78091.0	3771.0	13101.0	45513.0	37661.0	5533.0	4055.0	24.0	25.8	29.9	32.6
2014-11-18	81119.0	5539.0	11583.0	47236.0	40759.0	5773.0	6206.0	24.3	29.2	31.0	34.4
2014-11-25	71621.0	6516.0	10084.0	44030.0	39737.0	4686.0	5411.0	27.3	32.2	33.6	39.4
2014-12-02	73266.0	7959.0	12016.0	44205.0	39392.0	4815.0	5571.0	27.0	32.0	35.6	40.4
2014-12-09	76200.0	9584.0	11193.0	44834.0	42322.0	4651.0	5554.0	25.3	32.2	33.7	40.3
2014-12-16	79034.0	9816.0	10686.0	46309.0	44711.0	5045.0	5773.0	24.2	30.2	31.2	37.6
2014-12-23	87794.0	13694.0	7543.0	46597.0	51434.0	4413.0	5727.0	22.1	28.9	28.6	35.3
2014-12-30	72342.0	8944.0	13030.0	44259.0	38203.0	4447.0	6417.0	25.4	31.8	34.0	40.3
2015-01-06	75682.0	11447.0	13545.0	43808.0	41141.0	5483.0	6052.0	25.8	34.1	34.4	41.7
2015-01-13	77776.0	12015.0	13120.0	45870.0	42258.0	4877.0	7384.0	25.4	31.9	33.4	39.4
2015-01-20	86989.0	14763.0	17325.0	47807.0	42162.0	4873.0	7956.0	25.3	29.1	32.8	36.1
2015-01-27	102004.0	18397.0	23156.0	53119.0	46400.0	5130.0	7090.0	25.0	28.2	32.0	35.3
2015-02-03	103392.0	27031.0	37088.0	55914.0	42718.0	3797.0	6936.0	32.9	30.5	40.6	41.5
2015-02-10	109466.0	29787.0	42329.0	59340.0	44145.0	3059.0	5712.0	31.3	31.7	39.3	42.9
2015-02-17	117055.0	33051.0	47109.0	61451.0	45361.0	3103.0	5135.0	29.4	30.5	37.9	44.9
2015-02-24	119853.0	31935.0	50287.0	65299.0	47709.0	2766.0	2004.0	27.0	31.2	34.1	43.6
2015-03-03	92621.0	14480.0	31664.0	57514.0	40600.0	4848.0	4578.0	28.4	34.5	35.3	42.1
2015-03-10	93601.0	12267.0	30217.0	58365.0	41459.0	5070.0	4026.0	25.7	32.4	32.4	39.6
2015-03-17	99385.0	17408.0	32627.0	57542.0	43016.0	5037.0	4344.0	26.9	31.8	33.9	38.7
2015-03-24	106139.0	17616.0	34661.0	59847.0	43417.0	6122.0	5507.0	24.8	30.3	32.5	36.5
2015-03-31	83871.0	7760.0	16341.0	50827.0	39662.0	5908.0	8492.0	24.7	29.4	32.6	33.7
2015-04-07	84689.0	8693.0	19348.0	50559.0	39719.0	5904.0	6089.0	24.4	30.0	32.0	35.8
2015-04-14	90537.0	15108.0	26645.0	52852.0	40856.0	6068.0	6527.0	29.5	34.1	38.3	41.2
2015-04-21	96705.0	14695.0	26757.0	54187.0	42328.0	7562.0	7359.0	26.9	32.4	36.1	39.7
2015-04-28	86896.0	17899.0	29574.0	50186.0	39187.0	7692.0	7016.0	33.2	39.0	42.9	49.6
2015-05-05	89664.0	20398.0	30766.0	50946.0	42019.0	7506.0	6065.0	34.1	40.0	43.3	48.9
2015-05-12	92496.0	18283.0	29706.0	54720.0	44637.0	7264.0	5924.0	31.6	38.2	41.2	45.0
2015-05-19	98110.0	17045.0	30493.0	58366.0	47200.0	8234.0	5952.0	27.1	37.3	37.4	42.5
2015-05-26	105210.0	16615.0	30962.0	63816.0	52870.0	8437.0	5036.0	24.2	35.7	33.1	40.8
2015-06-02	97657.0	16185.0	25847.0	56187.0	49252.0	8720.0	5993.0	27.1	33.0	35.7	40.1
2015-06-09	100898.0	18953.0	27438.0	57852.0	52345.0	8167.0	5189.0	27.2	33.3	37.9	41.7
2015-06-16	101789.0	20024.0	27305.0	57384.0	53263.0	8396.0	5236.0	27.3	33.8	38.0	42.9
2015-06-23	104912.0	19123.0	27119.0	60899.0	54529.0	7719.0	6093.0	28.0	34.0	38.5	42.8
2015-06-30	96544.0	15049.0	25667.0	58362.0	49327.0	7835.0	6252.0	27.5	29.0	38.4	36.9
2015-07-07	98249.0	16577.0	27465.0	60203.0	51159.0	7405.0	5561.0	29.6	30.1	40.6	38.7
2015-07-14	102483.0	19567.0	27769.0	62066.0	55653.0	7609.0	5820.0	28.2	29.3	39.6	37.6
2015-07-21	105016.0	17845.0	28490.0	64893.0	57729.0	7916.0	4435.0	26.3	29.4	37.9	37.6
2015-07-28	110324.0	19574.0	32284.0	69267.0	60431.0	7126.0	3252.0	28.4	28.1	38.1	39.6
2015-08-04	97583.0	19780.0	26135.0	59554.0	56198.0	7501.0	4502.0	29.9	28.9	38.5	38.2
2015-08-11	97934.0	20330.0	25752.0	59021.0	56750.0	7670.0	4519.0	28.7	28.5	37.1	38.3
2015-08-18	99930.0	21026.0	25384.0	57180.0	55451.0	8391.0	5762.0	27.8	26.1	36.2	34.0
2015-08-25	103045.0	14035.0	27527.0	68073.0	57337.0	7787.0	5031.0	27.3	25.4	38.0	33.4
2015-09-01	91728.0	11356.0	23395.0	62622.0	52643.0	8331.0	6271.0	29.3	27.0	40.3	35.4
2015-09-08	91625.0	11631.0	23268.0	62127.0	52376.0	8505.0	6619.0	29.0	27.2	40.5	35.7
2015-09-15	93452.0	12730.0	23036.0	61674.0	53583.0	8547.0	6332.0	28.8	27.7	38.4	35.0
2015-09-22	100511.0	16836.0	22682.0	63429.0	58691.0	7855.0	6747.0	22.6	23.0	32.7	31.9
2015-09-29	78403.0	10593.0	10748.0	50845.0	51073.0	7500.0	7117.0	29.8	27.2	37.9	35.6
2015-10-06	83106.0	11847.0	10363.0	51491.0	54724.0	8051.0	6302.0	29.0	24.3	37.1	32.1
2015-10-13	86438.0	11100.0	11504.0	54188.0	55228.0	8701.0	7257.0	28.0	21.8	36.5	31.5
2015-10-20	90956.0	12620.0	12921.0	56514.0	58778.0	7355.0	4790.0	30.5	22.0	36.6	31.1
2015-10-27	118469.0	31846.0	28008.0	61494.0	68477.0	6422.0	3277.0	27.1	28.4	35.5	36.8
2015-11-03	91338.0	9660.0	10772.0	60083.0	59101.0	7315.0	7185.0	26.4	20.1	34.2	29.3
2015-11-10	99445.0	7939.0	13279.0	63365.0	60213.0	7937.0	5749.0	24.2	16.7	30.3	25.2
2015-11-17	107866.0	11245.0	14408.0	65639.0	63821.0	7986.0	6641.0	24.2	15.7	30.7	24.6
2015-11-24	116736.0	14681.0	19411.0	71251.0	67463.0	6473.0	5531.0	22.6	13.5	28.4	22.2
2015-12-01	93274.0	8295.0	17338.0	60228.0	55356.0	10207.0	6036.0	25.9	18.0	32.5	27.6
2015-12-08	101907.0	11809.0	20903.0	66590.0	59241.0	7196.0	5451.0	26.2	17.3	34.1	27.9
2015-12-15	120005.0	22219.0	30015.0	71402.0	65401.0	6700.0	4905.0	30.2	15.4	37.0	25.7
2015-12-22	135679.0	30787.0	36619.0	78003.0	73698.0	6002.0	4475.0	29.0	18.7	36.2	29.0
2015-12-29	95967.0	19929.0	17716.0	53965.0	57372.0	8310.0	7116.0	26.5	23.5	35.8	32.9
2016-01-05	101476.0	21506.0	20624.0	56785.0	59341.0	9162.0	7488.0	25.8	23.1	35.5	31.4
2016-01-12	108548.0	25392.0	23448.0	60192.0	62807.0	8279.0	7608.0	24.2	25.4	34.0	33.3
2016-01-19	112618.0	25249.0	24249.0	62713.0	67536.0	8822.0	4999.0	24.0	26.0	32.5	34.1
2016-01-26	118719.0	27748.0	25996.0	65879.0	69273.0	6157.0	4515.0	23.8	24.5	32.4	32.0
2016-02-02	98069.0	11478.0	22403.0	63206.0	54957.0	8009.0	5333.0	19.5	25.7	30.2	34.8
2016-02-09	102993.0	10577.0	19992.0	65045.0	59599.0	8571.0	4602.0	17.9	24.3	27.6	32.9
2016-02-16	110690.0	13107.0	23584.0	69183.0	61102.0	6836.0	4440.0	16.9	21.8	26.5	30.8
2016-02-23	126792.0	20544.0	27213.0	72290.0	66992.0	5252.0	3881.0	14.3	19.4	23.7	26.8
2016-03-01	105794.0	19262.0	22907.0	64955.0	62231.0	4490.0	3569.0	21.3	25.3	29.6	33.7
2016-03-08	110572.0	20441.0	25567.0	67257.0	63190.0	4952.0	3893.0	21.8	23.9	29.7	32.4
2016-03-15	115688.0	18518.0	23669.0	69090.0	66023.0	6155.0	4071.0	19.5	21.3	27.3	30.3
2016-03-22	120257.0	16190.0	23808.0	73542.0	68597.0	6885.0	4212.0	17.3	25.1	25.1	33.8
2016-03-29	101605.0	16043.0	15399.0	59909.0	63511.0	8165.0	5207.0	17.6	29.4	27.9	38.7
2016-04-05	103478.0	17649.0	16576.0	60004.0	63831.0	8265.0	5511.0	17.3	27.9	27.7	37.1
2016-04-12	109743.0	20537.0	19223.0	60252.0	64089.0	8388.0	5865.0	20.7	27.3	31.2	36.1
2016-04-19	112615.0	22221.0	21223.0	60942.0	65280.0	8986.0	5646.0	19.1	26.0	29.3	34.8
2016-04-26	123382.0	27026.0	21815.0	63076.0	71797.0	8415.0	4905.0	20.1	25.4	28.9	32.9
2016-05-03	107437.0	15929.0	13512.0	61657.0	67594.0	8783.0	5263.0	16.8	26.9	27.7	34.5
2016-05-10	111850.0	17729.0	13815.0	62592.0	70255.0	9007.0	5258.0	16.1	27.4	26.6	34.8
2016-05-17	116983.0	22016.0	15123.0	64068.0	74232.0	9152.0	5881.0	14.6	28.2	25.2	35.2
2016-05-24	128680.0	22609.0	17887.0	68898.0	77191.0	9217.0	5646.0	12.6	26.9	21.8	33.5
2016-05-31	109206.0	22941.0	18190.0	58285.0	67026.0	10451.0	6461.0	17.6	30.3	29.4	37.9
2016-06-07	112107.0	23388.0	18729.0	58532.0	67989.0	11150.0	6352.0	16.0	30.7	27.3	37.9
2016-06-14	123199.0	21667.0	21514.0	68332.0	72052.0	9245.0	5678.0	17.2	28.4	28.8	35.9
2016-06-21	144729.0	32393.0	35965.0	74832.0	75724.0	9622.0	5158.0	18.5	31.5	29.6	40.7
2016-06-28	115617.0	20046.0	21671.0	71684.0	73747.0	9486.0	5798.0	19.9	34.0	34.0	43.3
2016-07-05	121224.0	20719.0	24436.0	76023.0	76729.0	9312.0	4889.0	20.7	32.6	35.2	42.0
2016-07-12	122082.0	21312.0	20143.0	75128.0	80812.0	9414.0	4899.0	20.4	31.8	34.7	40.8
2016-07-19	134206.0	24940.0	25681.0	81461.0	85405.0	9733.0	5048.0	20.4	31.6	33.3	41.9
2016-07-26	150907.0	32397.0	35760.0	92154.0	93731.0	7865.0	2925.0	20.9	28.7	34.4	39.4
2016-08-02	123268.0	20604.0	17887.0	75904.0	84427.0	10143.0	4337.0	20.1	35.4	31.5	42.1
2016-08-09	131213.0	22735.0	22299.0	81726.0	88069.0	10053.0	4146.0	17.9	32.5	29.4	41.9
2016-08-16	135254.0	21973.0	23455.0	85629.0	90419.0	10522.0	4250.0	18.6	31.1	30.0	39.8
2016-08-23	139102.0	22620.0	19201.0	86250.0	95829.0	10532.0	4372.0	19.0	35.1	30.4	43.0
2016-08-30	120605.0	20087.0	14638.0	77205.0	87802.0	9839.0	4691.0	20.7	37.7	32.9	45.8
2016-09-06	124633.0	21926.0	14595.0	78336.0	91248.0	10252.0	4671.0	21.8	37.4	33.8	45.4
2016-09-13	130654.0	24245.0	24734.0	81784.0	87229.0	10173.0	4239.0	21.9	34.4	32.7	44.6
2016-09-20	131304.0	28175.0	25534.0	78808.0	86741.0	9959.0	4667.0	22.5	37.6	33.6	48.2
2016-09-27	146083.0	38712.0	32774.0	86576.0	94629.0	6050.0	3935.0	19.7	35.5	31.7	47.0
2016-10-04	108144.0	15524.0	11514.0	72775.0	77760.0	7612.0	6637.0	20.7	38.9	34.8	47.1
2016-10-11	112615.0	18524.0	15728.0	75095.0	78666.0	6199.0	5424.0	20.3	37.5	35.4	45.8
2016-10-18	122959.0	19889.0	19845.0	81167.0	83449.0	6381.0	4143.0	21.3	39.5	34.8	48.1
2016-10-25	141913.0	22294.0	27000.0	93240.0	90833.0	5916.0	3617.0	21.3	36.4	33.9	45.4
2016-11-01	108959.0	12837.0	10015.0	72220.0	78075.0	6075.0	3042.0	18.3	33.6	29.1	41.3
2016-11-08	112639.0	11066.0	8639.0	75262.0	80251.0	6080.0	3518.0	18.4	35.0	30.2	41.4
2016-11-15	123560.0	14600.0	11255.0	78500.0	84425.0	6338.0	3758.0	16.7	32.7	27.1	38.2
2016-11-22	137744.0	16335.0	15303.0	86418.0	90748.0	7309.0	4011.0	16.9	31.6	27.0	36.5
2016-11-29	108503.0	10907.0	16789.0	75331.0	72246.0	6882.0	4085.0	18.8	40.5	32.0	46.0
2016-12-06	110584.0	11838.0	14819.0	73829.0	72214.0	7098.0	5732.0	19.3	41.0	32.5	47.2
2016-12-13	118629.0	14107.0	14775.0	76291.0	77451.0	7058.0	5230.0	17.1	41.9	29.8	47.6
2016-12-20	129458.0	14894.0	15332.0	84077.0	85007.0	6639.0	5271.0	16.6	41.3	28.5	46.7
2016-12-27	137648.0	20268.0	21818.0	88605.0	89098.0	6807.0	4764.0	15.6	38.5	27.3	44.2
2017-01-03	107394.0	8568.0	14525.0	73979.0	68773.0	6988.0	6237.0	21.0	40.1	36.2	47.0
2017-01-10	111890.0	10093.0	17271.0	76851.0	69744.0	7628.0	7557.0	22.3	38.4	36.9	46.9
2017-01-17	117404.0	11498.0	19417.0	80344.0	71869.0	7711.0	8267.0	23.2	37.0	37.2	46.4
2017-01-24	123333.0	15823.0	21428.0	80145.0	73460.0	7920.0	9000.0	21.4	35.3	33.9	44.2
2017-01-31	119996.0	11701.0	18648.0	81030.0	73506.0	6664.0	7241.0	23.7	36.8	36.3	44.9
