2012-10-02	7924.0	410.0	630.0	7303.0	7011.0	141.0	213.0	64.3	59.5	78.7	76.9
2012-10-09	8185.0	555.0	680.0	7349.0	7152.0	141.0	213.0	61.1	58.0	75.7	76.1
2012-10-30	8538.0	975.0	707.0	7284.0	7422.0	159.0	289.0	56.5	56.7	73.2	73.3
2012-11-06	8553.0	1080.0	707.0	7242.0	7377.0	111.0	349.0	54.3	55.9	70.5	72.3
2012-11-13	8548.0	1200.0	647.0	7117.0	7422.0	111.0	359.0	52.1	53.6	68.5	69.1
2012-11-20	9253.0	1640.0	542.0	7382.0	8247.0	111.0	344.0	48.4	50.0	63.6	64.2
2012-12-11	9354.0	1485.0	642.0	7176.0	7851.0	171.0	339.0	43.2	47.1	56.8	56.7
2012-12-18	9192.0	1980.0	672.0	6459.0	7644.0	126.0	249.0	45.2	48.2	56.3	56.8
2013-04-16	11985.0	1220.0	578.0	9343.0	9816.0	102.0	271.0	31.3	26.3	37.0	37.0
2013-04-30	11788.0	437.0	526.0	9161.0	9106.0	162.0	128.0	27.3	24.3	34.1	35.8
2013-05-21	12808.0	1802.0	706.0	9356.0	10506.0	117.0	63.0	33.1	31.0	42.8	42.5
2013-05-28	12693.0	1952.0	736.0	8851.0	10151.0	147.0	63.0	30.8	25.3	38.1	35.6
2013-06-04	13083.0	1597.0	714.0	9509.0	10509.0	147.0	30.0	27.6	22.7	34.6	32.7
2013-06-11	14192.0	1632.0	884.0	10458.0	11238.0	152.0	120.0	26.5	18.0	30.9	26.5
2013-06-18	13548.0	1287.0	719.0	10045.0	10702.0	221.0	132.0	22.3	16.6	26.2	25.3
2013-06-25	13805.0	852.0	854.0	10735.0	10902.0	253.0	84.0	19.2	14.4	23.2	22.4
2013-07-02	12986.0	588.0	1180.0	10586.0	10104.0	222.0	112.0	18.6	16.8	23.9	25.5
2013-07-16	12836.0	618.0	1090.0	10425.0	10053.0	113.0	13.0	18.7	17.1	24.3	25.8
2013-07-23	12741.0	603.0	1130.0	10330.0	9903.0	113.0	13.0	19.5	17.3	24.8	26.3
2013-07-30	11884.0	704.0	1321.0	9689.0	9175.0	111.0	8.0	20.5	22.0	28.5	29.4
2013-08-06	11674.0	839.0	1486.0	9479.0	9010.0	201.0	23.0	22.7	24.0	30.5	31.8
2013-08-20	12194.0	809.0	1486.0	9774.0	9275.0	186.0	8.0	21.7	23.3	29.2	30.4
2013-08-27	11646.0	1185.0	1647.0	9075.0	8784.0	171.0	0.0	24.8	27.3	32.6	33.7
2013-11-12	12278.0	360.0	1984.0	10351.0	8360.0	37.0	404.0	40.8	35.3	46.9	42.4
2013-11-19	11653.0	1325.0	1649.0	8646.0	7955.0	37.0	404.0	32.4	33.5	41.4	38.1
2013-11-26	11258.0	1265.0	1649.0	8116.0	7365.0	37.0	404.0	31.8	32.5	40.6	37.6
