2012-11-20	418512.0	45145.0	337893.0	373367.0	80619.0	0.0	0.0	68.0	88.7	95.5	96.3
2012-11-27	427872.0	45145.0	347253.0	382727.0	80619.0	0.0	0.0	68.7	89.0	95.6	96.3
2012-12-11	450206.0	41680.0	377417.0	408526.0	72789.0	0.0	0.0	70.6	90.6	95.4	96.0
2012-12-18	450206.0	41680.0	377417.0	408526.0	72789.0	0.0	0.0	70.6	90.6	95.4	96.0
2012-12-24	450206.0	41680.0	372209.0	408526.0	77997.0	0.0	0.0	70.6	89.4	94.2	94.8
2012-12-31	456710.0	44656.0	372209.0	412054.0	84501.0	0.0	0.0	70.3	88.3	93.5	94.7
2013-11-26	183534.0	16634.0	0.0	166900.0	183534.0	0.0	0.0	63.9	78.2	90.7	91.4
2013-12-03	137018.0	12624.0	0.0	124394.0	137018.0	0.0	0.0	65.3	74.4	87.6	91.4
2013-12-10	137018.0	12624.0	0.0	124394.0	137018.0	0.0	0.0	65.3	74.4	87.6	91.4
2013-12-17	137018.0	12624.0	0.0	124394.0	137018.0	0.0	0.0	65.3	74.4	87.6	91.4
2013-12-24	139682.0	15288.0	0.0	124394.0	139682.0	0.0	0.0	65.9	74.8	87.8	91.6
2014-03-04	347074.0	31771.0	0.0	315303.0	347074.0	0.0	0.0	81.9	92.7	96.8	98.4
2014-03-11	347074.0	31771.0	0.0	315303.0	347074.0	0.0	0.0	81.9	92.7	96.8	98.4
2014-03-18	348914.0	33611.0	0.0	315303.0	348914.0	0.0	0.0	82.0	92.2	96.8	98.4
2014-03-25	348914.0	33611.0	0.0	315303.0	348914.0	0.0	0.0	82.0	92.2	96.8	98.4
2014-04-01	339029.0	29948.0	0.0	309081.0	339029.0	0.0	0.0	83.8	93.4	98.0	99.1
2014-04-08	339029.0	29948.0	0.0	309081.0	339029.0	0.0	0.0	83.8	93.4	98.0	99.1
2014-04-15	339029.0	29948.0	0.0	309081.0	339029.0	0.0	0.0	83.8	93.4	98.0	99.1
2014-04-22	347288.0	38207.0	0.0	309081.0	347288.0	0.0	0.0	84.2	91.2	98.0	98.6
2014-04-29	366985.0	40247.0	0.0	326738.0	366985.0	0.0	0.0	80.2	89.5	95.9	98.1
2014-05-06	353369.0	36935.0	0.0	316434.0	353369.0	0.0	0.0	81.7	90.2	96.6	98.8
2014-05-13	359673.0	37319.0	0.0	322354.0	359673.0	0.0	0.0	80.4	88.7	95.4	97.9
2014-05-20	359673.0	37319.0	0.0	322354.0	359673.0	0.0	0.0	80.4	88.7	95.4	97.9
2014-05-27	361593.0	37319.0	0.0	324274.0	361593.0	0.0	0.0	80.0	88.3	95.4	97.4
2014-06-03	346497.0	33647.0	0.0	312850.0	346497.0	0.0	0.0	81.7	89.0	96.3	97.9
2014-06-10	346497.0	33647.0	0.0	312850.0	346497.0	0.0	0.0	81.7	89.0	96.3	97.9
2014-06-17	346497.0	33647.0	0.0	312850.0	346497.0	0.0	0.0	81.7	89.0	96.3	97.9
2014-06-24	346497.0	33647.0	0.0	312850.0	346497.0	0.0	0.0	81.7	89.0	96.3	97.9
2014-07-01	332289.0	30575.0	0.0	301714.0	332289.0	0.0	0.0	83.0	90.8	96.6	98.5
2014-07-08	332289.0	30575.0	0.0	301714.0	332289.0	0.0	0.0	83.0	90.8	96.6	98.5
2014-07-15	332289.0	30575.0	0.0	301714.0	332289.0	0.0	0.0	83.0	90.8	96.6	98.5
2014-07-22	328335.0	30575.0	0.0	297760.0	328335.0	0.0	0.0	84.0	91.9	95.3	98.2
2014-07-29	328335.0	30575.0	0.0	297760.0	328335.0	0.0	0.0	84.0	91.9	95.3	98.2
