2012-11-20	7369.0	900.0	725.0	6347.0	6644.0	122.0	0.0	64.6	85.4	81.7	88.8
2012-11-27	7219.0	800.0	650.0	6297.0	6569.0	122.0	0.0	66.8	87.5	84.5	92.0
2012-12-04	6389.0	675.0	650.0	5618.0	5739.0	96.0	0.0	60.6	84.7	80.2	88.3
2012-12-11	6389.0	675.0	650.0	5618.0	5739.0	96.0	0.0	60.6	84.7	80.2	88.3
2012-12-18	7983.0	650.0	650.0	7177.0	7333.0	156.0	0.0	53.5	80.4	68.8	82.3
2012-12-24	8133.0	650.0	650.0	7327.0	7483.0	156.0	0.0	56.2	79.9	71.0	81.7
2012-12-31	9209.0	650.0	50.0	8103.0	8859.0	156.0	0.0	44.1	65.2	56.6	67.9
2013-01-08	7573.0	900.0	0.0	6563.0	7573.0	110.0	0.0	55.9	84.4	71.1	85.5
2013-01-15	8522.0	825.0	0.0	7587.0	8522.0	110.0	0.0	55.6	84.1	71.7	86.5
2013-01-22	9672.0	975.0	0.0	8587.0	9672.0	110.0	0.0	59.3	83.7	74.5	85.8
2013-01-29	10191.0	975.0	0.0	9106.0	10191.0	110.0	0.0	55.8	82.6	71.0	83.6
2013-02-05	8140.0	525.0	0.0	7523.0	8140.0	92.0	0.0	61.1	81.0	74.1	83.5
2013-02-12	9434.0	475.0	0.0	8723.0	9324.0	186.0	60.0	46.4	65.6	61.0	69.0
2013-02-19	9994.0	300.0	0.0	9298.0	9734.0	196.0	60.0	44.5	60.0	53.8	62.1
2013-02-26	11019.0	300.0	1700.0	10273.0	9009.0	196.0	60.0	36.9	54.4	46.9	56.2
