2013-04-23	2108.0	120.0	700.0	1793.0	1330.0	195.0	78.0	35.2	42.7	52.8	56.5
2013-04-30	2349.0	120.0	760.0	1974.0	1521.0	255.0	68.0	32.4	41.3	48.7	55.4
2013-05-07	2025.0	90.0	580.0	1718.0	1388.0	217.0	57.0	30.4	40.0	45.5	53.4
2013-05-14	2265.0	90.0	690.0	1908.0	1508.0	267.0	67.0	46.5	43.3	57.4	63.2
2013-05-21	2365.0	90.0	670.0	1988.0	1618.0	277.0	67.0	42.4	42.3	52.0	58.0
2013-05-28	2478.0	140.0	720.0	1986.0	1651.0	332.0	87.0	40.5	41.6	48.6	56.5
2013-06-04	2142.0	110.0	480.0	1715.0	1551.0	287.0	81.0	38.4	34.1	46.9	54.7
2013-06-11	2355.0	130.0	500.0	1878.0	1724.0	307.0	91.0	35.0	35.7	44.3	55.2
2013-06-18	2495.0	110.0	510.0	2008.0	1824.0	337.0	121.0	37.0	35.7	46.3	54.1
2013-06-25	2485.0	110.0	590.0	2058.0	1794.0	277.0	61.0	38.8	37.5	48.9	55.6
2014-01-28	2837.0	965.0	110.0	1462.0	2497.0	320.0	140.0	32.9	50.2	47.8	58.3
2014-02-04	2555.0	936.0	80.0	1169.0	2205.0	360.0	180.0	29.5	50.3	44.9	59.7
2014-02-11	2575.0	1026.0	110.0	1139.0	2125.0	270.0	200.0	29.0	47.8	43.7	57.3
2014-02-18	2643.0	1056.0	100.0	1099.0	2152.0	317.0	220.0	28.8	43.2	43.7	53.5
2014-02-25	2593.0	906.0	100.0	1229.0	2092.0	277.0	220.0	29.0	42.9	45.4	53.3
2014-03-04	2297.0	771.0	80.0	966.0	1772.0	400.0	285.0	31.9	36.9	45.3	49.2
2014-03-11	2329.0	731.0	40.0	1048.0	1939.0	410.0	210.0	28.9	33.4	40.0	47.3
2014-03-18	2400.0	701.0	100.0	1129.0	1890.0	390.0	230.0	26.8	34.5	38.0	47.6
2014-03-25	2507.0	641.0	250.0	1296.0	1902.0	400.0	185.0	28.5	30.5	40.8	45.4
2014-04-01	1948.0	562.0	175.0	1046.0	1558.0	260.0	135.0	45.2	40.3	59.0	59.8
2014-04-08	2154.0	732.0	175.0	1082.0	1854.0	320.0	105.0	37.2	40.6	50.6	56.8
2014-04-15	2206.0	742.0	175.0	1182.0	1894.0	250.0	105.0	36.8	40.3	51.6	57.1
2014-04-22	2236.0	742.0	195.0	1222.0	1904.0	240.0	105.0	36.7	40.9	52.7	58.3
2014-04-29	2375.0	792.0	205.0	1361.0	2083.0	180.0	45.0	35.7	39.4	50.9	55.7
2014-05-06	1929.0	627.0	90.0	1020.0	1697.0	260.0	120.0	33.2	38.7	48.3	51.2
2014-05-13	2048.0	667.0	90.0	1068.0	1795.0	270.0	120.0	34.9	34.6	46.5	48.7
2014-05-20	2417.0	737.0	90.0	1318.0	2155.0	330.0	140.0	30.4	32.2	44.1	46.2
2014-05-27	2478.0	647.0	90.0	1389.0	2116.0	380.0	210.0	29.7	32.2	39.4	43.5
2014-06-10	2107.0	502.0	100.0	1313.0	1805.0	240.0	150.0	29.2	31.2	36.7	40.7
2014-06-17	2197.0	532.0	100.0	1303.0	1885.0	310.0	160.0	28.5	31.9	36.5	44.6
2014-06-24	2227.0	532.0	80.0	1278.0	1910.0	365.0	185.0	28.1	31.8	34.9	44.0
2014-09-16	2477.0	140.0	809.0	1990.0	1372.0	201.0	150.0	58.8	45.0	65.8	58.9
2014-09-23	2550.0	170.0	712.0	2113.0	1662.0	171.0	80.0	59.9	47.7	67.8	62.4
2014-09-30	2680.0	180.0	832.0	2203.0	1647.0	211.0	115.0	60.0	47.6	68.3	63.1
2015-03-10	3141.0	420.0	20.0	2360.0	2628.0	241.0	373.0	44.4	43.9	58.6	57.0
2015-03-17	3613.0	400.0	20.0	2865.0	3018.0	138.0	365.0	40.4	44.8	60.0	56.2
2015-03-24	3605.0	400.0	0.0	2767.0	3060.0	228.0	335.0	41.6	45.3	60.1	58.8
2015-03-31	3789.0	400.0	109.0	2971.0	3230.0	208.0	240.0	41.7	43.7	58.0	59.9
2015-04-07	3369.0	360.0	136.0	2644.0	2838.0	185.0	215.0	53.2	45.9	64.2	63.7
2015-04-14	4004.0	360.0	221.0	3209.0	3308.0	205.0	245.0	48.8	38.7	56.8	52.7
2015-04-21	4309.0	170.0	341.0	3774.0	3513.0	185.0	275.0	47.8	38.9	56.1	50.8
2015-04-28	4504.0	160.0	491.0	3909.0	3498.0	255.0	335.0	44.6	39.7	55.4	52.3
2015-05-05	3925.0	130.0	411.0	3445.0	3079.0	200.0	285.0	42.2	39.9	52.5	50.1
2015-05-12	4228.0	170.0	461.0	3738.0	3402.0	150.0	195.0	38.5	40.4	49.4	49.9
2015-05-19	4438.0	170.0	461.0	3948.0	3612.0	150.0	195.0	37.3	39.6	48.1	49.4
2015-05-26	4368.0	230.0	461.0	3868.0	3592.0	150.0	195.0	40.0	41.6	49.8	51.5
2015-06-02	3754.0	140.0	318.0	3364.0	3116.0	190.0	260.0	36.1	35.9	46.8	46.0
2015-06-09	4087.0	140.0	368.0	3697.0	3409.0	180.0	240.0	35.5	34.5	47.7	47.7
2015-06-16	4272.0	160.0	418.0	3872.0	3604.0	140.0	150.0	31.8	33.4	45.1	46.3
2015-06-23	4767.0	200.0	458.0	4327.0	4064.0	140.0	145.0	33.7	38.8	47.0	51.1
2015-06-30	5169.0	230.0	528.0	4669.0	4381.0	170.0	160.0	35.1	39.0	47.7	51.8
2015-07-07	4371.0	210.0	530.0	3911.0	3556.0	140.0	175.0	38.2	38.0	47.4	49.0
2015-07-14	4371.0	190.0	400.0	3951.0	3696.0	120.0	165.0	38.4	38.0	47.9	49.0
2015-07-21	4501.0	190.0	400.0	4101.0	3826.0	90.0	155.0	37.7	38.0	48.6	49.3
2015-07-28	4696.0	210.0	468.0	4336.0	3963.0	40.0	155.0	40.0	44.9	50.8	55.1
2015-08-04	3504.0	60.0	458.0	3264.0	2821.0	100.0	145.0	43.2	42.2	52.7	53.7
2015-08-11	3709.0	70.0	503.0	3459.0	2981.0	100.0	145.0	42.8	41.3	51.8	52.6
2015-08-18	3779.0	70.0	423.0	3549.0	3181.0	90.0	105.0	42.1	42.3	51.9	54.5
2015-08-25	3834.0	70.0	515.0	3584.0	3134.0	120.0	125.0	43.9	47.2	52.6	56.9
2015-09-01	2800.0	10.0	409.0	2650.0	2201.0	90.0	140.0	50.9	40.5	58.1	54.1
2015-09-08	2910.0	10.0	409.0	2728.0	2311.0	122.0	140.0	46.2	39.1	54.5	49.7
2015-09-15	2990.0	20.0	409.0	2780.0	2401.0	150.0	140.0	43.6	38.8	54.1	51.5
2015-09-22	3238.0	20.0	439.0	3028.0	2619.0	150.0	140.0	45.7	36.7	53.5	49.8
2015-09-29	3407.0	20.0	439.0	3077.0	2788.0	270.0	140.0	44.1	36.4	51.5	50.8
2016-03-01	3063.0	15.0	126.0	2751.0	2740.0	252.0	152.0	28.4	21.9	31.2	31.5
2016-03-08	3158.0	90.0	126.0	2791.0	2825.0	222.0	152.0	29.3	21.8	32.8	32.0
2016-03-15	3316.0	90.0	126.0	2949.0	2993.0	222.0	142.0	27.9	20.7	31.2	30.4
2016-03-22	3575.0	115.0	106.0	3173.0	3282.0	212.0	112.0	26.4	19.7	30.3	29.2
2016-03-29	3565.0	115.0	76.0	3153.0	3292.0	212.0	112.0	26.5	20.1	30.4	29.1
2016-04-05	3127.0	125.0	25.0	2797.0	2965.0	175.0	107.0	29.0	24.6	33.9	33.4
2016-04-12	3339.0	135.0	25.0	2959.0	3177.0	215.0	107.0	26.9	22.8	31.5	31.1
2016-04-19	3546.0	165.0	25.0	3151.0	3359.0	175.0	107.0	25.9	22.8	33.0	32.6
2016-04-26	3436.0	165.0	25.0	3041.0	3219.0	175.0	137.0	27.0	24.2	34.4	34.1
2016-05-03	3020.0	125.0	0.0	2665.0	2791.0	165.0	164.0	31.9	27.3	39.9	38.2
2016-05-10	3039.0	115.0	166.0	2724.0	2730.0	145.0	88.0	32.6	30.6	43.7	41.3
2016-05-17	3085.0	145.0	253.0	2770.0	2669.0	75.0	68.0	34.2	34.2	45.4	47.5
2016-05-24	3195.0	80.0	303.0	2945.0	2719.0	75.0	78.0	36.5	36.2	48.2	50.0
2016-05-31	3416.0	5.0	343.0	3136.0	2835.0	125.0	88.0	36.7	35.4	49.0	48.8
2016-06-07	2786.0	10.0	463.0	2592.0	2141.0	94.0	92.0	39.3	38.0	58.6	53.4
2016-06-14	2850.0	10.0	455.0	2596.0	2183.0	124.0	92.0	39.4	37.9	58.0	53.1
2016-06-21	2922.0	10.0	485.0	2688.0	2245.0	104.0	72.0	38.8	37.0	58.3	52.3
2016-06-28	2960.0	0.0	525.0	2706.0	2223.0	164.0	122.0	37.5	37.8	57.2	52.3
2016-07-05	2469.0	20.0	471.0	2183.0	1640.0	166.0	258.0	41.3	36.2	58.3	53.8
2016-07-12	2469.0	20.0	501.0	2183.0	1610.0	166.0	258.0	41.6	37.1	58.7	54.2
2016-07-19	2463.0	20.0	521.0	2187.0	1672.0	156.0	170.0	40.0	40.4	58.1	56.4
2016-07-26	2563.0	50.0	581.0	2257.0	1684.0	176.0	218.0	33.1	40.4	52.4	55.4
2016-08-16	2382.0	0.0	380.0	2265.0	1780.0	107.0	212.0	36.9	31.9	53.0	47.1
2016-08-23	2472.0	0.0	403.0	2325.0	1820.0	100.0	202.0	38.8	36.0	54.7	49.8
2016-08-30	2512.0	50.0	423.0	2260.0	1830.0	135.0	192.0	33.6	36.2	49.3	49.8
2016-09-06	2092.0	87.0	295.0	1683.0	1497.0	262.0	240.0	42.5	48.1	54.4	57.9
2016-09-13	2396.0	87.0	429.0	1813.0	1609.0	406.0	268.0	43.5	47.6	51.3	56.3
2016-09-20	2558.0	102.0	484.0	1950.0	1731.0	411.0	248.0	38.0	41.8	47.5	52.8
2016-09-27	2539.0	122.0	524.0	1956.0	1657.0	376.0	273.0	37.5	40.6	47.4	51.6
2016-12-20	4307.0	0.0	736.0	3951.0	3250.0	306.0	271.0	29.5	31.2	36.8	38.0
2016-12-27	4432.0	0.0	760.0	4186.0	3364.0	196.0	258.0	30.8	32.9	37.9	39.6
2017-01-03	3836.0	0.0	522.0	3660.0	3094.0	156.0	200.0	30.4	31.5	38.2	37.5
2017-01-10	3922.0	0.0	572.0	3706.0	3106.0	206.0	234.0	33.3	37.5	42.9	44.2
2017-01-17	4105.0	0.0	772.0	3859.0	3047.0	206.0	246.0	34.5	37.0	44.6	46.5
2017-01-24	4217.0	127.0	1050.0	3782.0	3021.0	250.0	88.0	32.8	35.3	43.6	48.3
2017-01-31	4411.0	127.0	1060.0	3986.0	3195.0	240.0	98.0	33.5	33.7	41.9	46.2
