2013-05-07	5950.0	0.0	1110.0	5122.0	3990.0	828.0	850.0	39.4	41.9	54.2	53.2
2013-05-14	5950.0	0.0	1110.0	5122.0	3990.0	828.0	850.0	39.4	41.9	54.2	53.2
2013-05-21	5950.0	0.0	1110.0	5122.0	3990.0	828.0	850.0	39.4	41.9	54.2	53.2
2013-05-28	5950.0	0.0	1110.0	5122.0	3990.0	828.0	850.0	39.4	41.9	54.2	53.2
2013-06-04	5595.0	0.0	1036.0	4845.0	3763.0	750.0	796.0	40.8	42.2	55.9	53.7
2013-06-11	5595.0	0.0	1036.0	4845.0	3763.0	750.0	796.0	40.8	42.2	55.9	53.7
2013-06-18	5595.0	0.0	1036.0	4845.0	3763.0	750.0	796.0	40.8	42.2	55.9	53.7
2013-06-25	5583.0	0.0	1036.0	4941.0	3767.0	642.0	780.0	40.9	42.3	56.0	53.9
2013-07-02	5211.0	0.0	952.0	4613.0	3497.0	598.0	762.0	42.7	43.2	56.7	55.0
2013-07-09	5211.0	0.0	952.0	4613.0	3497.0	598.0	762.0	42.7	43.2	56.7	55.0
2013-07-16	5223.0	0.0	952.0	4625.0	3377.0	598.0	894.0	42.6	43.1	56.6	54.4
2013-07-23	5343.0	0.0	952.0	4625.0	3497.0	718.0	894.0	41.6	42.1	55.3	54.6
2013-07-30	5343.0	0.0	952.0	4625.0	3497.0	718.0	894.0	41.4	42.1	55.1	54.6
2013-08-06	4944.0	0.0	848.0	4278.0	3276.0	666.0	820.0	41.9	42.5	55.5	54.5
2013-08-13	4944.0	0.0	848.0	4278.0	3276.0	666.0	820.0	41.9	42.5	55.5	54.5
2013-08-20	4944.0	0.0	848.0	4278.0	3276.0	666.0	820.0	41.9	42.5	55.5	54.5
2013-08-27	4944.0	0.0	848.0	4278.0	3276.0	666.0	820.0	41.9	42.5	55.5	54.5
