2013-05-07	10628.0	1122.0	468.0	7606.0	8454.0	672.0	478.0	30.6	32.8	48.4	52.9
2013-05-14	10880.0	1362.0	708.0	7618.0	8466.0	672.0	478.0	32.0	32.0	49.3	52.0
2013-05-21	10810.0	1362.0	708.0	7548.0	8396.0	672.0	478.0	32.2	32.2	48.9	52.3
2013-05-28	10810.0	1362.0	708.0	7548.0	8396.0	672.0	478.0	32.2	32.2	48.9	52.3
2013-06-04	10171.0	1376.0	826.0	7091.0	7863.0	668.0	446.0	33.6	32.4	50.5	54.4
2013-06-11	10183.0	1376.0	826.0	7103.0	7875.0	668.0	446.0	33.4	32.3	50.3	54.4
2013-06-18	10183.0	1376.0	826.0	7103.0	7875.0	668.0	446.0	33.4	32.2	50.3	54.4
2013-06-25	10193.0	1376.0	826.0	7113.0	7885.0	668.0	446.0	33.4	32.2	50.3	54.3
2013-07-02	9522.0	1390.0	882.0	6562.0	7320.0	664.0	414.0	36.1	32.2	52.4	56.8
2013-07-09	9522.0	1390.0	882.0	6562.0	7320.0	664.0	414.0	36.1	34.7	52.4	56.8
2013-07-16	9834.0	1390.0	882.0	6874.0	7632.0	664.0	414.0	35.0	34.3	51.4	54.8
2013-07-23	9834.0	1390.0	882.0	6874.0	7632.0	664.0	414.0	35.0	34.3	51.4	54.8
2013-07-30	9834.0	1390.0	882.0	6874.0	7632.0	664.0	414.0	35.0	34.3	51.4	54.8
2013-08-06	9159.0	1404.0	938.0	6331.0	7061.0	648.0	384.0	38.1	35.9	53.7	56.6
2013-08-13	9159.0	1404.0	938.0	6331.0	7061.0	648.0	384.0	38.1	35.9	53.7	56.6
2013-08-20	9159.0	1404.0	938.0	6331.0	7061.0	648.0	384.0	38.1	35.9	53.7	56.6
2013-08-27	9159.0	1404.0	938.0	6331.0	7061.0	648.0	384.0	38.1	35.9	53.7	56.6
2013-09-03	8598.0	1418.0	874.0	5848.0	6644.0	686.0	434.0	41.5	39.1	55.6	59.4
2013-09-10	8598.0	1418.0	160.0	6392.0	7902.0	686.0	434.0	41.5	39.1	55.6	59.4
2013-09-17	8598.0	1418.0	160.0	6392.0	7902.0	686.0	434.0	41.5	39.1	55.6	59.4
2013-09-24	8598.0	1418.0	160.0	6392.0	7902.0	686.0	434.0	41.5	39.1	55.6	59.4
2013-10-01	7949.0	1432.0	120.0	5753.0	7381.0	696.0	380.0	46.2	41.6	59.1	62.2
2013-10-08	7963.0	1432.0	120.0	5743.0	7383.0	720.0	392.0	46.1	41.7	59.0	62.3
2013-10-15	8323.0	1432.0	120.0	5863.0	7743.0	960.0	392.0	44.1	44.2	56.4	63.7
2013-10-22	8493.0	1432.0	120.0	6033.0	7913.0	960.0	392.0	43.8	45.4	57.3	64.5
2013-10-29	8493.0	1432.0	120.0	6033.0	7913.0	960.0	392.0	43.8	45.4	57.3	64.5
2013-11-05	8119.0	1196.0	80.0	5755.0	7006.0	884.0	749.0	44.0	41.6	57.9	59.3
2013-11-12	8119.0	1196.0	80.0	5755.0	7006.0	884.0	749.0	44.0	41.6	57.9	59.3
2013-11-19	8119.0	1196.0	80.0	5755.0	7006.0	884.0	749.0	44.0	41.6	57.9	59.3
2013-11-26	8109.0	1196.0	80.0	5745.0	6996.0	884.0	749.0	44.0	41.7	57.9	59.2
2013-12-03	7437.0	1198.0	40.0	5099.0	6439.0	878.0	696.0	50.0	46.0	62.7	63.7
2013-12-10	7437.0	1198.0	40.0	5099.0	6439.0	878.0	696.0	50.0	46.0	62.7	63.7
2013-12-17	7437.0	1198.0	40.0	5099.0	6439.0	878.0	696.0	50.0	46.0	62.7	63.7
2013-12-24	7437.0	1198.0	40.0	5099.0	6439.0	878.0	696.0	50.0	46.0	62.7	63.7
