2013-05-14	309192.0	0.0	13840.0	309192.0	295352.0	0.0	0.0	50.6	81.7	74.2	91.5
2013-05-21	350072.0	0.0	15840.0	350071.0	334232.0	1.0	0.0	45.2	56.1	64.3	70.7
2013-05-28	352072.0	0.0	13840.0	352072.0	338232.0	0.0	0.0	46.6	57.4	65.0	71.3
2013-06-04	399352.0	0.0	13840.0	399352.0	385512.0	0.0	0.0	44.7	54.4	65.0	68.7
2013-06-11	407128.0	0.0	13840.0	407128.0	393288.0	0.0	0.0	46.0	55.2	66.5	68.9
2013-06-18	399208.0	0.0	13840.0	399208.0	385368.0	0.0	0.0	45.7	53.3	64.8	67.3
2013-06-25	402720.0	0.0	13840.0	402720.0	388880.0	0.0	0.0	45.3	52.9	65.2	66.7
2013-07-02	383944.0	0.0	13840.0	383944.0	370104.0	0.0	0.0	45.4	51.1	64.1	65.0
2013-07-09	385904.0	0.0	13840.0	385904.0	372064.0	0.0	0.0	45.2	50.9	63.8	64.7
2013-07-16	385904.0	0.0	13840.0	385904.0	372064.0	0.0	0.0	45.2	50.9	63.8	64.7
2013-07-23	385904.0	0.0	13840.0	385904.0	372064.0	0.0	0.0	45.2	50.9	63.8	64.7
2013-07-30	391344.0	0.0	11880.0	391344.0	379464.0	0.0	0.0	46.0	53.0	65.3	66.1
2013-08-06	377624.0	0.0	9920.0	377624.0	367704.0	0.0	0.0	50.0	52.1	67.2	68.0
2013-08-13	401920.0	0.0	9920.0	401920.0	392000.0	0.0	0.0	54.0	55.9	70.2	70.9
2013-08-20	401920.0	0.0	9920.0	401920.0	392000.0	0.0	0.0	54.0	55.9	70.2	70.9
2013-08-27	427240.0	0.0	9920.0	427240.0	417320.0	0.0	0.0	50.8	54.3	69.1	72.6
2013-09-03	402152.0	0.0	9920.0	402152.0	392232.0	0.0	0.0	54.1	56.9	71.1	74.3
2013-09-10	420952.0	0.0	9920.0	420952.0	411032.0	0.0	0.0	57.3	54.4	72.3	71.0
2013-09-17	455592.0	0.0	9920.0	455592.0	445672.0	0.0	0.0	48.3	50.2	66.8	65.6
2013-09-24	452464.0	0.0	9920.0	452464.0	442544.0	0.0	0.0	44.9	50.6	63.5	66.0
2013-10-01	426520.0	0.0	5920.0	426520.0	420600.0	0.0	0.0	36.7	52.7	59.3	66.7
2013-10-08	426520.0	0.0	5920.0	426520.0	420600.0	0.0	0.0	36.7	52.7	59.3	66.7
2013-10-15	430120.0	0.0	5920.0	430120.0	424200.0	0.0	0.0	42.5	54.4	62.9	68.3
2013-10-22	436760.0	0.0	5920.0	436760.0	430840.0	0.0	0.0	42.9	54.7	63.0	68.3
2013-10-29	434792.0	0.0	5920.0	434792.0	428872.0	0.0	0.0	43.1	54.9	63.3	68.6
2013-11-05	412144.0	0.0	8720.0	412144.0	403424.0	0.0	0.0	48.3	59.1	66.7	71.8
2013-11-12	412144.0	0.0	8720.0	412144.0	403424.0	0.0	0.0	48.3	59.1	66.7	71.8
2013-11-19	423624.0	0.0	8720.0	423624.0	414904.0	0.0	0.0	48.2	58.8	66.3	71.2
2013-11-26	454880.0	0.0	8720.0	454880.0	446160.0	0.0	0.0	44.4	48.3	60.3	61.8
2013-12-03	425120.0	0.0	6720.0	425120.0	418400.0	0.0	0.0	49.1	51.2	64.2	63.8
2013-12-10	425120.0	0.0	6720.0	425120.0	418400.0	0.0	0.0	49.1	51.2	64.2	63.8
2013-12-17	425120.0	0.0	6720.0	425120.0	418400.0	0.0	0.0	49.1	51.2	64.2	63.8
2013-12-24	425120.0	0.0	6720.0	425120.0	418400.0	0.0	0.0	49.1	51.2	64.2	63.8
2014-04-29	473536.0	0.0	15368.0	473536.0	458168.0	0.0	0.0	65.6	57.4	77.3	74.4
2014-05-06	463600.0	0.0	15000.0	463600.0	448600.0	0.0	0.0	66.9	58.6	78.2	75.5
2014-05-13	463600.0	0.0	15000.0	463600.0	448600.0	0.0	0.0	66.9	58.6	78.2	75.5
