2005-01-04	68474.0	3015.0	6420.0	58767.0	58715.0	4571.0	1218.0	42.3	55.2	52.5	62.7
2005-01-11	68207.0	3015.0	6420.0	58984.0	57592.0	4087.0	2074.0	42.7	53.0	52.9	61.2
2005-01-18	69270.0	3015.0	4708.0	59695.0	61223.0	4439.0	1218.0	42.0	53.7	52.1	62.3
2005-01-25	70114.0	3443.0	4088.0	58607.0	60935.0	5323.0	2350.0	41.5	51.9	51.8	60.2
2005-02-01	63927.0	4479.0	4088.0	50798.0	55266.0	6945.0	2868.0	46.6	52.5	53.7	63.6
2005-02-08	64533.0	4119.0	2444.0	52198.0	57522.0	7007.0	3358.0	46.3	50.2	53.6	63.2
2005-02-15	67992.0	3995.0	4584.0	55576.0	58227.0	7088.0	3848.0	45.7	44.5	55.1	58.5
2005-02-22	69688.0	3995.0	4584.0	56356.0	59621.0	8004.0	4150.0	47.8	44.3	57.4	57.9
2005-03-01	66492.0	4348.0	4708.0	54833.0	57160.0	7311.0	4624.0	49.4	43.4	63.8	59.4
2005-03-08	70026.0	7696.0	4708.0	55019.0	60694.0	7311.0	4624.0	51.4	38.4	63.6	55.3
2005-03-15	74089.0	8112.0	4708.0	59001.0	63791.0	6976.0	5590.0	52.4	36.8	62.5	54.2
2005-03-22	89308.0	10226.0	4708.0	70272.0	81260.0	8810.0	3340.0	58.6	35.2	67.9	52.6
2005-03-29	92282.0	11434.0	3868.0	71887.0	83949.0	8781.0	4285.0	60.0	35.2	69.7	53.0
2005-04-05	94113.0	10446.0	4048.0	74971.0	86115.0	8696.0	3950.0	64.0	36.4	73.1	54.5
2005-04-12	95736.0	10446.0	3738.0	77082.0	87862.0	8208.0	4136.0	63.2	37.5	72.5	54.9
2005-04-19	96832.0	10446.0	4690.0	78505.0	88093.0	7881.0	4049.0	62.5	37.3	71.1	52.9
2005-04-26	99882.0	11444.0	2932.0	78007.0	88767.0	8673.0	6425.0	62.7	35.9	70.8	50.5
2005-05-03	101393.0	11068.0	644.0	77663.0	88900.0	7898.0	7085.0	64.7	36.8	72.3	52.5
2005-05-10	103462.0	8556.0	8768.0	85496.0	83535.0	8568.0	10317.0	64.2	38.8	75.1	55.4
2005-05-17	108014.0	8556.0	9380.0	88828.0	86807.0	9726.0	10923.0	64.1	36.0	71.9	52.3
2005-05-24	112238.0	8556.0	14688.0	93054.0	88215.0	9360.0	8067.0	63.6	38.8	70.2	55.1
2005-05-31	123050.0	8254.0	11746.0	89610.0	87285.0	10814.0	9647.0	56.8	33.0	62.2	48.2
2005-06-07	124381.0	5840.0	15692.0	89255.0	84148.0	10820.0	6075.0	52.2	30.6	57.9	47.0
2005-06-14	123996.0	4570.0	16024.0	90165.0	81398.0	10269.0	7582.0	51.7	32.4	57.3	45.9
2005-06-21	129479.0	948.0	17321.0	92293.0	81070.0	11801.0	6651.0	48.4	27.9	53.1	42.0
2005-06-28	132642.0	786.0	16549.0	93603.0	82092.0	10628.0	6376.0	46.4	27.4	51.2	41.2
2005-07-05	128375.0	724.0	17059.0	89126.0	76108.0	10296.0	6979.0	46.9	27.3	51.8	41.3
2005-07-12	127402.0	359.0	21231.0	92048.0	75599.0	10795.0	6372.0	49.0	28.9	54.8	44.0
2005-07-19	128105.0	3464.0	29142.0	98751.0	79162.0	10599.0	4510.0	51.8	33.3	57.9	50.2
2005-07-26	128997.0	3038.0	29873.0	101241.0	79572.0	10283.0	5117.0	51.5	33.7	59.2	50.7
2005-08-02	122913.0	2911.0	25448.0	93699.0	78405.0	9795.0	2552.0	52.0	30.3	58.3	48.1
2005-08-09	126411.0	6353.0	19204.0	93012.0	88013.0	12442.0	4590.0	52.1	31.1	58.3	49.7
2005-08-16	127255.0	12451.0	16004.0	90618.0	93817.0	11410.0	4658.0	50.8	30.7	60.9	51.6
2005-08-23	110088.0	6793.0	5732.0	85711.0	94224.0	11830.0	4378.0	53.1	31.1	59.5	50.9
2005-09-06	105994.0	9475.0	5300.0	82763.0	91704.0	9360.0	4594.0	50.3	33.0	59.2	53.4
2005-09-13	108000.0	9796.0	4130.0	86758.0	97461.0	9515.0	4478.0	51.9	32.0	59.2	52.5
2005-09-20	111556.0	9574.0	4130.0	91836.0	99924.0	8215.0	5571.0	50.3	32.3	58.3	52.4
2005-09-27	111935.0	9574.0	4130.0	91684.0	100851.0	8684.0	4961.0	49.6	32.2	58.0	52.3
2005-10-04	99355.0	9681.0	3244.0	76616.0	83198.0	9993.0	9848.0	46.2	31.8	55.6	52.7
2005-10-11	100440.0	9262.0	3244.0	78008.0	83586.0	9962.0	10402.0	45.5	32.7	56.0	52.4
2005-10-18	101262.0	8500.0	3848.0	80796.0	85016.0	9664.0	10096.0	47.8	33.4	57.7	53.3
2005-10-25	102073.0	8045.0	3697.0	83349.0	85188.0	8379.0	10888.0	46.9	33.4	57.2	52.5
2005-11-01	102164.0	10411.0	2091.0	81370.0	86147.0	6591.0	10134.0	45.8	41.2	57.2	56.9
2005-11-08	106480.0	15358.0	1863.0	80662.0	90887.0	6498.0	9768.0	46.7	42.6	57.7	58.9
2005-11-15	106842.0	14568.0	2474.0	81913.0	91788.0	6445.0	8664.0	44.4	40.8	55.4	56.2
2005-11-22	108418.0	16816.0	2308.0	82463.0	93006.0	6306.0	10271.0	43.2	40.1	55.9	55.2
2005-11-29	109417.0	18720.0	2367.0	81330.0	93648.0	6298.0	10333.0	44.8	39.9	57.3	54.6
2005-12-06	103478.0	18478.0	2516.0	73320.0	87168.0	8505.0	10619.0	47.3	42.2	61.6	57.2
2005-12-13	103856.0	18642.0	1840.0	74330.0	89377.0	7749.0	9504.0	47.0	42.8	62.7	57.6
2005-12-20	103058.0	19120.0	1598.0	72610.0	89963.0	9383.0	9552.0	46.3	42.8	61.6	58.2
2005-12-27	101958.0	17308.0	1598.0	74428.0	87055.0	8277.0	11360.0	47.0	41.9	63.0	57.8
2006-01-03	97337.0	17174.0	606.0	70132.0	85332.0	8520.0	9888.0	51.7	43.6	66.7	62.3
2006-01-10	97470.0	16065.0	392.0	71306.0	84278.0	8374.0	11075.0	50.0	40.3	64.6	59.8
2006-01-17	101353.0	6648.0	864.0	81953.0	88761.0	11499.0	10475.0	48.0	35.5	62.3	54.8
2006-01-24	101424.0	6648.0	1112.0	82411.0	88007.0	11267.0	11207.0	46.5	34.0	60.1	52.0
2006-01-31	110108.0	11195.0	3368.0	88301.0	95341.0	8688.0	9475.0	42.7	35.1	56.4	49.8
2006-02-07	104424.0	10150.0	2576.0	82691.0	89151.0	8795.0	9909.0	39.7	36.3	53.3	51.0
2006-02-14	103330.0	10150.0	3432.0	81967.0	89130.0	9281.0	8836.0	40.7	37.6	53.4	48.2
2006-02-21	102618.0	10150.0	2576.0	80492.0	88294.0	9188.0	8960.0	41.2	37.9	53.2	51.6
2006-02-28	103206.0	10150.0	2756.0	81659.0	88274.0	8789.0	9568.0	40.7	36.8	54.2	52.1
2006-03-07	96314.0	8767.0	2353.0	72744.0	80525.0	12877.0	11510.0	42.4	38.8	57.1	56.5
2006-03-14	101121.0	9383.0	2353.0	78124.0	84876.0	11688.0	11966.0	45.3	37.3	57.6	57.4
2006-03-21	106708.0	11367.0	2353.0	81539.0	90825.0	11876.0	11604.0	43.3	36.2	54.5	55.1
2006-03-28	107174.0	11967.0	289.0	81836.0	92615.0	12301.0	13200.0	44.0	36.3	54.9	56.0
2006-04-04	109512.0	1984.0	439.0	92971.0	95269.0	13637.0	12884.0	43.2	37.2	54.8	54.0
2006-04-11	118106.0	1984.0	439.0	103397.0	106334.0	11805.0	10413.0	42.5	38.2	54.9	53.8
2006-04-18	123192.0	1984.0	439.0	108297.0	111634.0	11991.0	10199.0	43.6	37.7	57.2	54.2
2006-04-25	122090.0	1984.0	439.0	107075.0	110076.0	12111.0	10655.0	43.0	37.9	55.9	52.4
2006-05-02	116861.0	4304.0	594.0	102056.0	104681.0	9736.0	10821.0	41.7	36.3	52.6	51.4
2006-05-09	124982.0	5528.0	594.0	108398.0	112157.0	10291.0	11466.0	39.2	38.0	51.2	52.6
2006-05-16	125328.0	4304.0	594.0	109241.0	113930.0	11018.0	10039.0	38.6	39.5	51.8	52.9
2006-05-23	130691.0	5158.0	594.0	111518.0	120081.0	13250.0	9251.0	37.8	37.7	51.6	52.9
2006-05-30	133079.0	5902.0	594.0	112617.0	121921.0	13795.0	9799.0	36.8	36.7	50.5	52.2
2006-06-06	127880.0	7398.0	744.0	108520.0	115060.0	11347.0	11461.0	37.5	38.0	53.0	54.0
2006-06-13	127667.0	9970.0	0.0	105237.0	114191.0	12460.0	13476.0	38.7	37.9	54.2	54.4
2006-06-20	129141.0	8730.0	0.0	107678.0	115610.0	12733.0	13531.0	38.5	38.6	54.0	54.3
2006-06-27	128701.0	8480.0	0.0	108988.0	119540.0	11233.0	9161.0	38.8	40.5	56.6	56.0
2006-07-03	118992.0	7426.0	0.0	101637.0	108660.0	9929.0	10332.0	39.8	40.0	58.0	55.0
2006-07-11	118690.0	7426.0	0.0	101095.0	109024.0	10169.0	9666.0	39.9	37.7	56.3	52.4
2006-07-18	119970.0	7426.0	0.0	102191.0	110670.0	10353.0	9300.0	39.9	36.7	56.7	51.9
2006-07-25	121378.0	7426.0	0.0	103537.0	112016.0	10415.0	9362.0	41.2	36.5	57.1	52.6
2006-08-01	113217.0	5702.0	0.0	98553.0	101993.0	8962.0	11224.0	43.2	39.8	59.0	54.1
2006-08-08	116867.0	6904.0	0.0	99815.0	104606.0	8324.0	10437.0	41.3	38.4	57.6	54.2
2006-08-15	121491.0	8818.0	0.0	101251.0	109170.0	9598.0	10497.0	39.6	39.1	56.1	57.0
2006-08-22	121004.0	8882.0	0.0	100700.0	108497.0	9598.0	10683.0	39.8	38.1	55.4	55.6
2006-08-29	122305.0	8996.0	0.0	101887.0	109858.0	9598.0	10623.0	41.1	39.4	56.1	56.3
2006-09-05	113305.0	7862.0	0.0	96248.0	101458.0	7371.0	10023.0	43.4	42.2	58.5	56.8
2006-09-12	116317.0	8830.0	0.0	95698.0	101548.0	9965.0	12945.0	42.3	41.2	55.6	55.2
2006-09-19	115242.0	9132.0	0.0	97335.0	103668.0	6951.0	9750.0	43.5	44.8	57.2	57.4
2006-09-26	119432.0	9132.0	0.0	101866.0	107225.0	6610.0	10383.0	45.8	46.9	59.1	59.2
2006-10-03	114514.0	8272.0	0.0	96191.0	103319.0	8227.0	9371.0	50.5	50.9	62.5	61.6
2006-10-10	119820.0	7366.0	0.0	101371.0	109827.0	9259.0	8169.0	50.4	49.9	62.6	60.7
2006-10-17	121669.0	6762.0	0.0	101734.0	112792.0	11349.0	7053.0	48.9	48.9	60.6	60.1
2006-10-24	128207.0	9782.0	0.0	107252.0	119330.0	9349.0	7053.0	46.0	52.4	58.8	63.7
2006-10-31	130981.0	10831.0	600.0	108853.0	120168.0	9353.0	8269.0	47.3	51.7	62.2	64.5
2006-11-07	125867.0	8393.0	0.0	107684.0	115888.0	7752.0	7941.0	49.1	56.0	65.4	69.7
2006-11-14	128149.0	8148.0	0.0	110150.0	117014.0	7661.0	8945.0	51.4	56.2	68.2	70.2
2006-11-21	130574.0	8148.0	12709.0	112389.0	107096.0	7847.0	8579.0	50.8	55.1	67.3	70.4
2006-11-28	133699.0	8148.0	12709.0	115514.0	109501.0	7847.0	9299.0	51.9	55.1	68.3	70.1
2006-12-05	125760.0	5068.0	12238.0	112806.0	101737.0	6008.0	9907.0	53.7	56.7	69.4	71.1
2006-12-12	126718.0	5068.0	0.0	113854.0	114680.0	5918.0	10160.0	52.5	55.5	68.0	70.4
2006-12-19	129260.0	5068.0	496.0	117128.0	117999.0	5186.0	8887.0	52.6	54.3	68.5	69.5
2006-12-26	130497.0	5691.0	496.0	117376.0	119343.0	5552.0	8780.0	52.0	53.7	67.5	68.9
2007-01-03	121431.0	4823.0	0.0	108737.0	110686.0	6117.0	8991.0	55.4	56.1	71.7	70.1
2007-01-09	123523.0	4823.0	1296.0	112227.0	113584.0	4719.0	6889.0	53.9	55.2	69.8	69.0
2007-01-16	123235.0	4823.0	1426.0	111757.0	113226.0	4845.0	6773.0	55.7	55.1	70.4	68.6
2007-01-23	128151.0	6405.0	2648.0	116369.0	116492.0	3263.0	6897.0	53.6	52.3	68.2	68.3
2007-01-30	131968.0	9839.0	1268.0	117220.0	122830.0	2534.0	5495.0	49.5	50.9	66.3	65.1
2007-02-06	131065.0	10002.0	620.0	113146.0	119251.0	3402.0	6679.0	47.3	48.8	65.2	62.4
2007-02-13	130101.0	10002.0	558.0	110257.0	118043.0	4043.0	5701.0	46.5	47.9	63.0	61.6
2007-02-20	125459.0	9146.0	558.0	105491.0	111261.0	5023.0	7841.0	48.2	44.9	59.4	59.6
2007-02-27	128429.0	10002.0	874.0	106543.0	113246.0	5477.0	7902.0	47.6	44.3	59.8	58.3
2007-03-06	119265.0	9071.0	1532.0	90446.0	100412.0	14072.0	11645.0	48.2	47.4	62.7	61.5
2007-03-13	119805.0	9071.0	676.0	89798.0	103342.0	15260.0	10111.0	48.7	48.0	63.6	62.4
2007-03-20	118556.0	9071.0	490.0	89139.0	103535.0	14670.0	8855.0	49.1	49.0	64.4	62.5
2007-03-27	122231.0	9071.0	3080.0	94098.0	106025.0	13386.0	7450.0	47.1	48.3	64.1	63.1
2007-04-03	120926.0	7542.0	3698.0	94431.0	101311.0	10835.0	7799.0	46.0	46.3	62.7	60.3
2007-04-10	122264.0	8078.0	3696.0	95405.0	102517.0	10227.0	7497.0	46.2	46.1	62.3	59.8
2007-04-17	121464.0	7542.0	2927.0	97200.0	103809.0	9859.0	7865.0	46.6	46.5	62.8	60.3
2007-04-24	128461.0	10991.0	2440.0	99989.0	110846.0	10533.0	8227.0	43.4	46.0	57.6	58.5
2007-05-01	123858.0	11318.0	1566.0	94582.0	106402.0	10558.0	8490.0	42.6	45.9	56.8	57.1
2007-05-08	124736.0	12569.0	1566.0	94822.0	106733.0	10162.0	9254.0	42.9	45.0	55.6	55.4
2007-05-15	124664.0	11897.0	944.0	95026.0	107367.0	10188.0	8800.0	42.4	44.1	54.7	54.7
2007-05-22	126546.0	14337.0	1292.0	98072.0	112197.0	9696.0	8616.0	43.7	43.6	55.8	54.2
2007-05-29	127982.0	12474.0	928.0	99634.0	112902.0	10094.0	8372.0	41.7	42.6	54.4	53.1
2007-06-05	120139.0	11177.0	469.0	94251.0	107603.0	8646.0	6002.0	42.4	41.7	53.3	52.3
2007-06-12	119595.0	11396.0	281.0	94073.0	107770.0	8584.0	6002.0	42.7	42.7	55.5	53.2
2007-06-19	126180.0	9624.0	345.0	99072.0	111789.0	10170.0	6732.0	39.1	40.5	52.1	50.9
2007-06-26	126512.0	9204.0	345.0	102633.0	112878.0	8777.0	7391.0	41.5	42.3	52.6	53.6
2007-07-03	118796.0	13864.0	0.0	89128.0	106232.0	9914.0	6674.0	44.0	43.1	52.6	55.1
2007-07-10	121112.0	12944.0	0.0	92398.0	107878.0	9330.0	6794.0	41.4	42.6	51.0	54.3
2007-07-17	121585.0	16387.0	0.0	91811.0	109001.0	6895.0	6092.0	43.1	43.7	51.9	54.8
2007-07-24	126642.0	14087.0	1824.0	96797.0	113024.0	8904.0	4940.0	39.5	45.2	49.2	55.8
2007-07-31	133179.0	14245.0	0.0	104136.0	120854.0	7316.0	4843.0	36.7	46.6	47.1	58.6
2007-08-07	129600.0	14674.0	307.0	101105.0	117228.0	7512.0	5756.0	37.7	47.6	48.2	59.6
2007-08-14	136347.0	18975.0	307.0	105386.0	126183.0	7537.0	5408.0	38.4	46.9	48.2	59.4
2007-08-21	133616.0	18883.0	307.0	104484.0	124669.0	6536.0	4927.0	39.4	47.8	50.2	60.6
2007-08-28	140236.0	24671.0	853.0	104895.0	130052.0	6295.0	4956.0	41.3	47.6	52.0	59.1
2007-09-04	134321.0	27432.0	1450.0	95545.0	125627.0	8286.0	4186.0	44.6	48.2	54.4	59.9
2007-09-11	139953.0	28081.0	1450.0	100656.0	131691.0	7918.0	3514.0	43.5	46.4	53.7	58.1
2007-09-18	147177.0	28712.0	1450.0	108617.0	138795.0	6550.0	3634.0	42.2	45.1	54.6	57.2
2007-09-25	152609.0	26516.0	904.0	113909.0	142349.0	6882.0	4054.0	43.0	43.5	53.8	56.6
2007-10-02	147375.0	26149.0	1520.0	108058.0	134716.0	10550.0	8521.0	45.3	43.3	55.7	59.3
2007-10-09	148675.0	22633.0	1824.0	113516.0	134190.0	9908.0	10043.0	45.6	42.5	55.0	57.5
2007-10-16	149512.0	22250.0	2592.0	114098.0	134411.0	10546.0	9891.0	44.9	42.8	55.1	57.5
2007-10-23	148199.0	19604.0	3220.0	115164.0	130893.0	10421.0	11076.0	43.1	43.3	54.2	57.6
2007-10-30	148836.0	21181.0	3338.0	114711.0	134699.0	9934.0	7789.0	44.6	43.0	55.1	57.8
2007-11-06	143035.0	18022.0	3039.0	112162.0	126988.0	9629.0	9786.0	44.5	42.3	54.2	56.4
2007-11-13	143167.0	18020.0	3128.0	112110.0	127763.0	9815.0	9054.0	44.8	41.7	53.4	54.9
2007-11-20	156709.0	16772.0	3188.0	122968.0	138456.0	9403.0	7499.0	37.0	39.1	47.0	52.2
2007-11-27	155983.0	17054.0	3188.0	122689.0	137482.0	9282.0	8355.0	36.8	38.2	47.5	52.6
2007-12-04	137809.0	16961.0	2723.0	106260.0	122609.0	10366.0	8255.0	41.7	41.4	53.8	56.8
2007-12-11	144049.0	18279.0	2413.0	108109.0	128216.0	13137.0	8896.0	42.2	43.3	53.8	60.8
2007-12-18	145282.0	14409.0	2413.0	113495.0	130478.0	12428.0	7441.0	39.2	43.3	51.7	59.5
2007-12-24	147011.0	17247.0	2320.0	112750.0	132027.0	12215.0	7865.0	39.1	42.6	51.5	58.9
2007-12-31	146546.0	15878.0	2262.0	114936.0	133231.0	10751.0	6072.0	38.3	42.7	50.8	59.0
2008-01-08	136561.0	17334.0	1592.0	105499.0	123926.0	10660.0	7975.0	41.2	44.3	53.6	62.5
2008-01-15	139989.0	12649.0	1325.0	112780.0	126998.0	10300.0	7406.0	38.0	42.2	52.1	60.7
2008-01-22	137855.0	12264.0	1151.0	110747.0	124822.0	10218.0	7256.0	38.3	42.3	52.5	59.9
2008-01-29	138081.0	14761.0	1151.0	108723.0	124746.0	10093.0	7680.0	39.8	42.1	53.7	59.1
2008-02-05	128933.0	13411.0	372.0	102888.0	116478.0	8617.0	8066.0	41.6	42.1	55.5	58.5
2008-02-12	133929.0	15269.0	372.0	106026.0	120530.0	8617.0	9010.0	40.0	40.9	53.9	57.8
2008-02-19	134355.0	15636.0	372.0	106576.0	120807.0	7975.0	9008.0	40.2	40.8	54.0	56.9
2008-02-26	137214.0	15514.0	372.0	109864.0	124910.0	7607.0	7703.0	39.6	40.4	53.7	56.5
2008-03-04	127371.0	11073.0	0.0	103240.0	116157.0	8383.0	6539.0	42.4	40.7	58.4	57.5
2008-03-11	128091.0	11464.0	0.0	103579.0	116707.0	8403.0	6739.0	42.2	40.5	58.0	57.2
2008-03-18	129001.0	11286.0	0.0	104245.0	115831.0	8523.0	8223.0	42.0	40.2	57.5	56.5
2008-03-25	129649.0	11346.0	0.0	104531.0	116741.0	8825.0	7961.0	41.5	39.6	56.3	55.5
2008-04-01	120429.0	8955.0	0.0	95578.0	106229.0	10979.0	9283.0	41.8	39.8	56.0	56.7
2008-04-08	116875.0	6358.0	0.0	96982.0	104381.0	10479.0	9438.0	42.9	40.7	56.6	57.3
2008-04-15	117315.0	5602.0	0.0	99124.0	105408.0	10079.0	9397.0	41.8	40.5	55.3	57.2
2008-04-22	117345.0	6640.0	0.0	97415.0	104642.0	11564.0	10977.0	41.0	40.6	55.4	58.1
2008-04-29	119183.0	7314.0	0.0	99251.0	107308.0	10984.0	10241.0	38.3	40.2	52.7	57.5
2008-05-06	111166.0	3905.0	0.0	92954.0	98044.0	11096.0	9911.0	38.0	39.5	52.7	54.4
2008-05-13	114782.0	5489.0	0.0	94183.0	101499.0	12565.0	10738.0	34.8	39.0	49.1	53.4
2008-05-20	114974.0	3785.0	0.0	98343.0	102278.0	9726.0	9576.0	39.8	38.5	54.1	53.5
2008-05-27	114882.0	5151.0	0.0	99356.0	103938.0	7889.0	8458.0	40.0	38.4	53.9	53.0
2008-06-03	106118.0	5207.0	0.0	89508.0	95534.0	9543.0	8724.0	39.9	38.8	52.7	52.7
2008-06-10	107739.0	3512.0	1677.0	90622.0	92311.0	10937.0	11083.0	40.1	38.0	52.4	51.8
2008-06-17	108630.0	3512.0	2864.0	94120.0	94363.0	8780.0	9185.0	40.5	37.3	52.9	51.0
2008-06-24	112146.0	3512.0	3110.0	98461.0	97166.0	7707.0	9404.0	40.8	35.3	52.8	49.5
2008-07-01	102397.0	3388.0	503.0	87264.0	90227.0	8739.0	8661.0	40.9	36.5	53.4	51.0
2008-07-08	103918.0	3388.0	567.0	87779.0	91194.0	9317.0	8723.0	40.9	36.6	52.7	50.9
2008-07-15	107270.0	3388.0	684.0	90218.0	94262.0	9977.0	8637.0	39.7	36.3	51.1	49.3
2008-07-22	108186.0	4945.0	870.0	92994.0	95142.0	6402.0	8329.0	38.3	35.3	49.2	48.2
2008-07-29	109496.0	5359.0	455.0	95329.0	96945.0	5081.0	8369.0	37.4	34.8	49.1	47.5
2008-08-05	100342.0	5154.0	1622.0	85407.0	87549.0	6527.0	7917.0	39.3	34.7	51.6	48.6
2008-08-12	102366.0	5154.0	4972.0	89113.0	87833.0	6794.0	8256.0	38.1	34.2	51.8	47.9
2008-08-19	102755.0	5154.0	5270.0	89471.0	87591.0	6794.0	8558.0	38.8	34.0	52.2	48.1
2008-08-26	101963.0	5154.0	4730.0	89980.0	87521.0	5857.0	8740.0	39.6	33.8	52.4	46.7
2008-09-02	92911.0	4309.0	3506.0	81961.0	81810.0	6005.0	6959.0	39.3	33.8	52.4	48.7
2008-09-09	93405.0	3094.0	1964.0	83423.0	83310.0	5736.0	6979.0	37.6	33.5	49.2	46.4
2008-09-16	94825.0	4054.0	2266.0	82549.0	84058.0	7430.0	7709.0	35.6	32.8	47.2	45.6
2008-09-23	95099.0	4054.0	2266.0	83735.0	85364.0	6518.0	6677.0	33.7	33.4	47.1	46.0
2008-09-30	95693.0	3936.0	2266.0	84329.0	85840.0	6518.0	6677.0	33.1	33.2	45.8	46.3
2008-10-07	90650.0	3955.0	1185.0	77803.0	77170.0	7879.0	11282.0	35.8	32.0	49.6	45.5
2008-10-14	92284.0	4139.0	1336.0	80685.0	81359.0	6329.0	8458.0	33.4	31.7	45.2	44.2
2008-10-21	95144.0	4502.0	1336.0	81673.0	82234.0	7960.0	10565.0	35.0	31.6	46.8	43.4
2008-10-28	95737.0	3291.0	0.0	83526.0	84745.0	7486.0	9558.0	33.9	31.7	45.2	42.8
2008-11-04	88545.0	2421.0	0.0	78014.0	78824.0	6676.0	8287.0	37.8	30.9	50.7	43.9
2008-11-11	90010.0	2190.0	826.0	80680.0	79979.0	6650.0	8715.0	38.9	30.4	52.8	43.6
2008-11-18	89778.0	2190.0	1192.0	82064.0	80694.0	5096.0	7464.0	39.2	30.0	52.5	43.2
2008-11-25	90643.0	2190.0	995.0	83019.0	81998.0	5006.0	7222.0	36.8	29.2	50.0	42.3
2008-12-02	82079.0	1911.0	947.0	73597.0	71069.0	6143.0	9635.0	38.7	30.4	52.9	44.6
2008-12-09	85020.0	1709.0	959.0	76255.0	73135.0	6426.0	10296.0	41.1	29.4	55.1	43.4
2008-12-16	85355.0	2125.0	822.0	76232.0	73935.0	6482.0	10082.0	40.8	29.2	54.4	43.4
2008-12-22	85403.0	2125.0	760.0	75982.0	75725.0	6780.0	8402.0	40.7	29.2	54.5	43.4
2008-12-30	86044.0	2553.0	760.0	77159.0	77256.0	6030.0	7726.0	39.9	29.2	53.6	43.5
2009-01-06	77848.0	2274.0	117.0	67915.0	69134.0	7055.0	7993.0	42.8	29.5	57.1	45.2
2009-01-13	77554.0	2661.0	0.0	67923.0	69232.0	6753.0	8105.0	40.7	29.6	54.7	45.8
2009-01-20	79446.0	2661.0	0.0	70353.0	72194.0	6215.0	7035.0	40.4	29.4	56.5	46.6
2009-01-27	81583.0	3951.0	0.0	70188.0	73520.0	7208.0	7827.0	39.7	27.6	55.5	44.1
2009-02-03	75956.0	3007.0	0.0	66849.0	68436.0	5295.0	6715.0	40.6	26.9	57.5	44.0
2009-02-10	76837.0	3649.0	0.0	64057.0	69271.0	8635.0	7070.0	40.8	26.6	55.3	42.9
2009-02-17	80319.0	3649.0	1287.0	67478.0	70583.0	7843.0	7100.0	42.7	27.8	58.0	45.2
2009-02-24	83911.0	3587.0	2477.0	69667.0	73922.0	9152.0	6007.0	39.7	27.1	55.3	43.5
2009-03-03	82171.0	3401.0	2484.0	67739.0	62781.0	9657.0	15532.0	40.3	25.0	58.5	39.5
2009-03-10	83052.0	3703.0	1808.0	67856.0	67388.0	9871.0	12234.0	39.1	26.2	57.9	42.4
2009-03-17	86678.0	3703.0	2236.0	71446.0	69856.0	9907.0	12964.0	38.3	28.4	55.8	45.1
2009-03-24	86583.0	4005.0	2236.0	71719.0	70160.0	9237.0	12565.0	38.3	27.9	55.7	44.9
2009-03-31	91015.0	4609.0	1988.0	74871.0	74592.0	9665.0	12565.0	33.1	29.4	52.6	46.9
2009-04-07	84282.0	4159.0	2626.0	69591.0	68279.0	9210.0	12055.0	31.6	28.2	51.6	45.9
2009-04-14	84316.0	4159.0	3482.0	69625.0	67457.0	9210.0	12055.0	30.7	27.3	50.7	44.8
2009-04-21	84389.0	4159.0	4026.0	69822.0	67846.0	9210.0	11319.0	30.6	27.9	51.1	46.1
2009-04-28	86301.0	4159.0	3422.0	71161.0	69059.0	9179.0	12018.0	30.6	28.3	51.3	45.5
2009-05-05	79630.0	3694.0	3050.0	64644.0	62360.0	8718.0	11646.0	29.2	28.1	47.7	42.6
2009-05-12	82329.0	3694.0	2750.0	68101.0	65941.0	7900.0	11004.0	29.3	26.8	47.7	41.7
2009-05-19	83651.0	3694.0	1562.0	69305.0	67483.0	7900.0	11854.0	28.8	26.1	48.3	41.9
2009-05-26	87132.0	3694.0	1694.0	72366.0	70412.0	7900.0	11854.0	27.5	27.1	46.7	42.3
2009-06-02	81371.0	3623.0	0.0	66715.0	66349.0	7385.0	11374.0	28.3	28.5	46.4	42.2
2009-06-09	82528.0	3623.0	0.0	67624.0	67750.0	7633.0	11130.0	28.5	28.6	45.6	42.2
2009-06-16	81800.0	4177.0	0.0	67076.0	67510.0	7633.0	11376.0	27.7	28.9	45.3	42.7
2009-06-23	87364.0	4084.0	0.0	72733.0	72860.0	7633.0	11590.0	31.8	28.7	48.5	42.7
2009-06-30	85800.0	4479.0	0.0	70838.0	71662.0	7935.0	11590.0	31.7	27.6	48.6	41.5
2009-07-07	80690.0	4504.0	0.0	66889.0	66901.0	6997.0	11489.0	30.9	26.8	46.4	39.6
2009-07-14	82093.0	4504.0	0.0	68292.0	68304.0	6997.0	11489.0	31.8	28.5	47.5	41.1
2009-07-21	81431.0	5360.0	0.0	67174.0	68498.0	7453.0	11489.0	32.0	28.7	47.1	41.4
2009-07-28	83323.0	5360.0	0.0	69066.0	70390.0	7453.0	11489.0	31.3	28.0	45.0	40.3
2009-08-04	75636.0	3615.0	0.0	64332.0	63658.0	6797.0	11086.0	32.0	27.8	48.0	39.8
2009-08-11	75758.0	3615.0	0.0	64454.0	63780.0	6797.0	11086.0	31.2	27.3	47.1	39.3
2009-08-18	76097.0	2870.0	0.0	65509.0	64123.0	7132.0	11388.0	30.6	27.2	46.3	39.3
2009-08-25	76133.0	2870.0	0.0	65519.0	64099.0	7158.0	11448.0	30.6	27.2	46.2	39.2
2009-09-01	68998.0	2420.0	0.0	56303.0	55374.0	9689.0	13038.0	30.8	26.3	44.4	37.5
2009-09-08	70662.0	2420.0	0.0	57967.0	56434.0	9689.0	13642.0	30.3	24.8	42.8	35.8
2009-09-15	70602.0	2420.0	0.0	57967.0	56374.0	9629.0	13642.0	30.3	24.7	42.8	35.7
2009-09-22	70602.0	2420.0	0.0	57967.0	56314.0	9629.0	13702.0	30.3	24.6	42.8	35.6
2009-09-29	70398.0	2420.0	0.0	57965.0	56254.0	9427.0	13558.0	30.4	24.2	43.4	35.2
2009-10-06	65961.0	2114.0	0.0	49709.0	46245.0	13738.0	19316.0	29.4	21.9	41.0	32.1
2009-10-13	67531.0	2114.0	0.0	50971.0	49252.0	14046.0	17879.0	28.7	20.9	40.7	32.1
2009-10-20	68575.0	3158.0	0.0	50971.0	50296.0	14046.0	17879.0	28.3	20.7	40.2	31.7
2009-10-27	72221.0	2269.0	0.0	55328.0	55380.0	13954.0	16171.0	27.5	21.2	40.3	32.6
2009-11-03	68294.0	1955.0	2869.0	52330.0	49419.0	13609.0	15606.0	27.5	23.4	40.0	35.9
2009-11-09	73772.0	2149.0	2869.0	58042.0	56173.0	13181.0	14330.0	28.3	29.3	41.7	40.9
2009-11-17	80505.0	2149.0	2869.0	67464.0	65801.0	10492.0	11435.0	25.2	26.3	37.6	36.5
2009-11-24	84072.0	1322.0	2869.0	71858.0	69244.0	10492.0	11559.0	25.8	30.1	40.0	39.9
2009-12-01	77851.0	1656.0	2869.0	64722.0	62975.0	11073.0	11607.0	25.1	30.2	39.4	40.4
2009-12-08	75781.0	1656.0	2869.0	62652.0	60905.0	11073.0	11607.0	25.4	28.2	37.7	38.7
2009-12-15	78192.0	1903.0	2869.0	64816.0	63316.0	11073.0	11607.0	24.5	29.7	38.3	39.8
2009-12-22	79028.0	1903.0	2869.0	65497.0	63817.0	11228.0	11942.0	25.0	30.4	39.0	40.5
2009-12-29	77456.0	1903.0	2869.0	63925.0	62245.0	11228.0	11942.0	24.4	29.0	37.8	39.3
2010-01-05	71250.0	826.0	2469.0	58523.0	56136.0	11501.0	12245.0	26.3	27.9	37.9	39.6
2010-01-12	70390.0	826.0	2469.0	57643.0	55276.0	11521.0	12245.0	26.6	27.0	38.2	38.8
2010-01-19	71487.0	826.0	2869.0	60220.0	57426.0	10441.0	11192.0	26.2	28.1	38.4	39.7
2010-01-26	72024.0	826.0	2917.0	60633.0	57915.0	10565.0	11192.0	26.1	28.5	38.2	39.8
2010-02-02	66207.0	434.0	2869.0	56095.0	52456.0	9678.0	10882.0	28.6	28.8	41.6	41.9
2010-02-09	71007.0	434.0	2869.0	60895.0	57256.0	9678.0	10882.0	29.2	33.6	43.1	45.8
2010-02-16	70795.0	434.0	0.0	60744.0	58917.0	9617.0	11878.0	29.3	33.2	43.2	45.5
2010-02-23	73235.0	434.0	0.0	63472.0	61357.0	9329.0	11878.0	29.3	36.3	43.5	48.1
2010-03-02	69604.0	0.0	0.0	56303.0	56449.0	13301.0	13155.0	30.4	38.8	45.6	51.3
2010-03-09	69716.0	0.0	0.0	56303.0	56449.0	13413.0	13267.0	30.3	38.8	45.5	51.3
2010-03-16	69830.0	0.0	0.0	56417.0	56501.0	13413.0	13329.0	28.1	37.7	43.3	50.2
2010-03-23	69640.0	0.0	0.0	56227.0	56517.0	13413.0	13123.0	28.2	37.8	43.4	50.4
2010-03-30	70052.0	0.0	0.0	56708.0	56753.0	13344.0	13299.0	28.8	37.7	44.5	50.1
2010-04-06	65546.0	0.0	0.0	52846.0	53123.0	12700.0	12423.0	28.5	37.3	42.9	49.9
2010-04-13	64935.0	0.0	0.0	53966.0	53590.0	10969.0	11345.0	28.8	37.7	42.6	50.4
2010-04-20	64935.0	0.0	0.0	53966.0	52862.0	10969.0	12073.0	28.8	37.7	42.6	50.4
2010-04-27	64935.0	0.0	0.0	53966.0	52862.0	10969.0	12073.0	28.8	37.7	42.6	50.4
2010-05-04	61611.0	0.0	0.0	49815.0	48629.0	11796.0	12982.0	27.0	36.5	40.6	49.0
2010-05-11	63213.0	0.0	0.0	54035.0	49929.0	9178.0	13284.0	25.9	37.2	41.4	49.3
2010-05-18	63088.0	0.0	0.0	53910.0	49804.0	9178.0	13284.0	25.9	35.6	41.5	47.9
2010-05-25	63594.0	0.0	0.0	54176.0	50310.0	9418.0	13284.0	25.3	34.7	41.6	46.9
2010-06-01	67038.0	0.0	0.0	58624.0	54580.0	8414.0	12458.0	35.1	42.6	49.4	52.8
2010-06-08	67038.0	0.0	0.0	58624.0	54580.0	8414.0	12458.0	35.1	42.6	49.4	52.8
2010-06-15	67522.0	0.0	0.0	58984.0	55064.0	8538.0	12458.0	35.3	43.0	49.6	53.2
2010-06-22	67338.0	0.0	0.0	58984.0	54460.0	8354.0	12878.0	35.4	42.3	49.7	52.4
2010-06-29	68098.0	0.0	0.0	59744.0	55220.0	8354.0	12878.0	35.1	42.7	50.5	52.7
2010-07-06	62864.0	0.0	0.0	55298.0	50544.0	7566.0	12320.0	36.0	42.8	51.2	52.2
2010-07-13	65308.0	0.0	0.0	56778.0	52397.0	8530.0	12911.0	37.0	40.5	51.7	50.4
2010-07-20	65382.0	0.0	0.0	56852.0	52223.0	8530.0	13159.0	37.5	40.4	52.0	50.4
2010-07-27	65382.0	0.0	0.0	56852.0	52223.0	8530.0	13159.0	37.5	40.4	52.0	50.4
2010-08-03	60376.0	0.0	0.0	52592.0	48200.0	7784.0	12176.0	38.3	41.0	54.5	52.0
2010-08-10	60376.0	0.0	0.0	52592.0	48200.0	7784.0	12176.0	38.8	41.0	55.0	52.0
2010-08-17	60376.0	0.0	0.0	52592.0	48200.0	7784.0	12176.0	38.8	41.0	55.0	52.0
2010-08-24	60376.0	0.0	0.0	52592.0	48200.0	7784.0	12176.0	38.8	41.0	55.0	52.0
2010-08-31	60168.0	0.0	0.0	52384.0	47992.0	7784.0	12176.0	38.9	40.3	55.2	51.8
2010-09-07	63790.0	0.0	0.0	56890.0	53303.0	6900.0	10487.0	39.7	53.5	58.4	63.8
2010-09-14	63070.0	0.0	0.0	56170.0	52583.0	6900.0	10487.0	39.0	52.6	57.8	63.0
2010-09-21	62334.0	0.0	0.0	55434.0	51847.0	6900.0	10487.0	38.3	51.2	57.3	61.9
2010-09-28	62274.0	0.0	0.0	55374.0	51787.0	6900.0	10487.0	38.2	51.1	57.2	61.9
2010-10-05	56895.0	0.0	0.0	49606.0	46029.0	7289.0	10866.0	41.7	55.0	63.4	66.3
2010-10-12	56895.0	0.0	0.0	49606.0	46029.0	7289.0	10866.0	41.7	55.0	63.4	66.3
2010-10-19	56895.0	0.0	0.0	49606.0	46029.0	7289.0	10866.0	41.7	55.0	63.4	66.3
2010-10-26	58057.0	0.0	0.0	50768.0	47191.0	7289.0	10866.0	40.9	53.9	62.1	64.2
2010-11-02	52079.0	0.0	0.0	45360.0	41629.0	6719.0	10450.0	36.5	52.1	60.0	62.5
2010-11-09	52079.0	0.0	0.0	45360.0	41629.0	6719.0	10450.0	36.5	52.1	60.0	62.5
2010-11-16	53539.0	0.0	0.0	45360.0	41629.0	8179.0	11910.0	35.5	50.7	58.4	60.7
2010-11-23	53507.0	0.0	0.0	45328.0	41597.0	8179.0	11910.0	35.5	50.6	58.3	60.6
2010-11-30	56795.0	0.0	0.0	48616.0	44581.0	8179.0	12214.0	30.4	41.8	50.4	51.1
2010-12-07	54723.0	0.0	0.0	50286.0	48123.0	4437.0	6600.0	32.1	46.7	54.0	62.2
2010-12-14	56053.0	86.0	0.0	51170.0	49173.0	4517.0	6600.0	30.9	50.2	54.1	64.3
2010-12-21	56845.0	55.0	0.0	50473.0	50815.0	6037.0	5750.0	35.0	60.2	57.9	74.1
2010-12-28	56876.0	55.0	0.0	50504.0	50846.0	6037.0	5750.0	35.0	59.8	57.9	73.7
2011-01-04	52017.0	0.0	0.0	46048.0	46279.0	5969.0	5738.0	35.5	59.8	59.2	74.6
2011-01-11	51861.0	0.0	0.0	45892.0	46551.0	5969.0	5310.0	35.9	60.0	60.1	75.2
2011-01-18	50149.0	0.0	0.0	44180.0	44839.0	5969.0	5310.0	37.1	61.7	58.8	74.4
2011-01-25	50039.0	0.0	0.0	44070.0	44729.0	5969.0	5310.0	37.0	61.6	58.7	74.3
2011-02-01	46435.0	0.0	0.0	40802.0	41909.0	5633.0	4526.0	35.1	62.7	58.7	75.7
2011-02-08	46435.0	0.0	0.0	40802.0	41909.0	5633.0	4526.0	35.1	63.2	58.7	75.7
2011-02-15	46435.0	0.0	0.0	40802.0	41909.0	5633.0	4526.0	35.1	63.2	58.7	75.7
2011-02-22	46097.0	0.0	0.0	40526.0	41661.0	5571.0	4436.0	35.2	62.8	58.5	75.7
