2013-08-13	1524936.0	307278.0	351470.0	1211877.0	1167685.0	0.0	0.0	49.3	47.1	69.6	68.1
2013-08-20	1534571.0	307278.0	351470.0	1221512.0	1177320.0	0.0	0.0	49.0	46.8	68.8	67.6
2013-08-27	1534571.0	307278.0	351470.0	1221512.0	1177320.0	0.0	0.0	49.0	46.8	68.8	67.6
2013-09-03	1477339.0	329110.0	343630.0	1142448.0	1127928.0	0.0	0.0	51.6	47.1	70.0	68.0
2013-09-10	1807669.0	1310.0	343630.0	1800578.0	1458258.0	0.0	0.0	42.2	38.5	58.2	56.8
2013-09-17	1849845.0	1310.0	343630.0	1842754.0	1500434.0	0.0	0.0	42.8	38.7	59.4	56.8
2013-09-24	1849845.0	1310.0	343630.0	1842754.0	1500434.0	0.0	0.0	42.8	38.7	59.4	56.8
2013-10-01	1815740.0	910.0	334830.0	1809049.0	1475129.0	0.0	0.0	46.6	37.4	62.1	55.9
2013-10-08	1815740.0	910.0	334830.0	1809049.0	1475129.0	0.0	0.0	46.6	37.4	62.1	55.9
2013-10-15	1834428.0	910.0	288030.0	1827737.0	1540617.0	0.0	0.0	45.9	37.8	61.2	56.6
2013-10-22	1870269.0	910.0	288030.0	1863578.0	1576458.0	0.0	0.0	45.5	37.1	60.3	55.5
2013-10-29	1848504.0	910.0	288030.0	1841813.0	1554693.0	0.0	0.0	43.9	37.5	57.6	52.7
2013-11-05	1813255.0	534.0	185678.0	1783420.0	1598276.0	0.0	0.0	44.0	33.3	57.4	51.9
2013-11-12	1813255.0	534.0	185678.0	1783420.0	1598276.0	0.0	0.0	44.0	33.3	57.4	51.9
2013-11-19	1815206.0	534.0	185678.0	1785371.0	1600227.0	0.0	0.0	44.0	33.8	57.3	52.4
2013-11-26	1811486.0	534.0	184060.0	1781651.0	1598125.0	0.0	0.0	45.4	34.2	60.1	55.4
2013-12-03	1756016.0	133.0	176040.0	1726582.0	1550675.0	0.0	0.0	46.0	35.4	60.8	55.8
2013-12-10	1759272.0	133.0	176040.0	1729838.0	1553931.0	0.0	0.0	45.9	35.0	60.6	55.7
2013-12-17	1759272.0	133.0	199360.0	1729838.0	1530611.0	0.0	0.0	44.8	33.7	58.0	53.1
2013-12-24	1800861.0	133.0	199360.0	1771427.0	1572200.0	0.0	0.0	50.2	38.1	63.1	58.3
2014-01-07	1741773.0	0.0	198515.0	1712747.0	1514232.0	0.0	0.0	51.2	38.8	63.4	57.7
2014-01-14	1892344.0	0.0	198515.0	1863318.0	1664803.0	0.0	0.0	55.4	43.7	66.5	61.2
2014-01-21	1915664.0	0.0	198515.0	1886638.0	1688123.0	0.0	0.0	55.9	43.2	66.9	60.4
2014-01-28	1937424.0	0.0	198515.0	1908398.0	1709883.0	0.0	0.0	55.3	42.7	66.1	59.7
2014-02-04	1860240.0	901.0	198240.0	1831214.0	1633875.0	0.0	0.0	56.5	43.8	67.9	62.6
2014-02-11	1860240.0	901.0	198240.0	1831214.0	1633875.0	0.0	0.0	56.5	43.8	67.9	62.6
2014-02-18	1860240.0	901.0	198240.0	1831214.0	1633875.0	0.0	0.0	56.5	43.8	67.9	62.6
2014-02-25	1888444.0	901.0	198240.0	1859418.0	1662079.0	0.0	0.0	55.5	44.2	67.5	62.7
2014-03-04	1826844.0	1957.0	191200.0	1797818.0	1608575.0	0.0	0.0	56.4	44.6	68.5	63.5
2014-03-11	1804060.0	1957.0	191200.0	1775034.0	1585791.0	0.0	0.0	55.9	45.1	68.2	63.0
2014-03-18	1841372.0	1957.0	191200.0	1812346.0	1623103.0	0.0	0.0	54.7	46.8	66.8	64.3
2014-03-25	1805900.0	1957.0	191200.0	1776874.0	1587631.0	0.0	0.0	55.7	45.1	68.0	63.0
2014-04-01	1747292.0	3178.0	191200.0	1718266.0	1530244.0	0.0	0.0	57.1	45.7	69.1	63.9
2014-04-08	1747292.0	3178.0	191200.0	1718266.0	1530244.0	0.0	0.0	57.1	45.7	69.1	63.9
2014-04-15	1748477.0	3178.0	191200.0	1719451.0	1531429.0	0.0	0.0	55.7	45.6	68.1	63.9
2014-04-22	1756077.0	3178.0	214720.0	1750571.0	1539029.0	0.0	0.0	55.5	47.2	69.1	65.4
2014-04-29	1756077.0	3178.0	214720.0	1750571.0	1539029.0	0.0	0.0	55.5	47.2	69.1	65.4
