2013-12-24	2494.0	250.0	0.0	2093.0	1978.0	151.0	516.0	50.6	60.1	71.1	65.5
2014-09-23	3414.0	93.0	150.0	3261.0	3182.0	60.0	82.0	38.7	48.1	53.9	58.4
2014-09-30	4224.0	143.0	250.0	4021.0	3484.0	60.0	490.0	37.5	35.7	52.3	47.6
2014-10-07	4786.0	50.0	188.0	4664.0	4409.0	60.0	177.0	29.2	33.2	38.7	41.4
2014-10-14	5123.0	110.0	250.0	4953.0	4696.0	60.0	177.0	28.2	28.7	38.3	40.0
2014-10-21	5225.0	150.0	250.0	5015.0	4798.0	60.0	177.0	27.2	29.4	38.1	43.7
2014-10-28	5090.0	150.0	250.0	4868.0	4651.0	60.0	177.0	28.5	32.2	39.8	46.4
2014-11-04	5378.0	75.0	162.0	4418.0	4240.0	885.0	976.0	30.1	31.9	44.3	46.1
2014-11-11	4636.0	75.0	162.0	4474.0	4306.0	87.0	168.0	36.8	39.1	53.2	55.6
2014-11-18	5366.0	412.0	162.0	4894.0	5026.0	60.0	178.0	34.8	43.5	52.1	58.3
2014-11-25	5717.0	365.0	162.0	5205.0	5348.0	90.0	150.0	38.2	45.9	53.5	59.8
2014-12-02	5080.0	289.0	162.0	4651.0	4743.0	105.0	140.0	52.0	52.9	66.9	67.3
2014-12-09	6333.0	357.0	162.0	5666.0	6021.0	310.0	150.0	60.3	56.7	71.4	73.0
2014-12-16	6349.0	357.0	162.0	5682.0	6037.0	310.0	150.0	61.0	57.6	72.2	73.8
2014-12-23	6712.0	373.0	162.0	6029.0	6400.0	310.0	150.0	60.1	51.3	70.9	70.1
2014-12-30	7078.0	373.0	162.0	6395.0	6766.0	310.0	150.0	59.8	52.1	70.0	71.4
2015-01-06	6003.0	374.0	162.0	5243.0	5666.0	386.0	175.0	64.0	52.4	76.1	76.3
2015-01-13	6462.0	324.0	162.0	5828.0	6165.0	310.0	135.0	69.1	55.5	79.7	79.7
2015-01-20	7384.0	399.0	162.0	6645.0	7087.0	340.0	135.0	60.8	50.4	71.7	71.1
2015-01-27	8704.0	447.0	162.0	7917.0	8407.0	340.0	135.0	53.7	43.8	64.1	62.4
2015-02-03	6916.0	173.0	162.0	6573.0	6634.0	170.0	120.0	55.1	41.0	66.9	60.3
2015-02-10	7759.0	243.0	162.0	7351.0	7462.0	165.0	135.0	50.9	38.4	62.2	56.2
2015-02-17	7775.0	236.0	162.0	7369.0	7448.0	140.0	135.0	49.2	39.1	59.7	54.0
2015-02-24	10181.0	275.0	162.0	9815.0	9868.0	60.0	120.0	38.7	43.8	56.0	56.0
2015-03-03	9114.0	161.0	38.0	8863.0	8926.0	60.0	120.0	40.8	50.0	54.6	60.1
2015-03-10	9309.0	230.0	38.0	8979.0	9036.0	60.0	195.0	40.0	48.7	54.9	59.4
2015-03-17	9760.0	411.0	0.0	9210.0	9561.0	60.0	120.0	37.4	48.0	50.4	57.2
2015-03-24	10114.0	391.0	0.0	9625.0	9956.0	60.0	120.0	32.4	46.3	47.7	55.1
2015-03-31	10646.0	376.0	0.0	10171.0	10487.0	60.0	120.0	33.8	45.4	50.1	56.7
2015-04-07	9712.0	389.0	0.0	9152.0	9571.0	170.0	140.0	48.3	55.8	64.8	69.7
2015-04-14	10445.0	290.0	0.0	9920.0	10244.0	185.0	151.0	45.6	52.6	60.6	66.9
2015-04-21	10747.0	311.0	0.0	10197.0	10553.0	185.0	140.0	44.9	51.6	58.8	65.5
2015-04-28	11734.0	306.0	0.0	11077.0	11398.0	155.0	140.0	42.2	47.7	54.8	61.0
2015-05-05	10807.0	167.0	0.0	10270.0	10410.0	125.0	152.0	47.6	49.1	60.8	62.6
2015-05-12	11192.0	367.0	0.0	10515.0	10855.0	125.0	152.0	45.5	47.8	59.2	61.3
2015-05-19	12644.0	506.0	0.0	11857.0	12336.0	125.0	152.0	46.0	44.5	60.1	60.1
2015-05-26	14019.0	380.0	40.0	13507.0	13820.0	125.0	152.0	46.5	47.5	59.2	60.1
2015-06-02	15282.0	268.0	40.0	14892.0	15115.0	115.0	120.0	54.9	52.1	66.5	66.8
2015-06-09	15889.0	242.0	102.0	15452.0	15572.0	115.0	135.0	53.8	48.5	64.2	63.2
2015-06-16	16050.0	325.0	102.0	15608.0	15797.0	115.0	149.0	52.9	49.6	63.2	63.6
2015-06-23	17032.0	340.0	102.0	16512.0	16779.0	178.0	149.0	51.5	51.5	61.3	64.9
2015-06-30	18096.0	458.0	102.0	17458.0	17843.0	178.0	149.0	48.8	48.6	60.4	64.4
2015-07-07	14297.0	193.0	62.0	13929.0	14064.0	173.0	169.0	46.5	51.5	61.1	67.5
2015-07-14	15182.0	213.0	62.0	14782.0	14969.0	185.0	149.0	46.3	50.8	60.4	65.9
2015-07-21	15587.0	198.0	62.0	15202.0	15374.0	185.0	149.0	44.3	49.7	58.4	64.8
2015-07-28	17375.0	258.0	62.0	16932.0	17164.0	185.0	149.0	41.4	44.5	55.1	60.9
2015-08-04	14964.0	328.0	62.0	14554.0	14647.0	82.0	255.0	37.6	42.8	52.2	58.1
2015-08-11	14784.0	438.0	62.0	14144.0	14467.0	202.0	255.0	37.4	43.1	52.1	59.0
2015-08-18	14709.0	393.0	62.0	14114.0	14392.0	202.0	255.0	37.7	43.3	52.5	59.3
2015-08-25	15236.0	518.0	62.0	14516.0	14919.0	202.0	255.0	38.4	45.1	53.6	56.2
2015-09-01	14321.0	315.0	62.0	13824.0	14124.0	182.0	135.0	34.3	45.4	50.0	57.7
2015-09-08	14761.0	328.0	62.0	14251.0	14564.0	182.0	135.0	34.4	45.8	50.3	57.5
2015-09-15	14666.0	323.0	62.0	14136.0	14444.0	182.0	135.0	33.2	46.1	49.1	57.8
2015-09-22	18135.0	359.0	62.0	17621.0	17925.0	142.0	135.0	42.2	37.3	55.3	56.7
2015-09-29	24306.0	585.0	0.0	23566.0	24158.0	142.0	135.0	50.3	39.6	58.5	57.2
2015-10-06	21958.0	431.0	0.0	21386.0	21616.0	132.0	333.0	53.4	41.0	61.0	61.0
2015-10-13	23894.0	531.0	0.0	23222.0	23552.0	132.0	333.0	47.9	37.5	55.0	55.8
2015-10-20	23835.0	591.0	0.0	23112.0	23492.0	132.0	343.0	47.5	37.6	55.0	56.0
2015-10-27	24129.0	546.0	0.0	23442.0	23777.0	132.0	343.0	46.9	37.0	54.0	55.2
2015-11-03	22569.0	356.0	0.0	22093.0	22128.0	120.0	441.0	46.9	37.5	53.9	53.4
2015-11-10	22682.0	296.0	0.0	22266.0	22226.0	120.0	456.0	47.0	37.3	54.4	55.1
2015-11-17	24150.0	395.0	0.0	23561.0	23632.0	132.0	456.0	42.5	34.2	49.0	50.4
2015-11-24	25397.0	565.0	0.0	24630.0	24894.0	140.0	441.0	42.7	32.5	49.1	46.4
2015-12-01	23647.0	430.0	0.0	23015.0	23151.0	140.0	434.0	47.8	35.6	55.5	51.1
2015-12-08	23716.0	460.0	0.0	23054.0	23220.0	140.0	434.0	48.5	35.5	56.3	50.9
2015-12-15	24460.0	787.0	0.0	23471.0	23980.0	140.0	418.0	48.7	33.4	57.7	50.1
2015-12-22	25266.0	907.0	0.0	24157.0	24786.0	140.0	418.0	49.0	34.0	57.7	50.5
2015-12-29	25576.0	967.0	0.0	24407.0	25096.0	140.0	418.0	49.6	33.6	58.2	50.6
2016-01-05	20889.0	843.0	0.0	19844.0	20447.0	140.0	380.0	57.4	40.6	63.3	56.6
2016-01-12	22546.0	893.0	62.0	21451.0	22152.0	140.0	270.0	52.5	37.5	58.1	49.3
2016-01-19	22571.0	998.0	62.0	21371.0	22177.0	140.0	270.0	54.5	37.8	60.9	50.2
2016-01-26	23058.0	1083.0	62.0	21773.0	22664.0	140.0	270.0	55.0	38.4	61.3	51.6
2016-02-02	20217.0	690.0	62.0	19355.0	19853.0	110.0	240.0	51.2	34.5	58.7	49.6
2016-02-09	20249.0	690.0	62.0	19387.0	19885.0	110.0	240.0	49.7	34.1	57.6	48.9
2016-02-16	20547.0	697.0	62.0	19678.0	20183.0	110.0	240.0	48.6	33.7	57.5	48.8
2016-02-23	20865.0	752.0	62.0	19941.0	20493.0	110.0	248.0	48.7	33.6	57.8	48.9
2016-03-01	19646.0	387.0	0.0	19144.0	19446.0	115.0	200.0	51.6	35.4	59.1	51.7
2016-03-08	20983.0	427.0	0.0	20441.0	20768.0	115.0	215.0	48.9	33.0	57.7	49.4
2016-03-15	21259.0	389.0	123.0	20692.0	20843.0	115.0	230.0	49.0	32.6	58.7	49.3
2016-03-22	22354.0	394.0	123.0	21782.0	21938.0	115.0	230.0	48.7	32.2	58.6	48.8
2016-03-29	22911.0	362.0	123.0	22322.0	22446.0	115.0	230.0	48.6	31.8	60.8	51.5
2016-04-05	20610.0	314.0	186.0	20167.0	20200.0	105.0	200.0	46.2	30.6	59.6	47.4
2016-04-12	21790.0	37.0	404.0	21397.0	20935.0	105.0	200.0	45.8	29.0	60.4	45.9
2016-04-19	23334.0	37.0	536.0	23046.0	22452.0	105.0	200.0	49.4	29.8	63.2	48.3
2016-04-26	24384.0	37.0	392.0	24059.0	23609.0	105.0	200.0	47.4	28.6	60.2	45.8
2016-05-03	25958.0	63.0	430.0	25479.0	24917.0	95.0	290.0	44.0	28.5	53.7	45.1
2016-05-10	27163.0	105.0	832.0	26297.0	25375.0	420.0	615.0	40.5	28.4	54.1	43.4
2016-05-17	30746.0	68.0	788.0	29842.0	28732.0	395.0	785.0	35.3	26.1	48.7	38.5
2016-05-24	32233.0	109.0	779.0	31111.0	30106.0	593.0	928.0	34.8	25.4	47.6	37.6
2016-05-31	32607.0	139.0	904.0	31475.0	30375.0	593.0	928.0	33.9	25.1	45.5	36.6
2016-06-07	27808.0	163.0	818.0	26740.0	25760.0	769.0	1094.0	42.1	30.1	57.3	42.8
2016-06-14	28349.0	163.0	828.0	27291.0	26253.0	769.0	1142.0	42.2	28.6	57.0	40.8
2016-06-21	29454.0	163.0	793.0	28361.0	27358.0	769.0	1142.0	40.7	28.2	55.4	40.4
2016-06-28	29465.0	100.0	798.0	28217.0	27120.0	1012.0	1411.0	40.9	28.2	55.3	40.2
2016-07-05	22907.0	52.0	829.0	21764.0	20609.0	769.0	1147.0	44.9	34.7	60.9	47.7
2016-07-12	25305.0	62.0	829.0	24159.0	23014.0	769.0	1147.0	49.4	31.4	62.7	46.7
2016-07-19	25378.0	82.0	829.0	24204.0	23079.0	769.0	1147.0	48.2	33.1	61.2	46.7
2016-07-26	26213.0	119.0	829.0	25023.0	23659.0	769.0	1423.0	50.2	35.0	63.0	48.3
2016-08-02	23767.0	0.0	580.0	22951.0	21748.0	541.0	1164.0	52.4	40.4	64.5	53.5
2016-08-09	23934.0	33.0	668.0	23026.0	21765.0	570.0	1196.0	51.7	41.0	63.5	54.4
2016-08-16	26750.0	0.0	690.0	26004.0	24688.0	445.0	1071.0	50.6	37.9	59.9	50.7
2016-08-23	26627.0	0.0	674.0	26258.0	24958.0	60.0	686.0	51.1	38.1	60.8	51.6
2016-08-30	26827.0	12.0	681.0	26421.0	25126.0	60.0	686.0	50.6	38.0	60.3	51.6
2016-09-06	22900.0	0.0	875.0	22777.0	21274.0	45.0	673.0	60.9	36.1	68.3	54.3
2016-09-13	25568.0	0.0	900.0	25470.0	23902.0	5.0	673.0	56.1	39.3	67.3	57.5
2016-09-20	26160.0	13.0	856.0	26052.0	24541.0	5.0	673.0	56.4	34.7	66.6	55.5
2016-09-27	27225.0	0.0	868.0	26943.0	25407.0	5.0	673.0	56.9	34.4	67.4	54.8
2016-10-04	22882.0	58.0	456.0	22530.0	21439.0	0.0	693.0	63.8	45.8	72.3	63.9
2016-10-11	23967.0	121.0	576.0	23539.0	22424.0	0.0	660.0	61.5	46.8	71.3	65.0
2016-10-18	26215.0	384.0	576.0	25499.0	24647.0	0.0	660.0	68.1	53.1	78.2	69.9
2016-10-25	27040.0	543.0	974.0	26188.0	25102.0	23.0	678.0	67.6	54.6	78.4	72.4
2016-11-01	28015.0	445.0	936.0	27353.0	26242.0	23.0	643.0	70.9	59.9	79.4	77.5
2016-11-08	33301.0	791.0	936.0	32303.0	31718.0	23.0	463.0	73.0	66.0	81.7	81.0
2016-11-15	35184.0	1087.0	936.0	33921.0	33609.0	0.0	463.0	73.0	68.2	82.0	82.3
2016-11-22	38113.0	1817.0	936.0	36058.0	36476.0	0.0	463.0	69.9	68.0	79.9	81.5
2016-11-29	38872.0	2029.0	936.0	36605.0	37235.0	0.0	463.0	68.6	67.2	78.5	80.1
2016-12-06	33708.0	2378.0	1099.0	31268.0	31911.0	0.0	636.0	68.9	66.5	79.8	78.4
2016-12-13	35612.0	2700.0	1099.0	32789.0	33766.0	12.0	636.0	66.1	66.2	76.6	77.5
2016-12-20	37450.0	2711.0	1099.0	34591.0	35579.0	12.0	636.0	65.2	65.2	74.9	76.2
2016-12-27	37873.0	2776.0	1099.0	34761.0	35814.0	192.0	816.0	64.7	64.7	74.1	75.7
2017-01-03	32047.0	1748.0	936.0	30007.0	29913.0	195.0	1101.0	70.8	67.9	80.5	80.5
2017-01-10	33608.0	1825.0	936.0	31266.0	31464.0	435.0	1126.0	65.4	57.9	74.7	73.1
2017-01-17	34020.0	1937.0	936.0	31566.0	31876.0	435.0	1126.0	64.6	56.3	73.8	71.8
2017-01-24	35580.0	1984.0	1225.0	33244.0	33519.0	255.0	739.0	62.2	52.8	71.2	67.3
2017-01-31	38103.0	1984.0	1235.0	35767.0	36032.0	255.0	739.0	61.3	48.5	69.9	64.7
