2014-02-25	5401.0	3436.0	3302.0	663.0	798.0	290.0	289.0	64.1	42.9	66.6	55.8
2014-03-04	5460.0	3064.0	3382.0	724.0	616.0	442.0	232.0	56.4	46.3	60.6	58.1
2014-03-11	5619.0	2920.0	3046.0	724.0	626.0	457.0	429.0	53.9	43.7	56.6	54.2
2014-03-18	5811.0	3206.0	3300.0	678.0	710.0	459.0	333.0	55.9	44.3	59.9	56.3
2014-03-25	5980.0	3374.0	3216.0	607.0	714.0	527.0	578.0	56.5	43.1	59.8	55.0
2014-04-01	6065.0	3509.0	3437.0	572.0	671.0	557.0	530.0	55.6	49.7	60.3	59.4
2014-04-08	5296.0	3078.0	3556.0	503.0	305.0	587.0	307.0	60.2	54.8	65.0	67.7
2014-04-15	5297.0	3090.0	3586.0	503.0	306.0	606.0	307.0	59.6	55.4	65.1	67.7
2014-04-22	5387.0	3260.0	3520.0	503.0	336.0	526.0	433.0	59.0	55.4	66.0	66.4
2014-04-29	5385.0	3118.0	3502.0	629.0	330.0	538.0	453.0	60.5	55.4	66.5	65.6
2014-05-27	4962.0	3020.0	3134.0	410.0	487.0	640.0	449.0	63.8	52.0	68.5	66.8
2014-06-03	4333.0	2699.0	2793.0	222.0	503.0	692.0	317.0	63.4	49.3	67.0	66.4
2014-07-01	4680.0	2784.0	2809.0	351.0	571.0	631.0	386.0	61.2	46.9	64.8	61.8
2014-07-08	4800.0	2533.0	2662.0	289.0	442.0	662.0	380.0	53.0	38.8	56.6	55.3
2014-07-15	5450.0	2973.0	2978.0	289.0	472.0	568.0	380.0	49.3	36.0	58.9	52.4
2014-07-22	5659.0	2987.0	2752.0	288.0	711.0	538.0	350.0	47.5	35.1	56.7	53.3
2014-07-29	5711.0	2957.0	2764.0	319.0	712.0	549.0	349.0	47.1	35.0	56.2	53.0
2014-08-05	5742.0	2813.0	2586.0	239.0	697.0	1176.0	945.0	41.7	31.7	51.5	49.8
2014-08-12	5097.0	2813.0	2616.0	269.0	697.0	507.0	276.0	47.0	35.7	58.0	55.5
2014-08-19	5097.0	2813.0	2656.0	309.0	697.0	507.0	276.0	47.0	35.7	58.0	55.5
2014-08-26	5172.0	2813.0	2656.0	324.0	713.0	567.0	335.0	46.3	35.2	57.5	55.0
2014-09-02	5286.0	2933.0	2796.0	344.0	733.0	591.0	339.0	47.6	34.8	58.9	54.2
2014-09-09	4736.0	3058.0	2834.0	190.0	380.0	500.0	534.0	50.9	39.0	64.7	60.7
2014-09-16	5052.0	3058.0	2678.0	336.0	406.0	620.0	930.0	46.9	40.3	64.2	56.4
2014-09-23	5229.0	2908.0	2738.0	414.0	708.0	645.0	521.0	45.5	39.2	59.0	56.3
2014-09-30	5172.0	2678.0	2488.0	414.0	778.0	620.0	446.0	47.3	34.0	56.3	51.3
2014-10-07	5154.0	2593.0	2238.0	78.0	718.0	715.0	430.0	43.0	32.1	49.9	47.2
2014-10-14	5314.0	2523.0	2118.0	78.0	718.0	565.0	330.0	39.6	28.9	46.4	43.5
2014-10-21	5384.0	2423.0	2288.0	248.0	648.0	565.0	300.0	39.1	27.5	44.7	41.0
2014-10-28	5504.0	2643.0	1916.0	678.0	1570.0	445.0	280.0	40.1	29.1	47.0	42.3
2014-11-04	5024.0	2822.0	2395.0	663.0	1259.0	389.0	220.0	41.5	29.7	55.4	45.3
2014-11-11	5024.0	2792.0	2365.0	663.0	1259.0	389.0	220.0	40.9	29.7	54.8	44.8
2014-11-18	5260.0	2782.0	2603.0	713.0	1199.0	389.0	82.0	39.0	31.9	52.1	46.1
2014-11-25	5100.0	2573.0	2497.0	733.0	1079.0	379.0	109.0	40.0	31.4	50.5	45.3
2014-12-09	4413.0	2404.0	2443.0	628.0	851.0	509.0	247.0	47.4	37.7	55.7	56.3
2014-12-16	4317.0	2339.0	2473.0	628.0	821.0	470.0	143.0	47.4	39.2	55.4	58.2
2014-12-23	4263.0	2237.0	2473.0	664.0	767.0	482.0	143.0	48.6	39.7	56.0	58.9
2014-12-30	4555.0	2309.0	2471.0	666.0	821.0	460.0	143.0	45.5	37.1	53.9	55.1
2015-01-27	5279.0	2963.0	2939.0	684.0	839.0	354.0	223.0	56.4	37.0	62.1	56.4
2015-02-03	5107.0	3018.0	2989.0	648.0	826.0	314.0	165.0	60.2	35.2	65.7	56.9
2015-02-10	5427.0	3048.0	3069.0	698.0	826.0	314.0	165.0	58.2	38.2	63.3	58.7
2015-02-17	5559.0	3168.0	3219.0	720.0	808.0	304.0	165.0	59.1	40.0	64.1	59.5
2015-02-24	5989.0	3228.0	3529.0	1180.0	938.0	214.0	155.0	55.9	42.3	61.7	58.2
2015-03-03	6109.0	3149.0	3415.0	1145.0	960.0	735.0	654.0	52.9	38.0	58.4	54.6
2015-03-10	6208.0	3319.0	3885.0	1471.0	966.0	278.0	217.0	59.4	43.5	64.9	62.2
2015-03-17	6779.0	3764.0	4070.0	1473.0	1198.0	330.0	299.0	56.4	39.8	64.8	59.7
2015-03-24	8450.0	4136.0	4974.0	2165.0	1362.0	408.0	373.0	49.0	32.3	57.5	52.8
2015-03-31	10388.0	4849.0	6180.0	3192.0	1864.0	566.0	563.0	43.8	28.9	54.5	46.4
2015-04-07	10285.0	5320.0	5744.0	2458.0	1937.0	468.0	565.0	36.8	24.9	49.2	41.2
2015-04-14	10985.0	5816.0	5815.0	2625.0	2559.0	386.0	453.0	34.5	25.0	44.7	40.3
2015-04-21	11964.0	6528.0	6424.0	2830.0	3027.0	280.0	187.0	34.3	26.5	44.7	42.9
2015-04-28	14557.0	7786.0	7546.0	3401.0	3790.0	296.0	147.0	32.1	25.3	43.1	40.0
2015-05-05	13002.0	6777.0	6286.0	2623.0	3252.0	446.0	308.0	34.6	24.5	47.3	38.0
2015-05-12	14682.0	7263.0	7112.0	2923.0	3162.0	406.0	318.0	33.2	24.2	45.2	37.4
2015-05-19	15276.0	7321.0	7132.0	3059.0	3246.0	316.0	318.0	32.7	23.5	45.3	37.4
2015-05-26	16394.0	7939.0	7620.0	3319.0	3606.0	426.0	458.0	34.8	22.1	45.2	35.5
2015-06-02	14920.0	6883.0	7628.0	3259.0	2581.0	426.0	359.0	30.2	20.3	45.2	32.4
2015-06-09	15731.0	7093.0	8178.0	3569.0	2551.0	489.0	422.0	30.1	21.5	44.3	34.3
2015-06-16	17173.0	7993.0	9203.0	3654.0	2811.0	936.0	569.0	31.6	23.4	43.5	36.8
2015-06-23	18083.0	8295.0	9491.0	4246.0	3177.0	656.0	529.0	33.8	24.6	46.0	37.4
2015-06-30	18823.0	8503.0	9601.0	4592.0	3651.0	436.0	279.0	32.6	25.1	44.1	38.5
2015-07-07	17210.0	6890.0	8272.0	4412.0	3146.0	516.0	400.0	28.5	26.6	42.5	40.4
2015-07-14	17139.0	7000.0	7814.0	3869.0	3141.0	536.0	450.0	29.0	23.1	42.2	36.8
2015-07-21	17204.0	6682.0	7446.0	3829.0	3171.0	606.0	500.0	27.4	22.8	39.8	36.3
2015-07-28	17623.0	7412.0	8016.0	3781.0	3333.0	606.0	450.0	29.6	25.2	41.4	38.7
2015-08-04	15189.0	6837.0	7549.0	3195.0	2587.0	494.0	390.0	32.2	24.0	43.3	38.2
2015-08-11	16487.0	6855.0	7427.0	3205.0	2667.0	404.0	370.0	28.2	22.5	38.5	34.8
2015-08-18	16917.0	6775.0	7517.0	3395.0	2747.0	514.0	420.0	27.5	21.6	37.3	33.6
2015-08-25	17222.0	7110.0	7842.0	3403.0	2685.0	528.0	514.0	30.5	21.7	40.7	34.0
2015-09-01	18184.0	7451.0	8078.0	3625.0	3172.0	759.0	585.0	28.6	20.2	38.4	32.8
2015-09-08	17241.0	7222.0	7065.0	3404.0	3788.0	787.0	560.0	25.4	19.7	36.8	31.5
2015-09-15	18523.0	7999.0	7482.0	3663.0	4228.0	622.0	574.0	25.2	19.4	38.1	30.5
2015-09-22	18365.0	7789.0	7372.0	3751.0	4390.0	742.0	520.0	25.0	18.1	37.3	30.5
2015-09-29	18711.0	7635.0	7040.0	3763.0	4380.0	474.0	452.0	23.7	17.8	35.5	28.7
2015-10-06	16538.0	6567.0	5746.0	3523.0	4289.0	439.0	494.0	25.8	14.5	37.5	24.9
2015-10-13	16682.0	6587.0	5816.0	3523.0	4239.0	469.0	524.0	24.2	14.4	35.6	24.8
2015-10-20	18229.0	6844.0	5679.0	3793.0	4939.0	756.0	775.0	23.2	15.2	32.9	25.6
2015-10-27	18498.0	6762.0	6092.0	3836.0	4487.0	546.0	565.0	23.3	16.8	33.0	27.7
2015-11-03	16401.0	5636.0	6168.0	3083.0	2563.0	520.0	508.0	27.1	20.2	38.7	30.9
2015-11-10	16325.0	5721.0	5431.0	2944.0	3292.0	545.0	487.0	22.5	17.6	33.0	28.4
2015-11-17	17724.0	6410.0	6927.0	3683.0	3206.0	512.0	472.0	23.9	22.8	36.7	32.8
2015-11-24	18921.0	7217.0	7993.0	4025.0	3199.0	577.0	627.0	26.9	25.6	39.5	35.9
2015-12-01	21010.0	7306.0	7534.0	4931.0	4747.0	484.0	440.0	22.8	25.2	35.7	34.9
2015-12-08	19104.0	6637.0	5444.0	4441.0	5603.0	312.0	343.0	21.1	26.5	33.1	34.2
2015-12-15	20043.0	6905.0	5475.0	4668.0	6097.0	293.0	294.0	21.8	28.0	32.3	35.4
2015-12-22	20477.0	7205.0	5789.0	4884.0	6262.0	412.0	450.0	22.4	28.3	32.6	35.3
2015-12-29	21140.0	7155.0	6409.0	5058.0	5796.0	695.0	703.0	23.8	28.5	34.7	35.5
2016-01-05	17678.0	7579.0	7491.0	4599.0	4827.0	454.0	314.0	24.7	34.7	39.3	43.8
2016-01-12	20087.0	8043.0	8112.0	5342.0	5278.0	517.0	512.0	22.9	33.6	36.5	42.9
2016-01-19	20579.0	8577.0	8372.0	5208.0	5369.0	367.0	411.0	23.1	35.3	37.8	42.9
2016-01-26	23329.0	9176.0	9222.0	5895.0	5842.0	377.0	384.0	22.6	35.5	35.0	43.1
2016-02-02	20486.0	6918.0	8809.0	5506.0	3816.0	451.0	250.0	21.3	35.0	31.7	42.3
2016-02-09	20938.0	7111.0	8782.0	5523.0	3978.0	375.0	249.0	19.6	32.7	30.4	41.0
2016-02-16	22942.0	7857.0	9122.0	6090.0	4945.0	1093.0	973.0	18.0	30.8	29.6	40.7
2016-02-23	24240.0	8513.0	9004.0	6571.0	6168.0	556.0	468.0	18.2	32.1	30.7	40.8
2016-03-01	25726.0	9572.0	10234.0	6928.0	6390.0	558.0	434.0	18.7	33.1	32.8	42.5
2016-03-08	24079.0	9552.0	9645.0	6238.0	6178.0	544.0	511.0	20.2	31.4	34.4	39.7
2016-03-15	25760.0	9092.0	8848.0	6839.0	7301.0	578.0	360.0	17.2	29.7	29.7	36.5
2016-03-22	26191.0	9236.0	8786.0	7193.0	7692.0	549.0	500.0	17.5	29.1	29.6	35.6
2016-03-29	26458.0	8909.0	8311.0	7937.0	8325.0	575.0	785.0	17.4	28.6	29.6	35.0
2016-04-05	22026.0	7409.0	7379.0	6705.0	6706.0	439.0	468.0	18.9	29.6	32.7	38.0
2016-04-12	22068.0	7939.0	7354.0	6104.0	6828.0	627.0	488.0	17.4	30.9	30.5	40.2
2016-04-19	22792.0	8164.0	7789.0	5940.0	6400.0	572.0	487.0	17.2	29.2	29.3	39.5
2016-04-26	23177.0	7128.0	7216.0	6480.0	6442.0	477.0	427.0	15.4	30.6	28.1	38.7
2016-05-03	20685.0	6851.0	7238.0	5909.0	5623.0	465.0	364.0	19.2	38.0	32.7	45.9
2016-05-10	21002.0	6860.0	7023.0	5784.0	5638.0	383.0	366.0	18.8	35.4	32.2	43.7
2016-05-17	21241.0	7378.0	6922.0	5713.0	6258.0	379.0	290.0	20.6	34.6	34.3	44.9
2016-05-24	22987.0	8005.0	7088.0	6056.0	7091.0	399.0	281.0	22.0	33.3	34.3	43.2
2016-05-31	23938.0	8405.0	7352.0	5952.0	7197.0	511.0	319.0	21.8	31.0	32.7	42.1
2016-06-07	21378.0	9298.0	7301.0	3704.0	6104.0	871.0	468.0	22.6	31.9	33.6	43.8
2016-06-14	21614.0	9448.0	7355.0	3654.0	6202.0	872.0	417.0	23.3	31.6	33.8	43.3
2016-06-21	21714.0	9463.0	7395.0	4010.0	6233.0	565.0	410.0	22.7	30.5	33.1	42.1
2016-06-28	22125.0	9061.0	7376.0	4496.0	6399.0	579.0	361.0	22.6	29.4	33.0	39.7
2016-07-05	19937.0	8296.0	8430.0	4707.0	4726.0	539.0	386.0	20.7	36.2	35.0	43.6
2016-07-12	20805.0	8451.0	8779.0	5223.0	5152.0	682.0	425.0	20.1	37.7	33.7	43.6
2016-07-19	21623.0	8805.0	9293.0	6253.0	6112.0	667.0	320.0	20.6	38.8	33.4	44.4
2016-07-26	21806.0	8941.0	9300.0	6375.0	5948.0	351.0	419.0	20.6	37.3	33.4	43.4
2016-08-02	19255.0	8380.0	8908.0	4943.0	4481.0	461.0	395.0	22.9	33.9	34.3	41.8
2016-08-09	19456.0	7844.0	9188.0	6099.0	4688.0	283.0	350.0	22.1	35.5	33.7	42.7
2016-08-16	21182.0	7941.0	9648.0	6505.0	4668.0	333.0	463.0	20.9	32.4	31.6	40.6
2016-08-23	21445.0	7871.0	9663.0	6625.0	4598.0	374.0	609.0	20.8	33.0	31.2	40.2
2016-08-30	21697.0	7777.0	9461.0	6775.0	4848.0	518.0	761.0	20.0	31.3	30.4	40.0
2016-09-06	19724.0	7763.0	9522.0	5908.0	4019.0	475.0	605.0	23.3	35.4	36.0	43.1
2016-09-13	20561.0	7502.0	9535.0	6561.0	4312.0	403.0	619.0	22.1	34.4	33.9	42.0
2016-09-20	21085.0	8080.0	9534.0	6536.0	4967.0	414.0	529.0	21.4	33.3	33.0	41.3
2016-09-27	21517.0	8330.0	9734.0	6666.0	5247.0	460.0	475.0	21.1	32.8	32.3	41.1
2016-10-04	19125.0	8205.0	8888.0	5610.0	4567.0	326.0	686.0	25.7	33.3	35.6	42.0
2016-10-11	19373.0	8251.0	8836.0	5690.0	4737.0	365.0	733.0	25.4	32.5	35.4	41.3
2016-10-18	19356.0	8567.0	9024.0	5660.0	4886.0	355.0	672.0	25.4	32.2	35.6	40.8
2016-10-25	19427.0	8442.0	8779.0	5850.0	5114.0	383.0	782.0	25.4	31.4	34.0	39.6
2016-11-01	20308.0	8639.0	8940.0	5422.0	4845.0	1607.0	1883.0	25.2	31.0	32.3	38.8
2016-11-08	17416.0	7661.0	8112.0	5242.0	4839.0	511.0	463.0	25.0	33.9	34.6	43.8
2016-11-15	18504.0	8188.0	8150.0	5352.0	5408.0	548.0	530.0	24.4	35.5	36.3	44.7
2016-11-22	18977.0	8300.0	8047.0	5380.0	5778.0	488.0	343.0	23.6	35.4	35.2	43.9
2016-11-29	20049.0	8619.0	8153.0	5634.0	6269.0	517.0	348.0	23.2	36.3	33.8	44.9
2016-12-06	17228.0	8187.0	7875.0	4516.0	5033.0	849.0	644.0	25.9	35.0	38.7	46.5
2016-12-13	17626.0	8724.0	7585.0	4082.0	5219.0	406.0	408.0	24.0	36.1	36.9	47.1
2016-12-20	18311.0	8862.0	7870.0	4354.0	5344.0	382.0	384.0	24.0	33.8	36.4	44.1
2016-12-27	18874.0	8676.0	7762.0	4609.0	5447.0	395.0	471.0	22.8	32.7	34.7	43.0
2017-01-03	19214.0	8572.0	7841.0	5080.0	5828.0	354.0	337.0	22.4	32.0	34.1	42.4
2017-01-10	17349.0	8014.0	8278.0	4908.0	4829.0	626.0	441.0	24.8	30.3	37.4	43.2
2017-01-17	17197.0	7726.0	7700.0	4581.0	4877.0	661.0	391.0	22.3	28.3	35.3	39.7
2017-01-24	16960.0	7599.0	7290.0	4500.0	5062.0	551.0	298.0	22.0	27.5	35.3	39.0
2017-01-31	17504.0	7520.0	7011.0	4854.0	5613.0	498.0	248.0	20.3	28.1	32.7	38.7
