2014-05-06	1701981.0	4282.0	214720.0	1696475.0	1486037.0	0.0	0.0	56.2	47.4	69.5	66.0
2014-05-13	1733431.0	4282.0	214720.0	1727925.0	1517487.0	0.0	0.0	57.0	46.6	70.1	64.8
2014-05-20	1780311.0	4282.0	214720.0	1774805.0	1564367.0	0.0	0.0	50.2	40.3	62.9	57.8
2014-05-27	1780311.0	4282.0	214720.0	1774805.0	1564367.0	0.0	0.0	50.2	40.3	62.9	57.8
2014-06-03	2772615.0	5506.0	308720.0	2767109.0	2463895.0	0.0	0.0	31.5	28.8	39.6	37.7
2014-06-10	2772615.0	5506.0	308720.0	2767109.0	2463895.0	0.0	0.0	31.5	28.8	39.6	37.7
2014-06-17	2937175.0	5506.0	308720.0	2931669.0	2628455.0	0.0	0.0	29.7	29.6	41.4	39.4
2014-06-24	2843255.0	5506.0	308720.0	2837749.0	2534535.0	0.0	0.0	33.6	33.8	46.6	44.5
2014-07-01	2784887.0	4738.0	308720.0	2780149.0	2476167.0	0.0	0.0	33.9	34.1	47.1	45.0
2014-07-08	2784887.0	4738.0	308720.0	2780149.0	2476167.0	0.0	0.0	33.9	34.1	47.1	45.0
2014-07-15	2784887.0	4738.0	308720.0	2780149.0	2476167.0	0.0	0.0	33.9	34.1	47.1	45.0
2014-07-22	2919447.0	4738.0	308720.0	2914709.0	2610727.0	0.0	0.0	29.1	30.5	40.9	40.5
2014-07-29	3394063.0	4738.0	308720.0	3389325.0	3085343.0	0.0	0.0	47.7	53.9	61.8	62.5
2014-08-05	3361879.0	3954.0	308720.0	3357925.0	3053159.0	0.0	0.0	46.2	54.2	61.5	62.9
2014-08-12	3361879.0	3954.0	308720.0	3357925.0	3053159.0	0.0	0.0	46.2	54.2	61.5	62.9
2014-08-19	3370219.0	3954.0	308720.0	3366265.0	3061499.0	0.0	0.0	46.1	54.1	61.1	62.8
2014-08-26	3370219.0	3954.0	308720.0	3366265.0	3061499.0	0.0	0.0	46.1	54.1	61.1	62.8
2014-09-02	3310523.0	3138.0	308720.0	3307385.0	3001803.0	0.0	0.0	46.4	54.6	62.0	63.5
2014-09-09	3310523.0	3138.0	308720.0	3307385.0	3001803.0	0.0	0.0	46.4	54.6	62.0	63.5
2014-09-16	3321264.0	3138.0	308720.0	3318126.0	3012544.0	0.0	0.0	46.3	54.4	61.8	63.2
2014-09-23	3219744.0	3138.0	308720.0	3216606.0	2911024.0	0.0	0.0	46.6	56.2	60.4	63.7
2014-09-30	3219744.0	3138.0	308720.0	3216606.0	2911024.0	0.0	0.0	46.6	56.2	60.4	63.7
2014-10-07	3139776.0	2370.0	308720.0	3137406.0	2831056.0	0.0	0.0	47.6	56.4	61.0	64.2
2014-10-14	3139776.0	2370.0	308720.0	3137406.0	2831056.0	0.0	0.0	48.3	56.4	60.8	64.2
2014-10-21	3139776.0	2370.0	308720.0	3137406.0	2831056.0	0.0	0.0	48.3	56.4	60.8	64.2
2014-10-28	3139776.0	2370.0	308720.0	3137406.0	2831056.0	0.0	0.0	48.3	56.4	60.8	64.2
2014-11-04	3087512.0	1618.0	308720.0	3085894.0	2778792.0	0.0	0.0	49.2	57.0	61.5	64.9
2014-11-11	3087512.0	1618.0	308720.0	3085894.0	2778792.0	0.0	0.0	49.2	57.0	61.5	64.9
2014-11-18	3087512.0	1618.0	308720.0	3085894.0	2778792.0	0.0	0.0	49.2	57.0	61.5	64.9
2014-11-25	3087512.0	1618.0	308720.0	3085894.0	2778792.0	0.0	0.0	45.9	57.0	58.2	62.2
2014-12-02	3022460.0	784.0	308720.0	3021676.0	2713740.0	0.0	0.0	47.1	57.7	59.2	63.0
2014-12-09	3022460.0	784.0	308720.0	3021676.0	2713740.0	0.0	0.0	47.1	57.7	59.2	63.0
2014-12-16	3022460.0	784.0	308720.0	3021676.0	2713740.0	0.0	0.0	47.1	57.7	59.2	63.0
2014-12-23	3022460.0	784.0	308720.0	3021676.0	2713740.0	0.0	0.0	47.1	57.7	59.2	63.0
2014-12-30	3038372.0	784.0	308720.0	3037588.0	2729652.0	0.0	0.0	46.9	57.4	58.9	62.9
2015-01-06	2988860.0	0.0	308720.0	2988860.0	2680140.0	0.0	0.0	47.6	57.8	59.7	63.2
2015-01-13	3021788.0	0.0	308720.0	3021788.0	2713068.0	0.0	0.0	47.1	57.2	59.0	62.7
2015-01-20	3021788.0	0.0	308720.0	3021788.0	2713068.0	0.0	0.0	48.2	57.2	60.1	62.7
2015-01-27	3021788.0	0.0	308720.0	3021788.0	2713068.0	0.0	0.0	48.2	57.2	60.1	62.7
2015-02-03	2939372.0	0.0	292400.0	2939372.0	2646972.0	0.0	0.0	49.4	57.9	61.0	63.9
2015-02-10	2939372.0	0.0	292400.0	2939372.0	2646972.0	0.0	0.0	49.4	57.9	61.0	63.9
2015-02-17	2939372.0	0.0	292400.0	2939372.0	2646972.0	0.0	0.0	49.4	57.9	61.0	63.9
2015-02-24	2939372.0	0.0	292400.0	2939372.0	2646972.0	0.0	0.0	49.4	57.9	61.0	63.9
2015-03-03	2881996.0	0.0	278320.0	2881996.0	2603676.0	0.0	0.0	50.3	58.6	61.6	64.2
2015-03-10	2881996.0	0.0	278320.0	2881996.0	2603676.0	0.0	0.0	50.3	58.6	61.6	64.2
2015-03-17	2881996.0	0.0	278320.0	2881996.0	2603676.0	0.0	0.0	50.3	58.6	61.6	64.2
2015-03-24	2881996.0	0.0	278320.0	2881996.0	2603676.0	0.0	0.0	50.3	58.6	61.6	64.2
2015-03-31	2881996.0	0.0	278320.0	2881996.0	2603676.0	0.0	0.0	50.3	58.6	61.6	64.2
2015-04-07	2808488.0	0.0	262680.0	2808488.0	2545808.0	0.0	0.0	51.9	60.0	62.9	65.1
2015-04-14	2808488.0	0.0	262680.0	2808488.0	2545808.0	0.0	0.0	51.9	60.0	62.9	65.1
2015-04-21	2808488.0	0.0	262680.0	2808488.0	2545808.0	0.0	0.0	51.9	60.0	62.9	65.1
2015-04-28	2808488.0	0.0	262680.0	2808488.0	2545808.0	0.0	0.0	51.9	60.0	62.9	65.1
2015-05-05	2755128.0	0.0	247960.0	2755128.0	2507168.0	0.0	0.0	52.5	60.1	63.1	64.7
2015-05-12	2755128.0	0.0	247960.0	2755128.0	2507168.0	0.0	0.0	52.5	60.1	63.1	64.7
2015-05-19	2755128.0	0.0	247960.0	2755128.0	2507168.0	0.0	0.0	52.5	60.1	63.1	64.7
2015-05-26	2755128.0	0.0	247960.0	2755128.0	2507168.0	0.0	0.0	52.5	60.1	63.1	64.7
2015-06-02	2686016.0	0.0	231000.0	2686016.0	2455016.0	0.0	0.0	53.4	61.0	63.7	64.8
2015-06-09	2686016.0	0.0	231000.0	2686016.0	2455016.0	0.0	0.0	53.4	61.0	63.7	64.8
2015-06-16	2686016.0	0.0	231000.0	2686016.0	2455016.0	0.0	0.0	53.4	61.0	63.7	64.8
2015-06-23	2686016.0	0.0	231000.0	2686016.0	2455016.0	0.0	0.0	53.4	61.0	63.7	64.8
2015-06-30	2686016.0	0.0	231000.0	2686016.0	2455016.0	0.0	0.0	53.4	61.0	63.7	64.8
2015-07-07	2631184.0	0.0	216280.0	2631184.0	2414904.0	0.0	0.0	54.2	61.5	64.2	65.0
2015-07-14	2631184.0	0.0	216280.0	2631184.0	2414904.0	0.0	0.0	54.2	61.4	64.2	64.9
2015-07-21	2686023.0	0.0	216280.0	2686023.0	2469743.0	0.0	0.0	51.3	60.2	61.4	63.6
2015-07-28	2752721.0	0.0	216280.0	2752721.0	2536441.0	0.0	0.0	45.6	57.0	57.3	60.4
2015-08-04	2798957.0	0.0	184920.0	2798957.0	2614037.0	0.0	0.0	45.9	54.5	56.0	57.5
2015-08-11	2814637.0	0.0	184920.0	2814637.0	2629717.0	0.0	0.0	45.9	54.8	56.0	57.8
2015-08-18	2800597.0	0.0	184920.0	2800597.0	2615677.0	0.0	0.0	44.7	54.5	55.7	57.5
2015-08-25	2855112.0	0.0	184920.0	2855112.0	2670192.0	0.0	0.0	41.8	51.1	51.7	54.0
2015-09-01	2792056.0	0.0	169560.0	2792056.0	2622496.0	0.0	0.0	43.1	50.7	51.5	53.5
2015-09-08	2841392.0	0.0	169560.0	2841392.0	2671832.0	0.0	0.0	41.5	48.8	49.8	52.5
2015-09-15	2896307.0	0.0	169560.0	2896307.0	2726747.0	0.0	0.0	42.3	48.4	50.8	54.0
2015-09-22	2996033.0	0.0	169560.0	2996033.0	2826473.0	0.0	0.0	40.2	47.8	48.8	53.1
2015-09-29	3093175.0	46800.0	0.0	3046375.0	3093175.0	0.0	0.0	35.1	43.2	43.5	48.6
2015-10-06	3008972.0	46800.0	0.0	2962172.0	3008972.0	0.0	0.0	39.8	45.9	47.2	51.0
2015-10-13	2993406.0	46800.0	0.0	2946606.0	2993406.0	0.0	0.0	35.2	43.1	42.6	48.6
2015-10-20	3066259.0	46800.0	0.0	3019459.0	3066259.0	0.0	0.0	33.6	44.7	42.2	49.7
2015-10-27	3150787.0	46800.0	0.0	3103987.0	3150787.0	0.0	0.0	36.8	47.9	45.2	52.7
2015-11-03	3068582.0	46800.0	0.0	3021782.0	3068582.0	0.0	0.0	36.8	48.6	45.1	53.7
2015-11-10	3076422.0	46800.0	0.0	3029622.0	3076422.0	0.0	0.0	36.7	48.7	45.0	53.6
2015-11-17	3057232.0	46800.0	0.0	3010432.0	3057232.0	0.0	0.0	36.9	47.2	45.3	52.1
2015-11-24	3063829.0	46800.0	0.0	3017029.0	3063829.0	0.0	0.0	37.9	47.4	46.2	52.2
2015-12-01	3064157.0	187200.0	0.0	2876957.0	3064157.0	0.0	0.0	41.0	50.5	51.2	56.6
2015-12-08	3110387.0	187200.0	0.0	2923187.0	3110387.0	0.0	0.0	39.4	48.4	49.7	54.9
2015-12-15	3201025.0	187200.0	0.0	3013825.0	3201025.0	0.0	0.0	38.2	47.6	49.3	54.2
2015-12-22	3448667.0	187200.0	0.0	3261467.0	3448667.0	0.0	0.0	39.5	47.7	51.0	54.5
2015-12-29	3448667.0	187200.0	0.0	3261467.0	3448667.0	0.0	0.0	39.5	47.7	51.0	54.5
2016-01-05	3250331.0	187200.0	0.0	3063131.0	3250331.0	0.0	0.0	39.0	46.8	51.2	54.1
2016-01-12	3289132.0	187200.0	0.0	3101932.0	3289132.0	0.0	0.0	38.8	46.4	50.8	53.7
2016-01-19	3287627.0	187200.0	0.0	3100427.0	3287627.0	0.0	0.0	39.5	47.8	52.0	55.4
2016-01-26	3284660.0	187200.0	0.0	3097460.0	3284660.0	0.0	0.0	39.5	47.9	52.1	55.4
2016-02-02	3130580.0	187200.0	0.0	2943380.0	3130580.0	0.0	0.0	39.0	47.0	51.7	54.8
2016-02-09	3381775.0	187200.0	0.0	3194575.0	3381775.0	0.0	0.0	39.6	50.7	54.3	57.4
2016-02-16	3635471.0	187200.0	0.0	3448271.0	3635471.0	0.0	0.0	46.3	56.7	60.7	63.0
2016-02-23	3634911.0	163200.0	0.0	3455711.0	3618911.0	0.0	0.0	46.3	55.8	60.0	62.3
2016-03-01	3620936.0	114450.0	15860.0	3445486.0	3544076.0	0.0	0.0	42.8	49.1	53.2	54.8
2016-03-08	3574655.0	114450.0	15860.0	3399205.0	3497795.0	0.0	0.0	43.8	51.5	54.3	56.7
2016-03-15	3681848.0	114450.0	15860.0	3506398.0	3604988.0	0.0	0.0	41.4	48.9	51.6	54.0
2016-03-22	3711673.0	208370.0	15860.0	3449803.0	3642313.0	0.0	0.0	41.5	50.4	53.1	55.4
2016-03-29	3776488.0	278810.0	15860.0	3449803.0	3712753.0	0.0	0.0	42.7	50.8	53.6	55.7
2016-04-05	3771218.0	372410.0	15860.0	3362683.0	3719233.0	0.0	0.0	44.3	52.8	55.3	57.3
2016-04-12	3786748.0	372410.0	15860.0	3378213.0	3734763.0	0.0	0.0	44.3	52.8	55.4	57.2
2016-04-19	3870210.0	395890.0	15860.0	3440070.0	3820100.0	0.0	0.0	44.0	54.1	55.1	58.5
2016-04-26	3875010.0	395890.0	15860.0	3444870.0	3824900.0	0.0	0.0	43.9	53.7	54.7	58.1
2016-05-03	3829162.0	395890.0	15860.0	3399022.0	3779052.0	0.0	0.0	43.9	55.1	56.5	59.5
2016-05-10	3530941.0	395890.0	15860.0	3100801.0	3480831.0	0.0	0.0	48.0	61.7	63.3	66.5
2016-05-17	3530901.0	395890.0	15860.0	3100761.0	3480791.0	0.0	0.0	48.0	61.5	63.3	66.5
2016-05-24	3530901.0	395890.0	15860.0	3100761.0	3480791.0	0.0	0.0	48.1	61.5	63.2	66.5
2016-05-31	3617671.0	395890.0	15860.0	3187531.0	3567561.0	0.0	0.0	49.2	62.3	64.0	67.1
2016-06-07	3477831.0	388530.0	15860.0	3055051.0	3427721.0	0.0	0.0	48.4	61.2	63.1	66.0
2016-06-14	3436752.0	388530.0	15860.0	3013972.0	3386642.0	0.0	0.0	48.9	60.0	63.2	66.1
2016-06-21	3460441.0	388530.0	15860.0	3037661.0	3410331.0	0.0	0.0	48.6	59.9	63.1	66.0
2016-06-28	3456601.0	388530.0	15860.0	3033821.0	3406491.0	0.0	0.0	48.6	60.3	63.4	66.3
2016-07-05	3242036.0	392770.0	15860.0	2819256.0	3196166.0	0.0	0.0	48.2	55.7	58.8	61.4
2016-07-12	3380028.0	392770.0	15860.0	2957248.0	3334158.0	0.0	0.0	47.4	56.0	57.9	60.4
2016-07-19	3103047.0	392770.0	15860.0	2680267.0	3057177.0	0.0	0.0	53.5	60.6	62.6	65.3
2016-07-26	3156559.0	392770.0	15860.0	2733779.0	3110689.0	0.0	0.0	52.6	60.5	61.8	65.2
2016-08-02	2962617.0	396530.0	15860.0	2539837.0	2920507.0	0.0	0.0	51.2	60.0	60.9	64.7
2016-08-09	2942937.0	396530.0	15860.0	2520157.0	2900827.0	0.0	0.0	51.6	60.6	61.3	65.3
2016-08-16	2942937.0	396530.0	15860.0	2520157.0	2900827.0	0.0	0.0	51.6	60.6	61.3	65.3
2016-08-23	2994847.0	396530.0	15860.0	2572067.0	2952737.0	0.0	0.0	50.7	60.6	61.3	65.2
2016-08-30	2994847.0	396530.0	15860.0	2572067.0	2952737.0	0.0	0.0	50.7	60.6	61.3	65.2
2016-09-06	2880197.0	388850.0	15860.0	2465097.0	2838087.0	0.0	0.0	49.8	60.2	61.2	64.6
2016-09-13	2953197.0	388850.0	15860.0	2538097.0	2911087.0	0.0	0.0	49.3	59.5	60.5	63.8
2016-09-20	2945107.0	388850.0	15860.0	2530007.0	2902997.0	0.0	0.0	49.6	60.1	61.0	64.4
2016-09-27	2945107.0	388850.0	15860.0	2530007.0	2902997.0	0.0	0.0	49.6	60.1	61.0	64.4
2016-10-04	2823290.0	380690.0	15860.0	2416350.0	2781180.0	0.0	0.0	48.2	55.6	57.1	59.7
2016-10-11	2760170.0	380690.0	15860.0	2353230.0	2718060.0	0.0	0.0	48.4	56.9	57.6	61.0
2016-10-18	2755586.0	380690.0	15860.0	2348646.0	2713476.0	0.0	0.0	48.5	57.0	57.7	61.1
2016-10-25	2755586.0	380690.0	15860.0	2348646.0	2713476.0	0.0	0.0	48.5	57.0	57.7	61.1
2016-11-01	2565396.0	372990.0	8160.0	2166156.0	2530986.0	0.0	0.0	48.4	55.3	56.5	59.3
2016-11-08	2565396.0	372990.0	8160.0	2166156.0	2530986.0	0.0	0.0	48.4	55.3	56.5	59.3
2016-11-15	2565396.0	372990.0	8160.0	2166156.0	2530986.0	0.0	0.0	48.4	55.3	56.5	59.3
2016-11-22	2565396.0	372990.0	8160.0	2166156.0	2530986.0	0.0	0.0	48.4	55.3	56.5	59.3
2016-11-29	2602641.0	372990.0	8160.0	2203401.0	2568231.0	0.0	0.0	50.4	57.2	58.4	61.2
