2014-05-13	19453.0	220.0	768.0	18016.0	17571.0	823.0	720.0	36.8	48.1	48.4	55.8
2014-05-20	19477.0	220.0	768.0	18040.0	17571.0	823.0	744.0	36.7	48.0	48.3	55.8
2014-05-27	19477.0	220.0	768.0	18040.0	17331.0	823.0	984.0	36.7	48.0	48.3	55.8
2014-06-03	18323.0	220.0	509.0	16932.0	16408.0	757.0	992.0	35.8	46.7	47.0	54.1
2014-06-10	20325.0	220.0	509.0	18814.0	18290.0	757.0	992.0	32.3	42.2	42.4	48.9
2014-06-17	20481.0	220.0	509.0	19026.0	18594.0	701.0	844.0	33.1	42.6	43.1	49.3
2014-06-24	21033.0	220.0	509.0	19578.0	19146.0	701.0	844.0	35.0	43.8	44.7	50.2
2014-07-01	19797.0	220.0	140.0	18283.0	18201.0	640.0	802.0	34.4	44.2	44.0	50.1
2014-07-08	19897.0	220.0	140.0	18263.0	18301.0	760.0	802.0	34.2	44.6	43.7	50.4
2014-07-15	19900.0	220.0	140.0	18266.0	18304.0	760.0	802.0	34.3	44.5	43.8	50.4
2014-07-22	19629.0	220.0	140.0	17755.0	18017.0	1000.0	818.0	34.8	44.0	43.8	48.6
2014-07-29	19694.0	220.0	92.0	17780.0	18090.0	1000.0	818.0	34.7	43.9	43.6	48.4
2014-08-05	19887.0	769.0	172.0	17830.0	18482.0	603.0	548.0	35.3	41.5	43.5	46.7
2014-08-12	20167.0	913.0	172.0	17966.0	18762.0	603.0	548.0	35.7	41.0	43.8	47.0
2014-08-19	20471.0	913.0	172.0	18270.0	19066.0	603.0	548.0	35.1	40.4	43.1	47.8
2014-08-26	20483.0	913.0	172.0	18282.0	19078.0	603.0	548.0	35.1	40.4	43.2	47.8
2014-09-02	18728.0	1070.0	0.0	16200.0	17590.0	930.0	610.0	35.5	42.0	43.5	50.6
2014-09-09	18494.0	1070.0	0.0	16014.0	17372.0	882.0	594.0	31.3	42.5	39.6	48.8
2014-09-16	18982.0	1070.0	0.0	16622.0	17872.0	762.0	582.0	30.3	39.0	38.5	46.8
2014-09-23	18954.0	1070.0	0.0	16594.0	17844.0	762.0	582.0	30.2	39.1	39.0	46.4
2014-09-30	19123.0	1199.0	0.0	15456.0	16864.0	2069.0	1860.0	21.3	32.8	30.7	40.5
2014-10-07	17815.0	1199.0	0.0	15430.0	16838.0	787.0	578.0	22.1	35.8	32.1	44.2
2014-10-14	17855.0	1199.0	0.0	15470.0	16878.0	787.0	578.0	22.1	35.8	32.0	44.2
2014-10-21	17515.0	799.0	0.0	15530.0	16538.0	787.0	578.0	22.1	36.5	30.5	42.6
2014-10-28	17555.0	799.0	0.0	15570.0	16578.0	787.0	578.0	22.1	36.4	30.4	42.8
2014-11-04	15924.0	888.0	0.0	14016.0	15050.0	710.0	564.0	21.4	34.5	30.2	41.5
2014-11-11	15924.0	888.0	0.0	14016.0	15050.0	710.0	564.0	21.4	34.5	30.2	41.5
2014-11-18	15924.0	888.0	0.0	14016.0	15050.0	710.0	564.0	21.4	34.5	30.2	41.5
2014-11-25	15924.0	888.0	0.0	14016.0	15050.0	710.0	564.0	21.4	36.8	30.2	42.2
2014-12-02	14495.0	977.0	0.0	12602.0	13740.0	695.0	534.0	21.3	37.0	30.9	41.8
2014-12-09	14507.0	977.0	0.0	12614.0	13752.0	695.0	534.0	20.8	37.0	30.4	41.8
2014-12-16	14897.0	1553.0	0.0	12524.0	14118.0	455.0	414.0	21.7	36.1	31.6	41.8
2014-12-23	20599.0	1217.0	0.0	18706.0	20084.0	455.0	294.0	43.9	59.5	53.9	63.3
2014-12-30	20601.0	1217.0	0.0	18708.0	20206.0	455.0	174.0	43.8	59.4	54.0	63.6
2015-01-06	19004.0	1126.0	0.0	17172.0	18456.0	574.0	416.0	48.6	62.9	61.0	67.9
2015-01-13	19004.0	1126.0	0.0	17172.0	18456.0	574.0	416.0	48.6	62.9	61.0	67.9
2015-01-20	19004.0	1126.0	0.0	17172.0	18456.0	574.0	416.0	48.6	62.9	61.0	67.9
2015-01-27	19004.0	1126.0	0.0	17172.0	18456.0	574.0	416.0	48.6	62.9	61.0	67.9
2015-02-03	17940.0	938.0	0.0	16252.0	17349.0	532.0	373.0	48.5	61.5	60.2	66.2
2015-02-10	17940.0	938.0	0.0	16252.0	17349.0	532.0	373.0	48.5	61.5	60.2	66.2
2015-02-17	17940.0	938.0	0.0	16252.0	17349.0	532.0	373.0	48.5	61.5	60.2	66.2
2015-02-24	18036.0	938.0	0.0	16348.0	17445.0	532.0	373.0	48.3	61.1	59.9	65.9
2015-03-03	16743.0	870.0	0.0	15117.0	16053.0	538.0	472.0	47.6	59.8	58.6	64.0
2015-03-10	16743.0	870.0	0.0	15117.0	16053.0	538.0	472.0	47.6	59.8	58.6	64.0
2015-03-17	16623.0	870.0	0.0	14997.0	15933.0	538.0	472.0	47.3	59.5	58.3	63.7
2015-03-24	16503.0	870.0	0.0	14877.0	15813.0	538.0	472.0	47.6	59.9	58.7	64.2
2015-03-31	15416.0	962.0	0.0	13831.0	14850.0	491.0	434.0	46.4	58.1	57.9	62.7
2015-04-07	15416.0	962.0	0.0	13711.0	14040.0	611.0	1244.0	46.4	55.4	57.9	58.2
2015-04-14	15416.0	962.0	0.0	13711.0	14040.0	611.0	1244.0	46.4	55.4	57.9	58.2
2015-04-21	15416.0	962.0	0.0	13711.0	14040.0	611.0	1244.0	45.3	55.4	56.9	58.2
2015-04-28	15416.0	962.0	0.0	13711.0	14040.0	611.0	1244.0	45.3	55.4	56.9	58.2
2015-05-05	14338.0	894.0	0.0	12772.0	13080.0	540.0	1126.0	45.0	53.0	56.4	56.0
2015-05-12	14338.0	894.0	0.0	12772.0	13080.0	540.0	1126.0	45.0	53.0	56.4	56.0
2015-05-19	14338.0	894.0	0.0	12772.0	13080.0	540.0	1126.0	45.0	53.0	56.4	56.0
2015-05-26	14338.0	894.0	0.0	12772.0	13080.0	540.0	1126.0	45.0	53.0	56.4	56.0
2015-07-21	12270.0	568.0	0.0	11040.0	11310.0	530.0	828.0	40.7	47.1	51.7	50.8
2015-07-28	12876.0	1168.0	0.0	11002.0	11836.0	574.0	908.0	41.1	50.0	53.4	53.0
2015-08-04	12516.0	1140.0	20.0	10708.0	11702.0	502.0	628.0	39.0	47.2	48.9	49.6
2015-08-11	12596.0	1140.0	20.0	10788.0	11782.0	502.0	628.0	39.1	46.7	49.0	49.2
2015-08-18	12912.0	1176.0	0.0	11046.0	12040.0	542.0	724.0	38.1	44.5	48.8	48.3
2015-08-25	13062.0	1176.0	0.0	11172.0	12190.0	566.0	724.0	38.5	46.8	49.5	49.7
