2014-05-13	20563.0	2900.0	384.0	16359.0	19267.0	736.0	344.0	31.7	44.4	46.0	50.6
2014-05-20	20851.0	2900.0	384.0	16659.0	19567.0	724.0	332.0	31.3	43.8	45.4	49.9
2014-05-27	20851.0	2900.0	384.0	16659.0	19567.0	724.0	332.0	31.3	43.8	45.4	49.9
2014-06-03	19382.0	2620.0	555.0	15531.0	17993.0	704.0	307.0	32.0	43.9	45.1	48.9
2014-06-10	19307.0	2620.0	555.0	15456.0	17918.0	704.0	307.0	32.1	43.7	45.3	48.1
2014-06-17	19307.0	2620.0	555.0	15456.0	17918.0	704.0	307.0	32.1	43.7	45.3	48.1
2014-06-24	19607.0	2620.0	555.0	15756.0	18218.0	704.0	307.0	31.6	44.5	44.6	48.9
2014-07-01	19607.0	2620.0	555.0	15756.0	18218.0	704.0	307.0	31.6	44.5	44.6	48.9
2014-07-08	18168.0	2340.0	576.0	14658.0	16824.0	684.0	282.0	32.3	46.2	44.3	50.4
2014-07-15	18168.0	690.0	576.0	14658.0	16824.0	2514.0	462.0	27.1	46.2	37.2	50.4
2014-07-22	18368.0	2340.0	576.0	14858.0	17024.0	684.0	282.0	31.9	45.7	44.0	50.4
2014-07-29	18368.0	2340.0	576.0	14858.0	17024.0	684.0	282.0	31.9	45.7	44.2	50.4
2014-08-05	17257.0	2060.0	597.0	14088.0	15958.0	664.0	257.0	34.5	46.5	46.8	50.6
2014-08-12	17377.0	2060.0	597.0	14208.0	16078.0	664.0	257.0	34.3	46.1	46.5	50.2
2014-08-19	17377.0	2060.0	597.0	14208.0	16078.0	664.0	257.0	34.3	46.1	46.5	50.2
2014-08-26	17617.0	2202.0	597.0	14328.0	16198.0	472.0	207.0	33.8	45.5	45.9	49.5
2014-09-02	17617.0	2202.0	597.0	14328.0	16198.0	472.0	207.0	33.8	45.5	45.9	49.5
2014-09-09	16862.0	2712.0	618.0	12978.0	15488.0	608.0	192.0	37.7	46.5	49.9	54.7
2014-09-16	16982.0	2832.0	618.0	12978.0	15608.0	608.0	192.0	38.1	46.9	50.2	55.0
2014-09-23	17432.0	2832.0	618.0	13428.0	16058.0	608.0	192.0	37.1	45.7	48.9	53.6
2014-09-30	17432.0	2832.0	918.0	13428.0	15758.0	608.0	192.0	37.1	45.2	48.9	52.7
2014-10-07	16461.0	2562.0	939.0	12798.0	14832.0	588.0	177.0	39.9	47.4	53.5	58.1
2014-10-14	16461.0	2562.0	939.0	12798.0	14832.0	588.0	177.0	39.9	47.4	53.5	58.1
2014-10-21	16821.0	2622.0	939.0	13098.0	15192.0	588.0	177.0	40.2	48.5	54.1	59.0
2014-10-28	17016.0	2622.0	939.0	13293.0	15387.0	588.0	177.0	39.8	48.0	53.5	58.3
2014-11-04	16122.0	2352.0	910.0	12740.0	14588.0	568.0	162.0	42.7	51.5	56.2	61.2
2014-11-11	16272.0	2352.0	910.0	12890.0	14738.0	568.0	162.0	42.3	51.0	55.6	60.6
2014-11-18	16272.0	2352.0	910.0	12890.0	14738.0	568.0	162.0	42.3	51.0	55.6	60.6
2014-11-25	16797.0	2352.0	1959.0	13069.0	13868.0	568.0	162.0	41.0	46.3	53.9	56.3
2014-12-02	15828.0	2082.0	2055.0	12566.0	12994.0	548.0	147.0	44.2	49.1	57.2	59.7
2014-12-09	16128.0	2082.0	2055.0	12866.0	13294.0	548.0	147.0	43.4	46.3	56.2	58.2
2014-12-16	16128.0	2082.0	2055.0	12866.0	13294.0	548.0	147.0	42.9	45.8	55.7	57.8
2014-12-23	16128.0	2082.0	2055.0	12866.0	13294.0	548.0	147.0	42.9	45.8	55.7	57.8
2014-12-30	16032.0	2082.0	2055.0	12866.0	13294.0	452.0	51.0	43.2	46.1	56.0	58.1
2015-01-06	14913.0	1812.0	2151.0	12033.0	12210.0	612.0	96.0	47.9	50.5	60.5	63.0
2015-01-13	14913.0	1812.0	2151.0	12033.0	12210.0	612.0	96.0	47.2	48.5	58.5	61.0
2015-01-20	14913.0	1812.0	2151.0	12033.0	12210.0	612.0	96.0	47.2	48.5	58.5	61.0
2015-01-27	14913.0	1812.0	2151.0	12033.0	12210.0	612.0	96.0	47.2	48.5	57.5	59.9
2015-02-03	14076.0	1832.0	2108.0	11235.0	11461.0	591.0	89.0	49.5	52.5	59.8	63.5
2015-02-10	14076.0	1832.0	2108.0	11235.0	11461.0	591.0	89.0	49.5	53.8	60.9	64.5
2015-02-17	14076.0	1832.0	2108.0	11235.0	11461.0	591.0	89.0	49.5	53.8	60.9	64.5
2015-02-24	14001.0	1832.0	2108.0	11085.0	11386.0	666.0	89.0	49.8	55.1	61.2	65.4
2015-03-03	13279.0	2002.0	2065.0	10327.0	10752.0	570.0	82.0	52.1	59.7	63.1	69.7
2015-03-10	13279.0	2002.0	2065.0	10327.0	10752.0	570.0	82.0	52.1	59.7	63.1	69.7
2015-03-17	13279.0	2002.0	2065.0	10327.0	10752.0	570.0	82.0	52.1	59.7	63.1	69.7
2015-03-24	13279.0	2002.0	2065.0	10327.0	10752.0	570.0	82.0	52.1	59.7	63.1	69.7
2015-03-31	13279.0	2002.0	2065.0	10327.0	10752.0	570.0	82.0	52.1	59.7	63.1	69.7
2015-04-07	12672.0	2022.0	2022.0	9759.0	10233.0	549.0	75.0	54.1	62.1	64.4	71.8
2015-04-14	12672.0	2022.0	2022.0	9759.0	10233.0	549.0	75.0	54.1	62.1	64.4	71.8
2015-04-21	12672.0	2022.0	2022.0	9759.0	10233.0	549.0	75.0	54.1	62.1	64.4	71.8
2015-04-28	12672.0	2022.0	2022.0	9759.0	10233.0	549.0	75.0	54.1	62.1	64.4	71.8
2015-05-05	12090.0	1992.0	1954.0	9266.0	9764.0	528.0	68.0	55.6	65.2	65.9	74.0
2015-05-12	12090.0	1992.0	1954.0	9266.0	9764.0	528.0	68.0	55.6	65.2	65.9	74.0
2015-05-19	12390.0	1992.0	2554.0	9566.0	9464.0	528.0	68.0	54.2	61.2	66.7	73.3
2015-05-26	12390.0	1992.0	2554.0	9566.0	9464.0	528.0	68.0	54.2	61.2	66.7	73.3
2015-06-02	11403.0	1962.0	1886.0	8668.0	9190.0	507.0	61.0	55.1	66.6	65.5	74.7
2015-06-09	11403.0	1592.0	1886.0	9038.0	9190.0	507.0	61.0	55.1	66.6	65.5	74.7
2015-06-16	11403.0	1592.0	1886.0	9038.0	9190.0	507.0	61.0	55.1	66.6	65.5	74.7
2015-06-23	11403.0	1592.0	1886.0	9038.0	9190.0	507.0	61.0	55.1	66.6	65.5	74.7
2015-06-30	11328.0	1592.0	1886.0	8963.0	9115.0	507.0	61.0	55.5	65.0	65.7	74.5
2015-07-07	10746.0	1572.0	1818.0	8460.0	8646.0	486.0	54.0	57.2	68.7	68.5	77.4
2015-07-14	10746.0	1572.0	1818.0	8460.0	8646.0	486.0	54.0	57.2	68.7	68.5	77.4
2015-07-21	10746.0	1572.0	1818.0	8460.0	8646.0	486.0	54.0	57.2	68.7	68.5	77.4
2015-07-28	10746.0	1572.0	1818.0	8460.0	8646.0	486.0	54.0	57.2	68.7	68.5	77.4
2015-08-04	10274.0	1602.0	1775.0	8017.0	8262.0	465.0	47.0	58.3	71.7	70.6	79.4
2015-08-11	10274.0	1602.0	1775.0	8017.0	8262.0	465.0	47.0	58.3	71.7	70.6	79.4
2015-08-18	10274.0	1602.0	1775.0	8017.0	8262.0	465.0	47.0	58.3	71.7	70.6	79.4
2015-08-25	10274.0	1602.0	1775.0	8017.0	8262.0	465.0	47.0	58.3	71.7	70.6	79.4
2015-09-01	10274.0	1602.0	1775.0	8017.0	8262.0	465.0	47.0	58.3	71.7	70.6	79.4
2015-09-08	9802.0	1632.0	1732.0	7574.0	7878.0	444.0	40.0	59.4	75.0	72.8	81.7
2015-09-15	9802.0	1632.0	1732.0	7574.0	7878.0	444.0	40.0	59.4	75.0	72.8	81.7
2015-09-22	9832.0	1632.0	1732.0	7604.0	7908.0	444.0	40.0	59.3	73.3	72.6	81.4
2015-09-29	9832.0	1632.0	1732.0	7604.0	7908.0	444.0	40.0	59.3	73.3	72.6	81.4
2015-10-06	9360.0	1662.0	1689.0	7161.0	7524.0	423.0	33.0	60.5	76.8	75.1	83.9
2015-10-13	9369.0	1662.0	1789.0	7186.0	7449.0	423.0	33.0	60.5	75.4	75.0	83.6
2015-10-20	9674.0	1662.0	1789.0	7491.0	7754.0	423.0	33.0	60.4	73.6	74.5	81.7
2015-10-27	9674.0	1662.0	1789.0	7491.0	7754.0	423.0	33.0	60.4	73.6	74.5	81.7
2015-11-03	9117.0	1692.0	1746.0	6963.0	7285.0	402.0	26.0	61.3	76.0	77.0	84.3
2015-11-10	9117.0	1692.0	1746.0	6963.0	7285.0	402.0	26.0	61.3	76.0	77.0	84.3
2015-11-17	9117.0	1692.0	1746.0	6963.0	7285.0	402.0	26.0	61.3	76.0	77.0	84.3
2015-11-24	9117.0	1692.0	1746.0	6963.0	7285.0	402.0	26.0	61.3	76.0	77.0	84.3
2015-12-01	9117.0	1692.0	1746.0	6963.0	7285.0	402.0	26.0	61.3	76.0	77.0	84.3
2015-12-08	8518.0	1722.0	1653.0	6385.0	6816.0	381.0	19.0	62.5	80.3	80.3	88.3
2015-12-15	8518.0	1722.0	1653.0	6385.0	6816.0	381.0	19.0	62.5	80.3	80.3	88.3
2015-12-22	8563.0	1722.0	1653.0	6430.0	6861.0	381.0	19.0	62.2	79.9	79.8	87.8
2015-12-29	8788.0	1722.0	1653.0	6655.0	7086.0	381.0	19.0	60.6	75.3	77.8	85.6
