2014-12-23	3740.0	185.0	0.0	3265.0	3416.0	150.0	184.0	31.2	49.6	45.2	51.5
2014-12-30	3755.0	200.0	0.0	3265.0	3441.0	150.0	174.0	30.8	51.4	44.8	52.5
2015-01-06	3009.0	151.0	0.0	2621.0	2678.0	80.0	174.0	27.2	42.0	41.0	44.5
2015-01-13	3386.0	262.0	0.0	2841.0	3034.0	102.0	171.0	24.1	40.3	36.0	41.9
2015-01-20	3721.0	412.0	0.0	2996.0	3379.0	132.0	161.0	27.6	44.6	41.5	48.2
2015-01-27	4031.0	332.0	0.0	3191.0	3519.0	177.0	181.0	26.8	44.6	38.6	47.5
2015-02-10	3875.0	517.0	0.0	2780.0	3350.0	217.0	164.0	30.4	43.4	43.4	51.5
2015-02-17	4142.0	625.0	0.0	2904.0	3586.0	227.0	170.0	30.6	43.7	42.0	49.7
2015-02-24	4342.0	570.0	0.0	3104.0	3741.0	237.0	170.0	29.1	43.3	42.6	50.2
2015-03-03	3947.0	204.0	0.0	2939.0	3273.0	288.0	158.0	28.8	38.5	39.0	46.9
2015-03-31	5268.0	74.0	4.0	4182.0	4411.0	367.0	208.0	34.4	36.4	41.8	45.4
2015-04-07	4624.0	0.0	239.0	3798.0	3718.0	360.0	201.0	34.5	31.0	40.4	41.9
2015-04-14	4887.0	0.0	184.0	3971.0	3966.0	385.0	206.0	30.9	32.4	37.8	41.5
2015-04-21	5000.0	0.0	219.0	4100.0	4015.0	395.0	261.0	30.6	31.8	37.2	39.9
2015-04-28	5024.0	0.0	203.0	4080.0	4035.0	439.0	281.0	31.0	32.5	38.0	41.2
2015-05-19	4968.0	0.0	217.0	4163.0	4062.0	331.0	215.0	36.2	40.9	44.8	48.7
2015-05-26	4988.0	0.0	211.0	4183.0	4087.0	326.0	211.0	36.1	41.2	44.5	48.3
2015-06-30	4432.0	0.0	297.0	3550.0	3579.0	503.0	177.0	34.0	40.4	45.3	52.6
2015-07-21	3782.0	0.0	404.0	2808.0	2842.0	599.0	161.0	35.3	43.7	44.7	57.1
2015-07-28	3784.0	0.0	394.0	2795.0	2854.0	614.0	161.0	35.1	43.3	44.7	57.4
2016-03-22	3155.0	0.0	608.0	2449.0	2216.0	491.0	116.0	24.3	37.2	30.8	42.3
2016-03-29	3166.0	0.0	578.0	2419.0	2246.0	518.0	113.0	23.9	36.1	29.8	41.5
2016-04-26	3747.0	135.0	602.0	2914.0	2828.0	498.0	117.0	22.4	36.1	29.8	39.8
2016-05-03	3584.0	50.0	690.0	2860.0	2639.0	557.0	138.0	22.2	31.7	23.9	35.1
2016-05-10	3742.0	50.0	704.0	2937.0	2729.0	601.0	155.0	22.7	30.5	24.6	35.8
2016-05-17	3912.0	50.0	692.0	3176.0	2945.0	536.0	125.0	21.5	27.4	23.5	32.7
2016-05-24	3915.0	50.0	667.0	3104.0	2918.0	611.0	180.0	20.2	24.5	21.3	30.2
2016-05-31	4301.0	50.0	697.0	3456.0	3259.0	645.0	195.0	22.0	26.8	24.2	32.5
2016-06-07	4063.0	0.0	679.0	3250.0	2932.0	604.0	243.0	25.1	31.3	27.4	35.6
2016-06-14	4239.0	10.0	684.0	3331.0	2973.0	589.0	273.0	25.9	29.4	28.4	34.8
2016-06-21	4479.0	10.0	694.0	3611.0	3253.0	554.0	228.0	25.1	27.1	29.0	33.4
2016-06-28	4621.0	10.0	674.0	3710.0	3402.0	602.0	246.0	28.6	29.3	31.7	36.9
2016-07-05	4312.0	10.0	630.0	3509.0	3238.0	549.0	200.0	31.7	33.6	34.7	40.5
2016-07-12	4500.0	10.0	685.0	3580.0	3377.0	654.0	182.0	32.2	38.0	37.0	44.3
2016-07-19	4571.0	10.0	695.0	3727.0	3403.0	576.0	215.0	31.3	36.9	37.9	43.1
2016-07-26	4642.0	10.0	680.0	3777.0	3479.0	587.0	215.0	30.0	36.8	36.8	42.1
2016-08-02	3947.0	81.0	606.0	3065.0	2899.0	578.0	219.0	26.2	44.8	35.7	47.2
2016-08-09	3981.0	101.0	621.0	3052.0	2911.0	586.0	207.0	25.8	44.9	35.2	47.8
2016-08-16	4115.0	116.0	636.0	3186.0	3025.0	581.0	222.0	27.3	41.5	36.2	45.3
2016-08-23	4344.0	106.0	693.0	3374.0	3201.0	639.0	225.0	27.1	40.3	34.3	45.4
2016-08-30	4421.0	61.0	688.0	3429.0	3184.0	654.0	272.0	28.6	39.3	35.6	44.5
2016-09-06	4071.0	10.0	645.0	3124.0	2924.0	641.0	206.0	27.3	35.5	33.4	43.7
2016-09-13	4297.0	10.0	665.0	3310.0	3122.0	650.0	183.0	29.2	37.5	35.5	46.6
2016-09-20	4771.0	30.0	686.0	3734.0	3550.0	650.0	178.0	32.9	32.4	36.6	42.5
2016-09-27	4795.0	10.0	646.0	3743.0	3584.0	670.0	193.0	33.5	33.4	37.1	42.8
2016-10-04	4396.0	10.0	662.0	3371.0	3177.0	678.0	220.0	31.5	34.6	39.0	48.4
2016-10-11	4554.0	0.0	731.0	3608.0	3254.0	641.0	264.0	32.3	33.2	40.8	48.5
2016-10-18	5059.0	0.0	796.0	4051.0	3646.0	703.0	312.0	31.9	32.6	40.6	49.0
2016-10-25	5351.0	0.0	906.0	4299.0	3777.0	707.0	323.0	31.7	31.5	40.2	47.7
2016-11-01	5583.0	5.0	851.0	4496.0	4019.0	697.0	328.0	25.5	31.1	37.2	46.1
2016-11-08	5216.0	20.0	998.0	4411.0	3770.0	552.0	215.0	25.5	28.9	35.8	42.5
2016-11-15	5628.0	20.0	979.0	4735.0	4206.0	640.0	210.0	27.8	32.5	37.6	45.2
2016-11-22	6283.0	20.0	935.0	5333.0	4899.0	697.0	216.0	27.6	40.6	41.0	52.0
2016-11-29	6722.0	45.0	939.0	5716.0	5327.0	721.0	216.0	27.4	42.2	40.3	52.8
2016-12-06	5907.0	108.0	995.0	4884.0	4575.0	750.0	172.0	32.4	53.1	45.3	63.6
2016-12-13	6213.0	333.0	939.0	4816.0	4859.0	873.0	224.0	29.0	53.6	43.6	62.9
2016-12-20	6773.0	347.0	976.0	5364.0	5424.0	848.0	159.0	33.8	57.5	46.9	66.3
2016-12-27	6829.0	357.0	951.0	5359.0	5479.0	879.0	165.0	34.1	57.8	47.1	66.2
2017-01-03	6915.0	432.0	921.0	5369.0	5522.0	848.0	206.0	31.5	55.4	45.9	63.6
2017-01-10	6518.0	437.0	826.0	5005.0	5160.0	782.0	238.0	31.5	53.4	44.2	60.4
2017-01-17	6711.0	515.0	796.0	5133.0	5302.0	712.0	262.0	31.3	50.9	43.7	57.8
2017-01-24	6869.0	580.0	776.0	5341.0	5533.0	577.0	189.0	30.6	49.8	43.6	56.3
2017-01-31	7119.0	600.0	776.0	5516.0	5792.0	592.0	140.0	31.5	49.0	44.0	55.6
