2015-11-03	75440.0	0.0	0.0	74704.0	74704.0	736.0	736.0	77.6	77.6	94.6	94.1
2015-11-10	57400.0	0.0	0.0	56840.0	56840.0	560.0	560.0	77.6	77.6	94.6	94.1
2015-11-17	39360.0	0.0	0.0	38976.0	38976.0	384.0	384.0	77.6	77.6	94.6	94.1
2015-11-24	21320.0	0.0	0.0	21112.0	21112.0	208.0	208.0	77.6	77.6	94.6	94.1
2016-01-05	133816.0	0.0	0.0	133472.0	133816.0	344.0	0.0	77.9	95.4	92.3	99.0
2016-01-12	99584.0	0.0	0.0	99328.0	99584.0	256.0	0.0	77.9	95.4	92.3	99.0
2016-01-19	65352.0	0.0	0.0	65184.0	65352.0	168.0	0.0	77.9	95.4	92.3	99.0
2016-01-26	31120.0	0.0	0.0	31040.0	31120.0	80.0	0.0	77.9	95.4	92.3	99.0
2016-02-02	145376.0	0.0	0.0	145024.0	145376.0	352.0	0.0	76.3	88.6	92.0	97.8
2016-02-09	109032.0	0.0	0.0	108768.0	109032.0	264.0	0.0	76.3	88.6	92.0	97.8
2016-02-16	72688.0	0.0	0.0	72512.0	72688.0	176.0	0.0	76.3	88.6	92.0	97.8
2016-02-23	36344.0	0.0	0.0	36256.0	36344.0	88.0	0.0	76.3	88.6	92.0	97.8
2016-04-05	114880.0	0.0	0.0	114560.0	114880.0	320.0	0.0	73.8	79.7	93.3	98.3
2016-04-12	83288.0	0.0	0.0	83056.0	83288.0	232.0	0.0	73.8	79.7	93.3	98.3
2016-04-19	51696.0	0.0	0.0	51552.0	51696.0	144.0	0.0	73.8	79.7	93.3	98.3
2016-04-26	20104.0	0.0	0.0	20048.0	20104.0	56.0	0.0	73.8	79.7	93.3	98.3
2016-06-07	109440.0	5760.0	0.0	103392.0	109440.0	288.0	0.0	74.2	88.4	92.9	98.7
2016-06-14	76000.0	4000.0	0.0	71800.0	76000.0	200.0	0.0	74.2	88.4	92.9	98.7
2016-06-21	42560.0	2240.0	0.0	40208.0	42560.0	112.0	0.0	74.2	88.4	92.9	98.7
2016-06-28	9120.0	480.0	0.0	8616.0	9120.0	24.0	0.0	74.2	88.4	92.9	98.7
2016-07-05	196768.0	0.0	3440.0	196424.0	193328.0	344.0	0.0	83.7	88.3	96.9	98.4
2016-07-12	146432.0	0.0	2560.0	146176.0	143872.0	256.0	0.0	83.7	88.3	96.9	98.4
2016-07-19	96096.0	0.0	1680.0	95928.0	94416.0	168.0	0.0	83.7	88.3	96.9	98.4
2016-07-26	45760.0	0.0	800.0	45680.0	44960.0	80.0	0.0	83.7	88.3	96.9	98.4
2016-08-02	199456.0	0.0	3680.0	199088.0	195776.0	368.0	0.0	77.3	89.5	94.6	98.9
2016-08-09	151760.0	0.0	2800.0	151480.0	148960.0	280.0	0.0	77.3	89.5	94.6	98.9
2016-08-16	104064.0	0.0	1920.0	103872.0	102144.0	192.0	0.0	77.3	89.5	94.6	98.9
2016-08-23	56368.0	0.0	1040.0	56264.0	55328.0	104.0	0.0	77.3	89.5	94.6	98.9
2016-08-30	8672.0	0.0	160.0	8656.0	8512.0	16.0	0.0	77.3	89.5	94.6	98.9
2016-09-06	104784.0	5920.0	0.0	98568.0	104784.0	296.0	0.0	74.0	87.9	91.2	97.2
2016-09-13	73632.0	4160.0	0.0	69264.0	73632.0	208.0	0.0	74.0	87.9	91.2	97.2
2016-09-20	42480.0	2400.0	0.0	39960.0	42480.0	120.0	0.0	74.0	87.9	91.2	97.2
2016-09-27	11328.0	640.0	0.0	10656.0	11328.0	32.0	0.0	74.0	87.9	91.2	97.2
2016-10-04	170368.0	7040.0	0.0	162976.0	170368.0	352.0	0.0	75.2	90.1	91.7	100.0
2016-10-11	127776.0	5280.0	0.0	122232.0	127776.0	264.0	0.0	75.2	90.1	91.7	100.0
2016-10-18	85184.0	3520.0	0.0	81488.0	85184.0	176.0	0.0	75.2	90.1	91.7	100.0
2016-10-25	42592.0	1760.0	0.0	40744.0	42592.0	88.0	0.0	75.2	90.1	91.7	100.0
2016-11-01	190190.0	7700.0	7700.0	182490.0	182490.0	0.0	0.0	73.7	86.2	91.1	98.8
2016-11-08	146224.0	5920.0	6100.0	140008.0	140124.0	296.0	0.0	73.7	86.2	91.1	98.8
2016-11-15	102752.0	4160.0	4600.0	98384.0	98152.0	208.0	0.0	73.7	86.2	91.1	98.8
2016-11-22	59280.0	2400.0	2400.0	56760.0	56880.0	120.0	0.0	73.7	86.2	91.1	98.8
2016-11-29	7904.0	320.0	400.0	7568.0	7504.0	16.0	0.0	73.7	86.2	91.1	98.8
2016-12-06	172704.0	6720.0	6960.0	165648.0	165744.0	336.0	0.0	72.8	86.8	90.7	98.8
2016-12-13	127472.0	4960.0	5360.0	122264.0	122112.0	248.0	0.0	72.8	86.8	90.7	98.8
2016-12-20	82240.0	3200.0	3200.0	78880.0	79040.0	160.0	0.0	72.8	86.8	90.7	98.8
2016-12-27	28784.0	1120.0	1120.0	27608.0	27664.0	56.0	0.0	72.8	86.8	90.7	98.8
