2016-01-12	41003.0	0.0	325.0	27901.0	34720.0	12752.0	5608.0	28.3	23.4	41.6	38.1
2016-01-19	43821.0	0.0	325.0	30905.0	38215.0	12566.0	4931.0	30.1	21.7	41.9	35.8
2016-01-26	45431.0	0.0	800.0	33446.0	37880.0	11585.0	6351.0	29.0	20.9	39.8	34.9
2016-02-02	42226.0	0.0	850.0	29710.0	35522.0	12166.0	5504.0	31.9	28.6	39.0	42.3
2016-02-09	45506.0	0.0	1300.0	32286.0	37825.0	12870.0	6031.0	32.5	26.1	41.2	39.2
2016-02-16	48577.0	0.0	1350.0	34690.0	41784.0	13462.0	5018.0	31.7	26.4	41.3	39.6
2016-02-23	52538.0	0.0	1350.0	39437.0	44824.0	12676.0	5939.0	30.9	25.5	41.9	39.4
2016-03-01	52995.0	0.0	1350.0	40188.0	44215.0	12307.0	6930.0	29.3	22.8	38.6	34.4
2016-03-08	49687.0	0.0	1600.0	38472.0	40758.0	10715.0	6829.0	29.0	25.6	38.1	35.9
2016-03-15	52478.0	0.0	1750.0	41178.0	43419.0	10800.0	6809.0	33.1	26.3	42.4	37.6
2016-03-22	56436.0	0.0	1750.0	44998.0	47297.0	10938.0	6889.0	35.4	26.1	44.0	38.5
2016-03-29	61503.0	0.0	2375.0	50244.0	51634.0	10859.0	7094.0	36.5	28.5	47.2	43.1
2016-04-05	53780.0	0.0	2525.0	41442.0	41141.0	12038.0	9814.0	39.1	31.3	51.6	46.5
2016-04-12	60063.0	0.0	2525.0	47185.0	48401.0	12578.0	8837.0	38.2	31.6	49.9	47.7
2016-04-19	62488.0	0.0	2400.0	50471.0	52237.0	11717.0	7551.0	40.8	33.4	51.6	47.8
2016-04-26	67422.0	1200.0	2350.0	54705.0	57426.0	11167.0	7296.0	40.1	31.6	51.5	47.1
2016-05-03	55670.0	1250.0	2502.0	42185.0	45660.0	11935.0	7208.0	39.8	31.7	50.9	47.5
2016-05-10	57900.0	1250.0	2501.0	44481.0	48211.0	11869.0	6888.0	43.4	32.2	51.5	47.8
2016-05-17	60758.0	1250.0	2376.0	46401.0	50479.0	12757.0	7553.0	42.9	32.4	53.1	48.5
2016-05-24	65216.0	1550.0	1926.0	51351.0	56256.0	11815.0	6534.0	47.4	35.6	57.4	53.2
2016-05-31	65706.0	1150.0	1650.0	52226.0	55976.0	11880.0	7630.0	48.4	37.1	58.3	54.6
2016-06-07	52027.0	1325.0	1475.0	39515.0	42947.0	10962.0	7380.0	46.1	41.9	57.1	57.4
2016-06-14	57144.0	1325.0	1475.0	44254.0	47774.0	11340.0	7670.0	46.9	44.0	58.8	59.0
2016-06-21	61843.0	2000.0	1475.0	49022.0	54724.0	10546.0	5369.0	44.3	44.2	56.8	58.1
2016-06-28	66799.0	1925.0	1525.0	54634.0	59180.0	9890.0	5744.0	42.1	42.8	55.7	56.3
2016-07-05	59053.0	2975.0	475.0	47382.0	52937.0	8346.0	5291.0	35.9	40.7	51.0	54.0
2016-07-12	59269.0	2750.0	675.0	47342.0	52839.0	9002.0	5580.0	26.0	38.9	41.4	47.8
2016-07-19	58383.0	2800.0	625.0	46219.0	51987.0	8939.0	5346.0	27.7	36.5	42.7	45.4
2016-07-26	62399.0	2800.0	525.0	49753.0	56662.0	9371.0	4737.0	28.2	37.4	43.1	44.9
2016-08-02	55150.0	2700.0	0.0	43208.0	50427.0	9192.0	4673.0	34.4	48.5	51.9	58.2
2016-08-09	55437.0	3000.0	0.0	43545.0	51219.0	8842.0	4168.0	29.4	47.4	46.3	56.5
2016-08-16	54706.0	3050.0	0.0	42544.0	49568.0	9062.0	5088.0	27.0	40.1	40.6	49.0
2016-08-23	55043.0	3050.0	0.0	43216.0	50230.0	8727.0	4763.0	21.8	33.4	34.6	42.0
2016-08-30	54999.0	3200.0	0.0	42771.0	50095.0	8978.0	4854.0	24.3	30.7	38.5	39.9
2016-09-06	40463.0	2700.0	225.0	30968.0	35852.0	6570.0	4161.0	27.4	25.3	37.3	36.6
2016-09-13	44851.0	2800.0	150.0	34739.0	39756.0	6987.0	4620.0	29.0	25.4	40.8	35.2
2016-09-20	46936.0	3150.0	225.0	36399.0	40976.0	7137.0	5485.0	29.0	25.5	44.9	35.3
2016-09-27	49863.0	3250.0	225.0	39518.0	44777.0	6645.0	4411.0	31.9	28.7	47.8	40.3
2016-10-04	42014.0	0.0	475.0	36121.0	37061.0	5643.0	4228.0	39.6	29.7	52.8	40.4
2016-10-11	44215.0	0.0	625.0	38057.0	39112.0	6008.0	4328.0	38.0	29.0	50.1	39.0
2016-10-18	47360.0	0.0	925.0	41033.0	41817.0	5927.0	4218.0	32.8	29.7	43.4	38.2
2016-10-25	48227.0	0.0	1075.0	41930.0	42954.0	6047.0	3948.0	31.8	33.1	42.9	40.2
2016-11-01	54088.0	0.0	1165.0	47570.0	47735.0	6358.0	5028.0	29.8	33.5	41.7	41.5
2016-11-08	44942.0	0.0	1215.0	37832.0	38528.0	6950.0	5039.0	36.5	39.4	49.0	50.0
2016-11-15	45868.0	0.0	1375.0	38628.0	38784.0	7090.0	5559.0	33.9	27.2	45.3	38.5
2016-11-22	49735.0	0.0	1025.0	42410.0	43099.0	7175.0	5461.0	31.4	23.7	41.1	34.9
2016-11-29	52341.0	0.0	1175.0	45031.0	45782.0	7310.0	5384.0	33.7	24.4	43.5	35.1
2016-12-06	45855.0	0.0	1000.0	38849.0	38409.0	7006.0	6446.0	39.1	24.2	50.1	38.8
2016-12-13	48527.0	0.0	1000.0	40964.0	42074.0	7563.0	5453.0	38.4	28.0	50.5	42.7
2016-12-20	48540.0	0.0	1000.0	40932.0	41972.0	7608.0	5568.0	34.3	31.5	50.6	44.8
2016-12-27	48981.0	0.0	1000.0	41373.0	42453.0	7608.0	5528.0	34.4	32.4	51.5	45.4
2017-01-03	53964.0	0.0	1000.0	45706.0	47326.0	8258.0	5638.0	37.1	28.7	50.5	41.6
2017-01-10	42904.0	0.0	425.0	33372.0	36535.0	9532.0	5944.0	48.9	49.8	62.6	62.6
2017-01-17	45675.0	0.0	425.0	35821.0	39776.0	9854.0	5474.0	48.0	51.4	61.8	63.2
2017-01-24	48686.0	300.0	360.0	38118.0	42957.0	10178.0	5279.0	42.3	50.6	54.7	61.4
2017-01-31	50228.0	0.0	375.0	39768.0	44342.0	10410.0	5461.0	44.1	50.7	58.4	63.3
