2016-01-12	29479.0	2379.0	4060.0	26279.0	24661.0	424.0	361.0	25.3	37.3	38.9	44.3
2016-01-19	29710.0	2304.0	4045.0	26580.0	24872.0	424.0	391.0	26.8	37.0	38.8	43.9
2016-01-26	31422.0	2193.0	4160.0	28355.0	26374.0	376.0	390.0	25.9	34.8	37.5	41.3
2016-02-02	25920.0	1953.0	2384.0	23172.0	22623.0	374.0	492.0	22.5	40.0	36.1	44.8
2016-02-09	28301.0	2046.0	2671.0	25611.0	24918.0	364.0	432.0	20.4	35.2	32.8	40.0
2016-02-16	28493.0	2070.0	2776.0	25816.0	25047.0	367.0	430.0	20.4	36.2	33.4	41.1
2016-02-23	31095.0	1880.0	3091.0	28585.0	27111.0	345.0	608.0	19.4	35.4	33.7	41.2
2016-03-01	27191.0	1600.0	95.0	25037.0	26671.0	334.0	205.0	25.4	33.2	40.7	40.5
2016-03-08	28851.0	1587.0	127.0	26650.0	28199.0	424.0	335.0	28.4	33.9	42.4	41.5
2016-03-15	29466.0	1587.0	197.0	27282.0	28776.0	394.0	290.0	28.7	33.7	41.9	41.4
2016-03-22	31330.0	1582.0	257.0	29343.0	30698.0	255.0	225.0	28.1	29.3	40.2	37.8
2016-03-29	31201.0	1593.0	241.0	29111.0	30441.0	268.0	290.0	28.5	30.3	41.3	38.9
2016-04-05	29685.0	1395.0	164.0	26100.0	27189.0	215.0	357.0	25.6	20.3	37.9	28.0
2016-04-12	31155.0	1395.0	186.0	27512.0	28539.0	215.0	397.0	25.2	22.5	36.5	29.1
2016-04-19	32291.0	1395.0	257.0	28699.0	29655.0	215.0	397.0	24.5	22.9	35.1	29.1
2016-04-26	33029.0	1395.0	182.0	29341.0	30350.0	215.0	419.0	23.5	23.2	36.0	30.4
2016-05-03	29064.0	1285.0	737.0	26109.0	26433.0	175.0	399.0	24.4	28.1	37.3	37.0
2016-05-10	30290.0	1340.0	768.0	27226.0	27650.0	251.0	399.0	23.3	27.0	35.3	36.1
2016-05-17	31807.0	1425.0	778.0	28659.0	29143.0	251.0	414.0	22.4	27.9	35.1	36.9
2016-05-24	33362.0	1420.0	803.0	30185.0	30539.0	276.0	539.0	21.1	27.2	34.8	35.8
2016-05-31	34456.0	1430.0	683.0	31128.0	31652.0	246.0	469.0	20.4	27.0	34.7	35.3
2016-06-07	31106.0	1275.0	960.0	28372.0	28527.0	235.0	395.0	25.4	28.0	38.7	36.3
2016-06-14	30888.0	1275.0	1125.0	28200.0	28227.0	235.0	358.0	25.9	28.7	40.0	36.9
2016-06-21	31885.0	1300.0	1118.0	29150.0	29154.0	235.0	413.0	27.0	30.2	41.0	38.4
2016-06-28	32720.0	1305.0	1053.0	30036.0	30140.0	235.0	383.0	28.4	28.7	41.5	36.8
2016-07-05	28457.0	1170.0	1614.0	26524.0	25934.0	211.0	357.0	36.4	35.3	48.3	44.0
2016-07-12	29145.0	1195.0	1434.0	27046.0	26661.0	201.0	347.0	35.6	39.3	48.2	46.9
2016-07-19	30550.0	1125.0	1426.0	28623.0	28176.0	201.0	347.0	35.9	39.0	49.1	46.4
2016-07-26	33076.0	1095.0	1371.0	31180.0	30764.0	221.0	361.0	36.7	36.8	50.0	43.7
2016-08-02	31686.0	965.0	1439.0	30087.0	29518.0	218.0	313.0	41.1	38.6	53.4	47.9
2016-08-09	33317.0	905.0	1314.0	31642.0	31133.0	200.0	300.0	41.2	37.4	52.3	46.3
2016-08-16	34145.0	1275.0	1318.0	31972.0	31849.0	200.0	280.0	39.7	37.2	51.7	46.7
2016-08-23	35569.0	1864.0	1275.0	32777.0	33206.0	251.0	411.0	37.7	37.3	49.2	47.2
2016-08-30	36570.0	1944.0	1275.0	33712.0	34211.0	261.0	431.0	38.0	37.9	49.5	48.4
2016-09-06	34364.0	1731.0	1588.0	32150.0	32170.0	227.0	350.0	40.1	40.8	51.7	51.9
2016-09-13	34135.0	1835.0	1635.0	31923.0	31946.0	233.0	410.0	40.4	41.0	51.8	52.4
2016-09-20	36154.0	1949.0	1668.0	33707.0	33824.0	236.0	400.0	38.0	39.0	50.1	49.8
2016-09-27	35402.0	2176.0	1785.0	32784.0	32968.0	253.0	460.0	36.9	35.7	46.9	46.9
2016-10-04	34212.0	1984.0	1335.0	31599.0	31988.0	238.0	498.0	34.0	33.2	43.6	41.7
2016-10-11	34581.0	1991.0	1343.0	31893.0	32105.0	202.0	638.0	32.9	33.2	42.4	41.5
2016-10-18	35466.0	2069.0	1378.0	32684.0	32929.0	252.0	698.0	32.7	32.3	41.5	40.6
2016-10-25	36454.0	1993.0	1335.0	33747.0	33971.0	254.0	688.0	32.2	32.7	42.0	41.4
2016-11-01	32558.0	2394.0	995.0	29439.0	30454.0	185.0	569.0	30.9	31.1	41.9	41.0
2016-11-08	34774.0	2563.0	995.0	31569.0	32733.0	145.0	549.0	28.5	29.5	38.8	38.5
2016-11-15	36168.0	2321.0	1020.0	33144.0	33971.0	125.0	599.0	26.4	28.4	36.9	37.1
2016-11-22	35506.0	2194.0	995.0	32639.0	33364.0	155.0	629.0	28.8	30.4	40.2	38.8
2016-11-29	36962.0	2050.0	995.0	34027.0	34531.0	195.0	746.0	29.9	29.0	40.7	37.6
2016-12-06	33182.0	1638.0	1185.0	30692.0	30978.0	295.0	462.0	33.3	27.8	43.4	37.9
2016-12-13	33665.0	1725.0	1185.0	30852.0	31223.0	278.0	447.0	35.2	28.8	44.1	38.9
2016-12-20	35938.0	1554.0	1191.0	33304.0	33493.0	298.0	472.0	33.6	27.5	42.0	36.9
2016-12-27	38070.0	1647.0	1185.0	35241.0	35534.0	288.0	457.0	32.6	26.7	41.8	36.3
2017-01-03	33593.0	1324.0	739.0	31306.0	31779.0	271.0	383.0	38.1	28.3	43.6	40.7
2017-01-10	35275.0	1624.0	814.0	32959.0	33657.0	261.0	373.0	35.0	29.3	41.9	41.7
2017-01-17	36040.0	1619.0	804.0	33856.0	34544.0	246.0	373.0	35.1	30.2	42.0	42.9
2017-01-24	36818.0	1521.0	819.0	34668.0	35191.0	260.0	439.0	34.9	30.6	42.7	43.2
2017-01-31	38558.0	1354.0	830.0	36214.0	36529.0	260.0	469.0	33.3	29.9	41.6	42.0
