2016-01-12	12227.0	64.0	666.0	11201.0	11304.0	874.0	169.0	26.4	37.9	41.5	51.5
2016-01-19	12446.0	79.0	681.0	11430.0	11391.0	864.0	301.0	29.0	37.3	44.4	52.3
2016-01-26	13008.0	269.0	671.0	11925.0	11941.0	741.0	323.0	31.9	37.5	46.8	54.0
2016-02-02	11554.0	175.0	373.0	10629.0	10755.0	692.0	368.0	41.7	45.3	54.2	61.0
2016-02-09	12056.0	175.0	373.0	11176.0	11409.0	647.0	216.0	41.4	47.9	53.8	63.6
2016-02-16	12357.0	175.0	433.0	11457.0	11600.0	667.0	266.0	42.5	48.0	55.1	63.8
2016-02-23	12943.0	233.0	433.0	11988.0	12173.0	585.0	200.0	43.7	50.1	55.6	65.4
2016-03-01	12847.0	211.0	205.0	11990.0	12398.0	560.0	158.0	43.5	56.0	54.8	66.1
2016-03-08	13963.0	201.0	205.0	12864.0	13395.0	767.0	232.0	48.4	58.8	58.8	70.6
2016-03-15	14375.0	251.0	205.0	13272.0	13853.0	767.0	232.0	46.3	56.8	56.4	68.3
2016-03-22	14682.0	175.0	264.0	13623.0	14066.0	782.0	250.0	46.8	56.2	56.9	67.5
2016-03-29	14543.0	176.0	225.0	13451.0	13899.0	812.0	315.0	44.2	55.7	54.3	66.8
2016-04-05	14141.0	183.0	206.0	12890.0	13438.0	980.0	409.0	49.0	61.3	60.3	71.3
2016-04-12	15523.0	175.0	262.0	14287.0	14771.0	980.0	409.0	50.2	55.9	58.3	65.4
2016-04-19	15776.0	176.0	249.0	14367.0	14935.0	1080.0	439.0	49.3	54.8	57.3	65.4
2016-04-26	17559.0	249.0	249.0	16198.0	16734.0	975.0	439.0	49.3	53.4	56.5	63.8
2016-05-03	16380.0	269.0	126.0	14987.0	15694.0	1053.0	489.0	49.9	52.7	56.7	64.2
2016-05-10	16638.0	287.0	126.0	15180.0	15961.0	1079.0	459.0	50.7	52.1	57.5	63.2
2016-05-17	16801.0	247.0	126.0	15335.0	16111.0	1114.0	459.0	51.0	52.6	58.2	63.8
2016-05-24	16906.0	247.0	126.0	15366.0	16153.0	1188.0	522.0	51.2	52.1	58.3	63.1
2016-05-31	17020.0	217.0	126.0	15475.0	16252.0	1208.0	522.0	51.6	51.8	58.2	63.3
2016-06-07	15497.0	270.0	126.0	13917.0	14759.0	1205.0	507.0	51.0	50.8	58.6	63.9
2016-06-14	15574.0	270.0	126.0	14025.0	14848.0	1174.0	495.0	50.6	50.6	58.1	63.8
2016-06-21	16084.0	250.0	126.0	14575.0	15292.0	1148.0	555.0	49.1	49.3	56.6	61.8
2016-06-28	16188.0	260.0	126.0	14594.0	15382.0	1229.0	575.0	48.8	49.0	56.2	61.7
2016-07-05	14711.0	199.0	116.0	13172.0	13787.0	1304.0	772.0	48.3	49.6	56.2	63.7
2016-07-12	14707.0	323.0	131.0	13136.0	13711.0	1097.0	714.0	46.0	45.9	54.2	62.2
2016-07-19	14811.0	363.0	116.0	13157.0	13790.0	1009.0	623.0	45.3	44.5	53.4	60.7
2016-07-26	15262.0	548.0	116.0	13482.0	14442.0	964.0	436.0	39.1	41.5	46.7	56.2
2016-08-02	13566.0	475.0	167.0	11929.0	12801.0	935.0	371.0	35.3	42.1	43.0	52.9
2016-08-09	13640.0	491.0	140.0	11966.0	12881.0	935.0	371.0	34.6	41.9	42.6	53.0
2016-08-16	14593.0	562.0	223.0	12847.0	13877.0	1055.0	364.0	31.1	39.2	38.9	50.5
2016-08-23	15422.0	602.0	158.0	13575.0	14800.0	1096.0	315.0	31.6	40.1	39.1	52.3
2016-08-30	15695.0	545.0	161.0	13870.0	15060.0	1121.0	315.0	31.1	39.6	38.5	52.6
2016-09-06	14759.0	538.0	162.0	12917.0	14157.0	1141.0	277.0	25.4	40.6	34.3	51.4
2016-09-13	15184.0	553.0	162.0	13267.0	14557.0	1206.0	307.0	25.9	40.8	34.5	51.4
2016-09-20	15988.0	598.0	208.0	14006.0	15293.0	1249.0	352.0	26.0	43.4	35.5	52.4
2016-09-27	16585.0	573.0	208.0	14643.0	15875.0	1234.0	367.0	26.7	45.6	36.9	53.7
2016-10-04	15063.0	505.0	196.0	13391.0	14388.0	1031.0	343.0	33.9	54.5	43.0	60.4
2016-10-11	15030.0	479.0	216.0	13379.0	14306.0	1000.0	336.0	30.3	55.6	41.0	61.5
2016-10-18	15640.0	542.0	224.0	13919.0	14901.0	1030.0	366.0	28.7	53.8	39.8	59.6
2016-10-25	16586.0	497.0	224.0	14830.0	15712.0	1010.0	401.0	30.7	54.1	42.4	59.5
2016-11-01	15537.0	432.0	291.0	13886.0	14407.0	910.0	530.0	34.2	51.8	41.6	56.1
2016-11-08	15648.0	357.0	351.0	14137.0	14553.0	940.0	530.0	34.5	51.6	42.3	56.0
2016-11-15	16226.0	347.0	498.0	14720.0	15024.0	950.0	495.0	33.8	50.1	41.0	54.6
2016-11-22	17434.0	305.0	478.0	16254.0	16184.0	633.0	530.0	32.6	46.7	39.0	50.7
2016-11-29	17599.0	442.0	540.0	16284.0	16244.0	588.0	530.0	32.2	46.4	38.5	50.5
2016-12-06	16385.0	483.0	448.0	15070.0	15135.0	527.0	497.0	35.7	43.2	41.5	48.9
2016-12-13	16995.0	442.0	496.0	15780.0	15711.0	497.0	512.0	34.9	41.5	40.3	47.4
2016-12-20	17031.0	442.0	461.0	15856.0	15822.0	482.0	497.0	34.8	41.3	40.3	47.2
2016-12-27	18061.0	472.0	481.0	16768.0	16744.0	541.0	556.0	31.5	41.9	37.2	46.4
2017-01-03	15823.0	353.0	352.0	14739.0	14743.0	553.0	550.0	34.5	37.6	39.3	42.8
2017-01-10	16198.0	288.0	404.0	15164.0	15101.0	568.0	515.0	34.0	36.8	39.4	42.9
2017-01-17	16546.0	288.0	399.0	15466.0	15408.0	553.0	500.0	35.5	38.4	41.0	44.4
2017-01-24	16546.0	228.0	633.0	15476.0	15388.0	553.0	236.0	37.4	38.7	42.9	46.3
2017-01-31	16897.0	251.0	649.0	15851.0	15635.0	593.0	411.0	37.1	38.4	42.3	46.1
