2016-02-16	37461.0	243.0	480.0	36366.0	36859.0	795.0	65.0	43.4	36.6	46.5	48.5
2016-02-23	39834.0	243.0	480.0	38739.0	39242.0	795.0	55.0	43.7	36.9	46.9	47.8
2016-03-01	41123.0	231.0	480.0	40085.0	40536.0	750.0	50.0	45.6	38.2	47.9	49.2
2016-03-08	42949.0	144.0	480.0	41938.0	42317.0	765.0	50.0	45.8	35.0	48.1	47.2
2016-03-15	44384.0	54.0	480.0	42923.0	43752.0	1305.0	50.0	44.3	36.1	49.0	47.9
2016-03-22	50494.0	4374.0	480.0	45193.0	49862.0	825.0	50.0	44.0	33.1	47.8	44.0
2016-03-29	52196.0	5454.0	1884.0	45840.0	50089.0	800.0	121.0	41.2	28.2	46.0	40.3
2016-04-05	52350.0	7602.0	2652.0	43881.0	49348.0	765.0	248.0	41.4	30.4	46.3	41.1
2016-04-12	54331.0	7602.0	2652.0	45952.0	51329.0	675.0	248.0	38.8	29.4	43.5	38.6
2016-04-19	57108.0	8466.0	2916.0	47865.0	53806.0	675.0	284.0	34.8	27.6	39.8	36.7
2016-04-26	58593.0	8898.0	2916.0	48918.0	55291.0	675.0	284.0	34.2	28.8	41.9	38.2
2016-05-03	58703.0	12547.0	3543.0	45363.0	54745.0	710.0	332.0	36.4	26.2	42.5	36.1
2016-05-10	62231.0	12597.0	3683.0	48861.0	58133.0	690.0	332.0	34.2	24.9	40.0	34.4
2016-05-17	68369.0	13377.0	3683.0	54429.0	63881.0	480.0	722.0	28.7	24.2	35.7	33.5
2016-05-24	71614.0	13377.0	3683.0	57674.0	67126.0	480.0	722.0	28.0	24.5	34.7	34.1
2016-05-31	74368.0	13377.0	3683.0	60428.0	69880.0	480.0	722.0	27.4	24.1	33.1	33.1
2016-06-07	71574.0	13396.0	4961.0	57784.0	65547.0	330.0	1002.0	27.8	21.8	33.6	30.1
2016-06-14	74141.0	13546.0	5297.0	60201.0	67592.0	330.0	1188.0	26.7	21.8	32.7	29.6
2016-06-21	75738.0	13646.0	5082.0	61823.0	69369.0	269.0	1287.0	25.4	23.8	31.6	29.8
2016-06-28	76982.0	13646.0	5082.0	63097.0	70613.0	239.0	1287.0	24.9	24.0	31.5	30.7
2016-07-05	73222.0	13646.0	5106.0	59387.0	66872.0	189.0	1244.0	27.4	25.9	34.4	33.4
2016-07-12	74890.0	13788.0	5106.0	60912.0	68539.0	189.0	1244.0	27.1	25.9	34.2	33.2
2016-07-19	75011.0	14028.0	5106.0	60783.0	68660.0	199.0	1244.0	27.2	26.2	35.0	34.5
2016-07-26	77302.0	14358.0	5046.0	62754.0	71001.0	189.0	1254.0	26.0	27.0	34.0	33.8
2016-08-02	78457.0	14862.0	5121.0	63425.0	72076.0	169.0	1259.0	26.1	26.6	34.4	32.8
2016-08-09	78632.0	14862.0	5161.0	63600.0	72231.0	169.0	1239.0	26.4	27.4	35.4	33.8
2016-08-16	81315.0	13842.0	5181.0	67303.0	74894.0	169.0	1239.0	25.2	26.1	32.8	32.0
2016-08-23	85241.0	13842.0	5926.0	71229.0	78160.0	169.0	1154.0	24.1	24.2	31.6	29.8
2016-08-30	90295.0	13842.0	5926.0	76283.0	83214.0	169.0	1154.0	25.9	23.3	33.6	32.1
2016-09-06	90805.0	13842.0	6050.0	76843.0	83654.0	119.0	1100.0	27.2	25.3	35.9	33.5
2016-09-13	95867.0	13842.0	7872.0	81880.0	86869.0	144.0	1125.0	25.3	22.4	34.7	31.7
2016-09-20	96421.0	13932.0	8837.0	82334.0	86508.0	154.0	1075.0	26.9	21.6	35.6	31.7
2016-09-27	97371.0	12924.0	9152.0	84297.0	87133.0	149.0	1085.0	26.3	21.9	34.7	30.8
2016-10-04	96602.0	12528.0	9086.0	84034.0	86954.0	39.0	561.0	27.4	22.3	35.0	30.7
2016-10-11	96427.0	12553.0	9086.0	83757.0	86820.0	101.0	505.0	27.1	23.2	35.6	31.7
2016-10-18	95747.0	12643.0	9151.0	83002.0	86090.0	101.0	505.0	27.7	23.6	36.1	33.0
2016-10-25	97744.0	12653.0	8383.0	84941.0	88987.0	149.0	373.0	27.6	22.5	34.9	32.0
2016-11-01	94681.0	12856.0	8006.0	81800.0	86034.0	10.0	626.0	31.7	29.7	40.0	38.8
2016-11-08	99381.0	14651.0	7838.0	84712.0	90861.0	10.0	674.0	32.7	31.1	41.7	39.4
2016-11-15	101953.0	14796.0	7175.0	86784.0	93568.0	65.0	902.0	31.9	32.6	41.2	40.0
2016-11-22	102401.0	14772.0	7185.0	87181.0	94026.0	140.0	882.0	31.7	32.0	40.9	39.7
2016-11-29	105608.0	14772.0	7110.0	90388.0	97308.0	140.0	882.0	30.1	30.8	39.1	38.3
2016-12-06	102842.0	14834.0	6758.0	87917.0	94934.0	90.0	1149.0	28.5	30.5	39.1	38.1
2016-12-13	103888.0	15009.0	6758.0	88668.0	95980.0	210.0	1149.0	27.3	28.6	37.5	36.1
2016-12-20	103280.0	15158.0	6758.0	87950.0	95372.0	171.0	1149.0	27.4	25.2	36.6	32.2
2016-12-27	104545.0	15158.0	6758.0	89215.0	96592.0	171.0	1194.0	26.8	25.3	35.8	32.1
2017-01-03	97341.0	14607.0	5952.0	82482.0	90666.0	252.0	723.0	29.6	28.7	37.9	35.1
2017-01-10	96224.0	14572.0	5952.0	81381.0	89315.0	271.0	957.0	30.0	28.7	38.3	34.9
2017-01-17	96869.0	14652.0	5732.0	81946.0	90235.0	271.0	902.0	29.6	28.2	38.0	34.0
2017-01-24	101589.0	14602.0	5732.0	86716.0	95030.0	271.0	827.0	28.2	27.3	36.4	33.1
2017-01-31	104559.0	14592.0	5192.0	89700.0	98679.0	267.0	688.0	27.4	28.2	36.5	33.5
