2016-02-16	5691.0	57.0	4200.0	4575.0	1065.0	1035.0	402.0	31.5	74.5	49.7	74.7
2016-02-23	6003.0	82.0	4383.0	4920.0	1181.0	980.0	418.0	28.6	73.6	47.0	73.6
2016-03-01	6326.0	67.0	4633.0	5204.0	1256.0	1019.0	401.0	26.3	73.9	44.5	73.9
2016-03-08	6086.0	62.0	4547.0	5172.0	1122.0	808.0	373.0	27.7	75.8	47.7	76.1
2016-03-15	6168.0	57.0	4602.0	5246.0	1141.0	816.0	376.0	27.4	75.7	47.3	76.0
2016-03-22	6459.0	57.0	4739.0	5406.0	1174.0	917.0	467.0	26.0	74.3	45.2	74.3
2016-03-29	6562.0	84.0	4744.0	5464.0	1265.0	850.0	389.0	24.9	73.0	43.6	73.0
2016-04-05	5802.0	127.0	4412.0	4816.0	954.0	757.0	334.0	32.0	78.2	50.0	78.9
2016-04-12	5946.0	146.0	4477.0	4847.0	1021.0	832.0	327.0	32.1	77.4	49.6	78.1
2016-04-19	6005.0	126.0	4563.0	4899.0	982.0	859.0	339.0	33.3	78.1	50.0	78.6
2016-04-26	6128.0	136.0	4627.0	5075.0	1056.0	805.0	333.0	29.7	77.6	47.3	78.2
2016-05-03	5423.0	112.0	3986.0	4277.0	914.0	935.0	424.0	33.3	77.2	50.5	77.2
2016-05-10	5504.0	112.0	4023.0	4419.0	977.0	861.0	392.0	33.4	76.8	50.5	77.8
2016-05-17	5596.0	106.0	4074.0	4447.0	970.0	934.0	443.0	33.3	76.1	49.6	77.0
2016-05-24	5736.0	110.0	4098.0	4652.0	1169.0	862.0	357.0	33.5	74.9	49.4	76.8
2016-05-31	5774.0	76.0	4073.0	4686.0	1195.0	863.0	357.0	33.9	74.0	49.4	75.9
2016-06-07	5009.0	19.0	3429.0	3877.0	1047.0	1014.0	434.0	36.6	72.1	50.0	74.3
2016-06-14	5147.0	34.0	3432.0	3953.0	1072.0	1055.0	538.0	37.8	70.3	51.5	73.0
2016-06-21	5347.0	34.0	3416.0	4254.0	1309.0	954.0	517.0	38.4	67.9	51.0	71.0
2016-06-28	5455.0	39.0	3408.0	4423.0	1411.0	888.0	531.0	37.9	66.1	50.2	68.9
2016-07-05	4856.0	35.0	2840.0	3812.0	1306.0	903.0	604.0	38.3	65.7	51.9	66.9
2016-07-12	4916.0	50.0	2888.0	3857.0	1329.0	897.0	587.0	37.7	65.9	51.7	68.6
2016-07-19	4941.0	73.0	2863.0	3844.0	1444.0	912.0	522.0	36.0	65.3	50.0	69.1
2016-07-26	4967.0	94.0	2873.0	3800.0	1519.0	967.0	469.0	35.3	65.8	49.5	70.8
2016-08-02	4240.0	155.0	2497.0	3159.0	1167.0	821.0	471.0	31.7	65.9	46.9	69.1
2016-08-09	4238.0	104.0	2502.0	3088.0	1136.0	976.0	530.0	31.7	65.5	46.2	69.0
2016-08-16	4449.0	109.0	2536.0	3318.0	1253.0	902.0	540.0	32.7	63.9	47.9	69.1
2016-08-23	4551.0	154.0	2713.0	3474.0	1260.0	846.0	501.0	33.4	63.1	48.3	70.6
2016-08-30	4592.0	154.0	2737.0	3446.0	1270.0	915.0	508.0	34.3	62.7	48.5	70.6
2016-09-06	4180.0	48.0	2432.0	3100.0	977.0	952.0	691.0	34.8	59.6	48.0	64.1
2016-09-13	4528.0	97.0	2644.0	3410.0	1185.0	930.0	608.0	35.2	60.0	47.5	64.0
2016-09-20	4581.0	147.0	2756.0	3415.0	1225.0	944.0	525.0	32.4	61.9	46.3	68.7
2016-09-27	4761.0	202.0	2817.0	3551.0	1350.0	923.0	509.0	29.6	61.3	44.7	67.2
2016-10-04	4219.0	80.0	2438.0	3011.0	1097.0	1078.0	634.0	28.6	59.8	43.8	64.0
2016-10-11	4549.0	128.0	2449.0	3331.0	1497.0	1019.0	532.0	25.9	54.7	39.6	59.2
2016-10-18	4743.0	183.0	2516.0	3432.0	1601.0	1078.0	576.0	27.3	54.2	39.0	59.0
2016-10-25	4805.0	168.0	2538.0	3564.0	1587.0	1017.0	624.0	27.2	55.1	38.8	59.5
2016-11-01	5302.0	128.0	2606.0	3984.0	1877.0	1069.0	698.0	25.3	51.8	36.5	56.0
2016-11-08	4828.0	168.0	2231.0	3673.0	1834.0	921.0	697.0	24.2	47.4	36.8	52.3
2016-11-15	5105.0	89.0	2308.0	4158.0	2137.0	737.0	539.0	28.7	45.3	41.9	54.9
2016-11-22	5340.0	126.0	2237.0	4424.0	2483.0	666.0	496.0	23.9	41.9	38.1	51.1
2016-11-29	5448.0	191.0	2184.0	4417.0	2621.0	710.0	513.0	23.1	40.7	36.9	52.2
2016-12-06	4853.0	246.0	1816.0	3681.0	2314.0	745.0	542.0	22.6	42.9	36.6	53.9
2016-12-13	5080.0	252.0	1894.0	3880.0	2463.0	773.0	548.0	22.9	43.9	37.7	56.1
2016-12-20	5142.0	256.0	1881.0	3856.0	2584.0	847.0	494.0	25.1	42.7	39.3	57.5
2016-12-27	5195.0	250.0	1866.0	3861.0	2643.0	892.0	494.0	25.4	42.9	39.3	57.4
2017-01-03	5169.0	250.0	1792.0	3821.0	2715.0	882.0	446.0	25.3	42.7	39.3	56.6
2017-01-10	4445.0	150.0	1477.0	2928.0	2134.0	1297.0	764.0	30.1	42.9	46.6	57.7
2017-01-17	4611.0	150.0	1512.0	3010.0	2236.0	1381.0	793.0	31.6	44.6	47.0	59.0
2017-01-24	4785.0	150.0	1467.0	3045.0	2385.0	1515.0	858.0	30.8	44.4	43.6	57.7
2017-01-31	5011.0	180.0	1633.0	3184.0	2410.0	1539.0	860.0	28.8	41.6	40.2	52.9
