2016-04-26	13224.0	905.0	200.0	9629.0	11349.0	2440.0	1425.0	37.0	37.4	49.6	51.8
2016-05-03	11269.0	1005.0	200.0	8604.0	9509.0	1510.0	1410.0	32.0	43.6	51.3	54.4
2016-05-10	12414.0	1150.0	200.0	10009.0	10609.0	1180.0	1530.0	36.2	46.9	54.0	56.7
2016-05-17	12759.0	1150.0	200.0	10284.0	10989.0	1250.0	1495.0	37.2	46.8	55.1	56.9
2016-05-24	13869.0	960.0	200.0	11759.0	11374.0	1000.0	2145.0	34.7	45.1	53.1	53.6
2016-05-31	14414.0	1105.0	200.0	11809.0	11994.0	1350.0	2070.0	36.9	42.5	53.1	54.3
2016-06-14	13967.0	1180.0	150.0	11447.0	11922.0	1265.0	1820.0	38.4	44.2	51.8	52.2
2016-06-21	14522.0	1180.0	150.0	12142.0	12337.0	1125.0	1960.0	38.7	43.1	50.9	50.8
2016-06-28	14917.0	1150.0	275.0	12602.0	12931.0	985.0	1531.0	36.0	41.6	49.4	50.0
2016-07-05	13252.0	1320.0	275.0	10612.0	11536.0	1185.0	1306.0	43.1	48.2	59.4	60.9
2016-07-12	13847.0	1395.0	275.0	11132.0	12066.0	1185.0	1371.0	46.6	47.9	58.5	60.0
2016-07-19	14502.0	1445.0	325.0	11717.0	12816.0	1205.0	1226.0	49.4	44.1	59.6	55.9
2016-07-26	15282.0	1445.0	50.0	12372.0	13511.0	1305.0	1561.0	50.6	48.7	59.1	58.1
2016-08-02	14757.0	1345.0	315.0	11907.0	13432.0	1430.0	935.0	49.2	52.0	60.1	61.6
2016-08-09	15417.0	1105.0	365.0	13025.0	14257.0	1212.0	720.0	48.9	49.9	62.7	60.5
2016-08-16	16022.0	1105.0	365.0	13665.0	14632.0	1177.0	950.0	45.0	40.2	57.5	51.1
2016-08-23	18067.0	995.0	365.0	15837.0	16792.0	1160.0	835.0	47.7	40.6	58.1	52.0
2016-08-30	18967.0	945.0	315.0	16597.0	17587.0	1200.0	840.0	49.7	42.0	61.2	54.9
2016-09-06	16127.0	445.0	350.0	14027.0	14762.0	1430.0	790.0	52.0	41.7	65.0	55.9
2016-09-13	17622.0	395.0	400.0	15617.0	16082.0	1385.0	915.0	55.1	44.0	66.6	58.6
2016-09-20	19165.0	0.0	547.0	17620.0	17412.0	1180.0	841.0	56.5	44.1	67.2	59.1
2016-09-27	19215.0	0.0	597.0	17265.0	17162.0	1585.0	1091.0	52.2	45.6	64.1	59.4
2016-10-04	13143.0	0.0	172.0	11898.0	11865.0	1080.0	941.0	66.3	50.0	72.4	65.1
2016-10-11	13518.0	0.0	172.0	12298.0	12315.0	1055.0	866.0	65.2	47.8	71.7	63.5
2016-10-18	14018.0	0.0	172.0	12888.0	12776.0	965.0	905.0	64.6	48.3	74.5	63.2
2016-10-25	14573.0	0.0	722.0	13388.0	12851.0	1090.0	905.0	63.4	42.6	73.0	58.5
2016-11-01	10766.0	0.0	0.0	10046.0	9856.0	720.0	910.0	72.7	37.7	81.8	58.1
2016-11-08	12026.0	0.0	510.0	11451.0	10841.0	555.0	655.0	65.9	35.0	74.9	53.1
2016-11-15	13851.0	40.0	0.0	12666.0	12861.0	915.0	760.0	55.1	35.2	65.5	50.5
2016-11-22	13956.0	40.0	0.0	12846.0	12766.0	840.0	960.0	54.0	35.3	63.7	50.2
2016-11-29	14056.0	0.0	0.0	13096.0	13216.0	960.0	840.0	56.3	35.1	65.6	51.4
2016-12-06	14280.0	0.0	390.0	13220.0	13015.0	1060.0	875.0	60.9	41.9	67.5	61.2
2016-12-13	15365.0	0.0	390.0	14430.0	14440.0	935.0	535.0	57.5	41.3	64.2	60.1
2016-12-20	17025.0	0.0	390.0	16040.0	16135.0	985.0	500.0	53.0	37.6	60.7	55.2
2016-12-27	18330.0	0.0	390.0	16790.0	17210.0	1540.0	730.0	45.8	34.9	53.7	51.6
2017-01-10	17186.0	0.0	264.0	15435.0	15921.0	1655.0	905.0	40.1	42.1	50.5	51.6
2017-01-17	18076.0	650.0	264.0	16150.0	16961.0	1180.0	755.0	45.3	45.8	56.6	56.1
2017-01-24	19336.0	700.0	264.0	17150.0	18231.0	1390.0	745.0	41.5	48.5	54.4	58.4
2017-01-31	20266.0	750.0	264.0	18280.0	19036.0	1140.0	870.0	37.6	47.2	54.0	58.7
