2005-04-26	34482.0	5460.0	2728.0	23248.0	18984.0	3866.0	10862.0	48.4	32.7	63.7	44.3
2005-05-24	34268.0	6025.0	3118.0	22265.0	19890.0	4187.0	9469.0	43.6	29.0	59.2	41.9
2005-05-31	35985.0	8013.0	3118.0	22203.0	21508.0	4369.0	9959.0	46.3	28.6	62.1	43.3
2005-06-07	34632.0	11717.0	2717.0	19084.0	21906.0	3335.0	9513.0	55.2	32.6	70.7	48.0
2005-06-14	34056.0	12067.0	1793.0	17580.0	22400.0	3897.0	9351.0	54.8	31.7	69.3	48.6
2005-06-21	38940.0	11740.0	1545.0	23281.0	25518.0	2861.0	10819.0	44.5	32.1	62.2	43.7
2005-06-28	40864.0	11424.0	1731.0	24630.0	27314.0	3402.0	10411.0	41.2	33.3	59.1	46.4
2005-07-05	38090.0	12522.0	1142.0	20277.0	24958.0	4494.0	11193.0	48.8	37.6	66.4	50.6
2005-07-12	38222.0	10565.0	3630.0	22055.0	24982.0	4320.0	8328.0	44.6	39.0	64.1	55.0
2005-07-19	38062.0	8053.0	3870.0	23638.0	23850.0	4909.0	8880.0	36.8	38.9	57.8	55.1
2005-07-26	38324.0	6850.0	1862.0	26149.0	25018.0	3673.0	9792.0	33.2	36.9	54.1	51.4
2005-08-02	36424.0	3950.0	3893.0	27108.0	24147.0	4027.0	7045.0	39.5	43.6	63.0	65.0
2005-08-09	35375.0	5250.0	4471.0	25664.0	23463.0	3721.0	6701.0	42.0	38.5	64.1	61.7
2005-08-16	37939.0	3436.0	4837.0	28658.0	23503.0	4081.0	7835.0	39.3	36.3	59.0	58.0
2005-08-23	40078.0	2076.0	3679.0	32162.0	27113.0	3721.0	7167.0	38.1	34.8	57.0	54.7
2005-09-06	40921.0	0.0	3594.0	31036.0	25729.0	4956.0	6669.0	39.4	33.2	59.4	53.0
2005-09-13	41085.0	0.0	2655.0	30602.0	25876.0	4958.0	7029.0	39.3	32.8	58.7	52.4
2005-09-20	41164.0	0.0	3204.0	30018.0	25943.0	6118.0	6989.0	40.4	30.0	54.9	47.3
2005-09-27	41541.0	982.0	3131.0	30290.0	26844.0	5994.0	7291.0	39.2	29.7	53.8	45.1
2005-10-25	38534.0	0.0	7929.0	30475.0	19952.0	6630.0	9224.0	41.4	38.5	61.4	52.5
2005-11-01	36072.0	0.0	6650.0	29139.0	21507.0	5977.0	6959.0	38.7	36.9	59.1	54.8
2005-11-08	37848.0	0.0	7913.0	30760.0	21697.0	5947.0	7097.0	38.4	37.4	60.1	56.3
2005-11-15	38960.0	0.0	7031.0	32114.0	24946.0	5828.0	5965.0	39.3	38.5	59.9	56.9
2005-11-22	39469.0	0.0	8475.0	32995.0	23582.0	5552.0	6490.0	39.6	43.4	59.7	62.2
2005-11-29	39134.0	0.0	7375.0	32564.0	24251.0	5552.0	6490.0	40.0	41.0	60.0	59.9
2005-12-13	38834.0	125.0	652.0	28146.0	28460.0	7030.0	6189.0	39.0	39.5	52.9	55.1
2005-12-20	40316.0	1321.0	340.0	28301.0	30396.0	7824.0	6710.0	37.3	44.1	53.7	58.2
2005-12-27	42612.0	2940.0	464.0	30671.0	34069.0	6258.0	5336.0	36.5	40.9	54.7	57.5
2006-01-03	39693.0	4255.0	326.0	28148.0	32547.0	5548.0	5078.0	44.2	42.7	61.5	62.2
2006-01-10	44176.0	5943.0	942.0	30881.0	35414.0	5520.0	5988.0	39.8	45.6	55.6	58.9
2006-01-17	47856.0	6721.0	1430.0	34210.0	39498.0	5551.0	5554.0	37.2	47.5	55.0	61.9
2006-01-24	53340.0	7348.0	1682.0	37698.0	43299.0	6833.0	6898.0	38.7	50.0	56.9	63.0
2006-01-31	52045.0	27.0	1494.0	43590.0	41998.0	5730.0	5855.0	37.3	50.1	54.8	59.7
2006-02-07	55227.0	396.0	3015.0	46380.0	42202.0	6028.0	7587.0	37.3	49.5	57.8	62.6
2006-02-14	60528.0	1156.0	6035.0	52418.0	47804.0	5506.0	5241.0	38.2	42.5	56.0	57.5
2006-02-21	60505.0	1066.0	8941.0	51464.0	44952.0	6186.0	4823.0	41.3	39.9	57.4	56.3
2006-02-28	61725.0	3597.0	5526.0	49323.0	47911.0	7044.0	6527.0	39.9	34.6	56.1	49.1
2006-03-07	60321.0	3599.0	5187.0	46922.0	44972.0	7848.0	8210.0	38.3	35.8	54.2	51.4
2006-03-14	67939.0	4687.0	4905.0	52631.0	52343.0	8078.0	8148.0	33.6	35.2	46.5	49.7
2006-03-21	67679.0	6708.0	2470.0	50432.0	54902.0	8012.0	7780.0	33.7	34.7	46.0	50.0
2006-03-28	67873.0	5898.0	2590.0	51570.0	55588.0	7392.0	6682.0	33.5	33.7	46.6	48.5
2006-04-04	62231.0	7054.0	2500.0	44549.0	49836.0	8549.0	7816.0	31.3	32.4	45.0	46.9
2006-04-11	63314.0	7209.0	2500.0	46085.0	52105.0	8147.0	6836.0	32.2	33.0	45.4	47.7
2006-04-18	66647.0	7021.0	2500.0	49536.0	54723.0	7564.0	6898.0	34.2	34.6	46.5	49.9
2006-04-25	71067.0	7562.0	2500.0	51665.0	58098.0	7866.0	6495.0	34.6	32.0	46.2	46.6
2006-05-02	64748.0	4890.0	5638.0	49264.0	48147.0	7225.0	7594.0	32.7	30.5	42.9	47.6
2006-05-09	66836.0	5750.0	5680.0	49730.0	50466.0	7309.0	6643.0	32.8	27.7	42.5	45.4
2006-05-16	69044.0	6855.0	2407.0	49168.0	54254.0	7157.0	6519.0	32.0	29.3	43.8	45.4
2006-05-23	67769.0	8304.0	2407.0	46799.0	53157.0	7219.0	6758.0	32.8	33.0	44.2	46.8
2006-05-30	67343.0	5640.0	2407.0	48073.0	51947.0	7823.0	7182.0	31.9	33.3	42.6	46.3
2006-06-06	55768.0	3194.0	3433.0	40949.0	41042.0	7480.0	7148.0	34.6	32.7	44.6	46.2
2006-06-13	56936.0	4114.0	3743.0	41135.0	41838.0	7542.0	7210.0	33.9	31.5	44.2	46.2
2006-06-20	56427.0	4145.0	3653.0	41073.0	41804.0	7356.0	7117.0	34.1	31.6	44.5	46.7
2006-06-27	57314.0	3649.0	4366.0	43096.0	42692.0	6722.0	6409.0	33.6	30.2	43.7	46.2
2006-07-03	49593.0	3730.0	1366.0	36897.0	38048.0	5749.0	6962.0	31.9	30.9	42.0	45.0
2006-07-11	49492.0	3383.0	1430.0	37338.0	37687.0	5658.0	7262.0	31.9	31.4	42.5	45.5
2006-07-18	50386.0	2689.0	1742.0	37471.0	37905.0	6051.0	6564.0	32.5	30.0	43.2	44.3
2006-07-25	49661.0	2202.0	1366.0	36940.0	37263.0	6051.0	6564.0	33.6	29.7	43.2	44.2
2006-08-01	42649.0	4972.0	1639.0	29815.0	32771.0	5756.0	6133.0	33.2	35.1	44.2	46.1
2006-08-08	43772.0	4636.0	1943.0	30878.0	33317.0	5848.0	6102.0	31.6	34.2	42.3	44.3
2006-08-15	46181.0	6851.0	2221.0	30812.0	36093.0	6540.0	5889.0	35.3	32.4	45.5	44.5
2006-08-22	47826.0	8053.0	2499.0	31347.0	37132.0	6518.0	6287.0	36.6	31.3	45.5	43.5
2006-08-29	49958.0	8420.0	2349.0	32464.0	39306.0	7183.0	6412.0	37.3	30.4	48.6	43.9
2006-09-05	42029.0	8811.0	656.0	22394.0	32034.0	9450.0	7965.0	38.5	37.7	47.2	48.8
2006-09-12	43131.0	9895.0	780.0	22688.0	33022.0	9546.0	8327.0	39.9	37.8	49.3	50.7
2006-09-19	46169.0	9962.0	780.0	24470.0	35870.0	10545.0	8327.0	40.4	41.9	49.8	53.7
2006-09-26	47947.0	7922.0	0.0	25908.0	37279.0	11358.0	7909.0	34.8	40.7	44.4	52.7
2006-10-03	41609.0	9162.0	0.0	18821.0	32486.0	12703.0	8200.0	40.9	46.7	54.0	61.9
2006-10-10	42853.0	10739.0	0.0	18106.0	32285.0	13381.0	9941.0	44.1	44.1	56.2	59.6
2006-10-17	44086.0	9898.0	0.0	21291.0	32378.0	11502.0	10313.0	43.1	42.9	58.3	58.8
2006-10-24	47072.0	10844.0	0.0	21325.0	36071.0	13630.0	9728.0	42.3	42.1	54.1	58.6
2006-10-31	47116.0	8516.0	0.0	22681.0	35180.0	14717.0	10734.0	37.3	40.5	48.2	55.1
2006-11-07	42815.0	8249.0	0.0	21051.0	33109.0	12830.0	9021.0	37.3	37.5	47.6	53.7
2006-11-14	44361.0	9328.0	0.0	23607.0	35186.0	10974.0	8723.0	38.4	36.5	49.9	52.4
2006-11-21	44534.0	8230.0	0.0	23591.0	34250.0	12199.0	9770.0	35.8	36.7	46.2	47.9
2006-11-28	44588.0	7640.0	0.0	23929.0	34165.0	12475.0	9879.0	35.7	36.2	45.6	47.3
2006-12-05	37982.0	5507.0	0.0	19542.0	29025.0	12278.0	8302.0	34.0	38.8	47.9	53.6
2006-12-12	44258.0	3669.0	0.0	26872.0	33583.0	12283.0	9241.0	34.5	35.8	51.6	55.5
2006-12-19	43887.0	1220.0	0.0	31565.0	32650.0	9356.0	9491.0	35.6	34.7	52.8	52.8
2006-12-26	43973.0	660.0	1097.0	32285.0	30385.0	9368.0	10831.0	35.5	30.8	50.5	45.3
2007-01-03	39219.0	430.0	2245.0	29275.0	24879.0	8701.0	11282.0	38.6	30.3	55.6	47.6
2007-01-09	43276.0	430.0	503.0	32130.0	27952.0	8209.0	12314.0	31.8	30.5	48.3	43.1
2007-01-16	44380.0	2357.0	833.0	32298.0	29728.0	7978.0	12072.0	30.6	29.8	47.6	42.7
2007-01-23	46072.0	430.0	2316.0	35017.0	28202.0	7703.0	12632.0	30.3	24.7	45.8	36.3
2007-01-30	45444.0	430.0	2592.0	33572.0	29636.0	8230.0	10004.0	30.4	28.2	47.3	41.5
2007-02-06	43123.0	2290.0	1594.0	30970.0	26164.0	7423.0	12925.0	29.4	26.6	44.2	41.0
2007-02-13	47009.0	4922.0	2450.0	30949.0	29569.0	9777.0	13629.0	33.0	31.5	45.1	47.2
2007-02-20	48229.0	1262.0	2450.0	33917.0	28634.0	9899.0	13994.0	27.4	28.4	39.0	42.1
2007-02-27	50746.0	230.0	3654.0	39153.0	31636.0	9272.0	13365.0	30.2	26.2	43.8	39.1
2007-03-06	48408.0	0.0	5725.0	37057.0	28672.0	10238.0	12898.0	31.5	28.0	49.9	42.5
2007-03-13	54802.0	0.0	3981.0	42187.0	35610.0	10302.0	12898.0	30.8	28.6	47.6	42.3
2007-03-20	56387.0	0.0	2409.0	43206.0	39031.0	10888.0	12654.0	29.9	30.7	45.8	42.9
2007-03-27	58170.0	1615.0	1288.0	44927.0	41611.0	9320.0	12963.0	28.0	35.4	45.5	47.7
2007-04-03	53335.0	455.0	1096.0	42208.0	39729.0	8242.0	10080.0	28.4	35.1	44.0	47.7
2007-04-10	55898.0	1003.0	1096.0	43126.0	42475.0	8914.0	9472.0	28.3	36.2	42.3	48.2
2007-04-17	57586.0	1771.0	1860.0	43481.0	40139.0	9357.0	12610.0	30.0	36.3	44.0	48.3
2007-04-24	62686.0	986.0	1550.0	45711.0	46316.0	11371.0	10202.0	30.5	39.7	44.3	52.4
2007-05-01	56044.0	1948.0	1366.0	40044.0	41386.0	11389.0	10629.0	26.6	40.0	39.7	51.7
2007-05-08	58609.0	2737.0	1242.0	44187.0	44390.0	9156.0	10448.0	28.9	43.5	45.0	54.2
2007-05-15	60905.0	2245.0	754.0	46041.0	45901.0	9370.0	11001.0	28.4	42.0	45.1	51.3
2007-05-22	66182.0	476.0	0.0	50202.0	51542.0	10571.0	9707.0	27.7	41.9	43.9	51.3
2007-05-29	69682.0	279.0	69.0	52757.0	53080.0	11306.0	11193.0	28.3	41.1	46.0	50.8
2007-06-05	69923.0	0.0	443.0	57582.0	54347.0	7784.0	10576.0	33.6	39.9	53.2	51.8
2007-06-12	76173.0	0.0	4148.0	65122.0	58614.0	7027.0	9387.0	33.0	40.5	53.4	54.5
2007-06-19	77073.0	0.0	3958.0	66223.0	58964.0	7304.0	10605.0	34.2	42.2	54.3	55.6
2007-06-26	79577.0	0.0	5952.0	69402.0	60794.0	7182.0	9838.0	34.0	43.6	55.5	59.0
2007-07-03	72494.0	0.0	5431.0	63050.0	55551.0	6756.0	8824.0	37.6	41.9	57.4	58.0
2007-07-10	73325.0	0.0	6021.0	63720.0	55329.0	6696.0	9066.0	38.2	41.3	57.8	58.5
2007-07-17	73902.0	0.0	5122.0	63873.0	56625.0	6909.0	9035.0	39.1	38.6	57.7	56.6
2007-07-24	75953.0	0.0	7101.0	66253.0	57091.0	7121.0	9182.0	41.0	39.8	59.9	56.5
2007-07-31	77070.0	0.0	7565.0	67114.0	57753.0	7612.0	9408.0	41.4	38.9	60.3	56.5
2007-08-07	70417.0	0.0	5436.0	62735.0	54240.0	5809.0	8868.0	41.9	35.1	60.7	53.1
2007-08-14	73524.0	0.0	7394.0	65454.0	54972.0	6001.0	9089.0	41.4	35.2	60.0	52.2
2007-08-21	74024.0	0.0	9079.0	66934.0	54399.0	5381.0	8837.0	42.1	36.2	60.8	52.3
2007-08-28	74434.0	0.0	10160.0	67450.0	53134.0	5105.0	9261.0	40.2	35.5	58.4	49.9
2007-09-04	65093.0	0.0	8211.0	57122.0	46970.0	5867.0	7808.0	38.2	28.9	56.8	47.7
2007-09-11	66196.0	0.0	10024.0	58230.0	46265.0	5867.0	7808.0	41.7	30.3	60.4	49.6
2007-09-18	71636.0	0.0	7712.0	62481.0	52616.0	5745.0	7898.0	39.5	29.9	57.0	49.1
2007-09-25	79637.0	0.0	12465.0	71888.0	56426.0	5655.0	8652.0	40.2	31.5	60.6	50.3
2007-10-02	77477.0	0.0	9666.0	66805.0	51958.0	7641.0	12822.0	43.5	28.8	63.8	49.0
2007-10-09	78456.0	0.0	11702.0	68656.0	49917.0	7129.0	14166.0	44.8	29.5	65.1	48.9
2007-10-16	80036.0	0.0	11503.0	71176.0	52539.0	6001.0	13135.0	44.0	29.8	63.9	48.9
2007-10-23	80894.0	0.0	10054.0	71480.0	54012.0	5984.0	13398.0	42.1	27.8	61.8	45.9
2007-10-30	81786.0	0.0	7926.0	71045.0	59193.0	5833.0	9759.0	42.8	30.6	63.3	49.0
2007-11-06	74595.0	0.0	9084.0	64749.0	52554.0	6890.0	10001.0	44.1	32.2	64.8	50.3
2007-11-13	76302.0	0.0	8928.0	65837.0	53709.0	7349.0	10549.0	43.1	32.7	63.4	49.6
2007-11-20	81450.0	636.0	8065.0	68432.0	57587.0	7928.0	11344.0	40.4	36.5	59.4	52.1
2007-11-27	81458.0	0.0	9178.0	68983.0	56444.0	8242.0	11603.0	40.4	37.2	60.1	52.3
2007-12-04	76418.0	0.0	8753.0	65032.0	51922.0	8089.0	12446.0	41.4	38.3	59.7	52.4
2007-12-11	77268.0	146.0	7242.0	67334.0	55534.0	6602.0	11306.0	41.3	37.6	62.8	55.5
2007-12-18	79933.0	43.0	11026.0	70303.0	54036.0	6356.0	11640.0	39.9	34.3	62.8	53.8
2007-12-24	81624.0	0.0	13090.0	74489.0	55746.0	4891.0	10544.0	40.2	34.6	62.3	55.0
2007-12-31	83195.0	0.0	12694.0	75520.0	57601.0	4891.0	10116.0	39.2	36.6	61.7	56.8
2008-01-08	82384.0	615.0	9435.0	70939.0	58766.0	7640.0	10993.0	39.1	39.0	60.1	58.1
2008-01-15	85023.0	0.0	10414.0	72781.0	60229.0	8530.0	10668.0	37.7	35.9	57.4	54.9
2008-01-22	86614.0	0.0	9611.0	77112.0	63498.0	5411.0	9414.0	37.0	35.0	56.5	54.9
2008-01-29	89928.0	1907.0	10139.0	77288.0	64616.0	6677.0	11117.0	36.6	31.4	51.5	49.4
2008-02-05	85092.0	2887.0	10604.0	72604.0	62549.0	6157.0	8495.0	37.0	32.4	54.4	50.2
2008-02-12	87430.0	2887.0	10248.0	74107.0	65400.0	7409.0	8755.0	37.0	32.1	53.7	49.6
2008-02-19	94300.0	5643.0	12284.0	79904.0	69317.0	5238.0	9184.0	39.0	31.1	55.2	53.2
2008-02-26	97823.0	6373.0	13460.0	81691.0	71238.0	6094.0	9460.0	38.6	31.0	55.2	52.5
2008-03-04	93558.0	5761.0	7013.0	72168.0	70170.0	10147.0	10893.0	37.3	31.3	54.1	50.6
2008-03-11	94459.0	6189.0	9962.0	75619.0	70176.0	8340.0	10010.0	37.0	32.5	56.1	53.0
2008-03-18	93253.0	6189.0	10396.0	76301.0	69835.0	8107.0	10366.0	38.3	35.4	59.2	54.6
2008-03-25	91416.0	5769.0	8738.0	74768.0	69936.0	7803.0	9666.0	39.0	33.0	58.8	51.8
2008-04-01	83338.0	3587.0	10308.0	69284.0	59941.0	8128.0	10750.0	38.7	33.6	59.2	51.4
2008-04-08	83449.0	3587.0	11992.0	70219.0	59577.0	7506.0	9743.0	38.7	36.4	59.0	52.2
2008-04-15	83662.0	3525.0	12451.0	68762.0	59236.0	9075.0	9675.0	38.6	36.5	58.9	52.7
2008-04-22	83147.0	3223.0	12612.0	68483.0	59294.0	9447.0	9247.0	37.4	36.8	57.8	52.8
2008-04-29	82466.0	3009.0	10313.0	68398.0	60763.0	8330.0	8661.0	36.9	35.8	57.4	50.9
2008-05-06	74930.0	8800.0	7434.0	55032.0	55795.0	7999.0	8602.0	36.0	34.4	55.5	49.7
2008-05-13	75783.0	3379.0	5824.0	60570.0	58020.0	7966.0	8071.0	35.4	31.2	54.7	46.5
2008-05-20	75157.0	3379.0	8781.0	60748.0	55361.0	8074.0	8059.0	35.7	28.1	55.1	44.4
2008-05-27	75451.0	3379.0	10598.0	61867.0	54493.0	8167.0	8322.0	35.8	27.2	55.0	43.3
2008-06-03	70382.0	3439.0	10211.0	57162.0	50043.0	8284.0	8631.0	34.4	28.1	52.6	44.8
2008-06-10	69228.0	3439.0	9518.0	56231.0	49432.0	7731.0	8451.0	34.0	25.9	52.5	44.4
2008-06-17	69965.0	3439.0	9635.0	56965.0	49777.0	7641.0	8633.0	33.7	26.3	52.5	44.7
2008-06-24	71874.0	3439.0	10146.0	57704.0	50219.0	8028.0	8806.0	34.2	25.4	52.5	43.1
2008-07-01	65667.0	3067.0	10322.0	53568.0	44596.0	6306.0	8023.0	34.6	25.7	51.8	42.8
2008-07-08	66705.0	3067.0	10198.0	54213.0	45491.0	6574.0	8165.0	34.0	27.0	50.9	44.8
2008-07-15	69910.0	3067.0	10021.0	57031.0	48058.0	6574.0	8593.0	32.5	25.7	48.6	43.5
2008-07-22	70351.0	3109.0	14704.0	56523.0	42648.0	6282.0	8562.0	32.3	30.1	48.3	46.5
2008-07-29	70371.0	3067.0	15706.0	56823.0	42883.0	6970.0	8271.0	31.2	30.5	47.4	47.0
2008-08-05	64464.0	2695.0	10325.0	49708.0	39288.0	6645.0	9435.0	32.2	27.3	48.4	43.0
2008-08-12	65200.0	2695.0	11720.0	50949.0	39363.0	7216.0	9777.0	31.9	29.9	49.4	45.4
2008-08-19	66345.0	2695.0	12018.0	51967.0	40672.0	6770.0	8742.0	32.2	31.3	49.3	47.1
2008-08-26	70249.0	2695.0	9763.0	55215.0	46800.0	5905.0	7252.0	31.3	27.7	47.8	42.8
2008-09-02	60156.0	2397.0	10671.0	46363.0	38294.0	8101.0	7896.0	33.9	29.1	52.0	44.8
2008-09-09	60254.0	2397.0	12362.0	46824.0	36427.0	7463.0	7895.0	33.9	28.2	51.9	43.7
2008-09-16	60900.0	2397.0	12852.0	46770.0	36311.0	7574.0	7578.0	33.5	29.9	51.4	44.6
2008-09-23	60485.0	2397.0	11562.0	45462.0	37208.0	7333.0	6422.0	32.5	28.0	51.1	42.1
2008-09-30	59593.0	2397.0	11976.0	45680.0	36094.0	6575.0	6582.0	33.0	28.7	51.9	42.7
2008-10-07	51150.0	2459.0	11117.0	36718.0	27268.0	8454.0	9246.0	36.1	29.1	56.7	44.0
2008-10-14	54700.0	3180.0	8942.0	39105.0	32141.0	7599.0	8801.0	34.4	30.0	53.7	43.9
2008-10-21	57123.0	3180.0	9802.0	42188.0	33524.0	6579.0	8621.0	34.6	30.1	53.1	43.6
2008-10-28	59873.0	3210.0	10513.0	45723.0	34342.0	5943.0	10021.0	33.7	30.4	55.1	43.4
2008-11-04	54587.0	3110.0	9034.0	40193.0	31143.0	6827.0	9953.0	36.3	33.7	57.5	47.2
2008-11-11	55655.0	2541.0	8377.0	41541.0	32856.0	6966.0	9815.0	36.2	31.8	58.0	45.3
2008-11-18	55365.0	2541.0	8734.0	42470.0	33002.0	6290.0	9565.0	36.3	28.4	58.4	43.2
2008-11-25	56957.0	2541.0	5741.0	43259.0	32863.0	6565.0	13761.0	35.7	23.5	57.9	37.2
2008-12-02	50847.0	2624.0	5141.0	37127.0	26282.0	7713.0	16041.0	38.7	28.2	61.5	42.7
2008-12-09	53875.0	2624.0	2988.0	39875.0	29781.0	7524.0	17254.0	37.9	27.1	59.3	40.9
2008-12-16	55589.0	2624.0	2922.0	42234.0	33459.0	6294.0	14771.0	38.1	28.2	59.2	42.8
2008-12-22	57123.0	3022.0	2768.0	42181.0	33818.0	7464.0	16081.0	36.0	27.6	56.6	41.8
2008-12-30	58128.0	3788.0	2644.0	42406.0	35325.0	7614.0	15839.0	35.5	27.9	55.7	42.8
2009-01-06	52405.0	3428.0	1962.0	38331.0	33977.0	7062.0	12882.0	36.2	29.3	59.6	45.8
2009-01-13	53684.0	2645.0	2931.0	40597.0	34547.0	7081.0	12845.0	36.4	28.6	59.1	45.6
2009-01-20	54985.0	2645.0	2380.0	42097.0	36282.0	6853.0	12933.0	35.7	29.0	57.1	47.0
2009-01-27	59035.0	2645.0	7815.0	49444.0	35713.0	5371.0	13932.0	35.0	32.5	58.1	50.0
2009-02-03	56137.0	2669.0	8859.0	44615.0	31536.0	7083.0	13972.0	37.0	30.7	58.9	48.3
2009-02-10	57128.0	3343.0	8993.0	45039.0	32118.0	6782.0	14053.0	37.2	30.4	58.8	47.9
2009-02-17	59932.0	3343.0	9693.0	48335.0	33860.0	6264.0	14389.0	39.1	30.2	58.5	46.9
2009-02-24	60529.0	2669.0	8926.0	48643.0	33707.0	7262.0	15941.0	39.6	28.9	59.8	44.8
2009-03-03	57197.0	2690.0	9364.0	41930.0	27952.0	11311.0	18615.0	41.1	32.2	60.2	48.3
2009-03-10	57897.0	2690.0	8872.0	41682.0	28712.0	11767.0	18555.0	39.9	31.9	58.4	47.8
2009-03-17	58433.0	2690.0	8054.0	42048.0	29508.0	11875.0	19051.0	40.2	30.9	58.4	46.7
2009-03-24	62062.0	2690.0	11028.0	45242.0	29663.0	12336.0	19577.0	42.5	34.4	60.3	49.1
2009-03-31	62317.0	2731.0	11115.0	47605.0	31303.0	9541.0	17459.0	41.6	33.5	59.3	48.1
2009-04-07	57505.0	2330.0	10749.0	43422.0	27607.0	10152.0	17548.0	42.0	34.7	60.4	47.9
2009-04-14	61429.0	2392.0	11338.0	46333.0	31358.0	10741.0	16770.0	38.3	32.0	55.6	44.4
2009-04-21	62241.0	2392.0	12378.0	47090.0	30932.0	11105.0	17277.0	38.5	33.3	56.6	45.5
2009-04-28	63086.0	2090.0	12874.0	49602.0	32095.0	9933.0	16656.0	38.0	33.5	55.3	45.4
2009-05-05	59301.0	1884.0	11474.0	45325.0	29439.0	9920.0	16216.0	37.3	31.5	53.3	43.2
2009-05-12	60433.0	1884.0	11593.0	46426.0	29034.0	9920.0	17603.0	37.0	29.0	53.7	41.2
2009-05-19	60064.0	1762.0	10128.0	45927.0	30139.0	9826.0	17248.0	38.3	27.9	56.1	40.8
2009-05-26	60482.0	1762.0	10126.0	46432.0	30622.0	9617.0	17063.0	38.0	27.7	56.0	40.5
2009-06-02	56571.0	1296.0	13070.0	44204.0	24857.0	9834.0	17407.0	40.3	33.6	56.3	45.8
2009-06-09	56961.0	1296.0	13158.0	44784.0	25039.0	9644.0	17527.0	41.0	34.1	56.9	45.7
2009-06-16	57022.0	1296.0	12704.0	44640.0	25039.0	9601.0	17794.0	40.8	33.3	56.6	44.8
2009-06-23	57110.0	1296.0	11777.0	45409.0	26307.0	8796.0	17417.0	40.3	32.0	56.1	43.2
2009-06-30	57654.0	1296.0	12058.0	45312.0	26539.0	8672.0	16683.0	39.9	31.5	55.6	41.7
2009-07-07	51822.0	924.0	9980.0	40557.0	23352.0	8352.0	16501.0	39.7	29.3	54.2	38.6
2009-07-14	52174.0	924.0	8204.0	40577.0	24587.0	8457.0	17167.0	39.4	25.8	53.9	35.0
2009-07-21	52694.0	800.0	8862.0	41309.0	25490.0	8367.0	16124.0	39.0	23.8	54.5	34.1
2009-07-28	54929.0	800.0	11901.0	43998.0	26791.0	8214.0	14320.0	38.5	24.9	55.0	36.3
2009-08-04	49556.0	552.0	4567.0	37591.0	25380.0	7339.0	15535.0	39.0	29.2	54.4	37.9
2009-08-11	49596.0	722.0	4674.0	37711.0	25563.0	7387.0	15583.0	38.9	29.9	54.4	38.6
2009-08-18	49199.0	662.0	6224.0	38164.0	25417.0	7494.0	14679.0	39.4	33.1	55.0	41.9
2009-08-25	50103.0	662.0	5827.0	39148.0	25904.0	7385.0	15464.0	40.8	31.4	55.8	40.1
2009-09-01	46557.0	532.0	3268.0	35247.0	25757.0	6742.0	13496.0	42.4	31.8	55.3	41.1
2009-09-08	45881.0	382.0	2546.0	34463.0	24019.0	6546.0	14826.0	42.6	31.0	54.2	36.9
2009-09-15	46409.0	444.0	2455.0	34751.0	23991.0	6817.0	15566.0	42.1	30.5	53.8	36.7
2009-09-22	51572.0	820.0	1626.0	38013.0	30378.0	8245.0	15074.0	40.5	35.3	54.1	43.2
2009-09-29	53412.0	1122.0	1702.0	38442.0	29388.0	7632.0	16106.0	39.3	33.0	53.8	40.2
2009-10-20	51099.0	1109.0	1311.0	37855.0	28561.0	6624.0	15716.0	42.4	35.2	55.3	40.8
2009-10-27	52704.0	1349.0	2031.0	38643.0	29533.0	7228.0	15656.0	41.8	35.8	55.5	41.4
2009-11-03	48484.0	1443.0	0.0	35027.0	27611.0	6502.0	15361.0	42.1	37.3	55.4	38.7
2009-11-17	48276.0	2461.0	0.0	35730.0	30553.0	5390.0	13028.0	41.7	36.0	54.7	40.2
2009-11-24	48152.0	2461.0	0.0	35730.0	30553.0	5428.0	13066.0	41.8	36.1	55.0	40.3
2010-02-23	41415.0	4094.0	0.0	30671.0	29719.0	3586.0	8632.0	39.6	34.8	53.8	44.1
2010-03-30	42523.0	5103.0	0.0	29875.0	32695.0	5505.0	7788.0	46.6	35.5	58.5	48.8
2010-04-06	38814.0	2012.0	0.0	28979.0	29216.0	5115.0	6890.0	41.8	34.7	55.5	47.8
2010-04-13	38964.0	2012.0	0.0	29129.0	29366.0	5115.0	6890.0	42.0	35.0	55.7	48.0
2010-04-20	40779.0	196.0	1238.0	32198.0	29381.0	5115.0	6890.0	42.0	32.2	53.4	44.9
2010-04-27	40902.0	196.0	438.0	32198.0	29995.0	5115.0	7076.0	41.8	33.6	53.3	45.8
2010-05-04	37782.0	134.0	1280.0	30240.0	27236.0	4453.0	6311.0	40.9	33.5	54.5	46.3
2010-05-11	37906.0	134.0	1156.0	30240.0	27360.0	4453.0	6311.0	40.8	33.8	54.4	46.2
2010-05-18	38968.0	134.0	1122.0	31158.0	27792.0	4625.0	7003.0	39.6	33.0	52.9	44.6
2010-05-25	39244.0	134.0	998.0	31378.0	27652.0	4589.0	7451.0	39.4	32.8	53.1	43.9
2010-06-01	36698.0	194.0	756.0	29042.0	24376.0	4679.0	8783.0	37.8	31.2	51.3	40.4
2010-06-08	37128.0	194.0	756.0	29104.0	24806.0	5047.0	8783.0	37.4	31.0	50.7	40.9
2010-06-15	37776.0	442.0	756.0	30964.0	26843.0	3587.0	7394.0	36.7	30.4	50.9	41.1
2010-06-22	37787.0	442.0	884.0	31148.0	27027.0	3622.0	7301.0	37.2	30.9	51.4	41.9
2010-06-29	39478.0	442.0	1682.0	33451.0	27337.0	3467.0	8341.0	36.8	30.0	54.6	44.1
2010-07-06	35375.0	8.0	1174.0	29407.0	24494.0	3861.0	7608.0	36.0	30.5	52.8	41.5
2010-07-13	36128.0	8.0	163.0	29635.0	25733.0	3861.0	7608.0	35.2	31.1	51.7	41.3
2010-07-20	37012.0	677.0	0.0	29974.0	26492.0	3878.0	8037.0	33.3	30.4	49.4	40.7
2010-07-27	37785.0	178.0	0.0	30709.0	27235.0	3742.0	7394.0	32.6	29.7	48.5	38.7
2010-08-03	33775.0	0.0	559.0	27553.0	23723.0	3662.0	6933.0	31.6	28.9	45.2	35.2
2010-08-10	34496.0	0.0	299.0	29050.0	24562.0	2626.0	6815.0	30.9	28.3	43.9	34.4
2010-08-17	34616.0	0.0	450.0	29201.0	24562.0	2626.0	6815.0	30.4	28.2	44.2	34.3
2010-08-24	35026.0	0.0	530.0	30035.0	24719.0	2082.0	6868.0	30.0	27.9	44.0	34.3
2010-08-31	35758.0	244.0	42.0	30035.0	24719.0	2082.0	7600.0	29.4	27.3	43.1	33.2
2010-09-07	31920.0	835.0	170.0	25875.0	21254.0	2626.0	7912.0	30.3	27.9	41.1	31.2
2010-09-14	31920.0	835.0	170.0	25875.0	21254.0	2626.0	7912.0	30.3	27.9	41.1	31.2
2010-09-21	32398.0	531.0	170.0	26215.0	21474.0	2870.0	7972.0	29.9	27.1	40.0	30.3
2010-09-28	32412.0	655.0	170.0	26215.0	21598.0	2870.0	7972.0	29.9	27.4	40.0	30.7
