2005-05-03	9220.0	3500.0	2560.0	3720.0	4540.0	360.0	480.0	48.2	48.4	59.4	60.7
2005-05-10	9430.0	3680.0	2800.0	3780.0	4530.0	270.0	400.0	51.3	49.8	62.1	63.0
2005-05-17	9650.0	3480.0	2900.0	4220.0	4670.0	250.0	380.0	50.4	49.3	61.1	60.9
2005-05-24	9650.0	3420.0	2900.0	4220.0	4610.0	190.0	320.0	48.9	48.3	59.1	59.1
2005-05-31	10170.0	3140.0	2880.0	4820.0	4950.0	190.0	320.0	43.3	45.2	54.5	56.0
2005-06-07	10040.0	3240.0	2260.0	4330.0	4910.0	470.0	870.0	38.9	42.4	54.4	52.2
2005-06-14	10840.0	3160.0	2200.0	4860.0	5650.0	400.0	570.0	34.4	42.8	48.0	50.1
2005-06-21	11990.0	2860.0	1860.0	5930.0	6530.0	220.0	620.0	37.4	44.9	52.6	52.0
2005-06-28	13350.0	2720.0	2180.0	6230.0	6980.0	980.0	770.0	32.9	39.4	46.6	50.8
2005-07-05	12200.0	3080.0	2340.0	5900.0	6690.0	620.0	570.0	34.4	44.3	50.2	54.8
2005-07-12	13152.0	3220.0	1620.0	6192.0	7602.0	1100.0	1290.0	32.7	35.6	46.4	47.0
2005-07-19	12236.0	3260.0	1624.0	5936.0	7402.0	400.0	570.0	32.9	38.3	45.8	48.7
2005-07-26	13596.0	3700.0	1644.0	6416.0	8242.0	260.0	490.0	33.2	34.5	45.5	44.0
2005-08-02	12926.0	3520.0	1694.0	6266.0	7852.0	200.0	440.0	33.6	37.6	46.4	46.0
2005-08-09	13354.0	3280.0	2414.0	7034.0	7620.0	180.0	460.0	34.3	42.0	47.9	49.8
2005-08-16	15302.0	3100.0	3414.0	8922.0	8508.0	160.0	260.0	40.3	43.1	51.3	51.9
2005-08-23	16282.0	3460.0	3074.0	9842.0	10058.0	40.0	210.0	40.4	40.9	52.0	52.0
2005-09-06	16100.0	3200.0	3220.0	10168.0	10252.0	332.0	228.0	42.5	45.5	58.7	59.1
2005-09-13	17048.0	3300.0	3180.0	11048.0	11480.0	520.0	208.0	40.9	46.7	57.9	61.5
2005-09-20	17950.0	3852.0	3920.0	11998.0	12110.0	440.0	260.0	41.7	48.0	56.3	63.3
2005-09-27	17942.0	3852.0	3680.0	11730.0	12082.0	460.0	280.0	41.5	47.9	56.0	62.9
2005-10-04	16602.0	3472.0	3540.0	10930.0	10912.0	520.0	470.0	41.7	47.1	55.0	63.1
2005-10-11	17590.0	3140.0	3988.0	12218.0	11440.0	380.0	310.0	41.9	46.0	57.9	61.0
2005-10-18	17530.0	2900.0	3868.0	12238.0	11430.0	420.0	260.0	39.2	45.7	55.4	60.8
2005-10-25	17630.0	3472.0	3680.0	11718.0	11562.0	540.0	488.0	41.6	45.2	57.5	60.2
2005-11-01	17356.0	3460.0	4008.0	12034.0	11218.0	230.0	498.0	42.9	45.4	61.4	62.8
2005-11-08	19128.0	3500.0	5152.0	13586.0	11686.0	260.0	508.0	39.4	43.7	58.3	62.8
2005-11-15	19472.0	4040.0	5372.0	13046.0	11546.0	332.0	500.0	39.7	43.0	55.2	63.0
2005-11-22	20412.0	3900.0	5420.0	13965.0	12274.0	173.0	344.0	33.9	40.2	49.0	58.4
2005-11-29	21552.0	4140.0	5360.0	14415.0	13588.0	633.0	240.0	35.0	39.1	49.6	58.3
2005-12-06	23996.0	4180.0	5560.0	17295.0	16440.0	665.0	140.0	45.3	45.1	58.9	67.9
2005-12-13	25252.0	4420.0	4780.0	18106.0	17706.0	100.0	140.0	42.4	46.6	56.8	66.3
2005-12-20	25096.0	3800.0	6610.0	19222.0	16332.0	100.0	180.0	42.2	41.0	54.2	58.9
2005-12-27	25704.0	3800.0	7168.0	19750.0	16502.0	300.0	180.0	43.3	41.0	55.2	58.2
2006-01-03	25035.0	3860.0	7108.0	19241.0	16073.0	320.0	240.0	43.9	42.0	56.7	59.0
2006-01-10	25725.0	4460.0	8372.0	19591.0	15599.0	100.0	180.0	50.0	46.3	63.3	63.0
2006-01-17	25512.0	4420.0	8472.0	19738.0	15666.0	60.0	80.0	50.9	47.4	63.9	63.8
2006-01-24	26290.0	4640.0	9492.0	20236.0	15364.0	80.0	100.0	50.6	47.6	62.4	63.5
2006-01-31	26836.0	4550.0	9512.0	19714.0	14492.0	1148.0	1408.0	50.2	46.7	61.6	61.6
2006-02-07	24642.0	4210.0	9454.0	18306.0	13082.0	1148.0	1128.0	52.1	49.5	63.9	63.0
2006-02-14	24848.0	4130.0	9494.0	18552.0	13188.0	1188.0	1188.0	51.7	49.6	63.2	62.3
2006-02-21	25448.0	4110.0	9714.0	19172.0	13568.0	1188.0	1188.0	52.9	49.3	63.6	61.9
2006-02-28	26498.0	4060.0	10214.0	20442.0	14268.0	1128.0	1148.0	50.7	48.9	62.2	62.2
2006-03-07	24920.0	3880.0	10314.0	19280.0	12986.0	1308.0	1168.0	53.0	50.7	64.5	63.3
2006-03-14	25586.0	3880.0	10654.0	19726.0	13332.0	1528.0	1148.0	51.3	50.7	62.5	62.9
2006-03-21	25786.0	3880.0	10674.0	19946.0	13492.0	1548.0	1208.0	50.8	49.3	61.9	63.0
2006-03-28	26700.0	3860.0	10694.0	20880.0	14146.0	1548.0	1448.0	49.8	47.7	60.5	61.3
2006-04-04	25488.0	3840.0	4734.0	19718.0	19104.0	1628.0	1348.0	50.6	48.8	61.1	62.2
2006-04-11	25572.0	3840.0	4734.0	19802.0	19168.0	1628.0	1368.0	50.4	48.8	61.1	62.2
2006-04-18	25720.0	3820.0	4714.0	19972.0	19298.0	1626.0	1406.0	50.3	48.8	61.0	62.5
2006-04-25	25956.0	3220.0	4694.0	20782.0	19648.0	1652.0	1312.0	49.3	49.8	61.1	63.4
2006-05-02	25478.0	3160.0	4640.0	20494.0	19314.0	1532.0	1232.0	49.3	49.2	63.6	61.8
2006-05-09	24808.0	3160.0	4660.0	20654.0	19494.0	702.0	362.0	50.7	49.2	65.3	62.2
2006-05-16	24966.0	3160.0	4660.0	20854.0	19734.0	660.0	280.0	51.6	48.9	66.1	62.8
2006-05-23	25406.0	3080.0	4660.0	21534.0	20060.0	420.0	314.0	51.4	48.8	65.8	62.4
2006-05-30	25186.0	3080.0	4680.0	21314.0	19820.0	420.0	314.0	50.9	49.1	65.4	61.8
2006-06-06	24288.0	2980.0	4706.0	20572.0	18956.0	390.0	280.0	51.4	50.7	66.6	61.9
2006-06-13	24320.0	2980.0	4706.0	20604.0	18988.0	390.0	280.0	51.4	50.6	66.6	61.8
2006-06-20	24424.0	2940.0	4706.0	20644.0	19012.0	454.0	320.0	50.9	50.6	66.1	61.6
2006-06-27	24364.0	2920.0	4626.0	20624.0	19052.0	414.0	280.0	50.8	50.3	66.0	61.4
2006-07-03	23138.0	2980.0	4492.0	19394.0	18136.0	534.0	280.0	51.9	51.7	66.6	62.5
2006-07-11	23118.0	2980.0	4492.0	19374.0	18116.0	534.0	280.0	52.0	51.9	66.7	62.7
2006-07-18	23078.0	2980.0	4492.0	19334.0	18016.0	534.0	340.0	51.7	51.6	66.3	62.6
2006-07-25	23414.0	2940.0	4492.0	19710.0	18312.0	534.0	380.0	50.7	50.0	65.0	60.9
2006-08-01	23390.0	2980.0	4338.0	20028.0	18302.0	252.0	620.0	49.5	47.3	63.5	57.3
2006-08-08	26234.0	3020.0	4338.0	22832.0	21586.0	272.0	200.0	44.4	44.1	56.9	52.9
2006-08-15	26254.0	3020.0	4278.0	22852.0	21646.0	272.0	220.0	44.3	44.1	56.9	53.2
2006-08-22	26558.0	3020.0	4278.0	23176.0	22030.0	252.0	140.0	44.3	43.7	55.8	52.1
2006-08-29	26558.0	3020.0	4278.0	23166.0	22040.0	262.0	130.0	44.3	43.7	55.6	52.2
2006-09-05	24924.0	3080.0	4124.0	21554.0	20640.0	260.0	130.0	46.0	44.8	56.4	53.8
2006-09-12	24884.0	3080.0	4084.0	21514.0	20640.0	260.0	130.0	45.9	45.9	56.3	54.9
2006-09-19	24844.0	3080.0	4084.0	21454.0	20600.0	280.0	130.0	45.9	45.0	56.2	54.6
2006-09-26	24670.0	2840.0	4084.0	21508.0	20432.0	292.0	124.0	45.8	44.3	57.2	53.8
2006-10-03	23884.0	2760.0	4030.0	20782.0	19746.0	342.0	108.0	46.7	42.2	57.5	54.1
2006-10-10	22256.0	180.0	1450.0	20872.0	19810.0	316.0	108.0	42.1	33.1	52.6	45.7
2006-10-17	22016.0	230.0	1140.0	20552.0	19830.0	296.0	108.0	40.8	34.1	51.6	46.3
2006-10-24	21744.0	230.0	1140.0	20278.0	19558.0	298.0	108.0	40.3	33.1	51.4	45.4
2006-10-31	21820.0	230.0	1140.0	20354.0	19634.0	298.0	108.0	40.3	33.1	51.6	45.4
2006-11-07	20142.0	120.0	1116.0	18928.0	18126.0	262.0	68.0	43.5	36.4	56.7	50.1
2006-11-14	20242.0	120.0	1076.0	19048.0	18266.0	242.0	68.0	46.9	39.4	59.5	53.0
2006-11-21	20464.0	120.0	1196.0	19270.0	18368.0	242.0	68.0	46.5	40.2	59.5	53.6
2006-11-28	20464.0	120.0	1196.0	19260.0	18368.0	252.0	68.0	46.4	40.2	59.5	53.6
2006-12-05	19272.0	60.0	1152.0	18188.0	17296.0	248.0	48.0	48.3	40.4	61.7	54.9
2006-12-12	19436.0	60.0	1152.0	18352.0	17464.0	248.0	44.0	47.9	40.8	62.1	55.0
2006-12-19	19520.0	60.0	1152.0	18388.0	17552.0	296.0	40.0	47.5	41.0	61.6	55.1
2006-12-26	19570.0	60.0	1152.0	18438.0	17602.0	296.0	40.0	47.4	41.3	61.6	55.4
2007-01-03	18474.0	0.0	1108.0	17488.0	16546.0	266.0	100.0	49.4	41.5	64.1	57.9
2007-01-09	18980.0	0.0	628.0	17488.0	16788.0	292.0	364.0	48.1	39.2	62.4	53.8
2007-01-16	19096.0	0.0	628.0	17604.0	16904.0	292.0	364.0	48.3	38.8	62.5	53.8
2007-01-23	19244.0	0.0	628.0	17752.0	17052.0	292.0	364.0	48.2	39.0	62.4	54.2
2007-01-30	19504.0	0.0	668.0	18012.0	17272.0	292.0	364.0	47.8	39.6	61.8	54.5
2007-02-06	18459.0	1246.0	40.0	16139.0	17251.0	262.0	356.0	45.4	39.7	60.0	55.9
2007-02-13	18503.0	1202.0	40.0	16183.0	17251.0	262.0	356.0	45.1	39.6	59.6	55.8
2007-02-20	18513.0	1202.0	0.0	16193.0	17301.0	262.0	356.0	45.0	39.5	59.6	55.7
2007-02-27	18543.0	1192.0	0.0	16203.0	17561.0	282.0	116.0	43.6	38.7	58.4	54.1
2007-03-06	17733.0	1590.0	0.0	15149.0	17129.0	526.0	136.0	46.3	38.8	60.1	54.1
2007-03-13	17783.0	1590.0	0.0	15415.0	17179.0	310.0	136.0	46.1	39.0	59.9	54.3
2007-03-20	18194.0	1590.0	0.0	15823.0	17530.0	313.0	196.0	45.5	38.1	60.9	53.7
2007-03-27	18194.0	1590.0	0.0	15823.0	17530.0	313.0	196.0	45.5	37.9	60.9	53.5
2007-04-03	17376.0	1768.0	0.0	15011.0	16668.0	307.0	418.0	46.9	38.4	62.0	54.3
2007-04-10	17136.0	1528.0	0.0	15011.0	16348.0	307.0	498.0	46.1	37.5	61.5	52.8
2007-04-17	17136.0	1528.0	0.0	15011.0	16348.0	307.0	498.0	46.1	37.5	61.5	52.8
2007-04-24	17136.0	1528.0	0.0	15011.0	16108.0	307.0	738.0	46.1	37.5	61.5	52.8
2007-05-01	16675.0	1626.0	0.0	14579.0	15763.0	278.0	720.0	46.6	37.2	61.6	51.8
2007-05-08	16759.0	1686.0	0.0	14587.0	15833.0	294.0	734.0	46.7	37.0	61.7	51.6
2007-05-15	16781.0	1686.0	0.0	14585.0	15843.0	318.0	746.0	46.7	37.0	61.5	51.4
2007-05-22	16781.0	1686.0	0.0	14585.0	15843.0	318.0	746.0	46.7	37.0	61.5	51.4
2007-05-29	16794.0	1686.0	0.0	14585.0	15846.0	331.0	756.0	46.6	36.9	61.5	51.4
2007-06-05	16184.0	1704.0	0.0	13769.0	15296.0	537.0	714.0	46.9	36.8	61.4	51.7
2007-06-12	16184.0	1704.0	0.0	13769.0	15306.0	537.0	704.0	46.9	37.0	61.4	51.7
2007-06-19	16187.0	1704.0	40.0	13769.0	15269.0	540.0	704.0	46.9	37.0	61.7	51.7
2007-06-26	20205.0	5644.0	320.0	13769.0	19269.0	558.0	382.0	53.4	50.4	66.4	62.2
2007-07-03	19877.0	6062.0	360.0	13086.0	18511.0	513.0	790.0	55.4	50.2	68.3	63.1
2007-07-10	19877.0	6062.0	360.0	13086.0	18499.0	513.0	802.0	55.3	50.1	68.2	62.9
2007-07-17	19867.0	6062.0	360.0	13056.0	18873.0	533.0	418.0	55.3	49.9	68.2	62.7
2007-07-24	19847.0	6062.0	260.0	12976.0	18877.0	513.0	414.0	55.1	50.0	67.8	62.8
2007-07-31	20255.0	6062.0	340.0	13446.0	19267.0	531.0	432.0	55.5	50.8	67.3	63.0
2007-08-07	19381.0	6063.0	200.0	12591.0	18576.0	512.0	390.0	55.6	52.1	67.6	63.9
2007-08-14	19411.0	6063.0	200.0	12618.0	18606.0	515.0	390.0	55.5	52.0	67.5	63.8
2007-08-21	19451.0	6063.0	200.0	12649.0	18646.0	524.0	390.0	55.4	51.9	67.5	63.7
2007-08-28	19476.0	6063.0	200.0	12634.0	18671.0	564.0	390.0	54.6	51.9	66.8	63.6
2007-09-04	18749.0	5624.0	160.0	12307.0	18007.0	564.0	328.0	55.0	54.2	67.9	65.5
2007-09-11	18779.0	5624.0	160.0	12337.0	18037.0	564.0	328.0	55.1	54.1	68.0	65.4
2007-09-18	18389.0	5144.0	160.0	12347.0	17567.0	564.0	328.0	53.7	52.6	66.8	64.2
2007-09-25	18389.0	5144.0	160.0	12347.0	17567.0	564.0	328.0	53.7	52.6	66.8	64.2
2007-10-02	18001.0	5195.0	120.0	12016.0	17532.0	507.0	66.0	54.3	54.0	67.1	65.3
2007-10-09	18001.0	5195.0	120.0	12016.0	17532.0	507.0	66.0	54.3	54.0	67.1	65.3
2007-10-16	18009.0	5215.0	120.0	12039.0	17565.0	514.0	83.0	54.5	53.8	67.3	65.0
2007-10-23	18009.0	5215.0	120.0	12039.0	17565.0	514.0	83.0	54.5	53.8	67.3	65.0
2007-10-30	18139.0	5215.0	120.0	12169.0	17715.0	514.0	63.0	54.3	53.4	67.0	64.6
2007-11-06	17546.0	5256.0	80.0	11409.0	17049.0	681.0	217.0	54.6	54.5	67.3	65.4
2007-11-13	17666.0	5256.0	80.0	11529.0	17169.0	681.0	217.0	54.3	54.1	67.6	65.5
2007-11-20	17463.0	5016.0	80.0	11529.0	16929.0	681.0	217.0	54.9	54.8	68.3	66.3
2007-11-27	17463.0	5016.0	80.0	11529.0	16929.0	681.0	217.0	54.9	54.8	68.3	66.3
2007-12-04	16883.0	5027.0	40.0	10981.0	16411.0	658.0	215.0	56.5	55.9	69.6	68.2
2007-12-11	16703.0	4547.0	40.0	11201.0	16151.0	658.0	215.0	46.4	47.9	61.8	60.3
2007-12-18	17688.0	4307.0	40.0	12386.0	16856.0	658.0	455.0	42.4	42.6	56.1	55.0
2007-12-24	17907.0	4307.0	40.0	12595.0	17075.0	668.0	455.0	41.9	42.1	54.1	54.3
2007-12-31	18363.0	4307.0	40.0	12988.0	17708.0	731.0	278.0	40.9	40.0	51.9	50.8
2008-01-08	17593.0	4318.0	0.0	12250.0	16980.0	708.0	296.0	42.3	41.5	53.8	53.8
2008-01-15	17597.0	4318.0	0.0	12254.0	16980.0	708.0	300.0	42.2	41.5	53.8	53.8
2008-01-22	17597.0	4318.0	0.0	12254.0	16980.0	708.0	300.0	42.2	41.5	53.8	53.8
2008-01-29	17823.0	4118.0	0.0	12676.0	17200.0	708.0	302.0	40.6	40.4	52.0	52.3
2008-02-05	17035.0	4020.0	0.0	12009.0	16419.0	685.0	295.0	41.2	42.2	53.5	54.0
2008-02-12	17157.0	4140.0	0.0	12075.0	16521.0	621.0	315.0	40.9	42.2	53.2	53.9
2008-02-19	17157.0	4140.0	40.0	12075.0	16511.0	621.0	285.0	40.9	42.2	53.2	53.8
2008-02-26	17164.0	4140.0	40.0	12082.0	16518.0	621.0	285.0	40.9	42.2	53.1	53.8
2008-03-04	16440.0	4142.0	40.0	11424.0	15572.0	555.0	509.0	41.9	44.6	55.6	55.1
2008-03-11	16231.0	4142.0	40.0	11424.0	15572.0	346.0	300.0	42.4	45.2	56.4	55.8
2008-03-18	16231.0	4142.0	40.0	11424.0	15572.0	346.0	300.0	42.4	45.2	56.4	55.8
2008-03-25	16231.0	4142.0	40.0	11424.0	15572.0	346.0	300.0	42.4	45.2	56.4	55.8
2008-04-01	15134.0	4064.0	0.0	10508.0	14531.0	243.0	284.0	44.0	49.6	60.0	59.9
2008-04-08	15830.0	4064.0	0.0	11104.0	15217.0	343.0	294.0	42.1	47.4	57.4	57.2
2008-04-15	16300.0	4064.0	0.0	11584.0	15697.0	333.0	284.0	40.9	46.0	55.7	55.6
2008-04-22	16300.0	4064.0	0.0	11584.0	15697.0	333.0	284.0	40.9	46.0	55.7	55.6
2008-04-29	16287.0	3704.0	0.0	11799.0	15492.0	453.0	464.0	39.6	44.7	53.7	54.0
2008-05-06	15467.0	3626.0	0.0	11070.0	14888.0	440.0	248.0	42.3	46.7	56.1	56.4
2008-05-13	15497.0	3626.0	0.0	11100.0	14918.0	440.0	248.0	42.3	46.6	56.0	56.4
2008-05-20	15873.0	3646.0	0.0	11336.0	14898.0	560.0	644.0	41.3	45.5	55.1	55.2
2008-05-27	16173.0	3646.0	0.0	11636.0	15198.0	560.0	644.0	40.5	44.7	56.4	55.7
2008-06-03	15545.0	3648.0	0.0	11021.0	14692.0	547.0	524.0	42.1	46.5	57.9	57.1
2008-06-10	15393.0	3488.0	0.0	11029.0	14540.0	547.0	524.0	42.5	46.7	57.7	57.4
2008-06-17	15411.0	3328.0	0.0	11079.0	14550.0	667.0	524.0	42.4	46.5	57.2	57.2
2008-06-24	15439.0	3328.0	0.0	11067.0	14538.0	707.0	564.0	42.5	47.2	57.2	58.0
2008-07-01	14691.0	3290.0	0.0	10296.0	13862.0	768.0	492.0	44.8	49.5	58.6	59.7
2008-07-08	14723.0	3210.0	0.0	10408.0	13894.0	768.0	492.0	45.5	50.4	59.7	60.4
2008-07-15	14789.0	3190.0	0.0	10458.0	13938.0	804.0	514.0	45.2	50.1	59.3	60.2
2008-07-22	14769.0	3287.0	0.0	10337.0	13898.0	788.0	514.0	45.4	50.5	59.4	60.6
2008-07-29	14803.0	3287.0	0.0	10371.0	13852.0	788.0	594.0	45.2	49.7	58.7	59.5
2008-08-05	14517.0	3224.0	0.0	10254.0	13496.0	690.0	672.0	45.9	51.1	61.1	60.2
2008-08-12	14531.0	3180.0	0.0	10308.0	13486.0	694.0	696.0	45.7	50.6	60.8	59.7
2008-08-19	14609.0	3160.0	0.0	10406.0	13444.0	694.0	816.0	45.4	49.8	60.0	58.8
2008-08-26	14427.0	3154.0	0.0	10230.0	13262.0	694.0	816.0	44.4	49.1	59.5	58.3
2008-09-02	13986.0	3018.0	76.0	9923.0	12697.0	596.0	764.0	45.6	50.1	60.3	57.2
2008-09-09	14254.0	3018.0	52.0	10147.0	12953.0	632.0	792.0	47.0	50.6	60.8	57.5
2008-09-16	14454.0	3018.0	52.0	10318.0	13153.0	661.0	792.0	46.4	50.9	59.9	57.8
2008-09-23	14742.0	3018.0	52.0	10552.0	13429.0	715.0	804.0	46.5	51.6	59.5	58.0
2008-09-30	14951.0	2978.0	162.0	10765.0	13584.0	741.0	738.0	44.9	49.7	58.6	56.8
2008-10-07	14155.0	2980.0	0.0	9999.0	13006.0	727.0	700.0	48.0	57.7	59.9	62.3
2008-10-14	15601.0	2962.0	2.0	11451.0	14440.0	729.0	700.0	43.5	60.9	57.2	64.0
2008-10-21	16528.0	2722.0	22.0	12420.0	15307.0	887.0	700.0	39.7	59.4	55.5	62.5
2008-10-28	17121.0	2440.0	22.0	12872.0	15879.0	1359.0	770.0	40.4	61.5	56.1	64.4
2008-11-04	16651.0	2760.0	42.0	12349.0	15247.0	1212.0	1032.0	44.6	65.6	60.8	67.6
2008-11-11	17959.0	2760.0	42.0	13713.0	17085.0	1156.0	502.0	42.0	67.9	61.4	70.9
2008-11-18	18817.0	2760.0	82.0	14573.0	17885.0	1156.0	522.0	41.6	67.4	61.1	72.1
2008-11-25	19205.0	2760.0	82.0	15052.0	18257.0	1065.0	538.0	42.8	67.8	62.3	72.5
2008-12-02	18460.0	2680.0	82.0	14325.0	17544.0	1117.0	496.0	44.7	70.6	64.2	74.8
2008-12-09	19314.0	2680.0	102.0	15094.0	18176.0	1200.0	696.0	44.3	69.2	63.0	73.6
2008-12-16	19974.0	2680.0	122.0	15754.0	18796.0	1200.0	716.0	44.9	68.1	64.0	72.7
2008-12-22	19974.0	2680.0	122.0	15754.0	18796.0	1200.0	716.0	45.1	69.0	64.5	73.6
2008-12-30	20910.0	2680.0	62.0	16610.0	19092.0	1280.0	1416.0	43.1	62.1	60.5	66.5
2009-01-06	20026.0	2720.0	32.0	15842.0	19048.0	1164.0	646.0	46.1	68.6	63.5	72.9
2009-01-13	21724.0	2720.0	32.0	17420.0	20738.0	1284.0	654.0	46.4	69.1	65.8	74.2
2009-01-20	21960.0	2720.0	56.0	17664.0	20930.0	1280.0	678.0	48.3	66.5	66.5	71.5
2009-01-27	21928.0	2720.0	50.0	17610.0	20900.0	1304.0	684.0	49.7	66.5	67.2	72.3
2009-02-03	21610.0	2840.0	2.0	17302.0	20748.0	1264.0	656.0	51.8	67.0	69.1	73.7
2009-02-10	21770.0	2840.0	2.0	17462.0	20908.0	1264.0	656.0	51.7	66.7	68.7	73.7
2009-02-17	21938.0	2840.0	2.0	17588.0	21058.0	1306.0	674.0	51.9	66.7	68.6	73.8
2009-02-24	22420.0	2840.0	2.0	18238.0	21490.0	1138.0	724.0	51.3	65.8	67.9	74.1
2009-03-03	21240.0	2960.0	32.0	17142.0	20414.0	1084.0	740.0	54.2	70.7	70.8	77.0
2009-03-10	21324.0	2960.0	42.0	17228.0	20194.0	1084.0	1036.0	54.6	69.4	70.4	75.7
2009-03-17	20494.0	2960.0	52.0	16398.0	19314.0	1084.0	1076.0	52.5	67.5	69.1	74.4
2009-03-24	20754.0	2960.0	52.0	16654.0	19594.0	1088.0	1056.0	53.0	67.6	69.4	74.8
2009-03-31	20968.0	2960.0	0.0	16430.0	19538.0	1538.0	1390.0	51.3	64.0	66.3	72.7
2009-04-07	20138.0	2940.0	0.0	15450.0	18590.0	1708.0	1508.0	51.9	65.6	66.4	73.3
2009-04-14	20516.0	2940.0	0.0	15928.0	18946.0	1608.0	1530.0	51.3	61.9	65.6	73.0
2009-04-21	20825.0	3180.0	0.0	15874.0	19185.0	1731.0	1600.0	51.9	60.9	65.9	72.3
2009-04-28	21463.0	3180.0	0.0	16632.0	19825.0	1611.0	1598.0	50.8	59.7	66.0	73.1
2009-05-05	20935.0	3160.0	0.0	15834.0	19295.0	1901.0	1600.0	51.1	59.1	66.5	72.8
2009-05-12	21081.0	3234.0	0.0	15856.0	19413.0	1887.0	1564.0	50.8	58.4	66.1	72.8
2009-05-19	21279.0	3234.0	0.0	16258.0	19643.0	1683.0	1532.0	50.4	57.9	65.7	72.3
2009-05-26	21387.0	3254.0	0.0	16328.0	19781.0	1719.0	1520.0	50.0	57.6	65.4	72.0
2009-06-02	21009.0	3222.0	0.0	16188.0	19789.0	1513.0	1134.0	50.3	57.8	65.6	72.4
2009-06-09	21061.0	3222.0	0.0	16210.0	19841.0	1543.0	1134.0	50.3	57.7	65.5	72.2
2009-06-16	21075.0	3222.0	0.0	16184.0	19777.0	1583.0	1212.0	50.0	58.1	65.0	72.3
2009-06-23	21703.0	3222.0	0.0	16692.0	20357.0	1703.0	1260.0	49.5	55.3	64.1	69.3
2009-06-30	22415.0	3002.0	0.0	17896.0	20981.0	1351.0	1268.0	47.2	53.1	61.5	67.4
2009-07-07	21750.0	2980.0	0.0	17270.0	20336.0	1334.0	1248.0	47.6	53.2	61.8	68.1
2009-07-14	21640.0	2980.0	0.0	17300.0	20366.0	1194.0	1108.0	48.4	53.3	62.7	67.8
2009-07-21	22058.0	2980.0	0.0	17708.0	20904.0	1204.0	988.0	48.9	53.7	63.2	68.4
2009-07-28	22098.0	2980.0	0.0	17628.0	20936.0	1324.0	996.0	48.3	54.1	62.5	68.3
2009-08-04	21284.0	2992.0	0.0	16842.0	20038.0	1378.0	1174.0	48.6	53.2	62.8	68.4
2009-08-11	21284.0	2992.0	0.0	16822.0	20038.0	1398.0	1174.0	48.5	53.2	62.7	68.4
2009-08-18	21204.0	2984.0	0.0	16840.0	20026.0	1308.0	1106.0	48.7	53.3	62.9	68.7
2009-08-25	21128.0	2984.0	0.0	16724.0	19950.0	1348.0	1106.0	46.4	52.3	60.7	67.8
2009-09-01	20227.0	2940.0	0.0	15975.0	19074.0	1254.0	1095.0	46.5	53.0	61.3	69.3
2009-09-08	20227.0	2940.0	0.0	15975.0	19074.0	1254.0	1095.0	46.5	53.0	61.3	69.3
2009-09-15	20211.0	2940.0	0.0	15959.0	19058.0	1254.0	1095.0	46.6	53.6	61.3	69.4
2009-09-22	20209.0	2920.0	0.0	15967.0	18796.0	1264.0	1355.0	46.5	53.6	61.2	68.0
2009-09-29	19121.0	520.0	0.0	16967.0	17228.0	1176.0	1435.0	39.3	43.6	53.5	58.7
2009-10-06	18690.0	498.0	0.0	16610.0	16676.0	1124.0	1556.0	37.8	42.5	52.2	57.3
2009-10-13	19222.0	498.0	0.0	17142.0	17208.0	1124.0	1556.0	35.5	41.3	49.5	55.2
2009-10-20	19886.0	498.0	0.0	17926.0	18500.0	1004.0	928.0	35.7	43.3	50.5	57.0
2009-10-27	19520.0	78.0	80.0	17950.0	17966.0	1004.0	986.0	36.4	40.4	51.5	55.1
2009-11-03	19021.0	56.0	80.0	17565.0	17484.0	912.0	969.0	37.0	36.5	52.4	52.3
2009-11-09	18687.0	56.0	80.0	17211.0	17150.0	932.0	969.0	36.2	35.9	51.8	52.0
2009-11-17	19461.0	26.0	80.0	17947.0	17850.0	1010.0	1053.0	36.9	34.6	53.8	52.8
2009-11-24	19859.0	0.0	594.0	18365.0	17504.0	990.0	1257.0	36.4	31.5	53.2	49.7
2009-12-01	19464.0	0.0	596.0	17610.0	16924.0	1352.0	1442.0	37.1	31.4	54.3	50.7
2009-12-08	20070.0	0.0	1100.0	18686.0	17310.0	902.0	1178.0	35.9	30.6	52.2	47.9
2009-12-15	20092.0	0.0	1102.0	18688.0	17090.0	922.0	1418.0	35.8	31.2	52.2	48.5
2009-12-22	19790.0	0.0	1086.0	18390.0	16788.0	902.0	1418.0	35.8	30.3	52.3	48.5
2009-12-29	19797.0	0.0	1086.0	18427.0	16887.0	872.0	1326.0	35.8	30.4	52.1	48.6
2010-01-05	19130.0	2.0	1140.0	17678.0	16117.0	978.0	1401.0	35.9	30.1	52.6	48.8
2010-01-12	19178.0	2.0	1140.0	17786.0	16107.0	918.0	1459.0	35.8	29.1	51.8	47.6
2010-01-19	19192.0	0.0	1156.0	17800.0	16103.0	918.0	1459.0	35.8	29.0	51.8	47.5
2010-01-26	19158.0	0.0	1176.0	17776.0	16059.0	918.0	1459.0	35.9	29.0	52.6	48.6
2010-02-02	18247.0	0.0	994.0	16986.0	15666.0	815.0	1141.0	35.4	29.9	52.8	48.1
2010-02-09	18287.0	0.0	994.0	16980.0	15702.0	861.0	1145.0	35.1	29.8	52.3	48.0
2010-02-16	18309.0	0.0	974.0	16992.0	15734.0	861.0	1145.0	35.1	29.8	52.1	47.9
2010-02-23	18429.0	0.0	974.0	16946.0	15810.0	1027.0	1189.0	34.8	30.3	52.1	48.4
2010-03-02	17552.0	120.0	1000.0	16202.0	15081.0	950.0	1191.0	36.2	30.3	53.2	50.2
2010-03-09	18066.0	120.0	1160.0	16522.0	15505.0	1134.0	1111.0	35.9	30.2	53.4	49.8
2010-03-16	18114.0	120.0	1140.0	16328.0	15627.0	1360.0	1041.0	33.6	30.5	52.0	50.2
2010-03-23	18510.0	120.0	1156.0	16672.0	15993.0	1408.0	1051.0	32.2	30.2	50.5	49.2
2010-03-30	18550.0	120.0	1156.0	16688.0	15943.0	1432.0	1141.0	33.0	30.0	50.6	48.9
2010-04-06	17868.0	80.0	1102.0	16016.0	15517.0	1462.0	939.0	34.0	30.4	51.2	49.8
2010-04-13	17928.0	80.0	1126.0	16456.0	15675.0	1084.0	819.0	35.6	30.4	52.7	49.8
2010-04-20	17972.0	80.0	1130.0	16494.0	15719.0	1094.0	819.0	35.5	29.8	52.6	49.4
2010-04-27	18056.0	80.0	1130.0	16578.0	15803.0	1094.0	819.0	35.4	30.2	52.7	49.7
2010-05-04	17412.0	40.0	1098.0	16010.0	15057.0	1066.0	961.0	36.9	30.2	53.1	50.6
2010-05-11	17322.0	40.0	1098.0	15900.0	14923.0	1090.0	1009.0	37.1	30.9	53.9	49.5
2010-05-18	17342.0	0.0	1066.0	15920.0	14975.0	1150.0	1029.0	37.2	30.9	52.9	48.4
2010-05-25	17406.0	0.0	1090.0	15984.0	15015.0	1150.0	1029.0	37.2	29.1	52.6	46.5
2010-06-01	16824.0	0.0	1102.0	15489.0	14511.0	1115.0	991.0	37.8	28.9	51.8	46.2
2010-06-08	16988.0	0.0	862.0	15653.0	14795.0	1115.0	1111.0	35.8	30.5	50.5	47.3
2010-06-15	17058.0	0.0	862.0	15811.0	14865.0	1027.0	1111.0	35.9	30.6	50.8	47.4
2010-06-22	17314.0	0.0	870.0	16067.0	15065.0	1027.0	1159.0	35.0	30.4	50.7	46.9
2010-06-29	17036.0	0.0	870.0	15751.0	14773.0	1065.0	1173.0	36.2	29.7	52.3	45.2
2010-07-06	16075.0	0.0	602.0	14705.0	14188.0	1190.0	1105.0	38.4	31.8	53.5	47.3
2010-07-13	16037.0	0.0	602.0	14687.0	14160.0	1170.0	1095.0	38.4	31.8	53.5	47.3
2010-07-20	16209.0	0.0	638.0	14821.0	14416.0	1208.0	975.0	38.6	31.6	52.9	47.5
2010-07-27	16387.0	20.0	538.0	14947.0	14590.0	1160.0	999.0	38.0	31.3	52.7	47.0
2010-08-03	15716.0	0.0	476.0	14227.0	14091.0	1249.0	909.0	37.8	31.3	51.7	47.3
2010-08-10	15773.0	0.0	524.0	14248.0	14100.0	1285.0	909.0	37.8	31.2	51.8	47.3
2010-08-17	15733.0	0.0	524.0	14184.0	13988.0	1309.0	981.0	37.2	30.5	51.9	47.6
2010-08-24	15689.0	0.0	534.0	14140.0	13934.0	1309.0	981.0	38.8	30.6	53.9	48.5
2010-08-31	15974.0	0.0	704.0	14573.0	14059.0	1261.0	1071.0	38.5	29.8	53.7	47.2
2010-09-07	15315.0	0.0	648.0	13493.0	13578.0	1722.0	989.0	38.6	31.3	52.5	49.4
2010-09-14	15524.0	0.0	658.0	14006.0	13541.0	1418.0	1225.0	41.4	31.6	54.9	49.5
2010-09-21	15682.0	0.0	672.0	14128.0	13663.0	1454.0	1247.0	43.0	31.3	56.2	50.1
2010-09-28	15772.0	0.0	692.0	14214.0	13753.0	1458.0	1227.0	42.0	31.1	55.1	49.8
2010-10-05	15060.0	0.0	702.0	13555.0	13202.0	1465.0	1116.0	44.6	31.8	57.1	51.4
2010-10-12	15398.0	0.0	714.0	13709.0	13606.0	1649.0	1038.0	44.3	32.8	55.9	51.9
2010-10-19	15612.0	0.0	796.0	13923.0	13718.0	1649.0	1058.0	45.0	32.8	56.3	51.6
2010-10-26	15990.0	0.0	774.0	14203.0	14106.0	1747.0	1070.0	45.7	34.2	57.5	53.2
2010-11-02	15330.0	0.0	728.0	13594.0	13584.0	1696.0	978.0	46.0	34.5	57.6	53.4
2010-11-09	15554.0	0.0	738.0	14032.0	13750.0	1482.0	1026.0	44.7	34.0	56.2	52.7
2010-11-16	15656.0	0.0	742.0	14268.0	13920.0	1348.0	954.0	45.1	34.1	56.5	53.1
2010-11-23	15848.0	0.0	762.0	14488.0	14038.0	1308.0	996.0	45.9	34.1	57.2	53.5
2010-11-30	15898.0	0.0	700.0	14448.0	14146.0	1398.0	1000.0	45.4	35.1	56.9	54.3
2010-12-07	15875.0	0.0	762.0	14846.0	14317.0	1005.0	772.0	46.3	41.5	61.0	62.0
2010-12-14	16015.0	0.0	758.0	14890.0	14351.0	1101.0	882.0	46.2	41.3	60.7	61.5
2010-12-21	15975.0	0.0	684.0	14844.0	14355.0	1081.0	886.0	46.2	41.5	60.9	61.7
2010-12-28	15995.0	0.0	694.0	14864.0	14365.0	1081.0	886.0	46.3	41.5	61.0	61.7
2011-01-04	15273.0	0.0	644.0	13757.0	13317.0	1486.0	1282.0	47.2	42.2	63.1	63.4
2011-01-11	15311.0	0.0	654.0	13795.0	13537.0	1496.0	1100.0	47.4	43.9	63.4	65.1
2011-01-18	15341.0	0.0	672.0	13803.0	13551.0	1518.0	1098.0	47.4	43.9	63.3	65.1
2011-01-25	15466.0	122.0	672.0	13908.0	13676.0	1368.0	1050.0	46.2	43.7	62.0	64.7
2011-02-01	14980.0	102.0	482.0	13681.0	13416.0	1105.0	990.0	47.5	45.0	62.7	65.5
2011-02-08	15190.0	102.0	530.0	13705.0	13590.0	1291.0	978.0	46.8	45.5	62.0	65.7
2011-02-15	15268.0	102.0	582.0	13765.0	13592.0	1315.0	1008.0	46.7	45.3	61.8	65.4
2011-02-22	15300.0	102.0	594.0	13797.0	13592.0	1315.0	1028.0	47.0	45.2	61.8	65.2
2011-03-01	14671.0	82.0	458.0	13415.0	13163.0	1088.0	964.0	47.7	46.8	62.9	66.5
2011-03-08	14719.0	82.0	598.0	13415.0	13113.0	1136.0	922.0	48.7	49.0	63.8	67.1
2011-03-15	14729.0	82.0	598.0	13425.0	13003.0	1136.0	1042.0	49.1	48.2	63.4	65.5
2011-03-22	15307.0	82.0	972.0	13835.0	13091.0	1304.0	1158.0	47.5	47.5	61.9	62.2
2011-03-29	15501.0	154.0	962.0	13947.0	13141.0	1314.0	1312.0	47.2	46.8	61.4	61.2
2011-04-05	14925.0	94.0	1160.0	13453.0	12305.0	1162.0	1244.0	47.4	42.8	61.4	58.5
2011-04-12	14933.0	94.0	1168.0	13461.0	12305.0	1162.0	1244.0	47.5	42.9	61.4	58.7
2011-04-19	15247.0	94.0	1190.0	13765.0	12669.0	1172.0	1172.0	46.3	41.7	60.0	55.1
2011-04-26	15281.0	94.0	1212.0	13823.0	12691.0	1148.0	1162.0	46.4	41.8	60.0	55.2
2011-05-03	14571.0	0.0	1236.0	13185.0	12081.0	1286.0	1154.0	47.1	42.2	60.5	56.3
2011-05-10	14905.0	0.0	1346.0	13643.0	12309.0	1162.0	1150.0	47.5	41.2	60.2	55.8
2011-05-17	15021.0	0.0	1382.0	13707.0	12389.0	1214.0	1150.0	47.2	39.9	59.4	54.6
2011-05-24	15043.0	0.0	1382.0	13767.0	12411.0	1176.0	1150.0	47.3	39.8	59.5	54.5
2011-05-31	15171.0	0.0	1433.0	13903.0	12476.0	1168.0	1162.0	47.3	39.7	59.4	54.6
2011-06-07	14597.0	0.0	1355.0	13424.0	12050.0	1073.0	1092.0	47.7	39.9	59.3	54.8
2011-06-14	14639.0	0.0	1425.0	13466.0	12010.0	1073.0	1104.0	47.9	39.7	59.6	55.1
2011-06-21	14763.0	0.0	1451.0	13562.0	12188.0	1101.0	1024.0	47.5	39.8	59.3	55.1
2011-06-28	15433.0	0.0	1451.0	14128.0	12610.0	1205.0	1272.0	46.4	38.0	60.0	52.9
2011-07-05	14824.0	0.0	1316.0	13552.0	12188.0	1172.0	1220.0	47.1	38.9	60.5	53.1
2011-07-12	14864.0	0.0	1336.0	13582.0	12238.0	1182.0	1190.0	47.3	38.2	60.6	52.5
2011-07-19	14992.0	0.0	1348.0	13580.0	12224.0	1312.0	1320.0	47.7	37.0	60.9	52.1
2011-07-26	15132.0	0.0	1472.0	13716.0	12236.0	1316.0	1324.0	47.8	37.7	60.8	52.9
2011-08-02	14493.0	0.0	1320.0	13134.0	11903.0	1259.0	1170.0	48.2	38.9	60.8	53.9
2011-08-09	14693.0	0.0	1340.0	13190.0	12095.0	1403.0	1158.0	47.7	39.0	60.0	53.7
2011-08-16	14955.0	0.0	1346.0	13452.0	12351.0	1403.0	1158.0	48.6	38.4	60.6	53.8
2011-08-23	15473.0	0.0	1360.0	13694.0	12523.0	1379.0	1190.0	47.8	39.6	59.4	54.1
2011-08-30	15959.0	0.0	1416.0	14116.0	12935.0	1443.0	1208.0	47.9	38.4	59.2	52.4
2011-09-06	15110.0	0.0	1276.0	13234.0	12168.0	1476.0	1266.0	49.2	38.2	60.7	52.9
2011-09-13	15382.0	0.0	1410.0	13362.0	12104.0	1620.0	1468.0	49.7	39.3	61.0	53.7
2011-09-20	15398.0	0.0	1404.0	13356.0	12554.0	1642.0	1040.0	49.7	39.2	60.9	54.0
2011-09-27	15428.0	0.0	1404.0	13346.0	12580.0	1682.0	1044.0	49.8	39.2	61.0	54.1
2011-10-04	15049.0	32.0	1346.0	13073.0	12405.0	1280.0	634.0	51.1	40.2	61.9	55.4
2011-10-11	15227.0	182.0	1268.0	13111.0	12641.0	1270.0	654.0	51.1	39.2	61.5	54.3
2011-10-18	15489.0	182.0	1322.0	13291.0	12849.0	1352.0	654.0	51.5	40.1	61.6	55.2
2011-10-25	15625.0	182.0	1078.0	13497.0	13115.0	1276.0	762.0	51.4	40.8	61.1	54.4
2011-11-01	15124.0	184.0	1512.0	13028.0	12268.0	1228.0	660.0	52.1	39.5	61.8	53.3
2011-11-08	15295.0	124.0	1350.0	13188.0	12642.0	1159.0	479.0	50.8	37.6	61.5	51.6
2011-11-15	15717.0	40.0	1232.0	13240.0	12718.0	1153.0	483.0	50.3	36.9	60.3	50.6
2011-11-22	15809.0	80.0	1106.0	13299.0	12967.0	1180.0	486.0	50.4	36.9	61.1	50.8
2011-11-29	15892.0	80.0	1062.0	13383.0	13015.0	1179.0	565.0	50.6	36.6	60.8	50.2
2011-12-06	15384.0	200.0	1082.0	12814.0	12670.0	1144.0	406.0	50.6	37.3	61.2	51.2
2011-12-13	16467.0	140.0	750.0	13180.0	13564.0	1415.0	421.0	48.1	37.6	58.8	50.6
2011-12-20	16889.0	340.0	690.0	13454.0	14098.0	1433.0	439.0	47.0	39.2	57.2	51.7
2011-12-27	16935.0	340.0	870.0	13500.0	13928.0	1433.0	475.0	46.9	37.3	56.8	50.1
2012-01-03	16225.0	340.0	740.0	13023.0	13231.0	1216.0	608.0	48.3	39.8	58.1	52.7
2012-01-10	16497.0	340.0	630.0	13257.0	13575.0	1216.0	608.0	48.4	39.5	58.6	52.1
2012-01-17	16521.0	340.0	650.0	13299.0	13587.0	1216.0	618.0	48.8	39.8	58.8	52.4
2012-01-24	16615.0	38.0	658.0	13623.0	13579.0	1144.0	568.0	47.7	36.2	58.0	49.7
2012-01-31	16834.0	28.0	688.0	13878.0	13774.0	1142.0	586.0	47.9	37.6	58.3	50.9
2012-02-07	16115.0	40.0	654.0	13135.0	12923.0	1186.0	784.0	46.8	40.1	57.4	52.5
2012-02-14	16181.0	50.0	1054.0	13321.0	12719.0	1186.0	784.0	47.4	38.8	57.1	52.8
2012-02-21	16183.0	26.0	1054.0	13347.0	12721.0	1186.0	784.0	47.6	37.0	57.3	52.8
2012-02-28	16498.0	0.0	772.0	13682.0	13496.0	1190.0	604.0	47.6	34.8	55.4	49.4
2012-03-06	15927.0	0.0	1010.0	13123.0	12943.0	1316.0	486.0	48.2	37.5	55.4	53.2
2012-03-13	15975.0	0.0	1010.0	13171.0	12991.0	1316.0	486.0	48.3	37.7	55.5	53.3
2012-03-20	16289.0	0.0	650.0	12941.0	13217.0	1412.0	486.0	45.6	36.0	50.6	49.5
2012-03-27	16833.0	0.0	872.0	13573.0	13561.0	1346.0	486.0	44.8	35.2	49.8	48.5
2012-04-03	16722.0	120.0	460.0	13148.0	13472.0	1354.0	690.0	43.3	36.7	49.5	49.1
2012-04-10	16722.0	120.0	550.0	13170.0	13406.0	1356.0	690.0	43.1	36.9	49.5	49.0
2012-04-17	17036.0	120.0	590.0	13488.0	13684.0	1356.0	690.0	43.0	37.0	50.6	49.5
2012-04-24	17148.0	120.0	570.0	13600.0	13816.0	1356.0	690.0	42.7	36.9	51.0	49.2
2012-05-01	16613.0	260.0	382.0	12991.0	13697.0	1322.0	494.0	42.5	37.7	50.9	49.7
2012-05-08	17109.0	302.0	744.0	13515.0	13901.0	1322.0	494.0	44.4	37.3	52.6	51.8
2012-05-15	17181.0	282.0	764.0	13607.0	13833.0	1322.0	614.0	44.7	36.0	52.9	51.4
2012-05-22	17896.0	262.0	884.0	13866.0	13970.0	1346.0	620.0	43.4	35.5	51.6	50.9
2012-05-29	18810.0	22.0	1408.0	14676.0	13972.0	1302.0	620.0	43.3	33.8	52.7	48.8
2012-06-05	17817.0	120.0	1142.0	13769.0	13175.0	1262.0	834.0	42.5	35.0	52.0	50.2
2012-06-12	17869.0	120.0	1122.0	13821.0	13237.0	1262.0	844.0	42.6	34.9	52.0	50.2
2012-06-19	18394.0	360.0	1314.0	14106.0	13570.0	1262.0	844.0	41.4	35.0	51.9	49.8
2012-06-26	18376.0	360.0	1184.0	14006.0	13600.0	1264.0	846.0	41.4	34.4	51.9	49.1
2012-07-03	17531.0	518.0	1354.0	13281.0	13079.0	1328.0	694.0	42.1	37.8	54.1	52.4
2012-07-10	17485.0	518.0	1334.0	13225.0	13193.0	1338.0	554.0	41.9	37.7	54.0	53.2
2012-07-17	17533.0	518.0	1334.0	13373.0	13241.0	1238.0	554.0	41.8	37.9	54.1	53.4
2012-07-24	17545.0	488.0	1346.0	13385.0	13201.0	1238.0	564.0	41.8	37.9	54.2	53.3
2012-07-31	17726.0	488.0	1328.0	13438.0	13400.0	1366.0	564.0	42.1	38.0	53.8	53.3
2012-08-07	16464.0	592.0	764.0	12282.0	12852.0	1240.0	498.0	41.7	41.4	55.6	55.4
2012-08-14	16490.0	568.0	604.0	12252.0	12958.0	1240.0	498.0	41.6	41.6	55.4	54.5
2012-08-21	16468.0	568.0	712.0	12314.0	12908.0	1236.0	498.0	42.0	41.3	55.8	54.1
2012-08-28	16760.0	568.0	766.0	12542.0	13082.0	1308.0	570.0	41.1	40.7	54.6	53.7
2012-09-04	15755.0	1058.0	222.0	11471.0	12985.0	1214.0	536.0	40.6	43.1	54.7	54.7
2012-09-11	15803.0	1010.0	222.0	11519.0	12985.0	1214.0	536.0	40.8	41.7	54.6	54.5
2012-09-18	16241.0	1074.0	0.0	11869.0	13621.0	1122.0	444.0	39.7	41.6	54.3	55.0
2012-09-25	16211.0	1034.0	0.0	11879.0	13591.0	1122.0	444.0	39.8	41.5	54.5	54.9
2012-10-02	15686.0	1194.0	56.0	11330.0	13052.0	1182.0	598.0	39.4	43.1	54.6	56.6
2012-10-09	15726.0	1194.0	276.0	11456.0	12708.0	1192.0	858.0	39.3	42.3	54.6	55.7
2012-10-16	15666.0	1194.0	396.0	11484.0	12708.0	1164.0	738.0	39.5	42.5	54.0	56.7
2012-10-23	15656.0	1194.0	396.0	11464.0	12708.0	1174.0	728.0	39.5	42.5	53.9	56.7
2012-10-30	15702.0	1474.0	396.0	11290.0	12814.0	1174.0	728.0	39.2	41.8	54.6	56.1
2012-11-06	14623.0	1278.0	242.0	10599.0	12059.0	1098.0	674.0	40.5	44.7	54.7	58.2
2012-11-13	14713.0	1286.0	242.0	10589.0	12169.0	1198.0	662.0	40.3	45.3	54.4	58.7
2012-11-20	14725.0	1286.0	266.0	10613.0	12169.0	1198.0	662.0	40.3	45.2	54.5	58.8
2012-11-27	14755.0	1366.0	286.0	10679.0	12259.0	1162.0	662.0	40.2	45.6	55.0	59.3
2012-12-04	13746.0	1270.0	294.0	9786.0	11352.0	1114.0	524.0	42.1	47.9	55.6	60.7
2012-12-11	13742.0	1270.0	294.0	9782.0	11348.0	1114.0	524.0	42.1	47.9	55.6	60.7
2012-12-18	13754.0	1250.0	294.0	9802.0	11368.0	1126.0	516.0	41.9	48.0	55.4	60.8
2012-12-24	13754.0	1250.0	294.0	9874.0	11368.0	1054.0	516.0	41.9	48.0	55.4	60.8
2012-12-31	13890.0	1250.0	294.0	10000.0	11504.0	1064.0	516.0	41.5	47.4	54.8	58.6
2013-01-08	12973.0	1506.0	208.0	9125.0	10661.0	1022.0	784.0	43.1	50.2	57.2	61.5
2013-01-15	12943.0	1506.0	158.0	9095.0	10671.0	1022.0	794.0	42.9	50.2	57.1	61.2
2013-01-22	12991.0	1506.0	158.0	9143.0	10719.0	1022.0	794.0	43.1	50.4	57.2	61.4
2013-01-29	12991.0	1506.0	178.0	9143.0	10719.0	1042.0	794.0	43.1	50.3	57.2	61.5
2013-02-05	12406.0	1508.0	142.0	8500.0	10332.0	1178.0	712.0	42.4	51.4	56.8	62.2
2013-02-12	12526.0	1508.0	142.0	8500.0	10332.0	1298.0	832.0	41.9	50.9	56.2	61.6
2013-02-19	12526.0	1508.0	142.0	8500.0	10332.0	1298.0	832.0	41.9	50.9	56.2	61.6
2013-02-26	12392.0	1508.0	860.0	8116.0	9230.0	1308.0	842.0	40.5	51.4	54.9	61.4
2013-03-05	11730.0	1556.0	610.0	7638.0	8920.0	1122.0	786.0	39.3	52.3	54.3	60.3
2013-03-12	11700.0	1556.0	0.0	7878.0	9690.0	1092.0	836.0	38.0	51.8	53.4	59.8
2013-03-19	11700.0	1556.0	0.0	7878.0	9690.0	1092.0	836.0	38.0	51.8	53.4	59.8
2013-03-26	11724.0	1556.0	0.0	7902.0	9714.0	1092.0	836.0	37.9	52.5	53.3	59.7
2013-04-02	11174.0	1602.0	0.0	7424.0	9388.0	1098.0	736.0	36.8	54.3	52.6	61.4
2013-04-09	11174.0	1602.0	0.0	7544.0	9388.0	978.0	736.0	36.8	54.3	52.6	61.4
2013-04-16	11174.0	1602.0	0.0	7544.0	9388.0	978.0	736.0	36.8	54.3	52.6	61.4
2013-04-23	11174.0	1602.0	0.0	7544.0	9388.0	978.0	736.0	36.8	54.3	52.6	61.4
2013-04-30	11313.0	1598.0	0.0	7683.0	9523.0	978.0	736.0	36.3	54.2	52.6	60.9
2013-05-07	10565.0	1624.0	0.0	7073.0	9103.0	938.0	532.0	37.4	54.2	52.9	63.6
2013-05-14	10565.0	1624.0	0.0	7073.0	9103.0	938.0	532.0	37.4	54.2	52.9	63.6
2013-05-21	10565.0	1624.0	0.0	7073.0	9103.0	938.0	532.0	37.4	54.2	52.9	63.6
2013-05-28	10565.0	1624.0	0.0	7073.0	9103.0	938.0	532.0	37.4	54.2	52.9	63.6
2013-06-04	10019.0	1652.0	0.0	6649.0	8725.0	898.0	474.0	37.7	53.4	52.4	63.1
2013-06-11	10019.0	1652.0	0.0	6649.0	8725.0	898.0	474.0	37.7	53.4	52.4	63.1
2013-06-18	10039.0	1652.0	0.0	6669.0	8745.0	898.0	474.0	37.7	53.5	52.3	63.2
2013-06-25	10039.0	1652.0	0.0	6715.0	8745.0	852.0	474.0	37.7	53.5	52.3	63.2
2013-07-02	9402.0	1656.0	0.0	6122.0	8128.0	896.0	546.0	38.2	55.2	52.2	62.3
2013-07-09	9402.0	1656.0	0.0	6122.0	8128.0	896.0	546.0	38.2	55.2	52.2	62.3
2013-07-16	9402.0	1656.0	0.0	6122.0	8128.0	896.0	546.0	38.2	55.2	52.2	62.3
2013-07-23	9402.0	1656.0	0.0	6122.0	8128.0	896.0	546.0	38.2	55.2	52.2	62.3
2013-07-30	9484.0	1696.0	0.0	6118.0	8164.0	896.0	546.0	39.6	54.8	54.2	62.4
2013-09-03	8245.0	1832.0	0.0	5381.0	7287.0	504.0	430.0	41.8	58.8	54.0	64.5
2013-09-10	8245.0	1832.0	0.0	5381.0	7287.0	504.0	430.0	41.8	58.8	54.0	64.5
2013-09-17	8285.0	1832.0	0.0	5421.0	7327.0	504.0	430.0	41.6	58.5	53.8	64.2
2013-09-24	8269.0	1792.0	0.0	5445.0	7287.0	504.0	454.0	41.7	58.1	53.6	63.6
2013-10-08	7698.0	1686.0	0.0	4798.0	6852.0	746.0	378.0	41.9	61.9	54.2	65.6
2013-10-15	7698.0	1686.0	0.0	4798.0	6852.0	746.0	378.0	41.9	61.9	54.2	65.6
2013-10-22	7698.0	1686.0	0.0	4798.0	6852.0	746.0	378.0	41.9	61.9	54.2	65.6
2013-10-29	7698.0	1686.0	0.0	4798.0	6852.0	746.0	378.0	41.9	61.9	54.1	65.4
2013-11-05	7195.0	1480.0	0.0	4551.0	6407.0	696.0	320.0	42.5	62.8	54.8	65.3
2013-11-12	7195.0	1480.0	0.0	4551.0	6407.0	696.0	320.0	42.5	62.8	54.8	65.3
2013-11-19	7087.0	1488.0	0.0	4435.0	6299.0	696.0	320.0	39.8	60.4	52.3	63.1
2013-11-26	7087.0	1488.0	0.0	4435.0	6299.0	696.0	320.0	39.8	60.4	52.3	63.1
