2005-05-17	36041.0	2476.0	0.0	32341.0	33391.0	978.0	2404.0	43.0	30.4	56.9	47.4
2005-05-24	38579.0	2928.0	0.0	34115.0	35199.0	1040.0	2884.0	43.3	32.4	57.5	48.0
2005-05-31	38184.0	1648.0	240.0	34938.0	34622.0	1040.0	2764.0	48.8	32.8	56.0	48.5
2005-06-07	40217.0	24.0	0.0	37645.0	36471.0	1060.0	2258.0	61.6	30.4	62.5	50.8
2005-06-14	41030.0	1317.0	0.0	37786.0	37971.0	1060.0	2192.0	58.3	29.2	63.0	49.2
2005-06-21	42367.0	4793.0	0.0	36205.0	40044.0	936.0	1890.0	58.5	32.2	65.6	52.5
2005-06-28	42293.0	3505.0	0.0	36917.0	39480.0	1246.0	2188.0	55.6	31.5	62.7	50.5
2005-07-05	40689.0	2383.0	0.0	36817.0	37914.0	812.0	2098.0	57.4	34.4	65.0	53.0
2005-07-12	41165.0	639.0	0.0	38093.0	37570.0	936.0	2098.0	57.4	34.1	61.4	52.8
2005-07-19	46457.0	0.0	397.0	44111.0	38656.0	936.0	5994.0	53.7	34.1	64.8	50.8
2005-07-26	48583.0	0.0	1121.0	46688.0	40085.0	998.0	6480.0	51.9	33.7	62.5	48.7
2005-08-02	55256.0	1069.0	0.0	52428.0	48811.0	566.0	5252.0	59.9	37.8	67.0	54.2
2005-08-09	55074.0	1063.0	0.0	52132.0	48873.0	688.0	5010.0	57.6	38.9	68.8	57.3
2005-08-16	56533.0	397.0	0.0	53709.0	49844.0	626.0	4888.0	55.1	38.2	66.5	56.0
2005-08-23	59171.0	0.0	2037.0	57203.0	51092.0	1114.0	5188.0	55.9	36.8	67.0	54.0
2005-09-06	60600.0	403.0	0.0	57673.0	52199.0	535.0	6412.0	57.8	37.3	65.4	52.8
2005-09-13	61000.0	211.0	0.0	57436.0	52375.0	756.0	6028.0	55.8	38.1	65.0	53.1
2005-09-20	62314.0	0.0	3349.0	59277.0	51111.0	1336.0	6153.0	60.9	37.3	68.8	53.0
2005-09-27	64798.0	0.0	6391.0	61195.0	51519.0	3086.0	6371.0	58.2	39.3	67.2	56.3
2005-10-04	62290.0	0.0	4579.0	59302.0	47579.0	2323.0	9467.0	60.1	37.5	69.6	55.7
2005-10-11	63041.0	0.0	5905.0	59972.0	47211.0	2732.0	9588.0	60.5	39.3	70.0	57.3
2005-10-18	63890.0	0.0	4612.0	60316.0	48448.0	2247.0	9503.0	58.8	37.6	68.8	54.5
2005-10-25	65378.0	0.0	4280.0	62858.0	50808.0	1395.0	9165.0	61.5	36.7	69.8	54.0
2005-11-01	65111.0	0.0	1315.0	62680.0	54287.0	998.0	8076.0	60.6	38.6	68.7	54.3
2005-11-08	59715.0	0.0	2015.0	56521.0	49502.0	1551.0	6555.0	61.8	39.9	70.4	57.2
2005-11-15	63916.0	36.0	0.0	58545.0	55824.0	2953.0	5710.0	60.8	38.5	68.9	55.8
2005-11-22	65078.0	0.0	1670.0	60778.0	55497.0	2499.0	6110.0	58.3	39.3	68.4	56.1
2005-11-29	65624.0	0.0	4.0	59956.0	56009.0	2623.0	6566.0	56.7	39.1	68.0	57.1
2005-12-06	64047.0	0.0	2380.0	60283.0	53916.0	1692.0	5679.0	62.4	38.3	73.1	60.3
2005-12-13	66664.0	0.0	84.0	59701.0	59168.0	4477.0	4926.0	61.8	37.0	67.5	56.5
2005-12-20	63974.0	0.0	124.0	57175.0	56387.0	4322.0	4986.0	61.7	37.7	69.1	60.0
2005-12-27	67671.0	2790.0	0.0	57993.0	60461.0	5724.0	6046.0	59.0	37.7	69.2	60.4
2006-01-03	67652.0	4712.0	0.0	54422.0	59819.0	7060.0	6375.0	52.7	38.5	66.5	58.8
2006-01-10	72047.0	76.0	0.0	61199.0	61613.0	6619.0	6281.0	54.5	38.2	66.5	56.6
2006-01-17	75045.0	0.0	4874.0	64527.0	61358.0	8532.0	6827.0	50.4	35.5	65.3	57.3
2006-01-24	83633.0	0.0	4495.0	71812.0	69341.0	8663.0	6639.0	49.3	33.9	61.9	52.2
2006-01-31	94310.0	0.0	3342.0	82477.0	79012.0	7071.0	7194.0	50.8	31.4	63.9	47.0
2006-02-07	94692.0	0.0	5941.0	85145.0	79395.0	7639.0	7448.0	52.3	30.1	67.4	48.8
2006-02-14	100342.0	0.0	6998.0	91545.0	83752.0	7509.0	8304.0	54.4	34.2	70.6	51.8
2006-02-21	99268.0	0.0	2954.0	88303.0	82997.0	8139.0	10491.0	46.9	32.4	62.4	49.0
2006-02-28	107411.0	0.0	4350.0	96597.0	90653.0	8305.0	9899.0	47.5	35.1	60.9	52.3
2006-03-07	106282.0	0.0	7800.0	95699.0	86990.0	8954.0	9863.0	49.0	38.2	60.7	56.2
2006-03-14	103269.0	0.0	3000.0	91416.0	86798.0	9562.0	11180.0	42.4	37.0	54.1	52.2
2006-03-21	108707.0	0.0	1592.0	94675.0	92623.0	9862.0	10322.0	40.2	36.6	51.0	49.9
2006-03-28	110570.0	567.0	0.0	98613.0	99779.0	7760.0	7161.0	37.1	33.4	47.9	49.0
2006-04-04	103669.0	1361.0	0.0	91567.0	94351.0	9042.0	7619.0	36.2	35.9	46.9	51.3
2006-04-11	109494.0	0.0	5532.0	97554.0	93834.0	10330.0	8518.0	38.4	35.2	49.3	52.5
2006-04-18	107483.0	374.0	0.0	92222.0	95307.0	11542.0	8831.0	35.3	33.9	46.0	49.2
2006-04-25	107257.0	0.0	1507.0	92857.0	92510.0	10702.0	9542.0	32.2	33.5	44.3	46.3
2006-05-02	103801.0	1392.0	0.0	91601.0	90520.0	7543.0	10016.0	27.3	31.1	37.7	42.2
2006-05-09	103342.0	0.0	7415.0	93271.0	83909.0	7023.0	8970.0	29.5	33.5	40.1	45.1
2006-05-16	107990.0	0.0	7644.0	98712.0	88842.0	6137.0	8363.0	29.3	32.3	40.5	44.0
2006-05-23	105300.0	0.0	7315.0	94678.0	85506.0	7175.0	9032.0	28.9	32.8	41.2	44.9
2006-05-30	103543.0	0.0	2947.0	91817.0	86405.0	6567.0	9032.0	29.3	31.2	42.2	43.2
2006-06-06	101106.0	0.0	7109.0	88667.0	83235.0	9787.0	8110.0	27.3	33.1	41.4	48.4
2006-06-13	103318.0	0.0	2331.0	87253.0	87743.0	11110.0	8289.0	26.6	36.0	40.1	48.4
2006-06-20	108831.0	248.0	1682.0	93070.0	94343.0	10665.0	7958.0	25.7	32.0	39.1	42.5
2006-06-27	114926.0	248.0	1316.0	98048.0	99954.0	11176.0	8202.0	24.5	29.9	37.9	41.0
2006-07-03	120152.0	248.0	3896.0	105447.0	103309.0	9712.0	8202.0	25.4	28.2	40.3	41.1
2006-07-11	116728.0	0.0	3155.0	100018.0	100021.0	10855.0	7697.0	24.6	30.6	39.3	42.6
2006-07-18	118157.0	382.0	704.0	97922.0	99877.0	10973.0	8696.0	25.2	30.4	37.7	41.5
2006-07-25	117463.0	0.0	1048.0	98552.0	99379.0	10248.0	8373.0	22.6	26.5	36.0	37.9
2006-08-01	119612.0	0.0	9087.0	104932.0	97978.0	10738.0	8605.0	21.5	26.3	35.0	39.2
2006-08-08	111558.0	0.0	9939.0	97036.0	87525.0	10355.0	9927.0	23.6	26.1	36.1	36.4
2006-08-15	114873.0	0.0	9687.0	98357.0	90088.0	10749.0	9331.0	23.5	25.1	35.7	37.8
2006-08-22	120484.0	0.0	11890.0	103087.0	92404.0	10809.0	9602.0	22.4	23.3	33.8	34.7
2006-08-29	121329.0	0.0	10262.0	106269.0	94858.0	8684.0	9833.0	22.0	21.6	33.0	33.2
2006-09-05	114182.0	0.0	7366.0	96580.0	89411.0	9880.0	9683.0	21.9	20.8	33.0	32.3
2006-09-12	114352.0	0.0	9720.0	98178.0	88655.0	10068.0	9871.0	22.7	23.6	34.2	34.4
2006-09-19	117343.0	3291.0	8747.0	99731.0	93047.0	7758.0	8986.0	21.7	26.8	33.8	37.6
2006-09-26	115415.0	3231.0	9416.0	101235.0	91887.0	6566.0	9729.0	24.3	30.2	37.2	42.0
2006-10-03	107977.0	3169.0	6378.0	91501.0	86229.0	8336.0	10399.0	25.3	28.4	38.2	40.8
2006-10-10	108741.0	3169.0	7073.0	93723.0	87452.0	8380.0	10747.0	26.0	31.4	38.8	43.6
2006-10-17	110131.0	3169.0	7845.0	95706.0	89717.0	8808.0	10121.0	28.6	32.1	41.2	44.4
2006-10-24	108822.0	3417.0	4345.0	93851.0	91336.0	8287.0	9874.0	27.5	29.0	40.4	41.6
2006-10-31	106058.0	3479.0	3315.0	90378.0	89040.0	8509.0	10011.0	26.0	28.3	39.2	40.2
2006-11-07	102252.0	3809.0	3043.0	87184.0	86012.0	7740.0	9678.0	28.8	29.7	42.1	41.9
2006-11-14	103161.0	4173.0	3417.0	87176.0	86672.0	8500.0	9760.0	28.6	29.7	41.5	42.2
2006-11-21	102169.0	6232.0	4406.0	84237.0	82951.0	7308.0	10420.0	30.2	27.6	42.5	41.7
2006-11-28	106100.0	5779.0	4767.0	87858.0	84964.0	7796.0	11702.0	24.9	27.1	36.6	40.3
2006-12-05	100323.0	5868.0	3446.0	83760.0	77980.0	5927.0	14129.0	21.1	27.9	34.3	40.1
2006-12-12	100166.0	3778.0	4275.0	86677.0	79100.0	6643.0	13723.0	19.1	27.9	32.1	40.3
2006-12-19	100625.0	3778.0	4661.0	84839.0	84014.0	9042.0	8984.0	19.1	26.8	32.8	39.9
2006-12-26	100600.0	3778.0	4506.0	84083.0	84691.0	9045.0	7709.0	18.0	25.3	31.9	37.7
2007-01-03	92593.0	3468.0	4079.0	78643.0	78076.0	7718.0	7674.0	21.2	22.5	34.4	36.5
2007-01-09	97023.0	4106.0	5164.0	80810.0	80336.0	8297.0	7713.0	22.3	21.5	35.5	36.6
2007-01-16	97223.0	4130.0	5773.0	80173.0	79706.0	9038.0	7862.0	23.3	21.9	36.3	37.0
2007-01-23	94551.0	4130.0	2490.0	76738.0	78256.0	8820.0	8942.0	25.6	22.8	41.2	37.1
2007-01-30	94946.0	3944.0	380.0	73541.0	79087.0	11764.0	9782.0	28.1	25.2	42.0	40.6
2007-02-06	92267.0	3369.0	710.0	73129.0	76841.0	8849.0	7796.0	29.2	26.4	41.9	42.6
2007-02-13	87524.0	3244.0	1138.0	69811.0	73010.0	9444.0	8351.0	33.8	26.2	49.2	42.6
2007-02-20	87653.0	3244.0	3076.0	70571.0	72130.0	9829.0	8438.0	34.8	24.2	49.9	40.5
2007-02-27	91617.0	3244.0	3709.0	75653.0	76218.0	9338.0	8308.0	31.8	22.3	47.5	38.2
2007-03-06	83614.0	3200.0	2869.0	67549.0	68868.0	9470.0	8482.0	34.0	22.8	51.8	40.1
2007-03-13	85512.0	3260.0	2019.0	68089.0	70686.0	10266.0	8910.0	33.6	21.6	50.9	39.0
2007-03-20	87239.0	3200.0	2372.0	69767.0	72373.0	10069.0	8291.0	33.4	21.7	49.7	37.2
2007-03-27	90310.0	3444.0	3135.0	71643.0	74219.0	10364.0	8097.0	32.9	20.7	48.9	35.0
2007-04-03	85170.0	2576.0	1302.0	65814.0	68109.0	10764.0	9743.0	31.2	21.4	46.2	35.2
2007-04-10	86556.0	2576.0	976.0	67113.0	69034.0	10460.0	10139.0	31.1	21.1	46.0	35.0
2007-04-17	88916.0	2576.0	4820.0	70049.0	66457.0	11189.0	12537.0	31.3	20.5	47.3	34.3
2007-04-24	95271.0	2576.0	3318.0	77869.0	76160.0	8978.0	9945.0	31.8	20.4	46.6	34.3
2007-05-01	96740.0	2725.0	774.0	77710.0	78512.0	9592.0	10741.0	31.5	21.5	45.2	34.9
2007-05-08	89320.0	2142.0	3467.0	73657.0	71436.0	8657.0	9553.0	33.9	22.4	48.6	36.5
2007-05-15	90369.0	2965.0	1961.0	73879.0	74210.0	8840.0	9513.0	33.4	22.0	47.0	36.7
2007-05-22	92946.0	2601.0	1424.0	77187.0	74857.0	8138.0	11645.0	32.3	21.4	48.5	35.9
2007-05-29	91802.0	3029.0	891.0	75272.0	75632.0	8602.0	10380.0	31.6	21.8	46.8	36.3
2007-06-05	89699.0	1785.0	863.0	77244.0	75528.0	6504.0	9142.0	35.1	21.5	48.7	37.1
2007-06-12	91884.0	3082.0	940.0	75838.0	77050.0	8942.0	9872.0	34.5	20.6	46.9	35.8
2007-06-19	92292.0	5259.0	1796.0	76387.0	79288.0	8034.0	8596.0	35.5	21.9	49.5	38.5
2007-06-26	92002.0	4686.0	1889.0	77319.0	79094.0	7360.0	8382.0	35.4	22.0	48.9	38.2
2007-07-03	85927.0	3919.0	2998.0	72039.0	71024.0	7075.0	9011.0	42.5	22.2	56.9	37.8
2007-07-10	87430.0	4433.0	3182.0	73182.0	73560.0	7193.0	8066.0	40.5	21.9	55.3	37.2
2007-07-17	90162.0	5790.0	3880.0	74427.0	75615.0	7102.0	7824.0	39.8	21.3	54.5	36.9
2007-07-24	92053.0	6364.0	3387.0	75387.0	79070.0	6794.0	6088.0	35.6	18.6	48.4	33.0
2007-07-31	91078.0	6600.0	5349.0	76251.0	75899.0	6311.0	7914.0	37.2	18.6	49.7	33.4
2007-08-07	85560.0	6438.0	3051.0	69475.0	72108.0	6921.0	7675.0	40.0	18.8	52.5	33.9
2007-08-14	85295.0	5984.0	4609.0	69397.0	70487.0	7519.0	7804.0	40.8	19.1	53.6	34.3
2007-08-21	92184.0	8538.0	4085.0	72884.0	78423.0	7304.0	6218.0	41.2	22.4	53.8	36.5
2007-08-28	92655.0	5648.0	3840.0	73216.0	77842.0	10138.0	7320.0	34.5	22.6	48.4	36.8
2007-09-04	95822.0	5946.0	4014.0	74879.0	75926.0	11196.0	12081.0	34.3	22.3	47.7	36.6
2007-09-11	90127.0	5858.0	4106.0	71536.0	72509.0	9561.0	10340.0	36.5	24.7	51.7	39.8
2007-09-18	93670.0	7229.0	3061.0	74415.0	76581.0	9149.0	11151.0	37.1	27.0	52.3	42.5
2007-09-25	93503.0	6399.0	4049.0	75921.0	78627.0	8303.0	7947.0	34.7	23.8	50.0	39.0
2007-10-02	88000.0	7591.0	3084.0	67802.0	68452.0	7695.0	11552.0	34.0	22.7	49.2	36.8
2007-10-09	86255.0	5467.0	2112.0	67010.0	66702.0	8305.0	11968.0	33.7	23.8	50.2	36.7
2007-10-16	90124.0	5775.0	2800.0	72421.0	72536.0	6723.0	9583.0	34.0	22.7	52.0	35.2
2007-10-23	89502.0	4563.0	4206.0	74343.0	72234.0	6924.0	9390.0	40.1	22.5	57.8	35.6
2007-10-30	89441.0	4051.0	3054.0	73525.0	72436.0	7044.0	9130.0	40.3	23.1	57.4	36.8
2007-11-06	79814.0	3364.0	3422.0	65419.0	62844.0	7234.0	9751.0	43.0	25.5	57.7	38.9
2007-11-13	84554.0	5620.0	2380.0	68570.0	67862.0	6748.0	10696.0	39.8	25.6	57.8	38.8
2007-11-20	85892.0	7857.0	2019.0	68059.0	69893.0	6519.0	10523.0	36.4	25.4	60.8	39.5
2007-11-27	87381.0	7458.0	2081.0	71766.0	72180.0	4859.0	9822.0	37.9	24.8	62.4	38.7
2007-12-04	79774.0	5325.0	895.0	67639.0	66333.0	4409.0	10145.0	41.6	26.1	63.4	39.7
2007-12-11	85109.0	4201.0	1003.0	72994.0	71064.0	4533.0	9661.0	42.7	25.3	60.9	40.2
2007-12-18	85532.0	3435.0	1336.0	74480.0	71451.0	4595.0	9723.0	44.5	26.3	63.0	41.6
2007-12-24	87263.0	1004.0	2151.0	78414.0	74312.0	3605.0	6560.0	44.7	26.1	62.3	41.1
2007-12-31	89127.0	1102.0	1311.0	80432.0	75058.0	3356.0	8521.0	44.3	27.5	63.1	41.8
2008-01-08	81225.0	342.0	622.0	73287.0	63696.0	4433.0	13744.0	44.4	27.2	63.9	41.5
2008-01-15	82264.0	3731.0	386.0	71137.0	63784.0	4847.0	15545.0	39.4	27.8	58.8	42.2
2008-01-22	85866.0	3722.0	386.0	75989.0	69611.0	3424.0	13138.0	42.3	27.7	60.2	41.5
2008-01-29	94269.0	2797.0	386.0	85917.0	80885.0	2817.0	10260.0	40.1	25.1	57.2	37.8
2008-02-05	85749.0	1640.0	221.0	79074.0	69959.0	2557.0	13091.0	43.0	25.1	59.0	37.4
2008-02-12	89175.0	3582.0	96.0	80752.0	73652.0	2557.0	13143.0	38.7	25.1	54.9	37.4
2008-02-19	90085.0	3494.0	221.0	81170.0	74409.0	3109.0	13143.0	36.6	24.8	51.5	37.1
2008-02-26	90079.0	621.0	96.0	82956.0	75927.0	3559.0	11113.0	38.1	25.2	52.8	37.7
2008-03-04	83724.0	1149.0	1054.0	75502.0	68529.0	5102.0	12170.0	40.2	25.1	53.9	38.1
2008-03-11	89341.0	2387.0	0.0	81458.0	74699.0	3892.0	13038.0	36.5	23.6	51.0	36.2
2008-03-18	96120.0	259.0	1301.0	88773.0	79002.0	4013.0	12742.0	34.2	22.4	47.8	35.4
2008-03-25	95796.0	3947.0	1255.0	85971.0	79832.0	3705.0	12536.0	32.0	24.0	46.4	37.4
2008-04-01	97412.0	2874.0	980.0	87410.0	81399.0	4346.0	12251.0	30.8	22.5	44.9	35.1
2008-04-08	92742.0	2476.0	1042.0	83307.0	78118.0	4094.0	10717.0	32.2	23.2	47.2	36.4
2008-04-15	95093.0	2135.0	1613.0	85679.0	79919.0	4342.0	10624.0	32.8	23.6	47.7	36.5
2008-04-22	100646.0	2264.0	1497.0	90991.0	85625.0	4708.0	10841.0	32.5	24.1	49.0	36.9
2008-04-29	107125.0	2494.0	1928.0	95838.0	90511.0	5440.0	11333.0	35.2	25.4	50.4	37.3
2008-05-06	98936.0	5085.0	4193.0	86441.0	82432.0	5249.0	10150.0	38.6	22.0	55.6	35.9
2008-05-13	100662.0	5197.0	4412.0	87651.0	83332.0	5349.0	10453.0	37.5	20.1	55.6	34.7
2008-05-20	99912.0	5838.0	5173.0	87355.0	83611.0	4520.0	8929.0	35.7	20.0	53.0	34.0
2008-05-27	102414.0	6216.0	4073.0	87974.0	86058.0	4942.0	9001.0	35.8	21.4	52.7	35.0
2008-06-03	95937.0	5168.0	3984.0	82833.0	81211.0	5121.0	7927.0	38.0	23.4	55.2	36.9
2008-06-10	98781.0	7059.0	4820.0	85606.0	86183.0	4405.0	6067.0	37.3	24.4	56.4	38.1
2008-06-17	103908.0	7548.0	4512.0	89828.0	91509.0	4529.0	5884.0	35.7	23.0	55.2	37.3
2008-06-24	103896.0	6219.0	4765.0	88989.0	90546.0	6568.0	6465.0	36.6	23.3	54.7	37.2
2008-07-01	106498.0	3861.0	5999.0	93948.0	91170.0	6109.0	6749.0	36.5	22.7	53.2	36.7
2008-07-08	99770.0	3148.0	3727.0	88252.0	87614.0	5579.0	5638.0	37.8	23.1	54.6	37.5
2008-07-15	101457.0	3450.0	3333.0	89495.0	89677.0	5549.0	5484.0	37.1	22.8	52.1	37.0
2008-07-22	104444.0	4969.0	4669.0	89102.0	91003.0	7313.0	5712.0	35.7	23.5	53.2	37.7
2008-07-29	103769.0	6624.0	4207.0	88196.0	91242.0	6311.0	5682.0	34.9	23.7	52.4	38.1
2008-08-05	96986.0	5663.0	4011.0	82828.0	85498.0	5958.0	4940.0	36.8	24.2	53.9	38.2
2008-08-12	98794.0	5481.0	4561.0	84625.0	86653.0	6018.0	4910.0	35.8	23.7	52.6	37.9
2008-08-19	99901.0	6364.0	4898.0	85568.0	88322.0	5628.0	4340.0	35.7	23.5	54.0	37.9
2008-08-26	101839.0	6544.0	4892.0	85979.0	89264.0	7077.0	5444.0	34.1	23.0	49.8	36.5
2008-09-02	103619.0	5079.0	4134.0	87603.0	89325.0	7294.0	6517.0	33.0	22.6	49.2	36.0
2008-09-09	94857.0	4755.0	8057.0	79242.0	79103.0	7805.0	4642.0	37.7	23.2	54.9	38.6
2008-09-16	95479.0	3655.0	7995.0	80298.0	78251.0	7683.0	5390.0	37.3	23.1	54.8	38.5
2008-09-23	94437.0	4583.0	8092.0	80810.0	77854.0	5728.0	5175.0	36.4	23.0	54.5	38.5
2008-09-30	96781.0	6990.0	7525.0	77350.0	78514.0	9280.0	7581.0	36.8	23.2	55.2	40.2
2008-10-07	89893.0	5329.0	7130.0	72149.0	73564.0	10339.0	7123.0	36.6	25.5	55.1	43.2
2008-10-14	92450.0	2207.0	10608.0	78344.0	72005.0	8687.0	6625.0	38.8	23.2	53.9	40.0
2008-10-21	94612.0	2057.0	11938.0	81106.0	73064.0	7984.0	6145.0	38.1	22.1	52.5	38.2
2008-10-28	96094.0	2666.0	10865.0	83485.0	76133.0	6984.0	6137.0	38.1	22.3	51.4	38.0
2008-11-04	85777.0	1742.0	8868.0	73273.0	68604.0	8326.0	5869.0	39.7	23.3	52.6	37.1
2008-11-11	86794.0	2928.0	8713.0	73873.0	69627.0	7829.0	6290.0	38.2	23.3	50.6	36.9
2008-11-18	89928.0	2434.0	7698.0	76582.0	73448.0	8304.0	6174.0	37.3	24.9	48.7	37.3
2008-11-25	91773.0	2029.0	7970.0	77972.0	75018.0	8118.0	5131.0	37.1	24.7	48.4	36.4
2008-12-02	83141.0	2682.0	6617.0	68297.0	64820.0	8708.0	8250.0	39.4	24.6	49.7	37.3
2008-12-09	87257.0	3082.0	6141.0	70883.0	69578.0	8630.0	6876.0	38.2	25.1	48.2	37.2
2008-12-16	89189.0	1595.0	6291.0	74119.0	71835.0	8327.0	5915.0	38.0	25.4	48.1	38.5
2008-12-22	89321.0	978.0	6574.0	75879.0	71545.0	6937.0	5675.0	38.1	25.3	48.5	38.4
2008-12-30	93005.0	1456.0	5033.0	78093.0	75300.0	6974.0	6190.0	38.4	27.9	48.1	40.2
2009-01-06	84303.0	494.0	5600.0	72313.0	68369.0	6456.0	5294.0	39.5	27.7	50.2	41.1
2009-01-13	85403.0	494.0	5509.0	73356.0	69683.0	6456.0	5114.0	39.0	27.5	50.1	40.7
2009-01-20	87044.0	494.0	6657.0	75643.0	71103.0	6645.0	5022.0	39.6	27.4	50.3	40.8
2009-01-27	90259.0	550.0	9937.0	80252.0	71839.0	5884.0	4910.0	39.8	25.5	51.7	39.7
2009-02-03	83800.0	494.0	8089.0	73261.0	67740.0	6518.0	4444.0	39.7	25.4	53.1	38.4
2009-02-10	86352.0	494.0	10579.0	77939.0	68189.0	5573.0	5238.0	39.9	27.4	55.9	40.0
2009-02-17	90784.0	556.0	6164.0	81803.0	76226.0	5297.0	5266.0	36.8	25.4	52.4	39.7
2009-02-24	94482.0	0.0	7846.0	85255.0	77800.0	6372.0	5981.0	36.2	22.2	50.0	36.2
2009-03-03	86084.0	0.0	5419.0	73443.0	69578.0	10699.0	9145.0	36.8	21.9	53.0	36.6
2009-03-10	86611.0	0.0	2665.0	75405.0	70847.0	7835.0	9728.0	37.2	22.0	52.3	37.6
2009-03-17	91531.0	0.0	2967.0	79611.0	74443.0	8107.0	10308.0	36.2	21.4	52.0	37.0
2009-03-24	93683.0	0.0	3416.0	81665.0	77634.0	8135.0	8750.0	35.3	20.6	51.1	35.6
2009-03-31	92611.0	0.0	6558.0	81844.0	75255.0	8227.0	8258.0	35.4	20.8	50.2	36.0
2009-04-07	89438.0	0.0	7147.0	79715.0	72056.0	7301.0	7813.0	39.7	20.3	53.0	35.5
2009-04-14	91087.0	1051.0	5082.0	80208.0	75325.0	6963.0	7815.0	38.7	23.0	52.6	36.4
2009-04-21	95357.0	2027.0	5981.0	83934.0	79155.0	5889.0	6714.0	37.2	26.3	51.1	38.5
2009-04-28	96013.0	1360.0	3943.0	84499.0	80634.0	5528.0	6810.0	38.5	26.3	52.4	38.2
2009-05-05	87384.0	1020.0	3796.0	77093.0	74106.0	4899.0	5110.0	40.0	26.8	52.8	39.0
2009-05-12	93077.0	1020.0	9170.0	79604.0	73925.0	7887.0	5416.0	38.2	30.5	54.0	43.6
2009-05-19	93008.0	1020.0	9918.0	80066.0	73699.0	8007.0	5476.0	38.6	30.0	53.8	43.2
2009-05-26	92399.0	990.0	7786.0	79023.0	74348.0	8071.0	5950.0	39.0	28.3	53.7	41.0
2009-06-02	86503.0	195.0	6870.0	75350.0	70102.0	6358.0	4931.0	40.8	29.9	56.2	41.4
2009-06-09	87820.0	195.0	4124.0	75966.0	73497.0	6329.0	4869.0	41.0	29.3	53.8	40.6
2009-06-16	88371.0	3357.0	2541.0	72576.0	75882.0	7359.0	4869.0	38.7	29.3	52.9	41.0
2009-06-23	91363.0	2622.0	984.0	74514.0	79219.0	7936.0	4869.0	37.1	31.0	49.1	42.2
2009-06-30	93028.0	2811.0	1879.0	75588.0	80101.0	8481.0	4900.0	38.1	30.5	49.6	41.1
2009-07-07	86390.0	2568.0	1062.0	69986.0	74407.0	8326.0	5411.0	39.3	31.5	50.8	43.9
2009-07-14	86141.0	2881.0	736.0	68867.0	74198.0	9129.0	5943.0	38.8	31.8	50.0	44.2
2009-07-21	84443.0	5118.0	885.0	66489.0	73932.0	8097.0	4887.0	36.2	32.4	48.8	44.9
2009-07-28	88110.0	5816.0	1164.0	69379.0	76757.0	7607.0	4881.0	34.9	31.4	47.7	44.5
2009-08-04	83059.0	5226.0	1096.0	65125.0	73211.0	7805.0	3849.0	35.2	34.4	47.8	48.6
2009-08-11	86332.0	3901.0	1194.0	70723.0	75238.0	6172.0	4364.0	35.6	33.8	50.7	49.9
2009-08-18	89440.0	2068.0	3393.0	75613.0	76460.0	6536.0	4364.0	36.3	36.0	49.5	50.6
2009-08-25	90291.0	1632.0	1644.0	76967.0	78636.0	7089.0	5408.0	35.6	36.8	48.5	51.6
2009-09-01	91445.0	0.0	3261.0	79718.0	78830.0	7656.0	5283.0	37.4	36.4	50.2	52.6
2009-09-08	87091.0	0.0	2329.0	75798.0	75941.0	7370.0	4898.0	38.3	39.0	51.3	56.3
2009-09-15	88765.0	0.0	2751.0	76764.0	76358.0	7790.0	5445.0	36.2	38.3	50.4	55.5
2009-09-22	90258.0	0.0	4140.0	78503.0	76963.0	7964.0	5364.0	35.6	37.8	49.9	55.5
2009-09-29	90102.0	0.0	2451.0	78212.0	77360.0	7499.0	5900.0	36.0	38.1	50.2	54.9
2009-10-06	85324.0	0.0	3877.0	69733.0	71639.0	11416.0	5633.0	36.7	39.2	50.0	56.9
2009-10-13	86796.0	155.0	2754.0	69987.0	74588.0	11866.0	4666.0	35.4	38.5	48.5	55.9
2009-10-20	90487.0	0.0	3921.0	73975.0	77118.0	11746.0	4682.0	34.6	39.2	48.4	55.9
2009-10-27	92271.0	240.0	3309.0	73452.0	78618.0	13493.0	5258.0	33.3	38.4	47.3	55.6
2009-11-03	86727.0	817.0	2835.0	68440.0	74170.0	12501.0	4753.0	35.2	38.5	48.1	55.1
2009-11-09	87520.0	1303.0	3939.0	68188.0	74640.0	13915.0	4827.0	33.9	37.8	46.3	54.3
2009-11-17	91021.0	4177.0	957.0	67829.0	77863.0	13476.0	6662.0	28.8	37.1	42.4	54.4
2009-11-24	92385.0	3691.0	1444.0	68962.0	78631.0	13690.0	6268.0	28.8	36.6	42.9	53.5
2009-12-01	92729.0	3691.0	1444.0	70808.0	79158.0	12188.0	6085.0	28.4	37.3	42.6	53.3
2009-12-08	87724.0	5450.0	0.0	67212.0	76980.0	10827.0	6509.0	30.3	37.7	43.6	54.7
2009-12-15	90011.0	4253.0	0.0	70411.0	79464.0	11191.0	6391.0	30.7	35.9	44.1	53.0
2009-12-22	98466.0	7847.0	53.0	76229.0	88519.0	11219.0	6723.0	31.9	42.0	49.5	57.7
2009-12-29	97444.0	8022.0	0.0	75731.0	88150.0	11212.0	6815.0	33.2	42.6	49.9	58.5
2010-01-05	92043.0	7070.0	0.0	72305.0	83968.0	10132.0	5539.0	35.7	45.3	52.4	61.0
2010-01-12	97568.0	7006.0	0.0	79094.0	91005.0	8852.0	3947.0	38.4	43.4	56.8	60.0
2010-01-19	97494.0	4386.0	0.0	81256.0	90547.0	8852.0	3947.0	37.3	43.2	55.8	59.7
2010-01-26	98769.0	4408.0	0.0	81901.0	91271.0	8937.0	3975.0	36.6	42.8	54.8	59.1
2010-02-02	94543.0	6037.0	0.0	77775.0	89532.0	8151.0	2431.0	39.4	44.6	56.8	61.1
2010-02-09	94708.0	5574.0	0.0	78085.0	89410.0	8182.0	2431.0	39.5	44.3	56.8	60.7
2010-02-16	95644.0	6399.0	0.0	78405.0	90528.0	8186.0	2462.0	40.8	44.6	57.0	60.9
2010-02-23	96564.0	8025.0	0.0	78032.0	90953.0	7910.0	3014.0	40.5	44.5	57.0	60.4
2010-03-02	90932.0	7656.0	0.0	69456.0	82711.0	11552.0	5953.0	41.7	46.9	59.2	62.9
2010-03-09	91346.0	8785.0	1436.0	67212.0	81980.0	13052.0	5633.0	41.5	45.8	57.6	61.5
2010-03-16	90677.0	6479.0	1436.0	68427.0	80587.0	12758.0	5641.0	41.7	43.6	56.6	59.4
2010-03-23	93202.0	5873.0	1134.0	71787.0	80971.0	10934.0	6489.0	39.6	42.6	55.3	57.6
2010-03-30	93997.0	6031.0	1993.0	73599.0	81992.0	10958.0	6603.0	40.5	42.7	57.1	57.6
2010-04-06	90018.0	2785.0	2507.0	73350.0	76545.0	9762.0	6845.0	39.4	43.4	58.7	58.1
2010-04-13	90451.0	2417.0	3567.0	73786.0	76471.0	9762.0	5927.0	38.5	42.8	57.7	57.4
2010-04-20	92763.0	3258.0	2411.0	74239.0	78553.0	9672.0	6205.0	39.1	42.0	56.6	56.4
2010-04-27	90689.0	2049.0	2862.0	73209.0	76723.0	9760.0	5433.0	39.0	40.6	55.9	55.3
2010-05-04	85353.0	2197.0	3316.0	70050.0	71817.0	7968.0	5082.0	41.0	40.9	57.5	55.7
2010-05-11	85938.0	2459.0	3416.0	70238.0	72165.0	7997.0	5113.0	41.8	40.7	57.7	55.9
2010-05-18	88236.0	2529.0	4574.0	73010.0	73551.0	7943.0	5357.0	41.8	39.6	58.6	54.7
2010-05-25	90094.0	1851.0	3861.0	74780.0	75284.0	7417.0	4903.0	41.9	38.8	58.1	54.5
2010-06-01	90001.0	1758.0	3861.0	74964.0	75191.0	7233.0	4903.0	41.9	38.8	58.4	54.6
2010-06-08	82928.0	488.0	3006.0	67939.0	64726.0	7687.0	8382.0	43.8	40.0	59.6	53.2
2010-06-15	84558.0	900.0	2673.0	69387.0	66381.0	7897.0	9130.0	42.7	38.6	58.2	51.5
2010-06-22	83789.0	1943.0	1194.0	67067.0	66374.0	8274.0	9716.0	41.8	38.9	56.0	51.9
2010-06-29	83755.0	1336.0	456.0	67062.0	66609.0	8455.0	9788.0	41.7	38.9	56.2	52.5
2010-07-06	76826.0	2241.0	301.0	61543.0	62136.0	7631.0	8978.0	43.4	40.5	56.8	53.2
2010-07-13	76002.0	1579.0	301.0	61228.0	61219.0	7669.0	8956.0	43.9	41.2	57.4	53.0
2010-07-20	76485.0	1835.0	177.0	61330.0	61821.0	7645.0	8812.0	43.6	40.9	55.3	51.6
2010-07-27	77669.0	2297.0	0.0	61815.0	62935.0	7676.0	8853.0	42.6	40.4	52.6	51.6
2010-08-03	70169.0	2821.0	0.0	54994.0	57611.0	7757.0	7961.0	45.2	42.7	54.8	53.4
2010-08-10	71668.0	3919.0	0.0	55723.0	59358.0	7677.0	7961.0	44.2	41.8	55.0	52.9
2010-08-17	75989.0	5211.0	0.0	57775.0	62823.0	7798.0	7961.0	43.2	39.5	55.6	54.1
2010-08-24	76851.0	6175.0	0.0	58110.0	65307.0	7345.0	6323.0	41.4	39.0	53.3	53.0
2010-08-31	78013.0	3385.0	0.0	59606.0	64133.0	7465.0	6323.0	41.5	38.4	51.2	51.3
2010-09-07	71476.0	3293.0	0.0	53599.0	57972.0	7257.0	6177.0	43.1	40.0	53.0	53.8
2010-09-14	71339.0	4908.0	659.0	53203.0	58532.0	7257.0	6177.0	43.2	42.7	55.0	56.4
2010-09-21	72702.0	4062.0	2519.0	55253.0	58178.0	7559.0	6177.0	42.4	41.9	54.5	57.4
2010-09-28	73058.0	4062.0	2643.0	55377.0	58178.0	7559.0	6177.0	42.2	41.7	54.2	57.3
2010-10-05	65432.0	2593.0	2471.0	48806.0	50283.0	8858.0	7503.0	46.1	45.1	59.3	61.0
2010-10-12	65334.0	2449.0	2773.0	48800.0	49939.0	8996.0	7533.0	46.2	44.7	59.4	61.1
2010-10-19	65456.0	2147.0	2341.0	48196.0	50011.0	9530.0	7521.0	46.1	44.8	58.4	60.5
2010-10-26	65236.0	2831.0	2281.0	47844.0	49795.0	9390.0	7989.0	45.7	44.9	58.0	60.6
2010-11-02	60015.0	3879.0	1097.0	40552.0	46185.0	11045.0	8194.0	47.5	46.4	58.6	60.5
2010-11-09	59888.0	3643.0	2521.0	39840.0	42936.0	11082.0	9108.0	46.5	47.9	56.2	60.2
2010-11-16	61032.0	2482.0	2707.0	41975.0	43922.0	10263.0	8091.0	45.1	47.0	55.9	59.7
2010-11-23	61363.0	2177.0	3074.0	42303.0	43547.0	10232.0	8091.0	44.8	46.7	55.6	58.9
2010-11-30	61071.0	2177.0	2782.0	42353.0	43748.0	9890.0	7890.0	45.0	46.9	55.7	58.5
2010-12-07	54850.0	2332.0	2367.0	38998.0	35752.0	7681.0	10892.0	47.3	49.2	64.5	60.2
2010-12-14	54788.0	2332.0	2367.0	38998.0	35690.0	7619.0	10892.0	47.4	49.3	64.6	60.2
2010-12-21	54116.0	2332.0	3559.0	39030.0	35628.0	8075.0	10250.0	47.9	49.5	65.4	62.1
2010-12-28	53820.0	2332.0	3001.0	39374.0	35890.0	7435.0	10250.0	47.5	49.8	65.0	61.1
2011-01-11	50004.0	2270.0	3564.0	37695.0	32909.0	6201.0	9693.0	46.9	51.2	66.1	62.4
2011-01-18	50004.0	2270.0	3136.0	37695.0	33337.0	6201.0	9693.0	46.4	51.2	65.7	62.0
2011-01-25	49850.0	2270.0	2744.0	36853.0	34487.0	6889.0	8781.0	46.4	51.8	63.1	63.0
2011-02-01	49850.0	2270.0	2316.0	36853.0	34915.0	6889.0	8781.0	46.4	51.8	62.4	63.0
2011-02-08	45766.0	2326.0	1811.0	34233.0	32391.0	5853.0	8210.0	46.8	52.5	63.6	62.7
2011-02-15	47192.0	2326.0	2655.0	36658.0	33174.0	4811.0	7966.0	45.0	51.4	64.1	62.6
2011-02-22	48070.0	2326.0	4367.0	38370.0	33174.0	4749.0	7904.0	47.3	51.7	66.5	65.0
2011-03-01	48278.0	2580.0	2485.0	38802.0	34886.0	4321.0	8332.0	47.1	51.5	66.2	61.5
2011-03-08	43960.0	2938.0	2522.0	33525.0	30997.0	5323.0	8267.0	47.4	53.1	67.6	64.9
2011-03-15	44098.0	2938.0	2626.0	33851.0	31117.0	5135.0	8181.0	47.3	53.2	67.4	64.9
2011-03-22	44068.0	2938.0	2626.0	33851.0	31117.0	5105.0	8151.0	47.3	53.2	67.4	64.9
2011-03-29	43918.0	3178.0	3734.0	33465.0	29863.0	5105.0	8151.0	46.4	55.9	67.2	67.7
2011-04-19	40827.0	3260.0	2494.0	32493.0	29019.0	3142.0	7382.0	48.2	53.5	65.2	64.3
2011-04-26	41515.0	3632.0	2494.0	32963.0	32179.0	3142.0	5064.0	47.4	52.6	65.0	67.3
2011-05-03	39086.0	2980.0	1392.0	31370.0	30528.0	2958.0	5388.0	47.2	51.5	65.4	65.9
2011-05-10	38684.0	2496.0	1392.0	31370.0	30126.0	3040.0	5388.0	47.7	51.1	65.9	65.6
2011-05-17	39908.0	2496.0	1392.0	32594.0	31350.0	3040.0	5388.0	46.7	49.5	63.6	62.7
2011-05-24	40716.0	2496.0	1192.0	32794.0	32158.0	3448.0	5388.0	46.2	48.3	62.8	61.9
2011-05-31	40812.0	2496.0	904.0	33314.0	32446.0	2808.0	5268.0	45.8	48.1	62.3	61.1
2011-06-07	38601.0	2012.0	500.0	30850.0	31106.0	3561.0	4817.0	46.7	48.6	60.8	60.6
2011-06-14	38601.0	2012.0	500.0	30850.0	31106.0	3561.0	4817.0	46.7	48.6	60.8	60.6
2011-06-21	39255.0	2258.0	500.0	30850.0	31760.0	3969.0	4817.0	45.3	47.8	59.7	59.6
2011-06-28	39131.0	2258.0	500.0	30757.0	31636.0	3938.0	4817.0	46.4	47.8	59.9	59.7
2011-07-05	36175.0	1626.0	178.0	28793.0	29466.0	3578.0	4353.0	48.5	47.7	60.2	60.6
2011-07-12	36175.0	1657.0	178.0	28793.0	29466.0	3547.0	4353.0	48.5	47.7	60.3	60.6
2011-07-19	36187.0	1657.0	178.0	28793.0	29478.0	3559.0	4353.0	48.5	47.7	60.2	60.5
2011-07-26	36871.0	1491.0	178.0	28793.0	29478.0	4367.0	4995.0	47.6	46.8	58.7	59.4
2011-08-02	33730.0	1012.0	0.0	26736.0	27123.0	3906.0	4531.0	51.3	46.8	59.7	60.4
2011-08-09	33730.0	1012.0	0.0	26736.0	27123.0	3906.0	4531.0	51.3	46.8	59.7	60.4
2011-08-16	33730.0	1012.0	0.0	26736.0	27123.0	3906.0	4531.0	51.3	46.8	59.7	60.4
2011-08-23	34272.0	1692.0	0.0	26934.0	27057.0	3794.0	5363.0	50.4	46.0	60.0	59.4
2011-08-30	34417.0	2147.0	0.0	26594.0	27132.0	3794.0	5403.0	50.2	45.8	60.0	59.1
2011-09-06	31584.0	1707.0	174.0	24840.0	24930.0	3479.0	4922.0	54.0	45.6	63.2	60.2
2011-09-13	32528.0	2059.0	174.0	25416.0	24930.0	3607.0	5978.0	52.4	44.3	63.3	58.5
2011-09-20	32742.0	2059.0	174.0	25416.0	24930.0	3821.0	6192.0	52.1	44.0	62.9	58.1
2011-09-27	33092.0	2059.0	174.0	25496.0	25010.0	3821.0	6192.0	51.6	43.5	62.3	57.5
