2005-08-23	50353.0	1712.0	4574.0	34893.0	36697.0	12629.0	7963.0	55.7	41.7	60.2	61.1
2005-11-22	59990.0	35.0	248.0	50585.0	50380.0	7693.0	7685.0	67.0	53.4	71.6	68.4
2005-11-29	60339.0	1697.0	248.0	50523.0	50905.0	7220.0	8287.0	67.5	53.7	73.3	68.5
2006-01-03	56818.0	3499.0	0.0	40842.0	47129.0	11273.0	8485.0	55.8	53.2	62.7	68.5
2006-01-24	54251.0	0.0	3318.0	42210.0	43495.0	10998.0	6395.0	55.9	52.6	65.0	73.2
2006-01-31	55840.0	0.0	5137.0	43720.0	43523.0	11157.0	6217.0	55.0	50.0	63.9	73.3
2006-02-07	51765.0	0.0	3142.0	40137.0	43284.0	10543.0	4254.0	59.0	49.8	67.2	71.9
2006-02-14	52354.0	0.0	949.0	39734.0	45074.0	10969.0	4680.0	58.3	51.8	66.5	72.0
2006-02-21	54468.0	0.0	1567.0	41814.0	47258.0	11389.0	4378.0	55.3	48.6	65.4	68.0
2006-02-28	57092.0	0.0	2417.0	44391.0	49630.0	11910.0	4254.0	57.3	47.0	66.9	66.8
2006-03-28	59082.0	136.0	0.0	41700.0	51627.0	15378.0	5587.0	55.8	44.8	63.0	66.0
2006-04-25	58895.0	0.0	2578.0	42506.0	48230.0	15266.0	6964.0	52.3	45.3	61.5	64.8
2006-05-02	56803.0	0.0	2736.0	42925.0	46869.0	12636.0	5956.0	52.9	45.7	62.3	65.1
2006-05-09	59820.0	0.0	3554.0	46582.0	48728.0	11666.0	5966.0	44.4	43.4	58.7	62.7
2006-05-16	57863.0	0.0	2067.0	44590.0	46553.0	10457.0	6427.0	41.8	46.0	56.7	60.7
2006-05-23	59099.0	0.0	1141.0	45546.0	48131.0	10455.0	6729.0	41.6	46.3	55.7	60.2
2006-05-30	60683.0	0.0	222.0	46278.0	48138.0	10483.0	8401.0	40.8	45.0	54.1	58.6
2006-06-06	59225.0	4119.0	0.0	40736.0	47047.0	11994.0	9802.0	42.8	44.7	58.0	60.3
2006-06-13	61488.0	0.0	85.0	45640.0	46844.0	10946.0	9657.0	43.6	43.4	56.6	57.9
2006-06-20	62438.0	1289.0	0.0	45818.0	48416.0	10974.0	9665.0	41.9	43.3	54.7	57.7
2006-06-27	62878.0	0.0	63.0	47431.0	48967.0	11233.0	9634.0	42.3	43.3	54.7	57.6
2006-07-03	63482.0	0.0	361.0	47911.0	49180.0	11264.0	9634.0	41.9	42.9	54.8	57.2
2006-07-11	58596.0	893.0	0.0	41739.0	46137.0	12860.0	9355.0	42.0	44.5	55.7	60.1
2006-07-18	62901.0	2021.0	0.0	43864.0	50009.0	13006.0	8882.0	39.5	41.5	52.9	58.6
2006-07-25	64413.0	4731.0	0.0	43864.0	52844.0	13067.0	8818.0	42.6	41.5	56.2	62.0
2006-08-01	67048.0	2337.0	0.0	47196.0	54451.0	13257.0	8339.0	35.2	40.9	50.4	60.4
2006-08-08	64707.0	0.0	474.0	49498.0	49816.0	10657.0	9865.0	41.2	40.4	57.7	60.8
2006-08-15	64665.0	1007.0	0.0	49903.0	52699.0	9869.0	8080.0	41.5	40.5	56.6	61.7
2006-08-22	64806.0	0.0	416.0	50901.0	52581.0	10113.0	8017.0	39.6	40.4	56.3	61.6
2006-08-29	65567.0	0.0	1125.0	50219.0	52939.0	11783.0	7938.0	38.0	40.1	54.5	61.8
2006-09-05	61022.0	0.0	620.0	47602.0	49690.0	9824.0	7116.0	38.9	42.2	56.7	65.5
2006-09-12	62648.0	0.0	1852.0	44457.0	49646.0	14489.0	7448.0	39.4	40.6	53.8	65.7
2006-09-19	63515.0	359.0	372.0	43202.0	51090.0	15633.0	7732.0	38.2	40.4	51.4	64.8
2006-09-26	65106.0	911.0	372.0	44162.0	51469.0	15823.0	9055.0	35.9	38.1	50.1	62.1
2006-10-03	61649.0	735.0	372.0	40157.0	47659.0	16671.0	9532.0	37.4	38.7	52.4	63.9
2006-10-10	61637.0	1071.0	372.0	39142.0	48405.0	18069.0	9505.0	35.7	38.7	50.1	63.8
2006-10-17	64284.0	57.0	372.0	41901.0	52873.0	18321.0	7034.0	36.8	37.1	52.0	62.8
2006-10-24	65154.0	287.0	372.0	41779.0	54277.0	19313.0	6730.0	36.2	36.6	51.1	63.8
2006-10-31	65948.0	239.0	372.0	41461.0	55145.0	20887.0	7070.0	35.9	38.7	50.6	66.0
2006-11-07	63200.0	0.0	1674.0	40815.0	53237.0	20093.0	5997.0	35.9	39.9	50.9	67.4
2006-11-14	63010.0	0.0	1454.0	41017.0	53507.0	19639.0	5695.0	36.0	40.6	51.1	68.0
2006-11-21	63041.0	0.0	1383.0	38933.0	53609.0	21754.0	5695.0	35.5	40.2	50.6	67.6
2006-11-28	63306.0	2137.0	1977.0	39876.0	54597.0	19309.0	4748.0	33.6	38.5	48.7	64.8
2006-12-05	57579.0	1834.0	2094.0	36101.0	48736.0	17956.0	5061.0	38.7	42.9	54.1	68.8
2006-12-12	57930.0	0.0	2548.0	40047.0	48660.0	16462.0	5301.0	38.6	42.8	54.1	68.4
2006-12-19	61436.0	0.0	6159.0	44980.0	49200.0	15649.0	5270.0	37.0	41.9	56.1	69.6
2006-12-26	63004.0	0.0	6279.0	46466.0	50540.0	15685.0	5332.0	38.4	43.4	56.7	70.7
2007-01-03	58874.0	0.0	6242.0	43418.0	47130.0	14583.0	4629.0	38.9	44.3	57.5	71.4
2007-01-09	59851.0	0.0	5196.0	44058.0	48900.0	14358.0	4320.0	38.6	41.9	57.3	69.8
2007-01-16	60434.0	0.0	5428.0	42626.0	49012.0	16361.0	4547.0	38.8	41.9	57.3	69.7
2007-01-23	61245.0	0.0	3822.0	43300.0	50960.0	16243.0	4761.0	39.3	43.2	57.5	69.4
2007-01-30	61593.0	0.0	3914.0	43716.0	51509.0	16241.0	4534.0	39.5	43.0	57.7	67.6
2007-02-06	57495.0	0.0	4154.0	37900.0	45823.0	18155.0	6078.0	39.8	44.4	57.2	69.6
2007-02-13	61016.0	0.0	7945.0	43663.0	46107.0	16148.0	5759.0	43.0	47.5	59.4	71.8
2007-02-20	62047.0	0.0	7796.0	46355.0	47312.0	14549.0	5796.0	42.2	46.4	59.0	71.1
2007-02-27	62679.0	0.0	8087.0	45600.0	47567.0	15942.0	5888.0	42.1	47.2	59.2	71.3
2007-03-06	58935.0	0.0	9573.0	40277.0	41168.0	18038.0	7574.0	40.8	52.3	57.7	75.0
2007-03-13	59883.0	0.0	9719.0	41421.0	41310.0	17818.0	8210.0	40.4	51.7	58.5	74.1
2007-03-20	61019.0	0.0	10194.0	42424.0	42138.0	17860.0	7952.0	39.9	52.3	58.7	74.1
2007-03-27	65082.0	0.0	9549.0	44956.0	45706.0	18601.0	8302.0	40.7	48.1	58.6	71.6
2007-04-03	59819.0	0.0	8850.0	43018.0	42054.0	15636.0	7750.0	41.2	48.3	57.7	71.6
2007-04-10	61099.0	0.0	8050.0	44454.0	41237.0	15192.0	10359.0	40.3	46.3	57.4	67.9
2007-04-17	62696.0	0.0	8215.0	41655.0	41890.0	19645.0	11195.0	40.1	44.3	55.4	67.9
2007-04-24	62301.0	0.0	7337.0	45482.0	41987.0	15159.0	11317.0	40.0	43.2	56.7	66.9
2007-05-01	64364.0	0.0	8332.0	48807.0	43911.0	14175.0	10739.0	39.0	43.4	55.9	66.3
2007-05-08	59876.0	0.0	7450.0	45576.0	40595.0	12752.0	10283.0	39.9	42.3	55.6	64.7
2007-05-15	60775.0	0.0	6780.0	46592.0	42403.0	12862.0	10271.0	40.0	41.0	56.3	62.4
2007-05-22	61996.0	0.0	6907.0	47894.0	44023.0	12813.0	9777.0	40.3	40.4	56.7	61.4
2007-05-29	63083.0	0.0	6686.0	48878.0	44983.0	12768.0	9977.0	39.6	39.5	56.7	60.5
2007-06-05	59258.0	0.0	4962.0	46703.0	43495.0	11081.0	9327.0	41.4	36.5	58.1	58.0
2007-06-12	59427.0	0.0	4962.0	46830.0	43457.0	11185.0	9596.0	41.2	36.4	58.1	57.8
2007-06-19	60604.0	0.0	4958.0	48042.0	44539.0	11341.0	9886.0	41.9	37.4	58.4	58.6
2007-06-26	60966.0	0.0	4069.0	48428.0	45155.0	11356.0	10560.0	41.6	37.2	58.3	57.5
2007-07-03	56030.0	0.0	3265.0	44636.0	41157.0	10009.0	10223.0	45.0	36.7	61.2	57.6
2007-07-10	56886.0	0.0	3092.0	45406.0	41978.0	10009.0	10345.0	45.6	37.6	61.6	57.9
2007-07-17	56946.0	0.0	3092.0	45446.0	41978.0	10009.0	10385.0	45.5	37.6	61.6	57.8
2007-07-24	57134.0	0.0	2664.0	45446.0	42406.0	10009.0	10385.0	45.4	38.2	61.4	57.6
2007-07-31	57500.0	0.0	2183.0	45415.0	42764.0	10105.0	10573.0	45.1	38.4	61.0	57.5
2007-08-07	52831.0	0.0	1850.0	41717.0	38960.0	9134.0	10041.0	48.2	38.1	63.4	58.7
2007-08-14	53013.0	0.0	2125.0	42021.0	38989.0	9134.0	10041.0	48.0	38.0	63.8	58.4
2007-08-21	54105.0	0.0	3215.0	42609.0	39399.0	10030.0	10025.0	47.0	37.2	62.5	58.9
2007-08-28	56912.0	0.0	4678.0	46676.0	41363.0	9165.0	9800.0	44.7	37.1	63.8	60.9
2007-09-04	56809.0	0.0	4392.0	46339.0	41405.0	9238.0	9780.0	44.7	36.8	63.3	60.6
2007-09-11	52799.0	0.0	3445.0	42362.0	38573.0	8772.0	9116.0	46.3	37.2	64.3	60.5
2007-09-18	52796.0	0.0	3445.0	42242.0	38453.0	8891.0	9235.0	46.0	37.2	64.1	60.5
2007-09-25	52955.0	0.0	3007.0	42022.0	38671.0	8959.0	9303.0	45.9	37.1	63.5	59.9
2007-10-02	47883.0	0.0	1665.0	37117.0	35525.0	8705.0	8632.0	51.1	38.4	67.9	61.4
2007-10-09	49059.0	0.0	1407.0	38213.0	37243.0	8767.0	8330.0	52.9	37.4	65.7	59.9
2007-10-16	49237.0	0.0	1015.0	38213.0	37635.0	8767.0	8330.0	52.7	37.3	65.4	59.1
2007-10-23	49109.0	0.0	1015.0	38025.0	37507.0	8827.0	8330.0	52.8	37.4	65.6	58.9
2007-10-30	49334.0	777.0	0.0	38010.0	39326.0	8779.0	8240.0	51.4	37.2	64.4	58.9
2007-11-06	42086.0	977.0	0.0	32400.0	33084.0	7561.0	7854.0	57.6	39.2	67.6	63.0
2007-11-13	42230.0	1245.0	0.0	32237.0	33496.0	7868.0	7854.0	57.6	40.1	68.4	63.7
2007-11-20	41806.0	1245.0	0.0	28294.0	32609.0	11387.0	8317.0	52.8	40.5	59.6	62.3
2007-11-27	41797.0	1551.0	0.0	28112.0	32733.0	11440.0	8370.0	52.3	40.5	59.9	62.7
2008-01-15	37443.0	1073.0	0.0	28293.0	28704.0	7835.0	8497.0	63.1	44.7	70.5	64.5
2008-01-22	37522.0	1128.0	0.0	28293.0	28704.0	7845.0	8562.0	62.9	44.6	70.5	64.3
2008-01-29	37649.0	1271.0	0.0	28320.0	28844.0	7830.0	8577.0	62.9	44.9	70.5	64.6
2008-02-12	33929.0	1171.0	0.0	25634.0	25649.0	6816.0	7972.0	65.1	43.2	73.0	62.6
2008-02-19	34596.0	1513.0	0.0	25181.0	25689.0	7608.0	8613.0	62.9	42.4	71.7	61.4
2008-02-26	36135.0	867.0	0.0	25274.0	27124.0	9320.0	8337.0	60.3	41.8	66.9	61.7
2008-07-29	51794.0	0.0	5563.0	39905.0	38161.0	11889.0	8070.0	57.5	57.6	69.2	74.6
2008-08-05	48188.0	0.0	5322.0	36606.0	35446.0	11582.0	7420.0	58.3	59.8	70.1	76.8
2008-08-12	48088.0	0.0	5172.0	36406.0	35496.0	11682.0	7420.0	58.0	59.6	70.0	76.6
2008-09-23	40998.0	0.0	3652.0	30361.0	30165.0	10380.0	6924.0	49.3	62.7	61.9	73.8
2008-09-30	42365.0	0.0	4087.0	31421.0	31155.0	10683.0	6862.0	45.2	61.9	58.5	72.6
