2005-09-20	8498.0	2960.0	120.0	4830.0	7478.0	48.0	240.0	57.2	62.7	70.3	69.5
2005-09-27	8674.0	2120.0	120.0	5726.0	7494.0	8.0	240.0	55.9	63.5	70.9	70.6
2005-10-04	8600.0	1960.0	120.0	5816.0	7380.0	4.0	280.0	56.0	71.9	73.8	75.4
2005-10-11	9146.0	1940.0	120.0	6362.0	7926.0	24.0	280.0	52.9	68.1	69.4	71.1
2005-10-18	9656.0	1630.0	120.0	6902.0	8616.0	304.0	100.0	48.4	69.2	67.0	75.1
2005-10-25	9896.0	1630.0	120.0	7422.0	8896.0	24.0	60.0	51.5	67.5	67.6	73.1
2005-11-01	10046.0	1650.0	80.0	7576.0	9126.0	20.0	40.0	50.0	67.7	66.7	72.2
2005-11-08	9834.0	1266.0	80.0	7840.0	9006.0	40.0	60.0	47.9	70.2	69.4	74.8
2005-11-15	10610.0	746.0	80.0	8540.0	9426.0	520.0	300.0	41.2	66.8	62.2	70.3
2005-11-22	10807.0	618.0	80.0	8672.0	9523.0	613.0	300.0	39.4	65.6	59.9	69.0
2005-11-29	11047.0	378.0	80.0	8912.0	9523.0	613.0	300.0	39.8	64.1	58.9	67.5
2005-12-06	11085.0	168.0	100.0	9328.0	9361.0	465.0	500.0	49.1	63.7	61.8	66.5
2005-12-13	11275.0	248.0	400.0	9410.0	9271.0	273.0	260.0	49.4	62.1	61.4	66.3
2005-12-20	11595.0	80.0	432.0	9670.0	9311.0	293.0	300.0	50.2	60.8	61.5	64.7
2005-12-27	11977.0	360.0	592.0	9752.0	9493.0	273.0	300.0	50.9	58.6	61.1	65.4
2006-01-03	11956.0	500.0	572.0	9412.0	9392.0	292.0	240.0	49.3	58.2	60.9	65.0
2006-01-10	12058.0	700.0	676.0	9516.0	9522.0	242.0	260.0	49.8	58.6	63.0	66.1
2006-01-17	12586.0	720.0	836.0	10087.0	9970.0	419.0	420.0	51.0	57.9	63.0	66.2
2006-01-24	12736.0	720.0	616.0	10309.0	10412.0	299.0	300.0	52.5	59.1	62.7	65.8
2006-01-31	13006.0	720.0	656.0	10323.0	10426.0	499.0	460.0	51.7	57.4	62.0	65.1
2006-02-07	12340.0	640.0	652.0	9720.0	9784.0	516.0	440.0	51.9	58.0	61.4	64.7
2006-02-14	12118.0	640.0	852.0	9738.0	9602.0	516.0	440.0	54.8	59.2	64.5	68.0
2006-02-21	12266.0	640.0	852.0	10126.0	9990.0	516.0	440.0	58.0	58.5	67.8	70.5
2006-02-28	13086.0	640.0	902.0	10706.0	10500.0	516.0	460.0	54.5	56.9	66.9	70.1
2006-03-07	12694.0	540.0	906.0	10306.0	10204.0	684.0	420.0	56.1	57.4	67.6	70.7
2006-03-14	13676.0	540.0	906.0	11268.0	11186.0	704.0	420.0	59.1	60.1	69.8	72.5
2006-03-21	13356.0	608.0	578.0	10768.0	11246.0	868.0	420.0	60.5	61.7	68.6	72.8
2006-03-28	13578.0	608.0	578.0	10750.0	11468.0	1108.0	420.0	59.6	62.3	67.5	73.2
2006-04-11	13358.0	540.0	248.0	10686.0	11598.0	1240.0	620.0	59.8	61.8	67.9	73.5
2006-04-18	13408.0	540.0	248.0	10436.0	11368.0	1300.0	660.0	59.8	61.3	67.5	72.8
2006-05-02	14272.0	540.0	384.0	11704.0	12088.0	908.0	680.0	59.8	62.8	70.2	72.5
2006-05-09	14316.0	540.0	384.0	11792.0	12156.0	864.0	656.0	59.5	62.3	71.9	74.1
2006-05-16	14438.0	540.0	384.0	11952.0	12316.0	826.0	618.0	59.0	61.5	71.9	73.7
2006-05-23	14494.0	540.0	364.0	11992.0	12434.0	826.0	560.0	58.8	61.0	71.6	73.0
2006-05-30	14514.0	540.0	364.0	12012.0	12454.0	826.0	560.0	58.9	61.1	71.6	73.0
2006-06-06	13582.0	460.0	380.0	11332.0	11666.0	694.0	440.0	61.7	63.5	70.9	72.1
2006-06-13	13582.0	460.0	380.0	11332.0	11666.0	694.0	440.0	61.7	63.3	70.9	72.1
2006-06-20	13342.0	460.0	380.0	11092.0	11426.0	694.0	440.0	62.8	62.7	72.2	72.8
2006-06-27	13282.0	460.0	380.0	11032.0	11366.0	694.0	440.0	63.1	62.8	71.9	72.4
2006-07-03	12934.0	420.0	356.0	10934.0	11098.0	500.0	400.0	63.8	62.0	72.7	71.4
2006-07-11	12934.0	420.0	356.0	10934.0	11098.0	500.0	400.0	63.8	62.0	72.7	71.4
2006-07-18	12914.0	420.0	356.0	10914.0	11078.0	500.0	400.0	63.9	61.8	72.8	71.5
2006-07-25	13084.0	420.0	356.0	11084.0	11258.0	500.0	390.0	63.4	59.8	72.1	70.7
2006-08-01	12344.0	360.0	252.0	10684.0	10912.0	220.0	100.0	65.3	56.4	72.7	69.2
2006-08-08	14068.0	360.0	12.0	12406.0	12816.0	222.0	160.0	57.3	50.2	64.5	61.9
2006-08-15	14068.0	360.0	12.0	12406.0	12816.0	222.0	160.0	57.3	50.2	64.5	61.9
2006-08-22	14172.0	360.0	12.0	12486.0	12920.0	246.0	160.0	57.5	50.0	64.6	61.6
2006-08-29	14192.0	360.0	12.0	12506.0	12940.0	246.0	160.0	57.4	50.1	64.5	61.7
2006-09-05	13674.0	432.0	0.0	11854.0	12538.0	332.0	80.0	57.9	50.9	64.4	62.4
2006-09-12	13890.0	432.0	0.0	12064.0	12618.0	338.0	216.0	56.7	49.9	63.1	60.9
2006-09-19	13790.0	432.0	0.0	11950.0	12594.0	332.0	120.0	55.3	49.8	61.8	59.7
2006-09-26	13762.0	412.0	0.0	11874.0	12422.0	400.0	264.0	55.3	49.2	61.7	58.1
2006-10-03	13736.0	316.0	0.0	11756.0	12172.0	612.0	512.0	55.9	48.4	61.7	58.8
2006-10-10	13900.0	316.0	0.0	12000.0	12296.0	532.0	552.0	57.0	48.4	62.7	59.8
2006-10-17	13900.0	256.0	0.0	12060.0	12296.0	532.0	552.0	57.4	48.4	62.7	59.8
2006-10-24	13930.0	180.0	44.0	12090.0	12206.0	532.0	552.0	57.3	48.3	62.8	59.7
2006-10-31	13738.0	180.0	524.0	12306.0	12014.0	604.0	552.0	58.2	48.7	64.7	61.0
2006-11-07	13226.0	0.0	540.0	12022.0	11650.0	572.0	404.0	60.9	49.5	64.4	63.1
2006-11-14	13338.0	0.0	580.0	12134.0	11702.0	572.0	424.0	60.5	49.1	64.6	63.5
2006-11-21	13398.0	0.0	580.0	12098.0	11762.0	668.0	424.0	60.2	49.6	64.4	63.9
2006-11-28	13408.0	0.0	580.0	12100.0	11754.0	676.0	442.0	60.2	49.6	64.3	63.8
2006-12-05	12856.0	0.0	596.0	11602.0	11262.0	638.0	382.0	61.8	50.1	67.3	66.5
2006-12-12	11908.0	0.0	596.0	11066.0	10234.0	226.0	462.0	56.7	51.3	67.9	64.2
2006-12-19	11848.0	0.0	596.0	11006.0	10214.0	226.0	422.0	57.0	51.6	67.3	64.5
2006-12-26	12014.0	100.0	596.0	11064.0	10450.0	214.0	332.0	56.2	51.2	66.4	63.7
2007-01-03	11600.0	120.0	652.0	10602.0	10058.0	318.0	330.0	58.2	52.6	68.7	67.5
2007-01-09	11768.0	120.0	652.0	10718.0	10106.0	370.0	450.0	57.3	51.3	70.9	68.7
2007-01-16	11808.0	120.0	652.0	10758.0	10146.0	370.0	450.0	57.1	51.0	70.5	68.3
2007-01-23	11810.0	120.0	652.0	10760.0	10148.0	370.0	450.0	57.0	50.6	70.2	68.0
2007-01-30	11810.0	120.0	652.0	10760.0	10148.0	370.0	450.0	56.7	50.6	70.0	67.8
2007-02-06	11304.0	60.0	526.0	10354.0	9830.0	330.0	388.0	56.8	49.9	69.2	66.7
2007-02-13	11342.0	60.0	570.0	10392.0	9844.0	330.0	368.0	56.7	49.7	68.8	66.5
2007-02-20	11342.0	0.0	570.0	10452.0	9844.0	330.0	368.0	56.7	49.7	68.8	66.5
2007-02-27	11314.0	0.0	570.0	10544.0	9824.0	210.0	360.0	56.7	49.3	68.7	66.1
2007-03-06	10726.0	0.0	440.0	10014.0	9446.0	152.0	280.0	57.3	49.4	68.5	65.6
2007-03-13	10726.0	0.0	440.0	10014.0	9606.0	152.0	120.0	57.3	49.4	68.5	65.6
2007-03-20	11046.0	0.0	440.0	10306.0	9978.0	180.0	68.0	55.5	47.3	67.6	62.8
2007-03-27	11046.0	0.0	440.0	10306.0	9978.0	180.0	68.0	55.5	47.3	67.6	62.8
2007-04-03	10690.0	0.0	420.0	9774.0	9568.0	356.0	142.0	54.7	46.6	65.7	60.7
2007-04-10	10720.0	0.0	460.0	9764.0	9518.0	396.0	182.0	54.7	46.5	65.6	60.3
2007-04-17	10800.0	0.0	460.0	9844.0	9578.0	396.0	202.0	54.4	46.1	65.5	59.6
2007-04-24	10840.0	0.0	460.0	9884.0	9618.0	396.0	202.0	54.2	46.0	65.6	59.3
2007-05-01	10422.0	0.0	280.0	9138.0	8946.0	764.0	676.0	53.2	45.5	60.4	55.0
2007-05-08	10430.0	0.0	280.0	9140.0	8946.0	770.0	684.0	53.2	45.4	60.4	54.9
2007-05-15	10464.0	0.0	288.0	9130.0	8988.0	782.0	636.0	53.0	45.3	59.8	54.2
2007-05-22	10496.0	0.0	288.0	9162.0	9020.0	782.0	636.0	52.9	45.2	59.6	54.1
2007-05-29	10506.0	0.0	288.0	9172.0	9030.0	782.0	636.0	52.8	45.1	59.5	54.0
2007-06-05	9928.0	0.0	748.0	8665.0	8042.0	711.0	586.0	52.3	43.9	59.6	54.0
2007-06-12	9948.0	0.0	748.0	8685.0	8062.0	711.0	586.0	52.2	43.8	59.5	54.4
2007-06-19	9860.0	0.0	688.0	8597.0	8034.0	711.0	586.0	51.8	43.6	58.6	54.2
2007-06-26	9844.0	0.0	668.0	8577.0	8038.0	715.0	586.0	51.7	43.5	58.5	54.1
2007-07-03	9234.0	0.0	560.0	8072.0	7598.0	642.0	556.0	50.9	43.5	57.8	55.0
2007-07-10	9234.0	480.0	560.0	7592.0	7598.0	642.0	556.0	45.7	43.5	57.8	55.0
2007-07-17	9714.0	720.0	560.0	7832.0	8078.0	642.0	556.0	38.6	36.6	50.0	47.3
2007-07-24	10194.0	1200.0	500.0	7772.0	8078.0	642.0	1036.0	41.5	34.3	51.8	44.5
2007-07-31	10708.0	1200.0	500.0	8286.0	9072.0	642.0	556.0	39.6	40.9	48.5	48.9
2007-08-07	10196.0	1220.0	370.0	7841.0	8732.0	575.0	534.0	40.0	41.2	49.0	48.5
2007-08-14	10186.0	1220.0	410.0	7871.0	8722.0	575.0	534.0	40.1	41.3	49.3	49.4
2007-08-21	10316.0	1220.0	530.0	8021.0	8752.0	575.0	534.0	39.4	41.9	48.3	49.3
2007-08-28	10376.0	1220.0	410.0	7997.0	8852.0	579.0	534.0	39.1	40.5	47.8	47.9
2007-09-04	9918.0	1320.0	400.0	7606.0	8526.0	512.0	512.0	39.6	40.0	49.3	48.1
2007-09-11	9690.0	1080.0	400.0	7618.0	8298.0	512.0	512.0	38.4	41.0	48.7	49.2
2007-09-18	9746.0	1080.0	320.0	7594.0	8354.0	512.0	512.0	37.9	40.9	48.2	48.1
2007-09-25	9866.0	1080.0	440.0	7714.0	8354.0	512.0	512.0	37.5	40.8	48.0	48.6
2007-10-02	9448.0	1180.0	520.0	7423.0	8038.0	465.0	510.0	38.1	39.6	49.8	49.5
2007-10-09	9448.0	1180.0	520.0	7423.0	8038.0	465.0	510.0	38.1	39.6	49.8	49.5
2007-10-16	9448.0	1240.0	520.0	7423.0	8098.0	465.0	510.0	38.1	39.6	50.4	50.1
2007-10-23	10164.0	1240.0	520.0	8119.0	8814.0	485.0	510.0	40.2	41.6	51.9	52.6
2007-10-30	10198.0	1240.0	580.0	8129.0	8788.0	509.0	510.0	40.0	41.4	51.5	52.4
2007-11-13	9834.0	1340.0	780.0	8186.0	8166.0	168.0	748.0	41.5	42.3	55.4	53.5
2007-11-20	9834.0	1340.0	780.0	8186.0	8166.0	168.0	748.0	41.5	42.3	55.4	53.5
2007-11-27	9884.0	1340.0	780.0	8186.0	8186.0	218.0	778.0	41.3	42.3	55.1	53.5
2007-12-04	9466.0	1410.0	780.0	7788.0	7840.0	198.0	776.0	43.9	42.9	58.5	54.4
2007-12-11	8746.0	1410.0	780.0	6828.0	7120.0	438.0	776.0	47.2	46.4	63.0	61.4
2007-12-18	8786.0	1410.0	780.0	6868.0	7160.0	438.0	776.0	47.0	46.2	62.7	61.5
2007-12-24	8906.0	1410.0	580.0	6868.0	7600.0	438.0	536.0	46.4	44.7	61.9	61.3
2007-12-31	8712.0	1410.0	580.0	6674.0	7406.0	438.0	536.0	41.9	45.7	60.5	60.8
2008-08-12	7689.0	1140.0	304.0	5488.0	6255.0	1001.0	1070.0	50.0	46.2	59.2	56.9
2008-08-19	7739.0	1140.0	304.0	5538.0	6305.0	1001.0	1070.0	49.7	45.9	60.3	58.1
2008-08-26	7789.0	1140.0	294.0	5568.0	6385.0	1021.0	1050.0	48.4	45.1	59.4	57.3
2008-09-30	8481.0	960.0	340.0	5956.0	6927.0	1555.0	1204.0	43.9	36.7	52.4	52.0
2009-03-31	11754.0	920.0	0.0	9149.0	10390.0	1685.0	1364.0	44.2	48.9	62.5	62.3
2009-04-14	11733.0	900.0	0.0	9342.0	10001.0	1491.0	1732.0	43.4	48.2	60.5	60.8
2009-04-21	12621.0	900.0	0.0	10284.0	11465.0	1437.0	1156.0	40.7	46.3	59.3	63.8
2009-04-28	13003.0	900.0	0.0	10516.0	11827.0	1587.0	1176.0	38.7	45.6	61.0	64.5
2009-05-05	12666.0	880.0	0.0	10166.0	11188.0	1620.0	1478.0	38.7	45.8	60.8	64.5
2009-05-12	12714.0	880.0	0.0	10174.0	11556.0	1660.0	1158.0	38.6	46.2	61.0	64.5
2009-05-19	12886.0	880.0	0.0	10262.0	11968.0	1744.0	918.0	37.7	45.6	58.1	63.7
2009-05-26	12886.0	880.0	0.0	10238.0	11968.0	1768.0	918.0	38.5	45.6	57.7	63.6
2009-06-02	12492.0	860.0	0.0	9902.0	11586.0	1730.0	906.0	39.2	45.8	59.3	63.6
2009-06-09	12702.0	860.0	0.0	10080.0	11796.0	1762.0	906.0	39.3	45.2	59.5	63.1
2009-06-16	12998.0	860.0	16.0	10364.0	11876.0	1746.0	1078.0	39.0	44.7	59.2	62.9
2009-06-23	13806.0	860.0	16.0	11424.0	12852.0	1494.0	910.0	35.7	40.1	55.8	59.3
2009-06-30	13872.0	860.0	26.0	11410.0	12908.0	1574.0	910.0	34.5	39.8	53.3	57.8
2009-07-07	13554.0	840.0	26.0	11176.0	12608.0	1510.0	892.0	34.5	39.8	53.2	58.1
2009-07-14	13674.0	840.0	26.0	11296.0	12728.0	1510.0	892.0	34.5	39.4	52.8	58.5
2009-07-21	13688.0	840.0	26.0	11266.0	12722.0	1554.0	912.0	34.5	39.1	52.7	58.6
2009-07-28	13696.0	840.0	16.0	11270.0	12746.0	1554.0	902.0	34.5	39.1	52.7	58.7
2009-08-04	13404.0	820.0	0.0	11060.0	12498.0	1524.0	906.0	34.6	38.3	53.4	59.3
2009-08-11	13400.0	820.0	0.0	11050.0	12518.0	1530.0	882.0	34.6	38.4	53.4	59.3
2009-08-18	13394.0	820.0	0.0	11060.0	12494.0	1514.0	900.0	34.6	38.2	53.4	59.1
2009-08-25	13514.0	820.0	0.0	11540.0	12614.0	1154.0	900.0	30.7	37.1	49.7	56.8
2009-09-01	13368.0	800.0	0.0	11488.0	12474.0	1080.0	894.0	30.6	36.4	49.0	54.9
2009-09-08	13328.0	740.0	0.0	11508.0	12434.0	1080.0	894.0	30.2	36.3	48.7	54.6
2009-09-15	13348.0	796.0	0.0	11508.0	12394.0	1044.0	954.0	30.2	36.0	48.7	54.2
2009-09-22	13410.0	796.0	0.0	11556.0	12442.0	1058.0	968.0	30.1	35.3	48.3	54.3
2009-09-29	13316.0	796.0	0.0	11472.0	12310.0	1048.0	1006.0	30.3	35.4	49.6	54.5
2009-10-06	13022.0	772.0	0.0	11152.0	11902.0	1098.0	1120.0	30.3	35.5	49.6	54.9
2009-10-13	13062.0	772.0	0.0	11482.0	11942.0	808.0	1120.0	30.3	35.4	49.4	54.4
2009-10-20	13476.0	772.0	0.0	11896.0	12356.0	808.0	1120.0	29.3	39.2	47.9	53.7
2009-10-27	13392.0	772.0	0.0	11812.0	12192.0	808.0	1200.0	29.8	39.5	48.2	53.4
2009-11-03	13080.0	758.0	0.0	11492.0	11990.0	830.0	1090.0	30.6	40.2	48.9	54.7
2009-11-09	13158.0	758.0	0.0	11570.0	12068.0	830.0	1090.0	30.4	40.2	47.7	54.6
2009-11-17	13206.0	758.0	0.0	11670.0	12092.0	778.0	1114.0	33.2	40.0	51.1	54.4
2009-11-24	13482.0	750.0	0.0	11706.0	12144.0	1018.0	1330.0	32.8	39.2	50.4	53.3
2009-12-01	13308.0	720.0	0.0	11556.0	11986.0	1032.0	1322.0	33.4	39.1	50.9	53.4
2009-12-08	13148.0	720.0	0.0	11396.0	11826.0	1032.0	1322.0	33.8	38.7	51.2	53.5
2009-12-15	13194.0	720.0	0.0	11442.0	11826.0	1032.0	1368.0	33.7	38.5	51.0	53.3
2009-12-22	13366.0	720.0	0.0	11494.0	12026.0	1152.0	1340.0	33.4	38.0	50.5	52.6
2009-12-29	13370.0	720.0	0.0	11498.0	12026.0	1152.0	1344.0	33.3	38.0	50.4	52.6
2010-01-05	13038.0	720.0	0.0	10118.0	11470.0	2200.0	1568.0	33.7	38.3	50.0	53.1
2010-01-12	13056.0	720.0	0.0	10592.0	11430.0	1744.0	1626.0	32.9	37.3	50.3	52.1
2010-01-19	13222.0	720.0	0.0	10758.0	11586.0	1744.0	1636.0	33.7	36.8	50.9	52.4
2010-01-26	13238.0	720.0	88.0	10374.0	11550.0	2144.0	1600.0	33.6	37.2	50.1	51.9
2010-02-02	12640.0	660.0	108.0	10714.0	11046.0	1266.0	1486.0	33.6	37.6	54.0	53.0
2010-02-09	12797.0	660.0	108.0	10691.0	11213.0	1446.0	1476.0	33.1	37.2	53.2	52.2
2010-02-16	12841.0	660.0	108.0	10711.0	11257.0	1470.0	1476.0	32.9	37.0	53.0	52.0
2010-02-23	12851.0	660.0	108.0	11127.0	11267.0	1064.0	1476.0	32.9	37.0	52.9	52.0
2010-03-02	12273.0	600.0	0.0	10579.0	10811.0	1094.0	1462.0	33.3	37.7	53.3	52.6
2010-03-09	12477.0	460.0	0.0	10603.0	10905.0	1274.0	1432.0	32.9	36.1	51.4	52.4
2010-03-16	12493.0	460.0	0.0	11029.0	11133.0	844.0	1200.0	37.1	36.0	55.9	52.1
2010-03-23	13045.0	768.0	0.0	10979.0	11737.0	1104.0	1114.0	35.8	38.3	53.1	55.1
2010-03-30	13175.0	766.0	0.0	11111.0	11867.0	1104.0	1114.0	36.4	38.1	52.8	54.7
2010-04-06	12701.0	712.0	0.0	10729.0	11468.0	1080.0	1053.0	37.0	38.6	53.3	55.4
2010-04-13	12741.0	696.0	0.0	10755.0	11508.0	1110.0	1053.0	36.8	38.5	53.3	55.0
2010-04-20	12881.0	696.0	0.0	10883.0	11648.0	1122.0	1053.0	36.7	38.9	53.0	55.3
2010-04-27	12881.0	696.0	0.0	10887.0	11632.0	1118.0	1069.0	36.7	38.8	53.1	55.1
2010-05-04	12359.0	578.0	0.0	10507.0	11161.0	1094.0	1018.0	37.4	39.0	53.7	55.4
2010-05-11	12403.0	582.0	0.0	10523.0	11205.0	1118.0	1018.0	37.2	39.8	53.5	56.1
2010-05-18	12527.0	462.0	0.0	10399.0	11161.0	1386.0	1086.0	37.7	39.4	52.0	56.2
2010-05-25	12715.0	562.0	0.0	10515.0	11497.0	1438.0	1018.0	36.7	39.2	50.7	54.6
2010-06-01	12249.0	522.0	0.0	9901.0	10838.0	1646.0	1231.0	37.2	39.5	50.7	55.3
2010-06-08	12457.0	530.0	0.0	10021.0	10966.0	1646.0	1231.0	36.6	41.7	50.5	55.4
2010-06-15	12529.0	530.0	0.0	10093.0	11038.0	1646.0	1231.0	37.1	41.5	51.0	55.8
2010-06-22	12683.0	560.0	0.0	10195.0	11130.0	1668.0	1293.0	36.7	41.0	50.7	55.4
2010-06-29	12819.0	792.0	0.0	10717.0	11346.0	1230.0	1393.0	37.2	40.5	51.5	53.6
2010-07-06	12329.0	676.0	0.0	9973.0	10863.0	1600.0	1386.0	38.3	40.8	51.2	53.9
2010-07-13	12305.0	644.0	0.0	9945.0	10809.0	1616.0	1396.0	38.2	40.4	50.9	53.7
2010-07-20	12399.0	574.0	0.0	10021.0	10887.0	1688.0	1396.0	38.9	40.1	51.0	54.2
2010-07-27	12467.0	594.0	0.0	10021.0	10955.0	1736.0	1396.0	38.1	40.0	50.8	54.5
2010-08-03	11973.0	526.0	0.0	9629.0	10542.0	1702.0	1315.0	38.7	41.1	50.3	55.9
2010-08-10	11964.0	490.0	0.0	9629.0	10542.0	1729.0	1306.0	38.7	41.2	50.0	56.0
2010-08-17	12506.0	470.0	0.0	10157.0	11084.0	1763.0	1306.0	37.0	42.3	49.5	56.4
2010-08-24	12666.0	626.0	0.0	10157.0	11244.0	1767.0	1306.0	36.6	42.1	49.8	57.0
2010-08-31	12686.0	626.0	0.0	10177.0	11284.0	1767.0	1286.0	36.7	43.0	49.9	57.1
2010-09-07	12392.0	516.0	0.0	9905.0	11011.0	1835.0	1245.0	35.7	43.5	49.0	58.1
2010-09-14	12584.0	506.0	0.0	10437.0	11131.0	1505.0	1317.0	35.2	43.1	49.9	58.0
2010-09-21	12734.0	492.0	0.0	10597.0	11291.0	1507.0	1305.0	36.1	43.5	51.4	59.4
2010-09-28	12774.0	446.0	0.0	10617.0	11289.0	1531.0	1305.0	36.0	43.4	51.3	59.2
2010-10-05	12210.0	358.0	0.0	10031.0	10796.0	1641.0	1234.0	36.4	43.3	52.5	60.5
2010-10-12	12150.0	338.0	0.0	9967.0	10760.0	1665.0	1210.0	37.5	42.5	53.8	60.2
2010-10-19	12224.0	280.0	34.0	10109.0	10810.0	1665.0	1210.0	37.8	41.9	54.4	59.9
2010-10-26	12455.0	280.0	86.0	10269.0	10916.0	1768.0	1315.0	37.8	42.6	53.9	61.2
2010-11-02	12103.0	180.0	102.0	10098.0	10822.0	1703.0	1057.0	41.9	41.2	58.5	61.7
2010-11-09	12523.0	180.0	212.0	10440.0	11082.0	1799.0	1125.0	41.1	41.3	58.6	61.7
2010-11-16	12852.0	190.0	222.0	10780.0	11302.0	1778.0	1224.0	40.8	39.8	58.1	59.0
2010-11-23	13018.0	190.0	256.0	10832.0	11460.0	1918.0	1224.0	41.0	39.7	58.1	59.9
2010-11-30	13034.0	190.0	278.0	10854.0	11460.0	1918.0	1224.0	41.1	39.7	58.2	59.8
2010-12-07	12120.0	190.0	352.0	10141.0	10700.0	1749.0	1028.0	43.4	41.3	61.5	64.1
2010-12-14	12032.0	190.0	352.0	10053.0	10684.0	1749.0	956.0	43.0	41.6	61.2	64.4
2010-12-21	12102.0	190.0	326.0	10131.0	10760.0	1741.0	976.0	43.5	41.3	61.6	64.0
2010-12-28	12228.0	190.0	334.0	10257.0	10878.0	1741.0	976.0	44.1	40.9	62.0	64.4
2011-01-04	11568.0	130.0	326.0	9620.0	10028.0	1778.0	1174.0	46.6	42.1	67.9	69.0
2011-01-11	11544.0	130.0	362.0	9594.0	10318.0	1780.0	824.0	47.0	42.2	68.3	71.9
2011-01-18	11628.0	130.0	450.0	9678.0	10314.0	1780.0	824.0	47.2	41.8	68.6	71.4
2011-01-25	11636.0	130.0	458.0	9686.0	10266.0	1780.0	872.0	47.2	41.4	68.6	70.9
2011-02-01	11305.0	100.0	438.0	9687.0	10003.0	1478.0	824.0	47.6	43.2	68.8	71.9
2011-02-08	11347.0	100.0	446.0	9747.0	10027.0	1460.0	834.0	47.9	43.5	69.3	72.1
2011-02-15	11365.0	100.0	464.0	9765.0	10027.0	1460.0	834.0	47.8	43.4	69.2	72.0
2011-02-22	11377.0	100.0	476.0	9777.0	10027.0	1460.0	834.0	47.8	43.4	69.1	71.9
2011-03-01	10764.0	0.0	402.0	9270.0	9546.0	1494.0	816.0	48.6	44.9	69.3	72.4
2011-03-08	10778.0	0.0	406.0	9274.0	9556.0	1504.0	816.0	48.5	44.9	69.2	72.4
2011-03-15	10796.0	0.0	424.0	9292.0	9556.0	1504.0	816.0	48.6	44.8	69.3	72.3
2011-03-22	10896.0	0.0	466.0	9382.0	9566.0	1514.0	864.0	47.7	44.9	68.4	71.8
2011-03-29	11026.0	0.0	476.0	9502.0	9686.0	1524.0	864.0	47.1	45.5	68.6	72.0
2011-04-05	10971.0	340.0	420.0	9301.0	9741.0	1290.0	770.0	46.4	46.4	66.7	70.6
2011-04-12	10959.0	340.0	374.0	9289.0	9741.0	1290.0	804.0	46.6	46.7	66.9	70.9
2011-04-19	11581.0	340.0	354.0	10105.0	10623.0	1096.0	564.0	44.1	44.4	64.5	68.7
2011-04-26	11627.0	340.0	372.0	10147.0	10623.0	1100.0	592.0	44.1	44.2	64.6	68.4
2011-05-03	11580.0	18.0	402.0	10120.0	10226.0	1090.0	600.0	43.1	40.2	61.4	62.9
2011-05-10	11750.0	18.0	402.0	10280.0	10396.0	1100.0	600.0	42.6	39.4	62.7	61.8
2011-05-17	11820.0	18.0	416.0	10334.0	10452.0	1116.0	600.0	42.5	39.1	62.6	61.3
2011-05-24	11832.0	18.0	391.0	10306.0	10469.0	1156.0	620.0	42.4	39.4	62.5	61.6
2011-05-31	11904.0	18.0	395.0	10330.0	10537.0	1204.0	620.0	42.2	39.2	62.4	61.4
2011-06-07	11463.0	8.0	375.0	9985.0	10096.0	1118.0	640.0	42.5	39.1	62.7	61.2
2011-06-14	11471.0	8.0	383.0	9993.0	10096.0	1118.0	640.0	42.6	39.1	62.7	61.1
2011-06-21	11639.0	8.0	383.0	10089.0	10344.0	1190.0	560.0	42.0	39.2	62.0	60.8
2011-06-28	11795.0	8.0	383.0	10161.0	10334.0	1274.0	726.0	42.0	38.6	61.9	60.0
2011-07-05	11320.0	0.0	376.0	9786.0	9908.0	1184.0	686.0	43.5	40.2	62.0	60.2
2011-07-12	11562.0	0.0	570.0	10026.0	9836.0	1186.0	806.0	42.2	38.3	62.1	57.9
2011-07-19	11748.0	0.0	692.0	10164.0	9732.0	1234.0	974.0	41.5	36.7	62.1	55.9
2011-07-26	11840.0	0.0	730.0	10256.0	9846.0	1234.0	914.0	42.2	37.0	62.7	56.7
2011-08-02	11253.0	0.0	718.0	9785.0	9309.0	1120.0	878.0	43.1	38.7	64.1	57.8
2011-08-09	11427.0	0.0	718.0	9959.0	9483.0	1120.0	878.0	43.5	38.0	64.1	57.9
2011-08-16	11547.0	0.0	718.0	10127.0	9603.0	1072.0	878.0	44.0	37.6	63.4	57.8
2011-08-23	11567.0	0.0	748.0	10147.0	9593.0	1072.0	878.0	44.1	37.7	63.6	57.7
2011-08-30	11625.0	0.0	782.0	10205.0	9593.0	1072.0	902.0	43.9	37.5	63.7	57.4
2011-09-06	10982.0	0.0	800.0	9598.0	8884.0	1054.0	968.0	45.2	38.8	65.2	60.0
2011-09-13	11138.0	0.0	800.0	9658.0	8944.0	1150.0	1064.0	45.0	37.9	63.9	58.8
2011-09-20	11190.0	0.0	804.0	9642.0	8992.0	1218.0	1064.0	44.6	38.1	63.4	58.9
2011-09-27	11210.0	0.0	804.0	9938.0	9012.0	942.0	1064.0	44.5	38.2	63.2	59.0
2011-10-04	10971.0	0.0	998.0	9778.0	8577.0	873.0	1076.0	45.3	38.4	64.5	58.8
2011-10-11	10907.0	0.0	930.0	9966.0	8605.0	621.0	1052.0	46.1	38.9	64.4	59.5
2011-10-18	11103.0	0.0	954.0	10102.0	8773.0	681.0	1056.0	46.7	38.9	65.7	58.5
2011-10-25	11949.0	0.0	1594.0	10628.0	8999.0	777.0	812.0	43.4	34.1	61.1	52.9
2011-11-01	11662.0	0.0	1244.0	10060.0	9096.0	1052.0	772.0	44.1	32.5	61.0	52.4
2011-11-08	12144.0	0.0	894.0	10296.0	9834.0	1050.0	618.0	42.4	33.0	58.6	52.2
2011-11-15	12660.0	0.0	1510.0	10964.0	9910.0	1074.0	618.0	41.8	30.1	58.0	48.6
2011-11-22	12982.0	0.0	1788.0	11294.0	9976.0	1096.0	626.0	41.8	29.0	57.7	47.9
2011-11-29	13050.0	0.0	1844.0	11330.0	9976.0	1116.0	626.0	42.1	29.2	57.7	48.1
2011-12-06	12684.0	0.0	1878.0	11114.0	9639.0	984.0	581.0	43.5	30.1	58.4	49.1
2011-12-13	12810.0	0.0	1986.0	11160.0	9323.0	1076.0	927.0	45.3	25.3	59.1	44.3
2011-12-20	12838.0	0.0	2154.0	11188.0	9143.0	1076.0	967.0	45.3	24.0	59.2	43.6
2011-12-27	12962.0	0.0	2178.0	11312.0	9247.0	1076.0	963.0	44.8	23.9	57.7	43.0
2012-01-03	12196.0	0.0	2352.0	10586.0	8748.0	1210.0	696.0	47.1	26.9	59.4	47.9
2012-01-10	12352.0	0.0	2256.0	10726.0	8936.0	1210.0	744.0	47.7	27.3	59.8	48.5
2012-01-17	12352.0	0.0	2236.0	10726.0	8956.0	1210.0	744.0	47.7	27.5	59.8	48.5
2012-01-24	12582.0	0.0	2296.0	10918.0	9014.0	1248.0	856.0	48.2	27.4	60.4	48.4
2012-01-31	12742.0	0.0	2236.0	10994.0	9234.0	1332.0	856.0	45.6	28.8	58.3	49.1
2012-02-07	12478.0	0.0	2314.0	10671.0	8962.0	1391.0	786.0	46.3	30.6	57.1	51.7
2012-02-14	12462.0	0.0	2314.0	10671.0	8962.0	1391.0	786.0	46.3	30.4	57.2	51.6
2012-02-21	12626.0	0.0	2294.0	10819.0	9010.0	1391.0	906.0	45.7	29.4	56.8	50.3
2012-02-28	13028.0	0.0	2434.0	11017.0	9278.0	1611.0	916.0	45.8	29.0	56.7	50.3
2012-03-06	12748.0	0.0	2298.0	10866.0	9032.0	1482.0	1018.0	45.5	28.0	55.4	48.4
2012-03-13	12828.0	0.0	2458.0	10976.0	8902.0	1452.0	1068.0	45.5	27.6	55.2	48.3
2012-03-20	13412.0	0.0	2238.0	11650.0	9482.0	1018.0	948.0	43.8	25.3	53.7	45.0
2012-03-27	13552.0	0.0	2258.0	11788.0	9602.0	1020.0	948.0	43.3	26.1	53.2	45.5
2012-04-03	13158.0	0.0	2264.0	11453.0	9276.0	961.0	874.0	43.7	26.9	53.3	46.5
2012-04-10	13232.0	0.0	2314.0	11429.0	9300.0	1059.0	874.0	43.5	27.1	53.0	46.6
2012-04-17	13366.0	0.0	2074.0	11357.0	9636.0	1117.0	764.0	42.5	27.3	52.0	47.5
2012-04-24	13370.0	18.0	1952.0	11535.0	9780.0	943.0	764.0	42.6	28.5	52.6	48.8
2012-05-01	13180.0	0.0	2006.0	10996.0	9566.0	1292.0	716.0	38.7	28.9	48.8	48.2
2012-05-08	13600.0	0.0	2366.0	11356.0	9566.0	1292.0	716.0	41.2	30.1	51.1	49.7
2012-05-15	13676.0	0.0	2462.0	11276.0	9546.0	1448.0	716.0	41.1	31.0	49.2	50.7
2012-05-22	14134.0	0.0	2450.0	11606.0	9936.0	1496.0	716.0	41.0	30.4	48.0	50.7
2012-05-29	14216.0	238.0	2458.0	11448.0	10008.0	1496.0	716.0	39.2	30.3	46.1	50.5
2012-06-05	13724.0	278.0	2490.0	11579.0	9644.0	891.0	614.0	41.4	32.7	50.8	52.5
2012-06-12	13830.0	278.0	2500.0	11685.0	9740.0	891.0	614.0	41.1	33.2	50.5	52.9
2012-06-19	13894.0	278.0	2500.0	11735.0	9550.0	891.0	854.0	40.9	33.1	51.2	52.9
2012-06-26	13894.0	278.0	2440.0	11735.0	9610.0	891.0	854.0	40.9	33.1	51.2	52.9
2012-07-03	13156.0	378.0	2332.0	10862.0	9106.0	1032.0	834.0	41.5	35.7	52.9	55.5
2012-07-10	13154.0	378.0	2350.0	10880.0	9326.0	1012.0	594.0	41.7	35.8	53.0	57.3
2012-07-17	13038.0	378.0	2440.0	10812.0	9288.0	1012.0	474.0	41.1	36.1	52.6	57.8
2012-07-24	13008.0	378.0	2362.0	10848.0	9186.0	916.0	594.0	42.0	35.5	53.5	57.3
2012-07-31	13098.0	378.0	2404.0	10938.0	9234.0	916.0	594.0	41.9	38.4	53.6	58.1
2012-08-07	12292.0	298.0	2350.0	10345.0	8718.0	837.0	412.0	42.4	41.3	54.8	61.0
2012-08-14	12484.0	298.0	2390.0	10365.0	8846.0	981.0	408.0	41.7	41.8	54.3	61.3
2012-08-21	12586.0	298.0	2588.0	10463.0	8870.0	985.0	288.0	41.8	43.0	54.3	62.3
2012-08-28	12576.0	298.0	2626.0	10549.0	8822.0	889.0	288.0	42.1	43.3	54.7	62.6
2012-09-04	12006.0	218.0	2154.0	9664.0	8646.0	1284.0	366.0	41.8	46.1	55.7	65.1
2012-09-11	12063.0	218.0	2202.0	9721.0	8655.0	1284.0	366.0	42.0	45.2	55.8	65.2
2012-09-18	12272.0	218.0	2520.0	9454.0	8546.0	1760.0	366.0	40.4	44.8	52.9	64.4
2012-09-25	12330.0	218.0	2558.0	9508.0	8546.0	1764.0	386.0	40.3	44.5	52.7	64.0
2012-10-02	11896.0	248.0	2270.0	9111.0	8364.0	1741.0	466.0	41.0	47.6	54.3	65.8
2012-10-09	11912.0	248.0	2390.0	9127.0	8260.0	1741.0	466.0	40.9	47.8	54.2	66.1
2012-10-16	12032.0	248.0	2390.0	9127.0	8380.0	1861.0	466.0	40.5	47.3	52.7	65.4
2012-10-23	11952.0	168.0	2310.0	9127.0	8380.0	1861.0	466.0	40.8	47.0	53.0	65.2
2012-10-30	11952.0	168.0	2310.0	9127.0	8332.0	1861.0	514.0	40.8	46.6	53.0	64.8
2012-11-06	11034.0	208.0	2028.0	8346.0	7852.0	1724.0	398.0	42.0	50.6	55.4	68.7
2012-11-13	11034.0	208.0	2028.0	8346.0	7852.0	1724.0	398.0	42.0	50.6	55.4	68.7
2012-11-20	11034.0	128.0	1948.0	8366.0	7852.0	1704.0	398.0	42.0	49.9	55.4	68.0
2012-11-27	11118.0	88.0	1980.0	8438.0	7852.0	1716.0	410.0	42.3	49.8	55.7	67.7
2012-12-04	10508.0	0.0	1876.0	8361.0	7428.0	1343.0	400.0	42.8	50.1	58.0	70.0
2012-12-11	10616.0	0.0	1876.0	8373.0	7468.0	1463.0	492.0	42.4	49.4	54.6	65.7
2012-12-18	10676.0	0.0	1936.0	8433.0	7468.0	1463.0	492.0	42.2	49.1	54.3	65.8
2012-12-24	10734.0	0.0	2016.0	8481.0	7436.0	1463.0	492.0	41.9	48.0	53.8	65.3
2012-12-31	10745.0	0.0	2016.0	8492.0	7447.0	1463.0	492.0	41.9	48.3	54.1	65.6
