2005-11-22	142006.0	4533.0	5363.0	117857.0	117550.0	15477.0	14954.0	36.6	54.2	50.3	65.2
2005-11-29	141492.0	4782.0	5115.0	117140.0	116428.0	15409.0	15788.0	35.9	54.4	50.9	65.4
2005-12-06	138179.0	5866.0	4994.0	113867.0	115439.0	15027.0	14327.0	36.9	55.5	51.8	67.0
2005-12-13	144287.0	7704.0	4430.0	118081.0	121506.0	14825.0	14674.0	39.1	53.7	53.6	64.7
2005-12-20	142675.0	3174.0	4430.0	121765.0	121290.0	13147.0	12366.0	38.6	52.8	51.8	63.8
2005-12-27	142418.0	332.0	4120.0	121148.0	115732.0	14355.0	15983.0	42.3	52.9	55.6	63.7
2006-01-03	131543.0	0.0	9129.0	110368.0	99102.0	16670.0	18807.0	45.3	51.8	58.5	64.0
2006-01-10	138793.0	0.0	18560.0	122215.0	99773.0	13512.0	17394.0	38.9	54.9	53.1	65.1
2006-01-17	141829.0	0.0	11072.0	127371.0	109811.0	10154.0	16642.0	38.9	49.8	52.3	61.7
2006-01-24	145249.0	0.0	6798.0	129213.0	115552.0	10385.0	17248.0	38.3	48.7	51.1	59.1
2006-01-31	144263.0	462.0	3468.0	124807.0	118549.0	12195.0	15447.0	34.3	47.6	47.4	57.5
2006-02-07	141364.0	5554.0	2517.0	122882.0	121665.0	9592.0	13846.0	35.5	51.0	48.9	61.5
2006-02-14	149519.0	5753.0	2318.0	133870.0	131795.0	8075.0	13585.0	34.8	50.2	47.8	60.5
2006-02-21	151313.0	1302.0	3592.0	137445.0	128757.0	8919.0	15317.0	37.2	48.7	49.2	59.2
2006-02-28	154772.0	3355.0	5269.0	139635.0	130353.0	8039.0	15407.0	36.3	45.7	47.8	54.9
2006-03-07	146173.0	9080.0	5232.0	124865.0	124433.0	11022.0	15302.0	37.8	46.6	52.0	55.4
2006-03-14	146518.0	6961.0	5594.0	125047.0	125364.0	12553.0	13603.0	38.1	45.2	51.7	54.8
2006-03-21	150347.0	0.0	8495.0	137052.0	129511.0	10274.0	9320.0	40.1	43.4	51.7	52.2
2006-03-28	152196.0	0.0	8359.0	138348.0	130547.0	10547.0	9989.0	40.2	43.8	51.9	52.3
2006-04-04	146895.0	2240.0	4229.0	131262.0	129271.0	9855.0	9857.0	40.9	46.7	52.4	55.6
2006-04-11	148694.0	0.0	5377.0	134346.0	128923.0	9518.0	9564.0	40.8	43.6	52.3	52.7
2006-04-18	148910.0	0.0	10054.0	135196.0	124760.0	10967.0	11349.0	41.4	41.6	52.4	51.5
2006-04-25	149965.0	0.0	14463.0	137950.0	123544.0	10985.0	10928.0	41.5	42.6	53.0	52.3
2006-05-02	140688.0	0.0	7497.0	125807.0	119401.0	11725.0	10634.0	40.5	40.8	52.2	50.1
2006-05-09	136071.0	3534.0	2762.0	116209.0	118940.0	12293.0	10334.0	37.2	41.7	50.1	50.8
2006-05-16	140722.0	0.0	7465.0	123775.0	118425.0	12921.0	10806.0	37.4	40.8	52.8	52.0
2006-05-23	145609.0	0.0	3947.0	127506.0	124293.0	13403.0	12669.0	36.4	43.8	51.9	52.9
2006-05-30	154043.0	11520.0	1978.0	130703.0	139731.0	9651.0	10165.0	33.7	42.2	51.4	53.2
2006-06-06	151388.0	7887.0	1890.0	130049.0	132797.0	9834.0	13083.0	30.1	41.5	47.4	53.0
2006-06-13	155416.0	8844.0	1770.0	133630.0	136911.0	9531.0	13324.0	28.3	44.8	47.8	55.1
2006-06-20	159776.0	10871.0	2018.0	134999.0	140026.0	10448.0	14274.0	27.6	45.0	46.2	54.7
2006-06-27	161497.0	11295.0	1712.0	138764.0	144651.0	8131.0	11827.0	28.0	44.7	46.0	54.4
2006-07-03	152044.0	10017.0	1712.0	133080.0	138307.0	6669.0	9747.0	27.5	46.0	46.1	54.5
2006-07-11	157067.0	11410.0	0.0	133535.0	141638.0	8404.0	11711.0	26.7	46.3	44.9	55.0
2006-07-18	158422.0	10540.0	0.0	134333.0	143216.0	7968.0	9625.0	26.1	46.0	43.7	54.8
2006-07-25	163122.0	10839.0	365.0	134900.0	145060.0	11518.0	11832.0	26.1	43.3	43.2	52.7
2006-08-01	155221.0	10108.0	492.0	126432.0	136160.0	13520.0	13408.0	25.7	45.6	44.1	55.1
2006-08-08	158034.0	6556.0	342.0	129470.0	136292.0	14135.0	13527.0	24.6	43.9	41.0	53.1
2006-08-15	160480.0	0.0	2937.0	140525.0	136415.0	10068.0	11241.0	25.1	41.8	42.6	51.8
2006-08-22	162088.0	0.0	2846.0	146231.0	142726.0	8824.0	9483.0	28.2	43.6	46.1	54.6
2006-08-29	165149.0	0.0	2906.0	148289.0	145132.0	9794.0	10045.0	27.2	42.7	46.5	54.6
2006-09-05	158497.0	0.0	4149.0	139581.0	138201.0	12094.0	9325.0	28.4	43.6	47.8	53.2
2006-09-12	160188.0	0.0	3194.0	141417.0	141269.0	12163.0	9117.0	29.7	42.6	48.6	54.9
2006-09-19	172422.0	1326.0	1221.0	156200.0	152862.0	7467.0	10910.0	30.9	46.3	49.5	57.4
2006-09-26	175298.0	0.0	5258.0	160502.0	152717.0	8391.0	10918.0	31.9	46.1	50.4	56.0
2006-10-03	167417.0	0.0	4002.0	150738.0	142836.0	10188.0	14088.0	32.9	47.0	51.4	57.9
2006-10-10	170240.0	0.0	4768.0	151971.0	144102.0	12193.0	15294.0	32.0	45.0	50.5	57.2
2006-10-17	173625.0	0.0	3182.0	155025.0	148246.0	13031.0	16628.0	32.7	46.2	51.1	59.3
2006-10-24	173781.0	0.0	1401.0	151910.0	147756.0	15327.0	18080.0	29.4	42.4	47.7	58.1
2006-10-31	177032.0	3115.0	1040.0	152793.0	153807.0	14859.0	15920.0	28.4	41.5	46.2	58.0
2006-11-07	169783.0	310.0	5249.0	152465.0	145860.0	13121.0	14787.0	31.3	45.1	51.2	60.5
2006-11-14	170670.0	248.0	1676.0	153040.0	149670.0	12161.0	14103.0	32.1	46.5	50.8	61.9
2006-11-21	179064.0	4106.0	5153.0	154011.0	151705.0	15747.0	17006.0	31.1	44.6	49.8	59.5
2006-11-28	178855.0	2722.0	3072.0	153978.0	152338.0	15359.0	16649.0	31.1	44.4	49.8	59.4
2006-12-05	171616.0	4386.0	1694.0	141493.0	146757.0	19848.0	17276.0	31.1	47.0	50.1	61.1
2006-12-12	170628.0	1457.0	1882.0	152249.0	147707.0	11227.0	15344.0	30.6	46.9	49.5	60.6
2006-12-19	172713.0	909.0	5916.0	151530.0	145476.0	15751.0	16798.0	32.2	45.5	50.2	58.7
2006-12-26	173289.0	0.0	4989.0	155077.0	149905.0	13423.0	13606.0	31.8	45.0	49.8	58.9
2007-01-03	161346.0	205.0	5317.0	140600.0	132409.0	15873.0	18952.0	31.6	46.0	49.9	59.9
2007-01-09	163248.0	2834.0	3983.0	140884.0	136998.0	12054.0	14791.0	30.0	47.7	48.2	61.0
2007-01-16	170493.0	7166.0	3961.0	142409.0	141792.0	13530.0	17352.0	27.9	45.8	45.1	58.1
2007-01-23	177402.0	9366.0	5091.0	140934.0	144898.0	17987.0	18298.0	29.1	45.5	45.8	56.6
2007-01-30	184056.0	8605.0	5950.0	148867.0	149640.0	18591.0	20473.0	30.9	44.3	45.6	55.6
2007-02-06	181222.0	14633.0	7570.0	145207.0	148308.0	15574.0	19536.0	31.4	46.9	46.9	57.9
2007-02-13	180785.0	12958.0	7570.0	148715.0	151327.0	12378.0	15154.0	33.2	47.3	47.9	58.7
2007-02-20	183015.0	11379.0	10418.0	150335.0	152086.0	14995.0	14205.0	32.3	45.5	46.6	56.8
2007-02-27	191136.0	10675.0	8921.0	156455.0	160089.0	15093.0	13213.0	34.4	45.3	48.8	55.9
2007-03-06	182769.0	13100.0	8074.0	141195.0	149075.0	18586.0	15732.0	36.5	46.2	53.1	56.5
2007-03-13	182690.0	12120.0	10871.0	145570.0	146157.0	17179.0	17841.0	35.8	47.4	53.0	57.6
2007-03-20	183321.0	11207.0	13386.0	146010.0	144588.0	18332.0	17575.0	36.7	47.2	51.4	58.2
2007-03-27	180784.0	9720.0	12982.0	142507.0	144301.0	19482.0	14426.0	33.9	45.5	48.4	56.2
2007-04-03	172366.0	10164.0	5188.0	129349.0	142040.0	23153.0	15438.0	34.2	46.6	48.9	57.0
2007-04-10	177094.0	9069.0	3276.0	134190.0	146892.0	24014.0	17105.0	33.1	45.4	48.6	55.8
2007-04-17	176127.0	9278.0	3808.0	134533.0	130135.0	22479.0	32347.0	32.0	41.1	48.1	48.9
2007-04-24	177359.0	9266.0	3380.0	135191.0	148846.0	21789.0	14020.0	29.9	45.2	45.8	56.2
2007-05-01	167333.0	11304.0	3962.0	124818.0	138919.0	22161.0	15402.0	29.9	44.7	45.9	56.7
2007-05-08	172127.0	9762.0	5679.0	127931.0	141836.0	23128.0	13306.0	30.5	43.1	45.6	55.1
2007-05-15	181214.0	13382.0	7266.0	135331.0	149076.0	20434.0	12805.0	28.3	42.4	43.3	54.6
2007-05-22	183221.0	10265.0	6982.0	136351.0	148808.0	22835.0	13661.0	27.2	40.9	41.7	52.5
2007-05-29	188212.0	9721.0	5519.0	140553.0	154863.0	23354.0	13246.0	29.4	41.6	44.6	54.1
2007-06-05	173459.0	8876.0	8148.0	129452.0	144416.0	24717.0	10481.0	28.7	41.5	44.5	53.1
2007-06-12	176577.0	8329.0	10448.0	132512.0	144716.0	25730.0	11407.0	27.5	39.4	43.0	51.4
2007-06-19	176400.0	7924.0	6165.0	133003.0	146684.0	24011.0	12089.0	27.6	39.4	43.1	51.9
2007-06-26	175183.0	3085.0	5377.0	139100.0	147288.0	21015.0	10535.0	27.4	38.6	43.2	49.8
2007-07-03	169980.0	1867.0	6473.0	138987.0	141064.0	17416.0	10733.0	30.5	37.1	46.5	47.4
2007-07-10	174384.0	1271.0	8497.0	144487.0	144124.0	17170.0	10307.0	29.9	37.3	45.1	47.8
2007-07-17	177680.0	783.0	8003.0	148448.0	145979.0	16984.0	12233.0	29.4	36.7	45.2	46.7
2007-07-24	183037.0	1186.0	11834.0	156046.0	148974.0	15022.0	11446.0	31.2	35.9	47.5	47.8
2007-07-31	185052.0	1099.0	14018.0	159750.0	148204.0	13406.0	12033.0	30.8	34.6	46.1	47.6
2007-08-07	178015.0	3591.0	16425.0	153077.0	141383.0	14781.0	13641.0	33.2	35.3	46.9	48.6
2007-08-14	178370.0	3805.0	18220.0	151589.0	139567.0	16822.0	14429.0	32.0	36.5	46.5	50.3
2007-08-21	180967.0	4549.0	14934.0	151098.0	144884.0	17975.0	13804.0	32.3	34.3	46.0	48.2
2007-08-28	186648.0	5528.0	14763.0	155810.0	151054.0	16311.0	11832.0	31.5	32.6	44.5	46.7
2007-09-04	176996.0	4801.0	15736.0	145288.0	142355.0	18976.0	10974.0	29.9	31.0	43.0	47.1
2007-09-11	188875.0	5927.0	14415.0	158013.0	155954.0	16031.0	9602.0	27.5	27.6	40.9	42.9
2007-09-18	198770.0	6231.0	13715.0	167966.0	167571.0	16268.0	9179.0	30.3	25.8	44.5	43.0
2007-09-25	205850.0	3598.0	11227.0	175262.0	174869.0	17114.0	9878.0	33.0	25.1	46.7	41.6
2007-10-02	209073.0	4173.0	14277.0	176612.0	173275.0	16026.0	9259.0	36.7	24.9	49.2	43.8
2007-10-09	217051.0	3245.0	11890.0	184001.0	181817.0	16227.0	9766.0	37.3	25.4	49.3	43.0
2007-10-16	222366.0	4108.0	13139.0	186211.0	184714.0	18225.0	10691.0	37.9	25.6	49.9	43.5
2007-10-23	225006.0	587.0	13775.0	190599.0	184665.0	17642.0	10388.0	36.7	25.4	48.2	42.5
2007-10-30	227062.0	368.0	13044.0	196404.0	191755.0	15903.0	7876.0	36.9	28.2	48.5	44.4
2007-11-06	218199.0	3481.0	13006.0	188338.0	187405.0	15514.0	6922.0	37.0	29.8	47.6	45.0
2007-11-13	219362.0	3967.0	12346.0	187421.0	189091.0	18261.0	8212.0	37.1	31.4	47.7	47.3
2007-11-20	223415.0	2964.0	13746.0	193254.0	191208.0	16819.0	8083.0	36.8	31.1	47.3	46.1
2007-11-27	222749.0	2964.0	12199.0	191260.0	190606.0	17872.0	9291.0	36.7	31.1	47.3	46.6
2007-12-04	219285.0	4580.0	11090.0	184898.0	189323.0	18040.0	7105.0	35.2	31.1	45.0	46.0
2007-12-11	218940.0	4944.0	11793.0	187239.0	187870.0	17548.0	10068.0	33.4	30.9	44.5	46.0
2007-12-18	217542.0	9009.0	11582.0	186054.0	190667.0	14475.0	7289.0	31.9	30.5	43.3	46.8
2007-12-24	216667.0	10856.0	11626.0	182222.0	190575.0	16266.0	7143.0	33.6	30.4	45.6	47.1
2007-12-31	216074.0	10733.0	10212.0	181678.0	190561.0	16178.0	7816.0	34.0	30.5	45.9	47.1
2008-01-08	207112.0	9299.0	7033.0	172824.0	182206.0	17586.0	10470.0	33.0	29.8	44.7	45.3
2008-01-15	212158.0	7721.0	5050.0	176412.0	184926.0	16470.0	10627.0	31.7	28.8	42.6	43.3
2008-01-22	218296.0	9631.0	8256.0	180315.0	188286.0	16305.0	9709.0	31.5	27.9	43.1	43.2
2008-01-29	231381.0	10858.0	13239.0	189262.0	195239.0	17983.0	9625.0	31.1	27.1	42.0	43.8
2008-02-05	230609.0	11191.0	16620.0	190891.0	194111.0	16801.0	8152.0	29.4	28.8	40.6	44.1
2008-02-12	240430.0	6081.0	16144.0	204010.0	199447.0	15048.0	9548.0	31.2	27.7	42.4	43.2
2008-02-19	238792.0	5193.0	14403.0	206681.0	199755.0	13467.0	11183.0	32.1	27.0	43.2	41.8
2008-02-26	241991.0	6351.0	9592.0	208120.0	207459.0	13073.0	10493.0	31.7	25.5	43.1	40.5
2008-03-04	234663.0	14052.0	6159.0	192714.0	201892.0	15263.0	13978.0	33.2	25.5	44.8	41.6
2008-03-11	240551.0	15252.0	9519.0	198051.0	205593.0	15534.0	13725.0	33.5	25.9	45.5	42.1
2008-03-18	236657.0	14138.0	874.0	193218.0	205951.0	15066.0	15597.0	34.0	26.4	45.7	40.9
2008-03-25	247862.0	14598.0	8765.0	206848.0	211040.0	12417.0	14058.0	34.1	24.6	45.7	39.5
2008-04-01	232954.0	11255.0	9012.0	198148.0	197818.0	12181.0	14754.0	36.3	25.1	47.3	40.0
2008-04-08	239622.0	12709.0	15792.0	203504.0	201637.0	13514.0	12298.0	36.1	26.0	46.6	42.5
2008-04-15	251064.0	14254.0	11187.0	211977.0	214615.0	13442.0	13871.0	36.7	24.3	47.5	40.4
2008-04-22	263000.0	11317.0	9271.0	225593.0	223947.0	11355.0	15047.0	36.9	22.9	46.8	37.0
2008-04-29	265427.0	9327.0	8990.0	228076.0	224949.0	11437.0	14901.0	36.6	21.5	46.4	34.5
2008-05-06	249269.0	11683.0	14914.0	213333.0	208419.0	11036.0	12719.0	35.9	22.5	46.4	35.8
2008-05-13	251587.0	11683.0	9226.0	214549.0	214671.0	11056.0	13391.0	33.0	20.4	44.5	32.0
2008-05-20	253825.0	11038.0	5152.0	217599.0	222441.0	10565.0	11609.0	32.5	20.1	43.2	32.3
2008-05-27	253881.0	11962.0	5136.0	216202.0	222058.0	10634.0	11604.0	32.0	19.1	43.4	31.7
2008-06-03	239072.0	9289.0	6742.0	204348.0	207649.0	10677.0	9923.0	29.6	18.7	42.6	30.3
2008-06-10	241291.0	11721.0	5982.0	204326.0	211823.0	10547.0	8789.0	28.0	19.3	40.7	30.5
2008-06-17	244284.0	13379.0	2772.0	204401.0	218583.0	11398.0	7823.0	26.2	19.8	38.4	30.9
2008-06-24	245842.0	13595.0	1349.0	205177.0	220714.0	10723.0	7432.0	26.0	20.0	38.0	31.0
2008-07-01	231971.0	10946.0	2266.0	196752.0	208111.0	10516.0	7837.0	25.2	20.5	38.0	30.4
2008-07-08	234338.0	8545.0	1448.0	201763.0	210324.0	8902.0	7438.0	25.3	20.0	36.9	29.8
2008-07-15	236296.0	6325.0	3631.0	206038.0	209753.0	8795.0	7774.0	24.9	19.6	36.8	28.2
2008-07-22	235838.0	9306.0	1924.0	201616.0	208133.0	6774.0	7639.0	22.8	19.4	34.0	28.2
2008-07-29	234059.0	5523.0	6639.0	201692.0	199084.0	7181.0	8673.0	23.2	18.7	35.0	27.1
2008-08-05	220458.0	4961.0	8090.0	192537.0	186468.0	8021.0	10961.0	23.9	19.1	35.8	27.2
2008-08-12	226203.0	4961.0	10756.0	198610.0	189704.0	8534.0	11645.0	23.1	17.9	34.6	27.7
2008-08-19	229006.0	4806.0	10062.0	200618.0	189887.0	8733.0	14208.0	22.9	18.2	34.6	28.0
2008-08-26	236598.0	6182.0	12288.0	204936.0	194348.0	9155.0	13637.0	22.1	17.1	33.5	27.5
2008-09-02	221829.0	5136.0	3232.0	185099.0	185608.0	12702.0	14097.0	21.2	19.9	32.4	29.1
2008-09-09	227080.0	3908.0	3481.0	189897.0	189378.0	13309.0	14255.0	22.3	21.3	34.6	30.4
2008-09-16	245140.0	7268.0	5103.0	203733.0	204641.0	14156.0	15413.0	24.7	21.5	35.9	31.1
2008-09-23	252023.0	6001.0	5677.0	211704.0	211735.0	12715.0	13008.0	26.2	22.7	37.1	34.7
2008-09-30	260097.0	10424.0	5986.0	219271.0	224888.0	11490.0	10311.0	25.5	22.4	36.2	34.4
2008-10-07	250206.0	7763.0	6640.0	212013.0	215395.0	12469.0	10210.0	24.8	24.6	35.1	36.4
2008-10-14	248822.0	4850.0	4450.0	209361.0	213561.0	15365.0	11565.0	24.8	23.3	35.7	35.8
2008-10-21	252523.0	5084.0	5243.0	215400.0	218537.0	15197.0	11901.0	23.5	22.6	34.5	36.0
2008-10-28	258246.0	2769.0	7480.0	223455.0	223056.0	14184.0	9872.0	24.0	23.9	35.3	36.5
2008-11-04	244449.0	2114.0	10777.0	214983.0	208931.0	13403.0	10792.0	24.7	23.6	35.9	36.7
2008-11-11	250042.0	1165.0	9237.0	220975.0	214132.0	13899.0	12670.0	24.6	24.0	35.8	37.1
2008-11-18	257576.0	2300.0	11264.0	227366.0	221091.0	14252.0	11563.0	25.8	25.7	36.5	37.6
2008-11-25	262252.0	3999.0	5664.0	227845.0	229617.0	14490.0	11053.0	24.6	27.2	36.4	38.4
2008-12-02	250020.0	1244.0	5927.0	216491.0	217492.0	17276.0	11592.0	25.7	27.4	37.8	39.0
2008-12-09	253302.0	452.0	7925.0	219810.0	219184.0	18260.0	11413.0	24.9	27.3	36.7	38.7
2008-12-16	265314.0	1218.0	5596.0	227456.0	230754.0	19420.0	11744.0	25.7	27.3	37.5	39.1
2008-12-22	268016.0	98.0	9063.0	232681.0	229397.0	19410.0	13729.0	27.1	27.7	39.0	39.5
2008-12-30	271251.0	1164.0	12653.0	238009.0	233353.0	19379.0	12546.0	28.2	27.3	41.2	39.6
2009-01-06	257748.0	183.0	10103.0	226727.0	222470.0	18013.0	12350.0	27.9	27.6	41.7	39.9
2009-01-13	266784.0	1330.0	3491.0	231201.0	235322.0	18514.0	12232.0	27.0	27.1	38.3	40.0
2009-01-20	271239.0	643.0	6191.0	234465.0	236785.0	18878.0	11010.0	27.2	26.9	39.4	40.2
2009-01-27	278892.0	568.0	12115.0	248684.0	241982.0	14833.0	9988.0	28.4	25.9	40.5	38.6
2009-02-03	259037.0	1838.0	9037.0	228149.0	226434.0	16759.0	11275.0	29.1	27.6	39.2	40.5
2009-02-10	267759.0	1670.0	3886.0	231627.0	232938.0	17734.0	14207.0	27.3	27.5	35.4	38.9
2009-02-17	272934.0	6632.0	2379.0	231116.0	240276.0	19307.0	14400.0	26.7	27.4	34.9	38.4
2009-02-24	273915.0	7859.0	2349.0	232402.0	243156.0	18190.0	12946.0	25.6	27.1	33.9	38.6
2009-03-03	258441.0	12775.0	1700.0	211422.0	208696.0	20514.0	34315.0	24.5	26.9	34.9	36.1
2009-03-10	268224.0	19510.0	1700.0	215356.0	236704.0	19939.0	16401.0	21.5	26.8	33.1	40.6
2009-03-17	270141.0	12728.0	1948.0	221196.0	235834.0	18597.0	14739.0	22.1	26.7	31.8	40.4
2009-03-24	271790.0	15634.0	2316.0	225655.0	242798.0	17950.0	14125.0	22.3	27.3	32.3	40.5
2009-03-31	286213.0	12000.0	2350.0	238612.0	252492.0	19619.0	15389.0	21.9	26.4	31.7	41.8
2009-04-07	276860.0	14306.0	2350.0	228108.0	246350.0	21247.0	14961.0	22.2	27.3	33.0	43.8
2009-04-14	278442.0	10938.0	1798.0	232267.0	246535.0	21182.0	16054.0	24.0	27.7	34.3	44.1
2009-04-21	280361.0	9549.0	2440.0	232725.0	245536.0	20466.0	14764.0	24.5	28.1	34.3	44.6
2009-04-28	286395.0	12302.0	2138.0	235576.0	250904.0	20025.0	14861.0	26.6	28.7	37.0	45.0
2009-05-05	272107.0	11124.0	0.0	226231.0	239693.0	18156.0	15818.0	27.4	29.5	37.1	46.0
2009-05-12	272590.0	20029.0	0.0	222302.0	243563.0	17580.0	16348.0	26.2	29.1	37.8	46.0
2009-05-19	276422.0	16287.0	0.0	229491.0	246537.0	16997.0	16238.0	25.9	28.2	37.3	45.1
2009-05-26	277030.0	17979.0	0.0	228967.0	248073.0	17361.0	16234.0	26.1	27.3	36.8	44.1
2009-06-02	267510.0	22653.0	0.0	218450.0	242227.0	17423.0	16299.0	26.5	27.7	38.3	45.4
2009-06-09	270595.0	17544.0	0.0	222341.0	241223.0	17924.0	16586.0	26.2	27.0	37.5	44.3
2009-06-16	273790.0	18759.0	400.0	225138.0	247345.0	18286.0	14438.0	28.4	25.0	40.2	43.1
2009-06-23	275860.0	19207.0	452.0	225753.0	249622.0	18587.0	13473.0	28.5	24.3	40.1	42.3
2009-06-30	280003.0	17514.0	971.0	230829.0	252163.0	18155.0	13364.0	29.3	23.7	40.3	42.2
2009-07-07	263784.0	22376.0	1064.0	214116.0	238192.0	17046.0	14282.0	30.5	25.3	42.8	43.9
2009-07-14	264579.0	20912.0	1064.0	215832.0	238566.0	17201.0	14315.0	30.0	25.1	41.9	43.6
2009-07-21	265415.0	21480.0	1064.0	214028.0	236682.0	19033.0	16795.0	30.0	25.0	41.9	43.4
2009-07-28	267813.0	16392.0	1064.0	220034.0	237026.0	18211.0	16547.0	30.1	24.6	40.8	42.8
2009-08-04	259825.0	14818.0	726.0	214306.0	231516.0	18075.0	14957.0	31.8	24.5	43.1	42.1
2009-08-11	262480.0	13432.0	1041.0	216940.0	233815.0	18711.0	14227.0	30.7	24.8	41.8	42.4
2009-08-18	264512.0	13304.0	1413.0	217374.0	234632.0	19985.0	14618.0	30.7	24.1	40.7	41.5
2009-08-25	269313.0	13832.0	1751.0	221189.0	239242.0	20044.0	14072.0	30.2	23.9	39.8	41.1
2009-09-01	256961.0	17725.0	1297.0	207741.0	230534.0	19951.0	13586.0	30.9	24.6	41.7	42.1
2009-09-08	258141.0	13879.0	490.0	213008.0	231332.0	18646.0	13711.0	30.7	24.4	41.0	42.4
2009-09-15	258892.0	15215.0	0.0	212728.0	232739.0	18411.0	13615.0	30.8	24.3	41.2	42.3
2009-09-22	260255.0	18749.0	0.0	212514.0	235824.0	15669.0	11108.0	30.1	25.0	40.7	43.0
2009-09-29	260858.0	19367.0	0.0	211985.0	238137.0	16045.0	9260.0	29.7	25.6	40.8	44.2
2009-10-06	247806.0	23711.0	0.0	198528.0	225537.0	15308.0	12010.0	29.3	27.2	42.8	45.6
2009-10-13	249307.0	25675.0	178.0	197199.0	226009.0	14689.0	11376.0	28.7	26.6	42.6	45.0
2009-10-20	248915.0	24990.0	178.0	198590.0	226886.0	14720.0	11236.0	28.0	27.4	42.7	45.8
2009-10-27	252823.0	21144.0	178.0	202671.0	227130.0	13824.0	10331.0	25.2	26.9	39.4	44.4
2009-11-03	242289.0	20589.0	0.0	193095.0	217396.0	15846.0	12134.0	25.4	27.8	40.3	45.4
2009-11-09	246603.0	15097.0	0.0	199275.0	218380.0	17190.0	13182.0	25.4	26.8	38.5	43.3
2009-11-17	245474.0	8198.0	0.0	202989.0	217926.0	17952.0	11213.0	27.3	27.6	39.9	44.6
2009-11-24	246904.0	6185.0	0.0	205370.0	218474.0	18044.0	11125.0	28.1	27.5	40.6	44.4
2009-12-01	235844.0	5227.0	290.0	197291.0	208849.0	16848.0	10227.0	29.1	28.8	42.4	45.6
2009-12-08	237154.0	5520.0	854.0	197244.0	208507.0	16938.0	10341.0	29.5	28.5	42.3	45.1
2009-12-15	237271.0	8185.0	1021.0	198163.0	212300.0	16692.0	9719.0	29.1	28.5	41.6	45.0
2009-12-22	237386.0	8174.0	950.0	199587.0	214983.0	18702.0	10530.0	28.7	28.9	41.1	44.8
2009-12-29	237812.0	9012.0	0.0	199398.0	216369.0	18521.0	10562.0	28.5	29.0	41.0	44.8
2010-01-05	234938.0	6791.0	662.0	203692.0	215081.0	12908.0	7648.0	33.0	29.1	45.8	45.8
2010-01-12	236876.0	5274.0	547.0	205154.0	216395.0	14127.0	7613.0	33.1	29.0	45.9	45.5
2010-01-19	239567.0	8759.0	0.0	204757.0	220526.0	14485.0	7475.0	32.9	28.7	45.2	45.5
2010-01-26	241553.0	10786.0	0.0	204463.0	223139.0	15377.0	7487.0	32.2	28.0	44.7	45.2
2010-02-02	231162.0	5305.0	133.0	200100.0	213416.0	14480.0	6336.0	32.7	28.4	44.6	45.8
2010-02-09	229185.0	6963.0	225.0	195940.0	211525.0	15397.0	6550.0	32.2	28.3	43.8	44.9
2010-02-16	231858.0	7030.0	0.0	198785.0	214606.0	15143.0	6352.0	32.0	27.2	43.2	43.6
2010-02-23	231117.0	7545.0	0.0	198215.0	215772.0	15829.0	5817.0	31.2	27.5	42.3	44.0
2010-03-02	226739.0	6677.0	658.0	192345.0	209161.0	17611.0	6814.0	28.1	27.5	40.4	43.6
2010-03-09	226307.0	7477.0	294.0	190653.0	208721.0	17881.0	6996.0	28.6	27.7	41.1	44.9
2010-03-16	230309.0	7377.0	1516.0	192994.0	210876.0	19156.0	7135.0	28.3	27.0	41.1	44.6
2010-03-23	229540.0	8243.0	1683.0	191224.0	210220.0	19441.0	7005.0	28.4	25.9	41.7	44.1
2010-03-30	230755.0	6412.0	953.0	194032.0	211953.0	19489.0	7027.0	28.0	25.4	41.6	44.3
2010-04-06	220870.0	7870.0	0.0	185713.0	204145.0	17515.0	6953.0	28.1	25.7	41.2	43.5
2010-04-13	224061.0	7388.0	0.0	188070.0	206317.0	18069.0	7210.0	26.5	25.2	38.8	43.3
2010-04-20	224531.0	8397.0	0.0	187297.0	207769.0	18312.0	6237.0	25.9	25.4	37.3	42.9
2010-04-27	224376.0	6808.0	0.0	189450.0	207197.0	16984.0	6045.0	25.8	25.4	37.0	42.9
2010-05-04	216145.0	6979.0	166.0	178225.0	198359.0	19280.0	5959.0	25.5	25.4	36.4	42.5
2010-05-11	216195.0	6461.0	824.0	180313.0	197298.0	18374.0	7026.0	25.7	25.4	36.8	42.1
2010-05-18	220779.0	6073.0	608.0	188515.0	204541.0	15833.0	5272.0	25.0	24.9	36.5	41.9
2010-05-25	224662.0	5862.0	480.0	192160.0	207260.0	15507.0	5789.0	25.1	24.5	36.6	41.2
2010-06-01	213057.0	5700.0	360.0	182767.0	196954.0	14352.0	5505.0	24.4	24.9	36.3	41.0
2010-06-08	215841.0	5910.0	360.0	185841.0	200375.0	14481.0	5497.0	25.8	24.5	37.2	40.7
2010-06-15	214724.0	9489.0	360.0	181677.0	199635.0	14450.0	5621.0	25.9	23.2	37.4	40.4
2010-06-22	216389.0	9866.0	0.0	182711.0	200380.0	14557.0	6754.0	25.4	23.0	36.9	39.1
2010-06-29	217190.0	8495.0	0.0	184995.0	201265.0	14002.0	6227.0	24.6	22.9	35.9	39.0
2010-07-06	204232.0	8552.0	0.0	173744.0	189594.0	13888.0	6590.0	24.9	23.1	36.6	39.1
2010-07-13	205026.0	7189.0	0.0	174541.0	189872.0	14124.0	5982.0	24.9	23.1	36.3	38.5
2010-07-20	204086.0	5401.0	0.0	172694.0	187126.0	15851.0	6820.0	25.5	23.2	36.6	39.5
2010-07-27	203502.0	4982.0	124.0	172396.0	186349.0	15851.0	6756.0	25.2	22.7	36.9	38.9
2010-08-03	189468.0	5698.0	248.0	160425.0	173657.0	14471.0	6689.0	25.0	23.6	35.5	40.5
2010-08-10	190884.0	8789.0	248.0	159803.0	176329.0	14698.0	6713.0	24.8	23.5	35.7	40.8
2010-08-17	191909.0	9791.0	278.0	159978.0	177073.0	14516.0	6934.0	24.8	23.8	36.7	41.3
2010-08-24	191967.0	8571.0	278.0	162550.0	178765.0	13950.0	6028.0	24.8	23.5	36.1	41.2
2010-08-31	192950.0	8611.0	278.0	162615.0	179154.0	14813.0	6607.0	24.7	23.0	35.6	40.6
2010-09-07	182212.0	7456.0	248.0	153289.0	168285.0	14248.0	6460.0	25.0	24.1	37.0	41.9
2010-09-14	181194.0	7015.0	248.0	151654.0	166642.0	14983.0	6762.0	25.1	24.1	37.1	42.0
2010-09-21	182139.0	9026.0	248.0	151439.0	167746.0	14379.0	6850.0	25.0	23.8	37.7	42.1
2010-09-28	181303.0	7237.0	248.0	153627.0	166173.0	12317.0	6760.0	25.1	23.7	37.2	42.5
2010-10-05	165397.0	5383.0	0.0	140768.0	152476.0	12542.0	6217.0	26.1	26.0	39.4	45.2
2010-10-12	168808.0	5762.0	1443.0	144874.0	155496.0	12353.0	6050.0	25.9	26.7	39.5	45.5
2010-10-19	170775.0	5651.0	125.0	145770.0	157297.0	12353.0	6352.0	25.7	26.2	38.9	44.8
2010-10-26	170939.0	4483.0	429.0	146300.0	157051.0	13209.0	6512.0	25.6	26.1	38.1	44.7
2010-11-02	163146.0	5468.0	0.0	135570.0	149845.0	14889.0	6082.0	26.3	26.7	38.3	45.1
2010-11-09	163619.0	5890.0	0.0	135531.0	150278.0	14951.0	6094.0	26.2	26.7	38.2	45.0
2010-11-16	162541.0	4818.0	0.0	135839.0	148714.0	14151.0	6094.0	26.4	26.8	38.6	45.0
2010-11-23	163866.0	7686.0	0.0	136285.0	150837.0	12991.0	6125.0	26.2	26.5	37.4	44.6
2010-11-30	163867.0	7616.0	0.0	135948.0	150436.0	12991.0	6119.0	26.7	26.5	37.9	44.6
2010-12-07	153013.0	7716.0	0.0	124704.0	138681.0	14786.0	8525.0	28.2	28.7	40.3	46.7
2010-12-14	153357.0	6829.0	296.0	124503.0	137756.0	15245.0	8525.0	28.3	28.7	40.4	46.6
2010-12-21	153712.0	6909.0	1110.0	125176.0	137833.0	15343.0	8485.0	28.3	28.6	40.7	46.5
2010-12-28	154106.0	6642.0	1902.0	125464.0	137194.0	15421.0	8431.0	28.2	28.6	40.8	46.4
2011-01-04	146912.0	8111.0	0.0	118711.0	133264.0	14076.0	7634.0	28.4	29.3	41.2	47.1
2011-01-11	148696.0	9369.0	0.0	119119.0	134801.0	13923.0	7610.0	27.9	28.8	40.3	46.2
2011-01-18	152330.0	10648.0	0.0	122388.0	139515.0	14137.0	7658.0	27.6	31.5	41.2	48.5
2011-01-25	155431.0	11135.0	0.0	125610.0	142916.0	14205.0	8034.0	27.5	32.8	43.3	49.4
2011-02-01	149024.0	10567.0	0.0	120073.0	137574.0	14755.0	7821.0	28.4	33.6	43.6	50.2
2011-02-08	148698.0	10401.0	0.0	120467.0	137013.0	14144.0	7999.0	28.3	33.7	43.3	50.3
2011-02-15	149029.0	9553.0	0.0	121824.0	137700.0	14270.0	7947.0	28.2	33.6	43.0	50.3
2011-02-22	149008.0	9974.0	0.0	122465.0	138070.0	13321.0	7690.0	28.2	33.6	43.0	50.3
2011-03-01	143136.0	11828.0	0.0	115747.0	133970.0	13407.0	7012.0	29.0	34.1	44.5	50.7
2011-03-08	143246.0	10840.0	0.0	115843.0	133758.0	13967.0	6892.0	29.6	34.1	44.1	50.6
2011-03-15	143832.0	10344.0	0.0	116127.0	133598.0	14437.0	7310.0	29.5	33.6	44.2	50.1
2011-03-22	143967.0	10287.0	0.0	116538.0	133599.0	14075.0	7301.0	29.5	33.5	44.1	50.0
2011-03-29	144384.0	11291.0	0.0	116934.0	134135.0	13241.0	7331.0	29.4	33.5	43.8	49.9
2011-04-05	136356.0	10224.0	0.0	109964.0	126741.0	13491.0	6938.0	29.7	34.3	43.8	50.6
2011-04-12	137176.0	7152.0	0.0	111985.0	127278.0	14589.0	6448.0	29.5	34.7	42.9	50.9
2011-04-19	136743.0	7402.0	0.0	111659.0	126528.0	14589.0	7122.0	29.6	34.8	43.5	51.0
2011-04-26	136928.0	6396.0	0.0	112169.0	126032.0	14589.0	7122.0	29.5	34.8	42.9	51.0
2011-05-03	128636.0	5584.0	0.0	106199.0	118864.0	13661.0	6580.0	29.9	35.6	42.5	51.7
2011-05-10	128115.0	4236.0	0.0	105945.0	117444.0	13783.0	6520.0	30.0	34.9	41.5	51.1
2011-05-17	128214.0	5168.0	0.0	105676.0	118007.0	13783.0	6620.0	29.5	34.8	40.5	50.9
2011-05-24	130320.0	4623.0	375.0	107604.0	118672.0	14175.0	7355.0	29.7	33.9	40.5	49.7
2011-05-31	130538.0	5306.0	0.0	106832.0	118958.0	14175.0	7355.0	29.7	33.8	40.9	49.7
2011-06-07	122426.0	4210.0	0.0	101360.0	111340.0	12683.0	6913.0	30.1	34.6	40.1	50.4
2011-06-14	124018.0	4325.0	0.0	102129.0	112899.0	12379.0	5934.0	29.7	34.1	39.5	49.4
2011-06-21	123854.0	4005.0	0.0	102145.0	112719.0	12503.0	5934.0	29.7	34.2	39.6	49.5
2011-06-28	124530.0	4337.0	0.0	102249.0	113341.0	12689.0	5934.0	29.5	34.0	39.5	49.2
2011-07-05	117382.0	4523.0	864.0	97375.0	107117.0	12425.0	6342.0	29.5	35.0	41.6	50.0
2011-07-12	117190.0	4467.0	596.0	97099.0	107053.0	12425.0	6342.0	29.5	35.1	41.7	50.1
2011-07-19	117260.0	4451.0	504.0	97177.0	107181.0	12429.0	6372.0	29.5	35.0	41.6	50.1
2011-07-26	117273.0	4191.0	442.0	97184.0	107300.0	12615.0	6248.0	29.7	35.0	41.6	50.1
2011-08-02	110037.0	4383.0	395.0	90434.0	100741.0	11203.0	4884.0	29.9	36.5	43.2	51.5
2011-08-09	110353.0	4371.0	319.0	90658.0	100725.0	11203.0	5188.0	29.9	36.4	43.1	51.4
2011-08-16	110605.0	4439.0	271.0	90868.0	101094.0	11097.0	5039.0	29.8	36.3	43.0	51.3
2011-08-23	110649.0	4439.0	331.0	90928.0	101094.0	11097.0	5039.0	29.8	36.3	43.0	51.3
2011-08-30	111086.0	4732.0	343.0	92043.0	101754.0	10241.0	4919.0	29.7	36.1	42.9	51.0
2011-09-06	103913.0	4371.0	0.0	85809.0	88133.0	10013.0	12060.0	29.8	35.2	45.1	46.8
2011-09-13	103989.0	4283.0	0.0	85897.0	95809.0	10013.0	4384.0	29.7	37.1	45.1	52.1
2011-09-20	104345.0	4491.0	0.0	86001.0	96121.0	10013.0	4384.0	29.6	37.3	44.9	52.2
2011-09-27	106780.0	5087.0	0.0	88103.0	98997.0	10191.0	4384.0	29.0	36.4	43.9	53.0
2011-10-04	98269.0	4860.0	0.0	80084.0	90948.0	10818.0	4814.0	31.0	37.7	47.1	55.7
2011-10-11	98426.0	4558.0	0.0	80386.0	90948.0	10791.0	4787.0	30.9	37.7	47.0	55.6
2011-10-18	98461.0	4141.0	0.0	80553.0	90698.0	10791.0	4787.0	30.9	37.4	46.8	55.3
2011-10-25	98296.0	4283.0	0.0	80411.0	90698.0	10791.0	4787.0	30.9	37.4	46.9	55.4
2011-11-01	92989.0	3859.0	0.0	76557.0	86114.0	9938.0	4240.0	31.2	37.7	48.4	56.4
2011-11-08	92917.0	3296.0	0.0	77029.0	86023.0	9917.0	4219.0	31.3	37.8	48.5	56.5
2011-11-15	93208.0	2901.0	0.0	77451.0	85194.0	9917.0	5075.0	31.2	37.5	48.4	56.1
2011-11-22	93375.0	2838.0	499.0	77677.0	85194.0	9998.0	4820.0	31.1	36.9	48.3	56.0
2011-11-29	93330.0	2786.0	499.0	77729.0	85194.0	9917.0	4739.0	31.1	36.9	48.4	56.1
2011-12-06	87434.0	2224.0	16.0	72342.0	74385.0	9870.0	10035.0	32.5	37.6	51.7	58.0
2011-12-13	87353.0	2052.0	0.0	73224.0	74255.0	9014.0	10035.0	32.6	37.4	51.8	57.9
2011-12-20	87837.0	1987.0	86.0	73499.0	74627.0	9231.0	10004.0	32.4	37.2	51.8	57.6
2011-12-27	87964.0	2106.0	0.0	73470.0	74803.0	9231.0	10004.0	32.3	37.2	51.7	57.5
2012-01-03	82853.0	1065.0	287.0	69763.0	70131.0	9157.0	9567.0	32.7	37.3	53.0	58.4
2012-01-10	83161.0	1297.0	315.0	70763.0	70537.0	8301.0	9509.0	32.7	37.0	53.0	58.0
2012-01-17	83891.0	1164.0	443.0	71552.0	70537.0	8301.0	10037.0	32.4	36.0	52.8	56.9
2012-01-24	84496.0	233.0	591.0	71833.0	70595.0	9157.0	10037.0	32.2	35.8	52.7	56.5
2012-01-31	84297.0	173.0	646.0	71697.0	70344.0	9157.0	10037.0	32.3	35.6	52.7	56.3
2012-02-07	80710.0	0.0	1285.0	68654.0	67018.0	10920.0	11271.0	33.6	35.1	55.1	56.3
2012-02-14	80940.0	31.0	1317.0	69554.0	67266.0	8800.0	9802.0	33.5	35.0	55.0	56.2
2012-02-21	81286.0	0.0	1556.0	69948.0	67390.0	8800.0	9802.0	33.3	34.8	55.3	55.9
2012-02-28	82347.0	337.0	1653.0	70523.0	68313.0	8800.0	9694.0	32.9	34.0	54.5	54.8
2012-03-06	77159.0	0.0	2409.0	66831.0	63582.0	9189.0	10029.0	34.0	34.3	54.9	55.5
2012-03-13	77664.0	0.0	2104.0	67906.0	64226.0	8333.0	9909.0	33.7	34.0	55.1	55.1
2012-03-20	77687.0	0.0	1737.0	67527.0	64214.0	8333.0	9909.0	33.7	33.6	54.3	54.6
2012-03-27	77965.0	0.0	1565.0	67703.0	64550.0	8333.0	9921.0	33.8	33.4	54.4	54.4
2012-04-03	72746.0	0.0	1846.0	62919.0	59747.0	8349.0	9675.0	34.7	34.6	54.0	54.1
2012-04-10	72870.0	0.0	1846.0	63717.0	60049.0	7675.0	9497.0	34.6	34.5	53.9	54.1
2012-04-17	72978.0	0.0	1942.0	63844.0	60080.0	7675.0	9497.0	34.6	34.5	54.2	54.0
2012-04-24	73709.0	0.0	1509.0	64354.0	61023.0	7675.0	9497.0	34.3	34.1	54.4	53.5
2012-05-01	70268.0	0.0	2300.0	60637.0	56959.0	7481.0	8859.0	35.2	34.5	52.9	51.8
2012-05-08	70523.0	0.0	2583.0	60920.0	56959.0	7481.0	8859.0	35.0	34.4	53.1	51.6
2012-05-15	70879.0	0.0	2208.0	61757.0	57559.0	6869.0	8859.0	34.9	34.2	53.2	51.4
2012-05-22	71529.0	0.0	1778.0	61749.0	57981.0	6869.0	8859.0	34.6	33.9	53.2	51.5
2012-05-29	71645.0	0.0	1610.0	61725.0	58125.0	6869.0	8859.0	34.6	33.8	53.1	51.4
2012-06-05	66424.0	0.0	1430.0	57550.0	53902.0	6149.0	8367.0	36.4	35.4	53.9	51.3
2012-06-12	66546.0	0.0	1327.0	57541.0	53996.0	6149.0	8367.0	36.3	34.9	53.7	50.9
2012-06-19	66895.0	0.0	1452.0	57914.0	54244.0	6149.0	8367.0	36.1	34.8	54.0	50.6
2012-06-26	67301.0	0.0	1452.0	58258.0	54650.0	6211.0	8367.0	35.9	34.6	53.9	50.2
2012-07-03	61952.0	0.0	1436.0	53827.0	50238.0	5649.0	7802.0	38.1	36.7	55.0	50.1
2012-07-10	61960.0	0.0	1188.0	54195.0	50610.0	5281.0	7678.0	38.1	36.7	55.0	50.1
2012-07-17	61920.0	0.0	433.0	54157.0	50644.0	5412.0	8492.0	38.2	36.7	55.0	50.1
2012-07-24	62697.0	0.0	162.0	54732.0	51326.0	5744.0	8988.0	37.7	36.3	54.8	49.5
2012-07-31	62697.0	0.0	162.0	54732.0	51326.0	5744.0	8988.0	37.7	36.3	54.8	49.5
2012-08-07	56097.0	0.0	329.0	48921.0	45420.0	5114.0	8286.0	37.9	39.2	53.9	50.6
2012-08-14	56205.0	0.0	329.0	49251.0	45420.0	4892.0	8394.0	37.8	39.1	53.9	50.5
2012-08-21	56543.0	0.0	393.0	49529.0	45534.0	4892.0	8494.0	37.6	38.9	54.3	50.2
2012-08-28	57077.0	0.0	357.0	50259.0	46288.0	4636.0	8250.0	37.2	38.5	54.5	50.5
2012-09-04	52159.0	0.0	355.0	46033.0	42314.0	4090.0	7454.0	40.5	40.8	57.0	54.1
2012-09-11	52247.0	0.0	403.0	46125.0	42326.0	4086.0	7482.0	40.4	40.7	57.2	54.0
2012-09-18	53048.0	0.0	159.0	46726.0	43027.0	3950.0	7490.0	39.8	40.0	56.6	53.3
2012-09-25	53480.0	0.0	231.0	47114.0	43399.0	4050.0	7534.0	39.5	39.7	56.4	53.6
