2005-11-22	63731.0	1109.0	16534.0	57820.0	35868.0	2227.0	8754.0	54.6	29.3	63.6	47.7
2005-11-29	65852.0	1171.0	15356.0	59441.0	39062.0	2076.0	8270.0	53.3	29.5	60.9	47.3
2005-12-06	62323.0	991.0	16662.0	57144.0	35954.0	2090.0	7609.0	55.5	36.8	65.7	53.7
2005-12-13	63061.0	991.0	13958.0	55360.0	38105.0	2380.0	6668.0	54.6	33.2	62.8	49.8
2005-12-20	63190.0	683.0	15400.0	56654.0	37267.0	3100.0	7770.0	55.8	31.8	63.7	49.0
2005-12-27	60641.0	621.0	14085.0	55119.0	37765.0	2706.0	6596.0	58.7	30.7	66.7	48.9
2006-01-03	52730.0	373.0	13599.0	48265.0	30811.0	2784.0	7012.0	61.4	30.9	67.8	50.4
2006-01-10	52808.0	373.0	11827.0	46465.0	33031.0	4662.0	6642.0	62.3	31.1	66.0	51.3
2006-01-17	52306.0	5409.0	7604.0	42814.0	37051.0	4027.0	7595.0	67.1	38.1	74.2	59.8
2006-01-24	51883.0	5409.0	7108.0	41607.0	38076.0	4811.0	6643.0	60.2	37.5	71.4	60.5
2006-01-31	57182.0	7784.0	5160.0	45709.0	42579.0	3633.0	9387.0	54.6	34.6	69.5	54.8
2006-02-07	49154.0	4844.0	2893.0	39855.0	37394.0	4300.0	8712.0	51.0	33.9	67.2	49.7
2006-02-14	51133.0	5061.0	3259.0	42695.0	40111.0	3377.0	7763.0	47.6	31.9	63.4	49.6
2006-02-21	51535.0	5061.0	3499.0	42911.0	39599.0	3563.0	8437.0	47.3	33.5	62.0	49.7
2006-02-28	52999.0	4844.0	3019.0	44347.0	40901.0	3808.0	9079.0	46.8	31.6	61.2	46.2
2006-03-07	46351.0	3604.0	0.0	37867.0	33082.0	4880.0	13269.0	51.3	34.9	68.6	48.8
2006-03-14	48968.0	3604.0	0.0	40647.0	36768.0	4717.0	12200.0	52.1	34.1	68.7	50.6
2006-03-21	53177.0	7272.0	0.0	41189.0	40922.0	4716.0	12255.0	53.3	29.9	68.7	45.6
2006-03-28	56757.0	7272.0	0.0	45481.0	45540.0	4004.0	11217.0	50.6	29.8	64.4	45.5
2006-04-04	51831.0	0.0	0.0	46883.0	39793.0	4948.0	12038.0	52.2	29.2	61.8	42.5
2006-04-11	55130.0	0.0	0.0	49942.0	43092.0	5188.0	12038.0	49.2	29.7	61.8	43.8
2006-04-18	56270.0	0.0	0.0	50286.0	44108.0	5984.0	12162.0	48.2	29.1	60.9	44.4
2006-04-25	59620.0	0.0	496.0	52868.0	46470.0	6752.0	12654.0	47.6	29.9	62.7	43.8
2006-05-02	56029.0	0.0	0.0	50451.0	44541.0	5578.0	11488.0	43.0	30.2	62.0	47.7
2006-05-09	59930.0	0.0	0.0	55458.0	48532.0	4472.0	11398.0	39.6	28.4	57.0	44.8
2006-05-16	61048.0	0.0	0.0	55980.0	48611.0	5068.0	12437.0	38.8	29.2	56.2	44.5
2006-05-23	58254.0	0.0	0.0	53742.0	47489.0	4512.0	10765.0	39.4	28.6	59.0	46.3
2006-05-30	58274.0	0.0	0.0	52938.0	47372.0	5336.0	10902.0	40.3	28.8	58.9	46.3
2006-06-06	58030.0	0.0	1744.0	52190.0	45479.0	5470.0	10437.0	37.5	26.4	55.4	45.4
2006-06-13	60127.0	0.0	2565.0	56009.0	47365.0	3748.0	9827.0	37.7	28.7	57.6	47.4
2006-06-20	61098.0	0.0	3313.0	57199.0	47108.0	3529.0	10307.0	37.2	28.3	56.1	45.8
2006-06-27	62597.0	0.0	3433.0	56995.0	48265.0	5232.0	10529.0	35.9	31.1	56.9	47.2
2006-07-03	56259.0	0.0	2232.0	50899.0	41222.0	5176.0	12621.0	38.2	30.7	59.8	48.9
2006-07-11	56272.0	0.0	1628.0	50912.0	42842.0	5176.0	11618.0	38.4	31.3	58.7	48.7
2006-07-18	56861.0	0.0	1930.0	52510.0	42974.0	4167.0	11773.0	38.9	30.2	59.7	47.7
2006-07-25	57498.0	0.0	2526.0	51927.0	42608.0	5077.0	11870.0	37.8	28.4	55.7	46.4
2006-08-01	53740.0	0.0	2898.0	48692.0	39440.0	4926.0	11280.0	38.3	25.0	56.5	46.0
2006-08-08	53819.0	0.0	2898.0	48818.0	39138.0	4879.0	11661.0	37.2	24.5	56.6	45.4
2006-08-15	55283.0	0.0	4510.0	51076.0	39910.0	4085.0	10741.0	37.0	26.1	58.0	46.5
2006-08-22	58517.0	0.0	3402.0	54036.0	45441.0	4359.0	9552.0	35.9	34.4	57.2	52.0
2006-08-29	58874.0	0.0	2016.0	54138.0	47481.0	4736.0	9377.0	34.7	35.4	56.5	52.6
2006-09-05	54203.0	0.0	1714.0	49557.0	43864.0	4406.0	8385.0	38.8	36.5	60.4	53.6
2006-09-12	58702.0	0.0	1474.0	55322.0	47298.0	2900.0	9450.0	37.5	32.3	56.5	49.0
2006-09-19	59532.0	0.0	1534.0	57008.0	48589.0	2044.0	8929.0	40.3	27.7	59.2	46.4
2006-09-26	60287.0	0.0	1534.0	57887.0	49344.0	1920.0	8929.0	42.7	27.5	61.3	45.4
2006-10-03	56386.0	0.0	1968.0	52150.0	44443.0	3756.0	9495.0	43.3	26.6	60.5	44.5
2006-10-10	57017.0	0.0	2192.0	52282.0	45769.0	4255.0	8576.0	43.3	25.0	60.4	42.5
2006-10-17	58079.0	0.0	3574.0	53363.0	46131.0	4476.0	8134.0	42.5	24.7	59.7	41.0
2006-10-24	59004.0	0.0	3732.0	53987.0	46326.0	4537.0	8466.0	41.8	24.5	58.7	41.3
2006-10-31	57896.0	0.0	3816.0	52592.0	43742.0	4824.0	9858.0	40.8	24.1	59.0	40.5
2006-11-07	53607.0	0.0	4184.0	49478.0	39264.0	3769.0	9799.0	40.4	25.4	59.3	42.0
2006-11-14	56496.0	0.0	4184.0	52367.0	43006.0	3769.0	8946.0	41.7	24.1	58.6	40.1
2006-11-21	56908.0	0.0	4611.0	50849.0	41303.0	3769.0	8704.0	41.4	23.9	58.3	39.8
2006-11-28	57418.0	0.0	4611.0	50751.0	41627.0	4377.0	8890.0	41.0	23.6	57.8	38.8
2006-12-05	50457.0	0.0	3301.0	43214.0	35774.0	5837.0	9976.0	45.3	26.6	61.9	41.1
2006-12-12	52321.0	0.0	2089.0	45813.0	41211.0	6508.0	9021.0	45.2	25.7	57.9	39.3
2006-12-19	53509.0	0.0	2089.0	46970.0	42399.0	6539.0	9021.0	43.4	26.6	56.7	40.1
2006-12-26	54917.0	0.0	2089.0	47382.0	44359.0	7535.0	8469.0	42.6	24.6	55.5	38.5
2007-01-03	51511.0	0.0	644.0	44368.0	42467.0	7143.0	8400.0	44.9	26.0	55.4	39.1
2007-01-09	55884.0	434.0	644.0	46570.0	45779.0	8880.0	9461.0	42.0	25.8	52.4	39.9
2007-01-16	58150.0	390.0	644.0	46153.0	47244.0	11191.0	9846.0	42.9	28.8	54.9	44.4
2007-01-23	60862.0	182.0	2404.0	50837.0	48022.0	9051.0	9644.0	41.9	28.8	55.0	43.6
2007-01-30	60583.0	0.0	7166.0	52714.0	42163.0	7205.0	10590.0	40.1	26.8	56.9	42.3
2007-02-06	62757.0	0.0	7616.0	53967.0	42805.0	6036.0	9582.0	39.0	27.2	53.1	41.3
2007-02-13	63864.0	0.0	7740.0	55806.0	44278.0	5428.0	9216.0	39.8	27.7	52.4	40.8
2007-02-20	65457.0	0.0	7548.0	56880.0	47980.0	6799.0	8151.0	39.1	27.6	51.2	41.2
2007-02-27	65489.0	0.0	9452.0	57584.0	46573.0	6313.0	7872.0	39.2	29.8	50.0	42.5
2007-03-06	62635.0	0.0	6994.0	51126.0	41348.0	8673.0	11457.0	39.4	29.1	51.7	43.0
2007-03-13	61710.0	190.0	5956.0	51753.0	41218.0	6935.0	11704.0	41.0	28.0	54.0	41.3
2007-03-20	62251.0	0.0	6066.0	53080.0	43949.0	6631.0	9696.0	39.6	27.5	52.5	41.4
2007-03-27	63409.0	0.0	6124.0	54176.0	45415.0	6631.0	9268.0	38.8	29.2	51.4	42.2
2007-04-03	60859.0	0.0	6178.0	53241.0	41283.0	5872.0	11652.0	39.4	25.2	52.2	38.4
2007-04-10	61169.0	380.0	5206.0	52269.0	42453.0	6844.0	11834.0	38.9	24.8	51.3	39.5
2007-04-17	62503.0	911.0	6186.0	53196.0	43419.0	6476.0	10978.0	37.5	24.3	51.0	38.9
2007-04-24	66236.0	1463.0	5918.0	55172.0	45503.0	6228.0	11442.0	36.1	22.8	48.4	36.2
2007-05-01	62536.0	1372.0	6402.0	51700.0	42315.0	6466.0	10821.0	34.9	20.7	48.0	34.6
2007-05-08	64984.0	1372.0	5972.0	53716.0	44823.0	6528.0	10821.0	34.0	21.8	50.1	36.8
2007-05-15	66854.0	1372.0	6123.0	54280.0	45393.0	7651.0	11787.0	33.8	22.6	49.3	36.2
2007-05-22	67582.0	831.0	6378.0	56002.0	48213.0	7403.0	9645.0	33.3	22.2	49.7	35.8
2007-05-29	66940.0	1472.0	4431.0	53282.0	47961.0	7283.0	9645.0	32.8	22.4	45.5	36.1
2007-06-05	63288.0	1700.0	3681.0	50068.0	46694.0	6860.0	8253.0	33.0	20.8	41.6	33.3
2007-06-12	65648.0	1324.0	3681.0	53381.0	51312.0	6403.0	6115.0	31.6	22.4	44.3	36.1
2007-06-19	69736.0	2306.0	3681.0	55982.0	55962.0	6606.0	5251.0	31.6	22.5	45.3	36.6
2007-06-26	71123.0	1105.0	4570.0	60120.0	57935.0	6284.0	5004.0	32.7	19.9	45.5	32.7
2007-07-03	66612.0	1012.0	7028.0	54471.0	48214.0	5402.0	5643.0	33.1	19.7	46.7	32.5
2007-07-10	66047.0	1270.0	6648.0	53418.0	47043.0	5584.0	6581.0	33.6	19.2	45.5	32.2
2007-07-17	66018.0	1012.0	7154.0	53233.0	46398.0	6164.0	6857.0	33.7	17.2	46.3	30.7
2007-07-24	67883.0	2596.0	6026.0	52215.0	48611.0	7229.0	7403.0	33.6	17.7	42.8	30.6
2007-07-31	70606.0	4341.0	5424.0	53419.0	52159.0	7349.0	7526.0	32.3	17.6	42.6	30.1
2007-08-07	65169.0	2630.0	5455.0	50328.0	45057.0	7161.0	9607.0	34.5	21.0	44.0	33.2
2007-08-14	69854.0	3914.0	6225.0	53250.0	49215.0	7614.0	9338.0	33.6	25.2	45.7	37.0
2007-08-21	71188.0	3914.0	6095.0	54779.0	50396.0	7314.0	9516.0	33.9	23.7	44.8	35.7
2007-08-28	75788.0	3914.0	9512.0	59887.0	51363.0	6954.0	9880.0	31.9	21.2	44.6	35.8
2007-09-04	68661.0	4214.0	10960.0	55321.0	44310.0	6227.0	10492.0	31.5	28.2	47.7	40.7
2007-09-11	74146.0	4214.0	10252.0	59068.0	49224.0	6775.0	10581.0	28.4	25.7	43.2	38.3
2007-09-18	76460.0	4214.0	12868.0	62927.0	49630.0	5910.0	10553.0	28.8	27.7	43.5	38.6
2007-09-25	76379.0	4214.0	12753.0	63502.0	50289.0	4994.0	9668.0	29.2	27.2	46.5	39.5
2007-10-02	71310.0	5113.0	9281.0	55965.0	47293.0	5618.0	10122.0	29.1	26.9	48.2	40.6
2007-10-09	76453.0	5113.0	9590.0	60410.0	51332.0	6726.0	11327.0	28.4	30.9	45.8	44.4
2007-10-16	80119.0	5113.0	7073.0	60793.0	57625.0	7257.0	8465.0	27.1	29.3	44.2	42.7
2007-10-23	81724.0	5113.0	4819.0	61720.0	60945.0	6168.0	7237.0	26.4	27.3	43.2	40.1
2007-10-30	80843.0	5113.0	3858.0	60284.0	58376.0	5975.0	9138.0	26.7	25.8	44.0	36.6
2007-11-06	77282.0	4379.0	4919.0	59813.0	58020.0	5347.0	6600.0	29.1	28.3	46.9	39.9
2007-11-13	77112.0	7677.0	3803.0	58678.0	60743.0	5037.0	6846.0	29.4	29.7	47.0	41.2
2007-11-20	77331.0	7176.0	3143.0	60690.0	61647.0	5093.0	8169.0	29.4	30.0	46.1	42.2
2007-11-27	76585.0	7261.0	3143.0	59913.0	60955.0	5341.0	8417.0	29.7	30.4	46.3	42.2
2007-12-04	71714.0	4410.0	6938.0	58618.0	52723.0	5771.0	9138.0	30.0	29.0	48.0	42.0
2007-12-11	80177.0	4410.0	8029.0	65186.0	60698.0	8222.0	9091.0	26.1	28.0	42.4	40.2
2007-12-18	81884.0	4410.0	10143.0	67695.0	60971.0	7664.0	8655.0	25.5	26.9	43.1	39.1
2007-12-24	82174.0	4410.0	7639.0	68248.0	63970.0	7401.0	8450.0	23.4	22.8	40.3	35.3
2007-12-31	83892.0	4410.0	8423.0	69995.0	64933.0	7401.0	8450.0	23.0	22.8	39.7	34.2
2008-01-08	81998.0	4410.0	10349.0	68640.0	61009.0	6865.0	8557.0	23.8	26.2	40.8	39.1
2008-01-15	80944.0	4410.0	10748.0	70734.0	62587.0	4213.0	6022.0	23.6	26.0	40.6	38.7
2008-01-22	82511.0	4410.0	12197.0	72350.0	63090.0	4275.0	5748.0	23.2	27.0	39.3	40.2
2008-01-29	84189.0	4410.0	11957.0	74028.0	64977.0	4306.0	5810.0	22.8	27.8	39.3	41.5
2008-02-05	80794.0	4782.0	10945.0	70684.0	60865.0	4316.0	7972.0	23.2	30.2	40.1	45.3
2008-02-12	80456.0	5154.0	10897.0	68486.0	61286.0	5625.0	7082.0	24.1	30.6	41.2	44.3
2008-02-19	79638.0	5154.0	9796.0	67885.0	59544.0	5377.0	9076.0	24.3	29.1	41.9	42.7
2008-02-26	81305.0	5154.0	9746.0	69005.0	61050.0	6265.0	9628.0	23.8	29.4	40.9	42.7
2008-03-04	74550.0	4844.0	7000.0	58892.0	55238.0	9727.0	11225.0	26.4	30.8	44.9	45.8
2008-03-11	75131.0	4995.0	6974.0	59032.0	55586.0	10059.0	11526.0	26.4	31.2	44.8	45.8
2008-03-18	76331.0	4995.0	7830.0	59294.0	56284.0	11121.0	11296.0	26.0	32.1	44.1	47.0
2008-03-25	76333.0	4995.0	7830.0	60580.0	56316.0	9837.0	11266.0	26.0	32.3	44.1	47.2
2008-04-01	70450.0	4455.0	7658.0	53985.0	49120.0	11151.0	12813.0	26.4	30.6	44.1	46.6
2008-04-08	70430.0	4455.0	6530.0	56680.0	51734.0	8126.0	10997.0	26.6	30.7	43.8	46.9
2008-04-15	70173.0	4455.0	7109.0	56982.0	51155.0	7824.0	10997.0	26.7	31.2	44.0	46.6
2008-04-22	69477.0	4455.0	5626.0	54005.0	49884.0	10447.0	13397.0	27.1	28.4	42.8	46.2
2008-04-29	70814.0	4455.0	5481.0	56808.0	51366.0	8981.0	13397.0	26.6	26.7	41.9	42.2
2008-05-06	63284.0	3525.0	4195.0	49963.0	43995.0	9016.0	14314.0	27.8	26.7	40.7	38.3
2008-05-13	64040.0	3525.0	4195.0	51962.0	44952.0	7773.0	14113.0	28.7	24.8	41.0	36.3
2008-05-20	64280.0	3525.0	4406.0	52109.0	45132.0	7926.0	14022.0	29.1	26.0	41.3	37.6
2008-05-27	64459.0	3525.0	3480.0	52048.0	45504.0	7926.0	14515.0	29.0	26.3	41.2	36.7
2008-06-03	59673.0	2985.0	3388.0	46478.0	42514.0	9430.0	12991.0	30.1	25.0	41.7	36.2
2008-06-10	61323.0	2985.0	5416.0	47983.0	42496.0	9785.0	12841.0	30.3	25.9	41.5	38.4
2008-06-17	62221.0	2985.0	5662.0	49306.0	43647.0	9360.0	12342.0	30.1	25.1	41.2	37.5
2008-06-24	62927.0	2985.0	4670.0	50012.0	44513.0	9360.0	13174.0	30.2	24.1	41.2	36.5
2008-07-01	57556.0	2117.0	4484.0	46014.0	40378.0	8855.0	12124.0	31.0	24.0	42.3	37.1
2008-07-08	57823.0	2117.0	4484.0	46130.0	40254.0	9006.0	12515.0	31.9	23.9	43.1	36.9
2008-07-15	58925.0	2117.0	4111.0	46337.0	41469.0	9841.0	12715.0	31.3	22.8	42.3	34.7
2008-07-22	58965.0	2117.0	4827.0	45505.0	39921.0	9841.0	12715.0	31.3	22.8	42.2	34.7
2008-07-29	59696.0	2117.0	4886.0	45350.0	40687.0	10697.0	12591.0	31.2	23.2	42.1	34.9
2008-08-05	53704.0	1249.0	5204.0	41421.0	35662.0	10250.0	12054.0	32.8	24.9	45.0	36.3
2008-08-12	53886.0	1249.0	5208.0	41361.0	36055.0	10616.0	11963.0	31.8	24.6	44.0	35.3
2008-08-19	54152.0	1249.0	5394.0	41445.0	36055.0	10798.0	12043.0	31.8	24.5	44.2	35.8
2008-08-26	54644.0	1249.0	5394.0	41545.0	36427.0	11190.0	12163.0	31.6	24.2	43.7	35.5
2008-09-02	50162.0	709.0	3679.0	38714.0	36030.0	9475.0	9189.0	34.4	25.6	45.5	38.4
2008-09-09	50769.0	709.0	3772.0	40003.0	36765.0	8793.0	8968.0	34.2	25.5	45.4	38.5
2008-09-16	51161.0	957.0	3623.0	40116.0	37157.0	8734.0	9027.0	33.1	24.5	44.2	38.2
2008-09-23	50855.0	957.0	3623.0	40204.0	36851.0	8340.0	9027.0	33.9	23.5	44.2	37.4
2008-09-30	50547.0	957.0	3561.0	40324.0	36605.0	7912.0	9027.0	34.2	23.3	44.5	36.8
2008-10-07	45671.0	618.0	2908.0	35598.0	29642.0	8471.0	12137.0	37.6	26.9	49.4	41.1
2008-10-14	46346.0	355.0	2908.0	36079.0	30309.0	8928.0	12145.0	37.5	26.0	48.7	40.2
2008-10-21	46451.0	248.0	1350.0	38417.0	34784.0	6905.0	9436.0	38.0	28.4	49.5	43.1
2008-10-28	47633.0	248.0	431.0	39401.0	36879.0	7643.0	9982.0	37.6	30.9	47.7	44.9
2008-11-04	47361.0	248.0	549.0	39817.0	37107.0	6955.0	9364.0	42.2	36.1	55.5	49.9
2008-11-11	47885.0	248.0	1169.0	40030.0	36948.0	7266.0	9427.0	42.1	35.1	55.1	48.8
2008-11-18	49651.0	248.0	1169.0	41517.0	39080.0	7545.0	9061.0	42.1	34.4	54.1	48.0
2008-11-25	51237.0	248.0	1169.0	42889.0	40633.0	7759.0	9094.0	38.9	33.4	50.6	45.2
2008-12-02	46927.0	0.0	1504.0	39909.0	37167.0	7018.0	8256.0	40.2	31.8	51.3	43.9
2008-12-09	48582.0	0.0	1504.0	41169.0	38456.0	7413.0	8622.0	40.5	31.9	50.8	44.2
2008-12-16	48641.0	0.0	1504.0	41169.0	38179.0	7472.0	8958.0	40.4	31.0	50.8	43.6
2008-12-22	49426.0	0.0	1504.0	41919.0	40218.0	7507.0	7704.0	40.8	31.4	50.9	43.9
2008-12-30	50282.0	0.0	1504.0	43575.0	40646.0	6707.0	8132.0	40.1	31.8	51.8	44.0
2009-01-06	45580.0	0.0	1070.0	39385.0	37142.0	6195.0	7368.0	43.5	32.8	56.4	48.5
2009-01-13	47800.0	0.0	1070.0	41177.0	39362.0	6623.0	7368.0	44.0	34.2	56.4	50.5
2009-01-20	47931.0	0.0	1070.0	41308.0	39493.0	6623.0	7368.0	44.4	34.1	56.7	50.9
2009-01-27	47501.0	0.0	1070.0	40603.0	38637.0	6898.0	7794.0	44.8	33.8	56.4	49.4
2009-02-03	44890.0	0.0	616.0	37778.0	35711.0	7112.0	8563.0	48.7	38.1	60.4	51.6
2009-02-10	46853.0	0.0	616.0	41829.0	37880.0	5024.0	8357.0	48.1	37.3	64.8	53.8
2009-02-17	48468.0	0.0	217.0	43620.0	43182.0	4848.0	5069.0	46.0	38.4	61.8	57.6
2009-02-24	52406.0	0.0	217.0	46921.0	46906.0	5485.0	5283.0	42.8	39.3	58.3	57.4
2009-03-03	48580.0	0.0	0.0	42577.0	42808.0	6003.0	5772.0	43.0	39.5	57.8	57.5
2009-03-10	51673.0	0.0	0.0	48213.0	45576.0	3460.0	6097.0	44.4	36.3	59.9	53.0
2009-03-17	56539.0	0.0	0.0	51679.0	46124.0	4860.0	10415.0	46.6	36.1	61.6	51.4
2009-03-24	56958.0	0.0	0.0	52132.0	45973.0	4826.0	10985.0	46.3	36.6	61.1	51.8
2009-03-31	59471.0	180.0	0.0	54940.0	52241.0	4103.0	6982.0	45.8	33.7	60.2	48.9
2009-04-07	56524.0	180.0	0.0	52139.0	49438.0	3957.0	6838.0	48.7	33.8	62.2	48.6
2009-04-14	56765.0	180.0	0.0	52380.0	49830.0	3957.0	6687.0	48.6	33.9	62.5	48.7
2009-04-21	57005.0	420.0	0.0	52380.0	50070.0	3957.0	6687.0	48.4	34.2	62.2	48.9
2009-04-28	58509.0	420.0	0.0	53640.0	51574.0	4201.0	6687.0	48.4	35.7	61.8	49.4
2009-05-05	55826.0	668.0	0.0	51207.0	49631.0	3951.0	6195.0	53.1	36.9	65.3	52.5
2009-05-12	57924.0	668.0	0.0	53305.0	51729.0	3951.0	6195.0	53.8	39.1	65.5	53.9
2009-05-19	58084.0	668.0	0.0	53465.0	51461.0	3951.0	6623.0	53.9	41.5	65.6	56.2
2009-05-26	58825.0	668.0	0.0	53511.0	51284.0	4646.0	7541.0	54.4	41.2	66.1	54.9
2009-06-02	55175.0	0.0	0.0	50261.0	48114.0	4914.0	7061.0	56.6	42.2	67.1	56.9
2009-06-09	55815.0	0.0	0.0	50901.0	48692.0	4914.0	7123.0	57.1	42.6	67.5	57.4
2009-06-16	55624.0	0.0	0.0	50710.0	48199.0	4914.0	7425.0	57.2	41.5	67.6	56.9
2009-06-23	55804.0	0.0	0.0	51192.0	48379.0	4612.0	7425.0	57.3	41.7	68.1	57.1
2009-06-30	56742.0	0.0	0.0	51314.0	49597.0	5428.0	7145.0	56.4	43.2	67.1	58.3
2009-07-07	51948.0	0.0	0.0	46803.0	45268.0	5145.0	6680.0	58.8	44.5	67.7	60.3
2009-07-14	52402.0	0.0	0.0	46950.0	44384.0	5452.0	8018.0	58.8	47.5	67.6	60.6
2009-07-21	52402.0	0.0	0.0	46950.0	44384.0	5452.0	8018.0	58.8	47.5	67.6	60.6
2009-07-28	52650.0	550.0	0.0	46950.0	44632.0	5150.0	8018.0	58.5	47.2	67.3	60.3
