2005-11-29	2986.0	0.0	900.0	2933.0	1377.0	53.0	709.0	53.1	43.4	65.5	48.6
2005-12-13	3265.0	0.0	900.0	3180.0	1666.0	85.0	699.0	42.5	39.7	57.9	45.2
2005-12-20	3120.0	0.0	900.0	3065.0	1571.0	55.0	649.0	48.9	43.1	60.7	48.9
2005-12-27	3120.0	0.0	900.0	3065.0	1571.0	55.0	649.0	48.9	43.1	60.7	48.9
2006-01-10	3642.0	660.0	675.0	2877.0	2420.0	105.0	547.0	50.4	44.9	59.4	53.1
2006-01-17	3783.0	660.0	450.0	3018.0	2786.0	105.0	547.0	50.8	41.2	64.0	53.4
2006-01-24	4430.0	685.0	750.0	3622.0	3133.0	123.0	547.0	52.7	40.3	62.2	52.8
2006-01-31	4550.0	660.0	750.0	3647.0	3278.0	243.0	522.0	51.3	39.2	61.1	52.1
2006-02-07	4151.0	660.0	750.0	3371.0	2847.0	120.0	554.0	59.7	44.7	70.4	57.5
2006-02-14	4960.0	960.0	900.0	3880.0	3506.0	120.0	554.0	58.0	38.0	68.9	53.2
2006-02-21	5110.0	960.0	1050.0	4030.0	3506.0	120.0	554.0	56.8	36.9	68.3	51.7
2006-02-28	5180.0	960.0	1050.0	4012.0	3631.0	208.0	499.0	51.1	36.4	63.2	50.1
2006-03-07	4568.0	960.0	175.0	3443.0	4013.0	165.0	380.0	57.7	41.9	67.5	56.4
2006-03-14	4753.0	960.0	250.0	3618.0	4123.0	175.0	380.0	58.6	44.5	69.1	58.4
2006-03-21	5008.0	960.0	650.0	3823.0	3978.0	225.0	380.0	57.6	39.2	66.6	53.6
2006-03-28	5263.0	1080.0	675.0	3908.0	4158.0	275.0	430.0	56.3	41.2	65.8	57.1
2006-04-04	5198.0	1080.0	875.0	3853.0	3982.0	265.0	341.0	59.0	39.7	66.2	54.8
2006-04-11	5923.0	1080.0	1250.0	4428.0	4182.0	290.0	366.0	55.5	36.0	65.3	54.4
2006-04-18	6063.0	1080.0	1490.0	4668.0	4239.0	290.0	309.0	57.4	40.1	66.9	58.9
2006-04-25	6063.0	1080.0	1190.0	4668.0	4482.0	290.0	366.0	57.4	39.7	66.9	58.0
2006-05-02	5899.0	1080.0	1410.0	4281.0	4117.0	513.0	347.0	56.0	50.1	66.7	62.3
2006-05-09	6099.0	1080.0	1410.0	4431.0	4217.0	563.0	447.0	52.5	48.5	64.5	60.2
2006-05-16	6134.0	1080.0	1335.0	4466.0	4292.0	563.0	482.0	51.0	48.2	62.9	60.5
2006-05-23	6134.0	1080.0	1260.0	4313.0	4367.0	716.0	482.0	48.5	48.2	60.4	60.5
2006-05-30	6357.0	1080.0	1380.0	4408.0	4545.0	869.0	432.0	46.3	48.4	57.0	60.3
2006-06-06	5353.0	1080.0	1180.0	3434.0	3785.0	839.0	388.0	54.5	60.3	64.7	72.4
2006-06-13	5478.0	1080.0	1180.0	3509.0	3910.0	889.0	388.0	52.3	58.9	62.8	70.8
2006-06-20	5753.0	1080.0	1180.0	3977.0	4185.0	696.0	388.0	52.9	56.1	62.9	68.3
2006-06-27	5978.0	1080.0	1180.0	4152.0	4360.0	746.0	438.0	50.9	54.4	60.7	66.1
2006-07-03	6003.0	1080.0	1180.0	4177.0	4360.0	746.0	463.0	49.9	55.0	59.6	66.7
2006-07-11	5896.0	1080.0	1180.0	3917.0	4082.0	899.0	634.0	49.5	50.4	56.9	61.8
2006-07-18	5946.0	1080.0	1180.0	4037.0	4132.0	829.0	634.0	49.0	50.0	56.8	61.3
2006-07-25	5988.0	1080.0	1180.0	4232.0	4174.0	676.0	634.0	48.7	48.3	58.2	59.2
2006-08-01	5988.0	1180.0	1180.0	4182.0	3853.0	626.0	955.0	44.9	44.8	55.3	53.1
2006-08-08	6158.0	1180.0	1480.0	4352.0	3903.0	626.0	775.0	45.6	43.5	56.9	55.2
2006-08-15	6379.0	1180.0	1480.0	4273.0	3824.0	926.0	1075.0	44.0	42.0	54.6	53.7
2006-08-22	6459.0	1280.0	1480.0	4603.0	4204.0	576.0	775.0	43.4	41.8	55.1	54.6
2006-08-29	6634.0	1305.0	1480.0	4753.0	4379.0	576.0	775.0	41.1	40.7	52.2	53.2
2006-09-05	6009.0	1305.0	1480.0	4203.0	3933.0	501.0	596.0	40.2	45.4	51.6	58.7
2006-09-12	6490.0	1305.0	1528.0	4554.0	4636.0	601.0	296.0	39.1	43.6	49.7	59.0
2006-09-19	6890.0	1359.0	1180.0	4802.0	5286.0	693.0	388.0	38.4	45.8	51.7	61.0
2006-09-26	7650.0	1359.0	1180.0	5512.0	5996.0	743.0	438.0	34.7	41.5	45.8	53.5
2006-10-03	7803.0	1304.0	1230.0	5685.0	6143.0	753.0	369.0	31.8	43.3	44.0	54.0
2006-10-10	7026.0	224.0	150.0	5623.0	5931.0	693.0	459.0	24.6	35.1	35.3	43.7
2006-10-17	7746.0	224.0	150.0	6393.0	6606.0	643.0	504.0	26.4	34.1	35.6	42.6
2006-10-24	7884.0	224.0	150.0	6698.0	6931.0	476.0	317.0	26.9	31.2	36.2	42.0
2006-10-31	8386.0	224.0	150.0	7251.0	7433.0	425.0	317.0	25.9	29.3	35.6	39.5
2006-11-07	7839.0	200.0	150.0	6806.0	6881.0	383.0	358.0	35.2	31.8	44.8	44.1
2006-11-14	8122.0	308.0	125.0	6981.0	7189.0	383.0	358.0	34.6	30.7	44.1	44.1
2006-11-21	8648.0	308.0	100.0	7482.0	7735.0	383.0	338.0	34.8	28.8	44.9	41.0
2006-11-28	8618.0	353.0	100.0	7407.0	7725.0	383.0	318.0	36.4	28.9	49.1	41.8
2006-12-05	7868.0	353.0	125.0	6733.0	7044.0	332.0	249.0	35.2	30.0	48.3	41.6
2006-12-12	8201.0	353.0	322.0	7018.0	7132.0	332.0	249.0	34.4	31.4	47.0	44.5
2006-12-19	8366.0	353.0	322.0	7183.0	7247.0	332.0	299.0	33.7	31.7	46.7	44.5
2006-12-26	8591.0	353.0	322.0	7408.0	7522.0	332.0	249.0	33.7	30.8	46.4	43.4
2007-01-03	7513.0	25.0	322.0	6835.0	6448.0	180.0	270.0	32.1	29.0	42.9	42.9
2007-01-09	14427.0	275.0	6844.0	13813.0	7194.0	180.0	230.0	59.8	60.7	66.5	68.7
2007-01-16	15612.0	275.0	6844.0	14998.0	8319.0	180.0	290.0	58.7	62.8	68.0	70.7
2007-01-23	16895.0	578.0	6844.0	16038.0	9662.0	120.0	230.0	56.6	61.1	65.7	69.2
2007-01-30	17705.0	578.0	6844.0	16848.0	9272.0	120.0	1430.0	55.5	52.4	65.3	60.4
2007-02-06	16137.0	553.0	6790.0	15255.0	7776.0	170.0	1412.0	58.7	53.9	65.7	61.7
2007-02-13	16372.0	553.0	6790.0	15490.0	8021.0	170.0	1402.0	57.8	53.0	64.9	60.8
2007-02-20	16512.0	628.0	6790.0	15555.0	8151.0	170.0	1412.0	57.4	53.1	64.6	60.9
2007-02-27	16632.0	678.0	6815.0	15385.0	8026.0	410.0	1632.0	55.7	52.0	63.0	59.2
2007-03-06	14872.0	478.0	6985.0	13890.0	6205.0	415.0	1593.0	59.8	57.7	66.5	62.5
2007-03-13	14972.0	453.0	7010.0	14015.0	6280.0	415.0	1593.0	59.4	57.3	67.0	62.1
2007-03-20	14972.0	319.0	7010.0	14083.0	6220.0	481.0	1653.0	59.4	57.3	67.7	62.1
2007-03-27	15322.0	294.0	7010.0	14458.0	6570.0	481.0	1653.0	58.0	55.5	65.8	59.7
2007-04-03	14277.0	150.0	7103.0	13641.0	5539.0	465.0	1614.0	62.0	60.5	71.2	64.7
2007-04-10	14652.0	325.0	7078.0	13841.0	5939.0	465.0	1614.0	60.6	60.0	69.4	64.0
2007-04-17	15537.0	150.0	7103.0	14901.0	6799.0	465.0	1614.0	58.2	56.1	66.7	60.4
2007-04-24	16329.0	75.0	7478.0	15768.0	7216.0	465.0	1614.0	54.9	53.5	63.9	58.7
2007-05-01	14607.0	75.0	6354.0	14071.0	6657.0	440.0	1575.0	53.7	49.6	61.2	53.9
2007-05-08	15242.0	75.0	6279.0	14074.0	7192.0	1072.0	1750.0	51.1	47.0	57.5	52.0
2007-05-15	16021.0	75.0	6229.0	14853.0	7971.0	972.0	1700.0	47.6	47.0	54.9	51.7
2007-05-22	16215.0	0.0	6349.0	15754.0	8270.0	440.0	1575.0	50.1	47.6	57.1	51.4
2007-05-29	16832.0	0.0	6559.0	16307.0	8538.0	504.0	1714.0	49.1	45.6	56.8	50.3
2007-06-05	14856.0	0.0	5252.0	14405.0	7972.0	430.0	1611.0	43.8	43.3	52.9	47.5
2007-06-12	15693.0	0.0	5932.0	15202.0	8129.0	470.0	1611.0	44.8	44.6	55.3	49.9
2007-06-19	16377.0	0.0	6367.0	15947.0	8464.0	430.0	1546.0	46.2	44.4	56.4	51.0
2007-06-26	16794.0	0.0	6487.0	16339.0	8771.0	455.0	1536.0	45.5	44.0	55.8	51.0
2007-07-03	13862.0	0.0	5346.0	13442.0	7019.0	420.0	1497.0	58.0	45.3	68.7	54.6
2007-07-10	13862.0	0.0	5346.0	12947.0	6823.0	915.0	1693.0	58.0	44.9	67.8	54.4
2007-07-17	13887.0	0.0	5346.0	12972.0	6848.0	915.0	1693.0	57.9	44.4	67.9	54.4
2007-07-24	14677.0	0.0	4571.0	13702.0	8293.0	675.0	1513.0	56.1	37.3	64.1	48.4
2007-07-31	14587.0	600.0	4191.0	13312.0	8833.0	675.0	1563.0	54.1	40.0	63.6	51.0
2007-08-07	13075.0	700.0	3233.0	11689.0	8330.0	686.0	1512.0	52.9	40.1	63.8	51.5
2007-08-14	13887.0	700.0	3233.0	12996.0	9356.0	191.0	1298.0	52.3	40.4	63.8	52.5
2007-08-21	13737.0	700.0	3233.0	12351.0	8992.0	686.0	1512.0	51.4	40.8	62.0	53.0
2007-08-28	13737.0	700.0	3233.0	12351.0	8992.0	686.0	1512.0	51.2	40.8	61.2	53.4
2007-09-04	14022.0	700.0	3208.0	13181.0	10656.0	141.0	158.0	50.0	44.1	60.7	58.6
2007-09-11	11724.0	100.0	2251.0	11504.0	9354.0	120.0	119.0	52.4	46.2	61.5	59.2
2007-09-18	12189.0	0.0	2251.0	12069.0	9819.0	120.0	119.0	50.4	44.4	61.0	58.9
2007-09-25	12369.0	0.0	2251.0	12249.0	9999.0	120.0	119.0	48.2	43.8	59.1	59.3
2007-10-02	11540.0	0.0	1199.0	11180.0	10251.0	360.0	90.0	41.5	38.2	55.4	54.8
2007-10-09	12085.0	300.0	1079.0	11305.0	10796.0	360.0	90.0	37.8	36.1	51.2	52.7
2007-10-16	12075.0	300.0	1079.0	11295.0	10786.0	360.0	90.0	36.8	36.1	51.9	53.6
2007-10-23	12050.0	375.0	1079.0	11195.0	10761.0	360.0	90.0	36.3	36.2	51.8	53.7
2007-10-30	12340.0	475.0	1079.0	11595.0	11021.0	150.0	120.0	35.8	35.3	49.1	52.0
2007-11-06	9180.0	400.0	222.0	8630.0	8848.0	150.0	110.0	47.7	36.8	58.7	53.7
2007-11-13	9402.0	0.0	412.0	9252.0	8880.0	150.0	110.0	44.9	35.9	54.5	51.8
2007-11-20	9857.0	0.0	312.0	9707.0	9435.0	150.0	110.0	41.6	32.8	50.8	47.4
2007-11-27	9857.0	0.0	312.0	9707.0	9435.0	150.0	110.0	43.6	32.4	52.8	46.4
2007-12-04	8818.0	0.0	308.0	8618.0	8360.0	150.0	100.0	46.0	35.8	57.1	49.4
2007-12-11	8723.0	50.0	358.0	8553.0	8295.0	120.0	70.0	46.2	35.8	56.7	48.6
2007-12-18	8948.0	0.0	583.0	8778.0	8245.0	120.0	70.0	45.3	34.9	57.2	49.2
2007-12-24	8998.0	0.0	583.0	8828.0	8295.0	120.0	70.0	45.1	34.7	56.9	48.9
2007-12-31	9023.0	0.0	583.0	8853.0	8320.0	120.0	70.0	45.0	34.6	57.0	48.8
2008-01-08	8115.0	0.0	505.0	7665.0	7396.0	420.0	184.0	48.7	39.7	57.9	55.1
2008-01-15	8375.0	0.0	430.0	7700.0	7506.0	420.0	184.0	47.0	37.9	55.9	52.8
2008-01-22	8286.0	30.0	385.0	7671.0	7552.0	360.0	124.0	46.6	37.0	54.2	50.2
2008-01-29	9185.0	30.0	710.0	8825.0	8196.0	180.0	129.0	42.3	36.3	54.9	49.6
2008-02-05	8476.0	0.0	325.0	7906.0	7691.0	170.0	60.0	42.5	40.2	53.5	51.8
2008-02-12	8896.0	50.0	195.0	8326.0	8291.0	170.0	60.0	40.7	38.3	53.2	50.3
2008-02-19	8856.0	50.0	195.0	8286.0	8251.0	170.0	60.0	40.9	39.3	54.3	51.3
2008-02-26	8906.0	50.0	195.0	8561.0	8526.0	170.0	60.0	40.7	39.6	54.5	51.5
2008-03-04	7767.0	125.0	120.0	7432.0	7547.0	160.0	50.0	43.1	43.6	57.9	56.5
2008-03-11	7792.0	125.0	120.0	7457.0	7572.0	160.0	50.0	42.9	43.5	54.7	56.0
2008-03-18	8457.0	50.0	820.0	8182.0	7462.0	100.0	50.0	44.2	41.6	57.0	57.2
2008-03-25	8621.0	50.0	820.0	8356.0	7631.0	90.0	45.0	43.9	40.0	56.2	55.8
2008-04-01	8546.0	50.0	820.0	8156.0	7536.0	215.0	65.0	44.6	40.3	57.3	56.2
2008-04-08	7748.0	50.0	920.0	7488.0	6548.0	135.0	205.0	48.5	43.7	60.4	56.8
2008-04-15	7813.0	50.0	920.0	7518.0	6613.0	170.0	205.0	46.1	42.2	58.0	56.5
2008-04-22	7913.0	50.0	870.0	7618.0	6763.0	170.0	205.0	46.2	41.0	57.9	56.4
2008-04-29	7938.0	50.0	870.0	7643.0	6788.0	170.0	205.0	46.0	40.9	57.4	56.2
2008-05-06	7065.0	50.0	895.0	6855.0	5910.0	160.0	260.0	49.1	45.7	58.4	58.1
2008-05-13	7315.0	50.0	895.0	7110.0	6195.0	155.0	225.0	48.8	44.2	57.4	55.9
2008-05-20	7500.0	50.0	955.0	7295.0	6320.0	155.0	225.0	51.1	43.1	59.5	56.2
2008-05-27	7500.0	50.0	955.0	7270.0	6320.0	180.0	225.0	50.1	43.4	58.9	56.5
2008-06-03	6860.0	0.0	955.0	6670.0	5710.0	190.0	195.0	52.0	44.7	61.0	56.8
2008-06-10	7155.0	0.0	795.0	6965.0	6165.0	190.0	195.0	53.0	42.8	61.8	57.1
2008-06-17	7415.0	0.0	905.0	7215.0	6315.0	200.0	195.0	55.6	42.8	64.2	58.0
2008-06-24	7710.0	0.0	805.0	7510.0	6660.0	200.0	245.0	55.0	39.9	65.1	56.9
2008-07-01	7705.0	0.0	830.0	7505.0	6680.0	200.0	195.0	55.0	40.2	65.7	57.9
2008-07-08	6962.0	0.0	805.0	6692.0	5952.0	270.0	205.0	55.7	42.6	65.6	62.1
2008-07-15	7179.0	0.0	805.0	6914.0	6209.0	265.0	165.0	54.5	41.9	63.9	61.1
2008-07-22	7794.0	0.0	630.0	7364.0	6814.0	265.0	185.0	52.1	38.9	63.9	57.4
2008-07-29	8191.0	0.0	570.0	7791.0	7246.0	175.0	150.0	49.3	37.9	60.2	56.2
2008-08-05	6731.0	0.0	395.0	6261.0	5866.0	145.0	145.0	51.8	43.0	59.0	57.1
2008-08-12	7488.0	0.0	395.0	6838.0	6348.0	50.0	145.0	47.8	38.1	54.0	50.5
2008-08-19	7678.0	0.0	320.0	7003.0	6588.0	50.0	145.0	45.5	37.9	51.8	49.6
2008-08-26	7782.0	0.0	170.0	7107.0	6842.0	50.0	145.0	42.9	38.6	49.8	50.7
2008-09-02	7807.0	0.0	170.0	7132.0	6867.0	50.0	145.0	42.4	38.4	49.6	50.2
2008-09-09	7030.0	0.0	235.0	6430.0	6100.0	40.0	135.0	46.8	36.0	54.4	46.8
2008-09-16	8194.0	0.0	235.0	7544.0	7329.0	20.0	0.0	42.2	32.6	48.5	41.6
2008-09-23	10037.0	0.0	235.0	9387.0	9172.0	20.0	0.0	28.0	28.9	36.3	35.6
2008-09-30	12203.0	0.0	235.0	11553.0	11338.0	20.0	0.0	27.1	24.2	32.8	32.2
2008-10-07	12367.0	0.0	495.0	11822.0	11447.0	180.0	60.0	25.7	21.9	31.5	30.6
2008-10-14	12903.0	0.0	495.0	12358.0	11983.0	180.0	60.0	28.1	21.2	33.1	29.9
2008-10-21	14271.0	100.0	495.0	13626.0	13351.0	180.0	60.0	23.6	19.2	28.2	26.5
2008-10-28	14881.0	100.0	495.0	14236.0	13961.0	180.0	60.0	24.2	20.5	30.8	27.9
2008-11-04	13328.0	100.0	770.0	12933.0	12383.0	160.0	40.0	30.3	22.5	38.0	34.4
2008-11-11	14469.0	100.0	770.0	14099.0	13549.0	135.0	15.0	30.5	20.7	38.1	35.7
2008-11-18	16315.0	100.0	770.0	15780.0	15220.0	150.0	40.0	27.5	19.8	36.6	31.9
2008-11-25	18407.0	700.0	770.0	17232.0	17312.0	190.0	40.0	25.3	19.6	38.1	32.3
2008-12-02	16650.0	700.0	595.0	15483.0	15731.0	187.0	44.0	28.8	27.9	43.9	40.8
2008-12-09	18527.0	600.0	595.0	17385.0	17533.0	262.0	119.0	26.6	29.0	41.4	40.5
2008-12-16	24168.0	725.0	120.0	22901.0	23643.0	187.0	50.0	20.6	26.8	31.9	36.7
2008-12-22	24261.0	725.0	240.0	22994.0	23616.0	187.0	50.0	20.6	26.8	32.6	37.6
2008-12-30	24956.0	675.0	120.0	23806.0	24505.0	170.0	26.0	22.1	28.6	34.3	39.8
2009-01-06	23411.0	775.0	120.0	22235.0	22792.0	201.0	299.0	19.8	32.6	33.0	42.6
2009-01-13	24288.0	1075.0	120.0	22842.0	23644.0	221.0	374.0	19.2	31.9	32.3	41.0
2009-01-20	24156.0	1100.0	120.0	22710.0	23562.0	221.0	349.0	19.8	32.5	34.3	42.4
2009-01-27	25910.0	1400.0	120.0	24214.0	25366.0	171.0	299.0	20.7	32.4	35.3	43.5
2009-02-03	21372.0	1150.0	120.0	19811.0	20881.0	311.0	271.0	26.3	38.5	44.6	52.7
2009-02-10	21508.0	960.0	120.0	20137.0	21012.0	311.0	276.0	26.0	39.7	45.2	53.2
2009-02-17	22058.0	960.0	120.0	20687.0	21561.0	311.0	277.0	25.4	37.4	43.3	50.0
2009-02-24	22994.0	960.0	120.0	21593.0	22442.0	316.0	307.0	24.3	35.0	41.5	46.5
2009-03-03	22109.0	910.0	120.0	20773.0	21607.0	301.0	257.0	24.6	33.7	39.0	42.5
2009-03-10	22744.0	910.0	120.0	21408.0	22242.0	301.0	257.0	24.1	32.9	38.7	41.7
2009-03-17	23803.0	910.0	120.0	22467.0	23242.0	301.0	316.0	23.6	32.1	37.6	41.0
2009-03-24	26294.0	910.0	120.0	25083.0	25758.0	201.0	316.0	21.7	29.3	34.8	37.6
2009-03-31	27449.0	910.0	120.0	26238.0	26962.0	201.0	267.0	22.0	29.1	34.2	38.0
2009-04-07	24844.0	860.0	120.0	23533.0	24148.0	351.0	476.0	23.8	26.4	35.9	35.6
2009-04-14	25846.0	860.0	120.0	24560.0	25210.0	326.0	416.0	23.7	25.5	35.4	35.0
2009-04-21	26284.0	885.0	120.0	24973.0	25673.0	351.0	416.0	23.9	26.0	35.5	34.5
2009-04-28	26641.0	885.0	120.0	25330.0	26030.0	351.0	416.0	24.5	28.6	36.0	37.5
2009-05-05	23691.0	600.0	145.0	22785.0	23100.0	256.0	396.0	29.7	32.1	40.0	41.4
2009-05-12	24307.0	600.0	145.0	23452.0	23827.0	205.0	285.0	28.7	32.5	38.8	41.7
2009-05-19	24352.0	600.0	145.0	23497.0	23872.0	205.0	285.0	29.2	31.7	39.2	40.3
2009-05-26	25330.0	600.0	120.0	24450.0	24850.0	205.0	285.0	27.9	30.3	37.7	38.6
2009-06-02	23352.0	550.0	120.0	22617.0	22892.0	110.0	265.0	34.5	41.7	44.2	51.0
2009-06-09	24064.0	550.0	120.0	23084.0	23584.0	355.0	285.0	35.6	40.3	44.9	49.5
2009-06-16	24215.0	550.0	120.0	23475.0	23870.0	115.0	150.0	34.4	39.8	43.8	48.0
2009-06-23	24060.0	550.0	120.0	23330.0	23705.0	105.0	160.0	35.0	40.1	44.4	48.3
2009-06-30	24382.0	550.0	120.0	23652.0	24027.0	105.0	160.0	35.5	39.2	44.7	48.2
2009-07-07	23706.0	500.0	120.0	23026.0	23391.0	105.0	120.0	53.0	53.0	61.5	62.2
2009-07-14	24737.0	500.0	120.0	24072.0	24422.0	90.0	120.0	51.2	52.0	60.5	60.9
2009-07-21	25845.0	500.0	120.0	25165.0	25530.0	105.0	120.0	49.5	50.6	58.7	59.4
2009-07-28	25269.0	500.0	120.0	24589.0	24934.0	105.0	140.0	52.4	52.2	60.9	60.8
2009-08-04	23445.0	250.0	120.0	23030.0	23130.0	90.0	120.0	54.3	53.1	61.2	63.3
2009-08-11	22827.0	250.0	120.0	22427.0	22512.0	75.0	120.0	50.4	48.9	57.6	59.1
2009-08-18	22731.0	250.0	120.0	22235.0	22461.0	196.0	100.0	50.5	49.1	57.6	59.4
2009-08-25	22963.0	250.0	120.0	22588.0	22673.0	75.0	120.0	50.6	46.1	57.7	57.5
2009-09-01	22868.0	250.0	120.0	22493.0	22578.0	75.0	120.0	51.4	46.3	58.8	58.4
2009-09-08	20573.0	200.0	120.0	20263.0	20317.0	60.0	86.0	55.2	49.0	62.8	62.4
2009-09-15	20859.0	200.0	120.0	20509.0	20523.0	100.0	166.0	55.2	49.0	62.0	62.9
2009-09-22	21007.0	200.0	120.0	20697.0	20711.0	60.0	126.0	55.2	48.5	61.8	62.3
2009-09-29	21460.0	200.0	120.0	21150.0	21164.0	60.0	126.0	54.3	48.3	60.9	61.8
2009-10-06	19877.0	150.0	120.0	19657.0	19636.0	45.0	96.0	55.5	50.8	62.1	61.8
2009-10-13	20665.0	150.0	120.0	20445.0	20424.0	45.0	96.0	53.1	51.9	61.1	62.1
2009-10-20	20400.0	150.0	120.0	20205.0	20184.0	45.0	96.0	53.7	53.0	61.5	62.8
2009-10-27	20884.0	150.0	120.0	20689.0	20668.0	45.0	96.0	52.7	52.1	60.4	61.9
2009-11-03	19062.0	100.0	0.0	18890.0	19002.0	72.0	60.0	56.6	55.6	61.9	63.4
2009-11-09	19481.0	100.0	0.0	19307.0	19421.0	74.0	60.0	55.8	53.9	60.9	61.5
2009-11-17	21037.0	100.0	0.0	20605.0	20677.0	332.0	360.0	49.8	50.0	56.2	57.2
2009-11-24	20503.0	100.0	0.0	20372.0	20443.0	31.0	60.0	51.1	51.6	57.8	59.2
2009-12-01	20468.0	100.0	0.0	20336.0	20408.0	32.0	60.0	49.2	51.9	57.1	59.3
2009-12-08	19417.0	50.0	0.0	19240.0	19287.0	127.0	130.0	49.4	55.3	60.0	63.0
2009-12-15	20010.0	50.0	0.0	19933.0	19980.0	27.0	30.0	45.5	53.8	56.3	61.1
2009-12-22	20885.0	50.0	0.0	20793.0	20840.0	42.0	45.0	45.7	51.9	55.8	59.8
2009-12-29	21205.0	50.0	0.0	21113.0	21160.0	42.0	45.0	45.4	51.2	54.8	58.7
2010-01-05	18798.0	0.0	0.0	18701.0	18648.0	97.0	150.0	48.5	56.2	59.1	61.4
2010-01-12	19049.0	0.0	0.0	19012.0	18914.0	37.0	135.0	47.9	54.0	57.7	60.3
2010-01-19	20653.0	0.0	0.0	20616.0	20518.0	37.0	135.0	46.0	53.1	55.0	59.4
2010-01-26	21120.0	0.0	0.0	21003.0	20985.0	117.0	135.0	46.1	51.2	54.6	57.8
2010-02-02	19571.0	0.0	0.0	19470.0	19446.0	101.0	125.0	50.7	58.4	59.5	65.1
2010-02-09	19880.0	0.0	0.0	19779.0	19755.0	101.0	125.0	49.5	58.4	57.9	64.2
2010-02-16	21207.0	0.0	0.0	21106.0	21082.0	101.0	125.0	47.1	54.9	55.0	60.4
2010-02-23	23205.0	0.0	0.0	23104.0	23080.0	101.0	125.0	42.0	49.9	50.3	56.1
2010-03-02	21704.0	0.0	0.0	21383.0	21569.0	321.0	135.0	41.9	38.1	49.2	46.9
2010-03-09	23181.0	0.0	0.0	22895.0	23046.0	286.0	135.0	39.9	37.1	46.9	44.6
2010-03-16	24650.0	0.0	0.0	24409.0	24515.0	241.0	135.0	38.3	37.1	44.7	43.5
2010-03-23	25722.0	0.0	0.0	25481.0	25587.0	241.0	135.0	35.8	35.5	41.4	41.9
2010-03-30	27635.0	0.0	0.0	27414.0	27500.0	221.0	135.0	34.0	33.4	39.9	40.0
2010-04-06	23967.0	0.0	0.0	23796.0	23842.0	171.0	125.0	32.9	39.1	45.5	44.9
2010-04-13	24484.0	0.0	0.0	24313.0	24359.0	171.0	125.0	32.5	38.8	44.9	43.3
2010-04-20	24755.0	0.0	0.0	24584.0	24630.0	171.0	125.0	32.2	39.8	44.5	43.8
2010-04-27	25416.0	0.0	0.0	25200.0	25291.0	216.0	125.0	32.2	40.3	43.0	44.2
2010-05-04	21915.0	0.0	0.0	21708.0	21815.0	207.0	100.0	37.5	46.7	50.6	50.7
2010-05-11	22127.0	0.0	0.0	21920.0	22027.0	207.0	100.0	37.5	46.4	50.5	50.2
2010-05-18	21781.0	0.0	0.0	21540.0	21681.0	241.0	100.0	38.0	47.9	51.2	52.1
2010-05-25	22281.0	0.0	0.0	22030.0	22001.0	251.0	280.0	37.2	46.9	50.1	50.9
2010-06-01	23030.0	0.0	0.0	22779.0	22750.0	251.0	280.0	34.7	43.2	47.2	48.1
2010-06-08	21257.0	0.0	0.0	21066.0	21007.0	191.0	250.0	37.9	46.2	45.9	49.6
2010-06-15	21869.0	0.0	0.0	21729.0	21619.0	140.0	250.0	37.0	44.8	44.7	48.0
2010-06-22	22619.0	0.0	0.0	22479.0	22369.0	140.0	250.0	36.1	44.6	44.1	48.0
2010-06-29	22965.0	0.0	0.0	22825.0	22715.0	140.0	250.0	34.9	43.9	43.4	47.7
2010-07-06	19753.0	0.0	0.0	19549.0	19378.0	204.0	375.0	48.4	61.6	60.1	64.3
2010-07-13	20335.0	0.0	0.0	20131.0	19960.0	204.0	375.0	46.1	59.4	58.2	62.1
2010-07-20	23066.0	0.0	0.0	22862.0	22796.0	204.0	270.0	43.5	56.1	54.1	59.1
2010-07-27	23370.0	0.0	0.0	23166.0	23100.0	204.0	270.0	43.0	54.7	52.2	57.8
2010-08-03	23311.0	0.0	0.0	23131.0	23047.0	180.0	264.0	36.6	48.1	47.2	51.1
2010-08-10	23432.0	0.0	0.0	23232.0	23148.0	200.0	284.0	34.2	44.9	44.1	48.0
2010-08-17	24287.0	0.0	0.0	24107.0	24050.0	180.0	237.0	34.2	44.2	44.6	47.9
2010-08-24	25984.0	0.0	0.0	25869.0	25747.0	115.0	237.0	31.7	42.3	41.7	46.0
2010-08-31	27566.0	0.0	0.0	27451.0	27329.0	115.0	237.0	32.6	41.0	42.5	46.5
2010-09-07	24544.0	300.0	0.0	24143.0	24307.0	101.0	237.0	41.3	42.2	52.9	51.8
2010-09-14	25033.0	700.0	0.0	24232.0	24796.0	101.0	237.0	40.3	43.5	54.3	54.7
2010-09-21	25834.0	700.0	0.0	25033.0	25597.0	101.0	237.0	38.7	41.6	51.2	52.2
2010-09-28	26820.0	700.0	0.0	26019.0	26593.0	101.0	227.0	35.4	40.1	48.4	49.9
2010-10-05	24322.0	904.0	0.0	23331.0	24102.0	87.0	220.0	35.7	37.9	48.5	47.9
2010-10-12	28895.0	926.0	0.0	27882.0	28675.0	87.0	220.0	30.7	32.6	45.5	44.3
2010-10-19	30327.0	781.0	0.0	29459.0	30107.0	87.0	220.0	27.3	29.5	41.4	39.3
2010-10-26	32006.0	783.0	0.0	31136.0	31786.0	87.0	220.0	26.0	29.4	39.5	37.5
2010-11-02	28724.0	469.0	0.0	27858.0	28219.0	102.0	210.0	25.4	24.7	34.7	31.9
2010-11-09	30420.0	400.0	0.0	29904.0	30210.0	116.0	210.0	24.5	23.9	34.0	29.7
2010-11-16	31051.0	400.0	0.0	30549.0	30841.0	102.0	210.0	25.1	26.9	34.5	32.1
2010-11-23	32703.0	400.0	0.0	32221.0	32493.0	82.0	210.0	23.9	28.8	35.1	33.2
2010-11-30	33409.0	400.0	0.0	32927.0	33199.0	82.0	210.0	23.8	28.5	35.5	32.5
2010-12-07	28779.0	200.0	0.0	28502.0	28579.0	77.0	200.0	32.3	30.6	41.7	38.7
2010-12-14	28624.0	200.0	0.0	28347.0	28424.0	77.0	200.0	33.0	31.4	42.9	39.8
2010-12-21	29723.0	200.0	0.0	29434.0	29523.0	89.0	200.0	31.7	30.8	42.6	38.8
2010-12-28	30557.0	200.0	0.0	30268.0	30357.0	89.0	200.0	31.5	30.4	42.5	38.6
2011-01-04	23932.0	100.0	0.0	23718.0	23722.0	114.0	210.0	42.9	52.3	62.1	60.7
2011-01-11	23919.0	200.0	0.0	23605.0	23709.0	114.0	210.0	43.9	53.5	63.0	62.0
2011-01-18	24299.0	300.0	0.0	23885.0	24089.0	114.0	210.0	43.4	52.1	62.8	60.5
2011-01-25	24345.0	0.0	0.0	24231.0	24135.0	114.0	210.0	41.5	49.7	60.8	58.4
2011-02-01	24801.0	0.0	0.0	24687.0	24591.0	114.0	210.0	39.6	46.2	58.3	55.0
2011-02-08	21098.0	0.0	0.0	20950.0	20873.0	148.0	225.0	38.8	47.3	56.8	56.8
2011-02-15	22199.0	0.0	0.0	22066.0	22014.0	133.0	185.0	36.7	42.1	53.8	53.9
2011-02-22	22490.0	0.0	0.0	22357.0	22305.0	133.0	185.0	36.4	42.0	53.3	53.7
2011-03-01	22595.0	0.0	0.0	22462.0	22410.0	133.0	185.0	36.2	43.7	53.1	56.0
2011-03-08	18294.0	0.0	0.0	18170.0	18134.0	124.0	160.0	39.7	43.0	62.5	62.7
2011-03-15	17841.0	0.0	0.0	17717.0	17681.0	124.0	160.0	39.0	45.4	62.8	65.5
2011-03-22	18418.0	0.0	0.0	18279.0	18258.0	139.0	160.0	38.3	41.7	60.6	60.6
2011-03-29	18558.0	0.0	0.0	18402.0	18398.0	156.0	160.0	35.8	39.7	59.1	59.4
2011-04-05	14778.0	0.0	0.0	14631.0	14643.0	147.0	135.0	44.5	49.2	66.7	65.0
2011-04-12	15166.0	0.0	0.0	15014.0	14956.0	152.0	210.0	43.4	48.2	64.6	64.7
2011-04-19	15430.0	0.0	0.0	15263.0	15220.0	167.0	210.0	42.8	47.7	63.6	62.8
2011-04-26	16278.0	0.0	0.0	16126.0	16080.0	152.0	198.0	42.0	45.3	61.2	58.7
2011-05-03	13098.0	0.0	0.0	12974.0	12978.0	124.0	120.0	39.3	54.3	61.0	61.6
2011-05-10	14480.0	0.0	0.0	14345.0	14360.0	135.0	120.0	35.9	50.5	58.6	61.6
2011-05-17	15344.0	0.0	0.0	15218.0	15224.0	126.0	120.0	33.9	49.4	56.7	63.0
2011-05-24	14371.0	0.0	0.0	14245.0	14251.0	126.0	120.0	36.2	52.4	59.2	65.8
2011-05-31	14291.0	0.0	0.0	14165.0	14171.0	126.0	120.0	37.4	52.9	60.3	67.0
2011-06-07	14153.0	0.0	0.0	14018.0	14018.0	135.0	135.0	32.9	44.9	52.5	59.6
2011-06-14	14475.0	0.0	0.0	14335.0	14335.0	140.0	140.0	32.2	41.7	51.0	57.0
2011-06-21	15209.0	0.0	0.0	15069.0	15069.0	140.0	140.0	31.1	40.2	50.0	55.0
2011-06-28	15344.0	0.0	0.0	15241.0	15239.0	103.0	105.0	30.8	39.1	49.5	54.2
2011-07-05	12537.0	0.0	0.0	12423.0	12447.0	114.0	90.0	34.3	38.8	52.2	53.1
2011-07-12	13037.0	0.0	0.0	12923.0	12947.0	114.0	90.0	34.6	36.6	56.7	57.1
2011-07-19	12820.0	0.0	0.0	12706.0	12708.0	114.0	112.0	36.3	37.6	56.5	56.7
2011-07-26	12640.0	0.0	0.0	12486.0	12498.0	154.0	142.0	34.7	38.0	56.2	56.9
2011-08-02	10672.0	0.0	0.0	10504.0	10567.0	168.0	105.0	34.9	39.2	53.9	55.2
2011-08-09	10783.0	0.0	0.0	10615.0	10658.0	168.0	125.0	35.7	39.0	55.2	54.3
2011-08-16	11154.0	0.0	0.0	10986.0	11029.0	168.0	125.0	34.3	38.5	54.5	53.2
2011-08-23	10927.0	0.0	0.0	10719.0	10762.0	208.0	165.0	36.6	38.3	54.8	53.5
2011-08-30	10788.0	0.0	0.0	10593.0	10641.0	195.0	147.0	36.8	39.7	53.8	55.5
2011-09-06	8049.0	0.0	0.0	7854.0	7892.0	195.0	157.0	42.9	41.0	62.1	60.0
2011-09-13	8544.0	0.0	0.0	8354.0	8377.0	190.0	167.0	40.9	42.9	61.7	61.3
2011-09-20	9674.0	0.0	0.0	9484.0	9507.0	190.0	167.0	37.1	38.4	58.1	57.7
2011-09-27	9788.0	0.0	0.0	9598.0	9621.0	190.0	167.0	35.9	37.4	58.0	56.5
2011-10-04	8087.0	0.0	0.0	7912.0	7972.0	175.0	115.0	33.2	37.8	55.2	54.0
2011-10-11	10455.0	0.0	0.0	10292.0	10340.0	163.0	115.0	25.2	30.0	41.9	41.8
2011-10-18	12297.0	0.0	0.0	12134.0	12182.0	163.0	115.0	22.8	25.9	36.7	35.9
2011-10-25	12396.0	0.0	0.0	12233.0	12281.0	163.0	115.0	22.6	25.7	37.4	36.1
2011-11-01	12689.0	0.0	0.0	12476.0	12574.0	213.0	115.0	23.0	26.0	37.7	35.3
2011-11-08	11849.0	0.0	0.0	11711.0	11749.0	138.0	100.0	17.7	22.0	27.5	30.7
2011-11-15	12400.0	0.0	50.0	12262.0	12250.0	138.0	100.0	16.7	18.8	25.9	27.1
2011-11-22	14553.0	0.0	0.0	14415.0	14453.0	138.0	100.0	14.5	15.3	22.3	22.4
2011-11-29	15097.0	0.0	0.0	14959.0	14997.0	138.0	100.0	14.3	15.3	22.4	22.1
2011-12-06	13829.0	0.0	0.0	13680.0	13745.0	149.0	84.0	16.0	18.4	23.8	24.7
2011-12-13	15231.0	0.0	0.0	15082.0	15147.0	149.0	84.0	14.5	18.2	21.6	24.6
2011-12-20	18752.0	0.0	0.0	18603.0	18668.0	149.0	84.0	13.7	13.6	19.5	18.8
2011-12-27	18619.0	0.0	0.0	18492.0	18530.0	127.0	89.0	14.6	13.8	20.5	19.2
2012-01-03	18154.0	0.0	0.0	18027.0	18051.0	127.0	103.0	14.9	15.3	21.8	20.8
2012-01-10	15614.0	0.0	0.0	15447.0	15574.0	167.0	40.0	9.8	12.8	16.7	18.6
2012-01-17	15580.0	0.0	0.0	15413.0	15540.0	167.0	40.0	10.5	12.8	17.6	18.9
2012-01-24	16780.0	0.0	0.0	16613.0	16740.0	167.0	40.0	10.3	11.9	17.6	17.3
2012-01-31	18701.0	0.0	0.0	18534.0	18661.0	167.0	40.0	10.1	11.8	17.1	16.9
2012-02-07	17456.0	0.0	0.0	17296.0	17428.0	160.0	28.0	17.1	12.1	22.6	17.1
2012-02-14	17301.0	0.0	0.0	17138.0	17273.0	163.0	28.0	17.3	12.3	22.8	17.6
2012-02-21	21707.0	0.0	0.0	21544.0	21679.0	163.0	28.0	12.8	10.4	17.7	15.2
2012-02-28	24697.0	0.0	0.0	24534.0	24669.0	163.0	28.0	11.5	9.4	15.7	13.6
2012-03-06	24153.0	0.0	0.0	23986.0	24131.0	167.0	22.0	13.0	11.6	18.4	16.8
2012-03-13	25318.0	0.0	0.0	25151.0	25296.0	167.0	22.0	12.8	10.9	17.8	15.8
2012-03-20	27004.0	0.0	0.0	26837.0	26982.0	167.0	22.0	12.0	10.3	17.6	15.4
2012-03-27	27915.0	0.0	0.0	27748.0	27893.0	167.0	22.0	12.7	9.7	18.4	15.5
2012-04-03	23312.0	0.0	0.0	23145.0	23290.0	167.0	22.0	21.7	26.4	31.2	31.0
2012-04-10	24705.0	0.0	0.0	24538.0	24683.0	167.0	22.0	21.3	26.2	30.2	30.9
2012-04-17	26490.0	0.0	0.0	26367.0	26478.0	123.0	12.0	20.3	25.5	28.9	29.8
2012-04-24	27285.0	0.0	0.0	27156.0	27273.0	129.0	12.0	20.7	24.9	29.5	29.4
2012-05-01	28465.0	0.0	0.0	28346.0	28453.0	119.0	12.0	19.1	24.1	28.2	29.0
2012-05-08	23750.0	0.0	0.0	23643.0	23714.0	107.0	36.0	25.3	21.0	33.2	32.6
2012-05-15	24468.0	0.0	0.0	24298.0	24456.0	170.0	12.0	25.6	20.9	33.3	31.9
2012-05-22	24568.0	0.0	147.0	24123.0	24046.0	445.0	375.0	25.5	20.3	33.3	31.0
2012-05-29	24909.0	0.0	0.0	24408.0	24491.0	501.0	418.0	24.7	20.1	32.3	30.1
2012-06-05	19309.0	0.0	0.0	19072.0	19245.0	237.0	64.0	47.2	41.2	56.1	53.9
2012-06-12	19109.0	0.0	0.0	18857.0	19045.0	252.0	64.0	47.7	40.8	56.4	53.6
2012-06-19	19240.0	0.0	0.0	18988.0	19176.0	252.0	64.0	47.2	40.4	56.2	53.2
2012-06-26	19202.0	0.0	0.0	18940.0	19118.0	262.0	84.0	47.9	39.3	57.5	52.6
2012-07-03	15538.0	0.0	0.0	15255.0	15434.0	283.0	104.0	60.0	60.6	73.1	72.2
2012-07-10	15750.0	0.0	0.0	15467.0	15646.0	283.0	104.0	59.3	58.0	72.3	70.4
2012-07-17	16155.0	0.0	0.0	15857.0	16055.0	298.0	100.0	57.3	56.4	69.9	68.7
2012-07-24	16105.0	0.0	0.0	15807.0	16009.0	298.0	96.0	57.6	56.2	70.3	68.7
2012-07-31	16281.0	0.0	0.0	15983.0	16185.0	298.0	96.0	57.0	55.7	69.6	68.1
2012-08-07	12413.0	0.0	0.0	12173.0	12338.0	240.0	75.0	53.0	50.9	65.4	66.3
2012-08-14	12688.0	0.0	0.0	12428.0	12608.0	260.0	80.0	53.8	47.8	66.9	64.9
2012-08-21	12770.0	0.0	0.0	12510.0	12690.0	260.0	80.0	55.1	46.5	69.3	64.4
2012-08-28	12434.0	0.0	0.0	12174.0	12321.0	260.0	113.0	56.3	45.2	71.3	64.7
2012-09-04	12771.0	0.0	330.0	12531.0	12353.0	240.0	88.0	56.7	44.8	71.1	64.6
2012-09-11	9656.0	0.0	330.0	9445.0	9247.0	211.0	79.0	58.5	43.1	71.8	61.3
2012-09-18	9866.0	0.0	0.0	9635.0	9787.0	231.0	79.0	61.8	43.5	75.8	65.7
2012-09-25	10252.0	0.0	0.0	10005.0	10186.0	247.0	66.0	59.7	40.9	73.1	62.2
2012-10-02	6866.0	0.0	80.0	6669.0	6566.0	197.0	220.0	59.3	38.6	71.8	63.4
2012-10-09	7272.0	0.0	80.0	7075.0	6972.0	197.0	220.0	59.9	40.4	71.5	63.7
2012-10-16	8096.0	0.0	80.0	7909.0	7806.0	187.0	210.0	56.7	39.4	66.9	60.8
2012-10-23	10015.0	0.0	80.0	9820.0	9717.0	195.0	218.0	46.1	31.9	54.6	50.4
2012-10-30	10561.0	0.0	80.0	10366.0	10284.0	195.0	197.0	43.6	30.1	51.7	47.8
2012-11-06	9380.0	0.0	0.0	9167.0	9190.0	213.0	190.0	42.5	31.7	47.0	44.5
2012-11-13	10460.0	0.0	0.0	10279.0	10281.0	181.0	179.0	38.6	32.1	43.6	43.1
2012-11-20	12307.0	0.0	0.0	12126.0	12128.0	181.0	179.0	33.0	26.4	37.5	36.2
2012-11-27	13778.0	0.0	0.0	13597.0	13599.0	181.0	179.0	29.5	23.6	33.5	32.3
2012-12-04	15635.0	0.0	0.0	15442.0	15470.0	193.0	165.0	26.2	19.7	30.4	28.4
2012-12-11	15920.0	0.0	0.0	15706.0	15755.0	214.0	165.0	27.2	20.1	31.6	28.2
2012-12-18	16430.0	0.0	0.0	16222.0	16265.0	208.0	165.0	26.2	18.9	31.1	29.3
2012-12-24	17107.0	0.0	0.0	16892.0	16942.0	215.0	165.0	25.5	17.9	29.6	28.4
2012-12-31	17067.0	0.0	0.0	16852.0	16902.0	215.0	165.0	25.9	18.3	30.4	29.1
2013-01-08	14293.0	0.0	0.0	14072.0	14119.0	221.0	174.0	44.3	37.7	50.6	47.3
2013-01-15	17801.0	0.0	0.0	17580.0	17600.0	221.0	201.0	36.7	29.9	41.3	37.9
2013-01-22	20975.0	0.0	0.0	20754.0	20763.0	221.0	212.0	31.1	25.1	35.0	31.9
2013-01-29	23264.0	0.0	0.0	23043.0	23047.0	221.0	217.0	28.4	24.5	32.2	29.5
2013-02-05	20333.0	0.0	0.0	20167.0	20158.0	166.0	175.0	25.9	16.1	27.7	23.2
2013-02-12	21154.0	0.0	0.0	20988.0	20977.0	166.0	177.0	25.2	15.0	27.2	22.0
2013-02-19	21454.0	0.0	0.0	21288.0	21277.0	166.0	177.0	25.1	15.1	27.3	21.6
2013-02-26	23285.0	338.0	0.0	22031.0	22358.0	166.0	177.0	23.7	14.4	26.1	20.9
2013-03-05	20300.0	335.0	0.0	19573.0	19909.0	138.0	137.0	34.7	21.6	37.3	29.8
2013-03-12	19615.0	650.0	0.0	18823.0	19474.0	138.0	137.0	38.0	24.2	41.2	33.4
2013-03-19	19254.0	700.0	0.0	18412.0	19113.0	138.0	137.0	38.7	25.0	41.7	34.5
2013-03-26	19425.0	700.0	0.0	18583.0	19278.0	138.0	143.0	39.9	24.0	42.8	33.7
2013-04-02	17502.0	111.0	0.0	17267.0	17368.0	120.0	130.0	43.6	27.6	45.3	38.5
2013-04-09	18446.0	136.0	0.0	18173.0	18312.0	133.0	130.0	42.8	28.9	45.9	40.0
2013-04-16	19039.0	61.0	0.0	18641.0	18705.0	133.0	130.0	41.9	27.3	44.8	39.2
2013-04-23	19146.0	108.0	75.0	18700.0	18759.0	156.0	130.0	41.8	27.0	44.8	38.9
2013-04-30	19304.0	138.0	115.0	18803.0	18845.0	149.0	130.0	41.8	26.6	44.9	38.7
2013-05-07	16268.0	23.0	115.0	15940.0	15877.0	131.0	102.0	46.8	35.1	48.3	42.6
2013-05-14	16365.0	73.0	90.0	15962.0	15974.0	131.0	102.0	46.4	34.9	48.3	42.4
2013-05-21	17585.0	73.0	145.0	17082.0	17039.0	131.0	102.0	43.7	32.5	45.8	39.5
2013-05-28	17537.0	73.0	220.0	17034.0	16916.0	131.0	102.0	44.0	32.5	46.8	40.0
2013-06-04	14509.0	133.0	0.0	14265.0	14405.0	107.0	100.0	56.4	43.2	60.7	52.4
2013-06-11	14642.0	0.0	0.0	14548.0	14552.0	94.0	90.0	56.4	43.6	61.0	52.2
2013-06-18	14643.0	0.0	0.0	14521.0	14553.0	122.0	90.0	56.3	42.2	59.6	51.0
2013-06-25	14725.0	0.0	0.0	14593.0	14635.0	132.0	90.0	55.0	40.0	58.2	49.0
2013-07-02	11717.0	0.0	0.0	11616.0	11633.0	101.0	84.0	65.6	63.7	73.1	71.5
2013-07-09	11912.0	0.0	0.0	11811.0	11828.0	101.0	84.0	63.8	61.6	70.2	69.5
2013-07-16	12207.0	0.0	0.0	12106.0	12123.0	101.0	84.0	62.7	60.1	68.6	67.5
2013-07-23	12387.0	0.0	0.0	12286.0	12303.0	101.0	84.0	61.7	59.4	68.3	66.8
2013-07-30	14005.0	0.0	0.0	13878.0	13915.0	127.0	90.0	55.2	53.1	61.7	60.3
2013-08-06	12702.0	0.0	0.0	12596.0	12626.0	106.0	76.0	48.9	45.1	56.4	54.0
2013-08-13	12911.0	0.0	0.0	12793.0	12825.0	118.0	86.0	49.3	45.0	57.0	54.0
2013-08-20	13099.0	0.0	0.0	12993.0	12989.0	106.0	110.0	48.8	44.2	56.2	53.1
2013-08-27	13241.0	0.0	0.0	13135.0	13143.0	106.0	98.0	48.8	44.1	56.3	52.8
2013-09-03	13802.0	0.0	0.0	13691.0	13633.0	111.0	169.0	48.0	43.0	55.4	51.9
2013-09-10	11952.0	0.0	0.0	11854.0	11862.0	98.0	90.0	42.8	44.5	53.0	54.6
2013-09-17	12279.0	0.0	0.0	12174.0	12189.0	105.0	90.0	42.7	43.7	52.6	54.1
2013-09-24	12415.0	0.0	0.0	12310.0	12310.0	105.0	105.0	42.3	42.9	51.3	53.1
2013-10-01	11950.0	0.0	0.0	11845.0	11876.0	105.0	74.0	44.0	44.8	53.8	56.4
2013-10-08	10119.0	0.0	0.0	10029.0	10063.0	90.0	56.0	45.2	44.8	54.9	55.5
2013-10-15	10755.0	0.0	30.0	10680.0	10677.0	75.0	48.0	42.7	42.8	52.6	53.3
2013-10-22	11135.0	0.0	30.0	11060.0	11044.0	75.0	61.0	42.7	41.3	53.9	52.4
2013-10-29	11787.0	0.0	30.0	11712.0	11674.0	75.0	83.0	40.4	38.3	53.2	51.5
2013-11-05	10118.0	0.0	55.0	10042.0	10028.0	76.0	35.0	26.9	30.7	40.0	41.8
2013-11-12	10363.0	50.0	70.0	10197.0	10228.0	86.0	35.0	25.7	29.1	38.3	40.6
2013-11-19	11048.0	50.0	125.0	10892.0	10858.0	76.0	35.0	25.9	26.4	37.2	38.2
2013-11-26	11309.0	50.0	255.0	11138.0	10989.0	91.0	35.0	28.6	25.3	39.5	38.6
2013-12-03	8052.0	65.0	255.0	7925.0	7752.0	47.0	30.0	36.1	25.4	48.3	37.7
2013-12-10	8881.0	53.0	255.0	8769.0	8569.0	32.0	30.0	32.6	23.6	45.4	35.2
2013-12-17	9171.0	53.0	250.0	9059.0	8894.0	32.0	0.0	29.8	22.0	43.3	34.6
2013-12-24	9462.0	53.0	240.0	9328.0	9195.0	54.0	0.0	29.1	21.0	42.2	34.6
2014-01-07	7147.0	0.0	132.0	7065.0	7015.0	82.0	0.0	40.1	24.1	47.3	40.4
2014-01-14	7895.0	0.0	112.0	7813.0	7763.0	82.0	20.0	37.4	20.0	43.0	33.7
2014-01-21	8323.0	0.0	162.0	8241.0	8141.0	82.0	20.0	35.6	18.8	41.2	31.7
2014-01-28	8955.0	0.0	172.0	8873.0	8763.0	82.0	20.0	32.2	18.9	39.1	31.7
2014-02-04	7856.0	0.0	65.0	7786.0	7747.0	70.0	44.0	39.5	27.7	42.5	36.9
2014-02-11	8607.0	0.0	65.0	8537.0	8498.0	70.0	44.0	36.0	25.7	40.4	36.0
2014-02-18	9552.0	0.0	111.0	9407.0	9322.0	70.0	44.0	34.0	23.5	37.6	33.2
2014-02-25	9903.0	103.0	111.0	9677.0	9697.0	48.0	20.0	33.2	23.9	36.6	33.9
2014-03-04	8765.0	103.0	63.0	8549.0	8627.0	38.0	0.0	31.4	23.2	35.0	32.1
2014-03-11	9039.0	103.0	53.0	8823.0	8911.0	38.0	0.0	30.7	23.2	35.0	31.9
2014-03-18	9218.0	103.0	43.0	9002.0	9100.0	38.0	0.0	30.5	21.6	34.9	32.3
2014-03-25	9602.0	0.0	43.0	9564.0	9559.0	38.0	0.0	29.0	20.5	33.2	30.9
2014-04-01	9325.0	0.0	43.0	9277.0	9272.0	48.0	10.0	29.2	22.0	34.0	32.7
2014-04-08	7073.0	0.0	0.0	7039.0	7040.0	34.0	33.0	51.4	42.8	58.2	56.7
2014-04-15	7478.0	0.0	0.0	7444.0	7445.0	34.0	33.0	49.3	41.5	58.0	55.7
2014-04-22	7895.0	0.0	0.0	7861.0	7820.0	34.0	75.0	47.4	40.3	56.2	54.1
2014-04-29	8241.0	0.0	35.0	8207.0	8130.0	34.0	76.0	46.3	37.7	54.5	51.1
2014-05-06	6218.0	0.0	35.0	6190.0	6085.0	28.0	98.0	54.3	40.5	61.7	53.9
2014-05-13	6406.0	0.0	35.0	6378.0	6325.0	28.0	46.0	55.3	40.1	63.1	54.5
2014-05-20	6693.0	0.0	35.0	6665.0	6612.0	28.0	46.0	53.2	38.2	60.7	54.3
2014-05-27	6968.0	0.0	35.0	6940.0	6887.0	28.0	46.0	54.4	37.6	62.4	55.9
2014-06-03	5495.0	0.0	0.0	5465.0	5477.0	30.0	18.0	61.6	47.6	70.9	67.1
2014-06-10	5937.0	0.0	0.0	5907.0	5919.0	30.0	18.0	58.5	46.0	68.9	63.9
2014-06-17	5887.0	0.0	0.0	5857.0	5849.0	30.0	38.0	58.5	47.6	67.5	61.9
2014-06-24	5978.0	0.0	0.0	5948.0	5940.0	30.0	38.0	58.2	46.9	68.1	61.6
2014-07-01	6006.0	0.0	0.0	5951.0	5968.0	55.0	38.0	57.5	45.1	67.3	60.8
2014-07-08	4214.0	0.0	0.0	4173.0	4178.0	41.0	36.0	59.3	44.9	75.5	66.8
2014-07-15	4292.0	0.0	0.0	4227.0	4256.0	65.0	36.0	56.7	44.2	72.8	66.3
2014-07-22	4312.0	0.0	0.0	4247.0	4276.0	65.0	36.0	56.9	44.4	71.8	66.5
2014-07-29	4796.0	0.0	0.0	4731.0	4760.0	65.0	36.0	54.7	40.4	69.5	60.2
2014-08-05	4050.0	0.0	0.0	4014.0	4028.0	36.0	22.0	36.9	27.5	50.0	43.9
2014-08-12	5200.0	0.0	0.0	5164.0	5178.0	36.0	22.0	33.4	23.2	43.3	38.8
2014-08-19	5565.0	0.0	0.0	5499.0	5543.0	66.0	22.0	35.4	23.3	44.4	38.8
2014-08-26	5533.0	0.0	0.0	5467.0	5511.0	66.0	22.0	35.6	23.6	45.0	38.7
2014-09-02	5736.0	0.0	0.0	5675.0	5714.0	61.0	22.0	35.0	22.8	44.1	37.2
2014-09-09	4546.0	0.0	0.0	4530.0	4530.0	16.0	16.0	37.3	22.4	44.9	36.2
2014-09-16	5766.0	0.0	0.0	5750.0	5750.0	16.0	16.0	36.6	23.7	45.5	36.2
2014-09-23	6269.0	0.0	40.0	6253.0	6223.0	16.0	6.0	31.8	20.3	39.5	32.2
2014-09-30	6818.0	0.0	40.0	6802.0	6772.0	16.0	6.0	29.1	18.2	36.0	29.1
2014-10-07	5730.0	0.0	55.0	5634.0	5665.0	96.0	10.0	30.2	23.0	36.2	34.7
2014-10-14	5388.0	0.0	55.0	5292.0	5323.0	96.0	10.0	31.6	23.8	37.3	35.7
2014-10-21	6136.0	0.0	55.0	6076.0	6071.0	60.0	10.0	31.6	24.4	41.1	36.8
2014-10-28	6530.0	0.0	55.0	6460.0	6455.0	70.0	20.0	31.1	22.4	38.3	34.1
2014-11-04	5806.0	0.0	25.0	5736.0	5761.0	70.0	20.0	31.7	23.6	39.2	36.3
2014-11-11	5852.0	0.0	25.0	5782.0	5807.0	70.0	20.0	29.8	25.3	37.3	35.1
2014-11-18	6380.0	0.0	25.0	6310.0	6335.0	70.0	20.0	30.7	23.8	38.6	35.1
2014-11-25	6765.0	0.0	25.0	6695.0	6710.0	70.0	30.0	29.8	24.5	38.3	35.2
2014-12-02	5270.0	0.0	50.0	5210.0	5210.0	60.0	10.0	37.4	32.9	43.8	41.7
2014-12-09	5746.0	0.0	50.0	5706.0	5686.0	40.0	10.0	40.3	38.2	47.4	46.1
2014-12-16	5721.0	0.0	50.0	5681.0	5661.0	40.0	10.0	42.6	40.1	50.2	49.1
2014-12-23	5571.0	0.0	50.0	5531.0	5511.0	40.0	10.0	41.8	38.4	50.0	47.9
2014-12-30	5646.0	0.0	50.0	5606.0	5586.0	40.0	10.0	42.6	39.3	50.7	48.6
2015-01-06	5024.0	0.0	50.0	5014.0	4974.0	10.0	0.0	52.4	37.9	59.1	52.5
2015-01-13	5428.0	0.0	50.0	5418.0	5378.0	10.0	0.0	52.6	40.9	60.6	55.4
2015-01-20	5593.0	0.0	50.0	5527.0	5543.0	66.0	0.0	49.5	39.5	57.4	54.0
2015-01-27	6015.0	0.0	50.0	5951.0	5958.0	64.0	7.0	46.8	38.9	55.0	52.0
2015-02-03	4368.0	0.0	0.0	4346.0	4368.0	22.0	0.0	45.5	34.2	53.8	54.0
2015-02-10	4961.0	0.0	0.0	4961.0	4961.0	0.0	0.0	42.1	35.2	51.8	52.9
2015-02-17	5194.0	0.0	0.0	5194.0	5194.0	0.0	0.0	41.9	37.8	52.7	54.6
2015-02-24	5296.0	0.0	0.0	5296.0	5296.0	0.0	0.0	47.8	39.8	57.4	57.5
2015-03-03	4754.0	0.0	25.0	4754.0	4729.0	0.0	0.0	51.1	36.2	60.2	53.7
2015-03-10	4958.0	0.0	25.0	4958.0	4933.0	0.0	0.0	47.7	35.1	57.6	50.9
2015-03-17	5242.0	0.0	25.0	5242.0	5217.0	0.0	0.0	47.5	35.6	55.8	48.4
2015-03-24	5620.0	0.0	25.0	5620.0	5595.0	0.0	0.0	50.0	35.9	53.0	47.5
2015-03-31	5796.0	0.0	25.0	5796.0	5771.0	0.0	0.0	47.5	34.4	51.0	45.4
2015-04-07	4403.0	0.0	0.0	4403.0	4403.0	0.0	0.0	54.3	40.7	57.8	51.5
2015-04-14	4676.0	0.0	0.0	4676.0	4676.0	0.0	0.0	55.6	42.6	59.3	54.0
2015-04-21	5171.0	0.0	0.0	5171.0	5171.0	0.0	0.0	54.3	35.4	58.2	48.2
2015-04-28	5427.0	50.0	35.0	5377.0	5392.0	0.0	0.0	54.0	36.4	59.6	48.4
2015-05-05	4881.0	50.0	35.0	4781.0	4796.0	0.0	0.0	58.9	36.0	65.4	50.9
2015-05-12	5187.0	50.0	35.0	5087.0	5102.0	0.0	0.0	57.5	34.9	64.4	51.1
2015-05-19	5093.0	50.0	35.0	4993.0	5008.0	0.0	0.0	58.6	36.4	66.2	52.4
2015-05-26	5149.0	50.0	35.0	5049.0	5064.0	0.0	0.0	56.7	36.1	64.7	53.8
2015-06-02	3743.0	100.0	0.0	3643.0	3743.0	0.0	0.0	56.1	32.5	62.6	49.4
2015-06-09	3834.0	100.0	0.0	3734.0	3834.0	0.0	0.0	52.7	28.4	59.0	45.4
2015-06-16	3970.0	100.0	0.0	3870.0	3970.0	0.0	0.0	60.1	30.6	66.0	47.8
2015-06-23	4314.0	100.0	0.0	4214.0	4314.0	0.0	0.0	63.3	32.6	69.4	50.9
2015-06-30	4256.0	100.0	0.0	4156.0	4256.0	0.0	0.0	64.1	33.5	70.3	52.7
2015-07-07	3355.0	0.0	0.0	3355.0	3355.0	0.0	0.0	66.0	39.0	70.1	58.6
2015-07-14	3912.0	0.0	0.0	3912.0	3912.0	0.0	0.0	59.0	37.0	64.5	55.3
2015-07-21	3825.0	0.0	0.0	3825.0	3825.0	0.0	0.0	56.4	35.0	64.4	54.1
2015-07-28	4075.0	0.0	0.0	4075.0	4075.0	0.0	0.0	54.4	37.7	63.8	55.4
2015-08-04	4192.0	0.0	0.0	4092.0	4172.0	100.0	20.0	46.9	29.3	50.3	44.1
2015-08-11	4606.0	0.0	0.0	4606.0	4606.0	0.0	0.0	50.8	33.9	56.3	47.5
2015-08-18	4827.0	0.0	0.0	4827.0	4827.0	0.0	0.0	52.3	36.3	57.5	49.2
2015-08-25	5125.0	0.0	0.0	5125.0	5125.0	0.0	0.0	52.6	36.8	57.8	51.0
2015-09-01	5310.0	0.0	0.0	5310.0	5310.0	0.0	0.0	46.9	32.5	51.9	45.4
2015-09-08	4614.0	0.0	0.0	4614.0	4614.0	0.0	0.0	55.2	34.9	58.6	52.0
2015-09-15	4939.0	0.0	0.0	4939.0	4939.0	0.0	0.0	54.5	34.7	57.8	52.3
2015-09-22	5515.0	450.0	0.0	5065.0	5515.0	0.0	0.0	45.7	31.6	53.3	48.5
2015-09-29	5780.0	450.0	0.0	5330.0	5780.0	0.0	0.0	44.2	31.4	51.3	47.6
2015-10-06	5626.0	450.0	0.0	5176.0	5626.0	0.0	0.0	42.4	33.4	52.9	46.1
2015-10-13	5620.0	450.0	0.0	5170.0	5620.0	0.0	0.0	37.4	32.4	49.7	44.8
2015-10-20	5722.0	450.0	0.0	5272.0	5722.0	0.0	0.0	36.6	32.8	48.2	45.8
2015-10-27	5803.0	450.0	0.0	5353.0	5803.0	0.0	0.0	34.4	30.1	44.1	41.7
2015-11-03	5129.0	450.0	0.0	4679.0	5129.0	0.0	0.0	46.1	33.1	57.0	48.8
2015-11-10	5351.0	450.0	0.0	4901.0	5351.0	0.0	0.0	44.4	31.8	56.6	49.4
2015-11-17	6896.0	450.0	0.0	5846.0	6296.0	0.0	0.0	34.4	25.2	45.2	40.5
2015-11-24	7373.0	450.0	0.0	6323.0	6773.0	0.0	0.0	32.2	25.1	42.7	39.4
2015-12-01	7346.0	450.0	0.0	6296.0	6746.0	0.0	0.0	33.1	27.6	43.6	41.2
2015-12-08	6712.0	525.0	0.0	5587.0	6112.0	0.0	0.0	36.4	23.5	46.7	40.0
2015-12-15	6699.0	525.0	200.0	5574.0	5899.0	0.0	0.0	40.5	27.9	50.6	43.9
2015-12-22	7524.0	625.0	200.0	6299.0	6724.0	0.0	0.0	45.9	27.0	53.2	44.8
2015-12-29	7543.0	625.0	200.0	6318.0	6743.0	0.0	0.0	45.8	28.7	51.1	45.3
2016-01-05	5895.0	625.0	200.0	4659.0	5084.0	11.0	11.0	46.2	39.2	54.8	52.6
2016-01-12	5562.0	625.0	200.0	4926.0	5351.0	11.0	11.0	50.6	43.8	60.5	58.2
2016-01-19	5702.0	625.0	200.0	5066.0	5491.0	11.0	11.0	51.1	43.1	60.8	57.2
2016-01-26	6663.0	625.0	200.0	6027.0	6452.0	11.0	11.0	47.8	39.7	57.5	53.4
2016-02-02	6116.0	525.0	0.0	5591.0	6116.0	0.0	0.0	48.8	36.6	57.9	52.7
2016-02-23	7609.0	525.0	0.0	7084.0	7609.0	0.0	0.0	44.5	34.0	51.6	47.6
2016-03-01	8042.0	745.0	0.0	7297.0	8042.0	0.0	0.0	43.3	33.2	52.4	46.2
2016-03-08	6877.0	220.0	0.0	6657.0	6877.0	0.0	0.0	48.6	40.0	55.3	52.8
2016-03-15	7262.0	220.0	0.0	7042.0	7262.0	0.0	0.0	48.1	40.2	54.9	53.0
2016-03-22	7460.0	220.0	0.0	7240.0	7460.0	0.0	0.0	47.8	39.8	54.4	52.6
2016-03-29	7687.0	220.0	0.0	7467.0	7687.0	0.0	0.0	47.5	39.6	53.9	52.3
2016-07-05	5150.0	0.0	0.0	5133.0	5150.0	17.0	0.0	48.9	32.6	53.8	47.7
2016-07-12	5247.0	0.0	0.0	5230.0	5247.0	17.0	0.0	48.9	33.0	53.8	48.7
2016-07-19	5322.0	0.0	0.0	5305.0	5322.0	17.0	0.0	49.2	33.7	54.0	49.7
2016-07-26	5347.0	0.0	0.0	5330.0	5347.0	17.0	0.0	49.0	34.8	54.8	51.0
2016-08-30	5511.0	0.0	0.0	5511.0	5511.0	0.0	0.0	48.8	31.5	55.8	47.4
2016-09-20	6020.0	0.0	0.0	6020.0	6020.0	0.0	0.0	42.7	26.9	49.1	42.6
2016-09-27	6219.0	0.0	0.0	6219.0	6219.0	0.0	0.0	43.2	27.1	49.4	42.6
2016-10-04	6109.0	0.0	0.0	6109.0	6109.0	0.0	0.0	45.8	32.3	54.2	48.9
2016-10-11	6247.0	0.0	0.0	6247.0	6247.0	0.0	0.0	47.3	33.6	55.1	50.3
2016-10-18	6816.0	0.0	0.0	6816.0	6816.0	0.0	0.0	44.9	32.4	52.4	48.0
2016-10-25	7113.0	0.0	0.0	7113.0	7113.0	0.0	0.0	43.7	31.3	50.2	46.0
2016-11-01	7158.0	0.0	0.0	7158.0	7158.0	0.0	0.0	42.9	31.5	49.0	44.5
2016-11-08	6942.0	0.0	0.0	6942.0	6942.0	0.0	0.0	42.2	26.0	47.6	40.5
2016-11-15	7117.0	0.0	0.0	7117.0	7117.0	0.0	0.0	44.0	27.5	49.1	42.1
2016-11-22	7081.0	0.0	0.0	7081.0	7081.0	0.0	0.0	43.7	28.1	48.5	41.6
2016-11-29	7179.0	0.0	0.0	7179.0	7179.0	0.0	0.0	44.0	28.1	48.7	41.8
2016-12-06	5604.0	0.0	0.0	5604.0	5604.0	0.0	0.0	52.5	37.7	57.8	52.9
2016-12-13	5632.0	0.0	0.0	5632.0	5632.0	0.0	0.0	51.8	36.8	57.1	51.4
2016-12-20	5543.0	0.0	0.0	5543.0	5543.0	0.0	0.0	51.9	38.5	58.9	53.5
2016-12-27	5476.0	0.0	0.0	5476.0	5476.0	0.0	0.0	51.8	35.6	58.9	51.9
2017-01-03	5631.0	0.0	0.0	5631.0	5631.0	0.0	0.0	50.2	35.6	58.8	52.0
2017-01-10	3791.0	0.0	0.0	3786.0	3791.0	5.0	0.0	73.9	51.0	81.5	74.8
2017-01-17	4028.0	66.0	0.0	3957.0	4028.0	5.0	0.0	72.3	53.3	80.1	73.8
2017-01-24	4157.0	66.0	0.0	4091.0	4157.0	0.0	0.0	74.8	56.2	79.7	74.0
2017-01-31	4219.0	66.0	0.0	4153.0	4219.0	0.0	0.0	74.2	55.5	79.1	72.5
