2005-11-29	5600.0	360.0	1080.0	3020.0	2360.0	300.0	240.0	34.3	34.3	40.0	41.1
2005-12-27	5540.0	100.0	1680.0	3580.0	2040.0	320.0	280.0	43.0	38.3	48.4	50.5
2011-06-28	11679.0	48.0	668.0	10039.0	9219.0	1020.0	1220.0	40.1	31.7	53.2	45.3
2011-10-18	11294.0	1242.0	666.0	9019.0	9050.0	947.0	1492.0	40.3	31.9	59.8	47.9
2011-11-01	11310.0	2962.0	232.0	7414.0	9688.0	846.0	1302.0	50.0	32.5	62.7	50.7
2011-11-08	11734.0	3026.0	232.0	7774.0	10112.0	846.0	1302.0	51.8	31.4	64.0	50.6
2011-11-15	11861.0	3194.0	232.0	7780.0	10220.0	799.0	1321.0	49.9	31.7	64.1	50.3
2011-11-22	12041.0	3314.0	352.0	7720.0	10520.0	919.0	1081.0	47.7	31.7	61.7	50.0
2011-11-29	12133.0	3454.0	348.0	7672.0	10616.0	919.0	1081.0	48.5	32.1	62.3	50.6
2011-12-06	11946.0	3400.0	438.0	7589.0	10602.0	869.0	818.0	50.1	32.9	63.5	52.3
2011-12-13	12085.0	3232.0	662.0	8019.0	10578.0	730.0	741.0	53.1	29.2	61.4	49.7
2011-12-20	13083.0	3450.0	1286.0	8687.0	10790.0	782.0	843.0	53.1	26.7	60.7	45.9
2011-12-27	13341.0	3354.0	1430.0	8921.0	11568.0	902.0	179.0	51.3	29.0	58.8	48.9
2012-01-03	12980.0	3234.0	1374.0	8668.0	11186.0	874.0	216.0	48.3	29.2	57.8	49.4
2012-01-10	13004.0	3234.0	1374.0	8692.0	11210.0	874.0	216.0	48.4	29.4	57.9	49.6
2012-01-17	12852.0	3194.0	1374.0	8764.0	11082.0	690.0	192.0	48.7	29.7	58.3	50.2
2012-01-24	13196.0	3534.0	1374.0	8868.0	11418.0	590.0	200.0	51.0	30.9	60.2	51.0
2012-01-31	12875.0	3636.0	1374.0	8247.0	11003.0	798.0	304.0	52.2	31.0	59.5	50.3
2012-02-07	12885.0	3646.0	1374.0	8247.0	11013.0	798.0	304.0	52.3	30.9	59.5	50.3
2012-02-14	13187.0	3748.0	1494.0	8447.0	11195.0	798.0	304.0	53.4	31.5	59.9	50.8
2012-02-21	13241.0	3748.0	1374.0	8529.0	11277.0	770.0	396.0	54.0	30.4	60.4	49.7
2012-02-28	13879.0	3718.0	1346.0	9169.0	12103.0	770.0	208.0	51.1	28.8	57.0	47.0
2012-03-06	13268.0	3712.0	1386.0	8730.0	11394.0	654.0	316.0	51.7	30.4	57.8	47.0
2012-03-13	13268.0	3712.0	1386.0	8730.0	11394.0	654.0	316.0	51.7	30.4	57.8	47.0
2012-03-20	13366.0	3622.0	1386.0	8918.0	11492.0	654.0	316.0	51.0	30.2	56.5	46.5
2012-03-27	13402.0	3634.0	1266.0	8822.0	11480.0	654.0	364.0	50.8	29.0	56.2	45.3
2012-04-03	13009.0	3578.0	1244.0	8493.0	11073.0	646.0	400.0	51.6	29.4	56.7	45.1
2012-04-10	13009.0	3578.0	1244.0	8493.0	11073.0	646.0	400.0	51.6	29.4	56.7	45.1
2012-04-17	13089.0	3580.0	1244.0	8573.0	11173.0	644.0	380.0	51.6	29.2	57.0	44.9
2012-04-24	13135.0	3460.0	1224.0	8391.0	11239.0	992.0	380.0	50.3	29.4	55.0	45.0
2012-05-01	12676.0	3412.0	1202.0	8002.0	10822.0	970.0	360.0	50.6	29.9	55.0	44.8
2012-05-08	12670.0	3464.0	1216.0	7992.0	10808.0	928.0	360.0	51.0	30.0	55.5	44.9
2012-05-15	13368.0	4284.0	1248.0	7924.0	11568.0	880.0	272.0	53.9	29.6	58.5	45.4
2012-05-22	13322.0	3904.0	1248.0	8164.0	11522.0	974.0	272.0	51.3	30.4	56.0	46.2
2012-05-29	13336.0	3904.0	1258.0	8114.0	11526.0	1038.0	272.0	51.2	30.5	55.8	46.3
2012-06-05	13207.0	4190.0	1226.0	7741.0	11377.0	996.0	324.0	52.7	30.0	57.3	46.4
2012-06-12	13231.0	4190.0	1226.0	7741.0	11405.0	1020.0	320.0	52.6	30.0	57.2	46.4
2012-06-19	13175.0	4130.0	1226.0	7741.0	11349.0	1024.0	320.0	52.4	30.1	56.9	46.6
2012-06-26	13229.0	4130.0	1166.0	7735.0	11403.0	1024.0	320.0	52.1	29.5	56.7	46.4
2012-07-03	13060.0	4012.0	972.0	7518.0	11292.0	990.0	256.0	51.1	30.3	55.7	45.7
2012-07-10	12584.0	3676.0	732.0	7378.0	11056.0	990.0	256.0	50.3	29.7	55.2	44.1
2012-07-17	12964.0	3676.0	732.0	7978.0	11316.0	770.0	376.0	50.2	30.9	57.0	44.8
2012-07-24	12994.0	3676.0	732.0	8008.0	11346.0	770.0	376.0	50.3	30.8	57.0	44.7
2012-07-31	13080.0	3564.0	466.0	8213.0	11807.0	763.0	267.0	51.1	33.1	59.1	47.3
2012-08-07	13360.0	3818.0	400.0	8213.0	12127.0	763.0	267.0	50.0	34.8	58.6	48.7
2012-08-14	13360.0	3818.0	400.0	8213.0	12127.0	763.0	267.0	50.0	34.8	58.6	48.7
2012-08-21	13090.0	3578.0	400.0	8213.0	11887.0	763.0	267.0	49.0	35.5	58.0	49.6
2012-08-28	13312.0	3608.0	400.0	8237.0	11989.0	811.0	267.0	48.2	35.0	57.3	49.0
2012-09-04	12721.0	3652.0	440.0	7778.0	11382.0	861.0	469.0	48.9	35.3	59.3	49.2
2012-09-11	12601.0	3542.0	440.0	7888.0	11382.0	861.0	469.0	49.4	35.6	59.3	49.6
2012-09-18	12611.0	3492.0	440.0	7988.0	11512.0	821.0	349.0	47.7	35.6	58.7	49.7
2012-09-25	12695.0	3492.0	440.0	8048.0	11572.0	845.0	373.0	47.8	35.4	58.8	49.3
2012-10-02	12107.0	3390.0	440.0	7693.0	10989.0	714.0	368.0	48.4	35.5	61.2	50.9
2012-10-09	11902.0	3070.0	440.0	7773.0	10797.0	749.0	355.0	46.8	34.5	60.2	50.2
2012-10-16	11886.0	3070.0	440.0	7769.0	10781.0	737.0	355.0	46.8	34.6	60.2	50.3
2012-10-23	11890.0	3066.0	440.0	7779.0	10783.0	735.0	357.0	46.8	34.6	60.1	50.2
2012-10-30	11886.0	2916.0	400.0	7841.0	10755.0	755.0	357.0	45.6	33.6	58.9	48.9
2012-11-06	11554.0	2314.0	440.0	7936.0	10304.0	816.0	322.0	38.9	33.8	55.4	50.1
2012-11-13	11753.0	2176.0	440.0	8176.0	10376.0	841.0	377.0	37.7	33.2	54.7	49.3
2012-11-20	11928.0	2448.0	440.0	8136.0	10598.0	880.0	426.0	39.5	32.9	55.2	50.2
2012-11-27	11973.0	2256.0	440.0	8702.0	10688.0	551.0	381.0	37.7	33.8	54.7	51.0
2012-12-04	11381.0	2226.0	440.0	8155.0	10003.0	518.0	456.0	38.0	34.5	57.1	52.7
2012-12-11	11786.0	1948.0	440.0	8515.0	10090.0	523.0	456.0	36.0	33.9	54.6	51.4
2012-12-18	11810.0	1818.0	440.0	8635.0	10100.0	543.0	456.0	35.4	34.0	54.4	51.4
2012-12-24	12196.0	1818.0	440.0	9067.0	10486.0	497.0	456.0	34.3	35.8	52.9	52.7
2012-12-31	11622.0	1758.0	480.0	8602.0	9657.0	488.0	711.0	35.2	36.3	54.6	55.1
2013-01-08	11630.0	1758.0	480.0	8602.0	9549.0	496.0	827.0	36.2	36.4	55.6	55.1
2013-01-15	11750.0	1758.0	480.0	8722.0	9669.0	496.0	827.0	35.9	37.0	55.0	55.6
2013-01-22	11774.0	1970.0	480.0	8726.0	9885.0	496.0	827.0	36.9	37.6	55.1	56.3
2013-01-29	12014.0	1730.0	480.0	8846.0	10005.0	736.0	827.0	35.2	36.8	52.8	55.1
2013-02-05	11660.0	1156.0	440.0	8680.0	9547.0	826.0	675.0	29.4	35.5	48.1	54.2
2013-02-12	11650.0	1156.0	440.0	8670.0	9537.0	826.0	675.0	29.5	35.4	48.2	54.2
2013-02-19	11770.0	1156.0	440.0	8650.0	9657.0	966.0	675.0	29.2	35.1	47.7	53.6
2013-02-26	12090.0	1276.0	1047.0	9126.0	9300.0	690.0	745.0	26.4	34.1	44.6	52.2
2013-03-05	11442.0	1252.0	962.0	8538.0	8804.0	688.0	712.0	25.6	34.3	45.1	52.5
2013-03-12	11442.0	1252.0	400.0	8538.0	9534.0	688.0	544.0	25.6	35.2	45.1	54.0
2013-03-19	11442.0	1252.0	400.0	8538.0	9534.0	688.0	544.0	25.6	35.2	45.1	54.0
2013-03-26	11442.0	1252.0	400.0	8538.0	9534.0	688.0	544.0	25.6	35.2	45.1	54.1
2013-04-02	11025.0	1098.0	360.0	8083.0	8983.0	674.0	512.0	28.0	34.1	45.8	53.4
2013-04-09	11025.0	1098.0	360.0	8083.0	8983.0	674.0	512.0	28.0	34.1	45.8	53.4
2013-04-16	11025.0	1098.0	360.0	8083.0	8983.0	674.0	512.0	28.0	34.1	45.8	53.4
2013-04-23	11045.0	1098.0	360.0	8103.0	9003.0	674.0	512.0	28.0	34.2	45.7	53.5
2013-04-30	10388.0	974.0	320.0	7606.0	8454.0	672.0	478.0	29.0	34.5	47.2	54.1
