2006-01-17	32256.0	2134.0	4580.0	22796.0	22008.0	6900.0	5242.0	44.7	57.8	59.1	68.4
2006-01-24	32309.0	2246.0	5107.0	23900.0	20386.0	5737.0	6390.0	49.6	61.9	63.9	67.4
2006-01-31	33964.0	1791.0	5019.0	25363.0	22249.0	6293.0	6179.0	47.1	61.4	61.7	67.0
2006-09-26	46874.0	0.0	7477.0	38124.0	23064.0	6822.0	14405.0	37.4	30.8	54.0	41.7
2006-10-10	45838.0	0.0	6437.0	36658.0	21842.0	6817.0	15196.0	40.4	27.1	55.2	38.4
2006-10-17	45720.0	0.0	6803.0	36658.0	21464.0	6817.0	15208.0	40.5	28.0	55.3	39.6
2006-10-24	46370.0	0.0	7157.0	36321.0	21135.0	7756.0	15785.0	39.2	28.4	53.6	39.4
2006-10-31	46109.0	0.0	5330.0	35781.0	22458.0	7692.0	15685.0	38.7	24.6	52.9	37.3
2006-11-14	43241.0	0.0	4102.0	33897.0	20642.0	7209.0	16362.0	40.1	22.7	54.8	34.2
2006-11-21	44704.0	0.0	4151.0	33391.0	21213.0	8911.0	16938.0	38.1	21.5	50.5	33.6
2006-11-28	44196.0	0.0	3388.0	32327.0	20938.0	9467.0	17468.0	38.6	20.0	51.1	30.8
2007-03-13	47602.0	0.0	2644.0	33934.0	30762.0	11209.0	11737.0	41.4	28.9	61.6	47.9
2007-03-20	50115.0	0.0	2668.0	36982.0	33056.0	10726.0	11984.0	40.0	28.5	58.7	48.2
2007-03-27	51848.0	0.0	2069.0	37549.0	35867.0	11584.0	11197.0	39.7	29.7	56.4	48.8
2007-04-03	48285.0	0.0	2446.0	35245.0	33629.0	10717.0	9887.0	41.8	30.5	58.1	51.3
2007-04-10	49762.0	0.0	5102.0	37172.0	32716.0	10717.0	10071.0	41.6	33.4	57.4	54.1
2007-04-17	49750.0	0.0	4920.0	33864.0	33146.0	13874.0	9672.0	40.7	33.9	54.1	55.1
2007-04-24	49844.0	0.0	4068.0	36868.0	30666.0	10934.0	13068.0	42.1	33.5	58.2	51.3
2007-05-01	48284.0	0.0	3651.0	33934.0	29758.0	12219.0	12744.0	38.7	35.3	55.7	52.6
2007-05-08	51689.0	0.0	2763.0	35520.0	33384.0	13675.0	13048.0	35.9	31.4	47.6	46.8
2007-05-15	51948.0	0.0	3195.0	37446.0	34018.0	12421.0	12654.0	35.8	32.2	49.5	48.5
2007-05-22	55641.0	0.0	3206.0	40906.0	37899.0	12577.0	12378.0	34.9	35.0	50.5	50.1
2007-05-29	57327.0	0.0	4172.0	44711.0	39274.0	10929.0	12194.0	37.7	36.8	52.8	52.5
2007-06-05	54352.0	0.0	2263.0	38014.0	37125.0	13981.0	12607.0	35.7	36.7	49.3	50.9
2007-06-12	56171.0	0.0	2021.0	37218.0	38908.0	16796.0	13085.0	33.5	33.9	46.2	48.8
2007-06-19	57905.0	0.0	2157.0	40789.0	41247.0	14844.0	12229.0	34.3	34.7	47.3	49.4
2007-06-26	60502.0	0.0	2185.0	42241.0	42932.0	15789.0	12913.0	30.6	32.5	43.0	46.6
2007-07-03	57299.0	0.0	1921.0	43677.0	41289.0	11400.0	11867.0	33.5	33.1	48.1	47.0
2007-07-10	57624.0	0.0	1524.0	44018.0	42143.0	11702.0	12053.0	33.7	33.5	48.5	46.8
2007-07-17	57075.0	0.0	1772.0	43254.0	41987.0	11916.0	11411.0	32.5	33.5	47.5	47.3
2007-07-24	58613.0	0.0	612.0	44531.0	43758.0	12007.0	12168.0	34.3	37.1	48.1	49.6
2007-07-31	59021.0	0.0	215.0	44287.0	44091.0	12373.0	12354.0	34.3	33.3	45.9	45.5
2007-08-07	55877.0	0.0	701.0	43272.0	41859.0	10742.0	11454.0	32.6	35.7	47.6	45.9
2007-08-14	57678.0	0.0	974.0	45684.0	43836.0	10313.0	11187.0	32.0	32.0	47.6	43.0
2007-08-21	57279.0	0.0	2588.0	45038.0	41852.0	10527.0	11125.0	32.8	30.7	48.5	44.2
2007-08-28	58873.0	0.0	3768.0	46678.0	42532.0	10879.0	11257.0	32.1	29.7	47.5	44.8
2007-09-04	54281.0	0.0	2891.0	43177.0	39945.0	9860.0	10201.0	30.9	30.7	46.4	45.1
2007-09-11	53919.0	0.0	3263.0	42817.0	39763.0	9798.0	9589.0	30.4	28.9	46.0	43.8
2007-09-18	53510.0	0.0	3644.0	42199.0	38117.0	10249.0	10687.0	30.3	28.2	46.8	42.1
2007-09-25	53290.0	0.0	3706.0	42257.0	38871.0	9909.0	9589.0	30.7	28.2	46.4	42.0
2007-10-02	48044.0	0.0	2730.0	37653.0	34084.0	9117.0	9956.0	29.4	28.8	46.7	45.1
2007-10-09	50445.0	0.0	2064.0	39760.0	38596.0	8875.0	7975.0	28.0	26.0	43.2	40.6
2007-10-16	50002.0	0.0	2005.0	39134.0	38120.0	8966.0	7975.0	28.3	25.7	43.8	40.2
2007-10-23	50177.0	0.0	2431.0	39557.0	38331.0	8966.0	7761.0	28.2	26.1	43.9	41.2
2007-10-30	50216.0	0.0	1881.0	39339.0	36573.0	9008.0	9893.0	29.0	27.0	44.6	39.4
2007-11-06	48148.0	1467.0	248.0	34515.0	37739.0	10168.0	8163.0	28.4	27.2	43.1	43.2
2007-11-13	48723.0	1318.0	248.0	35212.0	38105.0	10168.0	8345.0	27.3	26.5	42.2	42.4
2007-11-20	50362.0	679.0	248.0	37862.0	38832.0	9159.0	8620.0	26.5	27.0	42.3	42.4
2007-11-27	50904.0	683.0	248.0	38313.0	38861.0	9128.0	9015.0	26.2	26.7	42.5	41.4
2007-12-04	47253.0	0.0	50.0	37593.0	36805.0	7420.0	8158.0	28.0	28.7	45.5	44.6
2007-12-11	47680.0	0.0	662.0	38414.0	36952.0	7358.0	8158.0	27.4	29.1	44.8	44.8
2007-12-18	48974.0	0.0	1084.0	40194.0	37644.0	7296.0	8762.0	26.7	29.0	43.2	43.8
2007-12-24	49615.0	0.0	1726.0	40130.0	38152.0	8510.0	8762.0	26.3	29.0	42.4	44.1
2007-12-31	49898.0	0.0	2638.0	40554.0	37664.0	8510.0	8762.0	26.2	29.4	42.1	43.7
2008-01-08	48359.0	0.0	3014.0	39336.0	34833.0	8192.0	9681.0	25.3	29.2	41.8	43.4
2008-01-15	49085.0	0.0	3020.0	39067.0	35590.0	8796.0	9253.0	24.6	28.3	41.0	43.8
2008-01-22	49589.0	0.0	2193.0	39495.0	36874.0	8732.0	9160.0	26.1	26.4	42.3	41.7
2008-01-29	50979.0	0.0	2183.0	42299.0	40108.0	7731.0	7739.0	26.2	25.7	44.3	40.8
2008-02-05	49688.0	0.0	2578.0	41762.0	38887.0	6977.0	7274.0	27.2	25.9	45.4	41.2
2008-02-12	49235.0	19.0	0.0	40385.0	39528.0	6549.0	7425.0	27.2	29.2	45.5	43.0
2008-02-19	52282.0	0.0	2961.0	43185.0	38383.0	7616.0	9457.0	29.7	28.6	47.0	44.8
2008-02-26	54641.0	0.0	4398.0	43682.0	39908.0	9200.0	8576.0	28.2	29.3	45.1	47.3
2008-03-04	52609.0	0.0	7139.0	41363.0	34885.0	10751.0	10090.0	30.8	36.0	47.5	54.4
2008-03-11	52999.0	0.0	5505.0	41549.0	36277.0	10049.0	9816.0	30.5	32.7	46.9	52.0
2008-03-18	53331.0	0.0	3330.0	40399.0	36468.0	10626.0	11227.0	30.3	29.9	45.7	48.9
2008-03-25	54231.0	0.0	3502.0	41897.0	38422.0	10138.0	10111.0	28.9	29.5	44.1	47.9
2008-04-01	50053.0	0.0	2736.0	38690.0	33243.0	9260.0	11971.0	28.7	30.9	43.4	45.9
2008-04-08	51446.0	0.0	4106.0	41343.0	33483.0	8037.0	11791.0	28.9	32.0	44.1	47.2
2008-04-15	53312.0	0.0	3863.0	42875.0	37118.0	8555.0	10449.0	28.6	33.2	43.9	50.1
2008-04-22	54718.0	0.0	3049.0	44157.0	39184.0	8617.0	10541.0	30.5	34.1	45.6	51.8
2008-04-29	55877.0	0.0	2349.0	44523.0	39304.0	8648.0	11518.0	30.7	33.1	45.6	48.9
2008-05-06	53169.0	5422.0	768.0	36950.0	39490.0	7964.0	10078.0	29.6	33.2	44.6	48.4
2008-05-13	53378.0	0.0	834.0	42610.0	39662.0	7964.0	10078.0	29.5	32.7	43.9	48.0
2008-05-20	55917.0	502.0	918.0	44988.0	42794.0	7566.0	9344.0	33.4	34.1	47.3	51.2
2008-05-27	55489.0	843.0	918.0	43669.0	42611.0	8454.0	9437.0	33.9	34.1	48.1	51.3
2008-06-03	51482.0	1057.0	922.0	40971.0	38788.0	7238.0	9556.0	32.9	36.2	47.6	51.4
2008-06-10	51759.0	968.0	922.0	41246.0	40074.0	7116.0	8334.0	32.5	35.7	47.0	51.4
2008-06-17	51426.0	906.0	310.0	40944.0	39974.0	7085.0	8651.0	32.7	35.7	47.2	51.6
2008-06-24	51240.0	1390.0	0.0	40398.0	40098.0	7147.0	8837.0	32.5	35.6	47.0	51.5
2008-07-01	46645.0	897.0	0.0	35962.0	35597.0	7384.0	8646.0	35.7	38.5	50.1	54.1
2008-07-08	46972.0	263.0	0.0	36538.0	35477.0	7322.0	8646.0	35.5	38.3	49.9	52.4
2008-07-15	47797.0	0.0	209.0	37498.0	35661.0	7108.0	8736.0	34.7	37.6	48.6	51.0
2008-07-22	47985.0	726.0	205.0	36472.0	35427.0	7170.0	8736.0	34.9	37.5	50.0	50.3
2008-07-29	49790.0	2369.0	2052.0	36565.0	35613.0	7350.0	8619.0	33.5	36.1	50.1	50.3
2008-08-05	43529.0	299.0	34.0	33248.0	32928.0	6569.0	7154.0	38.6	39.7	52.0	52.1
2008-08-12	45179.0	779.0	34.0	33823.0	34866.0	7301.0	7003.0	36.4	38.6	49.7	52.9
2008-08-19	45784.0	2706.0	34.0	34035.0	34876.0	6665.0	8496.0	36.5	39.1	54.9	53.3
2008-08-26	46934.0	1086.0	34.0	34873.0	35357.0	7477.0	8045.0	36.6	38.2	51.8	53.1
2008-09-09	41896.0	2865.0	798.0	30643.0	31283.0	6773.0	8200.0	40.1	42.8	59.4	55.1
2008-09-16	41862.0	2348.0	798.0	30733.0	30945.0	6924.0	8262.0	40.1	41.8	58.5	54.4
2009-09-08	54971.0	1904.0	0.0	42986.0	47282.0	7641.0	5249.0	43.9	46.3	56.8	61.8
2009-09-29	56544.0	0.0	180.0	45961.0	46883.0	7306.0	6204.0	41.4	45.0	55.5	57.7
2009-10-20	55422.0	1048.0	0.0	43271.0	47031.0	8574.0	5862.0	42.1	45.2	56.0	60.0
2009-10-27	55998.0	1646.0	0.0	43400.0	47583.0	8638.0	6101.0	41.7	45.8	56.6	60.7
2009-11-03	55668.0	1388.0	0.0	43796.0	47816.0	8180.0	5548.0	44.2	49.0	58.7	62.8
2009-11-09	55724.0	1388.0	0.0	43852.0	47816.0	8180.0	5604.0	44.3	49.0	58.7	62.8
2009-11-17	55724.0	960.0	0.0	44280.0	47816.0	8180.0	5604.0	46.6	49.0	58.9	62.8
2009-11-24	55020.0	104.0	0.0	44004.0	46684.0	8180.0	5604.0	47.2	49.1	59.7	63.1
2010-06-22	48543.0	0.0	2801.0	43672.0	39116.0	3559.0	5314.0	43.2	44.4	59.5	63.3
2010-06-29	50745.0	0.0	2801.0	45874.0	41256.0	3559.0	5376.0	41.4	46.7	60.8	64.8
2010-07-06	46820.0	0.0	2267.0	42312.0	38623.0	3227.0	4649.0	43.0	47.6	61.2	64.7
2010-07-13	46972.0	0.0	2635.0	42525.0	38468.0	3227.0	4649.0	42.8	46.6	61.0	64.5
2010-07-20	47062.0	0.0	2635.0	42615.0	38558.0	3227.0	4649.0	43.0	46.5	60.8	64.3
2010-07-27	47123.0	0.0	2787.0	42676.0	38467.0	3227.0	4649.0	43.0	46.5	61.1	64.6
2010-08-03	43424.0	0.0	2355.0	39464.0	35741.0	2771.0	4139.0	45.5	47.5	62.7	65.2
2010-08-10	43752.0	0.0	2355.0	39792.0	36069.0	2771.0	4139.0	45.1	47.1	62.2	64.7
2010-08-17	43923.0	0.0	2599.0	40036.0	36069.0	2771.0	4139.0	45.0	47.0	62.5	65.0
2010-08-24	44109.0	0.0	2719.0	40132.0	36165.0	2891.0	4139.0	44.8	46.8	62.3	65.0
2010-08-31	44298.0	0.0	2719.0	40321.0	36354.0	2891.0	4139.0	45.0	46.6	62.4	65.2
