2006-03-28	15939.0	11276.0	7252.0	0.0	495.0	4584.0	8113.0	43.3	32.1	59.4	44.0
2006-04-11	23598.0	16266.0	12777.0	493.0	706.0	6155.0	9431.0	35.6	47.6	57.2	57.1
2006-04-18	27202.0	19276.0	14463.0	493.0	2180.0	6941.0	10067.0	39.7	47.9	58.7	59.7
2006-04-25	24911.0	14680.0	14321.0	0.0	389.0	10231.0	10201.0	31.6	50.5	47.2	59.1
2006-05-02	27711.0	17452.0	18393.0	0.0	585.0	9969.0	8443.0	32.5	56.0	50.7	65.2
2006-05-09	22854.0	11490.0	16078.0	415.0	659.0	10796.0	5964.0	31.6	53.0	48.0	66.9
2006-05-16	26146.0	13208.0	16588.0	1368.0	593.0	10848.0	8243.0	33.3	45.7	48.9	61.6
2006-05-30	17616.0	8617.0	9593.0	0.0	0.0	8995.0	8019.0	23.5	37.8	38.6	50.4
2006-06-06	20111.0	11771.0	11119.0	0.0	1032.0	8340.0	7960.0	29.3	39.6	43.2	53.5
2006-06-13	22377.0	12025.0	12624.0	0.0	0.0	8230.0	7631.0	23.6	45.9	36.5	53.8
2006-06-27	20576.0	11954.0	9371.0	0.0	362.0	7186.0	9407.0	38.7	19.9	53.6	34.7
2006-07-03	30308.0	19941.0	14240.0	0.0	728.0	7050.0	12023.0	34.5	24.8	49.4	37.4
2006-07-11	37268.0	24001.0	24115.0	0.0	770.0	10507.0	9623.0	39.1	36.7	53.3	49.8
2006-07-18	32958.0	15696.0	12632.0	204.0	574.0	11533.0	14227.0	25.5	25.9	37.4	36.4
2006-07-25	27621.0	17215.0	19906.0	0.0	0.0	9599.0	6908.0	31.4	29.5	47.9	43.3
2006-08-01	37521.0	24960.0	26244.0	642.0	1414.0	11089.0	9033.0	26.8	30.8	43.2	48.7
2006-08-08	40913.0	28320.0	27536.0	0.0	880.0	9995.0	9899.0	30.1	39.2	47.5	49.6
2006-08-15	39362.0	21289.0	22839.0	1535.0	554.0	11895.0	11326.0	20.7	33.7	33.7	48.1
2006-08-22	25278.0	14034.0	15687.0	1600.0	1270.0	9066.0	7743.0	23.9	45.1	37.7	59.6
2006-08-29	36593.0	21846.0	24332.0	0.0	1262.0	12720.0	8972.0	28.0	26.8	36.5	41.4
2006-09-05	41261.0	24113.0	26701.0	1174.0	1112.0	14128.0	11602.0	27.4	25.6	38.5	40.6
2006-09-12	44270.0	20452.0	28025.0	0.0	0.0	20972.0	13399.0	18.3	29.3	30.4	41.2
2006-09-19	52263.0	27468.0	24171.0	781.0	1104.0	21613.0	24587.0	34.7	22.4	44.0	33.5
2006-09-26	43554.0	27827.0	33792.0	907.0	171.0	13784.0	8555.0	35.2	30.2	46.8	47.9
2006-10-03	52559.0	30707.0	34044.0	630.0	3448.0	20246.0	14091.0	31.1	27.3	44.5	40.7
2006-10-10	45667.0	29889.0	31892.0	512.0	2667.0	12837.0	8679.0	38.5	28.0	53.3	43.2
2006-10-17	35752.0	18036.0	23519.0	386.0	1561.0	16155.0	9497.0	27.2	47.5	38.2	57.6
2006-10-24	19047.0	7248.0	8986.0	718.0	387.0	10848.0	9441.0	24.0	29.3	35.8	39.3
2006-10-31	23556.0	8517.0	13966.0	779.0	1479.0	13867.0	7718.0	19.3	33.9	31.2	51.8
2006-11-07	30151.0	11903.0	18343.0	1091.0	2692.0	16237.0	8196.0	19.4	46.5	30.0	60.8
2006-11-14	26946.0	8756.0	16730.0	2583.0	1998.0	13691.0	6302.0	21.3	55.6	35.2	66.7
2007-01-16	24796.0	4068.0	16445.0	2774.0	1689.0	16224.0	4932.0	17.1	56.8	23.9	73.0
