2006-05-23	22806.0	580.0	0.0	20198.0	21206.0	568.0	140.0	49.5	58.7	58.4	62.7
2006-05-30	22746.0	580.0	0.0	20118.0	21146.0	588.0	140.0	49.6	58.8	58.4	62.9
2006-08-08	22218.0	1080.0	222.0	20460.0	21368.0	50.0	0.0	51.6	56.4	65.1	65.0
2006-08-15	22458.0	840.0	222.0	20700.0	21368.0	50.0	0.0	49.3	55.4	64.1	63.9
2006-08-22	22770.0	840.0	462.0	21060.0	21488.0	50.0	0.0	51.5	54.8	66.1	65.6
2006-08-29	22970.0	780.0	702.0	20800.0	21028.0	510.0	360.0	52.6	54.8	66.9	67.0
2006-09-12	25360.0	680.0	672.0	23048.0	23848.0	792.0	0.0	38.3	51.6	50.8	60.1
2006-09-19	28280.0	240.0	672.0	25744.0	26228.0	1016.0	100.0	42.1	50.8	53.5	61.2
2006-09-26	26880.0	240.0	672.0	24392.0	24828.0	968.0	100.0	40.3	51.9	52.2	60.0
2006-10-03	26040.0	180.0	672.0	24320.0	24008.0	280.0	100.0	40.5	50.8	52.9	61.0
2006-10-10	26776.0	180.0	648.0	25056.0	24768.0	280.0	100.0	38.9	51.1	52.6	61.2
2006-10-17	27294.0	140.0	1608.0	25614.0	24326.0	280.0	100.0	37.9	48.4	51.5	60.4
2006-10-24	27494.0	0.0	1508.0	25654.0	24566.0	520.0	100.0	37.7	48.8	51.2	59.8
2006-10-31	27754.0	0.0	1268.0	25344.0	24586.0	610.0	100.0	37.3	48.4	49.7	58.4
2006-11-07	26444.0	0.0	1208.0	24214.0	23456.0	590.0	140.0	38.9	49.0	50.6	60.0
2006-11-14	26666.0	0.0	968.0	24214.0	23668.0	572.0	150.0	38.2	48.3	49.6	57.7
2006-11-21	27128.0	680.0	968.0	23878.0	24156.0	690.0	124.0	39.7	50.1	51.3	59.4
2006-11-28	27126.0	680.0	982.0	23828.0	24092.0	738.0	172.0	39.5	48.5	51.3	58.3
2006-12-05	26396.0	660.0	1062.0	23218.0	23362.0	738.0	192.0	41.8	51.2	53.7	61.0
2006-12-12	26396.0	60.0	1302.0	23818.0	23122.0	738.0	192.0	41.8	49.6	53.5	60.2
2006-12-19	26134.0	60.0	1312.0	23708.0	22840.0	586.0	202.0	42.2	48.1	53.8	58.7
2006-12-26	25894.0	60.0	1312.0	23330.0	22600.0	724.0	202.0	42.6	47.6	54.3	58.3
2007-01-03	25804.0	60.0	1378.0	23340.0	22564.0	724.0	182.0	43.3	49.7	56.5	60.7
2007-01-09	28550.0	60.0	1138.0	26032.0	25318.0	538.0	174.0	40.1	45.9	52.5	56.4
2007-01-16	28590.0	60.0	1138.0	26072.0	25358.0	538.0	174.0	39.9	45.8	52.4	56.4
2007-01-23	29302.0	0.0	1138.0	26844.0	26010.0	538.0	234.0	35.7	41.9	48.2	52.0
2007-01-30	29490.0	0.0	1138.0	27032.0	26198.0	538.0	234.0	36.4	42.6	49.1	52.7
2007-02-06	28226.0	0.0	972.0	25872.0	25180.0	514.0	234.0	39.9	45.2	52.4	55.2
2007-02-13	27944.0	0.0	972.0	25610.0	24898.0	494.0	234.0	42.2	47.9	55.6	57.7
2007-02-20	27992.0	0.0	1052.0	25658.0	24866.0	494.0	234.0	44.6	49.6	57.9	59.7
2007-02-27	28126.0	0.0	1052.0	25792.0	25000.0	494.0	234.0	44.3	49.1	57.4	59.1
2007-03-06	26890.0	0.0	896.0	24660.0	23800.0	470.0	434.0	43.4	47.8	55.9	57.9
2007-03-13	27010.0	0.0	896.0	24780.0	23920.0	470.0	434.0	43.7	48.0	55.9	58.1
2007-03-20	27160.0	60.0	896.0	24870.0	24070.0	470.0	434.0	42.9	47.9	55.7	58.0
2007-03-27	27570.0	100.0	896.0	25240.0	24480.0	470.0	434.0	41.5	46.4	52.4	56.5
2007-04-03	27214.0	120.0	720.0	25008.0	24420.0	426.0	414.0	40.4	44.8	52.3	56.3
2007-04-10	27274.0	120.0	720.0	25054.0	24480.0	440.0	414.0	39.4	43.8	50.5	55.4
2007-04-17	27884.0	240.0	720.0	25474.0	25090.0	510.0	414.0	37.9	41.1	48.6	53.5
2007-04-24	28144.0	240.0	720.0	25724.0	25350.0	520.0	414.0	36.7	39.7	47.4	51.8
2007-05-01	27162.0	360.0	664.0	24786.0	24594.0	496.0	384.0	36.6	39.8	47.9	52.1
2007-05-08	27026.0	340.0	664.0	24610.0	24438.0	536.0	384.0	39.9	44.2	52.4	56.5
2007-05-15	27316.0	340.0	664.0	24660.0	24728.0	776.0	384.0	38.6	44.7	51.4	56.9
2007-05-22	27496.0	340.0	664.0	24840.0	24908.0	776.0	384.0	39.0	44.8	51.7	57.0
2007-05-29	27156.0	280.0	704.0	24560.0	24518.0	796.0	414.0	39.0	43.6	51.2	55.9
2007-06-05	27400.0	340.0	604.0	24886.0	24858.0	794.0	558.0	31.4	36.6	42.6	46.8
2007-06-12	27356.0	340.0	604.0	24842.0	24834.0	794.0	538.0	31.2	36.5	42.4	46.7
2007-06-19	27074.0	340.0	564.0	24580.0	24072.0	774.0	1058.0	32.4	36.4	42.9	45.2
2007-06-26	27118.0	112.0	564.0	24944.0	24394.0	442.0	540.0	33.4	38.3	43.8	48.5
2007-07-03	27286.0	240.0	656.0	24888.0	24658.0	766.0	580.0	30.7	36.7	41.4	44.6
2007-07-10	27286.0	240.0	656.0	24888.0	24658.0	766.0	580.0	30.7	36.7	41.6	44.6
2007-07-17	27190.0	240.0	516.0	24812.0	24532.0	746.0	750.0	33.5	38.6	44.4	46.8
2007-07-24	27602.0	240.0	656.0	25136.0	25006.0	834.0	548.0	34.7	40.9	44.2	48.8
2007-07-31	27724.0	240.0	616.0	25218.0	25028.0	834.0	648.0	37.4	42.6	48.0	51.1
2007-08-07	26376.0	332.0	456.0	23810.0	23812.0	974.0	848.0	37.2	43.4	47.9	51.8
2007-08-14	25750.0	332.0	456.0	23744.0	23746.0	974.0	848.0	38.1	44.4	49.5	53.5
2007-08-21	25524.0	612.0	456.0	23238.0	23520.0	974.0	848.0	38.4	44.4	48.2	53.3
2007-08-28	25644.0	552.0	476.0	23358.0	23560.0	974.0	848.0	38.2	44.4	47.2	52.4
2007-09-04	24466.0	772.0	444.0	22110.0	22754.0	1124.0	808.0	36.7	45.3	46.0	53.1
2007-09-11	24576.0	912.0	444.0	22120.0	22904.0	1124.0	808.0	37.0	45.1	46.2	53.4
2007-09-18	24626.0	912.0	390.0	22392.0	23224.0	878.0	568.0	37.0	44.6	45.3	52.3
2007-09-25	24866.0	912.0	390.0	22632.0	23224.0	878.0	808.0	36.6	44.2	45.8	51.8
2007-10-02	23650.0	932.0	318.0	21132.0	21784.0	822.0	784.0	35.4	43.6	44.4	50.2
2007-10-09	23900.0	932.0	318.0	21382.0	21794.0	822.0	1024.0	32.9	42.3	42.4	48.9
2007-10-16	24940.0	532.0	478.0	22242.0	22434.0	842.0	704.0	31.4	39.3	42.3	46.6
2007-10-23	25726.0	712.0	454.0	22892.0	23244.0	798.0	704.0	31.4	36.6	42.7	43.9
2007-10-30	25624.0	832.0	454.0	22910.0	23142.0	558.0	704.0	32.0	36.7	43.5	43.9
2007-11-06	23896.0	808.0	310.0	21240.0	21602.0	548.0	684.0	33.2	39.7	44.7	46.4
2007-11-13	21780.0	1208.0	310.0	18664.0	19486.0	608.0	684.0	36.1	43.5	48.7	50.4
2007-11-20	21780.0	1208.0	310.0	18664.0	19486.0	608.0	684.0	36.3	43.5	48.9	50.4
2007-11-27	21732.0	1208.0	366.0	18616.0	19382.0	608.0	684.0	36.4	42.8	49.1	50.0
2007-12-04	20082.0	1324.0	236.0	17036.0	17962.0	582.0	744.0	35.8	47.4	51.8	54.8
2007-12-11	20102.0	1384.0	0.0	16996.0	17978.0	582.0	984.0	35.8	47.4	51.3	54.5
2007-12-18	20614.0	1384.0	0.0	17288.0	18534.0	802.0	940.0	36.2	50.8	52.2	57.7
2007-12-24	20434.0	1384.0	0.0	17348.0	18594.0	562.0	700.0	36.5	51.0	52.7	58.3
2007-12-31	20232.0	1384.0	0.0	17146.0	18392.0	562.0	700.0	37.3	51.6	54.4	59.0
2008-01-08	18692.0	1380.0	0.0	15808.0	16366.0	524.0	1346.0	37.0	59.4	55.9	65.5
2008-01-15	18872.0	1380.0	0.0	15988.0	16786.0	524.0	1106.0	36.6	61.4	56.6	67.4
2008-01-22	19432.0	1380.0	0.0	16548.0	17106.0	524.0	1346.0	37.1	62.1	57.3	67.9
2008-01-29	20794.0	1340.0	0.0	18010.0	18948.0	464.0	866.0	36.3	58.1	54.4	65.3
2008-02-05	19622.0	1410.0	0.0	16896.0	17918.0	426.0	814.0	39.3	60.5	59.0	68.0
2008-02-12	19966.0	1410.0	0.0	17240.0	18262.0	426.0	814.0	40.4	57.9	57.7	67.7
2008-02-19	20846.0	1290.0	0.0	18240.0	19142.0	426.0	814.0	41.0	60.0	57.3	69.1
2008-02-26	21698.0	950.0	0.0	19412.0	19974.0	446.0	834.0	42.9	58.5	59.7	66.8
2008-03-04	23108.0	1920.0	0.0	19680.0	20966.0	708.0	1342.0	44.4	60.9	59.6	68.3
2008-03-11	22730.0	960.0	0.0	20356.0	20682.0	614.0	1248.0	46.9	57.3	62.5	66.9
2008-03-18	24186.0	1020.0	0.0	21752.0	22138.0	614.0	1248.0	45.5	60.9	62.3	70.1
2008-03-25	25726.0	1100.0	0.0	23212.0	24118.0	614.0	808.0	49.2	61.4	64.4	71.6
2008-04-01	25488.0	1090.0	0.0	23084.0	23894.0	594.0	874.0	53.2	61.8	68.1	72.7
2008-04-08	26294.0	1090.0	240.0	23890.0	24460.0	594.0	874.0	54.0	62.8	68.4	72.9
2008-04-15	27264.0	1570.0	240.0	24140.0	25190.0	834.0	1114.0	53.8	63.4	67.7	72.8
2008-04-22	28080.0	2290.0	240.0	24716.0	26006.0	354.0	1114.0	55.8	65.8	69.5	74.1
2008-04-29	28460.0	2530.0	240.0	24856.0	26366.0	354.0	1134.0	52.5	66.6	66.9	75.2
2008-05-06	28200.0	2760.0	240.0	24446.0	25980.0	354.0	1340.0	52.9	68.3	67.7	76.8
2008-05-13	29088.0	2520.0	240.0	25602.0	26882.0	326.0	1326.0	52.3	67.7	67.6	75.9
2008-05-20	29040.0	2760.0	240.0	25602.0	27122.0	38.0	1038.0	53.2	68.6	68.5	76.8
2008-05-27	30024.0	3240.0	240.0	26106.0	28106.0	38.0	1038.0	52.3	66.4	67.9	75.5
2008-06-03	30176.0	4190.0	240.0	25388.0	28230.0	38.0	1146.0	50.9	66.2	66.4	74.1
2008-06-10	31540.0	1070.0	240.0	29872.0	29594.0	38.0	1146.0	51.5	63.7	66.3	71.3
2008-06-17	32070.0	0.0	550.0	31442.0	29784.0	38.0	1146.0	56.0	60.2	70.7	69.9
2008-06-24	30900.0	0.0	310.0	30292.0	28874.0	38.0	1146.0	56.0	62.6	70.9	71.8
2008-07-01	30162.0	0.0	240.0	29646.0	28328.0	36.0	1114.0	60.0	62.4	73.1	70.8
2008-07-08	30162.0	0.0	240.0	29646.0	28328.0	36.0	1114.0	58.9	62.4	73.1	70.8
2008-07-15	30090.0	0.0	240.0	29574.0	28040.0	36.0	1330.0	58.2	60.7	72.2	69.1
2008-07-22	30112.0	0.0	240.0	29596.0	28278.0	36.0	1114.0	55.0	63.3	70.7	71.7
2008-07-29	29722.0	0.0	240.0	29206.0	27888.0	36.0	1114.0	54.2	61.6	70.9	70.1
2008-08-05	28678.0	0.0	340.0	28284.0	26976.0	94.0	1062.0	55.5	63.2	71.1	71.4
2008-08-12	28802.0	0.0	334.0	28468.0	27100.0	34.0	1068.0	56.8	64.0	71.5	72.4
2008-08-19	29826.0	0.0	340.0	28972.0	27604.0	554.0	1582.0	55.6	62.7	70.6	70.8
2008-08-26	29686.0	0.0	360.0	28662.0	27204.0	724.0	1822.0	55.2	62.2	69.6	68.8
2008-09-02	28720.0	0.0	340.0	27988.0	26570.0	492.0	1570.0	57.2	63.9	70.7	70.3
2008-09-09	29020.0	0.0	340.0	28328.0	26910.0	452.0	1530.0	57.1	64.4	70.9	70.8
2008-09-16	29274.0	0.0	340.0	28582.0	27164.0	452.0	1530.0	54.2	65.2	69.9	71.4
2008-09-23	29938.0	0.0	340.0	29126.0	27704.0	572.0	1654.0	56.5	65.4	70.8	71.4
2008-09-30	30550.0	0.0	340.0	29858.0	28436.0	452.0	1534.0	57.5	67.5	71.2	73.5
2008-10-07	29394.0	0.0	300.0	28964.0	27692.0	250.0	1222.0	59.5	70.1	73.9	76.6
2008-10-14	30762.0	0.0	300.0	30412.0	29060.0	170.0	1222.0	58.5	68.6	73.5	75.7
2008-10-21	32634.0	0.0	60.0	32284.0	31172.0	170.0	1222.0	59.3	70.7	76.0	78.0
2008-10-28	32514.0	0.0	60.0	32154.0	31052.0	180.0	1222.0	59.9	70.7	77.1	77.8
2008-11-04	30794.0	0.0	40.0	30472.0	29694.0	202.0	940.0	59.4	73.6	79.0	80.5
2008-11-11	30688.0	0.0	40.0	30426.0	29648.0	202.0	940.0	59.6	73.5	78.7	80.4
2008-11-18	31020.0	0.0	40.0	30698.0	29980.0	262.0	940.0	59.1	73.1	78.0	80.0
2008-11-25	30650.0	0.0	40.0	30388.0	29610.0	202.0	940.0	58.2	71.8	77.6	78.8
2008-12-02	29324.0	80.0	0.0	29024.0	28402.0	200.0	902.0	58.2	72.8	78.6	79.8
2008-12-09	29302.0	100.0	0.0	28970.0	28380.0	212.0	902.0	57.2	73.6	77.0	80.6
2008-12-16	29794.0	100.0	0.0	29422.0	28352.0	252.0	1422.0	54.0	72.7	74.9	79.4
2008-12-22	29881.0	100.0	0.0	29497.0	28919.0	264.0	942.0	52.4	73.6	73.5	80.3
2008-12-30	30029.0	100.0	0.0	29685.0	29107.0	224.0	902.0	52.3	73.1	73.3	80.0
2009-01-06	28612.0	0.0	0.0	28420.0	27748.0	192.0	864.0	53.7	74.6	75.9	81.9
2009-01-13	29481.0	0.0	0.0	29289.0	28617.0	192.0	864.0	56.4	73.8	77.3	81.7
2009-01-20	28640.0	0.0	0.0	28448.0	27836.0	192.0	804.0	55.9	75.1	76.0	81.9
2009-01-27	28432.0	0.0	0.0	28220.0	27608.0	212.0	824.0	54.2	75.6	75.3	81.9
2009-02-03	28132.0	0.0	0.0	27914.0	27388.0	218.0	744.0	53.4	78.2	74.7	83.6
2009-02-10	28690.0	0.0	0.0	28472.0	27946.0	218.0	744.0	52.9	78.3	75.6	83.9
2009-02-17	28876.0	0.0	0.0	28658.0	27972.0	218.0	904.0	52.4	77.4	75.2	82.8
2009-02-24	28848.0	0.0	0.0	28590.0	27944.0	258.0	904.0	51.5	75.8	74.4	82.2
2009-03-03	28039.0	0.0	0.0	27807.0	27187.0	232.0	852.0	50.8	76.6	74.5	82.4
2009-03-10	29185.0	0.0	0.0	28905.0	28333.0	280.0	852.0	48.6	70.8	71.2	77.5
2009-03-17	28575.0	0.0	0.0	28295.0	27723.0	280.0	852.0	49.6	68.9	72.7	75.9
2009-03-24	28569.0	0.0	0.0	28289.0	27717.0	280.0	852.0	49.5	68.9	73.5	75.9
2009-03-31	28593.0	0.0	0.0	28313.0	27741.0	280.0	852.0	49.4	68.8	73.4	75.9
2009-04-07	27075.0	0.0	0.0	26793.0	26255.0	282.0	820.0	49.5	70.8	73.1	77.3
2009-04-14	27263.0	0.0	0.0	26981.0	26443.0	282.0	820.0	50.2	70.9	73.9	77.4
2009-04-21	27081.0	0.0	0.0	26799.0	26261.0	282.0	820.0	50.3	70.9	74.9	77.5
2009-04-28	27085.0	0.0	0.0	26777.0	26265.0	308.0	820.0	51.5	70.9	74.8	77.5
2009-05-05	26287.0	0.0	0.0	25785.0	25499.0	502.0	788.0	48.2	68.7	71.1	74.9
2009-05-12	26535.0	0.0	0.0	26033.0	25747.0	502.0	788.0	48.2	68.8	70.6	74.9
2009-05-19	27519.0	0.0	0.0	27017.0	26731.0	502.0	788.0	49.6	69.8	71.6	75.7
2009-05-26	27519.0	0.0	0.0	27017.0	26731.0	502.0	788.0	49.6	69.8	71.6	75.7
2009-06-02	26055.0	0.0	0.0	25581.0	25199.0	474.0	856.0	50.2	70.7	70.7	76.1
2009-06-09	26519.0	0.0	0.0	26045.0	25663.0	474.0	856.0	51.0	71.3	71.3	76.6
2009-06-16	26519.0	0.0	0.0	26045.0	25663.0	474.0	856.0	50.9	71.3	71.3	76.6
2009-06-23	26759.0	0.0	0.0	26285.0	25903.0	474.0	856.0	51.3	71.6	71.5	76.8
2009-06-30	26759.0	0.0	0.0	26285.0	25903.0	474.0	856.0	51.3	71.6	71.5	76.8
2009-07-07	25530.0	0.0	0.0	25064.0	24762.0	466.0	768.0	51.9	73.5	72.8	78.2
2009-07-14	25575.0	0.0	0.0	25085.0	24807.0	490.0	768.0	52.7	73.4	72.5	78.0
2009-07-21	25565.0	0.0	0.0	25075.0	24797.0	490.0	768.0	52.2	73.0	72.1	77.5
2009-07-28	25705.0	0.0	0.0	25215.0	24937.0	490.0	768.0	52.3	73.1	72.2	77.6
2009-08-04	24475.0	0.0	0.0	23993.0	23795.0	482.0	680.0	53.8	75.8	73.8	79.8
2009-08-11	24571.0	0.0	0.0	24089.0	23891.0	482.0	680.0	53.5	75.9	73.9	79.9
2009-08-18	24835.0	0.0	0.0	24353.0	24155.0	482.0	680.0	54.9	76.1	74.1	80.1
2009-08-25	24851.0	0.0	0.0	24369.0	24171.0	482.0	680.0	54.8	76.0	74.1	80.0
2009-09-01	23621.0	0.0	0.0	23145.0	23029.0	476.0	592.0	56.4	78.9	76.4	82.4
2009-09-08	23785.0	0.0	0.0	23309.0	23193.0	476.0	592.0	56.3	78.4	76.9	81.8
2009-09-15	23773.0	0.0	0.0	23295.0	23181.0	478.0	592.0	56.8	78.4	76.5	81.9
2009-09-22	23805.0	0.0	0.0	23063.0	23213.0	742.0	592.0	56.6	78.3	75.3	81.8
2009-09-29	23745.0	0.0	0.0	23003.0	23153.0	742.0	592.0	55.9	78.5	74.8	82.0
2011-10-18	9895.0	3850.0	0.0	4567.0	8022.0	1260.0	1655.0	57.7	48.0	70.4	63.1
2011-11-01	9388.0	3528.0	0.0	4249.0	8040.0	1611.0	1348.0	58.2	48.0	69.4	64.4
2011-11-08	9408.0	3528.0	0.0	4269.0	8040.0	1611.0	1368.0	58.0	47.9	69.3	64.1
2011-11-15	9930.0	3768.0	18.0	4431.0	8202.0	1251.0	1230.0	56.9	44.1	67.8	60.5
2011-11-22	10741.0	4248.0	168.0	4632.0	8601.0	1291.0	1402.0	57.0	42.2	66.7	57.3
2011-11-29	10811.0	4248.0	98.0	4612.0	8531.0	1291.0	1522.0	56.9	42.0	65.8	56.0
2011-12-06	10999.0	4770.0	0.0	4377.0	8620.0	1214.0	1741.0	59.6	41.9	67.0	57.6
2011-12-13	11069.0	4830.0	0.0	4603.0	8887.0	1058.0	1604.0	58.4	40.3	65.0	56.2
2011-12-20	11129.0	4870.0	0.0	4667.0	9045.0	1022.0	1514.0	57.9	40.5	64.7	56.2
2011-12-27	11099.0	4870.0	0.0	4637.0	9015.0	1022.0	1514.0	57.8	40.6	64.9	56.3
2012-01-03	11325.0	4890.0	0.0	4566.0	9183.0	1319.0	1592.0	57.9	41.7	67.2	59.2
2012-01-10	11329.0	4770.0	0.0	4672.0	9187.0	1337.0	1592.0	58.5	40.4	65.8	57.9
2012-01-17	11733.0	5190.0	0.0	4806.0	9741.0	1337.0	1592.0	57.2	39.9	67.1	55.1
2012-01-24	10211.0	2702.0	0.0	5792.0	7887.0	1337.0	1944.0	43.6	30.7	60.8	47.3
2012-01-31	10220.0	2382.0	0.0	6121.0	7896.0	1337.0	1944.0	42.4	30.4	61.8	47.3
2012-02-07	9343.0	1358.0	0.0	6411.0	6881.0	1254.0	2142.0	36.2	27.5	55.8	42.4
2012-02-14	9855.0	982.0	0.0	7043.0	7379.0	1520.0	2166.0	28.2	26.7	43.3	38.4
2012-02-21	9952.0	1042.0	0.0	7102.0	7376.0	1518.0	2286.0	29.1	26.4	43.5	38.0
2012-02-28	10270.0	1306.0	0.0	7166.0	7694.0	1508.0	2286.0	30.8	26.7	45.3	40.9
2012-03-06	10165.0	1202.0	0.0	7502.0	7795.0	1221.0	2130.0	31.8	30.6	45.9	41.1
2012-03-13	10189.0	1202.0	0.0	7526.0	7795.0	1221.0	2154.0	32.0	30.5	46.0	41.0
2012-03-20	10331.0	1202.0	0.0	7458.0	7885.0	1431.0	2206.0	32.7	31.6	46.3	43.2
2012-03-27	10351.0	1202.0	0.0	7478.0	7881.0	1431.0	2230.0	32.6	30.3	45.4	41.8
2012-04-03	9844.0	1186.0	0.0	7072.0	7489.0	1356.0	2125.0	32.2	30.0	45.6	41.6
2012-04-10	9844.0	1176.0	0.0	7082.0	7489.0	1356.0	2125.0	32.4	30.0	45.6	41.6
2012-04-17	9844.0	1176.0	0.0	7082.0	7489.0	1356.0	2125.0	32.4	30.0	45.8	41.6
2012-04-24	9824.0	1176.0	0.0	7062.0	7469.0	1356.0	2125.0	32.5	30.6	45.9	41.7
2012-05-01	9373.0	1104.0	0.0	6656.0	7077.0	1337.0	2020.0	31.2	30.1	45.6	41.3
2012-05-08	9433.0	1104.0	0.0	6596.0	7137.0	1457.0	2020.0	31.0	29.9	45.3	42.3
2012-05-15	9457.0	1104.0	0.0	6596.0	7161.0	1481.0	2020.0	31.0	29.8	45.4	42.2
2012-05-22	9481.0	1104.0	0.0	6596.0	7185.0	1505.0	2020.0	30.9	30.0	45.3	42.3
2012-05-29	9481.0	1104.0	0.0	6596.0	7185.0	1505.0	2020.0	30.9	30.1	45.4	42.4
2012-06-05	9068.0	1150.0	0.0	6208.0	6923.0	1484.0	1919.0	31.3	30.6	45.7	42.8
2012-06-12	9084.0	1150.0	0.0	6224.0	6939.0	1484.0	1919.0	31.3	30.6	46.1	42.7
2012-06-19	9084.0	1150.0	0.0	6224.0	6939.0	1484.0	1919.0	31.3	30.6	46.1	42.7
2012-06-26	9104.0	1150.0	0.0	6244.0	6949.0	1484.0	1929.0	31.2	30.6	46.5	42.9
2012-07-03	8635.0	1128.0	0.0	5900.0	6623.0	1431.0	1836.0	31.3	30.5	45.3	42.7
2012-07-10	8663.0	1128.0	0.0	5904.0	6507.0	1455.0	1980.0	31.2	31.7	45.2	42.6
2012-07-17	8777.0	1134.0	0.0	5964.0	6621.0	1503.0	1980.0	30.6	33.2	45.5	43.9
2012-07-24	8877.0	1134.0	0.0	6064.0	6601.0	1503.0	2100.0	30.3	32.6	44.0	41.8
2012-07-31	8917.0	1134.0	0.0	6104.0	6641.0	1503.0	2100.0	30.1	32.4	44.3	42.0
2012-08-07	8691.0	1194.0	0.0	5891.0	6568.0	1490.0	2007.0	31.9	31.9	44.5	43.5
2012-08-14	8811.0	1194.0	0.0	6011.0	6688.0	1490.0	2007.0	31.5	31.2	42.3	41.2
2012-08-21	8759.0	1194.0	0.0	5959.0	6740.0	1490.0	1903.0	31.6	31.4	42.9	43.0
2012-08-28	8999.0	1314.0	0.0	6079.0	7284.0	1490.0	1599.0	32.1	31.9	44.4	47.0
2012-09-04	8543.0	1364.0	0.0	5598.0	6961.0	1515.0	1516.0	30.1	32.4	43.1	47.9
2012-09-11	8565.0	1364.0	0.0	5650.0	6989.0	1485.0	1510.0	30.0	32.3	42.7	47.7
2012-09-18	8849.0	1244.0	0.0	5814.0	7291.0	1605.0	1372.0	27.7	31.1	39.2	48.1
2012-09-25	8929.0	1244.0	0.0	5894.0	7371.0	1605.0	1372.0	27.4	30.8	40.7	47.7
2012-10-02	8554.0	1290.0	0.0	5649.0	7043.0	1495.0	1391.0	29.0	30.8	42.8	47.9
2012-10-09	8544.0	1290.0	0.0	5519.0	7033.0	1615.0	1391.0	29.0	30.9	42.9	46.6
2012-10-16	8524.0	1290.0	0.0	5519.0	7033.0	1595.0	1371.0	29.1	30.9	43.3	46.7
2012-10-23	8644.0	1270.0	0.0	5539.0	7033.0	1715.0	1491.0	28.5	30.5	42.4	46.1
2012-10-30	8764.0	1260.0	0.0	5669.0	7133.0	1715.0	1511.0	28.0	31.3	43.1	46.7
2012-11-06	8294.0	1130.0	0.0	5158.0	6632.0	1886.0	1542.0	27.5	32.0	43.1	47.6
2012-11-13	8294.0	1130.0	0.0	5158.0	6632.0	1886.0	1542.0	27.5	32.0	43.3	47.8
2012-11-20	8174.0	1130.0	0.0	5158.0	6632.0	1766.0	1422.0	27.9	32.5	43.9	48.5
2012-11-27	8308.0	1130.0	0.0	5300.0	6462.0	1758.0	1726.0	27.7	31.3	42.8	45.0
2012-12-04	7856.0	1010.0	0.0	5019.0	5835.0	1707.0	1901.0	28.0	32.9	46.2	47.9
2012-12-11	7856.0	1010.0	0.0	4899.0	5835.0	1827.0	1901.0	28.0	33.1	46.2	49.6
2012-12-18	7880.0	962.0	0.0	4919.0	5835.0	1831.0	1877.0	27.3	33.0	45.4	49.4
2012-12-24	7882.0	938.0	0.0	4921.0	5813.0	1831.0	1877.0	27.0	33.0	45.1	49.4
2012-12-31	7882.0	938.0	0.0	4921.0	5813.0	1831.0	1877.0	27.0	33.0	45.1	49.4
