2006-06-27	30024.0	1922.0	3556.0	27666.0	25544.0	436.0	924.0	58.5	71.0	82.4	85.7
2006-10-31	29274.0	0.0	968.0	29106.0	27610.0	168.0	696.0	60.5	65.2	78.0	74.8
2006-12-19	24547.0	620.0	1061.0	23307.0	22990.0	620.0	496.0	60.1	66.6	75.2	77.1
2006-12-26	25849.0	1240.0	1061.0	24051.0	23796.0	558.0	992.0	57.0	63.0	71.9	73.2
2007-01-23	21468.0	0.0	1200.0	20748.0	18726.0	720.0	1542.0	58.6	57.3	73.7	67.3
2007-01-30	24736.0	0.0	2912.0	24072.0	20154.0	664.0	1670.0	54.6	60.3	74.7	70.8
2007-02-06	19620.0	0.0	1960.0	19124.0	16242.0	496.0	1418.0	68.9	70.1	91.8	85.9
2007-02-13	21108.0	1240.0	2332.0	19868.0	17854.0	0.0	922.0	65.8	71.1	92.4	87.5
2007-02-20	21790.0	1612.0	1960.0	19744.0	18110.0	62.0	1348.0	63.8	74.6	92.9	87.6
2007-02-27	26868.0	1302.0	1712.0	24977.0	22698.0	217.0	2086.0	58.8	65.2	84.0	81.3
2007-03-27	28316.0	1710.0	1232.0	26216.0	25916.0	150.0	928.0	54.8	65.8	80.7	77.7
2007-04-24	29607.0	531.0	1507.0	27507.0	25258.0	1197.0	2470.0	59.2	62.2	80.3	74.1
2007-05-29	30881.0	4278.0	390.0	26363.0	28004.0	240.0	2487.0	53.6	66.2	77.9	78.8
2007-06-26	27322.0	1906.0	0.0	25354.0	24737.0	62.0	2585.0	69.6	68.7	92.1	84.9
2007-07-31	26225.0	1875.0	0.0	24226.0	24965.0	124.0	1260.0	65.6	68.5	86.8	83.9
2007-09-25	17977.0	1240.0	0.0	15685.0	17144.0	1052.0	833.0	66.5	79.9	81.3	87.2
2007-10-30	17480.0	930.0	390.0	16188.0	16366.0	362.0	724.0	73.3	81.2	86.2	88.6
2008-02-26	23402.0	7704.0	744.0	15450.0	20084.0	248.0	2574.0	63.5	69.5	82.2	77.4
2008-03-25	22528.0	8184.0	0.0	13914.0	19680.0	430.0	2848.0	65.5	65.2	88.5	77.8
2008-04-29	19981.0	7244.0	2014.0	11691.0	16615.0	984.0	1290.0	63.4	67.5	84.0	85.0
2008-07-29	14327.0	3700.0	0.0	9407.0	13379.0	616.0	344.0	61.0	60.8	81.1	78.8
2009-06-30	21341.0	0.0	496.0	21093.0	19429.0	124.0	1292.0	72.1	65.5	84.0	78.4
