2006-09-19	4048.0	25.0	0.0	3752.0	3798.0	271.0	250.0	61.3	60.5	70.1	69.3
2006-09-26	4026.0	25.0	0.0	3552.0	4026.0	449.0	0.0	49.2	61.5	59.3	70.4
2006-10-03	3279.0	25.0	0.0	2936.0	3279.0	318.0	0.0	46.7	57.2	55.3	68.0
2006-10-10	3404.0	0.0	0.0	3061.0	3379.0	318.0	0.0	47.2	58.0	55.4	67.0
2006-10-17	3604.0	0.0	0.0	3261.0	3579.0	318.0	0.0	49.4	59.7	57.2	68.1
2006-10-24	3639.0	0.0	25.0	3321.0	3589.0	293.0	0.0	46.9	52.9	54.6	63.3
2006-10-31	3889.0	150.0	25.0	3421.0	3839.0	293.0	0.0	42.6	52.1	52.4	61.8
2006-11-07	2815.0	150.0	50.0	2356.0	2690.0	309.0	75.0	51.2	48.5	65.6	73.4
2006-11-14	3204.0	150.0	50.0	2720.0	3154.0	334.0	0.0	44.9	52.7	58.4	69.9
2006-11-21	4514.0	100.0	50.0	4177.0	4439.0	237.0	25.0	34.5	44.3	44.7	52.9
2006-11-28	3989.0	100.0	50.0	3652.0	3889.0	237.0	50.0	35.5	37.0	43.9	49.3
2006-12-05	2719.0	100.0	0.0	2457.0	2659.0	162.0	60.0	27.0	38.9	39.9	51.7
2006-12-12	3087.0	0.0	50.0	2800.0	2852.0	237.0	135.0	27.5	40.5	40.7	50.2
2006-12-19	3487.0	0.0	0.0	3100.0	3202.0	337.0	235.0	28.5	43.7	40.0	50.2
2006-12-26	3512.0	0.0	0.0	3150.0	3252.0	262.0	160.0	24.7	42.0	37.4	50.5
2007-01-03	2710.0	0.0	0.0	2435.0	2265.0	175.0	345.0	63.7	48.0	76.4	61.8
2007-01-09	4210.0	300.0	0.0	3635.0	3765.0	175.0	345.0	54.6	44.5	64.0	56.4
2007-01-16	4962.0	125.0	0.0	4437.0	4367.0	250.0	445.0	53.9	43.8	62.4	55.4
2007-01-23	4812.0	125.0	168.0	4337.0	4049.0	200.0	445.0	51.5	44.5	60.7	54.0
2007-01-30	6312.0	125.0	218.0	4637.0	5474.0	1400.0	470.0	40.4	45.2	47.4	56.9
2007-02-06	5387.0	125.0	268.0	3862.0	4944.0	1300.0	75.0	38.3	45.9	45.4	62.1
2007-02-13	5887.0	125.0	268.0	4137.0	5219.0	1300.0	75.0	38.4	45.4	44.9	60.2
2007-02-20	5887.0	275.0	268.0	4012.0	5219.0	1275.0	75.0	37.6	44.5	44.9	57.7
2007-02-27	5987.0	275.0	268.0	4112.0	5344.0	1275.0	50.0	37.8	44.3	45.6	58.0
2007-03-06	5120.0	325.0	243.0	3370.0	4552.0	1150.0	50.0	32.1	49.2	42.3	60.0
2007-03-13	5620.0	625.0	243.0	3570.0	4807.0	1150.0	295.0	34.6	46.6	44.8	55.6
2007-03-20	5745.0	625.0	159.0	3695.0	4925.0	1150.0	386.0	31.7	44.0	40.3	51.3
2007-03-27	6210.0	625.0	159.0	4135.0	5265.0	1175.0	511.0	30.9	40.8	39.5	48.5
2007-04-10	7335.0	750.0	0.0	5160.0	6690.0	1200.0	420.0	23.4	34.9	27.7	38.7
2007-04-17	8235.0	750.0	0.0	6060.0	7540.0	1200.0	470.0	22.8	32.3	27.4	37.5
2007-04-24	7829.0	750.0	0.0	5654.0	7554.0	1200.0	50.0	26.8	40.0	32.6	47.2
2007-05-01	7664.0	1175.0	0.0	4964.0	7289.0	1200.0	50.0	42.8	52.9	51.6	63.9
2007-05-08	8724.0	1500.0	975.0	5649.0	7324.0	1350.0	200.0	41.9	47.5	50.7	61.9
2007-05-15	8824.0	1575.0	1025.0	5824.0	7524.0	1200.0	50.0	42.3	48.3	50.2	61.5
2007-05-22	8799.0	1575.0	0.0	5799.0	8524.0	1200.0	50.0	41.8	46.5	49.7	60.2
2007-05-29	8899.0	1575.0	0.0	5874.0	8599.0	1200.0	50.0	41.4	46.0	49.2	59.0
2007-06-05	8599.0	1650.0	0.0	5574.0	8324.0	1200.0	100.0	51.2	56.0	59.9	68.9
2007-06-12	8474.0	1650.0	0.0	5449.0	8249.0	1200.0	50.0	50.5	55.1	59.3	68.3
2007-06-19	8528.0	1675.0	0.0	5778.0	8303.0	900.0	50.0	50.2	57.9	61.5	70.5
2007-06-26	8778.0	1675.0	0.0	5953.0	8153.0	975.0	450.0	50.5	54.9	61.4	66.8
2007-07-03	7433.0	1775.0	0.0	4683.0	7308.0	900.0	50.0	50.5	57.2	57.6	70.9
2007-07-10	7633.0	1775.0	0.0	4883.0	7508.0	900.0	50.0	49.2	56.3	57.1	70.4
2007-07-17	7863.0	1775.0	0.0	5113.0	7638.0	900.0	150.0	48.5	55.0	58.3	70.3
2007-07-24	8863.0	1775.0	0.0	6113.0	8638.0	900.0	150.0	45.0	53.0	54.8	63.0
2007-07-31	9463.0	1775.0	0.0	6713.0	9238.0	900.0	150.0	45.5	48.6	52.6	57.9
2007-08-07	8238.0	1450.0	0.0	5688.0	8088.0	1050.0	100.0	51.7	46.1	56.3	59.7
2007-08-14	8453.0	370.0	0.0	6933.0	8253.0	1100.0	150.0	42.1	38.3	48.8	53.1
2007-08-21	8148.0	370.0	0.0	6778.0	8048.0	950.0	50.0	40.7	35.8	47.3	51.1
2007-08-28	8407.0	265.0	25.0	7142.0	8282.0	950.0	50.0	39.3	32.4	46.2	47.7
2007-09-04	9234.0	265.0	25.0	7969.0	9109.0	950.0	50.0	35.8	29.0	40.7	42.5
2007-09-11	8304.0	290.0	25.0	7039.0	8154.0	950.0	100.0	26.4	30.5	33.7	42.5
2007-09-18	8304.0	0.0	75.0	7304.0	8129.0	1000.0	100.0	27.9	26.6	33.0	38.9
2007-09-25	8729.0	0.0	225.0	7729.0	8304.0	1000.0	200.0	30.0	26.5	36.3	37.6
2007-10-02	7020.0	0.0	200.0	6070.0	6770.0	950.0	50.0	34.3	27.6	42.1	44.7
2007-10-09	7170.0	0.0	575.0	6120.0	6445.0	1050.0	150.0	35.3	26.7	43.0	42.7
2007-10-16	7070.0	0.0	575.0	6170.0	6495.0	900.0	0.0	36.8	28.5	44.0	44.1
2007-10-23	7320.0	0.0	650.0	6420.0	6670.0	900.0	0.0	36.6	29.9	44.0	44.5
2007-10-30	7695.0	0.0	725.0	6795.0	6970.0	900.0	0.0	38.4	30.1	45.5	46.3
2007-11-06	6507.0	0.0	600.0	5607.0	5907.0	900.0	0.0	45.4	37.4	56.3	56.2
2007-11-13	6642.0	0.0	150.0	5742.0	6492.0	900.0	0.0	45.5	40.8	55.0	57.4
2007-11-20	7077.0	0.0	150.0	6152.0	6882.0	925.0	45.0	45.1	43.6	55.8	56.7
2007-11-27	7508.0	0.0	150.0	6508.0	7238.0	1000.0	120.0	43.2	43.7	54.9	56.1
2007-12-04	7562.0	0.0	50.0	6237.0	7067.0	1325.0	445.0	38.3	44.6	46.6	53.9
2007-12-11	7449.0	0.0	50.0	6152.0	6997.0	1297.0	402.0	38.8	44.9	46.8	55.0
2007-12-18	7399.0	0.0	100.0	6427.0	7222.0	972.0	77.0	41.1	46.0	49.2	56.2
2007-12-24	7849.0	0.0	100.0	6877.0	7662.0	972.0	87.0	41.1	48.4	49.6	58.9
2007-12-31	8464.0	0.0	125.0	7492.0	8252.0	972.0	87.0	41.4	50.9	50.4	61.1
2008-01-08	7300.0	0.0	75.0	6328.0	7023.0	972.0	202.0	54.9	62.1	68.7	77.1
2008-01-15	7480.0	0.0	75.0	6508.0	7188.0	972.0	217.0	54.8	57.6	68.0	72.9
2008-01-22	7843.0	0.0	75.0	6961.0	7641.0	882.0	127.0	53.4	55.6	63.2	68.9
2008-01-29	8159.0	75.0	50.0	7152.0	7932.0	907.0	152.0	53.5	55.6	62.9	66.6
2008-02-05	5736.0	0.0	50.0	4936.0	5361.0	800.0	325.0	52.3	57.7	63.5	66.4
2008-02-12	6426.0	0.0	150.0	5451.0	6021.0	975.0	255.0	46.5	52.0	56.6	61.0
2008-02-19	6476.0	0.0	50.0	5496.0	6091.0	980.0	335.0	46.8	53.5	56.4	63.2
2008-02-26	7034.0	0.0	50.0	6004.0	6664.0	1030.0	320.0	48.9	54.4	59.1	63.6
2008-03-04	5554.0	0.0	50.0	4574.0	5309.0	980.0	195.0	45.8	59.2	57.9	71.8
2008-03-11	5906.0	0.0	0.0	4893.0	5678.0	1013.0	228.0	43.0	56.8	55.3	70.4
2008-03-18	6518.0	0.0	0.0	5495.0	6280.0	1023.0	238.0	41.3	58.0	52.5	71.6
2008-03-25	7673.0	0.0	0.0	6650.0	7425.0	1023.0	248.0	45.2	63.3	57.7	75.4
2008-04-01	7938.0	0.0	0.0	6105.0	7290.0	1833.0	648.0	41.5	57.7	51.2	71.2
2008-04-08	5637.0	25.0	0.0	4319.0	5099.0	1293.0	538.0	36.0	49.2	43.8	62.7
2008-04-15	5598.0	0.0	0.0	4605.0	5410.0	993.0	188.0	36.0	49.8	45.3	62.6
2008-04-22	5708.0	0.0	50.0	4715.0	5470.0	993.0	188.0	37.9	50.2	45.5	64.4
2008-04-29	7023.0	0.0	125.0	5430.0	6160.0	1593.0	738.0	32.1	45.0	39.9	58.7
2008-05-06	5803.0	0.0	125.0	5753.0	5518.0	50.0	160.0	39.4	43.5	53.1	61.9
2008-05-13	5948.0	0.0	75.0	5862.0	5715.0	86.0	158.0	37.6	42.4	52.3	60.7
2008-05-20	6492.0	0.0	75.0	6492.0	6307.0	0.0	110.0	37.6	41.3	52.6	61.0
2008-05-27	7102.0	0.0	50.0	6777.0	6617.0	325.0	435.0	37.9	40.2	51.6	60.3
2008-06-03	6477.0	0.0	50.0	6061.0	5856.0	416.0	571.0	36.7	40.6	52.6	57.8
2008-06-10	6473.0	0.0	50.0	6473.0	6333.0	0.0	90.0	36.7	43.6	54.6	66.3
2008-06-17	7451.0	0.0	50.0	7401.0	7281.0	50.0	120.0	33.1	37.8	48.2	58.5
2008-06-24	7261.0	0.0	50.0	7261.0	6501.0	0.0	710.0	35.5	33.3	48.5	49.8
2008-07-01	8394.0	0.0	50.0	8197.0	8077.0	197.0	267.0	32.2	30.3	44.0	49.3
2008-07-08	6681.0	0.0	0.0	6384.0	6254.0	297.0	427.0	32.6	34.3	46.2	46.6
2008-07-15	6794.0	0.0	0.0	6619.0	6489.0	175.0	305.0	34.4	35.5	47.7	48.8
2008-07-22	7382.0	0.0	0.0	7120.0	7050.0	212.0	282.0	34.9	36.4	47.9	49.3
2008-07-29	7684.0	0.0	0.0	7202.0	7132.0	482.0	552.0	33.9	35.7	47.2	47.8
2008-08-05	5640.0	0.0	0.0	5620.0	5585.0	20.0	55.0	33.9	37.1	52.9	53.3
2008-08-12	6228.0	0.0	0.0	6208.0	6173.0	20.0	55.0	38.5	41.9	54.6	56.7
2008-08-19	6784.0	0.0	0.0	6764.0	6729.0	20.0	55.0	41.1	42.2	55.1	56.8
2008-08-26	7007.0	51.0	0.0	6841.0	6857.0	115.0	150.0	40.1	42.2	53.3	55.7
2008-09-02	7387.0	26.0	0.0	7271.0	7262.0	90.0	125.0	40.8	42.4	54.7	56.1
2008-09-09	6541.0	26.0	0.0	6375.0	6371.0	140.0	170.0	37.3	40.1	48.4	50.8
2008-09-16	8124.0	0.0	0.0	8068.0	8079.0	56.0	45.0	37.8	38.2	47.5	50.7
2008-09-23	9172.0	0.0	0.0	9046.0	9057.0	126.0	115.0	38.2	36.1	48.1	46.8
2008-09-30	10579.0	0.0	0.0	10438.0	10429.0	141.0	150.0	36.1	36.5	44.4	45.2
2008-10-07	10814.0	0.0	0.0	10610.0	10601.0	204.0	213.0	23.3	28.4	31.1	36.5
2008-10-14	12040.0	0.0	0.0	12039.0	11879.0	1.0	161.0	31.6	36.8	42.8	45.4
2008-10-21	17047.0	0.0	0.0	16901.0	16872.0	146.0	175.0	38.5	39.3	47.1	50.1
2008-10-28	21238.0	0.0	0.0	21172.0	21163.0	66.0	75.0	45.3	49.3	55.2	59.7
2008-11-04	20076.0	75.0	0.0	20001.0	20076.0	0.0	0.0	43.2	48.8	53.8	57.6
2008-11-11	22448.0	75.0	0.0	22258.0	22333.0	115.0	115.0	42.4	49.1	53.6	59.2
2008-11-18	26790.0	75.0	0.0	26650.0	26725.0	65.0	65.0	46.5	55.6	58.7	66.7
2008-11-25	29535.0	75.0	0.0	29275.0	29350.0	185.0	185.0	49.8	59.4	60.2	69.0
2008-12-02	27830.0	75.0	0.0	27545.0	27620.0	210.0	210.0	52.4	62.0	66.0	69.0
2008-12-09	32349.0	75.0	0.0	31931.0	32126.0	343.0	223.0	49.2	64.2	69.3	71.9
2008-12-16	33689.0	75.0	0.0	33324.0	33519.0	290.0	170.0	49.5	63.8	68.8	72.1
2008-12-22	34735.0	75.0	0.0	34460.0	34655.0	200.0	80.0	43.9	62.5	65.9	71.5
2008-12-30	35192.0	75.0	0.0	34812.0	35007.0	305.0	185.0	44.4	61.2	65.7	69.4
2009-01-06	31021.0	60.0	0.0	30781.0	30991.0	180.0	30.0	48.4	62.1	66.6	71.5
2009-01-13	32140.0	60.0	0.0	31850.0	32060.0	230.0	80.0	46.2	61.4	66.1	71.8
2009-01-20	33349.0	60.0	0.0	33059.0	33289.0	230.0	60.0	45.1	60.3	64.8	71.2
2009-01-27	36464.0	60.0	0.0	36174.0	36404.0	230.0	60.0	46.4	58.5	63.3	67.8
2009-02-03	32896.0	232.0	0.0	32340.0	32846.0	324.0	50.0	50.3	61.0	62.2	65.9
2009-02-10	36264.0	360.0	47.0	35488.0	36084.0	388.0	105.0	46.0	57.7	60.5	63.3
2009-02-17	36340.0	0.0	47.0	36064.0	36258.0	248.0	7.0	46.4	57.3	60.2	62.4
2009-02-24	37892.0	0.0	47.0	37578.0	37810.0	286.0	7.0	48.4	55.5	59.7	62.4
2009-03-03	36628.0	216.0	62.0	35805.0	36553.0	594.0	0.0	47.2	53.1	56.5	60.6
2009-03-10	39458.0	1785.0	62.0	37472.0	39267.0	188.0	116.0	47.3	51.1	56.5	61.0
2009-03-17	44181.0	2376.0	62.0	41508.0	43995.0	188.0	15.0	45.2	46.7	52.6	57.7
2009-03-24	49381.0	4084.0	32.0	45031.0	49220.0	202.0	65.0	43.8	44.5	51.8	54.4
2009-03-31	53139.0	4314.0	64.0	48542.0	52892.0	251.0	151.0	42.9	42.3	50.7	51.8
2009-04-07	48562.0	4428.0	64.0	43549.0	47561.0	585.0	937.0	45.8	41.9	53.5	51.1
2009-04-14	49068.0	4439.0	0.0	43960.0	48036.0	655.0	1018.0	44.7	42.9	51.9	52.3
2009-04-21	51163.0	4797.0	25.0	45883.0	50674.0	469.0	450.0	40.3	43.1	48.9	53.7
2009-04-28	55122.0	5037.0	89.0	49085.0	54256.0	475.0	252.0	35.8	39.8	44.4	50.4
2009-05-05	45875.0	3552.0	55.0	41127.0	44736.0	357.0	245.0	38.0	42.0	47.3	52.1
2009-05-12	46127.0	3768.0	55.0	40948.0	44823.0	347.0	185.0	35.9	41.2	48.0	51.8
2009-05-19	47213.0	3768.0	25.0	42365.0	46234.0	316.0	190.0	35.8	39.9	48.4	51.9
2009-05-26	47950.0	3843.0	25.0	43191.0	47135.0	316.0	190.0	35.9	39.7	47.8	50.0
2009-06-02	39971.0	2347.0	25.0	36930.0	38975.0	244.0	521.0	34.0	40.8	46.5	49.2
2009-06-09	39667.0	2347.0	25.0	36579.0	39154.0	291.0	38.0	34.1	41.6	45.2	49.4
2009-06-16	41825.0	2397.0	25.0	38861.0	41287.0	67.0	13.0	31.9	38.1	40.5	45.4
2009-06-23	42967.0	2428.0	25.0	39932.0	42368.0	46.0	13.0	31.2	37.4	40.6	45.0
2009-06-30	46270.0	2428.0	25.0	43129.0	45607.0	177.0	102.0	28.7	34.0	37.5	40.9
2009-07-07	39509.0	1007.0	0.0	37553.0	38714.0	263.0	109.0	26.1	29.8	33.2	36.4
2009-07-14	38146.0	765.0	89.0	36939.0	37748.0	256.0	123.0	25.3	31.2	31.6	37.6
2009-07-21	40596.0	765.0	114.0	39407.0	40181.0	256.0	133.0	24.9	30.4	31.8	36.7
2009-07-28	42339.0	765.0	349.0	41150.0	41699.0	256.0	123.0	23.3	29.2	30.7	36.1
2009-08-04	36587.0	956.0	225.0	35284.0	36136.0	190.0	69.0	27.2	26.3	35.0	34.4
2009-08-11	37608.0	956.0	225.0	36323.0	37157.0	172.0	69.0	23.4	25.9	32.4	32.3
2009-08-18	40918.0	945.0	375.0	39864.0	40542.0	109.0	1.0	22.9	23.2	30.5	30.3
2009-08-25	44472.0	945.0	490.0	43178.0	43783.0	349.0	199.0	17.6	20.6	25.1	27.1
2009-09-01	44924.0	1125.0	473.0	43506.0	44288.0	293.0	163.0	15.3	18.4	23.6	25.0
2009-09-08	40453.0	1794.0	417.0	38367.0	39853.0	292.0	183.0	14.9	15.7	21.7	21.5
2009-09-15	43165.0	1794.0	362.0	41111.0	42703.0	260.0	100.0	16.9	18.1	23.4	23.7
2009-09-22	44821.0	1938.0	362.0	42617.0	44359.0	266.0	100.0	16.8	17.6	23.1	24.6
2009-09-29	51309.0	1788.0	692.0	49350.0	50617.0	171.0	0.0	15.4	12.9	19.9	18.7
2009-10-06	44149.0	1497.0	630.0	42441.0	43436.0	211.0	83.0	12.3	14.0	19.1	20.1
2009-10-13	46057.0	1353.0	680.0	44522.0	45317.0	182.0	60.0	14.3	13.8	21.3	21.2
2009-10-20	47157.0	1353.0	630.0	45676.0	46509.0	128.0	18.0	16.8	13.6	24.4	21.7
2009-10-27	48144.0	1353.0	630.0	46539.0	47434.0	252.0	80.0	18.1	13.3	25.0	23.0
2009-11-03	42539.0	1353.0	630.0	41114.0	41897.0	72.0	12.0	22.4	18.5	31.0	28.4
2009-11-09	43345.0	1353.0	630.0	41959.0	42662.0	33.0	53.0	22.7	17.1	30.9	26.4
2009-11-17	44827.0	1737.0	630.0	43006.0	44179.0	84.0	18.0	23.0	17.4	31.2	26.5
2009-11-24	46635.0	1959.0	630.0	44595.0	45993.0	81.0	12.0	25.8	18.9	36.1	29.7
2009-12-01	47151.0	1959.0	660.0	44808.0	46174.0	384.0	317.0	25.5	19.1	36.0	31.1
2009-12-08	39079.0	1743.0	660.0	37008.0	38122.0	328.0	297.0	33.1	22.2	39.3	33.1
2009-12-15	41189.0	1803.0	660.0	38738.0	39935.0	648.0	594.0	30.3	21.6	39.4	33.0
2009-12-22	43043.0	1803.0	660.0	40980.0	42156.0	260.0	227.0	29.8	22.1	39.3	33.8
2009-12-29	44745.0	1803.0	675.0	42607.0	43843.0	335.0	227.0	29.2	22.0	39.3	33.8
2010-01-05	35401.0	1803.0	675.0	33468.0	34701.0	130.0	25.0	30.7	28.4	45.0	39.7
2010-01-12	36734.0	1950.0	735.0	34666.0	35874.0	118.0	125.0	34.2	27.4	45.8	38.6
2010-01-19	37395.0	1950.0	810.0	35412.0	36545.0	33.0	40.0	34.8	27.4	47.6	40.4
2010-01-26	38538.0	1980.0	880.0	36525.0	37618.0	33.0	40.0	33.3	25.4	47.5	38.3
2010-02-02	32374.0	1733.0	910.0	30373.0	31306.0	268.0	158.0	29.3	22.4	44.9	34.4
2010-02-09	33733.0	1799.0	910.0	31780.0	32803.0	154.0	20.0	27.0	21.6	39.7	33.9
2010-02-16	35651.0	1799.0	910.0	33747.0	34696.0	105.0	45.0	26.4	19.9	37.4	33.3
2010-02-23	35677.0	1799.0	600.0	33808.0	35057.0	70.0	20.0	28.1	22.2	37.9	35.3
2010-03-02	34835.0	1706.0	690.0	32809.0	34015.0	320.0	130.0	28.2	25.0	39.7	38.1
2010-03-09	37622.0	1706.0	660.0	35221.0	36457.0	695.0	505.0	27.6	27.1	40.2	40.2
2010-03-16	40318.0	1706.0	725.0	38062.0	39218.0	550.0	375.0	27.2	26.8	39.1	39.5
2010-03-23	42735.0	1706.0	725.0	40649.0	41780.0	380.0	230.0	27.6	28.8	41.3	40.8
2010-03-30	44278.0	1706.0	725.0	42192.0	43323.0	380.0	230.0	28.5	28.9	43.7	41.1
2010-04-06	35110.0	1619.0	755.0	33216.0	34245.0	275.0	110.0	32.3	23.8	46.3	35.8
2010-04-13	36663.0	1619.0	825.0	34769.0	35728.0	275.0	110.0	33.4	23.6	48.2	37.3
2010-04-20	37735.0	1619.0	885.0	35841.0	36729.0	275.0	121.0	35.8	25.2	49.4	37.3
2010-04-27	37636.0	1619.0	905.0	35750.0	36610.0	267.0	121.0	34.6	23.8	49.5	36.8
2010-05-04	30936.0	1443.0	875.0	29253.0	29990.0	240.0	71.0	39.2	27.1	51.7	39.2
2010-05-11	33153.0	1488.0	992.0	31419.0	32091.0	246.0	70.0	35.9	23.6	49.5	35.6
2010-05-18	35941.0	1488.0	1032.0	34207.0	34839.0	246.0	70.0	33.2	24.3	45.5	34.4
2010-05-25	36278.0	1623.0	902.0	34346.0	35255.0	258.0	70.0	37.7	23.9	49.4	34.3
2010-06-01	37064.0	1623.0	886.0	35133.0	36058.0	258.0	70.0	38.9	23.8	50.8	35.7
2010-06-08	32383.0	1490.0	1249.0	30665.0	31074.0	228.0	60.0	37.5	26.1	52.1	38.6
2010-06-15	34029.0	1490.0	1249.0	32311.0	32720.0	228.0	60.0	36.1	26.4	50.2	37.9
2010-06-22	35211.0	1490.0	624.0	33143.0	34200.0	278.0	87.0	34.5	25.7	48.2	37.2
2010-06-29	36513.0	1490.0	669.0	34470.0	35484.0	253.0	60.0	34.5	23.8	47.1	34.6
2010-07-06	31957.0	1356.0	1331.0	29991.0	30281.0	310.0	45.0	36.2	24.1	46.2	37.6
2010-07-13	32283.0	1356.0	1395.0	30554.0	30588.0	73.0	0.0	36.4	23.5	47.4	36.9
2010-07-20	32913.0	1356.0	1470.0	31184.0	31143.0	73.0	0.0	36.2	24.5	46.3	36.4
2010-07-27	35343.0	1356.0	1420.0	33543.0	33538.0	69.0	10.0	37.2	24.9	46.5	36.0
2010-08-03	31214.0	1273.0	1353.0	29504.0	29476.0	62.0	10.0	38.2	25.3	48.8	38.1
2010-08-10	33012.0	1273.0	1428.0	31302.0	31199.0	62.0	10.0	38.1	27.2	49.3	39.0
2010-08-17	33888.0	1273.0	2545.0	32028.0	30808.0	62.0	10.0	35.6	27.7	47.5	38.1
2010-08-24	36008.0	1273.0	4249.0	34171.0	31257.0	96.0	34.0	34.7	30.1	47.6	40.3
2010-08-31	38051.0	1273.0	4904.0	36489.0	32884.0	46.0	20.0	34.6	29.5	46.1	39.8
2010-09-07	33839.0	1190.0	4957.0	32317.0	28629.0	89.0	10.0	34.4	34.9	46.7	45.1
2010-09-14	36550.0	1190.0	5536.0	35028.0	30761.0	89.0	10.0	34.8	31.9	47.0	42.4
2010-09-21	39218.0	1190.0	5894.0	37696.0	33071.0	89.0	10.0	33.0	28.3	43.9	38.6
2010-09-28	43734.0	1190.0	6631.0	42444.0	37061.0	82.0	24.0	28.8	27.6	39.2	35.7
2010-10-05	39600.0	1107.0	4428.0	38432.0	35070.0	43.0	84.0	25.7	24.7	34.8	33.5
2010-10-12	40423.0	1107.0	4453.0	39205.0	35913.0	93.0	39.0	25.0	23.1	33.4	32.7
2010-10-19	41964.0	1107.0	4179.0	40691.0	37725.0	148.0	42.0	25.1	22.2	33.4	32.0
2010-10-26	43055.0	1392.0	4403.0	41482.0	38227.0	98.0	342.0	25.8	20.9	33.9	31.4
2010-11-02	35217.0	1724.0	1879.0	33261.0	33138.0	69.0	37.0	27.1	15.6	36.2	26.0
2010-11-09	37406.0	985.0	1840.0	36226.0	35267.0	81.0	185.0	28.7	15.5	37.6	25.6
2010-11-16	40302.0	985.0	2073.0	39154.0	37912.0	49.0	203.0	26.2	13.9	35.0	24.4
2010-11-23	42602.0	985.0	2834.0	41494.0	39491.0	59.0	213.0	25.9	15.0	35.0	24.5
2010-11-30	47166.0	985.0	3180.0	46058.0	43719.0	59.0	203.0	22.8	15.7	31.4	24.7
2010-12-07	40687.0	819.0	2079.0	39740.0	38361.0	64.0	183.0	21.1	16.8	29.8	27.1
2010-12-14	42432.0	819.0	2180.0	41490.0	40010.0	59.0	178.0	21.5	15.4	32.0	26.1
2010-12-21	46091.0	819.0	2380.0	45005.0	43469.0	203.0	178.0	20.7	14.7	31.4	24.8
2010-12-28	47849.0	1119.0	2380.0	46607.0	45227.0	59.0	178.0	20.1	14.2	30.6	24.8
2011-01-04	37309.0	934.0	600.0	36226.0	36153.0	92.0	499.0	26.5	22.2	38.8	33.2
2011-01-11	40219.0	934.0	2035.0	39033.0	37785.0	177.0	324.0	26.7	19.8	38.0	30.9
2011-01-18	41261.0	934.0	2956.0	40142.0	37893.0	110.0	337.0	27.8	19.7	39.5	31.6
2011-01-25	46220.0	634.0	5343.0	45341.0	40405.0	92.0	319.0	26.5	22.2	37.7	33.6
2011-02-01	50256.0	634.0	5512.0	49324.0	44299.0	52.0	199.0	25.3	20.4	35.7	29.6
2011-02-08	44151.0	577.0	5336.0	43254.0	38374.0	71.0	192.0	24.8	24.7	37.5	33.0
2011-02-15	46574.0	577.0	5538.0	45520.0	40468.0	161.0	252.0	25.1	24.7	37.5	33.8
2011-02-22	48697.0	577.0	5997.0	47803.0	42292.0	103.0	194.0	23.2	24.8	35.2	33.5
2011-03-01	50375.0	577.0	6388.0	49606.0	43710.0	107.0	192.0	23.3	27.4	36.8	36.6
2011-03-08	40694.0	532.0	1813.0	39873.0	38483.0	67.0	176.0	22.7	23.9	34.2	33.1
2011-03-15	40862.0	532.0	1828.0	39951.0	38581.0	97.0	171.0	24.9	24.3	36.8	33.3
2011-03-22	44380.0	532.0	1723.0	43421.0	42151.0	97.0	176.0	22.6	22.4	33.5	31.8
2011-03-29	46937.0	532.0	1728.0	45978.0	44708.0	97.0	171.0	19.3	22.1	30.2	32.2
2011-04-05	38351.0	719.0	389.0	37333.0	37291.0	83.0	455.0	15.2	21.6	26.8	28.7
2011-04-12	38141.0	719.0	414.0	37080.0	37061.0	126.0	450.0	16.3	23.0	28.0	31.2
2011-04-19	42761.0	769.0	449.0	41650.0	41646.0	126.0	450.0	14.4	20.8	24.9	28.8
2011-04-26	44340.0	919.0	429.0	43079.0	43245.0	126.0	450.0	15.6	21.4	25.7	30.0
2011-05-03	32852.0	831.0	253.0	31552.0	31743.0	203.0	590.0	22.6	29.7	34.6	38.6
2011-05-10	34821.0	856.0	373.0	33467.0	33557.0	197.0	590.0	22.3	26.3	33.8	37.4
2011-05-17	36900.0	996.0	433.0	35503.0	35648.0	140.0	558.0	21.6	26.5	32.7	37.3
2011-05-24	38390.0	1378.0	521.0	36767.0	37206.0	143.0	561.0	20.3	25.5	31.3	36.6
2011-05-31	42813.0	1618.0	564.0	40998.0	41634.0	140.0	558.0	17.7	23.2	28.2	33.3
2011-06-07	35234.0	1058.0	597.0	33991.0	34084.0	128.0	496.0	18.8	21.6	28.0	31.5
2011-06-14	35192.0	1438.0	632.0	33646.0	34069.0	108.0	491.0	17.2	20.9	28.2	31.2
2011-06-21	35632.0	1633.0	720.0	33891.0	34421.0	108.0	491.0	15.8	16.9	27.3	27.9
2011-06-28	36519.0	2165.0	807.0	34201.0	35176.0	153.0	536.0	17.5	15.8	27.3	26.3
2011-07-05	30149.0	1732.0	494.0	28305.0	29202.0	112.0	453.0	22.5	16.2	33.8	26.6
2011-07-12	35148.0	2217.0	538.0	32823.0	34161.0	108.0	449.0	20.6	13.7	30.7	23.7
2011-07-19	37050.0	2499.0	673.0	34383.0	35842.0	108.0	475.0	20.7	16.3	30.8	25.2
2011-07-26	42286.0	2769.0	747.0	39349.0	41055.0	108.0	424.0	19.4	18.5	28.7	27.2
2011-08-02	35671.0	2062.0	483.0	33482.0	34697.0	67.0	431.0	19.9	21.3	30.3	29.6
2011-08-09	39122.0	2316.0	626.0	35307.0	36707.0	122.0	412.0	18.6	18.6	30.4	27.2
2011-08-16	41089.0	2389.0	814.0	38576.0	39851.0	122.0	422.0	20.1	19.0	32.6	28.3
2011-08-23	41947.0	2469.0	884.0	39390.0	40619.0	86.0	442.0	20.7	19.9	33.1	29.6
2011-08-30	48313.0	2571.0	874.0	45690.0	47015.0	50.0	422.0	19.3	19.0	29.8	28.3
2011-09-06	38682.0	1501.0	599.0	37150.0	37701.0	29.0	380.0	17.0	15.1	27.3	24.6
2011-09-13	41122.0	1766.0	75.0	39149.0	40492.0	32.0	380.0	17.7	15.2	28.0	24.5
2011-09-20	44097.0	1822.0	75.0	42087.0	43476.0	32.0	390.0	16.9	14.9	26.5	24.3
2011-09-27	47532.0	1966.0	75.0	45328.0	46912.0	80.0	387.0	14.2	12.7	22.2	21.7
2011-10-04	38740.0	959.0	0.0	37386.0	38101.0	91.0	335.0	22.4	16.5	30.2	25.6
2011-10-11	41186.0	817.0	0.0	39830.0	40403.0	110.0	354.0	23.7	16.4	31.5	26.4
2011-10-18	43078.0	818.0	0.0	41680.0	42254.0	109.0	353.0	23.1	18.3	30.9	28.5
2011-10-25	49172.0	786.0	0.0	47785.0	48327.0	98.0	342.0	20.7	17.4	27.5	26.5
2011-11-01	53583.0	1026.0	60.0	51872.0	52507.0	102.0	433.0	20.0	17.2	26.6	26.3
2011-11-08	47803.0	333.0	25.0	46853.0	46959.0	92.0	294.0	14.2	10.6	21.5	17.2
2011-11-15	49327.0	458.0	0.0	48333.0	48584.0	92.0	299.0	15.0	11.8	22.4	18.9
2011-11-22	48785.0	533.0	0.0	47820.0	48146.0	92.0	299.0	16.0	12.2	22.7	19.4
2011-11-29	48193.0	405.0	0.0	47424.0	47597.0	114.0	346.0	16.8	13.0	23.6	20.4
2011-12-06	39592.0	394.0	0.0	39076.0	39293.0	110.0	287.0	16.2	12.1	23.8	20.5
2011-12-13	41641.0	394.0	0.0	41176.0	41354.0	71.0	287.0	17.4	14.2	25.3	23.2
2011-12-20	45990.0	394.0	0.0	45383.0	45648.0	213.0	342.0	17.1	13.6	24.6	22.3
2011-12-27	46754.0	394.0	0.0	46198.0	46445.0	162.0	309.0	16.7	15.4	24.9	24.2
2012-01-03	48831.0	394.0	0.0	47802.0	48049.0	235.0	382.0	16.2	14.0	24.5	22.0
2012-01-10	45014.0	219.0	0.0	43949.0	44257.0	401.0	312.0	14.9	14.1	23.5	21.2
2012-01-17	46162.0	356.0	0.0	44896.0	45341.0	415.0	326.0	14.7	13.2	22.2	20.2
2012-01-24	48868.0	365.0	0.0	47474.0	48008.0	477.0	308.0	14.4	13.1	22.2	19.9
2012-01-31	52455.0	486.0	0.0	51149.0	51857.0	473.0	251.0	13.4	13.8	22.1	20.2
2012-02-07	46349.0	269.0	0.0	45324.0	45734.0	404.0	263.0	14.6	14.4	21.8	20.8
2012-02-14	47370.0	126.0	0.0	46239.0	46543.0	380.0	202.0	14.7	13.5	22.4	19.9
2012-02-21	47376.0	56.0	45.0	46125.0	46354.0	480.0	262.0	15.8	14.5	24.5	21.5
2012-02-28	49145.0	526.0	0.0	47452.0	48191.0	427.0	214.0	17.2	16.3	26.1	23.8
2012-03-06	39089.0	314.0	0.0	37779.0	38294.0	398.0	197.0	20.9	18.2	29.4	26.1
2012-03-13	42255.0	288.0	0.0	41079.0	41548.0	378.0	197.0	20.1	16.6	28.0	25.0
2012-03-20	42244.0	533.0	0.0	40768.0	41494.0	378.0	185.0	22.3	17.1	30.4	26.1
2012-03-27	47260.0	796.0	0.0	45621.0	46505.0	283.0	195.0	21.1	17.2	30.7	26.4
2012-04-03	41049.0	1374.0	0.0	39289.0	40770.0	283.0	176.0	21.1	20.4	32.4	28.4
2012-04-10	42436.0	1403.0	0.0	40590.0	42130.0	305.0	168.0	21.7	20.8	33.2	30.0
2012-04-17	43910.0	918.0	0.0	42188.0	43220.0	308.0	194.0	23.2	21.3	33.5	31.0
2012-04-24	44930.0	1215.0	0.0	43007.0	44321.0	293.0	194.0	24.1	22.6	35.3	32.7
2012-05-01	46483.0	1529.0	200.0	43906.0	45442.0	383.0	176.0	24.7	24.9	37.0	33.9
2012-05-08	40585.0	1637.0	250.0	37289.0	39026.0	519.0	169.0	31.8	28.5	44.3	41.6
2012-05-15	41653.0	2128.0	250.0	38035.0	40274.0	530.0	169.0	31.5	28.8	44.1	40.0
2012-05-22	42208.0	2178.0	250.0	38278.0	40594.0	792.0	404.0	31.4	28.5	43.4	39.8
2012-05-29	44895.0	2183.0	250.0	40918.0	43256.0	834.0	429.0	32.3	29.1	44.1	39.4
2012-06-05	37133.0	1368.0	50.0	34138.0	35881.0	537.0	112.0	25.8	22.9	38.4	34.8
2012-06-12	39027.0	1495.0	150.0	36024.0	37805.0	538.0	102.0	26.5	23.4	39.1	35.0
2012-06-19	42427.0	1805.0	100.0	39073.0	41235.0	579.0	122.0	27.9	24.1	40.4	36.6
2012-06-26	45827.0	1722.0	245.0	42506.0	44500.0	579.0	62.0	28.4	24.8	39.8	35.9
2012-07-03	37857.0	672.0	243.0	35600.0	36516.0	665.0	178.0	24.1	17.5	32.4	26.5
2012-07-10	40191.0	822.0	293.0	37775.0	38850.0	674.0	128.0	23.9	18.7	32.8	27.0
2012-07-17	39271.0	571.0	150.0	37049.0	38041.0	666.0	95.0	24.1	19.2	33.5	28.2
2012-07-24	40513.0	664.0	200.0	38143.0	39150.0	646.0	103.0	23.5	19.6	32.5	29.0
2012-07-31	42192.0	581.0	480.0	40004.0	40670.0	600.0	35.0	23.7	21.3	32.8	31.0
2012-08-07	34102.0	482.0	405.0	31977.0	32537.0	586.0	103.0	20.7	19.1	31.6	29.3
2012-08-14	37040.0	559.0	586.0	34864.0	35251.0	567.0	153.0	20.8	20.0	32.4	30.8
2012-08-21	41677.0	621.0	589.0	39456.0	40000.0	550.0	38.0	21.0	18.5	31.6	29.6
2012-08-28	44721.0	1189.0	570.0	42400.0	43541.0	550.0	28.0	21.7	18.7	32.1	29.9
2012-09-04	46477.0	1297.0	546.0	44105.0	45163.0	479.0	172.0	21.1	18.3	31.6	29.5
2012-09-11	41434.0	830.0	291.0	39479.0	40381.0	414.0	51.0	20.2	15.7	30.6	25.5
2012-09-18	43591.0	900.0	792.0	40696.0	41182.0	429.0	51.0	20.4	16.4	30.9	26.3
2012-09-25	47137.0	699.0	745.0	44456.0	44759.0	452.0	103.0	19.3	17.6	29.8	27.6
2012-10-02	40021.0	0.0	1435.0	38646.0	37548.0	387.0	50.0	22.1	15.4	31.4	24.2
2012-10-09	43294.0	0.0	1532.0	41919.0	40714.0	387.0	60.0	21.9	15.0	31.1	23.5
2012-10-16	44627.0	0.0	1122.0	42881.0	42113.0	393.0	39.0	21.3	15.2	30.7	24.2
2012-10-23	44582.0	0.0	903.0	42766.0	42164.0	336.0	35.0	22.2	16.7	32.8	27.2
2012-10-30	47453.0	0.0	643.0	45488.0	45140.0	330.0	35.0	21.8	18.5	32.4	27.8
2012-11-06	43055.0	312.0	561.0	40976.0	40993.0	294.0	28.0	25.2	20.0	33.6	31.1
2012-11-13	44386.0	402.0	506.0	42257.0	42419.0	294.0	28.0	26.9	21.7	35.9	33.1
2012-11-20	46848.0	744.0	766.0	44379.0	44623.0	294.0	28.0	26.6	23.0	36.0	33.6
2012-11-27	48306.0	706.0	631.0	45759.0	46100.0	294.0	28.0	27.5	24.2	36.8	35.3
2012-12-04	38193.0	780.0	850.0	35583.0	35795.0	282.0	0.0	24.8	19.0	34.3	30.2
2012-12-11	43598.0	710.0	1134.0	40883.0	40712.0	268.0	15.0	23.5	15.0	31.1	24.2
2012-12-18	45913.0	548.0	977.0	43094.0	42921.0	268.0	12.0	22.9	14.0	29.9	22.4
2012-12-24	46872.0	665.0	977.0	43792.0	43789.0	309.0	0.0	22.4	13.7	29.2	22.0
2012-12-31	47503.0	665.0	921.0	44420.0	44476.0	312.0	0.0	22.2	14.5	29.0	22.0
2013-01-08	40771.0	1880.0	888.0	37627.0	38903.0	294.0	10.0	27.6	14.2	34.7	24.7
2013-01-15	40248.0	2106.0	768.0	36878.0	38500.0	294.0	10.0	30.1	17.1	37.4	27.1
2013-01-22	40768.0	2189.0	768.0	37435.0	39129.0	294.0	21.0	31.3	17.4	38.7	27.8
2013-01-29	44844.0	2103.0	822.0	41597.0	43151.0	294.0	21.0	28.3	16.9	37.0	26.2
2013-02-05	37950.0	2683.0	517.0	34658.0	37087.0	303.0	40.0	44.1	21.2	52.2	32.7
2013-02-12	38578.0	3149.0	517.0	34844.0	37744.0	279.0	11.0	46.4	22.5	56.1	35.3
2013-02-19	40776.0	3079.0	420.0	37112.0	40030.0	279.0	20.0	44.6	22.2	55.1	35.0
2013-02-26	44317.0	2828.0	2169.0	39288.0	40226.0	326.0	47.0	40.4	22.0	50.7	31.9
2013-03-05	36403.0	2269.0	1911.0	31830.0	32487.0	299.0	0.0	42.4	22.6	52.1	34.3
2013-03-12	38387.0	2004.0	2376.0	33891.0	33818.0	299.0	0.0	45.6	22.9	55.9	35.0
2013-03-19	40988.0	2055.0	2137.0	36202.0	36389.0	299.0	30.0	44.5	22.9	54.6	34.4
2013-03-26	45462.0	2529.0	1905.0	40123.0	41031.0	314.0	30.0	43.0	24.1	53.3	36.6
2013-04-02	39845.0	2675.0	1845.0	34595.0	35685.0	290.0	30.0	44.5	23.0	51.2	36.4
2013-04-09	42719.0	2847.0	1881.0	36928.0	38139.0	280.0	35.0	46.1	24.1	52.3	35.3
2013-04-16	43164.0	2756.0	1869.0	37229.0	38361.0	280.0	35.0	45.8	24.5	52.6	35.3
2013-04-23	46431.0	3167.0	2291.0	39664.0	40847.0	556.0	249.0	43.7	23.3	50.7	34.7
2013-04-30	48674.0	3867.0	2368.0	40941.0	42772.0	588.0	256.0	42.4	21.9	49.5	35.0
2013-05-07	38714.0	3312.0	3766.0	32589.0	32634.0	532.0	33.0	40.3	26.1	48.6	36.7
2013-05-14	41165.0	3749.0	3536.0	34386.0	35096.0	554.0	57.0	39.6	25.8	47.0	35.9
2013-05-21	42759.0	4427.0	3689.0	35322.0	36539.0	522.0	43.0	40.8	26.3	48.1	36.9
2013-05-28	44860.0	4377.0	3824.0	37413.0	38445.0	522.0	43.0	37.9	25.9	45.2	35.9
2013-06-04	34410.0	4224.0	1813.0	28148.0	30990.0	499.0	68.0	43.2	29.2	51.5	38.5
2013-06-11	35180.0	4477.0	657.0	30145.0	34415.0	501.0	51.0	41.8	30.1	50.5	39.4
2013-06-18	38476.0	4641.0	833.0	33375.0	37524.0	433.0	92.0	40.9	27.3	49.4	36.4
2013-06-25	40058.0	4972.0	916.0	34508.0	39028.0	536.0	72.0	42.2	27.8	51.0	37.5
2013-07-02	32276.0	2776.0	975.0	29208.0	31101.0	191.0	99.0	37.5	25.4	46.5	35.2
2013-07-09	31996.0	3492.0	994.0	28249.0	30809.0	191.0	129.0	41.0	25.4	50.3	37.6
2013-07-16	34360.0	3929.0	991.0	30176.0	33176.0	191.0	129.0	40.9	26.6	50.6	37.3
2013-07-23	35704.0	4258.0	1046.0	31128.0	34407.0	196.0	129.0	41.7	26.8	51.2	38.0
2013-07-30	38162.0	5233.0	1086.0	32707.0	36916.0	191.0	129.0	43.3	25.9	52.7	38.1
2013-08-06	29980.0	3942.0	981.0	25862.0	28872.0	176.0	127.0	42.0	26.0	50.9	37.0
2013-08-13	30859.0	4137.0	1038.0	26443.0	29560.0	179.0	161.0	42.1	26.5	51.6	37.7
2013-08-20	34848.0	4545.0	1241.0	30022.0	33370.0	181.0	137.0	39.1	23.5	48.0	34.5
2013-08-27	37442.0	4595.0	1069.0	32571.0	36121.0	176.0	152.0	37.2	22.0	47.5	33.6
2013-09-03	39970.0	4974.0	1098.0	34544.0	38454.0	192.0	158.0	36.9	21.5	47.2	32.9
2013-09-10	34551.0	3252.0	1063.0	30904.0	33119.0	165.0	139.0	35.8	20.7	45.2	29.9
2013-09-17	35828.0	3242.0	914.0	32061.0	34426.0	177.0	140.0	35.5	21.1	43.6	31.1
2013-09-24	39616.0	3478.0	1004.0	35495.0	38006.0	177.0	140.0	33.9	18.9	41.1	29.3
2013-10-01	41669.0	3779.0	1001.0	37240.0	40085.0	184.0	117.0	33.8	19.5	40.6	29.2
2013-10-08	34896.0	3431.0	704.0	30844.0	33620.0	140.0	91.0	29.9	20.8	38.4	31.4
2013-10-15	37350.0	3936.0	634.0	32808.0	36138.0	125.0	97.0	31.5	21.6	39.8	32.6
2013-10-22	42440.0	4510.0	612.0	37399.0	41357.0	125.0	65.0	30.5	20.4	37.9	30.8
2013-10-29	44728.0	4826.0	645.0	39291.0	43520.0	125.0	77.0	30.0	21.7	37.0	31.7
2013-11-05	40793.0	5620.0	576.0	34663.0	39747.0	80.0	40.0	33.5	13.4	39.8	22.9
2013-11-12	44041.0	5949.0	807.0	37474.0	42687.0	110.0	39.0	31.4	14.6	38.1	25.0
2013-11-19	45696.0	6408.0	953.0	38549.0	44040.0	90.0	54.0	32.7	15.6	39.2	26.2
2013-11-26	47923.0	6728.0	1258.0	40211.0	45728.0	114.0	67.0	32.2	16.4	39.4	26.7
2013-12-03	40106.0	6094.0	1132.0	32804.0	38055.0	333.0	44.0	33.0	17.9	38.8	27.8
2013-12-10	40169.0	6161.0	1105.0	32640.0	37985.0	333.0	44.0	33.4	17.6	39.7	28.4
2013-12-17	41949.0	6430.0	959.0	34116.0	39878.0	335.0	44.0	33.2	17.2	40.7	28.2
2013-12-24	43568.0	6522.0	987.0	35576.0	41402.0	335.0	44.0	33.7	17.3	41.2	28.7
2014-01-07	37108.0	7077.0	529.0	28975.0	35828.0	310.0	5.0	39.1	23.7	48.8	36.7
2014-01-14	37969.0	7235.0	573.0	29681.0	36650.0	307.0	0.0	40.1	24.1	50.0	37.7
2014-01-21	37343.0	7342.0	562.0	29238.0	36325.0	307.0	0.0	41.4	25.4	51.9	40.0
2014-01-28	40887.0	7918.0	544.0	32139.0	39820.0	319.0	12.0	41.1	24.6	51.2	38.4
2014-02-04	35447.0	7244.0	573.0	27620.0	34563.0	272.0	0.0	41.0	21.1	50.7	33.4
2014-02-11	36199.0	7266.0	938.0	28371.0	34969.0	272.0	2.0	40.9	19.8	49.8	33.0
2014-02-18	36094.0	7416.0	1213.0	28100.0	34558.0	272.0	17.0	42.6	20.0	50.0	33.4
2014-02-25	36218.0	8126.0	1260.0	27456.0	34575.0	270.0	17.0	44.5	21.8	51.8	34.5
2014-03-04	29856.0	7002.0	1215.0	22415.0	28429.0	243.0	16.0	42.9	20.6	50.5	34.5
2014-03-11	31646.0	7633.0	1178.0	23574.0	30237.0	243.0	35.0	42.3	19.0	49.1	32.2
2014-03-18	33159.0	7731.0	1079.0	24939.0	31799.0	243.0	35.0	42.5	21.1	50.6	33.7
2014-03-25	33062.0	8009.0	1135.0	24614.0	31696.0	243.0	35.0	43.9	23.2	52.7	37.1
2014-04-01	36944.0	8074.0	1210.0	28367.0	35426.0	243.0	48.0	39.9	22.6	48.1	34.7
2014-04-08	29657.0	6002.0	990.0	23465.0	28487.0	20.0	10.0	38.1	14.8	44.7	26.2
2014-04-15	30829.0	6061.0	888.0	24578.0	29761.0	20.0	10.0	37.0	14.3	43.8	26.0
2014-04-22	32050.0	5952.0	1002.0	25908.0	30868.0	20.0	10.0	35.1	13.2	42.1	23.9
2014-04-29	34403.0	5872.0	1499.0	28341.0	32724.0	20.0	10.0	31.2	13.3	39.5	24.3
2014-05-06	26281.0	3711.0	1004.0	22386.0	25097.0	14.0	10.0	41.9	19.5	49.2	30.7
2014-05-13	27069.0	3797.0	889.0	23088.0	25996.0	14.0	14.0	41.7	20.5	49.8	31.8
2014-05-20	28381.0	3827.0	1154.0	24357.0	27017.0	27.0	40.0	41.0	19.8	48.9	31.1
2014-05-27	30672.0	3721.0	1177.0	26767.0	29311.0	14.0	14.0	35.5	19.6	45.8	30.8
2014-06-03	26358.0	2356.0	1010.0	23703.0	25117.0	79.0	11.0	38.5	20.8	46.7	32.5
2014-06-10	27177.0	2130.0	1000.0	24828.0	25990.0	62.0	30.0	37.7	20.8	45.7	32.6
2014-06-17	30730.0	972.0	1327.0	28798.0	28378.0	35.0	100.0	39.6	20.1	46.2	31.6
2014-06-24	32623.0	1077.0	1299.0	30594.0	30302.0	10.0	80.0	40.1	20.7	46.4	31.7
2014-07-01	36618.0	481.0	1264.0	35155.0	34270.0	0.0	102.0	37.8	20.3	43.9	30.1
2014-07-08	32667.0	410.0	1405.0	31292.0	30235.0	18.0	80.0	41.5	20.0	47.2	30.0
2014-07-15	31401.0	747.0	1360.0	29825.0	29400.0	316.0	128.0	42.9	23.3	50.1	31.9
2014-07-22	34012.0	772.0	1395.0	32291.0	31876.0	316.0	108.0	39.6	22.8	46.4	30.1
2014-07-29	34608.0	766.0	1266.0	32893.0	32601.0	316.0	108.0	39.8	23.5	47.0	31.0
2014-08-05	26965.0	708.0	792.0	25333.0	25454.0	313.0	108.0	41.8	18.8	47.8	29.2
2014-08-12	27879.0	678.0	772.0	26267.0	26384.0	313.0	102.0	41.2	18.4	47.3	28.5
2014-08-19	29597.0	588.0	607.0	28142.0	28316.0	313.0	120.0	40.6	18.6	46.7	29.3
2014-08-26	31921.0	646.0	1059.0	30334.0	30144.0	313.0	90.0	40.6	17.8	46.3	28.6
2014-09-02	34029.0	1020.0	1106.0	31867.0	32024.0	343.0	100.0	38.1	18.4	44.5	28.9
2014-09-09	31320.0	1285.0	1378.0	29088.0	29206.0	346.0	135.0	38.9	16.5	45.3	26.9
2014-09-16	31157.0	1633.0	1405.0	28911.0	29320.0	333.0	152.0	37.9	16.6	44.9	27.7
2014-09-23	33006.0	1263.0	1107.0	31169.0	31514.0	324.0	135.0	34.7	16.0	43.5	27.0
2014-09-30	35557.0	2419.0	871.0	32463.0	34192.0	333.0	152.0	33.6	16.7	40.6	27.1
2014-10-07	30684.0	3587.0	845.0	26648.0	29567.0	314.0	137.0	36.5	19.6	44.5	31.5
2014-10-14	32637.0	4497.0	845.0	27559.0	31472.0	376.0	115.0	37.2	20.6	45.0	32.1
2014-10-21	35890.0	6083.0	821.0	29363.0	34886.0	376.0	115.0	37.1	20.9	44.4	31.2
2014-10-28	38988.0	6480.0	873.0	31963.0	37821.0	356.0	105.0	37.4	22.5	44.1	32.5
2014-11-04	32662.0	4764.0	823.0	27172.0	31313.0	351.0	151.0	42.9	25.9	52.1	38.0
2014-11-11	34562.0	4854.0	1411.0	28951.0	32705.0	351.0	40.0	42.7	27.5	52.5	39.1
2014-11-18	35519.0	4724.0	2027.0	29974.0	33018.0	387.0	40.0	43.1	28.5	55.1	40.9
2014-11-25	37360.0	4933.0	1970.0	31505.0	34853.0	457.0	72.0	42.3	28.8	54.7	41.1
2014-12-02	34056.0	4663.0	1837.0	28313.0	31595.0	515.0	59.0	40.9	28.5	53.8	40.7
2014-12-09	35052.0	5385.0	1916.0	28756.0	32508.0	335.0	52.0	39.8	29.0	53.8	39.1
2014-12-16	37424.0	5986.0	1923.0	30081.0	34625.0	526.0	45.0	38.1	27.9	52.2	39.0
2014-12-23	39520.0	7167.0	2029.0	30769.0	36388.0	526.0	45.0	40.3	28.9	53.9	40.1
2014-12-30	40960.0	7491.0	2381.0	32031.0	37622.0	526.0	45.0	39.7	28.2	52.0	39.3
2015-01-06	35689.0	7212.0	2199.0	26990.0	32431.0	519.0	91.0	48.1	27.9	54.9	38.7
2015-01-13	39257.0	7856.0	2189.0	29686.0	35781.0	519.0	91.0	45.5	27.6	52.5	37.9
2015-01-20	43663.0	8131.0	2267.0	33393.0	39688.0	522.0	91.0	42.2	26.7	48.5	35.6
2015-01-27	48676.0	8520.0	2462.0	36971.0	43460.0	630.0	199.0	38.7	25.7	44.9	33.8
2015-02-03	46341.0	8794.0	2322.0	32591.0	39532.0	526.0	57.0	32.5	16.0	39.3	25.1
2015-02-10	50538.0	8780.0	2220.0	35139.0	42114.0	524.0	109.0	29.3	14.8	35.4	23.0
2015-02-17	51479.0	8763.0	2062.0	35554.0	42670.0	524.0	109.0	27.7	15.7	34.2	23.6
2015-02-24	53520.0	8922.0	2056.0	37390.0	44701.0	512.0	67.0	27.2	16.0	33.5	23.3
2015-03-03	52355.0	9926.0	1790.0	36376.0	44961.0	495.0	46.0	28.6	15.4	35.7	22.6
2015-03-10	54209.0	9657.0	1924.0	37805.0	45987.0	495.0	46.0	27.5	14.4	35.1	21.9
2015-03-17	57294.0	9749.0	2039.0	41030.0	49234.0	537.0	43.0	27.2	14.5	34.7	21.5
2015-03-24	57906.0	10113.0	1994.0	41303.0	49916.0	537.0	43.0	27.1	14.4	34.9	21.5
2015-03-31	60503.0	10482.0	2367.0	43239.0	51848.0	534.0	40.0	26.8	13.4	33.7	20.5
2015-04-07	52563.0	13939.0	2009.0	35320.0	47721.0	517.0	46.0	33.5	20.9	40.2	28.8
2015-04-14	55691.0	13887.0	2076.0	38071.0	50353.0	517.0	46.0	31.5	19.8	38.5	27.0
2015-04-21	59276.0	13879.0	2194.0	41375.0	53546.0	517.0	31.0	29.9	18.5	36.6	26.0
2015-04-28	60222.0	14411.0	3262.0	42256.0	53874.0	517.0	48.0	30.1	19.3	36.7	27.5
2015-05-05	55802.0	15759.0	3672.0	38070.0	50614.0	493.0	36.0	34.4	18.7	42.2	29.4
2015-05-12	58372.0	15987.0	3909.0	40513.0	53048.0	493.0	36.0	34.8	19.4	42.4	30.0
2015-05-19	60357.0	16004.0	3817.0	42197.0	54856.0	493.0	21.0	34.9	20.8	42.9	31.3
2015-05-26	61962.0	16249.0	3872.0	43135.0	55984.0	493.0	21.0	34.8	20.7	42.8	31.6
2015-06-02	58205.0	17461.0	4083.0	38767.0	52575.0	469.0	39.0	37.3	20.8	43.0	30.5
2015-06-09	60176.0	16992.0	4390.0	41167.0	54229.0	484.0	24.0	35.7	20.2	41.2	29.6
2015-06-16	68119.0	17185.0	4359.0	48896.0	62182.0	484.0	24.0	32.4	18.4	37.4	27.2
2015-06-23	71594.0	17201.0	4524.0	52204.0	65341.0	484.0	24.0	30.9	18.3	36.1	27.0
2015-06-30	71261.0	17350.0	4651.0	51440.0	64588.0	469.0	20.0	31.1	19.2	36.8	27.8
2015-07-07	63124.0	18567.0	4468.0	43417.0	57976.0	466.0	6.0	34.1	19.9	38.9	27.8
2015-07-14	64088.0	18778.0	3698.0	43746.0	59286.0	466.0	6.0	33.0	17.4	37.5	24.7
2015-07-21	63858.0	19105.0	3070.0	43485.0	59980.0	466.0	6.0	33.1	16.0	37.4	23.2
2015-07-28	68078.0	19392.0	3100.0	47075.0	63827.0	466.0	6.0	31.6	15.7	35.7	22.2
2015-08-04	62323.0	18258.0	3186.0	42695.0	58161.0	452.0	58.0	32.7	16.3	36.3	23.6
2015-08-11	63522.0	18974.0	3201.0	43179.0	59336.0	442.0	58.0	33.2	17.5	37.1	25.0
2015-08-18	63173.0	19839.0	3351.0	41938.0	58830.0	462.0	58.0	34.7	18.1	38.4	25.5
2015-08-25	62678.0	19786.0	3251.0	41577.0	58502.0	448.0	58.0	35.0	18.3	38.6	25.9
2015-09-01	64001.0	19910.0	3262.0	42547.0	59535.0	448.0	108.0	34.5	17.7	38.7	25.2
2015-09-08	57184.0	20677.0	3452.0	35250.0	52975.0	568.0	68.0	39.8	15.6	44.0	24.0
2015-09-15	58349.0	21142.0	3715.0	35975.0	53892.0	548.0	58.0	39.7	14.6	44.0	23.2
2015-09-22	60461.0	20233.0	3904.0	38177.0	54996.0	548.0	58.0	36.8	14.4	41.5	22.2
2015-09-29	62340.0	20281.0	4244.0	39379.0	55926.0	590.0	80.0	35.8	13.1	40.9	20.9
2015-10-06	59287.0	20658.0	4040.0	35890.0	52785.0	573.0	296.0	38.1	13.7	43.1	21.9
2015-10-13	61249.0	20992.0	4174.0	37376.0	54473.0	583.0	304.0	37.9	14.2	42.9	22.1
2015-10-20	64709.0	21109.0	3769.0	40105.0	57724.0	573.0	294.0	36.2	14.7	40.9	22.2
2015-10-27	64084.0	20901.0	3394.0	39663.0	57457.0	573.0	286.0	36.2	15.6	40.9	23.3
2015-11-03	58410.0	22456.0	3767.0	33778.0	52731.0	520.0	256.0	41.3	20.4	45.5	28.3
2015-11-10	57979.0	22624.0	4168.0	33194.0	51869.0	505.0	286.0	41.8	20.9	46.3	29.4
2015-11-17	59184.0	22349.0	4213.0	34639.0	52994.0	505.0	286.0	40.5	20.2	44.7	29.2
2015-11-24	63854.0	22960.0	4803.0	38418.0	56814.0	505.0	266.0	38.7	20.1	42.8	28.8
2015-12-01	64604.0	23232.0	5057.0	38879.0	57293.0	505.0	266.0	38.7	20.2	42.7	28.9
2015-12-08	59075.0	24453.0	4697.0	33479.0	53453.0	483.0	265.0	44.2	23.4	48.9	31.8
2015-12-15	60677.0	25054.0	4477.0	33333.0	54120.0	475.0	265.0	44.2	22.9	48.7	31.2
2015-12-22	61052.0	24795.0	3987.0	33890.0	54928.0	495.0	265.0	44.0	23.3	48.7	31.7
2015-12-29	59739.0	24780.0	4195.0	32561.0	53389.0	508.0	265.0	45.1	24.7	49.9	33.4
2016-01-05	51012.0	23199.0	4135.0	25422.0	44745.0	738.0	479.0	47.8	27.4	52.2	37.0
2016-01-12	52616.0	22896.0	4137.0	27314.0	46332.0	738.0	479.0	45.4	26.6	49.6	35.7
2016-01-19	54132.0	22593.0	4582.0	29073.0	47343.0	748.0	489.0	45.3	27.3	49.6	36.7
2016-01-26	57081.0	23069.0	5675.0	31680.0	49314.0	748.0	508.0	44.4	27.1	48.7	35.8
2016-02-02	52776.0	24149.0	6094.0	27598.0	45911.0	719.0	461.0	50.9	29.0	55.9	39.1
2016-02-09	53311.0	24262.0	6497.0	28196.0	46137.0	433.0	257.0	50.5	30.4	55.5	40.4
2016-02-16	53956.0	24806.0	6937.0	28188.0	46287.0	462.0	232.0	51.5	32.5	56.6	42.7
2016-02-23	56254.0	25569.0	7453.0	29603.0	48063.0	632.0	288.0	51.9	33.4	56.7	43.2
2016-03-01	58544.0	26812.0	8188.0	30616.0	49711.0	726.0	255.0	52.9	34.2	57.4	43.7
2016-03-08	56111.0	22739.0	8208.0	32513.0	47512.0	672.0	204.0	47.9	31.7	52.2	40.5
2016-03-15	57514.0	22960.0	8591.0	33685.0	48532.0	682.0	204.0	48.1	32.3	52.4	40.5
2016-03-22	59318.0	23699.0	8996.0	34707.0	49868.0	672.0	214.0	48.7	31.7	52.8	40.2
2016-03-29	61279.0	23638.0	9148.0	36649.0	51603.0	668.0	204.0	47.4	30.7	51.1	39.0
2016-04-05	56384.0	19592.0	9305.0	35973.0	46661.0	649.0	248.0	45.7	29.6	49.9	38.4
2016-04-12	57048.0	19725.0	9557.0	36504.0	47117.0	649.0	204.0	47.3	30.5	51.5	39.2
2016-04-19	58072.0	20243.0	9286.0	36764.0	48366.0	859.0	214.0	47.0	30.8	50.8	38.7
2016-04-26	60592.0	20634.0	8690.0	38335.0	50914.0	862.0	227.0	45.4	30.5	49.2	38.3
2016-05-03	56612.0	17791.0	7969.0	37050.0	47498.0	833.0	207.0	42.5	27.2	47.4	35.6
2016-05-10	58602.0	18568.0	7857.0	38146.0	49483.0	833.0	207.0	41.6	27.2	46.4	35.9
2016-05-17	60141.0	17735.0	6653.0	40521.0	52229.0	833.0	207.0	38.7	25.6	43.9	33.2
2016-05-24	60000.0	17478.0	5431.0	40588.0	53251.0	833.0	217.0	38.1	25.1	42.6	32.4
2016-05-31	59872.0	17338.0	5205.0	40385.0	53073.0	833.0	278.0	38.1	25.6	42.7	32.8
2016-06-07	49386.0	12526.0	4769.0	34650.0	43090.0	1082.0	399.0	36.6	23.5	41.0	33.0
2016-06-14	50552.0	12899.0	4853.0	35393.0	44112.0	1082.0	409.0	37.2	23.7	41.7	33.3
2016-06-21	51197.0	13788.0	5020.0	35159.0	44555.0	1072.0	444.0	37.7	24.8	42.2	33.9
2016-06-28	49876.0	13818.0	5400.0	33745.0	42801.0	1072.0	434.0	38.6	26.1	43.5	35.6
2016-07-05	43930.0	11366.0	5446.0	30447.0	36933.0	1043.0	477.0	42.1	26.3	47.9	36.3
2016-07-12	47959.0	11876.0	5704.0	34066.0	40804.0	1043.0	477.0	40.2	25.1	45.5	35.2
2016-07-19	51287.0	12518.0	6130.0	36687.0	43641.0	1043.0	477.0	38.4	24.0	43.3	33.3
2016-07-26	52864.0	13272.0	5789.0	36946.0	44995.0	1043.0	477.0	36.9	24.1	41.5	33.1
2016-08-02	51045.0	12138.0	5085.0	35935.0	43620.0	1048.0	416.0	36.7	23.8	41.0	32.5
2016-08-09	53010.0	12252.0	5155.0	37648.0	45357.0	1066.0	454.0	36.2	24.2	40.6	32.1
2016-08-16	54580.0	12303.0	5181.0	39341.0	46887.0	738.0	314.0	35.9	23.2	39.9	31.4
2016-08-23	55923.0	12681.0	5270.0	40058.0	47943.0	738.0	264.0	34.8	22.6	39.2	30.3
2016-08-30	57515.0	13064.0	5404.0	41339.0	49473.0	738.0	264.0	34.8	21.8	39.6	30.2
2016-09-06	50110.0	9743.0	5376.0	37655.0	42701.0	714.0	35.0	30.6	17.9	35.4	26.7
2016-09-13	52105.0	9904.0	5602.0	39112.0	44093.0	714.0	35.0	29.5	17.7	34.7	26.7
2016-09-20	53899.0	9738.0	5250.0	40589.0	45756.0	714.0	35.0	28.1	17.1	33.5	25.9
2016-09-27	56381.0	10040.0	5489.0	42893.0	48158.0	714.0	0.0	26.8	16.5	32.5	25.5
2016-10-04	49751.0	7850.0	4469.0	39314.0	43424.0	978.0	249.0	24.0	20.3	31.8	28.8
2016-10-11	51760.0	7920.0	4264.0	41209.0	45657.0	1041.0	249.0	22.5	19.0	30.4	28.3
2016-10-18	52788.0	8329.0	4296.0	41634.0	46424.0	1041.0	284.0	22.1	18.1	30.8	27.1
2016-10-25	54690.0	8910.0	4476.0	43230.0	48410.0	1041.0	295.0	21.3	17.0	31.0	25.8
2016-11-01	58123.0	9877.0	4841.0	45615.0	51397.0	1041.0	295.0	20.6	15.2	28.9	23.7
2016-11-08	51769.0	7301.0	4337.0	41684.0	45444.0	1077.0	281.0	22.4	15.6	32.6	24.3
2016-11-15	53573.0	7123.0	4279.0	43533.0	47257.0	1161.0	281.0	22.8	14.2	32.0	22.0
2016-11-22	55506.0	7000.0	3596.0	45148.0	49432.0	1174.0	294.0	22.7	14.4	31.8	21.9
2016-11-29	56544.0	8279.0	2932.0	45320.0	50895.0	522.0	294.0	22.3	14.0	31.2	22.4
2016-12-06	53373.0	6302.0	2458.0	44230.0	48505.0	510.0	79.0	20.8	15.8	29.8	22.5
2016-12-13	53245.0	6750.0	2626.0	43935.0	48508.0	528.0	79.0	20.9	15.1	30.8	22.7
2016-12-20	52382.0	7099.0	3102.0	42970.0	47431.0	543.0	79.0	22.1	14.9	32.4	22.7
2016-12-27	53733.0	7157.0	3508.0	44115.0	48228.0	543.0	79.0	21.6	15.3	31.6	23.0
2017-01-03	54187.0	7270.0	4274.0	44572.0	48032.0	543.0	79.0	21.6	16.4	31.4	24.9
2017-01-10	46529.0	7245.0	2426.0	36820.0	42318.0	711.0	32.0	29.5	24.4	41.0	35.7
2017-01-17	50902.0	7678.0	2852.0	40726.0	46226.0	711.0	37.0	29.1	24.1	39.9	34.4
2017-01-24	53110.0	8117.0	3387.0	42534.0	47938.0	711.0	37.0	28.1	24.9	39.0	35.6
2017-01-31	56126.0	8302.0	3766.0	45405.0	50585.0	711.0	67.0	28.5	25.5	39.3	35.1
