2006-10-24	18265.0	0.0	0.0	18265.0	18265.0	0.0	0.0	14.2	15.7	17.2	17.2
2006-10-31	20615.0	0.0	0.0	20615.0	20615.0	0.0	0.0	12.6	13.9	15.2	15.2
2007-01-30	22433.0	0.0	0.0	22433.0	22383.0	0.0	50.0	9.1	11.4	13.1	14.1
2007-02-06	23543.0	0.0	0.0	23543.0	23493.0	0.0	50.0	12.9	14.5	16.3	16.8
2007-02-13	23743.0	0.0	0.0	23743.0	23743.0	0.0	0.0	12.8	14.4	16.1	16.6
2007-02-20	23668.0	0.0	0.0	23668.0	23618.0	0.0	50.0	12.8	14.3	16.2	16.5
2007-02-27	26385.0	0.0	0.0	26385.0	26335.0	0.0	50.0	15.7	17.4	18.7	19.4
2007-03-06	23760.0	0.0	0.0	23760.0	23710.0	0.0	50.0	15.1	18.6	19.1	20.5
2007-03-13	23760.0	0.0	0.0	23760.0	23710.0	0.0	50.0	15.1	18.6	19.1	20.5
2007-03-20	23660.0	0.0	0.0	23660.0	23610.0	0.0	50.0	15.2	18.2	19.1	20.2
2007-03-27	23710.0	0.0	0.0	23710.0	23610.0	0.0	100.0	14.7	17.5	18.6	19.5
2007-04-03	21310.0	0.0	0.0	21310.0	21260.0	0.0	50.0	14.4	17.9	18.8	20.2
2007-04-10	21585.0	0.0	0.0	21585.0	21535.0	0.0	50.0	14.2	18.6	18.6	20.5
2007-04-17	22335.0	0.0	0.0	22335.0	22285.0	0.0	50.0	15.8	20.4	20.0	22.3
2007-04-24	21835.0	0.0	0.0	21835.0	21785.0	0.0	50.0	15.7	20.4	20.0	22.3
2007-05-01	17245.0	0.0	0.0	17245.0	17245.0	0.0	0.0	9.8	12.6	13.5	15.9
2007-05-08	17395.0	0.0	0.0	17395.0	17395.0	0.0	0.0	10.0	12.8	14.3	17.2
2007-05-15	17845.0	0.0	0.0	17845.0	17845.0	0.0	0.0	9.8	12.8	14.3	17.1
2007-05-22	18445.0	0.0	0.0	18295.0	18445.0	150.0	0.0	9.5	12.4	13.8	16.3
2007-05-29	18845.0	0.0	50.0	18695.0	18795.0	150.0	0.0	9.3	13.5	14.6	16.7
2007-06-05	14819.0	0.0	150.0	14819.0	14669.0	0.0	0.0	30.3	38.2	38.5	41.9
2007-06-12	15469.0	0.0	250.0	15469.0	15219.0	0.0	0.0	29.3	36.3	36.8	40.2
2007-06-19	15269.0	0.0	250.0	15269.0	14969.0	0.0	50.0	29.6	36.4	36.7	40.0
2007-06-26	15987.0	0.0	300.0	15737.0	15687.0	250.0	0.0	28.6	39.2	36.9	44.5
2007-07-03	8272.0	0.0	350.0	8272.0	7922.0	0.0	0.0	37.5	32.5	47.6	43.4
2007-07-10	8748.0	0.0	250.0	8648.0	8398.0	0.0	0.0	39.4	34.8	48.5	45.0
2007-07-17	9598.0	0.0	250.0	9298.0	9048.0	150.0	150.0	34.4	29.1	44.2	41.6
2007-07-24	10894.0	0.0	325.0	10344.0	10019.0	325.0	325.0	30.8	24.2	38.5	35.5
2007-07-31	11389.0	0.0	250.0	11389.0	11139.0	0.0	0.0	33.4	28.4	42.9	38.8
2007-08-07	9608.0	0.0	350.0	9608.0	9258.0	0.0	0.0	34.2	33.4	45.1	44.3
2007-08-14	9861.0	0.0	350.0	9861.0	9511.0	0.0	0.0	33.3	33.6	44.1	44.4
2007-08-21	10173.0	0.0	350.0	10173.0	9823.0	0.0	0.0	32.3	34.4	44.4	44.7
2007-08-28	10826.0	0.0	350.0	10826.0	10476.0	0.0	0.0	30.3	32.8	41.7	42.5
2007-09-04	9944.0	0.0	100.0	9944.0	9844.0	0.0	0.0	32.0	32.7	41.1	41.3
2007-09-11	11361.0	50.0	0.0	11311.0	11361.0	0.0	0.0	28.5	29.6	39.1	38.4
2007-09-18	11564.0	0.0	0.0	11564.0	11564.0	0.0	0.0	27.6	31.2	38.1	38.3
2007-09-25	12981.0	50.0	0.0	12881.0	12931.0	50.0	50.0	24.6	31.3	35.9	39.4
2007-10-02	11547.0	0.0	0.0	11547.0	11547.0	0.0	0.0	27.2	30.1	36.8	37.5
2007-10-09	11697.0	0.0	0.0	11697.0	11697.0	0.0	0.0	26.9	31.0	36.9	37.9
2007-10-16	12447.0	0.0	0.0	12447.0	12447.0	0.0	0.0	26.9	30.8	36.1	37.6
2007-10-23	15847.0	50.0	600.0	15797.0	15247.0	0.0	0.0	29.9	29.0	40.0	40.3
2007-10-30	16747.0	100.0	600.0	16647.0	16147.0	0.0	0.0	27.4	27.4	36.7	37.5
2007-11-06	15102.0	50.0	600.0	15002.0	14452.0	0.0	0.0	28.4	35.7	40.5	43.7
2007-11-13	15252.0	100.0	600.0	15152.0	14652.0	0.0	0.0	28.1	35.3	40.1	43.2
2007-11-20	17355.0	50.0	600.0	17305.0	16755.0	0.0	0.0	23.2	29.0	36.8	38.2
2007-11-27	18280.0	0.0	600.0	18130.0	17630.0	100.0	0.0	22.6	27.5	33.1	35.8
2007-12-04	15285.0	0.0	650.0	15235.0	14485.0	0.0	100.0	28.0	30.2	43.5	41.5
2007-12-11	15160.0	0.0	650.0	15110.0	14460.0	0.0	0.0	27.6	29.8	41.5	41.0
2007-12-18	16340.0	0.0	650.0	16140.0	15490.0	150.0	150.0	24.7	28.6	36.8	38.8
2007-12-24	17114.0	0.0	650.0	17064.0	16414.0	0.0	0.0	23.8	24.4	35.7	35.3
2007-12-31	17114.0	0.0	650.0	17064.0	16414.0	0.0	0.0	23.3	23.0	34.8	34.0
2008-01-08	13289.0	0.0	700.0	13289.0	12589.0	0.0	0.0	25.1	27.8	34.9	35.6
2008-01-15	13764.0	0.0	700.0	13764.0	13064.0	0.0	0.0	26.4	26.9	33.9	35.1
2008-01-22	16034.0	0.0	700.0	16034.0	15334.0	0.0	0.0	22.4	22.0	30.9	30.3
2008-01-29	17632.0	0.0	700.0	17632.0	16932.0	0.0	0.0	20.3	22.0	28.7	28.0
2008-02-05	14885.0	0.0	550.0	14785.0	14235.0	0.0	0.0	26.4	23.5	36.8	31.4
2008-02-12	15135.0	0.0	550.0	15035.0	14485.0	0.0	0.0	26.0	23.1	36.9	31.6
2008-02-19	15485.0	0.0	550.0	15385.0	14835.0	0.0	0.0	26.0	22.6	36.4	31.2
2008-02-26	16885.0	0.0	550.0	16785.0	16235.0	0.0	0.0	25.2	22.0	35.6	31.9
2008-03-04	14576.0	0.0	565.0	14476.0	13911.0	0.0	0.0	25.9	21.7	38.1	32.7
2008-03-11	16576.0	0.0	565.0	16476.0	15911.0	0.0	0.0	27.6	23.3	37.7	34.2
2008-03-18	18586.0	0.0	865.0	18486.0	17621.0	0.0	0.0	34.3	30.5	42.5	39.7
2008-03-25	20097.0	0.0	1459.0	19997.0	18538.0	0.0	0.0	32.3	27.2	41.2	37.2
2008-04-01	19136.0	150.0	815.0	18886.0	18221.0	0.0	0.0	31.5	27.0	38.9	34.9
2008-04-08	20436.0	150.0	815.0	20186.0	19521.0	0.0	0.0	29.5	25.1	36.4	32.9
2008-04-15	20686.0	150.0	815.0	20436.0	19771.0	0.0	0.0	30.1	24.8	36.4	33.0
2008-04-22	20686.0	150.0	815.0	20436.0	19771.0	0.0	0.0	30.6	24.3	37.4	32.3
2008-04-29	21736.0	150.0	815.0	21486.0	20821.0	0.0	0.0	28.2	24.3	34.7	31.4
2008-05-06	18344.0	150.0	865.0	18194.0	17479.0	0.0	0.0	31.9	30.9	39.1	38.5
2008-05-13	18619.0	150.0	865.0	18469.0	17754.0	0.0	0.0	34.0	33.3	43.7	41.7
2008-05-20	19339.0	150.0	865.0	19189.0	18474.0	0.0	0.0	32.5	30.9	41.8	39.7
2008-05-27	21019.0	1050.0	865.0	19114.0	20154.0	855.0	0.0	24.9	32.2	35.3	40.2
2008-06-03	18784.0	900.0	650.0	17884.0	18134.0	0.0	0.0	34.9	32.4	47.8	42.0
2008-06-10	18143.0	900.0	650.0	17243.0	17493.0	0.0	0.0	35.6	35.7	48.9	46.1
2008-06-17	19032.0	900.0	650.0	18132.0	18382.0	0.0	0.0	33.1	37.1	46.1	46.2
2008-06-24	19292.0	900.0	650.0	18367.0	18617.0	0.0	0.0	32.7	35.0	45.1	44.6
2008-07-01	18246.0	900.0	600.0	17321.0	17621.0	0.0	0.0	26.9	35.4	37.3	41.9
2008-07-08	19051.0	900.0	600.0	18026.0	18426.0	100.0	0.0	22.8	34.7	36.4	40.9
2008-07-15	19136.0	900.0	600.0	18011.0	18311.0	200.0	200.0	21.4	30.9	32.0	37.1
2008-07-22	19561.0	900.0	600.0	18636.0	18936.0	0.0	0.0	21.9	30.5	32.9	36.5
2008-07-29	19986.0	900.0	600.0	19061.0	19361.0	0.0	0.0	21.7	30.8	33.3	36.8
2008-08-05	17957.0	800.0	575.0	17092.0	17332.0	15.0	0.0	21.8	28.7	33.4	36.6
2008-08-12	19192.0	800.0	575.0	18227.0	18467.0	115.0	100.0	21.5	29.7	32.3	36.9
2008-08-19	20697.0	800.0	575.0	19532.0	19572.0	165.0	350.0	20.4	29.2	30.1	35.8
2008-08-26	22552.0	1200.0	575.0	20137.0	20777.0	1015.0	1000.0	19.9	30.0	28.6	35.4
2008-09-02	23351.0	1200.0	500.0	19861.0	20576.0	1965.0	1950.0	19.6	23.3	27.2	29.0
2008-09-09	24001.0	1150.0	500.0	20661.0	21376.0	1965.0	1900.0	18.4	23.0	25.9	28.5
2008-09-16	25866.0	300.0	875.0	24376.0	23816.0	665.0	650.0	22.9	23.1	27.8	28.5
2008-09-23	27821.0	150.0	875.0	26181.0	25471.0	665.0	650.0	22.5	21.5	28.1	27.6
2008-09-30	32726.0	250.0	900.0	28806.0	28171.0	3015.0	3000.0	22.4	18.3	27.5	26.1
2008-10-07	30860.0	195.0	900.0	28965.0	28275.0	1015.0	1000.0	27.2	20.3	32.5	27.6
2008-10-14	38885.0	180.0	900.0	36970.0	36250.0	1000.0	1000.0	24.1	16.9	28.8	24.9
2008-10-21	43680.0	205.0	900.0	41790.0	41095.0	950.0	950.0	22.1	16.6	26.3	23.4
2008-10-28	48172.0	80.0	925.0	45982.0	43990.0	1275.0	2422.0	21.1	14.1	25.6	20.1
2008-11-04	47621.0	60.0	2257.0	46736.0	44539.0	0.0	0.0	22.8	13.0	28.8	21.0
2008-11-11	48385.0	85.0	2882.0	46770.0	44048.0	530.0	455.0	23.0	15.2	28.7	22.4
2008-11-18	52886.0	140.0	2782.0	50666.0	48024.0	830.0	830.0	22.4	16.3	28.0	22.5
2008-11-25	54087.0	115.0	2782.0	51492.0	48900.0	1030.0	955.0	23.9	16.9	28.4	23.3
2008-12-02	46855.0	765.0	2597.0	44303.0	42333.0	1162.0	1300.0	36.6	28.5	44.9	39.3
2008-12-09	48593.0	815.0	2597.0	46278.0	44296.0	900.0	1100.0	36.9	28.0	45.1	39.1
2008-12-16	51004.0	815.0	1450.0	48814.0	48179.0	775.0	775.0	34.9	26.2	42.4	35.9
2008-12-22	55517.0	1140.0	3196.0	53002.0	50893.0	650.0	703.0	33.5	27.3	41.1	37.3
2008-12-30	58849.0	1140.0	3843.0	56054.0	53351.0	100.0	100.0	32.7	27.5	40.0	35.8
2009-01-06	48934.0	380.0	3443.0	46649.0	43586.0	0.0	0.0	40.0	26.2	46.8	37.2
2009-01-13	52500.0	780.0	2693.0	49792.0	47879.0	73.0	73.0	38.5	24.5	44.0	36.0
2009-01-20	54544.0	855.0	3344.0	51836.0	49341.0	48.0	54.0	38.3	25.1	43.5	35.0
2009-01-27	57394.0	780.0	2572.0	54724.0	52642.0	10.0	300.0	39.2	24.3	43.9	34.7
2009-02-03	47233.0	400.0	3127.0	45566.0	42839.0	192.0	192.0	46.4	30.8	54.3	44.8
2009-02-10	50823.0	975.0	3102.0	48593.0	46441.0	205.0	230.0	44.4	30.4	51.8	43.1
2009-02-17	55070.0	1125.0	3102.0	52415.0	50463.0	180.0	155.0	42.6	30.0	49.7	42.0
2009-02-24	62001.0	2000.0	3696.0	58109.0	56393.0	217.0	237.0	41.7	27.3	49.0	42.2
2009-03-03	54866.0	2325.0	3316.0	50724.0	49713.0	117.0	137.0	42.1	28.3	48.8	42.6
2009-03-10	57179.0	2325.0	3141.0	53062.0	52226.0	117.0	137.0	41.3	26.7	46.8	40.4
2009-03-17	60304.0	1875.0	1236.0	56487.0	54443.0	117.0	2800.0	35.2	22.7	41.5	31.9
2009-03-24	70923.0	2179.0	3141.0	66131.0	65070.0	388.0	487.0	32.4	23.1	38.2	33.1
2009-03-31	77519.0	2128.0	3366.0	72477.0	71491.0	664.0	412.0	31.3	24.2	37.6	33.0
2009-04-07	67141.0	2548.0	3441.0	60291.0	57855.0	2202.0	3745.0	31.4	26.8	38.7	34.2
2009-04-14	67469.0	2323.0	3441.0	60619.0	58383.0	2477.0	3595.0	31.1	27.4	38.8	34.7
2009-04-21	72834.0	2911.0	3466.0	65949.0	64363.0	2439.0	3470.0	29.9	26.0	37.7	33.4
2009-04-28	79051.0	5160.0	2516.0	70077.0	71825.0	1914.0	2810.0	29.3	24.4	36.7	32.4
2009-05-05	66805.0	5061.0	2541.0	57756.0	60224.0	1988.0	2040.0	32.3	25.0	39.5	33.6
2009-05-12	68657.0	5361.0	2466.0	59033.0	61826.0	1988.0	2090.0	29.4	24.9	36.8	33.1
2009-05-19	74511.0	5239.0	2391.0	64488.0	67281.0	2374.0	2429.0	28.2	24.4	35.6	31.8
2009-05-26	75830.0	5610.0	450.0	65662.0	70596.0	2088.0	2314.0	28.7	25.7	37.4	34.5
2009-06-02	64375.0	5436.0	525.0	56141.0	59042.0	428.0	2438.0	35.5	25.0	43.7	36.7
2009-06-09	65955.0	5087.0	550.0	58143.0	62685.0	255.0	250.0	38.7	26.9	49.1	40.2
2009-06-16	68190.0	4989.0	500.0	60528.0	65095.0	178.0	100.0	37.5	26.0	48.3	39.9
2009-06-23	71146.0	4142.0	625.0	64453.0	67970.0	106.0	106.0	36.5	25.6	47.9	39.6
2009-06-30	73631.0	4012.0	800.0	66949.0	70161.0	125.0	125.0	34.5	24.0	46.5	36.9
2009-07-07	60544.0	2585.0	925.0	55579.0	57239.0	50.0	50.0	36.2	22.6	43.4	32.4
2009-07-14	64672.0	2290.0	725.0	60002.0	61567.0	50.0	50.0	35.3	21.9	43.9	31.3
2009-07-21	66437.0	2190.0	675.0	62192.0	63707.0	75.0	75.0	32.6	21.2	40.4	29.8
2009-07-28	67363.0	2190.0	600.0	62978.0	64568.0	165.0	165.0	32.9	20.9	40.6	29.8
2009-08-04	58355.0	1245.0	700.0	54235.0	54780.0	155.0	155.0	36.4	18.5	40.9	27.4
2009-08-11	60464.0	1445.0	725.0	56489.0	57234.0	185.0	160.0	35.6	16.6	39.8	25.6
2009-08-18	66564.0	545.0	775.0	65464.0	65334.0	210.0	110.0	32.8	14.9	37.2	23.4
2009-08-25	68254.0	645.0	725.0	66654.0	66849.0	360.0	85.0	32.0	14.0	36.0	22.2
2009-09-01	61149.0	570.0	1785.0	59759.0	58744.0	300.0	100.0	30.2	15.5	36.5	23.8
2009-09-08	64422.0	152.0	1860.0	63625.0	62142.0	300.0	75.0	29.7	15.1	36.4	23.2
2009-09-15	69332.0	152.0	1835.0	68010.0	66652.0	825.0	500.0	29.0	15.0	35.1	23.0
2009-09-22	74582.0	152.0	1760.0	72935.0	71952.0	1075.0	450.0	26.8	14.5	32.7	22.4
2009-09-29	80367.0	152.0	1810.0	78310.0	77377.0	1510.0	785.0	26.6	13.5	32.8	21.7
2009-10-06	70475.0	152.0	2030.0	68818.0	67565.0	1305.0	680.0	31.0	12.9	36.4	21.8
2009-10-13	75163.0	152.0	1980.0	72356.0	71153.0	2455.0	1830.0	29.2	12.3	34.1	20.6
2009-10-20	77083.0	152.0	2105.0	74891.0	73708.0	1790.0	1020.0	27.9	11.5	33.3	20.2
2009-10-27	80126.0	152.0	2130.0	77249.0	76191.0	2375.0	1455.0	27.5	11.8	32.8	20.2
2009-11-03	76968.0	302.0	1685.0	75241.0	74653.0	1225.0	430.0	31.0	15.3	35.8	23.6
2009-11-09	78883.0	182.0	1610.0	76701.0	76068.0	1800.0	1005.0	31.5	15.3	36.5	23.8
2009-11-17	86223.0	182.0	1435.0	83913.0	83458.0	1853.0	1055.0	30.5	15.5	35.8	24.7
2009-11-24	90288.0	182.0	1435.0	88103.0	87548.0	1728.0	1030.0	31.0	15.1	36.2	24.2
2009-12-01	80171.0	100.0	1235.0	77940.0	77333.0	1881.0	1353.0	28.6	12.9	32.5	19.5
2009-12-08	81793.0	100.0	1285.0	79945.0	79008.0	1498.0	1250.0	28.8	13.2	33.6	19.6
2009-12-15	83163.0	100.0	1360.0	80775.0	79763.0	2088.0	1840.0	28.1	12.9	32.7	19.5
2009-12-22	84864.0	100.0	1305.0	83226.0	82419.0	1338.0	940.0	27.2	13.1	31.6	19.8
2009-12-29	86755.0	100.0	1305.0	85392.0	84585.0	1063.0	665.0	27.3	13.7	31.9	20.4
2010-01-05	67492.0	25.0	1155.0	66787.0	65692.0	480.0	445.0	31.6	18.3	38.5	28.3
2010-01-12	68459.0	190.0	1305.0	67729.0	66534.0	240.0	320.0	30.8	18.8	37.7	28.3
2010-01-19	70929.0	476.0	1130.0	70048.0	69314.0	235.0	315.0	31.7	18.8	38.5	28.7
2010-01-26	73019.0	845.0	1130.0	71994.0	71629.0	35.0	115.0	30.4	19.2	37.2	28.8
2010-02-02	62724.0	1331.0	1130.0	61363.0	61364.0	5.0	205.0	26.1	18.9	32.4	27.6
2010-02-09	63490.0	1380.0	780.0	61780.0	62380.0	5.0	5.0	25.3	18.8	31.3	27.4
2010-02-16	64015.0	1405.0	580.0	62255.0	63080.0	5.0	5.0	25.6	19.4	31.8	27.8
2010-02-23	65192.0	1065.0	995.0	63772.0	63842.0	5.0	5.0	25.3	20.3	32.5	27.8
2010-03-02	55747.0	915.0	1192.0	54347.0	54002.0	75.0	143.0	21.9	16.6	27.7	24.1
2010-03-09	58284.0	915.0	1242.0	56624.0	56279.0	285.0	303.0	22.0	18.3	27.7	26.0
2010-03-16	59476.0	915.0	1434.0	57741.0	57214.0	335.0	343.0	22.6	17.1	28.2	25.0
2010-03-23	61971.0	765.0	965.0	60393.0	60191.0	228.0	230.0	24.1	18.0	29.8	26.1
2010-03-30	64144.0	535.0	922.0	62616.0	62259.0	253.0	223.0	23.6	18.3	29.3	26.0
2010-04-06	50686.0	195.0	979.0	49903.0	49169.0	183.0	133.0	31.9	22.1	40.1	31.3
2010-04-13	55857.0	270.0	837.0	50857.0	50340.0	4225.0	4175.0	27.7	21.2	36.4	30.3
2010-04-20	54807.0	270.0	587.0	54257.0	53990.0	150.0	100.0	29.8	21.4	38.4	31.6
2010-04-27	55497.0	270.0	562.0	54672.0	54430.0	450.0	400.0	30.3	21.7	39.0	31.8
2010-05-04	48221.0	195.0	350.0	47628.0	47473.0	318.0	318.0	29.1	22.0	39.4	32.2
2010-05-11	48328.0	253.0	285.0	47612.0	47580.0	351.0	351.0	28.6	20.3	38.3	30.4
2010-05-18	50910.0	253.0	285.0	50221.0	50189.0	324.0	324.0	27.5	20.3	37.0	30.0
2010-05-25	56704.0	203.0	285.0	55596.0	55514.0	268.0	268.0	25.2	19.3	35.5	28.2
2010-06-01	46865.0	580.0	155.0	45486.0	45911.0	274.0	274.0	27.0	18.2	35.8	28.1
2010-06-08	50912.0	515.0	155.0	47218.0	47578.0	2654.0	2654.0	25.9	17.0	33.1	26.2
2010-06-15	54940.0	507.0	155.0	49326.0	49678.0	4549.0	4549.0	24.7	18.8	32.1	28.5
2010-06-22	51746.0	500.0	156.0	50373.0	50717.0	274.0	274.0	26.4	19.2	34.6	30.4
2010-06-29	54473.0	550.0	156.0	53092.0	53486.0	230.0	230.0	25.6	19.2	33.9	29.4
2010-07-06	42565.0	250.0	25.0	41899.0	42124.0	2.0	2.0	29.3	16.6	35.0	26.4
2010-07-13	43132.0	200.0	25.0	42418.0	42576.0	0.0	17.0	28.6	16.3	34.3	26.6
2010-07-20	44340.0	150.0	75.0	43251.0	43309.0	125.0	142.0	28.0	15.9	33.7	25.8
2010-07-27	45250.0	150.0	625.0	43761.0	43269.0	525.0	542.0	27.1	16.3	33.2	25.8
2010-08-03	38577.0	50.0	785.0	37730.0	36978.0	422.0	439.0	28.5	23.7	35.0	33.1
2010-08-10	39892.0	50.0	785.0	39045.0	38293.0	422.0	439.0	27.8	23.0	34.1	32.6
2010-08-17	41522.0	50.0	785.0	40525.0	39773.0	572.0	589.0	26.7	23.1	32.6	32.2
2010-08-24	44625.0	83.0	785.0	43745.0	43043.0	422.0	422.0	25.1	21.9	31.4	31.2
2010-08-31	46243.0	116.0	785.0	45365.0	44696.0	387.0	387.0	23.8	20.8	29.8	29.6
2010-09-07	39451.0	258.0	835.0	39118.0	38541.0	75.0	75.0	25.9	27.0	34.1	37.5
2010-09-14	42217.0	200.0	2435.0	41784.0	39549.0	175.0	175.0	26.3	25.8	34.7	35.3
2010-09-21	47127.0	200.0	5887.0	46244.0	40509.0	25.0	73.0	30.3	22.7	38.1	31.7
2010-09-28	49848.0	200.0	7487.0	48865.0	41530.0	25.0	73.0	31.7	21.9	39.5	32.0
2010-10-05	36924.0	50.0	5137.0	35891.0	30756.0	25.0	73.0	36.5	17.0	43.9	29.1
2010-10-12	38209.0	0.0	3637.0	37151.0	33541.0	125.0	98.0	31.5	18.6	38.4	30.4
2010-10-19	44090.0	75.0	3137.0	42682.0	39562.0	25.0	83.0	26.6	16.2	33.5	26.8
2010-10-26	44693.0	108.0	3739.0	44152.0	40473.0	125.0	173.0	26.7	15.3	33.7	25.7
2010-11-02	35307.0	158.0	2894.0	34896.0	32107.0	195.0	248.0	40.5	19.3	48.0	33.2
2010-11-09	36685.0	158.0	3144.0	36419.0	33347.0	25.0	111.0	38.6	18.1	45.5	31.0
2010-11-16	40600.0	308.0	3314.0	40004.0	36817.0	30.0	211.0	34.7	15.8	41.4	27.8
2010-11-23	41687.0	233.0	3314.0	41333.0	38204.0	63.0	111.0	33.4	15.5	40.5	27.2
2010-11-30	42744.0	208.0	3314.0	42415.0	39294.0	63.0	78.0	32.8	17.2	40.4	28.3
2010-12-07	37079.0	428.0	2166.0	36546.0	34736.0	55.0	127.0	29.5	18.8	35.4	30.0
2010-12-14	40164.0	428.0	2166.0	39531.0	37721.0	155.0	227.0	27.5	19.6	33.3	30.0
2010-12-21	42837.0	478.0	2166.0	41992.0	40244.0	217.0	277.0	26.3	18.3	32.2	28.0
2010-12-28	44432.0	528.0	2191.0	43487.0	41764.0	267.0	327.0	25.3	17.5	30.9	26.9
2011-01-04	31072.0	378.0	954.0	30432.0	29796.0	112.0	172.0	22.4	16.1	28.2	25.1
2011-01-11	33564.0	403.0	954.0	32899.0	32311.0	112.0	149.0	20.7	15.8	26.1	24.6
2011-01-18	36560.0	420.0	996.0	35920.0	35307.0	112.0	149.0	19.5	15.3	25.1	23.1
2011-01-25	38201.0	445.0	1756.0	37336.0	35988.0	312.0	349.0	19.5	16.4	24.8	24.5
2011-02-01	31607.0	355.0	1566.0	30844.0	29594.0	308.0	347.0	16.1	15.2	21.2	21.8
2011-02-08	31610.0	355.0	1644.0	30987.0	29719.0	168.0	147.0	16.6	15.2	21.7	21.8
2011-02-15	32901.0	380.0	1980.0	32313.0	30674.0	108.0	147.0	15.9	14.5	21.2	20.2
2011-02-22	35096.0	405.0	1980.0	34483.0	32769.0	108.0	247.0	14.4	13.6	19.6	19.0
2011-03-01	32453.0	265.0	1272.0	31834.0	30719.0	54.0	162.0	23.1	23.3	30.9	30.8
2011-03-08	33955.0	340.0	712.0	33261.0	32781.0	54.0	162.0	21.7	22.9	29.9	30.6
2011-03-15	38120.0	340.0	712.0	37246.0	36766.0	234.0	342.0	19.2	21.6	27.8	28.1
2011-03-22	40124.0	240.0	712.0	39505.0	38910.0	79.0	202.0	19.1	21.0	27.5	27.0
2011-03-29	41745.0	190.0	712.0	40876.0	40231.0	379.0	502.0	18.9	19.3	26.6	25.1
2011-04-05	34706.0	150.0	564.0	34221.0	33582.0	35.0	260.0	13.8	15.1	20.2	20.1
2011-04-12	36435.0	100.0	664.0	35475.0	34786.0	10.0	135.0	12.9	14.9	19.3	19.6
2011-04-19	36710.0	25.0	664.0	35760.0	35021.0	50.0	150.0	15.6	17.0	22.4	21.8
2011-04-26	36719.0	25.0	664.0	35744.0	35105.0	75.0	75.0	15.2	16.9	22.1	21.8
2011-05-03	28754.0	0.0	476.0	27704.0	27228.0	75.0	75.0	21.6	24.4	26.8	28.8
2011-05-10	30329.0	0.0	500.0	29279.0	28779.0	100.0	100.0	21.3	23.5	26.7	29.9
2011-05-17	31979.0	0.0	525.0	31029.0	30504.0	50.0	50.0	22.6	23.8	28.2	31.4
2011-05-24	34239.0	0.0	575.0	33239.0	32664.0	75.0	75.0	21.5	22.2	26.8	29.6
2011-05-31	35349.0	0.0	1175.0	34349.0	33162.0	75.0	87.0	19.7	21.5	24.8	29.3
2011-06-07	29444.0	0.0	1998.0	28804.0	26806.0	65.0	65.0	23.2	22.1	32.1	32.7
2011-06-14	29769.0	0.0	2023.0	29129.0	27106.0	65.0	65.0	23.0	21.9	31.7	32.6
2011-06-21	31734.0	0.0	1998.0	31069.0	29071.0	65.0	65.0	23.7	24.6	32.1	35.0
2011-06-28	33109.0	0.0	2098.0	32444.0	30346.0	65.0	65.0	25.5	23.6	34.3	34.5
2011-07-05	26294.0	0.0	3413.0	26007.0	22606.0	12.0	0.0	27.6	23.7	36.9	32.9
2011-07-12	26558.0	150.0	3363.0	26132.0	22945.0	26.0	0.0	27.5	23.1	36.5	32.0
2011-07-19	26531.0	200.0	3090.0	26021.0	23143.0	12.0	0.0	27.2	23.1	35.7	32.0
2011-07-26	26631.0	150.0	2940.0	26121.0	23343.0	12.0	0.0	27.1	23.4	35.6	32.8
2011-08-02	20911.0	150.0	2345.0	19926.0	17743.0	12.0	0.0	28.6	22.6	37.4	31.6
2011-08-09	22061.0	150.0	2370.0	21076.0	18868.0	12.0	0.0	27.0	21.5	35.6	30.0
2011-08-16	21947.0	150.0	2570.0	21437.0	19029.0	12.0	0.0	28.8	21.8	39.4	30.5
2011-08-23	22650.0	150.0	1427.0	22165.0	20900.0	12.0	0.0	28.0	19.8	36.5	28.1
2011-08-30	22610.0	150.0	1427.0	22125.0	20860.0	12.0	0.0	28.1	19.8	36.6	28.2
2011-09-06	17726.0	238.0	826.0	17265.0	16677.0	0.0	0.0	28.0	20.6	38.2	30.3
2011-09-13	18239.0	488.0	726.0	17303.0	17265.0	200.0	0.0	31.0	22.9	40.3	32.4
2011-09-20	20008.0	663.0	751.0	18877.0	18809.0	20.0	0.0	26.6	24.8	40.1	34.2
2011-09-27	20860.0	538.0	726.0	19529.0	19361.0	20.0	0.0	27.2	24.8	40.0	35.0
2011-10-04	15253.0	225.0	1049.0	14683.0	13879.0	20.0	0.0	30.0	29.8	41.2	42.0
2011-10-11	15353.0	225.0	1149.0	14758.0	13854.0	20.0	0.0	29.8	28.5	41.0	40.6
2011-10-18	15803.0	500.0	1049.0	14933.0	14404.0	20.0	0.0	27.9	28.3	36.9	40.2
2011-10-25	16227.0	500.0	1049.0	15355.0	14828.0	22.0	0.0	28.0	29.2	38.2	42.5
2011-11-01	12131.0	525.0	1216.0	11459.0	10790.0	22.0	0.0	37.3	37.3	49.6	55.4
2011-11-15	13874.0	525.0	766.0	13202.0	12982.0	22.0	1.0	37.4	42.3	48.4	57.4
2011-11-22	15816.0	525.0	766.0	14888.0	14648.0	278.0	277.0	32.8	45.5	43.2	56.6
2011-11-29	18717.0	275.0	1158.0	17238.0	16375.0	829.0	809.0	32.8	38.8	42.0	52.6
2011-12-06	16528.0	200.0	1175.0	15732.0	14777.0	21.0	1.0	29.4	36.0	41.1	47.2
2011-12-13	19631.0	200.0	1275.0	18635.0	17580.0	21.0	1.0	26.5	34.0	38.5	43.3
2011-12-20	21839.0	200.0	1450.0	20843.0	19613.0	21.0	1.0	22.8	30.7	35.4	39.9
2011-12-27	21508.0	200.0	1450.0	20512.0	19282.0	21.0	1.0	23.2	31.1	36.3	40.5
2012-01-03	17523.0	0.0	1267.0	17048.0	15781.0	0.0	0.0	33.7	40.3	47.2	55.6
2012-01-10	17056.0	0.0	867.0	16472.0	15614.0	9.0	0.0	35.6	47.0	49.3	60.4
2012-01-17	16356.0	0.0	842.0	15772.0	14939.0	9.0	0.0	33.6	48.4	51.0	62.4
2012-01-24	17279.0	0.0	842.0	16695.0	15862.0	9.0	0.0	35.1	47.3	50.3	60.5
2012-01-31	20190.0	0.0	842.0	19606.0	18773.0	9.0	0.0	31.5	40.5	43.1	51.8
2012-02-07	17252.0	600.0	325.0	16202.0	16477.0	0.0	0.0	54.2	47.4	64.7	62.8
2012-02-14	17302.0	600.0	325.0	16252.0	16527.0	0.0	0.0	54.1	47.3	64.5	62.6
2012-02-21	18300.0	412.0	725.0	17350.0	17125.0	88.0	0.0	52.9	46.5	63.8	61.0
2012-02-28	19367.0	537.0	750.0	18292.0	18167.0	88.0	0.0	51.0	48.9	63.4	62.5
2012-03-06	15867.0	675.0	875.0	14992.0	14792.0	0.0	0.0	62.9	61.0	76.6	75.2
2012-03-13	17139.0	825.0	875.0	16114.0	16064.0	0.0	0.0	63.6	59.3	75.1	73.8
2012-03-20	18277.0	969.0	1163.0	17008.0	16814.0	10.0	10.0	61.8	59.2	72.6	74.4
2012-03-27	20727.0	969.0	1163.0	19458.0	19264.0	10.0	10.0	50.6	52.2	61.9	65.6
2012-04-03	15182.0	1237.0	1563.0	13629.0	13303.0	40.0	40.0	51.7	58.7	64.8	71.1
2012-04-10	21682.0	1237.0	1563.0	19635.0	19309.0	534.0	534.0	36.2	41.1	45.4	49.8
2012-04-17	22182.0	1237.0	1223.0	19935.0	19949.0	734.0	734.0	35.4	38.0	44.8	47.1
2012-04-24	24280.0	1237.0	1763.0	22033.0	21507.0	734.0	734.0	32.4	36.6	41.1	45.2
2012-05-01	19217.0	912.0	1563.0	17595.0	16944.0	710.0	710.0	42.8	49.4	55.0	57.5
2012-05-08	20528.0	912.0	1388.0	18906.0	18430.0	710.0	710.0	47.1	52.0	58.6	60.1
2012-05-15	21300.0	1512.0	1388.0	19772.0	19896.0	16.0	16.0	47.1	54.5	60.9	62.6
2012-05-22	21500.0	1512.0	1388.0	19972.0	20096.0	16.0	16.0	46.1	54.0	59.8	62.2
2012-05-29	21376.0	1512.0	1388.0	19836.0	19960.0	28.0	28.0	46.9	54.4	60.2	62.6
2012-06-05	15829.0	1068.0	605.0	13724.0	14187.0	17.0	17.0	41.1	41.8	54.4	49.8
2012-06-12	16179.0	1068.0	605.0	13974.0	14437.0	17.0	17.0	40.2	40.9	53.2	49.0
2012-06-19	16841.0	1068.0	580.0	14636.0	15141.0	17.0	0.0	39.2	40.1	53.5	48.6
2012-06-26	18525.0	1068.0	580.0	16320.0	16825.0	17.0	0.0	36.9	36.4	49.3	45.4
2012-07-03	14570.0	768.0	1275.0	13510.0	13020.0	17.0	0.0	51.8	58.7	69.6	70.2
2012-07-10	15270.0	768.0	1275.0	14210.0	13720.0	17.0	0.0	49.5	56.0	66.5	68.8
2012-07-17	16345.0	768.0	1275.0	15302.0	14770.0	0.0	25.0	47.2	52.4	63.2	65.0
2012-07-24	16723.0	796.0	1275.0	15652.0	15148.0	0.0	25.0	43.4	46.1	58.9	60.0
2012-07-31	17323.0	796.0	1275.0	16252.0	15748.0	0.0	25.0	41.9	44.5	57.1	57.9
2012-08-07	15908.0	861.0	1340.0	14812.0	14271.0	35.0	97.0	30.2	34.1	43.7	45.7
2012-08-14	16203.0	886.0	1340.0	15032.0	14541.0	85.0	122.0	29.7	33.4	42.6	44.2
2012-08-21	16703.0	886.0	1340.0	15535.0	15048.0	82.0	115.0	28.8	32.4	41.3	42.5
2012-08-28	19564.0	1726.0	1340.0	17506.0	17909.0	132.0	115.0	44.2	41.7	54.9	53.3
2012-09-04	18678.0	1726.0	445.0	16727.0	18008.0	25.0	25.0	65.5	60.2	73.9	73.5
2012-09-11	20661.0	1726.0	445.0	18710.0	19991.0	25.0	25.0	68.7	61.4	76.0	75.4
2012-09-18	23338.0	1826.0	445.0	20517.0	21898.0	50.0	50.0	64.9	56.6	71.4	70.3
2012-09-25	29315.0	2398.0	130.0	25872.0	28140.0	100.0	100.0	58.1	49.3	63.3	62.4
2012-10-02	28133.0	2440.0	100.0	24843.0	27183.0	75.0	75.0	64.6	53.1	67.6	65.2
2012-10-23	30539.0	2392.0	0.0	24689.0	27962.0	2713.0	1832.0	62.6	50.6	64.2	64.0
2012-10-30	30649.0	2392.0	0.0	24789.0	28011.0	2723.0	1893.0	62.7	50.6	64.1	63.7
