2006-11-21	2798.0	0.0	0.0	2120.0	2034.0	678.0	764.0	27.9	26.8	40.3	38.3
2006-11-28	3038.0	0.0	0.0	2295.0	2219.0	743.0	819.0	29.5	27.5	41.9	40.4
2006-12-05	2897.0	0.0	0.0	2267.0	2306.0	630.0	591.0	25.3	27.1	36.6	38.8
2006-12-12	3054.0	30.0	0.0	2454.0	2608.0	570.0	446.0	26.9	28.9	39.0	43.4
2006-12-19	3147.0	0.0	0.0	2432.0	2596.0	715.0	551.0	28.1	30.3	40.4	45.6
2006-12-26	3075.0	0.0	0.0	2400.0	2559.0	675.0	516.0	26.3	27.9	39.2	42.9
2007-01-09	2482.0	0.0	0.0	1822.0	1962.0	660.0	520.0	29.3	32.8	38.4	43.7
2007-01-16	2791.0	0.0	0.0	1961.0	2121.0	830.0	670.0	27.3	28.7	37.0	41.0
2007-01-23	2973.0	30.0	0.0	2158.0	2283.0	785.0	690.0	24.1	26.4	34.4	38.1
2007-01-30	3225.0	30.0	90.0	2295.0	2380.0	900.0	755.0	22.7	23.6	30.8	36.1
2007-02-06	2757.0	30.0	80.0	2087.0	2047.0	640.0	630.0	19.6	29.7	30.3	40.3
2007-02-13	2847.0	0.0	80.0	2142.0	2112.0	705.0	655.0	18.5	29.3	29.5	41.1
2007-02-20	2988.0	0.0	90.0	2318.0	2213.0	670.0	685.0	17.9	29.1	29.3	41.5
2007-02-27	3100.0	0.0	90.0	2385.0	2240.0	715.0	770.0	17.9	28.9	29.3	41.0
2007-03-06	2348.0	0.0	75.0	1732.0	1605.0	616.0	668.0	24.3	30.9	37.6	42.6
2007-03-13	2431.0	0.0	75.0	1796.0	1716.0	635.0	640.0	24.3	30.0	37.7	42.4
2007-03-20	2744.0	0.0	75.0	2124.0	2029.0	620.0	640.0	22.7	26.1	35.8	37.4
2007-03-27	3254.0	0.0	75.0	2589.0	2489.0	665.0	690.0	21.6	24.7	33.0	35.2
2007-04-03	2461.0	0.0	35.0	1966.0	1948.0	495.0	478.0	17.6	27.2	28.6	40.2
2007-04-10	2686.0	0.0	45.0	2122.0	2089.0	539.0	527.0	17.8	27.4	29.2	40.4
2007-04-17	2851.0	0.0	85.0	2202.0	2159.0	619.0	577.0	15.7	25.4	26.2	39.1
2007-04-24	3094.0	0.0	95.0	2228.0	2231.0	846.0	748.0	16.1	26.5	27.4	40.4
2007-05-01	3400.0	0.0	90.0	2691.0	2531.0	679.0	749.0	17.3	24.6	27.5	38.1
2007-05-08	2585.0	0.0	125.0	2051.0	1806.0	304.0	424.0	21.3	18.4	32.3	28.4
2007-05-15	2897.0	0.0	105.0	2283.0	1993.0	364.0	549.0	22.3	18.3	32.8	29.2
2007-05-22	3253.0	0.0	35.0	2774.0	2594.0	384.0	529.0	20.2	20.6	30.3	30.4
2007-05-29	3548.0	0.0	30.0	3099.0	3004.0	339.0	404.0	22.9	21.7	32.7	32.3
2007-06-05	2876.0	0.0	15.0	2376.0	2281.0	460.0	540.0	27.2	27.6	38.6	41.7
2007-06-12	3164.0	0.0	0.0	2740.0	2630.0	424.0	534.0	31.1	31.3	41.2	43.3
2007-06-19	3425.0	0.0	0.0	2961.0	2816.0	464.0	609.0	32.1	30.7	43.5	44.1
2007-06-26	3790.0	0.0	0.0	3351.0	3142.0	439.0	648.0	31.5	27.3	43.6	41.4
2007-07-03	2952.0	0.0	55.0	2513.0	2297.0	419.0	580.0	30.5	32.0	45.2	41.6
2007-07-10	3383.0	0.0	0.0	2964.0	2753.0	419.0	630.0	28.4	30.9	42.4	39.7
2007-07-17	3796.0	0.0	55.0	3397.0	3208.0	359.0	493.0	25.6	27.0	38.0	36.5
2007-07-24	3922.0	0.0	45.0	3533.0	3363.0	349.0	474.0	26.4	26.5	38.5	37.8
2007-07-31	4116.0	0.0	35.0	3737.0	3627.0	339.0	414.0	24.9	25.1	36.7	36.7
2007-08-07	3307.0	0.0	45.0	3053.0	2833.0	254.0	429.0	26.8	24.5	39.5	32.8
2007-08-14	3415.0	45.0	45.0	3094.0	2919.0	276.0	451.0	26.8	25.0	39.2	33.9
2007-08-21	3455.0	60.0	45.0	3079.0	2849.0	316.0	561.0	25.5	21.2	36.3	30.5
2007-08-28	3635.0	50.0	90.0	3289.0	2939.0	244.0	554.0	24.9	18.4	38.0	28.7
2007-09-04	3792.0	0.0	60.0	3294.0	3035.0	498.0	697.0	20.8	17.6	31.1	26.5
2007-09-11	3324.0	0.0	10.0	2884.0	2743.0	411.0	542.0	21.4	17.7	30.1	26.6
2007-09-18	3708.0	0.0	33.0	3274.0	3068.0	343.0	516.0	21.4	17.2	30.9	25.6
2007-09-25	4183.0	0.0	23.0	3627.0	3486.0	373.0	491.0	19.7	15.4	28.4	23.0
2007-10-02	3906.0	0.0	34.0	3444.0	3308.0	295.0	397.0	21.7	16.6	30.4	23.8
2007-10-09	4709.0	0.0	24.0	4317.0	4173.0	236.0	356.0	19.1	13.9	26.3	20.2
2007-10-16	5518.0	0.0	29.0	5128.0	5026.0	299.0	372.0	16.8	11.5	24.2	17.3
2007-10-23	5598.0	0.0	34.0	5113.0	5071.0	384.0	392.0	17.7	12.1	25.4	17.9
2007-10-30	6001.0	0.0	44.0	5608.0	5542.0	292.0	314.0	15.1	11.6	22.2	17.7
2007-11-06	5216.0	20.0	10.0	4676.0	4732.0	395.0	349.0	12.7	10.9	18.6	16.3
2007-11-13	5283.0	20.0	10.0	4766.0	4792.0	372.0	356.0	14.5	10.9	21.7	16.5
2007-11-20	5288.0	20.0	10.0	4871.0	4847.0	297.0	331.0	16.1	11.9	22.4	17.3
2007-11-27	5425.0	25.0	18.0	5009.0	5081.0	240.0	175.0	18.9	14.2	23.5	20.3
2007-12-04	3771.0	0.0	90.0	3343.0	3395.0	398.0	256.0	21.9	20.7	30.8	31.4
2007-12-11	3887.0	0.0	85.0	3424.0	3436.0	423.0	326.0	22.0	19.8	31.1	30.5
2007-12-18	3999.0	0.0	10.0	3416.0	3363.0	533.0	576.0	21.4	17.6	30.6	28.6
2007-12-24	4333.0	0.0	65.0	3576.0	3543.0	697.0	665.0	19.3	15.9	27.0	25.3
2007-12-31	4386.0	0.0	65.0	3701.0	3663.0	605.0	578.0	19.7	17.2	27.6	26.6
2008-01-08	3409.0	0.0	5.0	2723.0	2627.0	611.0	702.0	31.8	24.1	41.4	33.1
2008-01-15	3704.0	15.0	5.0	3021.0	2910.0	608.0	729.0	32.0	23.9	39.7	32.5
2008-01-22	3963.0	35.0	0.0	3336.0	3411.0	567.0	527.0	31.3	24.7	38.8	33.8
2008-01-29	4311.0	50.0	0.0	3511.0	3611.0	685.0	635.0	28.2	24.4	36.6	32.7
2008-02-05	3506.0	15.0	25.0	2847.0	2689.0	504.0	652.0	28.2	18.9	39.0	28.4
2008-02-12	3516.0	15.0	25.0	2907.0	2714.0	484.0	667.0	27.7	19.7	41.0	29.4
2008-02-19	3698.0	15.0	30.0	3204.0	2981.0	419.0	627.0	27.3	19.1	39.9	29.0
2008-02-26	3945.0	15.0	35.0	3499.0	3406.0	376.0	449.0	25.4	17.7	38.1	27.9
2008-03-04	3228.0	5.0	5.0	2890.0	2759.0	258.0	389.0	22.9	16.4	34.7	26.0
2008-03-11	3389.0	5.0	60.0	2993.0	2847.0	341.0	432.0	22.1	16.2	34.4	25.8
2008-03-18	3507.0	30.0	0.0	3064.0	3018.0	378.0	454.0	22.4	17.2	34.1	26.6
2008-03-25	3892.0	125.0	0.0	3309.0	3188.0	423.0	669.0	20.4	16.4	31.1	25.2
2008-04-01	4367.0	5.0	0.0	3774.0	3628.0	553.0	704.0	19.9	18.1	32.8	27.2
2008-04-08	3564.0	65.0	0.0	3021.0	2972.0	433.0	547.0	19.1	22.0	28.8	29.1
2008-04-15	3837.0	65.0	0.0	3361.0	3412.0	366.0	380.0	18.3	19.4	29.2	27.5
2008-04-22	4032.0	65.0	0.0	3519.0	3545.0	328.0	367.0	18.9	18.8	30.5	27.8
2008-04-29	4224.0	70.0	0.0	3669.0	3690.0	400.0	449.0	19.8	19.9	31.6	28.9
2008-05-06	3614.0	50.0	0.0	2844.0	2885.0	660.0	669.0	19.6	20.1	26.3	28.2
2008-05-13	3752.0	55.0	0.0	3029.0	3103.0	608.0	589.0	17.8	19.2	28.2	27.9
2008-05-20	3865.0	55.0	0.0	3307.0	3231.0	443.0	574.0	18.6	20.3	30.2	28.8
2008-05-27	4102.0	75.0	0.0	3530.0	3289.0	452.0	768.0	22.1	19.4	34.2	28.6
2008-06-03	3494.0	0.0	0.0	2948.0	2726.0	546.0	768.0	27.7	18.1	38.4	31.5
2008-06-10	3667.0	0.0	0.0	3028.0	2809.0	639.0	858.0	26.5	18.3	36.5	31.0
2008-06-17	3925.0	15.0	0.0	3236.0	3015.0	649.0	885.0	27.9	18.7	37.3	30.4
2008-06-24	3946.0	0.0	0.0	3312.0	3151.0	634.0	795.0	26.6	19.5	35.9	31.0
2008-07-01	4054.0	0.0	30.0	3401.0	3216.0	598.0	753.0	25.9	20.6	34.2	31.9
2008-07-08	3020.0	0.0	55.0	2453.0	2412.0	527.0	513.0	24.5	24.4	36.4	37.5
2008-07-15	3297.0	0.0	60.0	2682.0	2642.0	590.0	570.0	17.6	21.6	30.6	31.0
2008-07-22	3439.0	0.0	55.0	2727.0	2772.0	672.0	572.0	18.2	22.7	31.3	33.7
2008-07-29	3639.0	0.0	60.0	2892.0	2932.0	707.0	607.0	19.9	23.6	33.4	36.1
2008-08-05	2872.0	0.0	30.0	1926.0	2186.0	916.0	626.0	21.3	25.6	31.2	38.1
2008-08-12	3053.0	0.0	20.0	2170.0	2400.0	848.0	598.0	20.3	24.9	30.5	36.6
2008-08-19	3304.0	0.0	20.0	2389.0	2562.0	880.0	687.0	19.4	22.9	30.4	35.2
2008-08-26	3691.0	0.0	15.0	2725.0	2898.0	931.0	743.0	18.3	24.0	28.6	36.0
2008-09-02	4029.0	0.0	15.0	3026.0	3237.0	963.0	737.0	17.6	22.5	27.5	34.4
2008-09-09	3199.0	0.0	15.0	2402.0	2517.0	757.0	627.0	19.7	20.6	27.9	30.5
2008-09-16	3626.0	0.0	10.0	2889.0	2788.0	667.0	758.0	17.9	16.3	28.3	25.3
2008-09-23	4350.0	50.0	10.0	3712.0	3578.0	518.0	692.0	19.5	18.4	28.7	28.0
2008-09-30	4867.0	50.0	20.0	4114.0	3885.0	603.0	862.0	24.0	21.3	34.0	30.2
2008-10-07	4373.0	50.0	50.0	3630.0	3606.0	623.0	647.0	25.2	20.7	35.4	33.7
2008-10-14	5416.0	50.0	50.0	4657.0	4579.0	634.0	712.0	22.9	18.1	34.4	32.1
2008-10-21	5884.0	50.0	50.0	5184.0	5010.0	575.0	749.0	24.0	19.3	35.9	33.3
2008-10-28	6468.0	50.0	145.0	5501.0	5400.0	802.0	808.0	22.8	19.7	33.7	32.5
2008-11-04	6020.0	80.0	35.0	5161.0	5198.0	714.0	722.0	29.2	22.6	41.6	36.8
2008-11-11	6861.0	90.0	130.0	5898.0	5920.0	803.0	741.0	28.9	21.8	40.7	37.6
2008-11-18	7498.0	90.0	185.0	6461.0	6481.0	817.0	702.0	29.4	21.6	41.1	36.9
2008-11-25	8154.0	95.0	45.0	7041.0	7204.0	928.0	815.0	29.1	21.7	40.2	36.6
2008-12-02	7655.0	45.0	65.0	6825.0	6850.0	780.0	735.0	30.3	21.5	41.7	36.8
2008-12-09	8173.0	30.0	65.0	7382.0	7419.0	756.0	684.0	29.2	20.2	38.5	34.0
2008-12-16	8565.0	144.0	65.0	7689.0	7767.0	647.0	648.0	27.8	18.7	36.8	31.9
2008-12-22	9282.0	74.0	110.0	8470.0	8419.0	643.0	658.0	26.9	18.9	36.4	32.0
2008-12-30	9699.0	59.0	65.0	8940.0	9000.0	590.0	524.0	26.1	18.5	35.4	30.3
2009-01-06	7988.0	124.0	0.0	7306.0	7378.0	518.0	570.0	25.3	18.1	34.1	29.5
2009-01-13	8790.0	84.0	100.0	8033.0	8073.0	593.0	537.0	26.8	16.6	35.4	27.2
2009-01-20	9083.0	157.0	175.0	8347.0	8214.0	391.0	506.0	29.6	16.3	39.0	28.1
2009-01-27	9385.0	153.0	208.0	8610.0	8406.0	544.0	693.0	28.7	15.4	38.1	27.6
2009-02-03	7922.0	200.0	210.0	7118.0	7045.0	536.0	599.0	27.5	16.8	37.6	27.1
2009-02-10	8540.0	215.0	135.0	7757.0	7619.0	495.0	713.0	28.7	17.1	38.8	27.5
2009-02-17	8798.0	230.0	149.0	8004.0	8000.0	491.0	576.0	27.7	17.8	37.9	29.1
2009-02-24	9399.0	230.0	154.0	8517.0	8391.0	539.0	741.0	26.8	16.6	36.7	28.5
2009-03-03	8069.0	247.0	116.0	7329.0	7197.0	347.0	610.0	26.2	19.5	35.3	30.2
2009-03-10	8543.0	249.0	116.0	7770.0	7576.0	378.0	705.0	26.2	19.6	35.0	30.8
2009-03-17	9427.0	264.0	146.0	8538.0	7948.0	464.0	1172.0	26.7	19.1	35.3	29.7
2009-03-24	10730.0	269.0	146.0	9906.0	9627.0	365.0	767.0	28.6	18.9	36.3	29.9
2009-03-31	11649.0	90.0	141.0	11014.0	10397.0	377.0	943.0	26.8	18.1	34.8	28.4
2009-04-07	9988.0	90.0	129.0	9376.0	8905.0	462.0	894.0	29.6	20.2	38.4	29.8
2009-04-14	10136.0	90.0	132.0	9482.0	9062.0	504.0	882.0	29.1	20.5	37.9	29.2
2009-04-21	10596.0	170.0	124.0	9646.0	9399.0	780.0	1073.0	27.4	21.6	35.8	30.6
2009-04-28	11079.0	200.0	114.0	10112.0	9920.0	762.0	1040.0	27.2	21.9	35.4	31.0
2009-05-05	8916.0	140.0	0.0	8213.0	8115.0	563.0	801.0	31.0	26.3	43.0	39.0
2009-05-12	8998.0	140.0	0.0	8242.0	8154.0	616.0	844.0	30.9	27.3	42.6	39.7
2009-05-19	9638.0	150.0	0.0	8742.0	8696.0	746.0	942.0	30.8	25.5	41.9	37.0
2009-05-26	9911.0	150.0	0.0	9057.0	8915.0	674.0	966.0	30.1	24.5	41.0	35.9
2009-06-02	8003.0	15.0	15.0	7313.0	7020.0	495.0	788.0	33.4	21.7	44.4	35.3
2009-06-09	8252.0	15.0	15.0	7434.0	7358.0	593.0	669.0	32.3	20.7	43.6	33.5
2009-06-16	8896.0	15.0	15.0	7906.0	7794.0	690.0	802.0	31.0	19.2	41.5	31.5
2009-06-23	9374.0	15.0	35.0	8301.0	8182.0	773.0	872.0	31.0	19.6	41.2	31.7
2009-06-30	9912.0	61.0	30.0	8631.0	8545.0	780.0	897.0	30.4	19.2	40.4	30.6
2009-07-07	8228.0	121.0	25.0	7127.0	6941.0	545.0	827.0	27.0	17.4	37.2	28.3
2009-07-14	8701.0	186.0	0.0	7580.0	7561.0	660.0	865.0	27.4	17.4	37.4	28.7
2009-07-21	8841.0	221.0	0.0	7652.0	7775.0	703.0	801.0	28.1	18.7	37.7	30.1
2009-07-28	9147.0	231.0	0.0	7974.0	8081.0	682.0	806.0	28.1	18.1	37.5	30.2
2009-08-04	8137.0	240.0	125.0	7017.0	7020.0	750.0	862.0	27.4	17.2	37.4	27.8
2009-08-11	8435.0	278.0	155.0	7272.0	7320.0	738.0	813.0	26.7	17.2	37.3	27.9
2009-08-18	9003.0	13.0	155.0	8227.0	8044.0	731.0	772.0	25.7	17.5	35.8	28.0
2009-08-25	9573.0	23.0	201.0	8833.0	8650.0	658.0	663.0	24.7	17.1	34.2	27.2
2009-09-01	10129.0	23.0	211.0	9436.0	9298.0	617.0	567.0	24.4	16.3	34.5	26.0
2009-09-08	8021.0	35.0	122.0	7544.0	7448.0	406.0	415.0	23.3	17.0	33.7	28.0
2009-09-15	8383.0	37.0	122.0	7898.0	7832.0	412.0	393.0	23.5	17.4	33.8	28.3
2009-09-22	8641.0	52.0	172.0	7997.0	7904.0	556.0	529.0	23.3	16.7	33.2	27.9
2009-09-29	9519.0	52.0	192.0	8824.0	8727.0	607.0	564.0	22.4	16.1	31.5	27.6
2009-10-06	8146.0	27.0	133.0	7391.0	7566.0	651.0	370.0	19.0	17.0	29.0	27.6
2009-10-13	8769.0	42.0	163.0	7997.0	8124.0	628.0	380.0	18.9	15.8	29.1	26.3
2009-10-20	9745.0	37.0	193.0	8803.0	8779.0	833.0	701.0	19.1	15.1	30.2	25.4
2009-10-27	10215.0	37.0	236.0	9224.0	9056.0	857.0	826.0	20.2	15.3	30.9	25.5
2009-11-03	8166.0	30.0	162.0	7467.0	7351.0	555.0	539.0	23.8	17.4	33.9	28.5
2009-11-09	8601.0	30.0	184.0	7914.0	7759.0	548.0	549.0	23.6	17.4	33.4	28.2
2009-11-17	9201.0	30.0	192.0	8348.0	8187.0	749.0	748.0	23.4	16.0	32.5	27.7
2009-11-24	9730.0	35.0	144.0	8869.0	8859.0	757.0	658.0	21.3	15.2	30.2	26.8
2009-12-01	10120.0	35.0	154.0	9149.0	9225.0	872.0	677.0	21.3	15.9	30.0	27.8
2009-12-08	8772.0	40.0	20.0	7810.0	7848.0	864.0	846.0	22.5	14.1	28.3	22.2
2009-12-15	9180.0	40.0	45.0	8302.0	8399.0	764.0	662.0	21.9	12.7	28.2	20.9
2009-12-22	9667.0	65.0	55.0	8735.0	8890.0	793.0	648.0	22.9	13.3	28.9	22.3
2009-12-29	9886.0	80.0	120.0	9053.0	9198.0	679.0	494.0	23.3	14.0	29.2	23.5
2010-01-05	7611.0	30.0	141.0	6940.0	6931.0	613.0	511.0	24.9	14.9	31.4	24.8
2010-01-12	8031.0	30.0	221.0	7266.0	7138.0	612.0	549.0	24.3	14.0	31.9	23.7
2010-01-19	8781.0	30.0	231.0	7908.0	7842.0	655.0	520.0	23.2	13.2	31.3	22.7
2010-01-26	9241.0	25.0	196.0	8165.0	8232.0	853.0	615.0	23.8	14.1	31.5	24.3
2010-02-02	7367.0	100.0	77.0	6438.0	6503.0	667.0	625.0	25.9	12.8	33.3	21.8
2010-02-09	8041.0	59.0	57.0	7115.0	7131.0	665.0	651.0	27.8	13.3	36.5	23.3
2010-02-16	8709.0	59.0	57.0	7708.0	7621.0	715.0	804.0	27.6	16.2	36.5	26.0
2010-02-23	9524.0	69.0	62.0	8476.0	8409.0	762.0	836.0	24.6	16.0	33.2	24.8
2010-03-02	7976.0	49.0	123.0	6898.0	6845.0	857.0	836.0	26.7	16.1	35.5	26.1
2010-03-09	8145.0	59.0	118.0	7123.0	7011.0	786.0	839.0	26.2	16.7	34.3	27.2
2010-03-16	8814.0	59.0	132.0	7692.0	7733.0	916.0	802.0	26.2	16.6	35.3	28.0
2010-03-23	8938.0	64.0	142.0	7790.0	7752.0	937.0	897.0	26.4	16.7	35.6	28.4
2010-03-30	9311.0	306.0	220.0	8102.0	8312.0	720.0	596.0	25.1	15.6	34.7	27.0
2010-04-06	6964.0	241.0	190.0	5979.0	6094.0	625.0	561.0	32.3	18.5	41.8	30.9
2010-04-13	7547.0	216.0	310.0	6448.0	6526.0	775.0	603.0	30.3	15.9	39.8	28.2
2010-04-20	8077.0	236.0	210.0	7065.0	7189.0	728.0	630.0	29.5	15.4	38.2	28.5
2010-04-27	9140.0	306.0	274.0	7952.0	8165.0	749.0	568.0	27.4	14.4	35.3	26.0
2010-05-04	7347.0	308.0	233.0	6407.0	6426.0	547.0	603.0	29.0	14.9	36.7	24.9
2010-05-11	7907.0	368.0	262.0	6648.0	6830.0	737.0	661.0	25.6	15.2	34.0	24.9
2010-05-18	8510.0	437.0	440.0	7271.0	7314.0	686.0	640.0	24.2	14.7	33.0	26.5
2010-05-25	9007.0	457.0	522.0	7835.0	7905.0	664.0	529.0	22.9	16.2	32.0	28.4
2010-06-01	9423.0	441.0	533.0	8095.0	8064.0	834.0	773.0	22.9	15.1	31.2	26.5
2010-06-08	7728.0	392.0	491.0	6711.0	6597.0	536.0	551.0	24.5	14.9	31.2	25.9
2010-06-15	8284.0	404.0	559.0	7110.0	6958.0	617.0	614.0	22.8	14.0	30.7	25.6
2010-06-22	8638.0	401.0	509.0	7400.0	7272.0	561.0	581.0	22.4	13.9	29.5	25.0
2010-06-29	9227.0	478.0	690.0	7801.0	7564.0	584.0	609.0	23.0	14.4	30.9	26.3
2010-07-06	7291.0	430.0	482.0	5987.0	5571.0	553.0	917.0	28.3	16.7	37.4	29.4
2010-07-13	8075.0	358.0	494.0	6675.0	6172.0	641.0	1008.0	28.8	15.7	36.8	27.8
2010-07-20	8488.0	335.0	365.0	6861.0	6565.0	726.0	992.0	27.4	17.8	35.6	29.9
2010-07-27	8771.0	462.0	336.0	7184.0	7428.0	558.0	440.0	26.3	19.2	34.8	32.9
2010-08-03	7202.0	200.0	342.0	5945.0	5817.0	430.0	416.0	31.3	21.0	39.3	31.1
2010-08-10	7670.0	192.0	462.0	6389.0	6235.0	509.0	393.0	30.3	20.4	38.6	31.5
2010-08-17	8234.0	135.0	388.0	6823.0	6694.0	513.0	389.0	27.8	19.4	35.3	30.8
2010-08-24	8758.0	157.0	264.0	7192.0	7194.0	633.0	524.0	26.9	18.3	33.6	29.6
2010-08-31	9127.0	293.0	279.0	7369.0	7539.0	655.0	499.0	25.4	17.8	32.4	28.6
2010-09-07	7609.0	297.0	498.0	6224.0	6141.0	604.0	486.0	24.8	17.7	33.6	28.2
2010-09-14	7774.0	228.0	393.0	6445.0	6380.0	531.0	431.0	24.2	17.0	32.8	28.0
2010-09-21	8080.0	255.0	349.0	6677.0	6695.0	569.0	457.0	23.8	17.1	32.5	28.1
2010-09-28	8531.0	318.0	332.0	7043.0	7147.0	549.0	431.0	23.4	16.6	31.6	27.4
2010-10-05	6898.0	477.0	437.0	5625.0	5599.0	444.0	510.0	26.1	21.7	36.3	32.5
2010-10-12	7135.0	477.0	400.0	5862.0	5895.0	427.0	471.0	27.2	20.0	36.5	31.5
2010-10-19	7435.0	551.0	375.0	6127.0	6303.0	514.0	514.0	26.8	20.2	35.7	31.6
2010-10-26	8230.0	566.0	345.0	6829.0	7009.0	464.0	505.0	25.5	19.3	34.0	30.1
2010-11-02	6962.0	495.0	318.0	5720.0	5896.0	450.0	451.0	27.4	24.3	36.4	32.7
2010-11-09	7349.0	607.0	333.0	5909.0	6136.0	536.0	583.0	29.2	23.7	38.3	33.0
2010-11-16	7649.0	624.0	410.0	6146.0	6422.0	594.0	532.0	27.3	23.9	36.8	33.8
2010-11-23	7969.0	580.0	454.0	6539.0	6695.0	582.0	552.0	22.2	21.6	32.2	31.2
2010-11-30	8490.0	689.0	354.0	6883.0	7271.0	615.0	562.0	22.1	20.5	31.1	30.2
2010-12-07	6770.0	378.0	420.0	5574.0	5523.0	575.0	584.0	23.6	17.2	35.0	26.6
2010-12-14	7106.0	394.0	418.0	5943.0	5954.0	479.0	444.0	24.0	17.1	35.3	27.1
2010-12-21	7246.0	525.0	427.0	6042.0	6122.0	439.0	457.0	24.4	16.6	35.9	27.1
2010-12-28	7760.0	445.0	437.0	6559.0	6560.0	451.0	458.0	25.1	17.3	36.1	27.5
2011-01-04	5973.0	324.0	291.0	5044.0	5065.0	453.0	465.0	34.4	22.4	44.7	35.3
2011-01-11	6656.0	374.0	354.0	5665.0	5618.0	480.0	547.0	32.7	19.9	42.6	32.3
2011-01-18	7281.0	480.0	380.0	6224.0	6217.0	407.0	514.0	31.3	20.4	41.6	32.2
2011-01-25	7680.0	367.0	289.0	6511.0	6436.0	454.0	607.0	30.0	19.3	38.5	30.9
2011-02-01	8661.0	615.0	205.0	7181.0	7383.0	548.0	756.0	28.4	20.4	39.7	31.1
2011-02-08	7165.0	495.0	110.0	5784.0	6046.0	665.0	788.0	27.2	18.9	37.5	27.4
2011-02-15	7703.0	609.0	135.0	6386.0	6653.0	406.0	613.0	26.0	20.0	35.7	28.1
2011-02-22	8242.0	712.0	150.0	6723.0	7065.0	424.0	644.0	25.4	19.5	35.2	27.3
2011-03-01	9012.0	684.0	160.0	7295.0	7715.0	560.0	664.0	23.9	20.0	33.8	27.2
2011-03-08	7272.0	778.0	130.0	5909.0	6347.0	295.0	505.0	23.8	19.9	34.7	26.7
2011-03-15	7725.0	878.0	240.0	6233.0	6652.0	323.0	542.0	24.1	20.4	35.4	28.3
2011-03-22	8227.0	934.0	245.0	6628.0	7076.0	349.0	590.0	24.1	21.3	35.9	29.4
2011-03-29	8986.0	974.0	345.0	7251.0	7605.0	430.0	705.0	24.8	21.8	35.9	30.6
2011-04-05	6516.0	942.0	260.0	4812.0	5195.0	506.0	805.0	28.0	18.2	39.4	28.2
2011-04-12	7174.0	924.0	260.0	5539.0	5987.0	425.0	641.0	26.1	18.5	38.2	27.8
2011-04-19	7445.0	877.0	260.0	5848.0	6142.0	424.0	747.0	26.1	19.3	39.2	29.0
2011-04-26	7646.0	894.0	275.0	6032.0	6335.0	439.0	755.0	25.2	19.7	39.6	29.8
2011-05-03	5350.0	504.0	130.0	4034.0	4089.0	542.0	861.0	21.6	15.9	34.2	26.3
2011-05-10	6227.0	575.0	145.0	4801.0	4942.0	573.0	862.0	20.3	17.2	31.3	26.3
2011-05-17	6829.0	665.0	155.0	5242.0	5571.0	617.0	798.0	20.6	20.1	31.3	29.4
2011-05-24	7293.0	517.0	168.0	5867.0	6119.0	632.0	729.0	20.9	21.1	31.4	30.9
2011-05-31	8105.0	626.0	158.0	6497.0	6815.0	541.0	691.0	20.0	20.7	31.6	30.7
2011-06-07	6244.0	298.0	208.0	5083.0	4994.0	508.0	687.0	16.0	18.3	27.5	27.0
2011-06-14	6517.0	408.0	183.0	5320.0	5373.0	469.0	641.0	17.8	19.3	31.7	28.1
2011-06-21	7387.0	290.0	135.0	6112.0	6127.0	582.0	722.0	15.9	18.6	28.9	27.6
2011-06-28	8576.0	275.0	168.0	7248.0	7285.0	572.0	642.0	14.3	19.5	25.6	27.7
2011-07-05	7683.0	291.0	68.0	6336.0	6201.0	796.0	1154.0	13.3	15.6	22.7	21.3
2011-07-12	8247.0	409.0	98.0	6921.0	6879.0	615.0	968.0	13.6	15.9	23.5	22.4
2011-07-19	8612.0	420.0	113.0	7268.0	7227.0	642.0	990.0	14.2	17.3	24.7	23.6
2011-07-26	8806.0	485.0	163.0	7368.0	7322.0	671.0	1039.0	15.5	19.0	26.6	25.6
2011-08-02	6930.0	602.0	110.0	5642.0	5833.0	581.0	882.0	23.0	16.7	34.9	25.1
2011-08-09	7174.0	492.0	50.0	5899.0	6073.0	636.0	904.0	20.6	19.3	33.4	27.9
2011-08-16	7548.0	523.0	40.0	6168.0	6431.0	676.0	896.0	20.6	20.9	33.3	30.1
2011-08-23	7904.0	578.0	40.0	6511.0	6828.0	694.0	915.0	20.1	22.1	32.8	31.5
2011-08-30	8113.0	658.0	50.0	6703.0	7013.0	667.0	965.0	20.2	23.0	33.1	32.9
2011-09-06	6497.0	469.0	102.0	5363.0	5641.0	555.0	644.0	22.2	24.9	35.1	35.2
2011-09-13	6817.0	525.0	95.0	5539.0	5815.0	659.0	813.0	21.9	25.1	34.5	35.2
2011-09-20	7304.0	613.0	143.0	6003.0	6232.0	612.0	853.0	21.9	26.0	35.5	35.8
2011-09-27	7736.0	562.0	45.0	6459.0	6797.0	641.0	820.0	19.4	26.6	32.2	36.2
2011-10-04	6029.0	533.0	5.0	4934.0	5139.0	439.0	762.0	19.4	25.3	30.9	34.2
2011-10-11	6346.0	663.0	0.0	5190.0	5525.0	375.0	703.0	23.4	26.1	35.9	34.4
2011-10-18	6669.0	736.0	83.0	5385.0	5540.0	441.0	939.0	24.2	26.3	36.7	34.1
2011-10-25	7339.0	793.0	43.0	6009.0	6262.0	470.0	967.0	25.4	29.6	37.9	37.2
2011-11-01	8051.0	911.0	63.0	6670.0	7039.0	373.0	852.0	24.8	30.0	36.2	37.4
2011-11-08	6461.0	791.0	151.0	5157.0	5470.0	418.0	745.0	28.5	27.7	41.4	36.5
2011-11-15	6787.0	745.0	141.0	5414.0	5668.0	476.0	826.0	27.7	26.1	39.9	35.3
2011-11-22	7086.0	621.0	76.0	5681.0	6004.0	496.0	718.0	23.7	25.6	35.3	35.0
2011-11-29	7462.0	589.0	76.0	6057.0	6305.0	490.0	755.0	21.0	25.2	31.9	34.4
2011-12-06	5937.0	355.0	71.0	4716.0	4762.0	544.0	782.0	22.2	28.9	33.1	36.4
2011-12-13	6326.0	370.0	81.0	5074.0	5168.0	555.0	750.0	21.7	27.9	31.0	34.7
2011-12-20	6745.0	453.0	86.0	5348.0	5577.0	632.0	770.0	18.7	27.6	28.4	34.2
2011-12-27	6966.0	478.0	46.0	5532.0	5764.0	589.0	789.0	18.0	28.0	29.0	35.0
2012-01-03	7134.0	433.0	115.0	5738.0	5910.0	556.0	702.0	18.3	29.3	29.9	37.1
2012-01-10	5860.0	692.0	34.0	4459.0	4969.0	557.0	705.0	27.3	29.2	38.4	38.2
2012-01-17	6353.0	761.0	64.0	4897.0	5495.0	537.0	636.0	24.9	28.4	35.4	37.0
2012-01-24	6761.0	763.0	69.0	5117.0	5676.0	664.0	799.0	22.9	27.5	33.5	35.7
2012-01-31	6898.0	771.0	38.0	5217.0	5904.0	718.0	764.0	22.3	26.8	33.4	35.4
2012-02-07	5263.0	392.0	0.0	3765.0	4236.0	952.0	873.0	20.8	26.6	28.4	34.6
2012-02-14	5901.0	502.0	0.0	4320.0	4813.0	930.0	939.0	21.8	24.6	29.5	32.6
2012-02-21	6322.0	616.0	45.0	4701.0	5376.0	859.0	755.0	20.1	23.1	27.1	30.3
2012-02-28	6781.0	648.0	145.0	5073.0	5690.0	827.0	713.0	18.5	21.0	25.7	27.6
2012-03-06	6370.0	429.0	145.0	4873.0	5217.0	758.0	698.0	18.2	12.9	23.7	19.6
2012-03-13	6905.0	509.0	180.0	5371.0	5752.0	785.0	733.0	18.4	14.7	24.2	21.7
2012-03-20	7112.0	529.0	245.0	5675.0	6066.0	671.0	564.0	17.3	15.3	23.7	22.3
2012-03-27	7265.0	472.0	255.0	5852.0	6113.0	642.0	598.0	15.9	14.4	22.6	21.1
2012-04-03	6102.0	434.0	95.0	4763.0	5165.0	739.0	676.0	18.8	16.7	24.7	24.4
2012-04-10	6328.0	340.0	95.0	5064.0	5476.0	750.0	583.0	16.5	16.9	22.5	24.7
2012-04-17	6706.0	331.0	95.0	5376.0	5841.0	801.0	572.0	15.6	16.6	21.2	25.1
2012-04-24	7480.0	246.0	82.0	6062.0	6502.0	824.0	548.0	13.6	15.1	19.6	22.8
2012-05-01	7660.0	341.0	92.0	6094.0	6604.0	887.0	626.0	13.5	16.6	19.4	24.0
2012-05-08	6537.0	298.0	85.0	5057.0	5547.0	874.0	597.0	12.8	13.8	19.4	21.4
2012-05-15	7285.0	323.0	135.0	5832.0	6223.0	736.0	533.0	13.5	14.4	20.6	22.7
2012-05-22	7906.0	382.0	192.0	6335.0	6794.0	777.0	508.0	14.0	16.0	21.1	24.6
2012-05-29	8437.0	377.0	159.0	6778.0	7283.0	805.0	518.0	13.8	16.1	21.6	24.9
2012-06-05	7112.0	274.0	54.0	5657.0	6156.0	859.0	580.0	14.3	16.6	21.8	26.0
2012-06-12	7753.0	296.0	49.0	6297.0	6855.0	833.0	522.0	15.7	16.5	23.0	25.5
2012-06-19	8188.0	325.0	79.0	6734.0	7272.0	797.0	505.0	17.0	17.4	23.9	27.2
2012-06-26	8643.0	407.0	69.0	7164.0	7763.0	717.0	456.0	16.4	19.3	23.4	29.1
2012-07-03	6850.0	577.0	45.0	5530.0	6159.0	705.0	608.0	17.4	19.1	24.0	27.3
2012-07-10	6914.0	607.0	35.0	5523.0	6235.0	746.0	606.0	18.2	20.3	25.2	29.7
2012-07-17	7258.0	715.0	65.0	5814.0	6581.0	691.0	574.0	19.1	21.1	26.2	29.8
2012-07-24	7604.0	739.0	65.0	6050.0	6927.0	782.0	579.0	19.0	21.8	26.3	30.3
2012-07-31	8067.0	720.0	70.0	6469.0	7370.0	834.0	583.0	18.6	21.5	25.6	29.8
2012-08-07	6543.0	632.0	65.0	5217.0	5871.0	660.0	573.0	23.7	23.0	32.0	32.0
2012-08-14	6702.0	589.0	65.0	5348.0	5880.0	671.0	663.0	22.9	23.4	32.1	31.8
2012-08-21	6831.0	581.0	70.0	5459.0	6004.0	690.0	656.0	24.0	24.4	33.7	32.7
2012-08-28	7293.0	663.0	70.0	5758.0	6369.0	669.0	651.0	23.5	23.6	32.4	31.4
2012-09-04	7775.0	671.0	65.0	6047.0	6652.0	782.0	783.0	21.7	22.6	30.4	30.0
2012-09-11	6575.0	605.0	35.0	4967.0	5408.0	663.0	792.0	20.2	17.4	27.2	24.7
2012-09-18	6976.0	540.0	30.0	5362.0	5773.0	677.0	776.0	18.4	17.4	26.1	24.2
2012-09-25	7512.0	449.0	80.0	5872.0	6144.0	715.0	812.0	17.8	18.2	24.2	24.4
2012-10-02	6338.0	323.0	175.0	5025.0	5059.0	634.0	748.0	19.5	16.0	25.5	22.1
2012-10-09	7217.0	287.0	240.0	5874.0	5939.0	675.0	657.0	18.9	14.2	24.0	19.6
2012-10-16	7710.0	356.0	213.0	6322.0	6370.0	642.0	737.0	17.7	11.9	22.5	17.5
2012-10-23	8278.0	308.0	193.0	6891.0	6870.0	616.0	752.0	17.1	11.8	21.8	16.9
2012-10-30	8654.0	301.0	273.0	7122.0	7075.0	701.0	776.0	16.2	12.4	21.3	17.8
2012-11-06	7367.0	293.0	128.0	5934.0	6038.0	677.0	738.0	12.3	14.8	18.0	21.0
2012-11-13	7805.0	243.0	118.0	6356.0	6439.0	723.0	765.0	12.2	14.8	17.5	21.3
2012-11-20	8304.0	243.0	108.0	6795.0	6880.0	712.0	762.0	12.4	16.1	18.6	22.1
2012-11-27	8882.0	314.0	108.0	7111.0	7295.0	728.0	750.0	12.6	16.1	18.7	21.4
2012-12-04	7656.0	368.0	53.0	6062.0	6386.0	620.0	611.0	16.1	17.4	22.9	24.1
2012-12-11	7901.0	279.0	63.0	6459.0	6800.0	667.0	542.0	14.8	19.3	21.7	27.1
2012-12-18	8460.0	329.0	88.0	6832.0	7274.0	756.0	555.0	15.0	20.7	21.9	29.4
2012-12-24	8501.0	395.0	113.0	6822.0	7295.0	696.0	505.0	15.2	21.3	22.8	30.1
2012-12-31	8679.0	420.0	108.0	6952.0	7402.0	704.0	566.0	14.9	21.7	22.9	30.3
2013-01-08	6547.0	570.0	164.0	5152.0	5610.0	591.0	539.0	23.6	23.8	30.7	33.7
2013-01-15	6914.0	602.0	159.0	5341.0	5845.0	744.0	683.0	22.0	24.7	30.3	34.0
2013-01-22	7337.0	650.0	159.0	5715.0	6254.0	610.0	562.0	21.3	25.0	30.3	34.1
2013-01-29	8097.0	611.0	164.0	6470.0	6994.0	676.0	599.0	20.6	26.1	30.1	34.8
2013-02-05	6771.0	531.0	113.0	5426.0	5925.0	545.0	464.0	19.7	23.5	33.4	31.5
2013-02-12	7964.0	598.0	138.0	6580.0	7132.0	539.0	447.0	19.7	22.1	31.5	29.6
2013-02-19	8282.0	679.0	128.0	6878.0	7539.0	558.0	448.0	20.0	22.8	32.6	30.8
2013-02-26	8881.0	768.0	123.0	7294.0	7978.0	562.0	523.0	20.0	22.7	32.9	30.7
2013-03-05	7109.0	566.0	0.0	5770.0	6274.0	515.0	577.0	16.3	18.0	27.6	25.7
2013-03-12	7614.0	598.0	0.0	6192.0	6691.0	549.0	648.0	17.6	20.0	28.4	27.6
2013-03-19	8323.0	645.0	0.0	6741.0	7285.0	505.0	606.0	16.6	19.5	26.2	27.8
2013-03-26	9317.0	707.0	0.0	7498.0	8255.0	606.0	556.0	17.5	19.2	26.2	27.3
2013-04-02	7453.0	626.0	30.0	5743.0	6440.0	654.0	553.0	21.7	22.7	30.1	31.7
2013-04-09	8360.0	711.0	10.0	6567.0	7226.0	582.0	624.0	20.5	23.3	29.4	31.7
2013-04-16	8607.0	570.0	5.0	6863.0	7460.0	644.0	612.0	20.5	23.4	28.8	32.2
2013-04-23	9246.0	501.0	35.0	7330.0	7900.0	682.0	578.0	20.5	22.3	27.6	30.7
2013-04-30	9973.0	366.0	230.0	8089.0	8325.0	723.0	623.0	23.3	20.8	30.2	28.1
2013-05-07	7179.0	227.0	90.0	5648.0	5870.0	693.0	608.0	19.6	23.0	31.4	31.5
2013-05-14	7335.0	305.0	75.0	5826.0	6151.0	704.0	609.0	22.2	23.6	33.0	33.0
2013-05-21	8418.0	381.0	105.0	6532.0	6822.0	631.0	617.0	21.8	21.2	31.5	30.1
2013-05-28	9191.0	476.0	185.0	7236.0	7505.0	638.0	660.0	20.2	20.2	29.5	28.7
2013-06-04	6960.0	569.0	139.0	5277.0	5687.0	570.0	590.0	18.6	24.2	28.5	32.6
2013-06-11	7307.0	404.0	141.0	5963.0	6234.0	618.0	610.0	19.4	25.8	29.3	33.9
2013-06-18	7785.0	429.0	182.0	6404.0	6644.0	547.0	554.0	20.2	28.0	30.3	35.7
2013-06-25	8631.0	545.0	232.0	7207.0	7608.0	677.0	589.0	19.5	30.3	29.3	37.3
2013-07-02	5791.0	176.0	95.0	4921.0	4980.0	565.0	587.0	21.3	24.9	31.4	34.9
2013-07-09	5991.0	198.0	53.0	5046.0	5168.0	571.0	594.0	21.2	26.6	32.1	38.1
2013-07-16	6686.0	222.0	270.0	5656.0	5582.0	613.0	639.0	23.8	26.2	34.1	38.8
2013-07-23	7127.0	254.0	439.0	6074.0	5773.0	559.0	675.0	24.0	27.7	35.3	39.9
2013-07-30	7701.0	323.0	649.0	6399.0	5961.0	554.0	666.0	22.8	29.3	34.0	40.7
2013-08-06	6131.0	364.0	846.0	4832.0	4225.0	611.0	736.0	16.0	25.8	28.0	32.6
2013-08-13	6467.0	398.0	925.0	5122.0	4482.0	583.0	696.0	18.5	26.3	29.9	33.8
2013-08-20	7618.0	464.0	1281.0	6219.0	5353.0	707.0	756.0	22.1	27.5	33.3	35.2
2013-08-27	8315.0	483.0	1425.0	6727.0	5699.0	740.0	826.0	23.7	26.7	33.9	35.8
2013-09-03	8737.0	450.0	1633.0	7213.0	6023.0	734.0	741.0	25.2	30.0	35.3	39.4
2013-09-10	7095.0	297.0	1161.0	6021.0	5064.0	598.0	691.0	29.8	28.2	41.7	39.5
2013-09-17	7329.0	349.0	1321.0	6283.0	5177.0	547.0	681.0	29.7	27.5	41.7	39.3
2013-09-24	7696.0	339.0	1326.0	6621.0	5660.0	562.0	536.0	29.9	26.6	41.7	38.6
2013-10-01	8019.0	343.0	1350.0	6886.0	5985.0	622.0	516.0	29.3	27.3	41.2	38.8
2013-10-08	5470.0	259.0	736.0	4514.0	4132.0	631.0	536.0	19.5	28.6	32.0	39.2
2013-10-15	6319.0	331.0	879.0	5342.0	4816.0	567.0	545.0	18.8	27.3	31.8	37.4
2013-10-22	7021.0	416.0	1016.0	5903.0	5356.0	613.0	560.0	19.6	27.4	32.5	37.1
2013-10-29	7502.0	481.0	1140.0	6216.0	5579.0	686.0	664.0	19.8	28.5	30.4	37.5
2013-11-05	6033.0	468.0	695.0	4698.0	4570.0	835.0	736.0	19.0	22.5	29.4	32.2
2013-11-12	6471.0	408.0	700.0	4948.0	4847.0	1028.0	837.0	18.4	24.8	28.0	34.5
2013-11-19	6908.0	374.0	563.0	5473.0	5320.0	831.0	795.0	18.0	20.6	26.4	31.7
2013-11-26	7240.0	474.0	603.0	5670.0	5632.0	835.0	744.0	19.8	21.0	27.5	31.5
2013-12-03	5177.0	516.0	55.0	3872.0	4096.0	733.0	970.0	33.0	25.1	40.8	35.6
2013-12-10	5348.0	464.0	55.0	4020.0	4194.0	783.0	1018.0	32.9	24.8	40.4	33.7
2013-12-17	5441.0	464.0	55.0	4063.0	4292.0	828.0	1008.0	31.7	24.8	39.6	34.5
2013-12-24	5593.0	595.0	90.0	4150.0	4463.0	787.0	979.0	31.5	24.0	39.8	34.4
2014-01-07	4460.0	260.0	0.0	3267.0	3411.0	837.0	953.0	32.8	23.5	41.9	32.4
2014-01-14	4908.0	201.0	38.0	3602.0	3683.0	937.0	1019.0	28.8	23.8	39.2	31.0
2014-01-21	5254.0	132.0	132.0	3989.0	3909.0	953.0	1033.0	27.6	23.8	38.0	32.0
2014-01-28	5636.0	95.0	301.0	4460.0	4084.0	901.0	1071.0	25.2	23.9	37.5	32.5
2014-02-04	4340.0	95.0	370.0	3282.0	2938.0	803.0	872.0	17.2	24.3	27.7	30.3
2014-02-11	4743.0	96.0	446.0	3650.0	3180.0	838.0	958.0	18.8	24.5	29.4	30.4
2014-02-18	5164.0	109.0	601.0	4091.0	3421.0	790.0	968.0	22.4	25.7	32.3	31.5
2014-02-25	5576.0	114.0	827.0	4438.0	3717.0	840.0	848.0	25.3	28.6	35.0	35.5
2014-03-04	4491.0	195.0	668.0	3496.0	2964.0	697.0	756.0	28.9	30.2	37.5	38.2
2014-03-11	4670.0	160.0	693.0	3619.0	3062.0	760.0	784.0	28.0	30.3	36.8	38.5
2014-03-18	4996.0	220.0	703.0	3946.0	3444.0	674.0	693.0	26.8	30.7	35.4	38.0
2014-03-25	5350.0	275.0	734.0	4114.0	3725.0	791.0	721.0	25.9	33.2	33.4	41.2
2014-04-01	5712.0	314.0	794.0	4402.0	4002.0	781.0	701.0	26.3	33.5	36.6	42.5
2014-04-08	4369.0	247.0	231.0	3210.0	3339.0	734.0	621.0	26.4	34.6	40.1	46.0
2014-04-15	4470.0	292.0	351.0	3230.0	3307.0	788.0	652.0	26.1	33.2	39.4	43.3
2014-04-22	4601.0	208.0	356.0	3430.0	3404.0	768.0	646.0	24.8	32.0	37.8	41.8
2014-04-29	4762.0	208.0	271.0	3484.0	3508.0	910.0	823.0	24.6	33.0	36.5	43.7
2014-05-06	3822.0	100.0	75.0	2861.0	2904.0	747.0	729.0	30.2	38.3	41.6	47.1
2014-05-13	4003.0	35.0	190.0	3089.0	2975.0	758.0	717.0	28.5	37.3	41.0	45.5
2014-05-20	4222.0	5.0	258.0	3320.0	2995.0	771.0	843.0	27.8	36.0	40.8	43.5
2014-05-27	4343.0	50.0	353.0	3366.0	3016.0	791.0	838.0	27.2	36.4	40.3	43.7
2014-06-03	3254.0	65.0	260.0	2512.0	2141.0	617.0	793.0	27.7	34.3	42.5	41.1
2014-06-10	3495.0	88.0	292.0	2694.0	2375.0	658.0	773.0	26.9	34.9	41.6	42.1
2014-06-17	4217.0	358.0	438.0	3074.0	2898.0	700.0	796.0	28.3	40.8	45.0	48.0
2014-06-24	4493.0	443.0	627.0	3246.0	3030.0	739.0	771.0	28.9	40.7	45.7	47.7
2014-07-01	4599.0	388.0	662.0	3411.0	3115.0	745.0	767.0	26.5	41.9	43.3	50.8
2014-07-08	3837.0	388.0	447.0	2562.0	2676.0	887.0	714.0	32.8	48.5	49.7	56.5
2014-07-15	3950.0	293.0	509.0	2665.0	2683.0	962.0	728.0	28.1	46.3	45.1	55.8
2014-07-22	3936.0	323.0	549.0	2725.0	2735.0	873.0	637.0	27.0	45.8	43.3	55.7
2014-07-29	4267.0	423.0	549.0	2999.0	3165.0	835.0	543.0	25.6	43.0	42.0	52.7
2014-08-05	3519.0	477.0	264.0	2256.0	2604.0	719.0	584.0	25.8	36.5	40.7	48.1
2014-08-12	3815.0	493.0	319.0	2441.0	2866.0	810.0	559.0	24.0	35.3	37.2	46.0
2014-08-19	4100.0	533.0	334.0	2738.0	3076.0	733.0	594.0	25.5	33.8	38.4	45.0
2014-08-26	4329.0	444.0	354.0	2997.0	3262.0	726.0	551.0	26.6	32.1	38.6	42.9
2014-09-02	4525.0	504.0	400.0	3131.0	3335.0	681.0	581.0	25.9	32.6	37.9	44.0
2014-09-09	3736.0	321.0	303.0	2689.0	2679.0	524.0	552.0	25.8	33.1	40.6	44.3
2014-09-16	3859.0	234.0	323.0	2804.0	2572.0	592.0	735.0	24.6	31.0	37.4	41.0
2014-09-23	4095.0	207.0	395.0	3035.0	2666.0	594.0	775.0	24.4	30.6	37.5	39.8
2014-09-30	4385.0	157.0	551.0	3267.0	2821.0	660.0	712.0	26.5	25.8	38.5	34.7
2014-10-07	3409.0	97.0	449.0	2565.0	2047.0	577.0	743.0	22.7	23.7	36.5	33.0
2014-10-14	3691.0	35.0	509.0	2898.0	2219.0	553.0	758.0	21.6	23.1	35.6	31.9
2014-10-21	4005.0	61.0	540.0	3164.0	2470.0	571.0	786.0	21.0	23.6	35.0	32.5
2014-10-28	4291.0	157.0	490.0	3324.0	2765.0	541.0	767.0	19.8	21.9	33.8	30.9
2014-11-04	3824.0	384.0	230.0	2855.0	2932.0	470.0	547.0	22.1	24.2	35.7	36.3
2014-11-11	4017.0	419.0	315.0	3058.0	3080.0	430.0	512.0	22.6	26.3	36.2	36.0
2014-11-18	4219.0	469.0	335.0	3199.0	3266.0	465.0	532.0	22.5	27.1	36.6	38.0
2014-11-25	4403.0	494.0	360.0	3288.0	3378.0	528.0	572.0	23.0	26.7	37.0	38.1
2014-12-02	3914.0	352.0	180.0	2920.0	3057.0	594.0	629.0	23.3	22.9	31.9	32.3
2014-12-09	4174.0	322.0	240.0	3083.0	3160.0	629.0	634.0	21.1	20.4	29.9	29.9
2014-12-16	4153.0	317.0	335.0	3022.0	2988.0	669.0	685.0	21.5	23.5	30.0	30.3
2014-12-23	4298.0	297.0	505.0	3054.0	2909.0	777.0	714.0	22.4	27.6	31.2	34.0
2014-12-30	4315.0	222.0	519.0	3114.0	2885.0	771.0	703.0	22.3	26.8	31.4	33.2
2015-01-06	3239.0	147.0	329.0	2168.0	2010.0	683.0	659.0	23.2	28.8	34.5	35.9
2015-01-13	3762.0	167.0	467.0	2596.0	2311.0	719.0	704.0	20.7	26.7	31.0	32.0
2015-01-20	4024.0	189.0	557.0	2943.0	2520.0	619.0	674.0	21.4	27.3	32.4	32.7
2015-01-27	4503.0	184.0	666.0	3346.0	2912.0	660.0	612.0	19.9	26.7	29.9	32.8
2015-02-03	3578.0	85.0	477.0	2637.0	2273.0	603.0	575.0	19.3	26.2	27.2	33.0
2015-02-10	3691.0	45.0	498.0	2809.0	2364.0	553.0	545.0	18.8	25.7	29.3	33.1
2015-02-17	3915.0	65.0	431.0	3004.0	2596.0	558.0	600.0	18.2	22.3	27.9	28.9
2015-02-24	4101.0	65.0	421.0	3058.0	2797.0	659.0	564.0	18.5	22.1	27.7	30.2
2015-03-03	3052.0	115.0	71.0	2193.0	2149.0	525.0	613.0	19.8	17.7	30.1	23.1
2015-03-10	3139.0	196.0	133.0	2203.0	2205.0	536.0	597.0	21.8	19.5	32.3	26.1
2015-03-17	3226.0	191.0	71.0	2277.0	2297.0	544.0	644.0	20.8	19.4	32.1	26.0
2015-03-24	3316.0	229.0	66.0	2215.0	2268.0	660.0	770.0	20.0	20.3	31.3	27.3
2015-03-31	3557.0	210.0	66.0	2372.0	2441.0	709.0	784.0	18.9	21.1	29.6	28.5
2015-04-07	2741.0	296.0	25.0	1525.0	1837.0	709.0	668.0	21.3	21.5	30.2	31.5
2015-04-14	2795.0	361.0	60.0	1604.0	1920.0	708.0	693.0	20.8	21.2	30.4	32.2
2015-04-21	3035.0	406.0	74.0	1747.0	2126.0	740.0	693.0	21.4	21.8	31.0	30.6
2015-04-28	3146.0	441.0	59.0	1767.0	2198.0	777.0	728.0	21.3	21.1	30.9	30.6
2015-05-05	2377.0	542.0	54.0	975.0	1574.0	791.0	680.0	27.1	25.2	36.9	40.3
2015-05-12	2553.0	507.0	114.0	1162.0	1714.0	829.0	670.0	26.6	24.7	36.5	39.0
2015-05-19	2651.0	502.0	107.0	1199.0	1829.0	890.0	655.0	26.0	25.0	36.2	39.9
2015-05-26	2775.0	532.0	92.0	1465.0	1996.0	718.0	627.0	26.5	25.3	37.4	39.1
2015-06-02	2119.0	359.0	25.0	1099.0	1481.0	555.0	507.0	25.2	25.0	32.9	35.5
2015-06-09	2278.0	364.0	50.0	1172.0	1599.0	646.0	533.0	24.4	25.6	32.1	35.0
2015-06-16	2355.0	369.0	45.0	1204.0	1666.0	666.0	528.0	23.8	25.0	31.5	35.1
2015-06-23	2428.0	379.0	75.0	1247.0	1701.0	671.0	521.0	22.9	24.6	30.5	34.7
2015-06-30	2554.0	399.0	127.0	1284.0	1747.0	757.0	566.0	22.5	25.2	31.0	35.2
2015-07-07	1875.0	209.0	67.0	904.0	1259.0	679.0	466.0	25.8	27.3	33.8	40.3
2015-07-14	1949.0	204.0	62.0	1087.0	1346.0	546.0	429.0	25.4	27.0	34.5	39.6
2015-07-21	2046.0	197.0	62.0	1078.0	1343.0	641.0	511.0	24.3	26.0	33.4	37.2
2015-07-28	2185.0	204.0	124.0	1211.0	1404.0	575.0	462.0	22.4	21.4	32.6	31.7
2015-08-04	1860.0	96.0	107.0	1134.0	1197.0	445.0	371.0	21.1	18.4	30.9	30.0
2015-08-11	1950.0	121.0	107.0	1219.0	1242.0	425.0	416.0	18.6	17.6	29.0	28.2
2015-08-18	2022.0	122.0	81.0	1273.0	1257.0	429.0	486.0	18.9	16.2	29.0	25.4
2015-08-25	2132.0	121.0	88.0	1338.0	1377.0	427.0	421.0	18.9	15.2	28.3	24.0
2015-09-01	2561.0	177.0	52.0	1628.0	1652.0	445.0	546.0	18.5	12.5	28.1	21.4
2015-09-08	2034.0	199.0	0.0	1065.0	1203.0	487.0	548.0	20.8	14.6	27.8	22.8
2015-09-15	2081.0	186.0	0.0	1085.0	1168.0	522.0	625.0	19.7	15.4	27.2	22.2
2015-09-22	2116.0	160.0	27.0	1117.0	1223.0	569.0	596.0	19.4	15.4	26.6	23.2
2015-09-29	2153.0	115.0	85.0	1142.0	1138.0	619.0	653.0	16.3	14.9	23.3	22.8
2015-10-13	1781.0	221.0	126.0	901.0	875.0	422.0	543.0	24.6	14.4	31.6	22.9
2015-10-20	1804.0	216.0	136.0	952.0	918.0	414.0	528.0	24.3	14.4	31.2	22.9
2015-10-27	1945.0	222.0	126.0	1045.0	966.0	363.0	538.0	20.5	14.2	29.5	21.4
2015-11-03	1564.0	97.0	44.0	899.0	804.0	256.0	404.0	17.5	14.8	25.6	18.0
2015-11-10	1706.0	117.0	45.0	1029.0	939.0	218.0	380.0	16.9	13.8	25.5	18.6
2015-11-17	1731.0	131.0	104.0	1039.0	914.0	248.0	400.0	17.2	14.3	26.0	20.0
2015-11-24	1886.0	121.0	144.0	1159.0	1074.0	268.0	330.0	17.7	14.2	24.9	21.2
2015-12-01	1979.0	121.0	176.0	1199.0	1028.0	295.0	411.0	17.1	11.3	24.1	18.0
2015-12-08	1556.0	155.0	222.0	987.0	802.0	214.0	332.0	20.6	16.4	31.6	26.2
2015-12-15	1584.0	226.0	243.0	922.0	808.0	245.0	342.0	21.9	17.1	32.9	26.2
2015-12-22	1697.0	227.0	289.0	990.0	826.0	275.0	377.0	20.4	19.9	31.6	28.7
2015-12-29	1754.0	249.0	312.0	1008.0	787.0	292.0	450.0	20.1	22.6	32.6	32.5
2016-01-26	1544.0	122.0	268.0	789.0	626.0	425.0	442.0	25.1	28.8	38.3	37.0
2016-03-29	1619.0	345.0	0.0	738.0	1112.0	352.0	323.0	28.9	29.1	43.1	40.8
2016-04-05	1535.0	235.0	14.0	803.0	1021.0	313.0	316.0	35.8	26.1	47.2	40.4
2016-04-12	1678.0	268.0	54.0	941.0	1116.0	280.0	319.0	38.1	29.9	51.5	42.9
2016-04-19	1803.0	294.0	79.0	985.0	1156.0	330.0	374.0	37.2	29.7	51.0	42.9
2016-04-26	1828.0	320.0	90.0	948.0	1161.0	352.0	369.0	36.2	29.6	49.7	44.5
2016-05-17	1651.0	243.0	105.0	864.0	994.0	350.0	358.0	31.3	28.5	42.6	42.4
2016-05-24	1832.0	295.0	178.0	995.0	1094.0	343.0	361.0	24.2	23.2	37.1	35.4
2016-05-31	2139.0	280.0	178.0	1293.0	1402.0	324.0	317.0	21.2	20.1	32.4	30.9
2016-06-07	1609.0	129.0	68.0	974.0	1082.0	279.0	232.0	14.8	18.5	24.4	27.0
2016-06-14	1816.0	123.0	98.0	1178.0	1273.0	277.0	207.0	14.9	17.4	24.9	26.8
2016-06-21	1849.0	147.0	77.0	1193.0	1318.0	277.0	222.0	14.9	17.1	25.0	26.6
2016-06-28	1924.0	134.0	87.0	1197.0	1340.0	356.0	260.0	14.1	16.6	23.3	25.3
2016-07-05	1493.0	96.0	134.0	964.0	930.0	255.0	251.0	21.8	13.8	28.5	23.7
2016-07-12	1572.0	128.0	171.0	976.0	960.0	280.0	253.0	22.7	16.4	30.7	25.5
2016-07-19	1628.0	133.0	197.0	963.0	930.0	334.0	303.0	23.8	16.6	31.8	26.2
2016-07-26	1789.0	135.0	261.0	1050.0	957.0	401.0	368.0	25.7	17.3	32.3	27.3
2016-08-16	1520.0	84.0	168.0	842.0	797.0	374.0	335.0	13.2	15.1	21.6	22.9
2016-08-23	1538.0	100.0	179.0	798.0	797.0	411.0	333.0	14.6	15.1	20.7	23.6
2016-12-06	1979.0	63.0	25.0	1500.0	1590.0	301.0	249.0	23.3	14.0	24.6	21.5
2016-12-13	2210.0	71.0	25.0	1788.0	1801.0	231.0	264.0	22.8	13.9	27.1	21.2
2016-12-20	2250.0	127.0	25.0	1765.0	1836.0	233.0	264.0	21.4	14.2	26.6	21.6
2016-12-27	2313.0	127.0	25.0	1828.0	1901.0	218.0	247.0	19.7	14.0	25.4	21.2
2017-01-03	2333.0	82.0	25.0	1816.0	1932.0	295.0	236.0	17.0	13.6	21.6	21.4
2017-01-31	2589.0	229.0	0.0	2124.0	2233.0	210.0	330.0	17.1	17.2	26.0	24.1
