2006-11-28	14756.0	1450.0	0.0	12582.0	13838.0	594.0	788.0	49.1	78.8	66.1	79.8
2006-12-05	15380.0	1270.0	0.0	13112.0	14662.0	828.0	548.0	49.0	80.7	65.0	81.8
2006-12-12	15778.0	60.0	492.0	14492.0	14852.0	1062.0	270.0	48.7	77.2	67.4	83.8
2006-12-19	15634.0	60.0	482.0	14350.0	14698.0	1060.0	290.0	48.2	76.9	67.0	83.5
2006-12-26	15634.0	0.0	902.0	14350.0	14218.0	1060.0	290.0	48.2	73.8	67.0	83.1
2007-01-03	15434.0	0.0	1032.0	14056.0	14038.0	1294.0	280.0	49.0	73.4	67.7	83.2
2007-01-09	15390.0	0.0	1032.0	14004.0	13894.0	1302.0	380.0	49.1	72.7	67.5	82.5
2007-01-16	15420.0	0.0	560.0	14264.0	14004.0	1096.0	796.0	49.0	71.1	67.3	77.9
2007-01-23	15866.0	46.0	560.0	14504.0	14494.0	1256.0	752.0	49.1	72.2	66.9	78.7
2007-01-30	15602.0	52.0	520.0	14474.0	14270.0	1016.0	752.0	49.7	71.6	67.9	78.4
2007-02-06	15977.0	1856.0	0.0	12963.0	15117.0	1008.0	710.0	46.1	67.6	63.2	73.0
2007-02-13	15937.0	1856.0	0.0	12963.0	15077.0	968.0	710.0	46.2	67.8	63.4	73.2
2007-02-20	16037.0	1856.0	0.0	13063.0	15177.0	968.0	710.0	47.8	70.1	65.7	75.5
2007-02-27	15942.0	1856.0	40.0	12888.0	14922.0	1048.0	830.0	48.3	67.6	65.7	73.3
2007-03-06	14993.0	1635.0	40.0	12328.0	14161.0	930.0	692.0	49.2	67.6	66.5	72.8
2007-03-13	14903.0	1595.0	40.0	12138.0	14081.0	1070.0	682.0	50.2	69.7	65.9	74.8
2007-03-20	14967.0	1595.0	40.0	12202.0	14121.0	1070.0	706.0	49.6	69.2	64.4	74.4
2007-03-27	14963.0	1315.0	40.0	12518.0	14137.0	1030.0	686.0	47.7	69.2	62.8	74.4
2007-04-03	14282.0	1147.0	60.0	11939.0	13390.0	1106.0	742.0	44.5	69.3	59.9	73.7
2007-04-10	14300.0	1087.0	60.0	11987.0	13378.0	1106.0	742.0	44.4	69.2	59.7	73.6
2007-04-17	14300.0	1087.0	60.0	11979.0	13378.0	1114.0	742.0	44.3	69.2	59.7	73.6
2007-04-24	14406.0	1087.0	60.0	11979.0	13638.0	1220.0	588.0	43.9	70.4	59.2	74.8
2007-05-01	13597.0	960.0	60.0	11757.0	12933.0	770.0	494.0	44.0	73.5	60.6	77.2
2007-05-08	13797.0	960.0	60.0	11957.0	13133.0	770.0	494.0	43.3	72.5	59.7	77.6
2007-05-15	13797.0	960.0	60.0	11957.0	13133.0	770.0	494.0	43.3	72.5	59.7	77.6
2007-05-22	13910.0	960.0	60.0	12070.0	13250.0	770.0	490.0	46.3	71.9	62.6	78.7
2007-05-29	13325.0	960.0	384.0	11495.0	12645.0	736.0	162.0	44.5	69.4	62.1	78.5
2007-06-05	12533.0	834.0	370.0	10923.0	11877.0	652.0	162.0	43.9	69.3	61.5	79.3
2007-06-12	12727.0	834.0	370.0	11117.0	11791.0	652.0	442.0	45.0	68.3	62.9	78.1
2007-06-19	12747.0	834.0	370.0	11137.0	11791.0	652.0	462.0	44.8	68.2	62.9	78.0
2007-06-26	13059.0	834.0	398.0	11433.0	12359.0	656.0	166.0	44.3	64.1	61.2	73.7
2007-07-03	12336.0	709.0	376.0	10905.0	11604.0	596.0	230.0	43.3	63.4	60.4	73.3
2007-07-10	12336.0	709.0	376.0	10905.0	11604.0	596.0	230.0	43.3	63.4	60.4	73.3
2007-07-17	12436.0	709.0	376.0	11005.0	11704.0	596.0	230.0	42.6	63.7	59.5	73.6
2007-07-24	12528.0	709.0	416.0	11103.0	11752.0	590.0	234.0	42.4	63.2	59.2	73.3
2007-07-31	12136.0	555.0	370.0	10937.0	11440.0	548.0	230.0	43.6	59.2	59.7	71.5
2007-08-07	12136.0	555.0	358.0	10925.0	11440.0	560.0	242.0	43.6	59.2	59.6	71.4
2007-08-14	12130.0	555.0	358.0	10925.0	11464.0	584.0	242.0	43.6	59.5	59.6	71.6
2007-08-21	12130.0	555.0	358.0	10925.0	11464.0	584.0	242.0	44.7	60.6	60.8	72.7
2007-08-28	12177.0	555.0	414.0	10948.0	11431.0	608.0	266.0	44.7	60.1	60.9	72.1
2007-09-04	11467.0	422.0	368.0	10219.0	10797.0	790.0	266.0	44.3	61.0	60.9	73.6
2007-09-11	11531.0	422.0	368.0	9455.0	10843.0	1618.0	284.0	40.6	60.6	56.0	73.2
2007-09-18	11551.0	422.0	344.0	9451.0	10839.0	1618.0	308.0	40.5	60.4	55.8	72.7
2007-09-25	11533.0	422.0	362.0	9451.0	10821.0	1594.0	284.0	40.6	60.3	55.8	72.8
2007-10-02	10772.0	240.0	162.0	9134.0	10168.0	1314.0	358.0	40.8	61.0	56.6	73.8
2007-10-09	10758.0	240.0	162.0	9120.0	10154.0	1314.0	358.0	40.8	60.2	56.7	73.4
2007-10-16	10998.0	240.0	162.0	9360.0	10394.0	1314.0	358.0	39.9	56.7	55.5	71.4
2007-10-23	11086.0	240.0	162.0	9448.0	10482.0	1314.0	358.0	40.7	57.3	56.1	71.9
2007-10-30	11188.0	240.0	162.0	9550.0	10584.0	1314.0	358.0	40.7	57.8	55.2	72.3
2007-11-06	10502.0	159.0	0.0	8737.0	9938.0	1586.0	544.0	40.7	58.5	55.6	73.3
2007-11-13	10522.0	159.0	0.0	8737.0	9958.0	1606.0	544.0	40.4	58.4	55.3	73.1
2007-11-20	10520.0	159.0	0.0	8735.0	9960.0	1606.0	540.0	40.4	58.4	55.3	73.2
2007-11-27	10520.0	159.0	0.0	8735.0	9960.0	1606.0	540.0	40.4	58.4	55.3	73.2
2007-12-04	9897.0	79.0	0.0	8538.0	9072.0	1270.0	815.0	43.6	58.3	59.5	72.5
2007-12-11	10200.0	79.0	0.0	8841.0	9178.0	1270.0	1012.0	44.7	56.6	61.3	71.0
2007-12-18	10200.0	79.0	0.0	8857.0	9464.0	1254.0	726.0	44.7	56.5	61.3	72.0
2007-12-24	10256.0	79.0	0.0	8913.0	9520.0	1254.0	726.0	45.0	56.1	61.5	72.2
2008-01-15	9549.0	0.0	0.0	8209.0	8831.0	1340.0	718.0	45.9	61.4	64.3	77.7
2008-01-22	9549.0	0.0	0.0	8209.0	8831.0	1340.0	718.0	45.9	61.4	64.3	77.7
2008-01-29	9669.0	0.0	0.0	8309.0	8951.0	1360.0	718.0	47.1	60.6	64.6	77.9
2008-02-26	9700.0	0.0	0.0	8416.0	8896.0	1284.0	804.0	48.6	57.4	66.5	75.4
2008-10-07	11950.0	0.0	120.0	10998.0	10362.0	952.0	1468.0	41.6	44.9	55.0	53.8
2008-10-14	12416.0	0.0	120.0	11364.0	10888.0	1052.0	1408.0	33.3	40.3	46.6	49.6
2008-10-21	13428.0	0.0	120.0	12352.0	11900.0	1076.0	1408.0	38.9	47.6	53.5	56.2
2008-10-28	13526.0	0.0	120.0	12396.0	12036.0	1130.0	1370.0	37.7	47.3	53.0	56.9
2008-11-04	13368.0	0.0	80.0	12124.0	11976.0	1244.0	1312.0	39.0	49.9	54.3	59.6
2008-11-11	13388.0	0.0	80.0	12144.0	11996.0	1244.0	1312.0	38.0	49.0	53.3	58.7
2008-11-18	13728.0	0.0	80.0	12484.0	12336.0	1244.0	1312.0	36.6	46.1	51.5	54.3
2008-11-25	13848.0	0.0	80.0	12580.0	12432.0	1268.0	1336.0	36.3	44.8	50.2	53.0
2008-12-02	13326.0	0.0	40.0	12122.0	11988.0	1204.0	1298.0	38.1	45.8	51.8	55.2
2008-12-09	13618.0	0.0	0.0	12470.0	12404.0	1148.0	1214.0	36.8	44.1	51.3	57.1
2008-12-16	13897.0	0.0	0.0	12661.0	12603.0	1236.0	1294.0	38.3	43.9	51.6	57.1
2008-12-22	13992.0	0.0	0.0	12860.0	12694.0	1132.0	1298.0	38.8	44.9	52.8	58.0
2008-12-30	14112.0	0.0	0.0	12980.0	12646.0	1132.0	1466.0	39.3	45.3	54.4	58.3
2009-01-06	13546.0	0.0	0.0	12488.0	12128.0	1058.0	1418.0	41.7	48.3	58.6	61.7
2009-01-13	14016.0	0.0	0.0	12762.0	12558.0	1254.0	1458.0	39.4	49.9	56.9	61.1
2009-01-20	14011.0	0.0	0.0	12757.0	12563.0	1254.0	1448.0	39.5	50.0	56.9	61.1
2009-01-27	14213.0	0.0	0.0	12967.0	12765.0	1246.0	1448.0	39.0	49.3	57.7	61.8
2009-02-03	13695.0	0.0	0.0	12481.0	12311.0	1214.0	1384.0	39.9	49.9	58.2	62.0
2009-02-10	13675.0	0.0	0.0	12461.0	12291.0	1214.0	1384.0	39.9	49.9	58.1	62.0
2009-02-17	30225.0	0.0	0.0	12637.0	28173.0	17588.0	2052.0	17.7	70.1	25.5	78.0
2009-02-24	14055.0	0.0	0.0	13327.0	12497.0	728.0	1558.0	39.2	47.6	58.2	59.3
2009-03-03	13480.0	0.0	0.0	12810.0	11962.0	670.0	1518.0	35.0	43.6	55.0	54.7
2009-03-10	13598.0	0.0	0.0	12880.0	12120.0	718.0	1478.0	34.9	42.9	54.5	54.6
2009-03-17	13864.0	0.0	0.0	13146.0	12386.0	718.0	1478.0	35.8	43.2	54.3	54.4
2009-03-24	13504.0	0.0	0.0	12786.0	12026.0	718.0	1478.0	36.8	43.9	55.7	55.8
2009-03-31	13023.0	0.0	0.0	12357.0	11637.0	666.0	1386.0	37.5	44.5	56.5	55.9
2009-04-07	13697.0	0.0	0.0	12659.0	12293.0	1038.0	1404.0	37.5	46.7	55.5	57.5
2009-04-14	13989.0	0.0	0.0	12855.0	12425.0	1134.0	1564.0	36.7	46.6	55.1	56.6
2009-04-21	14677.0	0.0	0.0	13543.0	13113.0	1134.0	1564.0	34.8	41.1	51.1	49.9
2009-04-28	15047.0	0.0	0.0	14102.0	13483.0	945.0	1564.0	37.4	41.7	52.7	50.4
2009-05-05	15263.0	0.0	0.0	14360.0	13719.0	903.0	1544.0	35.5	39.8	50.5	47.5
2009-05-12	15495.0	0.0	0.0	14600.0	13899.0	895.0	1596.0	35.4	40.7	50.1	46.8
2009-05-19	16167.0	0.0	0.0	15272.0	14499.0	895.0	1668.0	34.8	43.5	49.1	47.9
2009-05-26	16095.0	0.0	0.0	15208.0	14427.0	887.0	1668.0	35.2	44.0	49.6	48.3
2010-03-16	13310.0	0.0	0.0	11526.0	11952.0	1784.0	1358.0	30.7	67.9	52.6	69.1
2010-03-23	13424.0	0.0	0.0	11550.0	11922.0	1874.0	1502.0	30.6	67.8	52.9	69.0
2010-03-30	13457.0	0.0	0.0	11559.0	11955.0	1898.0	1502.0	29.6	66.7	51.4	67.8
2010-04-13	13006.0	0.0	0.0	11373.0	11504.0	1633.0	1502.0	30.2	65.7	52.0	66.3
2010-04-20	13185.0	0.0	0.0	11508.0	11729.0	1677.0	1456.0	31.4	64.8	52.9	65.9
2010-04-27	13318.0	0.0	0.0	11505.0	11862.0	1813.0	1456.0	31.3	64.7	53.1	65.8
2010-05-18	13386.0	0.0	0.0	11621.0	12264.0	1765.0	1122.0	29.4	66.9	49.6	68.8
2010-05-25	13486.0	0.0	0.0	11739.0	12360.0	1747.0	1126.0	29.8	67.2	49.8	69.3
2010-06-15	13051.0	0.0	0.0	11300.0	11855.0	1751.0	1196.0	29.5	66.4	49.7	68.2
2010-06-22	13077.0	0.0	0.0	11304.0	11877.0	1773.0	1200.0	29.5	66.4	49.6	68.2
2010-06-29	13103.0	0.0	0.0	11273.0	11913.0	1830.0	1190.0	29.5	66.5	49.2	68.2
2010-07-06	12404.0	0.0	0.0	10636.0	11278.0	1768.0	1126.0	30.6	66.2	49.5	68.0
2010-07-13	12440.0	0.0	0.0	10648.0	11314.0	1792.0	1126.0	30.2	66.0	49.3	67.8
2010-07-20	12440.0	0.0	0.0	10626.0	11314.0	1814.0	1126.0	30.2	66.0	49.3	67.8
2010-07-27	12488.0	0.0	0.0	10638.0	11356.0	1850.0	1132.0	30.2	66.1	49.2	67.8
2010-08-03	11778.0	0.0	0.0	10070.0	10690.0	1708.0	1088.0	31.1	65.8	50.8	67.3
2010-08-10	12138.0	0.0	0.0	10430.0	11090.0	1708.0	1048.0	30.1	66.8	49.3	68.6
2010-08-17	12148.0	0.0	0.0	10430.0	11090.0	1718.0	1058.0	30.1	66.8	49.3	68.5
2010-08-24	12316.0	0.0	0.0	10478.0	11138.0	1838.0	1178.0	29.9	66.1	48.8	67.8
2010-09-14	12014.0	569.0	0.0	9527.0	10196.0	1918.0	1818.0	31.3	63.4	50.1	65.4
2010-09-21	12398.0	569.0	0.0	9551.0	10628.0	2278.0	1770.0	30.5	61.9	46.9	63.9
2010-09-28	12400.0	583.0	0.0	9551.0	10630.0	2266.0	1770.0	30.5	61.9	47.0	63.9
2010-11-02	10815.0	649.0	0.0	8202.0	9062.0	1964.0	1753.0	31.6	61.2	50.3	61.7
2010-11-09	10867.0	667.0	0.0	8190.0	9110.0	2010.0	1757.0	31.9	61.4	50.5	62.2
2010-11-16	10867.0	667.0	0.0	8190.0	9110.0	2010.0	1757.0	31.9	61.4	50.5	62.2
2010-11-23	10989.0	679.0	0.0	8298.0	9208.0	2012.0	1781.0	31.4	60.8	50.5	61.9
2010-11-30	10343.0	659.0	0.0	7793.0	8643.0	1891.0	1700.0	32.0	59.2	51.3	62.0
2010-12-07	10167.0	675.0	0.0	8099.0	8659.0	1393.0	1508.0	32.7	60.5	52.5	63.4
2010-12-14	10191.0	699.0	0.0	8099.0	8683.0	1393.0	1508.0	32.8	60.6	52.6	63.4
2010-12-21	10433.0	699.0	0.0	8339.0	8949.0	1395.0	1484.0	32.3	61.2	51.7	64.3
2010-12-28	10673.0	699.0	0.0	8509.0	8949.0	1465.0	1724.0	36.1	59.8	55.0	62.8
2011-05-17	10811.0	642.0	1038.0	7605.0	8533.0	2534.0	1210.0	27.9	47.1	43.3	62.8
2011-05-24	11067.0	651.0	1046.0	8067.0	8887.0	2281.0	1066.0	28.0	47.7	45.1	63.1
2011-05-31	10718.0	624.0	1042.0	7837.0	8456.0	2181.0	1144.0	27.7	47.3	44.0	61.3
2011-06-07	10612.0	628.0	874.0	7683.0	8568.0	2225.0	1094.0	27.4	48.0	43.8	60.5
2011-06-14	10612.0	630.0	874.0	7317.0	8444.0	2589.0	1218.0	26.7	48.0	41.0	60.5
2011-06-21	10592.0	630.0	874.0	7297.0	8454.0	2589.0	1188.0	27.0	48.0	41.0	60.8
2011-06-28	10666.0	630.0	874.0	7313.0	8452.0	2647.0	1264.0	27.0	47.7	40.9	60.4
2011-07-05	10413.0	601.0	866.0	7087.0	8307.0	2657.0	1172.0	26.2	46.8	39.8	58.6
2011-07-12	10449.0	601.0	866.0	7087.0	8307.0	2693.0	1208.0	26.1	46.6	39.7	58.4
2011-07-19	10385.0	601.0	866.0	7125.0	8243.0	2591.0	1208.0	27.2	46.9	40.9	58.8
2011-07-26	10497.0	601.0	866.0	7201.0	8427.0	2627.0	1136.0	27.0	46.4	40.6	58.1
2011-08-02	10134.0	566.0	852.0	6995.0	8176.0	2499.0	1032.0	27.9	46.6	41.6	58.4
2011-08-09	10494.0	566.0	852.0	7299.0	8450.0	2585.0	1148.0	26.9	46.5	40.2	58.8
2011-08-16	10504.0	686.0	852.0	7299.0	8450.0	2325.0	1008.0	25.8	46.4	40.1	58.7
2011-08-23	10492.0	686.0	852.0	7527.0	8438.0	2085.0	1008.0	26.0	46.5	40.2	58.8
2011-08-30	10524.0	686.0	852.0	7561.0	8468.0	2083.0	1010.0	26.2	46.6	40.7	59.2
2011-09-06	10093.0	657.0	858.0	7238.0	8143.0	2010.0	904.0	27.2	48.6	42.5	60.6
2011-09-13	10091.0	657.0	858.0	7234.0	8143.0	2012.0	902.0	27.2	48.6	42.5	60.6
2011-09-20	10190.0	657.0	848.0	7375.0	8222.0	1964.0	926.0	26.9	47.4	41.1	58.4
2011-09-27	10250.0	677.0	848.0	7415.0	8282.0	1964.0	926.0	27.0	47.9	42.6	59.7
2011-10-04	9667.0	664.0	720.0	6684.0	7823.0	2161.0	966.0	27.3	47.4	42.1	59.6
2011-10-11	9832.0	667.0	720.0	6848.0	8047.0	2159.0	907.0	29.0	44.1	44.4	60.7
2011-10-18	9796.0	547.0	720.0	6464.0	7677.0	2507.0	1121.0	29.1	44.3	43.3	58.6
2011-10-25	10078.0	535.0	738.0	6994.0	7835.0	2259.0	1215.0	28.8	43.3	43.7	57.2
2011-11-01	9987.0	510.0	858.0	7096.0	7496.0	2091.0	1343.0	30.3	40.6	45.4	54.9
2011-11-08	10327.0	510.0	858.0	7436.0	8316.0	2091.0	863.0	30.5	39.0	45.0	57.6
2011-11-15	10737.0	732.0	720.0	7460.0	9014.0	2117.0	575.0	31.3	41.5	43.7	59.9
2011-11-22	10771.0	742.0	720.0	7484.0	9024.0	2117.0	599.0	29.9	39.9	42.3	58.2
2011-11-29	10907.0	862.0	720.0	7500.0	9170.0	2237.0	709.0	27.3	38.7	40.7	56.8
2011-12-06	10622.0	707.0	720.0	7100.0	8689.0	2387.0	785.0	28.1	38.9	41.0	57.0
2011-12-13	10828.0	587.0	720.0	7306.0	8775.0	2387.0	785.0	28.5	37.1	41.2	55.8
2011-12-20	10666.0	487.0	858.0	7336.0	8523.0	2433.0	875.0	28.7	36.3	43.5	56.0
2011-12-27	10562.0	487.0	858.0	7078.0	8471.0	2587.0	823.0	29.0	36.5	44.0	56.3
2012-03-06	9261.0	400.0	680.0	6689.0	7290.0	1808.0	927.0	29.4	34.6	43.7	53.8
2012-03-13	9491.0	400.0	680.0	6895.0	7328.0	1832.0	1119.0	28.6	33.5	42.5	51.0
2012-03-20	9491.0	424.0	680.0	6895.0	7328.0	1832.0	1143.0	28.6	33.5	42.5	51.0
2012-03-27	9571.0	424.0	680.0	6975.0	7408.0	1832.0	1143.0	28.3	32.4	41.3	49.7
2012-04-17	9181.0	372.0	670.0	6513.0	7024.0	1968.0	1159.0	27.1	33.0	40.0	49.5
2012-04-24	9261.0	372.0	690.0	6593.0	7084.0	1968.0	1159.0	26.3	32.8	40.1	49.5
2012-05-01	8783.0	348.0	798.0	6377.0	6660.0	1860.0	1127.0	27.7	33.0	40.6	48.2
2012-05-08	8833.0	348.0	822.0	6307.0	6686.0	1980.0	1127.0	27.5	34.2	40.6	49.3
2012-05-15	8943.0	348.0	870.0	6417.0	6720.0	1980.0	1155.0	27.7	33.8	41.6	49.4
2012-05-22	9103.0	348.0	1110.0	7077.0	6788.0	1600.0	1127.0	30.7	33.2	46.5	50.6
2012-05-29	9103.0	348.0	1110.0	7077.0	6788.0	1600.0	1127.0	30.7	33.2	46.5	50.6
2012-07-10	8488.0	296.0	1108.0	6596.0	6106.0	1536.0	1214.0	31.3	35.7	45.4	51.4
2012-07-17	8569.0	293.0	1108.0	6441.0	6059.0	1775.0	1342.0	31.0	35.4	45.2	50.9
2012-07-24	8569.0	293.0	1108.0	6441.0	6059.0	1775.0	1342.0	31.0	35.0	45.2	50.5
2012-07-31	8258.0	264.0	1030.0	6411.0	5947.0	1527.0	1225.0	29.8	33.9	44.3	48.2
2012-08-07	8466.0	264.0	1120.0	6507.0	5929.0	1659.0	1381.0	30.4	34.2	44.6	48.1
2012-08-14	8454.0	264.0	1120.0	6507.0	5929.0	1647.0	1369.0	30.5	34.2	44.6	48.1
2012-08-21	8500.0	264.0	1180.0	6577.0	5915.0	1623.0	1369.0	31.3	34.7	45.4	48.6
2012-08-28	8594.0	264.0	1300.0	6671.0	5889.0	1623.0	1369.0	31.5	35.7	45.4	49.0
2012-09-04	7991.0	0.0	1278.0	6240.0	5416.0	1733.0	1279.0	30.5	35.4	43.7	48.0
2012-09-11	8111.0	0.0	1278.0	6240.0	5416.0	1853.0	1399.0	30.1	34.8	43.1	47.3
2012-09-18	8097.0	0.0	1278.0	6238.0	5402.0	1841.0	1399.0	30.5	34.7	43.5	47.2
2012-09-25	8405.0	0.0	1158.0	6754.0	5862.0	1513.0	1247.0	27.4	30.6	40.3	42.6
2012-10-02	8289.0	0.0	1506.0	6796.0	5362.0	1365.0	1293.0	26.2	33.9	40.5	45.3
2012-10-09	8289.0	0.0	1506.0	6796.0	5362.0	1365.0	1293.0	26.2	33.9	40.5	45.3
2012-10-16	8275.0	0.0	1506.0	6802.0	5362.0	1345.0	1279.0	26.2	34.0	40.7	45.6
2012-10-23	8255.0	0.0	1506.0	6770.0	5362.0	1357.0	1259.0	26.5	34.7	41.0	46.3
2012-10-30	8355.0	0.0	1506.0	6894.0	5462.0	1333.0	1259.0	26.2	34.3	40.5	47.0
2012-11-06	7921.0	0.0	1450.0	6600.0	5134.0	1197.0	1213.0	26.5	36.3	42.8	49.7
2012-11-13	7807.0	0.0	1330.0	6120.0	5086.0	1563.0	1267.0	27.2	35.3	40.5	48.9
2012-11-20	7977.0	0.0	1330.0	6468.0	5238.0	1385.0	1285.0	30.8	34.5	44.2	48.4
2012-11-27	8102.0	0.0	1330.0	6834.0	5238.0	1144.0	1410.0	30.4	34.0	47.0	47.7
2012-12-04	7652.0	0.0	1544.0	6238.0	4734.0	1414.0	1374.0	30.0	38.1	47.0	52.1
2012-12-11	7662.0	0.0	1544.0	6368.0	4734.0	1294.0	1384.0	30.5	38.1	48.5	52.0
2012-12-18	7648.0	0.0	1544.0	6330.0	4744.0	1318.0	1360.0	30.0	38.5	47.9	52.5
2013-03-19	6476.0	0.0	1098.0	5506.0	4424.0	970.0	954.0	36.4	39.3	50.5	51.0
2013-03-26	6476.0	0.0	1098.0	5506.0	4424.0	970.0	954.0	36.4	39.3	50.5	51.0
2013-04-02	6120.0	0.0	1024.0	5214.0	4192.0	906.0	904.0	37.0	39.6	51.7	51.4
2013-04-09	6120.0	0.0	1024.0	5214.0	4192.0	906.0	904.0	37.0	39.6	51.7	51.4
2013-04-16	6248.0	0.0	1144.0	5342.0	4200.0	906.0	904.0	38.3	40.9	52.7	52.4
2013-04-23	6248.0	0.0	1144.0	5342.0	4200.0	906.0	904.0	38.3	40.9	52.7	52.4
2013-04-30	5930.0	0.0	1110.0	5102.0	3970.0	828.0	850.0	39.6	41.8	54.3	53.0
