2007-05-01	2041.0	0.0	22.0	1752.0	1580.0	282.0	432.0	24.0	17.8	32.1	24.9
2007-05-15	1882.0	0.0	158.0	1462.0	1170.0	406.0	540.0	30.3	26.6	41.1	33.0
2007-05-22	1909.0	0.0	35.0	1470.0	1317.0	425.0	543.0	28.5	23.6	36.0	30.1
2007-07-24	2375.0	45.0	0.0	1502.0	1640.0	813.0	720.0	25.9	23.2	31.7	31.4
2007-07-31	2381.0	15.0	0.0	1582.0	1710.0	754.0	641.0	28.3	22.3	34.0	31.3
2007-08-21	2255.0	0.0	0.0	1410.0	1483.0	845.0	772.0	37.0	24.0	39.4	34.7
2007-08-28	2557.0	0.0	0.0	1613.0	1893.0	944.0	664.0	29.9	22.4	34.5	33.9
2007-09-04	2629.0	0.0	0.0	1568.0	1784.0	1061.0	845.0	24.2	21.5	31.5	33.0
2007-09-25	2564.0	0.0	0.0	1633.0	1695.0	931.0	869.0	18.9	20.0	24.9	26.5
2007-10-02	2121.0	0.0	0.0	1524.0	1387.0	597.0	734.0	26.5	19.1	34.4	25.9
2007-10-16	2328.0	0.0	0.0	1501.0	1466.0	827.0	862.0	23.9	21.3	31.7	28.1
2007-10-23	2443.0	0.0	0.0	1741.0	1636.0	702.0	807.0	24.6	23.4	35.4	31.9
2007-10-30	2612.0	0.0	0.0	1896.0	1806.0	716.0	806.0	24.8	22.6	35.0	30.7
2007-11-06	2299.0	0.0	0.0	1555.0	1627.0	744.0	672.0	26.4	22.6	34.8	32.6
2007-11-13	2521.0	0.0	0.0	1655.0	1853.0	866.0	668.0	25.8	23.0	32.2	34.0
2007-11-20	2687.0	0.0	0.0	1827.0	2007.0	860.0	680.0	23.2	22.1	29.4	31.6
2007-11-27	2888.0	0.0	0.0	2051.0	2202.0	837.0	686.0	23.4	23.2	31.3	31.9
2007-12-04	2664.0	0.0	0.0	1839.0	2053.0	825.0	611.0	22.5	26.6	26.4	32.9
2007-12-11	2705.0	0.0	0.0	1850.0	2069.0	855.0	636.0	22.9	26.4	26.3	32.4
2007-12-18	2842.0	0.0	0.0	1943.0	2193.0	899.0	649.0	21.3	27.0	25.6	33.6
2007-12-24	2794.0	0.0	0.0	1854.0	2144.0	940.0	650.0	20.9	27.8	25.0	34.6
2007-12-31	2844.0	0.0	0.0	1892.0	2147.0	952.0	697.0	19.3	27.1	23.7	33.1
2008-01-29	2824.0	25.0	0.0	1807.0	1978.0	982.0	836.0	23.5	23.6	30.6	32.5
2008-02-05	2458.0	30.0	25.0	1696.0	1653.0	722.0	770.0	27.1	19.2	33.7	29.4
2008-02-12	2626.0	30.0	0.0	1896.0	1886.0	690.0	730.0	24.1	18.4	31.6	28.5
2008-02-19	2777.0	30.0	0.0	2013.0	1997.0	724.0	770.0	23.2	18.2	30.0	25.5
2008-02-26	3108.0	30.0	0.0	2431.0	2383.0	637.0	715.0	22.9	20.4	31.9	28.8
2008-03-04	2858.0	25.0	0.0	2082.0	2132.0	741.0	716.0	26.2	23.3	33.1	35.0
2008-03-11	2966.0	25.0	0.0	2213.0	2208.0	718.0	748.0	26.2	26.5	34.7	37.2
2008-03-18	2992.0	25.0	0.0	2209.0	2165.0	748.0	817.0	24.4	24.6	34.8	36.6
2008-03-25	3093.0	20.0	27.0	2397.0	2309.0	631.0	712.0	24.5	25.7	36.3	37.3
2008-04-01	3413.0	20.0	0.0	2604.0	2577.0	774.0	821.0	23.1	26.5	34.5	37.7
2008-04-08	2893.0	0.0	0.0	2269.0	2141.0	624.0	752.0	30.4	28.7	44.0	40.1
2008-04-15	3165.0	0.0	0.0	2456.0	2270.0	709.0	895.0	30.6	28.6	43.5	38.8
2008-04-22	3269.0	0.0	0.0	2434.0	2322.0	835.0	947.0	30.2	28.3	43.6	39.4
2008-04-29	3402.0	0.0	0.0	2557.0	2518.0	845.0	884.0	28.9	29.8	41.4	41.7
2008-05-06	3085.0	10.0	0.0	2217.0	2373.0	803.0	657.0	25.3	25.0	34.1	37.5
2008-05-13	3354.0	0.0	0.0	2554.0	2672.0	800.0	682.0	23.9	23.6	33.2	35.6
2008-05-20	3475.0	0.0	0.0	2885.0	2895.0	590.0	580.0	23.4	23.7	32.5	36.2
2008-05-27	3601.0	0.0	78.0	2909.0	2966.0	665.0	530.0	19.1	25.4	30.1	37.1
2008-06-03	3041.0	0.0	96.0	2134.0	2245.0	901.0	694.0	20.4	22.2	28.7	33.4
2008-06-10	3333.0	0.0	101.0	2471.0	2450.0	851.0	771.0	20.4	23.2	31.0	34.5
2008-06-17	3634.0	90.0	100.0	2796.0	2793.0	726.0	719.0	18.8	22.3	29.5	33.2
2008-06-24	3646.0	90.0	102.0	2731.0	2710.0	803.0	812.0	19.6	22.1	30.4	33.3
2008-07-01	3953.0	20.0	102.0	3222.0	3122.0	679.0	697.0	19.7	22.9	31.9	33.6
2008-07-08	3499.0	0.0	163.0	2856.0	2649.0	566.0	610.0	19.7	22.4	29.9	33.9
2008-07-15	3620.0	0.0	179.0	3045.0	2891.0	507.0	482.0	17.3	21.7	27.1	32.4
2008-07-22	3865.0	0.0	249.0	3117.0	2888.0	686.0	666.0	17.4	21.2	26.7	31.7
2008-07-29	3980.0	70.0	260.0	3153.0	3016.0	672.0	619.0	17.9	22.1	27.0	32.3
2008-08-05	3424.0	60.0	203.0	2734.0	2590.0	592.0	593.0	17.3	17.8	27.7	28.4
2008-08-12	3912.0	72.0	564.0	3030.0	2768.0	771.0	541.0	15.0	23.3	24.1	31.9
2008-08-19	3952.0	72.0	563.0	3116.0	2880.0	730.0	475.0	14.6	25.3	23.3	33.0
2008-08-26	4393.0	72.0	547.0	3557.0	3234.0	704.0	552.0	13.7	23.7	23.2	30.5
2008-09-02	4655.0	72.0	545.0	3716.0	3404.0	807.0	646.0	14.1	26.1	24.1	34.0
2008-09-09	4096.0	106.0	481.0	2965.0	2843.0	978.0	725.0	15.5	26.8	25.5	34.9
2008-09-16	4471.0	71.0	565.0	3298.0	3097.0	980.0	687.0	17.9	23.9	30.0	35.1
2008-09-23	5085.0	69.0	547.0	3782.0	3709.0	1142.0	737.0	19.8	23.8	29.2	31.8
2008-09-30	5462.0	63.0	537.0	4129.0	4111.0	1166.0	710.0	19.9	23.0	28.6	30.1
2008-10-07	5194.0	39.0	428.0	3763.0	3984.0	1272.0	662.0	20.8	22.3	26.5	32.5
2008-10-14	6065.0	37.0	438.0	4937.0	4846.0	964.0	654.0	22.7	21.4	33.7	31.2
2008-10-21	6836.0	36.0	385.0	5714.0	5700.0	956.0	621.0	23.9	21.0	35.8	33.6
2008-10-28	7633.0	41.0	349.0	6433.0	6574.0	1039.0	590.0	28.6	21.0	40.1	33.4
2008-11-04	7639.0	146.0	28.0	6261.0	6438.0	1119.0	1060.0	28.8	21.4	39.4	33.0
2008-11-11	8588.0	140.0	149.0	7403.0	7427.0	900.0	867.0	28.9	20.1	39.4	31.0
2008-11-18	9655.0	144.0	177.0	8043.0	8462.0	1331.0	879.0	31.0	23.3	42.1	36.6
2008-11-25	10560.0	148.0	190.0	8900.0	9367.0	1355.0	846.0	31.3	23.6	42.1	37.4
2008-12-02	9888.0	167.0	249.0	8372.0	8757.0	1287.0	820.0	31.8	25.2	42.8	34.9
2008-12-09	10887.0	0.0	233.0	9455.0	9887.0	1379.0	714.0	33.9	25.2	45.7	36.6
2008-12-16	11739.0	0.0	179.0	10384.0	10854.0	1236.0	587.0	33.9	26.1	45.6	38.4
2008-12-22	12004.0	0.0	149.0	10369.0	11075.0	1481.0	626.0	34.3	26.9	46.3	39.5
2008-12-30	12220.0	0.0	156.0	10577.0	11287.0	1484.0	618.0	34.7	28.3	46.5	39.9
2009-01-06	10856.0	148.0	98.0	9394.0	10101.0	1141.0	484.0	39.8	32.3	55.0	44.5
2009-01-13	11305.0	172.0	141.0	9758.0	10375.0	1204.0	618.0	38.2	31.3	53.9	42.3
2009-01-20	11960.0	196.0	150.0	10501.0	10978.0	1087.0	656.0	35.4	30.4	49.6	41.0
2009-01-27	12312.0	201.0	169.0	10735.0	11356.0	1187.0	598.0	34.8	31.2	49.9	41.9
2009-02-03	10901.0	187.0	196.0	9344.0	9897.0	1246.0	684.0	32.6	30.4	46.8	41.5
2009-02-10	11594.0	331.0	227.0	9730.0	10304.0	1087.0	617.0	31.4	30.1	44.8	40.3
2009-02-17	11780.0	336.0	220.0	9950.0	10637.0	1075.0	504.0	31.4	30.7	44.9	41.7
2009-02-24	12176.0	341.0	204.0	10181.0	10978.0	1222.0	562.0	31.0	32.2	44.3	44.1
2009-03-03	11403.0	327.0	165.0	9584.0	10243.0	1171.0	674.0	31.2	35.3	43.1	44.8
2009-03-10	12220.0	410.0	378.0	10552.0	11033.0	1055.0	606.0	29.8	34.8	41.1	43.8
2009-03-17	12911.0	376.0	465.0	11200.0	11445.0	1023.0	689.0	28.7	34.7	40.1	43.4
2009-03-24	13649.0	403.0	897.0	11931.0	11754.0	991.0	674.0	27.7	35.0	40.5	45.1
2009-03-31	14298.0	399.0	856.0	12640.0	12598.0	1036.0	621.0	28.0	34.8	40.2	45.9
2009-04-07	12990.0	253.0	874.0	10925.0	11025.0	1629.0	908.0	29.8	34.3	41.2	46.2
2009-04-14	13250.0	255.0	867.0	11133.0	11277.0	1679.0	923.0	29.1	33.7	41.1	46.0
2009-04-21	13436.0	255.0	834.0	11369.0	11424.0	1620.0	986.0	29.0	34.6	41.1	45.7
2009-04-28	13859.0	346.0	852.0	12087.0	11904.0	1167.0	844.0	29.2	34.6	41.6	45.9
2009-05-05	11575.0	292.0	681.0	9972.0	9911.0	1066.0	738.0	31.7	33.9	44.2	46.4
2009-05-12	11909.0	306.0	696.0	10128.0	10103.0	1239.0	874.0	31.6	33.5	44.0	45.7
2009-05-19	12285.0	301.0	749.0	10508.0	10346.0	1233.0	947.0	31.7	31.6	43.5	43.9
2009-05-26	12712.0	308.0	807.0	10925.0	10810.0	1223.0	839.0	31.2	29.8	42.3	42.0
2009-06-02	10887.0	242.0	415.0	9070.0	9054.0	1271.0	1114.0	31.2	34.7	44.2	42.9
2009-06-09	11198.0	312.0	356.0	9367.0	9414.0	1140.0	1049.0	31.0	32.9	42.9	41.7
2009-06-16	11724.0	332.0	531.0	10299.0	10113.0	812.0	799.0	29.9	30.5	41.2	39.6
2009-06-23	12035.0	539.0	586.0	10515.0	10173.0	695.0	990.0	29.4	29.5	41.1	38.7
2009-06-30	12284.0	553.0	643.0	10749.0	10333.0	700.0	1026.0	29.2	28.2	40.5	38.3
2009-07-07	10455.0	509.0	48.0	8910.0	9272.0	819.0	918.0	29.8	28.3	43.4	39.0
2009-07-14	10848.0	514.0	0.0	9078.0	9546.0	1039.0	1085.0	29.4	28.1	44.0	38.3
2009-07-21	11625.0	499.0	0.0	9649.0	10123.0	952.0	977.0	27.4	25.5	41.2	35.2
2009-07-28	12356.0	519.0	0.0	10312.0	10664.0	908.0	1075.0	25.9	23.5	39.1	33.5
2009-08-04	11037.0	165.0	59.0	9057.0	9159.0	1239.0	1243.0	24.6	22.9	36.3	32.4
2009-08-11	11427.0	165.0	136.0	9529.0	9635.0	1138.0	1061.0	25.5	22.2	36.4	32.4
2009-08-18	11770.0	210.0	154.0	9823.0	9968.0	1135.0	1046.0	24.9	23.2	37.0	34.1
2009-08-25	12121.0	198.0	206.0	10152.0	10163.0	1167.0	1148.0	24.3	21.4	36.6	33.0
2009-09-01	12449.0	233.0	463.0	10347.0	10194.0	1267.0	1190.0	23.4	21.0	35.0	31.4
2009-09-08	10981.0	337.0	381.0	8730.0	8890.0	1414.0	1210.0	22.5	21.4	33.5	30.8
2009-09-15	11271.0	347.0	415.0	9176.0	9292.0	1248.0	1064.0	22.1	20.0	33.0	30.6
2009-09-22	11440.0	337.0	401.0	9141.0	9399.0	1462.0	1140.0	21.4	18.5	32.1	29.5
2009-09-29	11707.0	346.0	376.0	9614.0	9801.0	1247.0	1030.0	22.2	16.5	33.8	26.9
2009-10-06	10326.0	321.0	208.0	8331.0	8342.0	1149.0	1251.0	20.0	16.6	31.7	24.3
2009-10-13	10701.0	340.0	192.0	8653.0	8864.0	1168.0	1105.0	20.0	15.1	31.6	24.7
2009-10-20	11173.0	433.0	281.0	8979.0	9215.0	1216.0	1132.0	19.5	15.6	31.1	25.0
2009-10-27	11439.0	455.0	189.0	9079.0	9437.0	1385.0	1293.0	19.1	15.1	30.9	25.1
2009-11-03	10200.0	352.0	202.0	7946.0	8328.0	1396.0	1164.0	16.8	17.9	28.1	27.8
2009-11-09	10572.0	357.0	177.0	8551.0	8937.0	1158.0	952.0	16.4	16.9	27.4	26.6
2009-11-17	11261.0	372.0	196.0	9255.0	9680.0	1143.0	894.0	16.3	16.7	26.3	25.3
2009-11-24	11877.0	513.0	80.0	9680.0	10352.0	1148.0	909.0	15.5	17.9	25.4	26.1
2009-12-01	12707.0	411.0	105.0	10313.0	10724.0	1518.0	1413.0	14.3	17.2	24.4	26.1
2009-12-08	11343.0	520.0	190.0	9530.0	9904.0	1073.0	1029.0	14.0	18.9	24.1	27.1
2009-12-15	11908.0	630.0	210.0	9977.0	10554.0	1081.0	924.0	13.8	19.4	23.8	27.5
2009-12-22	12048.0	647.0	291.0	10223.0	10811.0	1123.0	891.0	14.4	21.2	24.2	29.3
2009-12-29	12132.0	658.0	296.0	10310.0	10922.0	1109.0	859.0	14.9	21.2	24.5	29.3
2010-01-05	9909.0	207.0	221.0	8234.0	8624.0	1468.0	1064.0	15.0	24.1	24.3	32.5
2010-01-12	10527.0	211.0	236.0	9116.0	9166.0	1200.0	1125.0	15.5	20.8	25.2	29.1
2010-01-19	10936.0	211.0	226.0	9130.0	9429.0	1595.0	1281.0	15.5	21.4	24.9	30.1
2010-01-26	11217.0	262.0	251.0	9439.0	9877.0	1456.0	1029.0	15.4	21.0	24.2	29.7
2010-02-02	9789.0	0.0	140.0	8225.0	8778.0	1564.0	871.0	11.9	19.2	20.5	27.0
2010-02-09	10309.0	45.0	160.0	8929.0	9293.0	1275.0	796.0	11.7	18.6	19.3	26.2
2010-02-16	10628.0	166.0	160.0	8945.0	9348.0	1517.0	1120.0	12.2	17.7	19.3	26.2
2010-02-23	10894.0	190.0	175.0	9157.0	9589.0	1547.0	1130.0	13.0	17.2	20.8	26.4
2010-03-02	9957.0	240.0	105.0	8428.0	8894.0	1289.0	958.0	12.4	16.4	19.7	23.8
2010-03-09	10374.0	324.0	95.0	8672.0	9443.0	1373.0	831.0	12.7	16.5	20.3	24.5
2010-03-16	10779.0	324.0	100.0	9130.0	9763.0	1320.0	911.0	13.6	16.8	20.6	24.2
2010-03-23	10932.0	324.0	115.0	9367.0	9936.0	1241.0	881.0	13.8	17.0	20.7	24.1
2010-03-30	11109.0	324.0	135.0	9422.0	10011.0	1363.0	963.0	15.0	16.1	21.7	24.2
2010-04-06	9631.0	302.0	68.0	7879.0	8569.0	1450.0	994.0	15.5	16.6	21.9	23.7
2010-04-13	10049.0	352.0	88.0	8508.0	8936.0	1159.0	995.0	15.7	15.0	22.1	22.1
2010-04-20	10151.0	272.0	78.0	8591.0	9041.0	1258.0	1002.0	16.1	15.9	23.1	23.8
2010-04-27	10281.0	275.0	48.0	8670.0	9198.0	1306.0	1005.0	16.7	17.2	24.1	24.8
2010-05-04	9080.0	249.0	0.0	7505.0	8092.0	1296.0	958.0	17.8	18.2	25.7	24.7
2010-05-11	9603.0	322.0	63.0	7632.0	8499.0	1599.0	991.0	18.5	18.6	25.7	25.1
2010-05-18	10036.0	402.0	232.0	8077.0	8876.0	1527.0	898.0	20.5	19.2	27.9	26.3
2010-05-25	10195.0	254.0	258.0	8328.0	8742.0	1583.0	1165.0	21.4	20.6	29.5	27.5
2010-06-01	10290.0	382.0	253.0	8340.0	8701.0	1513.0	1281.0	21.4	20.3	29.5	27.5
2010-06-08	9311.0	409.0	351.0	6953.0	7698.0	1894.0	1207.0	17.9	19.1	25.5	26.0
2010-06-15	9510.0	538.0	247.0	7320.0	7871.0	1590.0	1330.0	18.0	18.3	25.3	25.7
2010-06-22	9597.0	544.0	237.0	7454.0	7929.0	1525.0	1357.0	18.1	18.2	25.7	25.3
2010-06-29	9735.0	525.0	280.0	7536.0	8008.0	1558.0	1331.0	18.4	18.7	26.0	25.7
2010-07-06	8892.0	581.0	406.0	6560.0	7111.0	1632.0	1256.0	18.8	15.7	26.8	24.7
2010-07-13	9076.0	592.0	301.0	6868.0	7455.0	1504.0	1208.0	18.6	15.4	26.7	24.4
2010-07-20	9233.0	591.0	324.0	6999.0	7600.0	1520.0	1186.0	18.0	14.5	26.4	23.0
2010-07-27	9293.0	575.0	357.0	6938.0	7596.0	1653.0	1213.0	18.1	15.7	26.4	24.1
2010-08-03	8285.0	529.0	315.0	6298.0	6726.0	1389.0	1175.0	16.4	14.4	23.8	22.1
2010-08-10	8433.0	523.0	298.0	6436.0	6845.0	1399.0	1215.0	16.7	13.6	23.9	21.0
2010-08-17	8814.0	672.0	301.0	6615.0	7141.0	1444.0	1289.0	18.3	15.0	25.5	22.6
2010-08-24	9425.0	899.0	357.0	7128.0	7781.0	1314.0	1203.0	19.4	15.2	26.2	23.5
2010-08-31	9789.0	963.0	362.0	7279.0	8006.0	1354.0	1228.0	19.3	17.4	26.8	26.5
2010-09-07	8983.0	904.0	144.0	6562.0	7494.0	1365.0	1193.0	19.9	16.2	26.5	25.1
2010-09-14	9359.0	930.0	174.0	6857.0	7550.0	1420.0	1483.0	19.4	15.9	25.9	22.3
2010-09-21	9649.0	1001.0	219.0	7063.0	7746.0	1414.0	1513.0	20.8	16.8	27.7	23.8
2010-09-28	9848.0	1132.0	249.0	6980.0	7874.0	1565.0	1554.0	23.1	16.6	30.8	25.1
2010-10-05	8678.0	915.0	168.0	6175.0	7174.0	1474.0	1222.0	25.2	13.1	31.3	20.7
2010-10-12	8684.0	925.0	180.0	6059.0	7034.0	1586.0	1356.0	25.5	12.4	31.5	19.8
2010-10-19	8806.0	892.0	215.0	6278.0	7254.0	1522.0	1223.0	24.6	13.4	30.5	20.7
2010-10-26	9057.0	928.0	215.0	6568.0	7304.0	1441.0	1418.0	23.9	12.9	30.2	19.1
2010-11-02	8718.0	545.0	151.0	6848.0	7100.0	1195.0	1337.0	18.5	12.1	24.7	17.6
2010-11-09	8907.0	458.0	161.0	7107.0	7197.0	1223.0	1430.0	17.0	13.0	23.3	18.6
2010-11-16	9224.0	508.0	201.0	7387.0	7587.0	1195.0	1302.0	17.7	14.2	24.1	20.4
2010-11-23	9499.0	692.0	271.0	7453.0	7784.0	1200.0	1290.0	18.7	15.9	25.6	21.9
2010-11-30	10133.0	722.0	308.0	8053.0	8413.0	1245.0	1299.0	18.5	15.8	25.2	21.9
2010-12-07	8609.0	485.0	183.0	6563.0	6748.0	1415.0	1532.0	18.2	15.6	27.4	24.7
2010-12-14	8768.0	498.0	293.0	6849.0	7332.0	1275.0	997.0	18.7	15.1	26.1	25.6
2010-12-21	8951.0	512.0	291.0	6994.0	7449.0	1305.0	1071.0	19.0	15.6	26.2	24.6
2010-12-28	9169.0	515.0	298.0	7150.0	7487.0	1331.0	1211.0	18.7	15.2	25.9	23.0
2011-01-04	7561.0	167.0	193.0	5776.0	5684.0	1531.0	1597.0	22.8	15.2	30.2	24.6
2011-01-11	8421.0	351.0	203.0	6428.0	6497.0	1540.0	1619.0	23.1	17.2	31.9	27.1
2011-01-18	8908.0	615.0	223.0	6678.0	7054.0	1528.0	1544.0	26.6	19.5	36.8	29.3
2011-01-25	10028.0	1085.0	293.0	7300.0	8175.0	1481.0	1398.0	29.8	20.0	39.7	30.8
2011-02-01	10441.0	1081.0	334.0	7656.0	8478.0	1493.0	1418.0	28.9	19.8	39.5	30.8
2011-02-08	9737.0	1072.0	261.0	7021.0	7808.0	1421.0	1445.0	31.6	20.8	41.6	34.2
2011-02-15	10410.0	1091.0	300.0	7634.0	8565.0	1438.0	1298.0	31.7	21.1	41.5	34.4
2011-02-22	10877.0	1145.0	330.0	8168.0	9121.0	1299.0	1161.0	30.3	20.3	40.5	33.2
2011-03-01	11496.0	1195.0	345.0	8550.0	9630.0	1471.0	1241.0	30.2	19.1	40.2	31.4
2011-03-08	9585.0	208.0	152.0	7634.0	7931.0	1489.0	1248.0	23.6	15.5	31.7	23.1
2011-03-15	10130.0	205.0	172.0	7904.0	8362.0	1740.0	1315.0	22.6	14.4	29.8	21.8
2011-03-22	10777.0	228.0	207.0	8483.0	8893.0	1707.0	1318.0	20.6	12.7	27.7	19.6
2011-03-29	11223.0	238.0	277.0	8792.0	9136.0	1794.0	1411.0	18.0	11.7	24.8	18.2
2011-04-05	9820.0	70.0	272.0	7794.0	7841.0	1672.0	1423.0	16.6	9.8	22.0	15.9
2011-04-12	10098.0	75.0	280.0	8028.0	8030.0	1765.0	1558.0	16.0	9.7	20.9	15.9
2011-04-19	10552.0	95.0	345.0	8399.0	8336.0	1828.0	1641.0	15.4	9.6	20.2	15.5
2011-04-26	10648.0	97.0	340.0	8473.0	8433.0	1820.0	1617.0	15.7	9.1	20.5	15.4
2011-05-03	9463.0	93.0	351.0	7587.0	7454.0	1642.0	1517.0	16.2	10.3	23.3	16.5
2011-05-10	9791.0	96.0	385.0	8043.0	7757.0	1491.0	1488.0	16.5	10.4	23.5	16.7
2011-05-17	10105.0	100.0	390.0	8336.0	7941.0	1542.0	1647.0	15.5	9.8	22.9	15.8
2011-05-24	10342.0	98.0	400.0	8639.0	8342.0	1459.0	1454.0	15.5	10.3	22.3	16.0
2011-05-31	10597.0	98.0	421.0	8920.0	8557.0	1412.0	1452.0	15.2	10.3	21.2	15.9
2011-06-07	9807.0	0.0	423.0	8261.0	7929.0	1491.0	1400.0	17.4	9.8	24.2	16.9
2011-06-14	10021.0	0.0	448.0	8477.0	8046.0	1489.0	1472.0	17.6	10.0	24.3	17.1
2011-06-21	10542.0	0.0	523.0	8972.0	8476.0	1497.0	1470.0	16.9	10.7	25.2	17.7
2011-06-28	10987.0	0.0	526.0	9314.0	8828.0	1510.0	1470.0	16.6	10.6	24.5	17.1
2011-07-05	9622.0	0.0	457.0	7999.0	7660.0	1515.0	1397.0	16.2	10.9	22.9	19.2
2011-07-12	9828.0	137.0	482.0	8136.0	7824.0	1447.0	1414.0	16.5	10.8	23.3	18.9
2011-07-19	10233.0	137.0	487.0	8557.0	8125.0	1376.0	1458.0	16.0	10.5	22.6	18.3
2011-07-26	10600.0	132.0	509.0	9051.0	8597.0	1161.0	1238.0	16.0	10.8	22.2	18.1
2011-08-02	9251.0	153.0	308.0	7710.0	7490.0	1138.0	1203.0	17.6	10.1	23.7	17.1
2011-08-09	9502.0	159.0	288.0	7922.0	7649.0	1166.0	1310.0	18.0	10.4	24.1	17.0
2011-08-16	9586.0	155.0	247.0	8014.0	7763.0	1129.0	1288.0	18.2	10.6	24.1	17.1
2011-08-23	9976.0	170.0	275.0	8380.0	8184.0	1142.0	1233.0	17.7	10.2	23.6	16.4
2011-08-30	10239.0	177.0	243.0	8633.0	8525.0	1180.0	1222.0	17.5	9.7	23.6	15.8
2011-09-06	9269.0	121.0	245.0	7770.0	7573.0	1140.0	1213.0	18.7	9.3	25.1	15.8
2011-09-13	9902.0	121.0	304.0	8421.0	8156.0	1140.0	1222.0	19.2	9.0	25.2	15.4
2011-09-20	9964.0	0.0	335.0	8476.0	8053.0	1279.0	1367.0	19.9	9.0	26.0	15.3
2011-09-27	10620.0	0.0	381.0	9185.0	8825.0	1233.0	1212.0	22.3	9.5	27.6	15.5
2011-10-04	9839.0	110.0	322.0	8448.0	8060.0	1115.0	1291.0	23.3	11.0	28.2	17.3
2011-10-11	10308.0	105.0	314.0	8827.0	8464.0	1160.0	1314.0	22.6	11.1	28.2	17.7
2011-10-18	10838.0	105.0	347.0	9482.0	9066.0	1060.0	1234.0	21.8	10.5	27.2	16.9
2011-10-25	10781.0	102.0	352.0	9444.0	8966.0	1034.0	1262.0	22.0	10.5	27.4	16.9
2011-11-01	11015.0	132.0	364.0	9618.0	9194.0	1072.0	1264.0	21.6	9.8	26.4	15.9
2011-11-08	10086.0	0.0	318.0	8786.0	8436.0	1111.0	1143.0	14.3	7.9	19.8	12.8
2011-11-15	10600.0	0.0	281.0	9389.0	9102.0	992.0	998.0	14.1	8.0	19.6	12.3
2011-11-22	11009.0	24.0	293.0	9744.0	9397.0	958.0	1036.0	13.6	8.1	19.0	12.2
2011-11-29	11214.0	52.0	348.0	9880.0	9605.0	1029.0	1008.0	13.8	8.7	19.3	12.8
2011-12-06	10160.0	112.0	318.0	8854.0	8730.0	1029.0	947.0	14.7	8.1	17.5	14.0
2011-12-13	10366.0	97.0	373.0	9147.0	8955.0	947.0	863.0	14.7	8.6	17.5	13.8
2011-12-20	10915.0	141.0	458.0	9758.0	9471.0	861.0	831.0	14.3	8.6	17.3	13.4
2011-12-27	11010.0	160.0	483.0	9757.0	9577.0	938.0	795.0	14.2	9.0	17.4	13.7
2012-01-03	11241.0	138.0	533.0	9953.0	9546.0	948.0	960.0	14.5	9.2	17.5	13.9
2012-01-10	9918.0	0.0	357.0	8788.0	8498.0	932.0	865.0	16.5	10.8	20.5	16.5
2012-01-17	10032.0	0.0	405.0	8858.0	8478.0	919.0	894.0	17.6	12.4	21.3	17.5
2012-01-24	10391.0	0.0	459.0	9182.0	8740.0	957.0	940.0	17.1	13.0	20.7	17.6
2012-01-31	10826.0	0.0	532.0	9533.0	9068.0	1044.0	977.0	16.6	13.9	20.2	18.0
2012-02-07	9712.0	0.0	483.0	8550.0	8140.0	966.0	893.0	17.5	11.3	21.6	15.7
2012-02-14	9792.0	0.0	502.0	8596.0	8150.0	990.0	934.0	18.2	11.4	22.4	16.2
2012-02-21	9966.0	0.0	497.0	8758.0	8429.0	996.0	828.0	17.3	11.1	21.6	15.8
2012-02-28	10270.0	0.0	459.0	8968.0	8692.0	1009.0	826.0	16.6	11.1	20.8	15.5
2012-03-06	9757.0	0.0	284.0	8589.0	8204.0	853.0	954.0	14.9	7.9	19.4	13.3
2012-03-13	10321.0	0.0	256.0	8922.0	8608.0	878.0	936.0	14.8	8.4	19.2	13.0
2012-03-20	10751.0	67.0	263.0	9372.0	9124.0	958.0	1010.0	14.5	8.0	18.6	12.5
2012-03-27	11202.0	173.0	383.0	9802.0	9583.0	967.0	976.0	14.2	8.3	18.5	12.6
2012-04-03	10233.0	75.0	319.0	8801.0	8361.0	1242.0	1438.0	15.4	8.8	18.3	13.2
2012-04-10	10554.0	109.0	275.0	9054.0	8699.0	1151.0	1340.0	15.2	8.4	18.3	13.4
2012-04-17	10813.0	160.0	345.0	9252.0	8878.0	1206.0	1395.0	15.6	9.5	18.9	14.1
2012-04-24	11944.0	329.0	436.0	9870.0	9643.0	1463.0	1583.0	16.5	12.3	20.0	17.2
2012-05-01	12447.0	330.0	518.0	10156.0	9850.0	1651.0	1769.0	15.8	13.2	19.3	18.1
2012-05-08	11549.0	251.0	331.0	9464.0	9262.0	1440.0	1562.0	15.8	12.7	19.2	17.8
2012-05-15	11985.0	297.0	321.0	9546.0	9491.0	1828.0	1859.0	16.0	12.5	19.6	18.2
2012-05-22	13164.0	265.0	376.0	10801.0	10648.0	1788.0	1830.0	15.6	12.1	20.4	18.3
2012-05-29	14399.0	295.0	426.0	11814.0	11652.0	1937.0	1968.0	15.6	12.1	20.4	17.9
2012-06-05	13218.0	163.0	192.0	10978.0	10964.0	1671.0	1656.0	14.2	7.8	19.2	13.4
2012-06-12	13814.0	154.0	172.0	11393.0	11404.0	1738.0	1709.0	14.6	9.4	19.9	14.8
2012-06-19	14280.0	288.0	234.0	12375.0	12472.0	1038.0	995.0	15.0	10.3	21.4	15.8
2012-06-26	15615.0	325.0	294.0	13222.0	13283.0	1088.0	1058.0	13.9	10.0	19.9	15.2
2012-07-03	13542.0	231.0	153.0	11260.0	11391.0	1116.0	1063.0	16.1	15.8	21.9	21.2
2012-07-10	14053.0	63.0	280.0	11841.0	11724.0	1178.0	1078.0	16.2	17.5	22.5	22.7
2012-07-17	15143.0	55.0	251.0	12732.0	12698.0	1258.0	1096.0	16.0	17.1	21.8	22.9
2012-07-24	15486.0	45.0	420.0	13286.0	12954.0	1210.0	1167.0	15.6	15.7	21.4	22.3
2012-07-31	17006.0	45.0	499.0	14874.0	14479.0	1238.0	1179.0	14.7	13.2	20.2	19.9
2012-08-07	14954.0	198.0	239.0	12705.0	12664.0	1316.0	1316.0	14.7	14.9	19.9	19.8
2012-08-14	15187.0	197.0	306.0	13102.0	13002.0	1151.0	1142.0	15.1	13.9	20.3	19.8
2012-08-21	15139.0	217.0	316.0	13042.0	12934.0	1128.0	1137.0	16.4	14.8	21.9	21.0
2012-08-28	15826.0	171.0	296.0	13690.0	13722.0	1183.0	1026.0	16.2	14.6	21.3	20.7
2012-09-04	16291.0	259.0	363.0	13895.0	13904.0	1304.0	1191.0	15.9	14.8	21.3	20.6
2012-09-11	14846.0	515.0	264.0	12557.0	12983.0	1190.0	1015.0	13.4	16.9	20.4	23.3
2012-09-18	14892.0	556.0	269.0	12462.0	12898.0	1260.0	1111.0	13.6	16.9	20.5	23.3
2012-09-25	15574.0	548.0	359.0	13118.0	13513.0	1294.0	1088.0	13.2	16.1	20.4	23.1
2012-10-02	13687.0	383.0	205.0	11521.0	11918.0	1132.0	913.0	16.6	18.1	24.6	25.2
2012-10-09	14554.0	472.0	245.0	12156.0	12606.0	1263.0	1040.0	17.2	18.4	24.4	25.2
2012-10-16	16507.0	483.0	322.0	13957.0	14300.0	1244.0	1062.0	16.0	16.5	22.5	23.3
2012-10-23	16707.0	517.0	372.0	14197.0	14536.0	1119.0	925.0	16.1	16.5	22.7	24.2
2012-10-30	17710.0	638.0	398.0	14967.0	15434.0	1183.0	956.0	16.8	17.6	22.8	25.5
2012-11-06	15545.0	381.0	315.0	12750.0	12971.0	1588.0	1433.0	17.5	12.4	22.4	19.6
2012-11-13	15379.0	440.0	434.0	13066.0	13208.0	1109.0	973.0	18.6	12.9	24.1	20.9
2012-11-20	16828.0	540.0	552.0	14346.0	14417.0	1192.0	1109.0	19.3	12.5	24.6	20.0
2012-11-27	17632.0	574.0	586.0	15285.0	15286.0	1088.0	1075.0	20.8	13.3	26.3	21.2
2012-12-04	15413.0	147.0	463.0	13602.0	13347.0	1024.0	963.0	14.6	14.0	20.7	19.4
2012-12-11	15777.0	143.0	521.0	13965.0	13600.0	1033.0	1020.0	14.9	14.3	20.5	19.4
2012-12-18	16005.0	147.0	621.0	14132.0	13669.0	991.0	980.0	15.6	15.2	20.8	20.4
2012-12-24	15944.0	230.0	662.0	13948.0	13539.0	1167.0	1144.0	16.7	15.8	22.2	21.5
2012-12-31	16014.0	230.0	762.0	13998.0	13495.0	1136.0	1107.0	17.4	16.5	22.7	22.2
2013-01-08	13093.0	51.0	514.0	11062.0	10616.0	1382.0	1365.0	13.9	12.6	19.6	19.5
2013-01-15	13387.0	87.0	574.0	11306.0	10873.0	1380.0	1326.0	13.7	12.8	18.8	19.7
2013-01-22	13385.0	175.0	669.0	11247.0	10790.0	1385.0	1348.0	13.3	13.1	18.6	19.9
2013-01-29	14146.0	267.0	749.0	11908.0	11494.0	1327.0	1259.0	12.6	12.9	18.3	19.3
2013-02-05	12180.0	274.0	460.0	10163.0	9969.0	1165.0	1173.0	15.9	12.4	22.3	19.4
2013-02-12	12150.0	337.0	585.0	10151.0	9942.0	1155.0	1116.0	17.2	13.7	24.1	21.7
2013-02-19	12198.0	371.0	670.0	10172.0	9926.0	1205.0	1152.0	18.1	14.0	24.7	22.0
2013-02-26	12752.0	521.0	724.0	10276.0	10139.0	1273.0	1207.0	18.7	13.2	24.8	21.1
2013-03-05	11353.0	504.0	685.0	8861.0	8818.0	1481.0	1343.0	17.3	16.4	26.4	25.8
2013-03-12	12015.0	634.0	745.0	9565.0	9536.0	1274.0	1192.0	17.9	16.1	26.7	26.1
2013-03-19	11972.0	594.0	765.0	9683.0	9573.0	1118.0	1057.0	19.3	16.6	27.4	26.3
2013-03-26	12820.0	589.0	765.0	10421.0	10259.0	1072.0	1058.0	18.6	16.3	26.4	24.8
2013-04-02	10860.0	738.0	669.0	8347.0	8609.0	1140.0	947.0	25.0	23.9	34.4	31.8
2013-04-09	10883.0	860.0	670.0	8147.0	8556.0	1190.0	971.0	25.7	23.5	34.9	31.9
2013-04-16	11520.0	868.0	673.0	8568.0	8987.0	1263.0	1039.0	24.7	22.1	33.4	30.5
2013-04-23	11677.0	871.0	719.0	8768.0	9134.0	1339.0	1125.0	25.1	22.5	33.5	31.3
2013-04-30	12129.0	1008.0	774.0	9248.0	9632.0	1172.0	1022.0	25.2	22.1	33.3	31.4
2013-05-07	11438.0	713.0	610.0	8711.0	8981.0	1279.0	1112.0	21.0	16.6	28.1	23.4
2013-05-14	11445.0	699.0	579.0	8770.0	9000.0	1245.0	1135.0	20.7	16.5	27.7	24.4
2013-05-21	11675.0	724.0	604.0	8867.0	9063.0	1314.0	1238.0	20.8	15.5	27.7	23.1
2013-05-28	12277.0	788.0	708.0	9394.0	9569.0	1361.0	1266.0	20.0	14.7	26.7	23.2
2013-06-04	11516.0	622.0	815.0	9025.0	8887.0	1221.0	1166.0	16.3	12.6	21.0	20.1
2013-06-11	11116.0	686.0	613.0	8974.0	8991.0	1161.0	1217.0	18.1	18.7	24.3	25.9
2013-06-18	11488.0	748.0	633.0	9370.0	9495.0	1074.0	1064.0	19.9	21.8	26.1	28.6
2013-06-25	11743.0	795.0	658.0	9612.0	9810.0	1112.0	1051.0	19.8	21.9	25.8	28.7
2013-07-02	10938.0	694.0	494.0	8880.0	9282.0	1265.0	1063.0	20.3	18.3	25.8	26.8
2013-07-09	11107.0	728.0	464.0	8985.0	9444.0	1278.0	1083.0	20.4	19.0	26.0	27.5
2013-07-16	11100.0	737.0	491.0	9104.0	9465.0	1144.0	1029.0	20.5	19.3	26.5	27.1
2013-07-23	11341.0	722.0	504.0	9345.0	9709.0	1143.0	997.0	20.3	17.2	26.6	26.2
2013-07-30	11950.0	679.0	503.0	9942.0	10249.0	1220.0	1089.0	20.8	16.0	27.0	25.5
2013-08-06	10506.0	353.0	368.0	8762.0	8821.0	1276.0	1202.0	20.1	14.7	27.7	23.5
2013-08-13	10925.0	418.0	378.0	9155.0	9212.0	1241.0	1224.0	19.5	14.2	26.7	23.1
2013-08-20	11407.0	424.0	423.0	9704.0	9688.0	1189.0	1206.0	19.2	14.2	26.2	22.4
2013-08-27	11497.0	436.0	426.0	9739.0	9737.0	1187.0	1199.0	19.2	14.6	24.8	22.6
2013-09-03	12143.0	357.0	461.0	10213.0	10049.0	1344.0	1404.0	18.0	14.7	23.7	22.4
2013-09-10	10333.0	71.0	290.0	8847.0	8526.0	1187.0	1289.0	22.2	19.9	27.9	26.3
2013-09-17	10756.0	125.0	276.0	9261.0	9054.0	1138.0	1194.0	22.3	20.5	28.3	26.9
2013-09-24	11429.0	158.0	292.0	10089.0	9867.0	949.0	1037.0	21.0	19.9	26.9	26.3
2013-10-01	11671.0	148.0	331.0	10264.0	9978.0	1006.0	1109.0	20.7	19.9	26.6	26.4
2013-10-08	9629.0	219.0	254.0	8332.0	8078.0	938.0	1157.0	20.4	22.4	30.1	29.7
2013-10-15	9553.0	224.0	240.0	8212.0	7967.0	960.0	1189.0	19.6	22.6	30.1	30.3
2013-10-22	10025.0	264.0	240.0	8637.0	8382.0	923.0	1202.0	18.8	21.1	28.3	29.0
2013-10-29	10287.0	259.0	232.0	8786.0	8607.0	1004.0	1210.0	18.3	20.2	27.5	28.3
2013-11-05	8460.0	90.0	200.0	7127.0	6907.0	973.0	1083.0	19.1	15.0	25.1	19.8
2013-11-12	8725.0	170.0	205.0	7264.0	7120.0	1019.0	1128.0	18.1	13.9	23.7	19.7
2013-11-19	9144.0	201.0	210.0	7734.0	7627.0	931.0	1029.0	16.7	13.4	22.5	18.2
2013-11-26	9848.0	295.0	210.0	8509.0	8484.0	796.0	906.0	15.6	14.3	21.5	18.9
2013-12-03	8795.0	286.0	145.0	7474.0	7396.0	804.0	1023.0	19.8	17.0	25.8	22.3
2013-12-10	9125.0	288.0	185.0	7745.0	7650.0	859.0	1057.0	18.9	16.9	25.5	22.4
2013-12-17	9311.0	330.0	245.0	7953.0	7875.0	775.0	938.0	18.5	15.6	25.5	22.1
2013-12-24	9656.0	391.0	270.0	8407.0	8331.0	665.0	862.0	18.3	17.5	25.7	23.4
2014-01-07	8325.0	464.0	160.0	7046.0	7052.0	707.0	1005.0	19.6	19.2	27.6	26.0
2014-01-14	8911.0	469.0	200.0	7655.0	7617.0	677.0	984.0	19.7	19.2	28.0	26.6
2014-01-21	9286.0	576.0	235.0	7948.0	7984.0	630.0	935.0	19.9	19.7	27.9	27.2
2014-01-28	9592.0	709.0	290.0	8088.0	8241.0	699.0	965.0	22.0	22.6	29.7	29.9
2014-02-04	8233.0	653.0	210.0	6835.0	7072.0	610.0	816.0	24.0	21.3	34.6	30.5
2014-02-11	8735.0	717.0	250.0	7255.0	7512.0	628.0	838.0	24.1	20.5	33.5	29.7
2014-02-18	9105.0	773.0	255.0	7569.0	7866.0	628.0	849.0	24.8	21.7	34.1	30.5
2014-02-25	10359.0	830.0	317.0	8749.0	8997.0	585.0	850.0	22.5	20.4	31.2	28.1
2014-03-04	10417.0	910.0	268.0	8674.0	9137.0	773.0	952.0	20.0	16.2	25.8	22.9
2014-03-11	10663.0	925.0	296.0	8954.0	9340.0	724.0	967.0	20.3	17.6	26.9	24.1
2014-03-18	11216.0	997.0	326.0	9301.0	9744.0	801.0	1029.0	20.0	18.1	26.6	24.6
2014-03-25	11348.0	1077.0	366.0	9233.0	9680.0	921.0	1185.0	19.9	19.8	28.1	26.8
2014-04-01	11699.0	1102.0	419.0	9576.0	10045.0	929.0	1143.0	20.0	20.4	28.2	27.2
2014-04-08	9853.0	992.0	260.0	7799.0	8348.0	863.0	1046.0	25.6	25.6	35.4	34.8
2014-04-15	10081.0	1066.0	335.0	8069.0	8610.0	812.0	1002.0	26.1	26.2	36.3	35.7
2014-04-22	10645.0	1099.0	340.0	8725.0	9403.0	682.0	763.0	25.4	25.0	35.0	34.0
2014-04-29	11135.0	1134.0	408.0	9207.0	9732.0	683.0	884.0	25.1	25.7	34.5	33.9
2014-05-06	9449.0	789.0	294.0	7800.0	8264.0	755.0	786.0	20.4	21.3	25.9	27.8
2014-05-13	9546.0	848.0	281.0	7912.0	8403.0	672.0	748.0	20.2	22.6	25.7	29.5
2014-05-20	11221.0	917.0	311.0	9333.0	9929.0	782.0	792.0	17.5	20.8	22.6	27.2
2014-05-27	11451.0	960.0	321.0	9555.0	10198.0	752.0	748.0	17.3	21.3	22.5	27.7
2014-06-03	10128.0	692.0	290.0	8552.0	8875.0	658.0	737.0	15.7	19.2	21.5	25.5
2014-06-10	10641.0	721.0	240.0	8926.0	9320.0	694.0	781.0	15.5	19.5	21.0	25.4
2014-06-17	10928.0	757.0	260.0	8984.0	9388.0	862.0	955.0	15.3	19.6	20.7	25.1
2014-06-24	11538.0	772.0	250.0	9662.0	10119.0	784.0	849.0	14.5	19.2	19.9	24.4
2014-07-01	11823.0	811.0	265.0	9971.0	10412.0	693.0	798.0	14.6	19.3	19.9	24.3
2014-07-08	10566.0	733.0	190.0	8847.0	9332.0	738.0	796.0	16.0	17.4	21.7	23.6
2014-07-15	10931.0	813.0	211.0	8745.0	9316.0	1050.0	1081.0	16.5	19.4	21.9	25.3
2014-07-22	10918.0	809.0	241.0	8878.0	9496.0	863.0	813.0	16.7	21.2	22.0	26.7
2014-07-29	10896.0	829.0	286.0	8801.0	9411.0	898.0	831.0	17.1	22.1	22.2	27.1
2014-08-05	9071.0	639.0	309.0	7410.0	7737.0	712.0	715.0	17.0	17.9	21.3	22.8
2014-08-12	9939.0	649.0	319.0	8228.0	8662.0	747.0	643.0	16.3	18.5	20.3	22.4
2014-08-19	10462.0	719.0	324.0	8620.0	9105.0	813.0	723.0	16.4	19.4	20.7	23.0
2014-08-26	10720.0	734.0	314.0	8912.0	9384.0	769.0	717.0	16.2	18.7	20.5	23.0
2014-09-02	11062.0	739.0	324.0	9132.0	9626.0	830.0	751.0	15.9	18.2	20.4	22.3
2014-09-09	10019.0	604.0	260.0	8224.0	8819.0	916.0	665.0	16.2	19.8	21.7	26.6
2014-09-16	10265.0	634.0	260.0	8405.0	9057.0	951.0	673.0	16.0	20.3	21.4	26.8
2014-09-23	10329.0	656.0	265.0	8442.0	9116.0	956.0	673.0	16.3	21.4	21.8	27.8
2014-09-30	10219.0	606.0	265.0	8447.0	9061.0	941.0	668.0	16.2	21.1	21.6	27.8
2014-10-07	9196.0	255.0	240.0	7821.0	8108.0	940.0	668.0	19.5	22.6	24.8	28.2
2014-10-14	9760.0	380.0	240.0	8209.0	8622.0	941.0	668.0	17.7	23.8	23.7	29.0
2014-10-21	10006.0	427.0	240.0	8363.0	8933.0	998.0	615.0	17.7	24.6	24.2	29.9
2014-10-28	11445.0	488.0	250.0	9653.0	10215.0	1038.0	714.0	15.5	21.7	21.2	26.5
2014-11-04	10889.0	478.0	220.0	9425.0	9817.0	798.0	664.0	19.8	21.5	24.8	26.2
2014-11-11	11018.0	526.0	220.0	9542.0	10027.0	762.0	583.0	19.5	21.9	24.6	26.7
2014-11-18	11445.0	594.0	225.0	9918.0	10474.0	738.0	551.0	19.2	22.2	24.4	27.0
2014-11-25	11898.0	657.0	230.0	10224.0	10825.0	752.0	578.0	18.6	24.5	24.3	28.8
2014-12-02	10109.0	334.0	255.0	8922.0	9098.0	638.0	541.0	26.7	24.2	30.9	31.3
2014-12-09	10754.0	400.0	255.0	9450.0	9670.0	630.0	555.0	27.2	26.5	31.8	32.2
2014-12-16	11186.0	435.0	270.0	9786.0	10051.0	687.0	587.0	25.2	25.8	30.4	31.5
2014-12-23	11391.0	480.0	280.0	9894.0	10199.0	725.0	620.0	25.4	27.0	30.7	32.7
2014-12-30	11741.0	510.0	280.0	10170.0	10520.0	740.0	620.0	25.3	26.9	30.7	32.4
2015-01-06	9444.0	370.0	55.0	8002.0	8455.0	802.0	664.0	19.5	26.0	27.5	31.9
2015-01-13	10170.0	485.0	80.0	8485.0	9035.0	904.0	759.0	20.1	26.3	28.2	31.1
2015-01-20	11182.0	636.0	80.0	9141.0	9891.0	1050.0	856.0	19.4	26.1	27.7	30.6
2015-01-27	13013.0	610.0	65.0	10985.0	11753.0	1015.0	792.0	17.2	22.3	24.1	26.4
2015-02-03	11708.0	550.0	145.0	9785.0	10391.0	960.0	759.0	13.9	19.9	19.0	23.5
2015-02-10	12063.0	661.0	142.0	9891.0	10617.0	925.0	718.0	14.2	21.4	20.9	25.0
2015-02-17	12923.0	721.0	234.0	10526.0	11226.0	936.0	723.0	17.0	22.4	23.2	26.2
2015-02-24	13656.0	753.0	229.0	11174.0	11958.0	974.0	714.0	18.7	22.9	24.6	27.1
2015-03-03	11554.0	753.0	344.0	9074.0	9636.0	1083.0	930.0	14.9	16.6	21.6	21.5
2015-03-10	11590.0	792.0	349.0	9177.0	9801.0	962.0	781.0	14.6	15.5	21.3	20.2
2015-03-17	12631.0	815.0	354.0	10204.0	10854.0	879.0	690.0	13.9	14.7	21.0	19.5
2015-03-24	13218.0	875.0	367.0	10709.0	11387.0	958.0	788.0	13.8	14.9	20.9	19.2
2015-03-31	13637.0	960.0	374.0	11183.0	12000.0	916.0	685.0	15.4	15.7	23.1	20.2
2015-04-07	11405.0	681.0	150.0	9327.0	9998.0	810.0	670.0	16.6	18.0	25.2	23.7
2015-04-14	12383.0	691.0	184.0	10116.0	10662.0	873.0	834.0	19.5	17.5	27.6	25.2
2015-04-21	13052.0	639.0	228.0	10760.0	11286.0	890.0	775.0	19.4	16.8	26.6	24.2
2015-04-28	13603.0	644.0	228.0	11266.0	11793.0	900.0	789.0	18.6	16.3	25.5	23.3
2015-05-05	11521.0	297.0	232.0	9692.0	9871.0	887.0	773.0	17.6	17.8	24.2	23.9
2015-05-12	11951.0	322.0	197.0	10116.0	10387.0	813.0	667.0	16.8	18.1	23.0	23.8
2015-05-19	12016.0	375.0	186.0	10103.0	10398.0	829.0	723.0	16.8	18.5	23.3	24.0
2015-05-26	12336.0	467.0	186.0	10342.0	10744.0	829.0	708.0	17.0	18.6	24.1	24.8
2015-06-02	11480.0	530.0	189.0	9591.0	10097.0	795.0	630.0	18.1	17.9	24.5	24.6
2015-06-09	11810.0	676.0	189.0	9833.0	10414.0	769.0	675.0	18.2	18.9	25.1	25.3
2015-06-16	11973.0	795.0	191.0	9901.0	10626.0	723.0	602.0	18.6	20.5	25.9	26.5
2015-06-23	12159.0	861.0	201.0	9882.0	10740.0	863.0	665.0	18.5	20.9	25.8	26.7
2015-06-30	12278.0	876.0	221.0	9926.0	10794.0	926.0	713.0	17.1	19.9	24.4	25.4
2015-07-07	10204.0	807.0	205.0	8081.0	8900.0	892.0	675.0	22.1	19.4	29.4	27.5
2015-07-14	10412.0	895.0	190.0	8142.0	9009.0	873.0	711.0	21.6	19.3	28.9	27.1
2015-07-21	10622.0	889.0	155.0	8277.0	9221.0	924.0	714.0	19.7	18.8	26.9	26.1
2015-07-28	10644.0	959.0	180.0	8324.0	9254.0	818.0	667.0	20.4	19.4	27.8	26.8
2015-08-04	8727.0	757.0	165.0	6671.0	7391.0	777.0	649.0	16.7	18.0	24.7	24.8
2015-08-11	9058.0	819.0	155.0	6908.0	7740.0	787.0	619.0	16.2	18.3	24.2	25.3
2015-08-18	9862.0	856.0	135.0	7598.0	8482.0	799.0	636.0	15.5	17.4	23.1	24.2
2015-08-25	10278.0	982.0	119.0	7799.0	8876.0	863.0	649.0	15.3	13.7	20.4	20.4
2015-09-01	9050.0	782.0	125.0	6699.0	7679.0	1029.0	706.0	11.5	9.8	14.6	15.3
2015-09-08	9287.0	865.0	155.0	7024.0	7796.0	782.0	720.0	13.5	9.4	17.8	15.0
2015-09-15	9325.0	918.0	183.0	7040.0	7828.0	765.0	712.0	13.9	9.9	19.3	16.3
2015-09-22	9516.0	890.0	188.0	7361.0	8077.0	667.0	653.0	13.2	9.8	18.5	15.5
2015-09-29	10092.0	868.0	183.0	7778.0	8601.0	826.0	688.0	13.1	9.0	16.7	13.9
2015-10-06	8756.0	274.0	335.0	7315.0	7195.0	667.0	726.0	18.6	10.9	22.9	17.9
2015-10-13	9133.0	365.0	325.0	7621.0	7575.0	591.0	677.0	18.4	10.9	22.8	18.0
2015-10-20	9356.0	407.0	424.0	7708.0	7724.0	749.0	716.0	18.7	10.7	22.4	17.8
2015-10-27	9715.0	466.0	388.0	7961.0	8070.0	747.0	716.0	18.4	10.3	22.8	16.7
2015-11-03	8323.0	494.0	373.0	6674.0	6876.0	765.0	684.0	14.6	12.8	20.9	19.0
2015-11-10	8708.0	548.0	472.0	6782.0	7089.0	962.0	731.0	14.9	13.3	21.2	19.3
2015-11-17	9123.0	690.0	466.0	6885.0	7426.0	1003.0	686.0	14.5	12.3	20.0	19.4
2015-11-24	9198.0	823.0	458.0	6963.0	7499.0	854.0	683.0	14.9	12.9	21.2	19.9
2015-12-01	9565.0	872.0	513.0	7313.0	7869.0	795.0	598.0	14.6	14.4	21.1	21.4
2015-12-08	8560.0	881.0	263.0	6312.0	7052.0	816.0	694.0	16.8	15.1	24.1	20.5
2015-12-15	8752.0	880.0	431.0	6182.0	6766.0	805.0	670.0	16.4	15.1	23.9	20.4
2015-12-22	9113.0	904.0	498.0	6356.0	6987.0	925.0	700.0	15.2	14.9	22.4	20.1
2015-12-29	9159.0	879.0	554.0	6442.0	6911.0	849.0	705.0	14.8	15.0	22.0	20.2
2016-01-05	7559.0	990.0	447.0	4921.0	5750.0	923.0	637.0	20.6	17.7	27.3	27.1
2016-01-12	7933.0	932.0	502.0	5446.0	6062.0	755.0	569.0	19.6	17.7	26.3	27.1
2016-01-19	8535.0	949.0	548.0	5809.0	6498.0	861.0	573.0	19.3	18.3	25.9	27.8
2016-01-26	9063.0	904.0	548.0	6224.0	6906.0	843.0	517.0	17.8	17.2	23.6	26.1
2016-02-02	8147.0	425.0	331.0	6119.0	6604.0	861.0	470.0	19.6	18.1	27.0	26.0
2016-02-09	8606.0	466.0	321.0	6426.0	6967.0	940.0	544.0	19.4	18.0	26.4	25.4
2016-02-16	8837.0	509.0	311.0	6585.0	7154.0	942.0	571.0	19.0	16.4	25.7	23.9
2016-02-23	8805.0	541.0	335.0	6439.0	7034.0	929.0	540.0	19.4	16.4	26.3	24.0
2016-03-01	9497.0	505.0	342.0	6861.0	7390.0	926.0	560.0	18.2	15.1	24.3	22.1
2016-03-08	7885.0	640.0	182.0	5170.0	5795.0	958.0	791.0	16.8	13.2	21.6	18.5
2016-03-15	8250.0	699.0	182.0	5502.0	6228.0	932.0	723.0	16.5	13.0	21.6	18.2
2016-03-22	8178.0	710.0	177.0	5565.0	6309.0	966.0	755.0	16.8	13.1	22.0	18.3
2016-03-29	8285.0	728.0	182.0	5611.0	6373.0	984.0	768.0	16.2	13.1	21.9	18.1
2016-04-05	7365.0	1160.0	108.0	4828.0	6077.0	852.0	655.0	24.8	20.4	29.8	28.3
2016-04-12	7536.0	1153.0	108.0	5267.0	6444.0	768.0	636.0	24.2	22.7	29.1	28.2
2016-04-19	7972.0	1217.0	141.0	5716.0	6911.0	709.0	590.0	24.0	23.2	29.8	28.2
2016-04-26	8344.0	1346.0	101.0	5832.0	7252.0	889.0	714.0	23.8	23.8	29.5	28.6
2016-05-03	7050.0	990.0	136.0	4904.0	5940.0	845.0	663.0	20.8	20.9	28.1	27.6
2016-05-10	7505.0	954.0	166.0	5252.0	6319.0	928.0	649.0	18.4	19.1	25.9	24.9
2016-05-17	7833.0	1055.0	130.0	5499.0	6636.0	928.0	716.0	18.2	18.8	25.8	24.7
2016-05-24	7985.0	1095.0	169.0	5566.0	6740.0	904.0	656.0	18.3	20.0	25.6	25.7
2016-05-31	8671.0	1172.0	185.0	6327.0	7443.0	774.0	645.0	17.3	19.2	24.7	25.0
2016-06-07	7972.0	1013.0	104.0	5852.0	6887.0	716.0	590.0	17.6	15.8	24.4	21.0
2016-06-14	8289.0	1035.0	103.0	6044.0	7095.0	716.0	597.0	17.1	15.5	23.8	20.4
2016-06-21	8556.0	1039.0	114.0	6321.0	7443.0	656.0	459.0	18.0	15.8	24.3	20.5
2016-06-28	8618.0	1059.0	97.0	6501.0	7654.0	680.0	489.0	18.7	16.0	25.2	21.2
2016-07-05	6994.0	1084.0	93.0	4942.0	6007.0	520.0	446.0	22.3	24.6	32.5	33.4
2016-07-12	7482.0	1084.0	83.0	5294.0	6351.0	542.0	486.0	20.9	22.7	30.2	30.8
2016-07-19	7936.0	1092.0	88.0	5644.0	6755.0	561.0	454.0	19.9	21.2	28.4	28.6
2016-07-26	8065.0	1113.0	37.0	5686.0	6819.0	564.0	507.0	19.6	20.8	27.6	28.1
2016-08-02	7549.0	791.0	33.0	5335.0	6090.0	605.0	608.0	18.1	17.1	25.8	22.3
2016-08-09	7567.0	832.0	25.0	5277.0	6142.0	666.0	608.0	18.6	16.8	26.3	22.3
2016-08-16	7866.0	832.0	60.0	5523.0	6363.0	679.0	611.0	17.9	14.8	25.3	20.8
2016-08-23	8023.0	852.0	55.0	5567.0	6423.0	725.0	666.0	17.5	14.0	24.5	19.9
2016-08-30	8155.0	906.0	60.0	5764.0	6736.0	754.0	628.0	17.2	13.6	24.5	19.7
2016-09-06	8158.0	742.0	55.0	5844.0	6659.0	683.0	555.0	18.7	15.4	25.9	25.0
2016-09-13	8529.0	765.0	50.0	6093.0	6927.0	721.0	602.0	18.0	15.8	24.8	24.4
2016-09-20	8811.0	782.0	59.0	6326.0	7178.0	703.0	574.0	17.5	14.8	24.8	22.9
2016-09-27	9054.0	683.0	54.0	6844.0	7622.0	759.0	610.0	17.3	14.5	26.2	22.3
2016-10-04	8209.0	652.0	22.0	6366.0	7094.0	500.0	402.0	15.3	12.7	24.8	20.0
2016-10-11	8735.0	637.0	17.0	6709.0	7549.0	647.0	427.0	14.4	12.9	23.4	19.6
2016-10-18	9180.0	667.0	29.0	6974.0	7852.0	673.0	433.0	13.7	13.3	22.5	19.0
2016-10-25	9909.0	698.0	174.0	7608.0	8299.0	574.0	407.0	13.3	11.9	21.4	17.7
2016-11-01	10732.0	739.0	249.0	8109.0	8746.0	544.0	397.0	12.2	12.1	19.6	18.7
2016-11-08	10094.0	407.0	281.0	7835.0	8189.0	605.0	377.0	8.0	12.1	13.2	16.4
2016-11-15	10803.0	452.0	296.0	8450.0	8854.0	643.0	395.0	7.7	11.3	12.7	15.8
2016-11-22	11237.0	474.0	296.0	9167.0	9503.0	579.0	421.0	8.1	10.8	12.8	14.8
2016-11-29	11909.0	504.0	306.0	9819.0	10179.0	560.0	398.0	7.7	11.4	12.7	16.2
2016-12-06	11829.0	372.0	429.0	9587.0	9787.0	648.0	391.0	16.1	15.3	19.3	19.5
2016-12-13	11388.0	357.0	299.0	9024.0	9307.0	659.0	434.0	16.3	14.8	19.4	19.6
2016-12-20	11890.0	395.0	332.0	9427.0	9679.0	695.0	506.0	16.3	14.4	19.3	19.1
2016-12-27	11797.0	391.0	332.0	9503.0	9708.0	624.0	478.0	16.6	14.2	19.6	18.7
2017-01-03	12212.0	332.0	332.0	9675.0	9949.0	686.0	412.0	15.9	13.4	18.8	18.0
2017-01-10	10287.0	354.0	235.0	8166.0	8398.0	611.0	498.0	13.5	11.8	19.3	16.7
2017-01-17	11450.0	364.0	275.0	9182.0	9362.0	653.0	562.0	11.8	9.8	17.3	14.0
2017-01-24	11536.0	364.0	393.0	9226.0	9400.0	653.0	450.0	11.2	8.8	16.6	13.3
2017-01-31	12778.0	445.0	408.0	10098.0	10279.0	595.0	451.0	10.6	8.8	15.5	12.5
