2007-05-08	36959.0	7421.0	2568.0	25873.0	27478.0	2788.0	6036.0	42.6	50.4	64.5	68.5
2007-05-15	37435.0	6950.0	2568.0	26385.0	27080.0	2903.0	6590.0	42.5	47.4	64.2	65.2
2007-05-22	37915.0	6430.0	2568.0	26685.0	27110.0	3333.0	6770.0	41.2	46.0	62.6	63.7
2007-05-29	39177.0	6924.0	2568.0	27667.0	27358.0	3209.0	7874.0	40.9	44.6	61.7	61.7
2007-06-05	36058.0	6604.0	2692.0	25873.0	25970.0	2881.0	6696.0	38.1	46.5	58.8	62.5
2007-06-12	36624.0	5841.0	2692.0	26453.0	25970.0	3095.0	6727.0	36.1	45.6	57.4	61.4
2007-06-19	37150.0	6876.0	2568.0	25997.0	26759.0	3157.0	6703.0	37.1	44.8	57.1	61.6
2007-06-26	39034.0	7369.0	2630.0	26859.0	26883.0	3877.0	8592.0	36.3	42.6	56.4	58.8
2007-07-03	37125.0	9102.0	2878.0	23777.0	25498.0	3846.0	8349.0	41.2	42.3	60.1	55.4
2007-07-10	37485.0	9462.0	2878.0	23777.0	25982.0	3846.0	8225.0	42.1	41.9	60.5	55.1
2007-07-17	37598.0	9956.0	2878.0	22586.0	26075.0	4797.0	8386.0	43.3	41.7	60.9	58.6
2007-07-24	38947.0	9120.0	2506.0	24622.0	26653.0	4070.0	8653.0	39.2	38.8	57.3	56.2
2007-07-31	40793.0	8755.0	1638.0	26686.0	30842.0	3546.0	6507.0	35.0	38.3	53.3	53.1
2007-08-07	37554.0	8495.0	1576.0	24111.0	27871.0	3172.0	6331.0	36.7	38.9	55.6	52.6
2007-08-14	39202.0	8098.0	1576.0	25426.0	29457.0	3538.0	6029.0	33.4	40.1	53.6	55.5
2007-08-21	40126.0	6814.0	1514.0	27108.0	28847.0	3110.0	6671.0	30.8	38.7	50.9	53.6
2007-08-28	43142.0	4736.0	1942.0	30544.0	29931.0	3872.0	7279.0	31.8	37.8	49.9	52.6
2007-09-04	41520.0	6730.0	1880.0	27402.0	29395.0	3928.0	6785.0	34.0	41.2	54.5	58.3
2007-09-11	45486.0	9519.0	0.0	28013.0	33559.0	3042.0	7015.0	29.7	36.2	48.4	56.0
2007-09-18	45900.0	8735.0	0.0	29393.0	33053.0	2582.0	7657.0	30.9	35.6	49.0	53.7
2007-09-25	48750.0	10505.0	0.0	30219.0	36699.0	2776.0	6801.0	32.2	40.4	48.6	56.1
2007-10-02	50111.0	10276.0	0.0	30888.0	35484.0	3590.0	9270.0	37.3	42.6	51.5	54.9
2007-10-09	54113.0	11810.0	1602.0	33657.0	39467.0	3955.0	8353.0	38.7	42.7	52.8	56.9
2007-10-16	54664.0	12350.0	1290.0	34122.0	40356.0	3955.0	8781.0	36.9	42.2	52.1	56.0
2007-10-23	54416.0	13473.0	1350.0	31802.0	39477.0	4772.0	9220.0	33.3	41.7	48.6	55.2
2007-10-30	55102.0	12006.0	420.0	33352.0	40774.0	4319.0	8483.0	32.5	40.1	45.5	53.5
2007-11-06	56219.0	18202.0	372.0	30318.0	42885.0	3907.0	9170.0	35.0	33.8	53.7	51.7
2007-11-13	57753.0	18886.0	372.0	31529.0	44170.0	3564.0	9437.0	34.4	27.0	53.0	44.5
2007-11-20	57380.0	19160.0	372.0	28116.0	42945.0	6361.0	10320.0	35.1	27.1	50.1	43.6
2007-11-27	57804.0	20589.0	372.0	27657.0	44225.0	6671.0	10320.0	36.2	26.9	51.9	43.3
2007-12-04	53392.0	17814.0	0.0	26348.0	39024.0	5812.0	10950.0	36.7	27.9	50.8	43.3
2007-12-11	54386.0	16298.0	0.0	29077.0	40177.0	5632.0	10830.0	33.4	27.9	46.6	42.6
2007-12-18	57491.0	21057.0	0.0	30812.0	44414.0	3079.0	10534.0	39.8	27.8	55.7	42.2
2007-12-24	57534.0	21460.0	0.0	31121.0	44318.0	2864.0	11127.0	40.9	28.8	55.8	43.2
2007-12-31	58556.0	22516.0	0.0	30619.0	45276.0	3515.0	11374.0	42.2	29.3	57.2	44.3
2008-01-08	60022.0	14167.0	1088.0	37943.0	44772.0	3883.0	10133.0	35.8	29.6	53.5	44.5
2008-01-15	63915.0	11215.0	1088.0	42923.0	48230.0	3960.0	8780.0	38.1	30.4	53.3	44.3
2008-01-22	66113.0	13630.0	1088.0	42966.0	51630.0	4081.0	7959.0	38.4	31.1	51.1	44.6
2008-01-29	75019.0	10222.0	1088.0	51760.0	54740.0	3089.0	9243.0	34.9	27.2	47.0	39.8
2008-02-05	75490.0	7122.0	1986.0	53759.0	52416.0	3594.0	10073.0	37.3	30.8	49.6	42.8
2008-02-12	74284.0	7390.0	1558.0	52089.0	51804.0	3956.0	10073.0	38.9	29.5	51.6	41.7
2008-02-19	74520.0	6722.0	2662.0	52827.0	50948.0	4194.0	10133.0	40.9	28.3	53.9	40.4
2008-02-26	77028.0	5369.0	3886.0	56788.0	52425.0	4296.0	10142.0	39.7	27.7	51.6	40.9
2008-03-04	74975.0	4510.0	3206.0	53972.0	46911.0	5750.0	14115.0	41.6	28.9	52.9	42.3
2008-03-11	74181.0	5365.0	3851.0	55218.0	45699.0	3460.0	14493.0	41.7	29.0	54.2	42.5
2008-03-18	74936.0	8288.0	0.0	53126.0	51866.0	3549.0	13097.0	42.3	29.2	55.8	42.7
2008-03-25	77678.0	11278.0	0.0	51936.0	54596.0	4834.0	13452.0	41.9	31.2	56.9	44.8
2008-04-01	72678.0	6873.0	0.0	49236.0	50165.0	5978.0	11922.0	43.9	32.3	54.5	44.1
2008-04-08	71660.0	5784.0	710.0	51184.0	48106.0	5498.0	13650.0	45.3	30.1	56.2	40.7
2008-04-15	72134.0	7006.0	2850.0	53264.0	49268.0	5498.0	13650.0	46.3	31.0	57.5	43.8
2008-04-22	74421.0	6721.0	2850.0	53973.0	50484.0	6360.0	13720.0	45.0	30.0	56.9	44.4
2008-04-29	74733.0	8016.0	2666.0	53386.0	51224.0	6422.0	13934.0	44.9	30.9	56.8	45.0
2008-05-06	70025.0	6710.0	2535.0	50628.0	47428.0	5675.0	13050.0	40.2	30.5	51.7	42.6
2008-05-13	71331.0	2238.0	5574.0	56117.0	47226.0	6910.0	12465.0	38.0	27.5	49.0	40.5
2008-05-20	70439.0	4395.0	6207.0	53929.0	44995.0	6711.0	13833.0	39.1	31.8	50.1	43.4
2008-05-27	69330.0	4686.0	5779.0	52184.0	44583.0	6855.0	13363.0	39.3	32.3	51.0	44.6
2008-06-03	65319.0	3855.0	5971.0	50932.0	42226.0	4684.0	11274.0	40.5	31.2	51.6	44.1
2008-06-10	67096.0	4664.0	5971.0	51896.0	44232.0	4746.0	11103.0	38.9	31.6	50.8	45.0
2008-06-17	65495.0	3104.0	6399.0	52221.0	42631.0	4746.0	11041.0	39.2	35.3	49.1	46.1
2008-06-24	63821.0	2186.0	2891.0	51173.0	44080.0	4591.0	10979.0	37.9	28.4	48.0	41.0
2008-07-01	55089.0	1608.0	2452.0	43933.0	37318.0	4207.0	9978.0	37.2	28.8	47.3	40.2
2008-07-08	56902.0	1208.0	2484.0	45092.0	37651.0	4509.0	10674.0	37.6	28.1	47.3	39.1
2008-07-15	56919.0	826.0	2388.0	45265.0	37495.0	4447.0	10655.0	37.2	27.1	46.8	38.1
2008-07-22	58790.0	2433.0	3369.0	46629.0	40451.0	5042.0	10284.0	35.2	27.8	44.7	39.0
2008-07-29	60577.0	2992.0	5081.0	47845.0	40394.0	4918.0	10280.0	34.7	28.0	43.8	39.3
2008-08-05	52778.0	3064.0	4275.0	41715.0	35900.0	4249.0	8853.0	32.8	29.1	42.7	39.1
2008-08-12	53217.0	3018.0	4275.0	42029.0	36228.0	4509.0	9053.0	32.5	28.9	42.1	37.7
2008-08-19	54169.0	2624.0	5555.0	43427.0	36012.0	4585.0	9069.0	31.5	31.1	40.9	38.4
2008-08-26	53018.0	2500.0	6420.0	41177.0	34313.0	6213.0	9157.0	31.9	32.8	42.0	41.3
2008-09-02	45425.0	2980.0	6566.0	35615.0	28873.0	4431.0	7587.0	34.5	32.5	44.9	42.1
2008-09-09	44625.0	2185.0	5614.0	35172.0	28749.0	4892.0	7886.0	33.8	32.8	43.5	40.4
2008-09-16	44815.0	2363.0	6048.0	35188.0	28869.0	4985.0	7619.0	33.7	33.4	43.7	41.9
2008-09-23	44964.0	2363.0	5126.0	35147.0	30036.0	4938.0	7286.0	33.2	33.3	42.2	39.8
2008-09-30	48181.0	1923.0	6811.0	39276.0	33461.0	4108.0	5035.0	34.0	34.5	42.5	44.1
2008-10-07	43756.0	5026.0	5350.0	31600.0	30444.0	4828.0	5660.0	35.3	38.0	49.9	51.4
2008-10-14	45048.0	4750.0	6848.0	32712.0	29094.0	5108.0	6628.0	32.0	40.4	46.2	49.0
2008-10-21	43674.0	4918.0	7062.0	30144.0	28500.0	7372.0	6872.0	28.6	42.2	43.2	51.1
2008-10-28	42732.0	5194.0	7062.0	28996.0	28624.0	7464.0	5968.0	28.9	43.2	41.8	52.6
2008-11-04	39151.0	4638.0	7062.0	26765.0	25875.0	6670.0	5136.0	28.4	43.1	41.5	53.0
2008-11-11	39362.0	4818.0	7062.0	26765.0	25875.0	6701.0	5347.0	28.7	42.8	41.7	52.7
2008-11-18	39423.0	4582.0	7062.0	26765.0	25875.0	6875.0	5285.0	28.2	42.8	41.1	52.6
2008-11-25	40506.0	2618.0	7062.0	30129.0	25499.0	5010.0	5196.0	29.6	41.3	43.5	50.9
2008-12-02	36825.0	2968.0	7062.0	27633.0	22823.0	4044.0	4760.0	34.3	43.1	47.4	51.9
2008-12-09	37630.0	4932.0	7062.0	27484.0	23362.0	4290.0	6282.0	35.2	42.0	49.3	50.6
2008-12-16	37658.0	4657.0	7062.0	27605.0	23208.0	4290.0	6282.0	34.9	41.8	49.0	50.4
2008-12-22	38256.0	4836.0	7062.0	28109.0	24023.0	4412.0	6272.0	35.0	41.1	49.0	49.6
2008-12-30	38824.0	5188.0	6206.0	28091.0	25213.0	4412.0	6272.0	38.3	38.2	49.5	49.8
2009-01-27	44047.0	2489.0	6206.0	33166.0	28725.0	4803.0	5527.0	36.1	39.8	48.6	51.0
2009-02-03	40164.0	657.0	6206.0	31279.0	23137.0	5797.0	8390.0	44.1	39.7	52.8	48.6
2009-02-10	39739.0	217.0	6542.0	31829.0	23817.0	5369.0	7056.0	47.2	41.2	56.1	52.2
2009-02-17	39653.0	608.0	6505.0	32190.0	24756.0	4587.0	6124.0	46.4	41.4	56.0	53.1
2009-02-24	42990.0	3174.0	6206.0	33881.0	29034.0	4323.0	6138.0	42.0	41.9	55.2	53.6
2009-06-16	36852.0	0.0	4405.0	33519.0	26427.0	2703.0	5390.0	56.0	45.1	71.5	61.1
2009-06-23	37361.0	0.0	5714.0	34154.0	25602.0	2583.0	5421.0	57.0	44.2	72.3	61.4
2009-06-30	37946.0	0.0	5602.0	34375.0	25935.0	2583.0	5421.0	54.9	42.6	69.9	59.2
2009-07-07	35507.0	0.0	5497.0	32476.0	24240.0	2146.0	4885.0	56.8	43.3	71.9	62.0
2009-07-14	35475.0	0.0	5500.0	32448.0	24209.0	2146.0	4885.0	56.9	43.3	72.0	62.0
2009-07-21	35241.0	0.0	7010.0	32502.0	22451.0	2146.0	5187.0	57.7	47.9	72.9	64.1
2009-07-28	36741.0	0.0	6205.0	32683.0	23712.0	2421.0	5187.0	54.5	45.2	67.3	59.3
2009-08-04	34700.0	0.0	5743.0	30977.0	22579.0	2086.0	4741.0	55.1	44.2	66.6	57.4
2009-08-11	34852.0	0.0	5509.0	30219.0	22487.0	2668.0	4891.0	51.7	42.9	63.2	56.0
2009-08-18	35406.0	0.0	5481.0	30219.0	22607.0	3082.0	5213.0	50.9	42.6	62.2	55.4
2009-08-25	35822.0	0.0	5453.0	30475.0	22807.0	3082.0	5297.0	50.4	41.6	61.6	54.6
2009-09-01	34340.0	0.0	5032.0	29781.0	22989.0	2213.0	3973.0	52.3	38.5	62.0	56.5
2009-09-08	35669.0	0.0	6211.0	31228.0	22955.0	2213.0	4275.0	53.7	38.0	63.1	56.8
2009-09-15	36260.0	0.0	6342.0	31544.0	22985.0	2213.0	4430.0	54.0	37.8	62.6	57.1
2009-09-22	35807.0	0.0	4789.0	30563.0	23743.0	2399.0	4430.0	54.1	36.3	61.8	54.9
2009-09-29	36816.0	0.0	5095.0	32485.0	24881.0	1258.0	3767.0	53.7	35.5	63.2	55.9
2009-10-13	33366.0	0.0	4665.0	28340.0	21886.0	1861.0	3650.0	51.3	35.2	60.7	55.3
2009-10-20	33288.0	0.0	4816.0	28557.0	22103.0	1868.0	3506.0	51.4	35.8	60.8	55.8
2009-10-27	32486.0	0.0	3010.0	28212.0	23479.0	1355.0	3078.0	48.7	33.7	58.5	54.0
2009-11-03	29972.0	0.0	3208.0	25313.0	21263.0	2306.0	3148.0	52.0	37.7	61.7	57.5
2009-11-09	29985.0	0.0	3164.0	25313.0	21307.0	2306.0	3148.0	52.0	37.6	61.7	57.4
2009-11-17	30993.0	0.0	4649.0	26770.0	21105.0	2318.0	3334.0	56.3	37.0	65.7	58.2
2009-11-24	30687.0	0.0	4078.0	26323.0	21657.0	2318.0	2906.0	56.9	37.2	64.1	58.3
