2007-05-22	4000.0	300.0	75.0	3700.0	3775.0	0.0	150.0	60.6	62.5	73.1	70.6
2007-05-29	4000.0	300.0	75.0	3700.0	3775.0	0.0	150.0	58.1	60.0	70.6	68.1
2007-06-05	3475.0	300.0	75.0	3175.0	3250.0	0.0	150.0	64.0	61.9	74.8	70.5
2007-06-12	3575.0	300.0	0.0	3275.0	3525.0	0.0	50.0	63.6	58.7	79.0	74.8
2007-06-19	3750.0	300.0	50.0	3450.0	3700.0	0.0	0.0	60.7	50.7	76.0	69.3
2007-06-26	3900.0	300.0	50.0	3600.0	3850.0	0.0	0.0	58.3	52.6	76.9	70.5
2007-07-10	3550.0	350.0	50.0	3200.0	3500.0	0.0	0.0	58.5	52.1	78.2	69.0
2007-07-17	3800.0	350.0	50.0	3450.0	3650.0	0.0	100.0	61.2	50.0	77.0	67.1
2007-07-24	3925.0	350.0	50.0	3575.0	3775.0	0.0	100.0	58.6	42.0	73.9	59.9
2007-07-31	4175.0	350.0	50.0	3825.0	4125.0	0.0	0.0	56.9	45.5	75.4	63.5
2007-08-07	3625.0	350.0	0.0	3275.0	3525.0	0.0	100.0	57.9	51.0	77.9	67.6
2007-08-14	3625.0	350.0	0.0	3275.0	3525.0	0.0	100.0	57.9	51.0	76.6	67.6
2007-08-21	3825.0	350.0	0.0	3425.0	3725.0	50.0	100.0	54.9	47.1	76.5	65.4
2007-08-28	3775.0	350.0	0.0	3375.0	3625.0	50.0	150.0	55.6	45.0	76.2	63.6
2007-09-04	3825.0	350.0	0.0	3325.0	3725.0	150.0	100.0	54.9	47.1	71.2	65.4
2007-09-11	3250.0	350.0	0.0	2900.0	3200.0	0.0	50.0	62.3	55.4	82.3	76.9
2007-09-18	3400.0	300.0	0.0	3050.0	3200.0	50.0	200.0	64.0	52.9	83.1	73.5
2007-09-25	3250.0	50.0	0.0	3200.0	3000.0	0.0	250.0	60.8	50.8	79.2	70.8
2007-10-02	2750.0	50.0	0.0	2700.0	2550.0	0.0	200.0	64.5	54.5	83.6	73.6
2007-10-09	2675.0	50.0	0.0	2625.0	2525.0	0.0	150.0	62.6	56.1	82.2	72.0
2007-10-16	3600.0	500.0	0.0	3025.0	3175.0	75.0	425.0	48.6	50.7	67.4	66.7
2007-10-23	3550.0	500.0	150.0	2900.0	3050.0	150.0	350.0	45.1	47.2	63.4	65.5
2007-10-30	3450.0	500.0	150.0	2950.0	3100.0	0.0	200.0	47.8	50.0	68.1	68.8
2007-11-06	2750.0	575.0	150.0	2175.0	2450.0	0.0	150.0	47.3	48.2	67.3	70.0
2007-11-13	2750.0	575.0	0.0	2175.0	2600.0	0.0	150.0	47.3	53.6	67.3	73.6
2007-11-20	3250.0	1025.0	0.0	2225.0	3100.0	0.0	150.0	53.8	53.1	70.8	73.1
2007-11-27	3955.0	975.0	0.0	2930.0	3755.0	0.0	150.0	53.2	54.5	72.2	72.8
2007-12-04	3205.0	1075.0	0.0	2130.0	3055.0	0.0	150.0	59.4	56.3	78.2	74.3
2007-12-11	4480.0	1525.0	0.0	2580.0	3955.0	0.0	150.0	52.6	53.7	66.0	66.0
2007-12-18	5680.0	1525.0	0.0	3330.0	4705.0	0.0	150.0	47.2	45.0	58.2	55.5
2007-12-24	5780.0	1525.0	0.0	3430.0	4805.0	0.0	150.0	46.4	46.4	57.2	54.2
2007-12-31	5755.0	1525.0	0.0	3405.0	4780.0	0.0	150.0	46.6	46.6	58.3	55.3
2008-01-08	5155.0	1575.0	0.0	2755.0	4180.0	0.0	150.0	47.1	48.1	57.3	55.4
2008-01-15	5130.0	1575.0	0.0	2730.0	4205.0	0.0	100.0	45.9	47.4	55.2	54.7
2008-01-22	5330.0	1575.0	0.0	2780.0	4355.0	150.0	150.0	44.2	43.7	52.2	51.7
2008-01-29	6005.0	1575.0	0.0	3605.0	5030.0	0.0	150.0	43.4	43.4	53.4	53.4
2008-02-05	5305.0	950.0	0.0	3530.0	4380.0	0.0	100.0	35.9	42.5	46.3	52.9
2008-02-12	5605.0	950.0	0.0	3830.0	4680.0	0.0	100.0	38.9	42.9	47.8	52.7
2008-02-19	5605.0	950.0	0.0	3830.0	4680.0	0.0	100.0	38.9	42.9	46.9	51.8
2008-02-26	5730.0	950.0	0.0	3955.0	4805.0	0.0	100.0	38.0	42.0	45.9	52.4
2008-03-04	4695.0	125.0	0.0	3720.0	3795.0	0.0	50.0	27.3	44.8	41.1	53.4
2008-03-11	4845.0	125.0	0.0	3870.0	3945.0	0.0	50.0	29.0	47.6	42.9	55.8
2008-03-18	5170.0	125.0	0.0	4195.0	4270.0	0.0	50.0	28.6	45.1	42.2	52.8
2008-03-25	5420.0	125.0	0.0	4445.0	4520.0	0.0	50.0	29.2	45.3	44.4	55.9
2008-04-01	5895.0	0.0	375.0	4945.0	4520.0	0.0	50.0	29.3	42.9	46.3	59.5
2008-04-08	4870.0	0.0	1250.0	4795.0	3545.0	0.0	0.0	37.1	60.2	53.0	70.9
2008-04-15	5370.0	0.0	1400.0	5295.0	3895.0	0.0	0.0	37.3	63.9	53.6	73.6
2008-04-22	5870.0	0.0	1400.0	5795.0	4395.0	0.0	0.0	36.7	62.7	54.2	73.8
2008-04-29	6020.0	0.0	1400.0	5945.0	4545.0	0.0	0.0	35.0	60.3	52.8	71.1
2008-05-06	4770.0	0.0	575.0	4695.0	4120.0	0.0	0.0	35.0	56.0	52.8	69.6
2008-05-13	4870.0	0.0	575.0	4795.0	4170.0	0.0	50.0	34.3	54.8	51.7	69.2
2008-05-20	4920.0	0.0	575.0	4845.0	4220.0	0.0	50.0	37.0	54.3	55.3	69.5
2008-05-27	5220.0	0.0	575.0	5145.0	4520.0	0.0	50.0	36.9	51.1	54.1	65.5
2008-06-03	3915.0	0.0	250.0	3840.0	3490.0	0.0	100.0	39.7	43.7	54.0	58.4
2008-06-10	3965.0	0.0	250.0	3890.0	3540.0	0.0	100.0	38.0	44.4	53.1	58.9
2008-06-17	4330.0	0.0	250.0	4205.0	3805.0	50.0	200.0	32.4	43.0	46.3	55.8
2008-06-24	5030.0	0.0	250.0	4905.0	4505.0	50.0	200.0	40.9	42.9	52.8	59.8
2008-07-01	5280.0	0.0	250.0	5205.0	4855.0	0.0	100.0	40.8	41.9	52.7	59.4
2008-07-08	4345.0	125.0	0.0	4220.0	4295.0	0.0	50.0	47.3	49.5	65.7	66.7
2008-07-15	4645.0	125.0	0.0	4520.0	4495.0	0.0	150.0	47.5	50.3	67.9	67.8
2008-07-22	5645.0	125.0	0.0	5420.0	5445.0	100.0	200.0	34.6	43.4	52.3	58.0
2008-07-29	5645.0	125.0	0.0	5470.0	5445.0	50.0	200.0	34.2	42.1	51.0	56.2
2008-08-05	4095.0	100.0	50.0	3645.0	3945.0	350.0	100.0	45.3	51.3	60.0	67.2
2008-08-12	4210.0	100.0	50.0	4060.0	4060.0	50.0	100.0	39.8	53.4	55.9	69.0
2008-08-19	4535.0	50.0	100.0	4335.0	4235.0	50.0	100.0	40.2	54.0	59.1	67.9
2008-08-26	4660.0	50.0	100.0	4460.0	4360.0	50.0	100.0	40.2	53.6	59.1	66.1
2008-09-02	4810.0	50.0	100.0	4610.0	4510.0	50.0	100.0	40.0	52.0	58.3	65.1
2008-09-09	3160.0	50.0	125.0	3035.0	2910.0	0.0	50.0	45.1	47.5	60.1	59.5
2008-09-16	3275.0	275.0	0.0	2850.0	3200.0	150.0	75.0	38.9	42.0	55.7	60.5
2008-09-23	3150.0	275.0	0.0	2850.0	3100.0	25.0	50.0	44.4	40.5	60.3	59.5
2008-09-30	3575.0	250.0	0.0	3250.0	3525.0	75.0	50.0	37.8	35.7	55.2	55.2
2008-10-07	2500.0	0.0	0.0	2375.0	2375.0	25.0	25.0	57.0	46.0	79.0	70.8
2008-10-14	2850.0	0.0	0.0	2725.0	2725.0	25.0	25.0	56.1	43.0	75.4	65.6
2008-10-21	3785.0	0.0	0.0	3460.0	3596.0	225.0	89.0	44.3	37.9	67.6	55.6
2008-10-28	5135.0	0.0	50.0	4960.0	4910.0	75.0	75.0	44.3	51.6	68.8	66.9
2008-11-04	5735.0	0.0	50.0	5635.0	5585.0	50.0	50.0	43.6	52.6	67.1	69.3
2008-11-11	5750.0	0.0	50.0	5650.0	5600.0	50.0	50.0	40.4	51.6	65.2	66.3
2008-11-18	6250.0	0.0	50.0	6150.0	6100.0	50.0	50.0	41.0	49.8	64.0	66.6
2008-11-25	6725.0	100.0	200.0	6575.0	6475.0	50.0	50.0	44.0	48.2	65.4	65.7
2008-12-02	6365.0	50.0	300.0	6290.0	6065.0	25.0	0.0	48.5	60.7	72.2	79.6
2008-12-09	6315.0	50.0	300.0	6265.0	5890.0	0.0	125.0	46.5	61.2	69.2	77.0
2008-12-16	7415.0	125.0	300.0	7290.0	7115.0	0.0	0.0	44.3	61.9	64.3	77.4
2008-12-22	8395.0	175.0	300.0	8220.0	8095.0	0.0	0.0	43.9	59.1	63.5	74.6
2008-12-30	8595.0	175.0	300.0	8420.0	8295.0	0.0	0.0	42.9	59.2	62.1	74.8
2009-01-06	7330.0	125.0	0.0	7205.0	7330.0	0.0	0.0	40.2	67.9	63.4	79.8
2009-01-13	8155.0	375.0	0.0	7630.0	8005.0	150.0	150.0	36.4	65.9	57.9	77.9
2009-01-20	9980.0	275.0	0.0	9705.0	9980.0	0.0	0.0	37.3	61.6	55.8	72.9
2009-01-27	11275.0	225.0	0.0	11050.0	11275.0	0.0	0.0	39.2	56.3	56.1	68.1
2009-02-03	11205.0	150.0	50.0	11055.0	11155.0	0.0	0.0	46.8	54.7	60.0	68.8
2009-02-10	13504.0	474.0	50.0	13030.0	13454.0	0.0	0.0	54.6	59.1	65.7	71.9
2009-02-17	13959.0	474.0	50.0	13485.0	13909.0	0.0	0.0	49.8	57.5	60.6	69.0
2009-02-24	16671.0	474.0	50.0	16197.0	16621.0	0.0	0.0	36.8	45.5	47.6	56.8
2009-03-03	15216.0	399.0	0.0	14817.0	15216.0	0.0	0.0	39.7	50.8	50.8	61.1
2009-03-10	16841.0	399.0	0.0	16442.0	16841.0	0.0	0.0	43.1	54.7	54.1	65.0
2009-03-17	17016.0	449.0	0.0	16567.0	17016.0	0.0	0.0	46.5	57.1	56.9	66.1
2009-03-24	17616.0	449.0	0.0	17167.0	17616.0	0.0	0.0	45.8	55.3	56.1	64.1
2009-03-31	18236.0	125.0	0.0	17787.0	18236.0	324.0	0.0	46.8	55.6	56.8	63.9
2009-04-07	16499.0	50.0	75.0	16125.0	16024.0	324.0	400.0	47.9	54.4	57.0	61.3
2009-04-14	17699.0	150.0	125.0	17000.0	17224.0	549.0	350.0	49.3	54.3	57.8	62.2
2009-04-21	18549.0	250.0	150.0	17750.0	18049.0	549.0	350.0	49.6	54.7	58.0	61.9
2009-04-28	19278.0	250.0	0.0	18429.0	18928.0	599.0	350.0	48.6	56.8	58.1	64.7
2009-05-05	16893.0	200.0	50.0	16094.0	16593.0	599.0	250.0	47.5	48.3	57.8	60.8
2009-05-12	19081.0	200.0	50.0	18557.0	18931.0	324.0	100.0	50.9	42.9	59.9	56.4
2009-05-19	20036.0	200.0	50.0	19212.0	19886.0	624.0	100.0	49.0	40.8	58.3	54.9
2009-05-26	20686.0	200.0	50.0	19887.0	20536.0	599.0	100.0	48.4	41.8	57.4	54.0
2009-06-02	17776.0	250.0	50.0	16927.0	17676.0	599.0	50.0	44.2	38.1	54.5	49.4
2009-06-09	19071.0	300.0	50.0	17871.0	19021.0	900.0	0.0	44.1	34.3	53.1	47.6
2009-06-16	19471.0	300.0	50.0	19171.0	19421.0	0.0	0.0	42.6	36.7	52.6	49.1
2009-06-23	19971.0	300.0	50.0	19671.0	19921.0	0.0	0.0	42.0	37.0	52.0	49.1
2009-06-30	20431.0	250.0	260.0	20131.0	20121.0	0.0	0.0	40.9	36.2	51.4	48.0
2009-07-07	17146.0	150.0	260.0	16946.0	16836.0	0.0	0.0	38.9	32.6	50.7	47.9
2009-07-14	17091.0	150.0	50.0	16891.0	16991.0	0.0	0.0	36.1	33.0	48.1	47.7
2009-07-21	17541.0	150.0	50.0	17241.0	17341.0	100.0	100.0	36.6	32.1	47.7	46.5
2009-07-28	17856.0	150.0	50.0	17656.0	17756.0	0.0	0.0	36.5	31.6	47.4	45.7
2009-08-04	15256.0	150.0	0.0	15056.0	15206.0	0.0	0.0	29.4	29.9	41.0	41.8
2009-08-11	16516.0	150.0	0.0	16316.0	16361.0	0.0	105.0	33.4	27.6	42.6	40.1
2009-08-18	18117.0	450.0	0.0	17617.0	17767.0	0.0	300.0	36.5	30.1	45.0	41.9
2009-08-25	19092.0	450.0	100.0	18642.0	18692.0	0.0	300.0	39.0	31.7	47.1	42.7
2009-09-01	19242.0	450.0	100.0	18792.0	18842.0	0.0	300.0	40.0	31.5	48.0	42.4
2009-09-08	16507.0	450.0	100.0	16057.0	16107.0	0.0	300.0	34.8	30.6	42.8	41.4
2009-09-15	16457.0	450.0	100.0	16007.0	16057.0	0.0	300.0	34.9	30.4	42.9	41.3
2009-09-22	16636.0	100.0	100.0	16407.0	16236.0	129.0	300.0	36.2	29.6	44.5	39.2
2009-09-29	16831.0	100.0	100.0	16731.0	16431.0	0.0	300.0	35.7	28.6	44.9	36.9
2009-10-06	13096.0	100.0	50.0	12996.0	12746.0	0.0	300.0	29.5	33.4	41.6	42.6
2009-10-13	13692.0	100.0	50.0	12817.0	13267.0	700.0	300.0	26.4	31.3	37.3	40.0
2009-10-20	15147.0	1750.0	50.0	13147.0	13897.0	100.0	1050.0	31.1	29.2	42.5	37.3
2009-10-27	15340.0	1900.0	50.0	13190.0	14090.0	100.0	1050.0	31.7	29.2	42.9	37.8
2009-11-03	14790.0	2200.0	50.0	12340.0	13540.0	100.0	1050.0	37.5	30.0	47.2	39.0
2009-11-09	14890.0	2500.0	50.0	12290.0	13790.0	100.0	1050.0	37.3	30.2	46.9	39.1
2009-11-17	15140.0	2500.0	50.0	12490.0	13840.0	150.0	1250.0	36.7	29.7	46.1	38.2
2009-11-24	15690.0	2500.0	50.0	13090.0	14440.0	100.0	1200.0	35.4	28.6	46.4	38.2
2009-12-01	15947.0	2500.0	50.0	13347.0	14697.0	100.0	1200.0	33.9	27.8	45.2	38.9
2009-12-08	15836.0	2984.0	50.0	12312.0	14586.0	540.0	1200.0	30.1	32.3	39.8	44.6
2009-12-15	15989.0	3434.0	50.0	12512.0	14846.0	43.0	1093.0	29.8	34.1	40.1	46.0
2009-12-22	15511.0	2984.0	50.0	12527.0	14368.0	0.0	1093.0	32.0	36.5	45.4	48.4
2009-12-29	15461.0	2984.0	50.0	12477.0	14368.0	0.0	1043.0	32.1	36.6	45.5	48.5
2010-01-05	13703.0	2484.0	0.0	11219.0	12862.0	0.0	841.0	40.5	43.5	55.1	55.2
2010-01-12	14258.0	2484.0	750.0	11724.0	13458.0	0.0	0.0	39.1	42.9	53.6	58.3
2010-01-19	15008.0	1734.0	750.0	12924.0	13908.0	0.0	0.0	38.5	40.7	53.6	56.7
2010-01-26	15933.0	1734.0	700.0	13799.0	14833.0	0.0	0.0	37.2	41.8	51.4	55.0
2010-02-02	14421.0	906.0	400.0	13015.0	13521.0	0.0	0.0	36.5	40.1	50.9	52.4
2010-02-09	14746.0	906.0	400.0	13340.0	13846.0	0.0	0.0	35.7	39.2	50.4	51.6
2010-02-16	14521.0	906.0	400.0	13115.0	13621.0	0.0	0.0	35.4	37.7	50.3	51.0
2010-02-23	15411.0	606.0	400.0	14005.0	14161.0	0.0	50.0	36.6	37.2	50.0	49.0
2010-03-02	13913.0	278.0	750.0	13135.0	12663.0	0.0	0.0	41.1	36.5	55.5	51.0
2010-03-09	14428.0	678.0	550.0	13350.0	13478.0	0.0	0.0	41.3	34.2	53.7	48.7
2010-03-16	14764.0	828.0	550.0	13536.0	13814.0	0.0	0.0	41.4	34.2	53.5	49.6
2010-03-23	15029.0	1128.0	550.0	13801.0	14379.0	0.0	0.0	40.3	37.4	52.7	52.5
2010-03-30	15429.0	1128.0	550.0	14101.0	14679.0	100.0	100.0	40.3	38.4	52.3	54.1
2010-04-06	13767.0	450.0	650.0	13317.0	13117.0	0.0	0.0	45.1	38.0	57.3	54.6
2010-04-13	13867.0	750.0	650.0	13117.0	13217.0	0.0	0.0	41.5	37.4	55.4	54.6
2010-04-20	14562.0	900.0	700.0	13662.0	13862.0	0.0	0.0	37.1	34.2	51.7	51.7
2010-04-27	14912.0	900.0	700.0	14012.0	14212.0	0.0	0.0	37.8	34.4	52.0	51.2
2010-05-04	13062.0	850.0	600.0	12212.0	12462.0	0.0	0.0	35.1	34.7	50.5	51.0
2010-05-11	13087.0	850.0	600.0	12237.0	12487.0	0.0	0.0	35.4	35.0	50.0	51.3
2010-05-18	13187.0	850.0	800.0	12337.0	12387.0	0.0	0.0	35.1	34.6	49.6	50.7
2010-05-25	13462.0	850.0	850.0	12612.0	12612.0	0.0	0.0	34.8	33.5	48.6	49.3
2010-06-01	13462.0	700.0	900.0	12762.0	12562.0	0.0	0.0	34.8	33.5	48.6	49.7
2010-06-08	11632.0	200.0	550.0	11432.0	11082.0	0.0	0.0	38.1	34.9	49.8	48.6
2010-06-15	11632.0	200.0	550.0	11432.0	11082.0	0.0	0.0	38.1	35.4	49.8	48.1
2010-06-22	11882.0	200.0	550.0	11682.0	11332.0	0.0	0.0	39.0	34.2	50.4	47.1
2010-06-29	11957.0	200.0	550.0	11757.0	11407.0	0.0	0.0	37.5	34.9	48.8	47.2
2010-07-06	10047.0	150.0	150.0	9847.0	9897.0	50.0	0.0	34.2	39.4	47.2	51.3
2010-07-13	10217.0	150.0	150.0	9947.0	10067.0	120.0	0.0	33.3	39.9	47.4	51.6
2010-07-20	10217.0	150.0	150.0	9947.0	10067.0	120.0	0.0	33.3	39.9	47.4	51.6
2010-07-27	10792.0	150.0	200.0	10522.0	10592.0	120.0	0.0	33.4	37.8	48.6	48.9
2010-08-03	9240.0	100.0	150.0	9020.0	9090.0	120.0	0.0	31.3	31.7	44.8	43.0
2010-08-10	9165.0	100.0	150.0	8945.0	9015.0	120.0	0.0	31.0	31.9	44.6	43.4
2010-08-17	9925.0	100.0	150.0	9555.0	9625.0	270.0	150.0	28.7	30.0	45.0	41.3
2010-08-24	9775.0	100.0	150.0	9405.0	9625.0	270.0	0.0	29.1	28.6	45.2	40.9
2010-08-31	9925.0	100.0	150.0	9555.0	9775.0	270.0	0.0	28.7	28.2	46.0	40.3
2010-09-07	7273.0	50.0	150.0	6953.0	7123.0	270.0	0.0	34.0	32.3	51.5	46.8
2010-09-14	7398.0	200.0	150.0	6928.0	7248.0	270.0	0.0	33.4	31.8	48.6	46.0
2010-09-21	7673.0	500.0	150.0	6903.0	7523.0	270.0	0.0	32.2	30.6	49.8	46.8
2010-09-28	7938.0	500.0	150.0	7168.0	7788.0	270.0	0.0	32.4	29.6	49.4	45.2
2010-10-05	6786.0	600.0	150.0	5916.0	6636.0	270.0	0.0	32.6	43.6	51.9	55.4
2010-10-12	6881.0	600.0	200.0	6011.0	6681.0	270.0	0.0	32.2	43.3	51.2	55.0
2010-10-19	7036.0	600.0	100.0	6166.0	6936.0	270.0	0.0	32.3	44.9	50.8	56.4
2010-10-26	7136.0	650.0	200.0	6216.0	6936.0	270.0	0.0	32.5	43.6	50.8	54.9
2010-11-02	6099.0	650.0	150.0	5049.0	5799.0	400.0	150.0	30.3	49.5	49.4	58.8
2010-11-09	6099.0	650.0	150.0	5049.0	5799.0	400.0	150.0	30.3	49.5	48.6	58.8
2010-11-16	6349.0	850.0	100.0	5049.0	6049.0	400.0	150.0	31.4	51.5	47.5	60.5
2010-11-23	6774.0	850.0	850.0	5474.0	5724.0	400.0	150.0	33.1	46.1	48.9	59.7
2010-11-30	8299.0	850.0	2050.0	6999.0	6049.0	400.0	150.0	27.1	47.8	43.3	57.2
2010-12-07	7387.0	850.0	2475.0	6187.0	4662.0	350.0	250.0	27.2	58.5	44.1	64.6
2010-12-14	7857.0	900.0	2775.0	6657.0	4932.0	150.0	0.0	27.5	55.0	44.5	62.9
2010-12-21	8457.0	850.0	3375.0	7457.0	5082.0	150.0	0.0	29.1	58.8	44.9	64.1
2010-12-28	8707.0	850.0	3525.0	7707.0	5182.0	150.0	0.0	28.3	58.8	43.6	64.0
2011-01-04	7355.0	750.0	3525.0	6215.0	3830.0	390.0	0.0	36.0	68.0	53.8	73.8
2011-01-11	7605.0	400.0	3900.0	6815.0	3705.0	390.0	0.0	34.9	66.1	52.1	72.6
2011-01-18	7755.0	250.0	3950.0	6965.0	3655.0	390.0	0.0	35.5	62.9	52.4	69.3
2011-01-25	8345.0	250.0	4250.0	7575.0	3945.0	370.0	0.0	34.2	60.2	51.0	66.5
2011-02-01	8562.0	400.0	4250.0	7742.0	4262.0	370.0	0.0	31.1	58.1	46.9	64.5
2011-02-08	7467.0	150.0	3950.0	6927.0	3467.0	340.0	0.0	38.2	62.3	53.9	69.6
2011-02-15	7742.0	50.0	3900.0	7202.0	3692.0	340.0	0.0	36.9	58.8	53.3	66.3
2011-02-22	8067.0	100.0	3975.0	7477.0	3942.0	340.0	0.0	37.2	56.4	52.4	63.7
2011-03-01	8867.0	100.0	3975.0	8277.0	4742.0	340.0	0.0	38.9	54.6	52.8	64.3
2011-03-08	7810.0	50.0	3525.0	7330.0	4185.0	330.0	0.0	43.6	56.3	59.3	67.0
2011-03-15	7922.0	75.0	3525.0	7442.0	4322.0	330.0	0.0	41.7	58.1	56.6	67.2
2011-03-22	8552.0	75.0	3825.0	8107.0	4677.0	320.0	0.0	39.2	59.1	54.6	68.1
2011-03-29	8757.0	50.0	3825.0	8487.0	4832.0	120.0	0.0	38.4	57.7	53.3	66.5
2011-04-05	8070.0	50.0	4020.0	7850.0	4000.0	120.0	0.0	40.5	66.5	58.4	76.0
2011-04-12	8395.0	50.0	4020.0	8175.0	4325.0	120.0	0.0	39.2	65.1	56.0	74.3
2011-04-19	8520.0	195.0	4020.0	8275.0	4450.0	0.0	0.0	38.7	64.1	55.1	73.2
2011-04-26	8620.0	170.0	4070.0	8400.0	4500.0	0.0	0.0	39.1	64.0	55.4	72.9
2011-05-03	7255.0	195.0	3665.0	7060.0	3590.0	0.0	0.0	40.0	64.0	55.6	73.9
2011-05-10	7770.0	145.0	3915.0	7625.0	3855.0	0.0	0.0	37.7	61.7	52.9	72.0
2011-05-17	7965.0	145.0	4065.0	7820.0	3900.0	0.0	0.0	36.2	60.8	51.0	71.5
2011-05-24	8065.0	145.0	4115.0	7920.0	3950.0	0.0	0.0	35.7	60.1	49.2	69.7
2011-05-31	8065.0	145.0	4115.0	7920.0	3950.0	0.0	0.0	35.7	60.1	49.2	69.7
2011-06-07	6790.0	0.0	3610.0	6505.0	3155.0	260.0	0.0	37.6	60.9	54.2	70.8
2011-06-14	7325.0	0.0	3960.0	7180.0	3340.0	120.0	0.0	39.0	61.9	54.3	71.7
2011-06-21	7545.0	0.0	4160.0	7425.0	3385.0	120.0	0.0	38.5	62.1	53.1	69.9
2011-06-28	7965.0	0.0	4185.0	7845.0	3780.0	120.0	0.0	38.4	59.3	54.4	67.8
2011-07-05	6321.0	0.0	3201.0	6201.0	3120.0	120.0	0.0	47.8	65.0	64.0	75.6
2011-07-12	6389.0	0.0	3249.0	6269.0	3020.0	0.0	0.0	48.0	63.1	66.0	73.2
2011-07-19	6774.0	0.0	3599.0	6654.0	3055.0	0.0	0.0	46.0	63.9	63.7	73.4
2011-07-26	7074.0	0.0	3899.0	6954.0	3055.0	0.0	0.0	46.1	64.8	63.1	73.8
2011-08-02	5426.0	0.0	3026.0	5306.0	2280.0	0.0	0.0	46.1	64.9	65.4	72.4
2011-08-09	5426.0	0.0	3076.0	5306.0	2230.0	0.0	0.0	46.1	65.8	65.4	72.7
2011-08-16	5376.0	0.0	3176.0	5256.0	2080.0	0.0	0.0	45.6	68.3	64.2	75.3
2011-08-23	5601.0	50.0	3446.0	5551.0	2155.0	0.0	0.0	44.2	68.2	66.0	76.3
2011-08-30	6101.0	50.0	3846.0	6051.0	2255.0	0.0	0.0	46.3	70.0	66.3	77.7
2011-09-06	4338.0	0.0	2183.0	4288.0	2105.0	0.0	0.0	44.1	68.6	66.1	78.9
2011-09-13	4438.0	25.0	2208.0	4388.0	2205.0	0.0	0.0	43.4	66.2	66.1	79.0
2011-09-20	4833.0	25.0	2633.0	4783.0	2175.0	0.0	0.0	42.9	67.6	63.8	79.1
2011-09-27	5433.0	25.0	3183.0	5383.0	2225.0	0.0	0.0	43.7	69.3	64.1	79.7
2011-10-04	4185.0	0.0	2125.0	4140.0	2060.0	45.0	0.0	54.4	74.4	76.3	88.8
2011-10-11	5010.0	0.0	2900.0	4965.0	2110.0	45.0	0.0	48.4	76.2	67.8	85.7
2011-10-18	5235.0	0.0	3000.0	5190.0	2235.0	45.0	0.0	46.3	75.8	66.8	84.9
2011-10-25	6445.0	0.0	3300.0	6445.0	3145.0	0.0	0.0	44.1	74.4	64.3	82.9
2011-11-01	6545.0	0.0	3250.0	6545.0	3295.0	0.0	0.0	43.5	69.9	64.5	78.7
2011-11-08	5235.0	0.0	2475.0	5235.0	2760.0	0.0	0.0	41.5	74.6	61.0	84.5
2011-11-15	5770.0	0.0	2475.0	5320.0	3295.0	450.0	0.0	39.3	75.5	57.5	86.2
2011-11-22	6095.0	450.0	2500.0	5645.0	3595.0	0.0	0.0	37.2	71.5	57.3	81.6
2011-11-29	6845.0	550.0	2825.0	6295.0	4020.0	0.0	0.0	34.3	71.3	54.7	81.8
2011-12-06	6015.0	50.0	2425.0	5965.0	3590.0	0.0	0.0	34.4	61.7	52.7	71.1
2011-12-13	6490.0	200.0	2475.0	6290.0	4015.0	0.0	0.0	35.7	57.9	53.1	71.3
2011-12-20	7090.0	200.0	2875.0	6890.0	4215.0	0.0	0.0	35.5	60.8	52.0	72.5
2011-12-27	7065.0	200.0	2875.0	6865.0	4190.0	0.0	0.0	35.7	60.3	52.2	72.0
2012-01-03	7465.0	200.0	3225.0	7265.0	4240.0	0.0	0.0	37.8	62.8	53.4	73.5
2012-01-10	7250.0	150.0	2875.0	6800.0	4055.0	0.0	20.0	35.8	59.7	51.7	68.3
2012-01-17	7750.0	425.0	3075.0	6975.0	4305.0	0.0	20.0	37.4	62.9	52.6	71.7
2012-01-24	7800.0	425.0	3125.0	7025.0	4305.0	0.0	20.0	37.1	61.2	52.2	71.9
2012-01-31	8275.0	325.0	3425.0	7600.0	4480.0	0.0	20.0	41.0	63.1	55.9	73.2
2012-02-07	8015.0	625.0	3300.0	7390.0	4715.0	0.0	0.0	43.5	68.3	61.4	77.7
2012-02-14	8015.0	625.0	3300.0	7390.0	4715.0	0.0	0.0	43.5	68.3	61.4	77.7
2012-02-21	8015.0	625.0	3300.0	7390.0	4715.0	0.0	0.0	44.1	67.1	63.0	76.4
2012-02-28	8365.0	625.0	3500.0	7740.0	4865.0	0.0	0.0	42.3	65.5	62.8	75.6
2012-03-06	8185.0	0.0	3545.0	8185.0	4640.0	0.0	0.0	42.8	67.4	62.2	80.6
2012-03-13	8760.0	0.0	3845.0	8760.0	4915.0	0.0	0.0	40.0	64.7	59.9	75.3
2012-03-20	8960.0	0.0	3845.0	8960.0	5115.0	0.0	0.0	39.9	63.3	59.7	73.6
2012-03-27	9160.0	100.0	3870.0	9060.0	5290.0	0.0	0.0	39.3	62.2	58.7	73.4
2012-04-03	7890.0	100.0	3159.0	7790.0	4695.0	0.0	36.0	40.7	63.2	57.5	73.9
2012-04-10	8590.0	200.0	3159.0	8390.0	5395.0	0.0	36.0	38.3	59.8	51.6	71.1
2012-04-17	8610.0	200.0	3582.0	8410.0	4965.0	0.0	63.0	40.7	61.1	56.0	74.1
2012-04-24	9000.0	200.0	3832.0	8800.0	5105.0	0.0	63.0	36.7	60.6	54.7	72.1
2012-05-01	9140.0	200.0	4036.0	8940.0	5020.0	0.0	84.0	38.4	61.9	58.3	73.3
2012-05-08	8218.0	200.0	4093.0	8018.0	4035.0	0.0	90.0	42.0	67.1	60.6	78.1
2012-05-15	9778.0	200.0	4789.0	9578.0	4895.0	0.0	94.0	36.4	63.6	55.9	72.8
2012-05-22	10968.0	200.0	4789.0	10768.0	6085.0	0.0	94.0	39.6	61.6	59.9	76.2
2012-05-29	11623.0	200.0	5163.0	11243.0	6460.0	180.0	0.0	38.0	62.7	57.8	76.4
2012-06-05	11274.0	350.0	5763.0	10534.0	5361.0	240.0	0.0	40.3	63.8	56.4	74.0
2012-06-12	12359.0	350.0	5763.0	11679.0	6446.0	180.0	0.0	35.5	59.5	50.2	68.2
2012-06-19	13314.0	350.0	5913.0	12634.0	7251.0	180.0	0.0	32.4	56.6	45.8	66.8
2012-06-26	13934.0	350.0	6013.0	13254.0	7771.0	180.0	0.0	30.1	53.7	43.2	63.5
2012-07-03	11595.0	300.0	4890.0	10965.0	6555.0	180.0	0.0	36.3	53.2	49.4	63.5
2012-07-10	11895.0	300.0	5090.0	11265.0	6655.0	180.0	0.0	35.8	51.4	48.5	61.7
2012-07-17	12695.0	300.0	5740.0	12065.0	6805.0	180.0	0.0	39.4	53.3	50.5	64.1
2012-07-24	14685.0	450.0	6990.0	13905.0	7545.0	180.0	0.0	42.6	56.3	52.5	66.7
2012-07-31	15260.0	450.0	7240.0	14480.0	7870.0	180.0	0.0	42.3	56.8	54.0	67.1
2012-08-07	13830.0	450.0	6110.0	13050.0	7570.0	180.0	0.0	42.3	56.1	53.8	67.7
2012-08-14	14330.0	450.0	6310.0	13550.0	7820.0	180.0	50.0	43.3	56.9	54.4	68.5
2012-08-21	14330.0	450.0	6360.0	13550.0	7770.0	180.0	50.0	42.6	56.6	53.7	68.1
2012-08-28	14430.0	450.0	6360.0	13650.0	7820.0	180.0	100.0	42.6	56.5	54.0	68.0
2012-09-04	15005.0	450.0	6760.0	14225.0	8095.0	180.0	0.0	43.7	57.3	54.6	68.7
2012-09-11	12225.0	450.0	5280.0	11445.0	6795.0	180.0	0.0	42.9	56.0	55.0	66.9
2012-09-18	12425.0	450.0	5280.0	11645.0	6995.0	180.0	0.0	43.1	56.7	54.9	67.4
2012-09-25	13490.0	450.0	4980.0	12710.0	8360.0	180.0	0.0	50.0	54.1	59.9	69.9
2012-10-02	11460.0	450.0	4025.0	10680.0	7285.0	180.0	0.0	55.8	59.8	66.1	75.2
2012-10-09	11145.0	450.0	3725.0	10365.0	7270.0	180.0	0.0	55.0	58.5	65.3	74.7
2012-10-16	11965.0	450.0	2975.0	10785.0	8440.0	180.0	0.0	49.5	51.6	57.5	64.9
2012-10-23	12340.0	450.0	3825.0	11560.0	8365.0	180.0	0.0	52.9	58.9	61.9	71.9
2012-10-30	13665.0	450.0	3975.0	12885.0	9540.0	180.0	0.0	57.3	57.1	65.5	74.8
2012-11-06	13055.0	850.0	4450.0	11825.0	8405.0	180.0	0.0	58.2	59.5	68.7	76.7
2012-11-13	13630.0	850.0	4950.0	12400.0	8480.0	180.0	0.0	59.8	60.7	69.8	77.1
2012-11-20	14034.0	850.0	5379.0	12804.0	8455.0	180.0	0.0	59.3	60.9	68.7	76.9
2012-11-27	15064.0	1000.0	6054.0	13864.0	8810.0	0.0	0.0	57.1	60.4	68.5	74.6
2012-12-04	13699.0	1400.0	6304.0	12224.0	7320.0	0.0	0.0	55.3	63.1	67.7	78.1
2012-12-11	14849.0	1400.0	7504.0	13349.0	7245.0	0.0	0.0	50.4	66.5	63.3	79.3
2012-12-18	15579.0	1325.0	8579.0	14154.0	6900.0	0.0	0.0	49.9	68.6	62.2	80.3
2012-12-24	15729.0	1300.0	8429.0	14329.0	7200.0	0.0	0.0	49.8	66.4	62.1	77.9
2012-12-31	15879.0	1300.0	8429.0	14429.0	7300.0	50.0	50.0	49.4	65.8	62.2	77.2
2013-01-08	14119.0	1350.0	7829.0	12694.0	6215.0	50.0	50.0	50.4	68.7	63.1	80.7
2013-01-15	15144.0	1400.0	8329.0	13669.0	6740.0	50.0	50.0	48.9	71.7	62.8	83.2
2013-01-22	15569.0	1400.0	8529.0	14094.0	6965.0	50.0	50.0	48.6	71.0	62.0	81.4
2013-01-29	16149.0	1400.0	9029.0	14699.0	7070.0	50.0	50.0	46.2	72.3	59.2	80.6
2013-02-05	15139.0	1250.0	7979.0	13664.0	6935.0	50.0	50.0	47.4	75.5	62.3	83.6
2013-02-12	15189.0	1250.0	7729.0	13714.0	7235.0	50.0	50.0	48.2	74.6	63.0	82.6
2013-02-19	15314.0	1275.0	7729.0	13839.0	7385.0	50.0	50.0	47.8	74.0	63.5	82.9
2013-02-26	15464.0	2150.0	7829.0	13089.0	7410.0	50.0	50.0	47.4	73.9	62.9	81.8
2013-03-05	13204.0	2000.0	6304.0	11179.0	6875.0	0.0	0.0	46.8	75.2	64.0	83.7
2013-03-12	13484.0	2025.0	6279.0	11434.0	7180.0	0.0	0.0	44.1	73.6	61.0	81.6
2013-03-19	13769.0	2135.0	6079.0	11584.0	7640.0	0.0	0.0	39.9	70.1	57.1	77.9
2013-03-26	14094.0	2185.0	6129.0	11859.0	7915.0	0.0	0.0	36.4	66.7	53.1	75.1
2013-04-02	12724.0	1860.0	5354.0	10789.0	7295.0	0.0	0.0	35.4	67.2	53.1	76.1
2013-04-09	13099.0	2035.0	5454.0	10964.0	7545.0	0.0	0.0	34.9	66.1	52.8	74.5
2013-04-16	13674.0	1935.0	5404.0	11489.0	8020.0	0.0	0.0	35.7	62.9	51.4	71.4
2013-04-23	14394.0	1785.0	5179.0	12209.0	8815.0	0.0	0.0	35.8	58.7	50.8	69.4
2013-04-30	14694.0	1885.0	5279.0	12409.0	9015.0	0.0	0.0	35.4	59.2	50.9	70.0
2013-05-07	13534.0	1325.0	4854.0	11809.0	7980.0	0.0	300.0	43.3	61.2	59.2	72.1
2013-05-14	13999.0	1475.0	5144.0	12149.0	8180.0	0.0	300.0	39.4	60.7	55.5	71.3
2013-05-21	14099.0	1575.0	5094.0	12249.0	8430.0	0.0	300.0	38.0	60.2	54.0	70.8
2013-05-28	14224.0	1575.0	5094.0	12374.0	8555.0	0.0	300.0	38.0	59.4	53.9	69.8
2013-06-04	12649.0	1250.0	4694.0	11224.0	7480.0	0.0	300.0	42.8	62.4	59.0	72.3
2013-06-11	12299.0	875.0	4694.0	11299.0	7180.0	0.0	300.0	39.1	64.2	55.9	72.4
2013-06-18	12814.0	900.0	4869.0	11814.0	7545.0	0.0	300.0	39.1	61.6	55.2	70.2
2013-06-25	12904.0	900.0	4869.0	11904.0	7635.0	0.0	300.0	38.9	61.2	54.8	69.7
2013-07-02	11439.0	725.0	4294.0	10639.0	6770.0	0.0	300.0	45.2	64.4	62.9	75.6
2013-07-09	12439.0	725.0	4344.0	11639.0	7720.0	0.0	300.0	42.4	63.3	60.7	73.9
2013-07-16	13064.0	725.0	4494.0	12189.0	8270.0	75.0	225.0	41.5	61.0	58.4	73.4
2013-07-23	13379.0	725.0	4494.0	12429.0	8585.0	150.0	225.0	38.1	59.6	56.6	72.3
2013-07-30	13579.0	725.0	4494.0	12629.0	8785.0	150.0	225.0	38.1	58.7	56.3	71.6
2013-08-06	12114.0	700.0	3769.0	11214.0	8070.0	150.0	225.0	36.7	55.7	55.5	71.6
2013-08-13	12089.0	725.0	3669.0	11164.0	8145.0	150.0	225.0	36.8	55.4	55.6	71.4
2013-08-20	11939.0	725.0	3419.0	11014.0	8245.0	150.0	225.0	37.9	54.4	55.9	70.6
2013-08-27	12139.0	700.0	3394.0	11214.0	8445.0	150.0	225.0	37.3	53.5	55.0	69.0
2013-09-03	12729.0	775.0	3319.0	11704.0	9085.0	150.0	225.0	36.7	48.3	53.6	66.2
2013-09-10	11829.0	825.0	2594.0	10754.0	8910.0	150.0	225.0	36.8	41.6	52.0	59.8
2013-09-17	11954.0	825.0	2594.0	10854.0	9010.0	150.0	225.0	35.1	40.7	50.4	59.6
2013-09-24	12509.0	955.0	2724.0	11279.0	9435.0	150.0	225.0	33.6	38.9	48.2	56.9
2013-10-01	12869.0	1005.0	2774.0	11589.0	9745.0	150.0	225.0	33.5	38.2	46.9	55.7
2013-10-08	11244.0	980.0	2349.0	10019.0	8620.0	195.0	225.0	36.3	37.7	51.5	56.4
2013-10-15	11319.0	980.0	2399.0	10094.0	8645.0	195.0	225.0	36.3	37.3	51.8	55.9
2013-10-22	12319.0	980.0	2399.0	11094.0	9645.0	195.0	225.0	35.4	36.1	49.6	54.0
2013-10-29	12744.0	980.0	2349.0	11519.0	10120.0	195.0	225.0	34.2	35.1	49.7	54.7
2013-11-05	10776.0	575.0	1601.0	9971.0	8900.0	180.0	225.0	40.1	35.0	51.6	53.9
2013-11-12	10761.0	565.0	1551.0	9946.0	8925.0	190.0	225.0	39.7	34.6	51.2	53.5
2013-11-19	10836.0	565.0	1501.0	10021.0	9050.0	190.0	225.0	39.5	34.8	50.9	53.6
2013-11-26	10761.0	565.0	1476.0	9971.0	9025.0	190.0	225.0	39.7	34.4	50.3	52.3
2013-12-03	9103.0	490.0	1033.0	8428.0	7835.0	175.0	225.0	47.5	35.0	57.0	55.1
2013-12-10	9178.0	515.0	1033.0	8478.0	7910.0	175.0	225.0	47.1	35.2	56.6	55.2
2013-12-17	9203.0	465.0	1033.0	8528.0	7910.0	175.0	225.0	47.0	35.1	56.4	55.1
2013-12-24	9203.0	465.0	1033.0	8528.0	7910.0	175.0	225.0	47.0	35.1	57.2	56.2
2014-01-07	7990.0	300.0	765.0	7515.0	6975.0	150.0	225.0	54.1	40.2	64.1	64.6
2014-01-14	8190.0	300.0	765.0	7715.0	7175.0	150.0	225.0	55.3	41.1	65.0	65.5
2014-01-21	9340.0	300.0	1240.0	8865.0	7850.0	150.0	225.0	57.0	39.8	70.1	64.4
2014-01-28	9340.0	300.0	1240.0	8865.0	7850.0	150.0	225.0	57.0	39.8	70.1	64.4
2014-02-04	8515.0	480.0	1215.0	7935.0	7075.0	100.0	225.0	59.9	41.9	71.9	67.4
2014-02-11	8716.0	530.0	1366.0	8086.0	7125.0	100.0	225.0	58.8	40.9	70.6	65.9
2014-02-18	9016.0	530.0	1466.0	8386.0	7325.0	100.0	225.0	56.8	38.4	68.2	63.7
2014-02-25	9081.0	720.0	1366.0	8186.0	7415.0	100.0	225.0	52.6	36.6	65.2	60.2
2014-03-04	8206.0	670.0	1391.0	7411.0	6515.0	50.0	225.0	52.4	35.6	66.1	60.2
2014-03-11	8631.0	745.0	1466.0	7711.0	6815.0	50.0	225.0	49.8	34.6	63.1	57.2
2014-03-18	9156.0	945.0	1766.0	8036.0	7040.0	50.0	225.0	46.9	34.4	58.4	56.7
2014-03-25	10381.0	995.0	2716.0	9211.0	7315.0	50.0	225.0	47.6	39.3	59.4	58.4
2014-04-01	10531.0	995.0	2716.0	9361.0	7465.0	50.0	225.0	47.0	38.7	58.6	58.1
2014-04-08	9716.0	805.0	2966.0	8786.0	6400.0	0.0	225.0	52.7	43.9	65.6	63.2
2014-04-15	10266.0	755.0	3316.0	9336.0	6550.0	0.0	225.0	52.4	45.4	64.0	64.2
2014-04-22	10274.0	755.0	3266.0	9336.0	6600.0	0.0	225.0	52.3	45.4	63.9	64.1
2014-04-29	10474.0	555.0	3416.0	9686.0	6650.0	50.0	225.0	52.3	46.0	64.6	65.3
2014-05-06	9027.0	521.0	3085.0	8364.0	5650.0	50.0	200.0	55.1	45.3	69.2	64.6
2014-05-13	9127.0	521.0	3035.0	8464.0	5800.0	50.0	200.0	54.5	44.8	68.4	65.0
2014-05-20	9377.0	471.0	3160.0	8439.0	5600.0	50.0	200.0	53.1	43.8	65.0	61.4
2014-05-27	9527.0	471.0	3160.0	8589.0	5750.0	50.0	200.0	52.2	44.3	64.0	62.0
2014-06-03	8360.0	443.0	2780.0	7542.0	5080.0	50.0	175.0	52.0	44.3	66.1	62.0
2014-06-10	8685.0	443.0	3180.0	7867.0	5005.0	50.0	175.0	52.4	49.9	69.3	68.6
2014-06-17	8960.0	443.0	3330.0	8142.0	5130.0	50.0	175.0	52.2	48.3	70.3	66.5
2014-06-24	9010.0	443.0	3380.0	8192.0	5130.0	50.0	175.0	51.9	48.1	69.9	66.1
2014-07-01	9010.0	443.0	2805.0	8192.0	5705.0	50.0	175.0	54.9	44.7	71.3	65.3
2014-07-08	7405.0	385.0	2275.0	6670.0	4680.0	50.0	150.0	59.0	51.7	76.6	73.0
2014-07-15	7855.0	385.0	2575.0	7070.0	4830.0	100.0	150.0	61.4	54.4	78.0	74.5
2014-07-22	8005.0	385.0	2725.0	7270.0	4830.0	50.0	150.0	62.1	55.3	78.4	75.0
2014-07-29	8005.0	385.0	2725.0	7270.0	4830.0	50.0	150.0	64.0	55.3	78.4	75.0
2014-08-05	6620.0	400.0	2400.0	6020.0	3895.0	0.0	125.0	65.3	60.8	80.4	77.8
2014-08-12	6920.0	550.0	2600.0	6170.0	3995.0	0.0	125.0	64.6	61.8	81.3	78.0
2014-08-19	7670.0	625.0	2900.0	6845.0	4445.0	0.0	125.0	62.2	60.0	78.2	75.3
2014-08-26	7670.0	625.0	2900.0	6845.0	4445.0	0.0	125.0	62.2	60.0	78.2	75.3
2014-09-02	7670.0	625.0	2450.0	6845.0	4895.0	0.0	125.0	62.2	54.1	78.2	72.0
2014-09-09	6185.0	665.0	2150.0	5420.0	3835.0	0.0	100.0	59.7	57.0	78.0	72.8
2014-09-16	6185.0	665.0	2150.0	5420.0	3835.0	0.0	100.0	59.7	57.0	78.0	72.8
2014-09-23	6185.0	665.0	2150.0	5420.0	3835.0	0.0	100.0	59.7	57.0	78.0	72.8
2014-09-30	6185.0	665.0	2150.0	5420.0	3835.0	0.0	100.0	59.7	57.0	78.0	72.8
2014-10-07	4550.0	705.0	1725.0	3845.0	2750.0	0.0	75.0	61.0	65.9	80.2	82.4
2014-10-14	4775.0	705.0	1725.0	4070.0	2975.0	0.0	75.0	62.8	72.3	85.9	91.1
2014-10-21	4775.0	705.0	1725.0	4070.0	2975.0	0.0	75.0	62.8	75.4	85.9	93.7
2014-10-28	4775.0	705.0	1725.0	4070.0	2975.0	0.0	75.0	62.8	75.4	85.9	93.7
2014-11-04	3525.0	495.0	1200.0	3030.0	2275.0	0.0	50.0	64.7	77.3	87.2	92.9
2014-11-11	3575.0	495.0	1150.0	3080.0	2375.0	0.0	50.0	63.8	77.6	86.0	91.6
2014-11-18	3575.0	495.0	1150.0	3080.0	2375.0	0.0	50.0	63.8	77.6	86.0	91.6
2014-11-25	4025.0	495.0	1400.0	3530.0	2575.0	0.0	50.0	64.1	72.7	83.9	91.3
2014-12-02	2900.0	285.0	825.0	2615.0	2050.0	0.0	25.0	65.5	70.7	85.3	87.9
2014-12-09	3150.0	385.0	825.0	2765.0	2300.0	0.0	25.0	60.3	69.8	77.0	83.3
2014-12-16	3150.0	385.0	825.0	2765.0	2300.0	0.0	25.0	60.3	69.8	77.0	83.3
2014-12-23	3150.0	385.0	825.0	2765.0	2300.0	0.0	25.0	60.3	69.8	77.0	83.3
2014-12-30	3150.0	385.0	825.0	2765.0	2300.0	0.0	25.0	60.3	69.8	77.0	83.3
2016-03-08	2015.0	650.0	1075.0	1315.0	890.0	0.0	0.0	66.0	79.4	83.6	93.1
2016-03-15	2190.0	50.0	1250.0	2090.0	890.0	0.0	0.0	60.7	77.6	80.1	93.6
2016-03-22	2415.0	0.0	1275.0	2315.0	1040.0	0.0	0.0	62.7	70.4	82.0	92.1
2016-03-29	2690.0	0.0	1550.0	2590.0	1040.0	0.0	0.0	59.9	70.6	83.8	92.9
2016-04-05	2575.0	0.0	1550.0	2500.0	950.0	0.0	0.0	64.1	73.8	87.6	97.1
2016-04-12	2950.0	0.0	1600.0	2850.0	1250.0	0.0	0.0	55.9	64.4	76.4	85.6
2016-04-19	3250.0	0.0	1600.0	3150.0	1550.0	0.0	0.0	53.1	58.5	78.6	85.4
2016-04-26	3250.0	0.0	1600.0	3150.0	1550.0	0.0	0.0	53.1	58.5	78.6	85.4
2016-05-03	2980.0	25.0	1450.0	2880.0	1455.0	0.0	0.0	57.9	60.4	80.7	84.7
2016-05-10	2980.0	25.0	1450.0	2880.0	1450.0	0.0	5.0	57.9	60.4	80.7	84.7
2016-05-17	2980.0	25.0	1450.0	2880.0	1450.0	0.0	5.0	57.9	60.4	80.7	84.7
2016-05-24	3005.0	0.0	1450.0	2905.0	1450.0	0.0	5.0	57.4	59.9	80.0	84.0
2016-05-31	3005.0	0.0	1450.0	2905.0	1450.0	0.0	5.0	57.4	59.9	80.0	84.0
2016-06-07	2800.0	0.0	1375.0	2750.0	1375.0	0.0	0.0	61.6	64.3	81.3	83.0
2016-06-14	2800.0	0.0	1375.0	2750.0	1375.0	0.0	0.0	61.6	64.3	81.3	83.0
2016-06-21	2800.0	0.0	1375.0	2750.0	1375.0	0.0	0.0	61.6	64.3	81.3	83.0
2016-06-28	2800.0	0.0	1375.0	2750.0	1375.0	0.0	0.0	61.6	64.3	81.3	83.0
2016-07-05	2600.0	25.0	1325.0	2525.0	1225.0	0.0	0.0	66.3	67.3	85.6	85.6
2016-08-23	1970.0	0.0	400.0	1745.0	1225.0	0.0	120.0	55.6	40.6	65.7	58.4
2016-08-30	2445.0	0.0	325.0	2095.0	1650.0	50.0	170.0	44.8	35.8	53.0	48.1
2016-09-06	2745.0	0.0	350.0	2345.0	1875.0	50.0	170.0	34.4	28.2	41.7	37.3
2016-09-13	2745.0	0.0	350.0	2395.0	1925.0	0.0	120.0	34.4	23.7	41.7	34.6
2016-09-20	2895.0	0.0	350.0	2545.0	2075.0	0.0	120.0	32.6	27.6	42.1	38.0
2016-09-27	2895.0	0.0	350.0	2545.0	2075.0	0.0	120.0	32.6	27.6	42.1	38.0
2016-10-25	3615.0	0.0	445.0	3195.0	2750.0	0.0	0.0	19.9	23.4	27.5	27.5
2016-11-01	3690.0	0.0	595.0	3270.0	2675.0	0.0	0.0	27.0	24.4	35.1	34.4
2016-11-08	3540.0	75.0	820.0	3195.0	2450.0	0.0	0.0	36.3	30.4	46.2	44.1
2016-11-15	3540.0	25.0	795.0	3220.0	2450.0	25.0	25.0	36.3	29.7	45.5	43.4
2016-11-22	3665.0	25.0	720.0	3245.0	2550.0	0.0	0.0	35.1	26.6	43.9	41.9
2016-11-29	3785.0	0.0	720.0	3365.0	2645.0	25.0	25.0	33.9	25.8	42.5	39.9
2016-12-06	4295.0	25.0	1045.0	3540.0	2640.0	120.0	0.0	35.5	24.8	42.6	40.7
2016-12-13	4995.0	25.0	1645.0	4440.0	2940.0	120.0	0.0	47.0	36.8	53.2	50.6
2016-12-20	5545.0	100.0	1620.0	4565.0	3165.0	120.0	0.0	44.7	37.1	51.5	50.0
2016-12-27	5650.0	100.0	1620.0	4595.0	3195.0	120.0	0.0	43.9	36.4	50.5	49.1
2017-01-03	6185.0	100.0	1500.0	4895.0	3515.0	120.0	100.0	42.1	34.4	48.2	46.5
2017-01-10	5820.0	75.0	1475.0	4680.0	3400.0	120.0	0.0	50.5	37.9	53.5	50.9
2017-01-17	5845.0	75.0	1500.0	4755.0	3450.0	120.0	0.0	50.7	37.3	54.6	50.2
2017-01-24	5790.0	75.0	1525.0	4575.0	3245.0	120.0	0.0	51.6	37.7	55.5	50.7
2017-01-31	6890.0	300.0	1750.0	5225.0	3895.0	120.0	0.0	45.2	33.6	51.4	44.6
