2005-01-04	852117.0	186172.0	59260.0	524746.0	659923.0	13275.0	5010.0	26.6	20.0	33.3	30.0
2005-01-11	883809.0	199895.0	61088.0	525055.0	673767.0	16224.0	6319.0	26.4	19.2	32.5	28.5
2005-01-18	906796.0	216464.0	67311.0	529802.0	688496.0	16063.0	6522.0	27.5	19.3	33.4	28.7
2005-01-25	931510.0	229123.0	58565.0	534866.0	713367.0	13844.0	5901.0	25.4	18.1	31.1	27.9
2005-02-01	913002.0	238184.0	64614.0	502630.0	685978.0	17006.0	7228.0	25.2	18.6	31.6	28.2
2005-02-08	936999.0	236820.0	61933.0	518967.0	702213.0	16645.0	8286.0	23.5	18.3	31.2	28.0
2005-02-15	955565.0	239812.0	66742.0	530573.0	713605.0	17851.0	7889.0	23.6	18.2	30.9	28.1
2005-02-22	983913.0	229371.0	61510.0	550066.0	727313.0	31156.0	21770.0	20.4	17.3	28.0	26.8
2005-03-01	930637.0	246185.0	62269.0	509801.0	700076.0	16843.0	10484.0	25.6	19.1	33.0	29.6
2005-03-08	944623.0	254087.0	64344.0	516175.0	713481.0	17516.0	9953.0	26.5	19.5	34.3	30.2
2005-03-15	945838.0	256378.0	60320.0	517087.0	719707.0	16601.0	10039.0	26.6	20.0	34.0	30.7
2005-03-22	963097.0	261800.0	65976.0	527782.0	730051.0	16246.0	9801.0	27.0	19.7	33.9	30.7
2005-03-29	981941.0	269052.0	67265.0	532248.0	742692.0	25833.0	17176.0	26.6	19.2	33.7	30.4
2005-04-05	935649.0	272952.0	67790.0	501818.0	717672.0	23537.0	12845.0	28.8	19.9	36.2	31.4
2005-04-12	955703.0	278148.0	64881.0	509993.0	735151.0	24040.0	12149.0	27.8	20.0	35.6	31.0
2005-04-19	979254.0	278636.0	67971.0	527475.0	750076.0	23446.0	11510.0	26.9	19.2	35.0	30.8
2005-04-26	1001483.0	274100.0	71178.0	558931.0	774249.0	23815.0	11419.0	27.3	18.1	34.5	29.8
2005-05-03	964588.0	274338.0	74025.0	528085.0	737287.0	23436.0	14547.0	27.1	18.0	34.4	29.6
2005-05-10	975192.0	247554.0	69482.0	549050.0	735731.0	20881.0	12272.0	25.0	17.8	32.4	29.2
2005-05-17	981974.0	231571.0	72477.0	568352.0	735946.0	19236.0	10736.0	23.7	17.6	31.1	29.1
2005-05-24	1007210.0	209899.0	70116.0	600261.0	747017.0	17908.0	10935.0	22.2	17.1	29.7	27.7
2005-05-31	956352.0	221158.0	61795.0	559111.0	724694.0	19231.0	13011.0	23.4	18.1	31.1	27.8
2005-06-07	1011954.0	236435.0	54025.0	577612.0	765954.0	17679.0	11747.0	22.7	18.1	31.0	27.9
2005-06-14	1040586.0	252101.0	40073.0	576963.0	792696.0	16267.0	12562.0	21.1	19.5	30.1	29.3
2005-06-21	1068839.0	268352.0	43308.0	586568.0	821637.0	19831.0	9806.0	21.8	18.7	31.5	28.7
2005-06-28	1116556.0	259188.0	46160.0	620493.0	836857.0	26779.0	23443.0	20.6	17.5	30.4	27.7
2005-07-05	1073777.0	251028.0	51979.0	601110.0	807634.0	20593.0	13118.0	20.9	18.1	31.5	27.8
2005-07-12	1127988.0	282095.0	60115.0	609995.0	837831.0	21647.0	15791.0	21.8	17.8	32.2	27.8
2005-07-19	1140001.0	295321.0	62869.0	615120.0	852485.0	17576.0	12663.0	22.2	17.7	32.1	28.0
2005-07-26	1175650.0	287853.0	56432.0	645565.0	881918.0	16232.0	11300.0	20.5	17.4	30.2	27.8
2005-08-02	1119504.0	306148.0	61093.0	597585.0	849945.0	19334.0	12029.0	23.6	17.8	33.6	29.2
2005-08-09	1178264.0	313590.0	66992.0	625374.0	880103.0	18576.0	10445.0	23.1	16.9	32.8	28.9
2005-08-16	1212777.0	326100.0	68268.0	633989.0	899984.0	21694.0	13531.0	22.4	16.5	32.2	28.5
2005-08-23	1247489.0	326959.0	72846.0	665301.0	926711.0	19849.0	12552.0	21.5	16.1	30.9	28.5
2005-09-06	1230454.0	322403.0	55507.0	650696.0	926652.0	18776.0	9716.0	19.7	16.7	29.3	28.4
2005-09-13	1265203.0	326522.0	54937.0	674743.0	955079.0	19862.0	11111.0	18.8	17.2	29.1	29.3
2005-09-20	1321065.0	335891.0	78264.0	709324.0	976644.0	21339.0	11646.0	17.6	17.5	28.2	29.0
2005-09-27	1330191.0	356372.0	76819.0	721897.0	1006379.0	19268.0	14339.0	17.7	16.5	26.9	28.3
2005-10-04	1262871.0	351575.0	75421.0	688666.0	969240.0	17090.0	12670.0	19.5	18.8	28.5	30.4
2005-10-11	1300242.0	348086.0	77257.0	710948.0	989597.0	18965.0	11145.0	18.4	18.9	26.9	30.6
2005-10-18	1364215.0	342387.0	82661.0	750274.0	1018096.0	22964.0	14868.0	17.0	18.4	25.1	29.9
2005-10-25	1394487.0	354189.0	90145.0	770755.0	1044424.0	20952.0	11327.0	16.9	18.0	25.2	30.7
2005-11-01	1343590.0	345957.0	87974.0	731247.0	997742.0	20010.0	11498.0	16.4	18.5	25.1	30.8
2005-11-08	1378009.0	346905.0	64225.0	755287.0	1042322.0	16098.0	11743.0	17.7	18.8	26.5	31.6
2005-11-15	1408277.0	335523.0	57084.0	769676.0	1054751.0	18070.0	11434.0	16.5	18.5	25.7	31.4
2005-11-22	1465330.0	330743.0	55553.0	796476.0	1078722.0	43925.0	36869.0	15.6	17.2	24.5	29.7
2005-11-29	1386398.0	339526.0	66436.0	736918.0	1018931.0	39304.0	30381.0	16.8	18.4	25.4	30.9
2005-12-06	1385539.0	312741.0	59021.0	756870.0	1020507.0	24704.0	14787.0	19.4	18.6	28.0	31.8
2005-12-13	1420100.0	300480.0	62036.0	782135.0	1029756.0	22246.0	13069.0	19.4	18.8	28.4	31.6
2005-12-20	1430895.0	293291.0	64159.0	795976.0	1034485.0	23386.0	14009.0	18.9	18.6	27.7	31.2
2005-12-27	1427426.0	285323.0	57157.0	826594.0	1067809.0	23773.0	10724.0	18.7	18.3	27.5	31.1
2006-01-03	1355411.0	292437.0	56005.0	760204.0	1005850.0	21427.0	12213.0	19.7	20.5	28.8	33.3
2006-01-10	1409105.0	277899.0	58402.0	809914.0	1035950.0	19685.0	13146.0	18.4	22.7	27.3	35.2
2006-01-17	1398270.0	252326.0	64002.0	822879.0	1017938.0	21132.0	14397.0	17.4	22.1	26.2	34.8
2006-01-24	1421396.0	259261.0	70206.0	840383.0	1038048.0	20891.0	12281.0	16.7	22.7	25.8	34.1
2006-01-31	1356720.0	263291.0	68399.0	785720.0	990602.0	23020.0	13030.0	16.9	24.2	26.3	35.2
2006-02-07	1406365.0	270475.0	66564.0	813679.0	1028181.0	22528.0	11937.0	16.0	24.4	26.3	35.5
2006-02-14	1477498.0	273748.0	75797.0	846377.0	1054230.0	21736.0	11834.0	15.1	23.3	24.9	34.4
2006-02-21	1512580.0	263815.0	61780.0	864508.0	1074913.0	22089.0	13719.0	14.1	22.9	23.7	32.8
2006-02-28	1480743.0	246544.0	24520.0	828170.0	1054953.0	18482.0	13723.0	13.9	23.6	22.7	33.6
2006-03-07	1549479.0	233101.0	27449.0	875410.0	1090333.0	19841.0	10570.0	13.1	21.2	20.6	30.9
2006-03-14	1594120.0	253374.0	33702.0	900327.0	1127040.0	17658.0	10617.0	12.6	21.9	19.9	30.9
2006-03-21	1611393.0	262075.0	57777.0	920480.0	1131558.0	18159.0	11379.0	12.8	21.7	20.2	29.6
2006-03-28	1661176.0	278970.0	59646.0	951896.0	1174871.0	14752.0	11101.0	12.0	21.3	19.5	28.9
2006-04-04	1625729.0	252055.0	46014.0	936544.0	1152154.0	19308.0	9739.0	12.3	20.8	19.9	28.7
2006-04-11	1657032.0	255801.0	38994.0	946778.0	1171714.0	18071.0	9942.0	11.5	20.1	18.7	27.9
2006-04-18	1699510.0	248033.0	33447.0	975792.0	1201878.0	23785.0	12285.0	11.6	20.5	18.3	28.5
2006-04-25	1782506.0	295690.0	45382.0	991243.0	1252917.0	23786.0	12420.0	12.1	20.5	19.6	28.5
2006-05-02	1804941.0	318018.0	41013.0	969013.0	1257449.0	26360.0	14929.0	12.2	20.1	19.8	27.3
2006-05-09	1871379.0	327139.0	36212.0	994379.0	1296815.0	22328.0	10819.0	11.7	20.1	19.4	27.5
2006-05-16	1976787.0	345473.0	35317.0	1056063.0	1372537.0	16377.0	10059.0	11.0	19.6	18.8	26.7
2006-05-23	2016911.0	378595.0	48206.0	1082235.0	1417963.0	17620.0	12281.0	12.0	20.2	20.9	27.6
2006-05-30	1997788.0	386729.0	56709.0	1052673.0	1386387.0	16469.0	12775.0	12.7	19.7	22.0	26.3
2006-06-06	2542686.0	536022.0	64751.0	1264630.0	1739091.0	15914.0	12724.0	15.8	20.1	23.1	25.9
2006-06-13	2567649.0	532404.0	79396.0	1285560.0	1740789.0	11461.0	9240.0	16.6	20.1	23.3	25.5
2006-06-20	2608690.0	547816.0	80318.0	1311639.0	1782326.0	13634.0	10445.0	17.1	19.9	23.9	25.7
2006-06-27	2650262.0	558142.0	92128.0	1346775.0	1815997.0	17447.0	14239.0	17.9	20.0	25.0	26.4
2006-07-03	2524182.0	522931.0	87462.0	1273631.0	1713608.0	18114.0	13606.0	17.0	21.6	24.3	28.0
2006-07-11	2593747.0	485712.0	102396.0	1330795.0	1721252.0	17867.0	10726.0	15.0	21.6	22.4	27.8
2006-07-18	2628721.0	481291.0	108408.0	1350309.0	1728344.0	19446.0	14294.0	13.7	20.6	20.9	26.7
2006-07-25	2743527.0	525474.0	103723.0	1366334.0	1792372.0	19316.0	15029.0	14.3	19.6	21.1	26.1
2006-08-01	2695316.0	523811.0	89419.0	1319489.0	1760421.0	20244.0	13704.0	14.3	19.2	21.6	25.0
2006-08-08	2939230.0	518143.0	92016.0	1395019.0	1828073.0	19753.0	12826.0	14.4	18.6	21.2	23.7
2006-08-15	3033933.0	450684.0	81855.0	1461437.0	1838372.0	22646.0	14540.0	11.7	17.2	18.1	22.4
2006-08-22	3085076.0	353827.0	64311.0	1535266.0	1831760.0	23425.0	16447.0	9.8	18.6	15.9	22.7
2006-08-29	3249954.0	317202.0	159468.0	1717026.0	1887545.0	30682.0	17897.0	10.0	17.0	15.7	21.6
2006-09-05	3042431.0	241757.0	94610.0	1601056.0	1754411.0	15124.0	8916.0	9.1	16.6	15.2	20.1
2006-09-12	3109225.0	172346.0	169193.0	1711433.0	1720723.0	19153.0	13016.0	9.2	15.3	14.3	18.6
2006-09-19	3407081.0	158036.0	169400.0	1865162.0	1860495.0	24374.0	17677.0	8.4	14.5	12.8	17.4
2006-09-26	3433378.0	154904.0	168261.0	1905439.0	1896256.0	22527.0	18353.0	8.5	12.8	12.8	16.7
2006-10-03	3261779.0	169324.0	183687.0	1786909.0	1779679.0	27210.0	20077.0	8.5	12.9	13.4	17.3
2006-10-10	3183971.0	156258.0	203863.0	1769566.0	1729163.0	23791.0	16589.0	8.8	13.5	13.8	17.2
2006-10-17	3191136.0	163449.0	215376.0	1782507.0	1738397.0	25287.0	17470.0	8.7	13.9	13.7	17.8
2006-10-24	3244990.0	147511.0	212370.0	1855104.0	1794580.0	20633.0	16298.0	8.6	13.5	13.6	17.1
2006-10-31	3080334.0	160262.0	183050.0	1748603.0	1736262.0	19919.0	9472.0	8.7	13.5	13.6	17.5
2006-11-07	3143063.0	162663.0	165029.0	1817782.0	1824514.0	20809.0	11711.0	8.4	13.4	13.1	17.1
2006-11-14	3149611.0	163864.0	153293.0	1807326.0	1827467.0	24531.0	14961.0	8.4	13.9	13.1	17.2
2006-11-21	3183153.0	162037.0	146278.0	1819308.0	1846040.0	28036.0	17063.0	8.3	14.6	12.7	17.9
2006-11-28	3182537.0	155472.0	189003.0	1852798.0	1827365.0	30607.0	22509.0	8.3	15.4	12.6	18.8
2006-12-05	3050753.0	137629.0	158815.0	1735444.0	1733561.0	35675.0	16372.0	10.0	15.1	13.1	18.1
2006-12-12	3083223.0	134912.0	181651.0	1785250.0	1757552.0	37795.0	18754.0	10.1	16.6	13.2	19.5
2006-12-19	3077164.0	148448.0	179179.0	1773512.0	1762477.0	33014.0	13318.0	10.8	16.7	14.1	19.7
2006-12-26	3085595.0	153335.0	182362.0	1788364.0	1771286.0	22704.0	10755.0	10.7	16.6	13.8	19.8
2007-01-03	2925837.0	138689.0	127070.0	1655179.0	1684615.0	35621.0	17804.0	9.5	15.2	12.6	18.5
2007-01-09	3055026.0	147141.0	145137.0	1741077.0	1759501.0	29092.0	12672.0	9.2	15.1	12.2	18.4
2007-01-16	3110099.0	154838.0	170265.0	1766389.0	1765973.0	36905.0	21894.0	9.0	15.8	12.0	18.7
2007-01-23	3160453.0	156901.0	119934.0	1755876.0	1806780.0	31155.0	17218.0	8.6	14.1	11.6	17.7
2007-01-30	2976430.0	178338.0	44710.0	1588098.0	1739334.0	41620.0	24012.0	9.0	16.7	12.2	20.4
2007-02-06	2856529.0	182677.0	41888.0	1602351.0	1759281.0	37922.0	21781.0	9.2	17.4	12.4	21.3
2007-02-13	2858210.0	193275.0	33596.0	1612081.0	1788359.0	30555.0	13956.0	9.1	17.6	12.5	21.6
2007-02-20	2862694.0	202847.0	39835.0	1624599.0	1800515.0	29272.0	16368.0	9.0	17.5	12.5	21.4
2007-02-27	2690554.0	247414.0	108619.0	1550370.0	1710029.0	33957.0	13093.0	11.8	20.7	16.5	25.0
2007-03-06	2679719.0	265705.0	114523.0	1540355.0	1709177.0	34632.0	16992.0	11.7	21.0	16.8	25.3
2007-03-13	2710404.0	267183.0	115216.0	1548172.0	1718215.0	34368.0	16292.0	11.7	20.6	16.3	24.9
2007-03-20	2730107.0	249138.0	123413.0	1565243.0	1708819.0	31713.0	13862.0	11.6	20.4	15.8	24.6
2007-03-27	2750511.0	226475.0	152282.0	1653574.0	1742344.0	24629.0	10052.0	12.0	19.3	16.0	23.5
2007-04-03	2541479.0	195758.0	44518.0	1492374.0	1657072.0	26951.0	13493.0	9.1	18.1	13.6	22.2
2007-04-10	2566506.0	202162.0	50258.0	1498366.0	1663315.0	28107.0	15062.0	9.0	18.0	13.5	22.0
2007-04-17	2577400.0	199983.0	56670.0	1510196.0	1667719.0	29007.0	14797.0	9.0	17.7	13.3	21.7
2007-04-24	2592541.0	193378.0	76399.0	1538927.0	1672017.0	29547.0	13436.0	8.4	17.5	12.9	21.5
2007-05-01	2492100.0	191577.0	47184.0	1457057.0	1619283.0	31573.0	13740.0	9.0	19.0	13.3	22.8
2007-05-08	2495244.0	192784.0	60702.0	1483815.0	1630979.0	31282.0	16200.0	8.5	18.8	13.3	22.7
2007-05-15	2522646.0	198510.0	65879.0	1497043.0	1647332.0	32314.0	14656.0	8.4	18.9	13.3	22.6
2007-05-22	2549885.0	210586.0	64282.0	1510851.0	1674226.0	32008.0	14937.0	8.2	18.7	13.0	22.5
2007-05-29	2570843.0	197551.0	66060.0	1527554.0	1678105.0	35775.0	16715.0	7.6	18.2	12.6	21.8
2007-06-05	2478250.0	234587.0	43640.0	1442801.0	1651805.0	32199.0	14142.0	7.7	18.9	12.6	22.5
2007-06-12	2500575.0	228443.0	42278.0	1449743.0	1652293.0	30567.0	14182.0	7.8	18.9	12.5	22.2
2007-06-19	2549920.0	234147.0	53859.0	1473132.0	1669823.0	30437.0	14034.0	7.6	18.6	12.5	22.0
2007-06-26	2660841.0	346498.0	162599.0	1493111.0	1689463.0	23871.0	11418.0	9.5	20.2	15.3	24.1
2007-07-03	2586711.0	332028.0	153421.0	1443989.0	1637279.0	31234.0	16551.0	9.7	20.5	15.5	24.1
2007-07-10	2637015.0	330879.0	149764.0	1466698.0	1662074.0	31768.0	17507.0	9.4	19.9	15.2	23.4
2007-07-17	2667871.0	327118.0	153419.0	1483945.0	1671807.0	31653.0	17490.0	9.2	19.6	15.1	23.3
2007-07-24	2756008.0	363738.0	140844.0	1502113.0	1736905.0	26087.0	14189.0	9.7	20.3	15.5	23.6
2007-07-31	2699432.0	346608.0	124781.0	1446831.0	1686717.0	32920.0	14861.0	10.0	20.0	15.2	23.4
2007-08-07	2720024.0	333709.0	118791.0	1471245.0	1697593.0	30352.0	18922.0	10.4	19.9	15.2	23.4
2007-08-14	2762663.0	365935.0	113561.0	1477469.0	1743945.0	28066.0	13964.0	12.0	20.8	16.9	24.2
2007-08-21	2775982.0	388075.0	132343.0	1472976.0	1739252.0	27528.0	16984.0	12.2	21.6	17.2	25.3
2007-08-28	2824213.0	378800.0	137492.0	1508509.0	1755952.0	24109.0	17974.0	12.3	21.3	17.0	25.0
2007-09-04	2738119.0	378790.0	154038.0	1452051.0	1687825.0	28127.0	17105.0	12.8	22.5	18.2	26.2
2007-09-11	2757764.0	388344.0	176398.0	1478011.0	1701980.0	26954.0	14931.0	13.2	22.8	18.7	26.5
2007-09-18	2833967.0	402030.0	205651.0	1525375.0	1732383.0	27487.0	16858.0	13.4	22.9	18.9	26.6
2007-09-25	2857033.0	423037.0	226606.0	1532166.0	1734783.0	23805.0	17619.0	14.7	24.2	19.8	27.8
2007-10-02	2701848.0	442914.0	172720.0	1389338.0	1673045.0	31871.0	18358.0	15.1	23.3	20.1	27.0
2007-10-09	2702905.0	430443.0	174572.0	1383415.0	1654373.0	31008.0	15921.0	14.6	23.3	19.6	26.9
2007-10-16	2710662.0	411337.0	159569.0	1408401.0	1671261.0	30194.0	19102.0	13.7	22.5	18.5	26.3
2007-10-23	2762776.0	409355.0	167671.0	1458645.0	1709159.0	27170.0	18340.0	13.2	22.9	17.9	26.7
2007-10-30	2687046.0	440296.0	136536.0	1372343.0	1688282.0	28122.0	15943.0	14.4	23.6	19.2	27.4
2007-11-06	2718990.0	461871.0	123583.0	1384601.0	1734945.0	28022.0	15966.0	14.8	23.2	19.5	26.9
2007-11-13	2755480.0	466579.0	138701.0	1406366.0	1747034.0	29545.0	16755.0	14.7	23.0	19.2	26.7
2007-11-20	2789491.0	480793.0	141756.0	1418401.0	1767913.0	30740.0	20265.0	14.7	22.8	19.0	26.6
2007-11-27	2827006.0	482333.0	149724.0	1458793.0	1797440.0	26360.0	20322.0	14.5	23.0	18.5	26.8
2007-12-04	2732450.0	501218.0	131043.0	1344661.0	1727842.0	40892.0	27886.0	16.4	23.0	19.9	27.3
2007-12-11	2755208.0	522831.0	146010.0	1342091.0	1730736.0	42890.0	31066.0	16.8	22.4	20.2	26.8
2007-12-18	2787287.0	538885.0	144017.0	1335561.0	1738399.0	36472.0	28502.0	16.2	21.9	18.8	26.1
2007-12-24	2838590.0	567215.0	135233.0	1345453.0	1789629.0	43917.0	31723.0	16.7	20.4	19.4	25.3
2007-12-31	2682453.0	553511.0	115102.0	1223259.0	1674733.0	45206.0	32141.0	18.4	19.7	21.8	25.9
2008-01-08	2750865.0	567270.0	83382.0	1231577.0	1722780.0	42991.0	35676.0	18.3	20.2	21.7	25.4
2008-01-15	2843687.0	591683.0	73545.0	1260204.0	1787160.0	36207.0	27389.0	19.0	20.3	22.2	25.3
2008-01-22	2846049.0	616144.0	77833.0	1256574.0	1802764.0	30148.0	22269.0	19.0	20.6	22.4	25.6
2008-01-29	2945267.0	622872.0	82310.0	1303850.0	1857435.0	39794.0	26771.0	18.5	19.9	21.9	24.7
2008-02-05	2901173.0	664991.0	89601.0	1243190.0	1831813.0	40408.0	27175.0	19.1	20.6	22.8	26.2
2008-02-12	3003422.0	747088.0	159039.0	1289440.0	1891507.0	39183.0	25165.0	22.0	21.5	25.7	27.7
2008-02-19	3111658.0	781831.0	194494.0	1353038.0	1952591.0	37767.0	25551.0	22.6	22.3	26.8	28.6
2008-02-26	3219319.0	850374.0	192801.0	1368355.0	2040876.0	41903.0	26955.0	22.6	22.7	26.9	28.9
2008-03-04	3108393.0	962134.0	194136.0	1215526.0	2008835.0	55536.0	30225.0	24.8	25.1	30.0	32.6
2008-03-11	3168252.0	1017804.0	203739.0	1232970.0	2073905.0	39161.0	12291.0	24.8	25.1	30.2	33.0
2008-03-18	3249145.0	1018763.0	218584.0	1262886.0	2087616.0	34917.0	10366.0	23.7	24.7	29.2	31.8
2008-03-25	3311763.0	1040556.0	233047.0	1281117.0	2109098.0	32765.0	12293.0	24.4	23.8	29.0	31.1
2008-04-01	3125204.0	955407.0	119221.0	1179278.0	2043739.0	40871.0	12596.0	25.1	21.0	29.2	28.2
2008-04-08	3115266.0	967686.0	127436.0	1197039.0	2063719.0	39103.0	12673.0	25.3	20.9	29.6	28.1
2008-04-15	3179543.0	997648.0	121599.0	1230250.0	2128416.0	34132.0	12015.0	25.3	20.7	29.3	27.9
2008-04-22	3322116.0	1095489.0	116135.0	1292620.0	2293803.0	32195.0	10366.0	25.7	21.3	30.1	29.3
2008-04-29	3190573.0	1084527.0	134127.0	1229236.0	2202032.0	35134.0	12738.0	27.0	22.4	31.0	30.4
2008-05-06	3258611.0	1121475.0	138719.0	1258764.0	2262825.0	34294.0	12989.0	27.5	22.1	31.6	30.1
2008-05-13	3263301.0	1127716.0	120737.0	1259527.0	2285121.0	39671.0	21056.0	27.4	22.0	31.6	29.9
2008-05-20	3296129.0	1125431.0	122299.0	1311308.0	2331405.0	26913.0	9948.0	27.4	22.0	32.0	29.7
2008-05-27	3525383.0	1265842.0	225887.0	1370873.0	2407221.0	21003.0	24610.0	28.9	23.1	33.0	31.0
2008-06-03	3418312.0	1319672.0	235719.0	1286421.0	2388222.0	28080.0	10232.0	30.6	24.4	35.4	33.2
2008-06-10	3468848.0	1338538.0	248245.0	1323290.0	2431294.0	28014.0	10303.0	30.6	24.4	35.6	33.4
2008-06-17	3542286.0	1353659.0	251071.0	1348495.0	2475597.0	37740.0	13226.0	30.2	23.9	35.3	32.8
2008-06-24	3636187.0	1426010.0	297541.0	1366267.0	2511126.0	30656.0	14266.0	31.4	24.8	35.9	33.5
2008-07-01	3509769.0	1439310.0	309577.0	1262201.0	2413426.0	34561.0	13069.0	32.9	26.9	37.4	35.3
2008-07-08	3534469.0	1453119.0	332974.0	1264746.0	2405839.0	34894.0	13946.0	32.5	26.8	37.0	35.1
2008-07-15	3617587.0	1490572.0	359248.0	1296623.0	2445636.0	26738.0	9049.0	32.5	27.1	36.9	35.3
2008-07-22	3713063.0	1467987.0	386480.0	1200432.0	2299431.0	27598.0	10106.0	31.4	25.4	35.8	33.8
2008-07-29	3821554.0	1514632.0	384882.0	1216511.0	2354376.0	27389.0	19274.0	33.8	23.3	36.7	31.6
2008-08-05	3672857.0	1462471.0	380688.0	1163076.0	2255561.0	26599.0	15897.0	34.3	24.3	37.3	32.7
2008-08-12	3729782.0	1450555.0	404930.0	1213265.0	2269567.0	30810.0	20133.0	33.5	23.6	36.4	32.3
2008-08-19	3798025.0	1450462.0	391865.0	1246691.0	2317444.0	26353.0	14197.0	32.5	23.6	35.3	32.3
2008-08-26	3887939.0	1488593.0	413650.0	1278030.0	2363243.0	24605.0	14335.0	32.9	23.4	35.6	31.6
2008-09-02	3850810.0	1511609.0	429987.0	1206903.0	2299000.0	27102.0	16627.0	34.8	23.0	37.2	31.5
2008-09-09	3947400.0	1542182.0	459400.0	1226738.0	2317315.0	26400.0	18605.0	34.8	22.4	36.9	31.0
2008-09-16	3960091.0	1529758.0	458946.0	1243140.0	2325362.0	27777.0	16367.0	34.3	23.0	36.5	31.4
2008-09-23	4058562.0	1613541.0	532238.0	1268930.0	2359492.0	23367.0	14108.0	35.9	24.5	38.1	32.8
2008-09-30	3878257.0	1564014.0	590503.0	1237429.0	2220276.0	24918.0	15582.0	37.0	26.8	39.2	34.8
2008-10-07	3843081.0	1488971.0	595292.0	1275146.0	2179513.0	25573.0	14885.0	35.5	27.2	37.8	35.0
2008-10-14	3902453.0	1421086.0	531251.0	1329596.0	2228646.0	24012.0	14797.0	33.1	25.6	35.7	34.0
2008-10-21	3909369.0	1358674.0	500954.0	1371229.0	2240146.0	24258.0	13061.0	31.3	24.9	33.8	33.8
2008-10-28	3720085.0	1091782.0	261086.0	1402547.0	2237875.0	31247.0	26615.0	25.5	22.0	28.4	30.0
2008-11-04	3541472.0	1043464.0	203857.0	1318708.0	2168187.0	25614.0	15742.0	25.8	21.7	28.7	29.9
2008-11-11	3568272.0	1041225.0	212746.0	1359251.0	2193250.0	21609.0	16089.0	26.1	21.6	29.2	29.7
2008-11-18	3584357.0	1011759.0	192548.0	1390608.0	2215874.0	26009.0	19954.0	24.5	21.8	28.1	29.9
2008-11-25	3452412.0	923316.0	165737.0	1334673.0	2101011.0	28193.0	19434.0	23.0	20.3	26.9	28.7
2008-12-02	3458776.0	910711.0	158368.0	1349056.0	2111196.0	29521.0	19724.0	22.5	20.4	26.4	28.7
2008-12-09	3509396.0	878919.0	169891.0	1417621.0	2134739.0	26367.0	18277.0	22.0	20.3	25.6	28.5
2008-12-16	3459992.0	873443.0	168284.0	1401790.0	2115097.0	28098.0	19950.0	22.2	20.7	25.6	28.9
2008-12-22	3441094.0	845395.0	163332.0	1421350.0	2112888.0	30244.0	20769.0	21.2	20.5	24.8	28.6
2008-12-30	3177313.0	795062.0	151195.0	1301311.0	1953245.0	32159.0	24092.0	20.5	19.9	24.2	28.9
2009-01-06	3222322.0	792456.0	154009.0	1336777.0	1980620.0	27987.0	22591.0	20.2	19.8	23.9	28.6
2009-01-13	3222150.0	755120.0	149535.0	1359652.0	1970586.0	26393.0	21044.0	19.7	19.6	23.5	28.2
2009-01-20	3222138.0	755752.0	143954.0	1359032.0	1976614.0	26966.0	21182.0	19.7	19.7	23.5	28.7
2009-01-27	3279784.0	740599.0	146582.0	1424166.0	2023774.0	25929.0	20338.0	18.3	19.3	22.3	28.6
2009-02-03	3159599.0	728351.0	136425.0	1353001.0	1952381.0	27926.0	20472.0	18.5	19.8	22.2	28.7
2009-02-10	3223337.0	732419.0	149219.0	1394330.0	1986296.0	27786.0	19020.0	17.6	19.7	21.1	28.5
2009-02-17	3271229.0	735086.0	139861.0	1427267.0	2030553.0	26445.0	18384.0	17.5	19.8	21.0	28.6
2009-02-24	3325440.0	751331.0	138268.0	1453396.0	2074748.0	26731.0	18442.0	17.1	19.5	20.2	27.7
2009-03-03	3175272.0	692897.0	146694.0	1365384.0	1939363.0	67138.0	39362.0	16.0	19.8	19.7	27.3
2009-03-10	3189730.0	699667.0	152317.0	1414003.0	1973747.0	32386.0	19992.0	16.8	19.9	20.3	27.4
2009-03-17	3196175.0	697486.0	149729.0	1427612.0	1989679.0	32791.0	18481.0	16.7	20.4	20.3	27.8
2009-03-24	3212635.0	685091.0	144502.0	1454536.0	2011266.0	35472.0	19331.0	16.1	20.6	19.7	27.9
2009-03-31	3003038.0	669595.0	125303.0	1322241.0	1889749.0	37561.0	14345.0	17.3	20.5	21.1	29.0
2009-04-07	3005307.0	666636.0	124904.0	1339859.0	1903083.0	36820.0	15328.0	17.3	20.6	21.1	29.2
2009-04-14	3026545.0	655944.0	122509.0	1362540.0	1917651.0	36759.0	15083.0	16.6	20.8	20.5	29.4
2009-04-21	3088651.0	652936.0	124881.0	1413062.0	1963111.0	34148.0	12154.0	15.9	20.6	19.9	29.0
2009-04-28	3139510.0	634468.0	132165.0	1451127.0	1987194.0	49418.0	15654.0	14.9	21.0	18.9	28.9
2009-05-05	2963488.0	661435.0	122572.0	1339130.0	1902679.0	37892.0	13206.0	16.2	19.5	20.5	27.6
2009-05-12	3009914.0	678523.0	120140.0	1350662.0	1934289.0	38348.0	13104.0	16.2	20.1	20.5	28.1
2009-05-19	3128989.0	697413.0	131292.0	1386715.0	1976043.0	35318.0	12111.0	16.1	20.2	21.0	27.7
2009-05-26	3217973.0	674525.0	136556.0	1454514.0	2016592.0	34622.0	10513.0	14.3	19.7	19.1	26.8
2009-06-02	3009684.0	633685.0	133340.0	1373749.0	1895661.0	32762.0	11195.0	14.3	19.1	19.9	26.4
2009-06-09	3037386.0	621799.0	115566.0	1375271.0	1900101.0	34152.0	15555.0	13.9	19.3	19.8	26.5
2009-06-16	3056387.0	616525.0	107975.0	1423060.0	1944125.0	23161.0	10646.0	14.2	19.4	19.4	26.3
2009-06-23	3099674.0	618449.0	122962.0	1467513.0	1976015.0	24502.0	11487.0	14.3	19.2	19.0	25.8
2009-06-30	2883327.0	629520.0	126348.0	1354166.0	1872552.0	26647.0	11433.0	15.9	19.2	21.6	26.7
