2007-06-05	3010.0	0.0	150.0	2990.0	2860.0	20.0	0.0	46.5	38.2	53.2	54.8
2007-06-12	3510.0	0.0	150.0	3490.0	3360.0	20.0	0.0	48.4	39.9	54.1	54.1
2007-06-19	3560.0	0.0	150.0	3540.0	3410.0	20.0	0.0	47.8	39.3	53.4	53.4
2007-06-26	3560.0	0.0	150.0	3540.0	3260.0	20.0	150.0	47.8	39.3	53.4	52.0
2007-07-10	2940.0	0.0	50.0	2940.0	2890.0	0.0	0.0	51.0	42.5	59.5	57.8
2007-07-17	3040.0	50.0	0.0	2940.0	2990.0	0.0	0.0	46.1	41.1	55.9	55.9
2007-07-24	3040.0	50.0	0.0	2940.0	2990.0	0.0	0.0	46.1	41.1	55.9	55.9
2007-07-31	3290.0	0.0	0.0	3290.0	3290.0	0.0	0.0	42.6	38.0	51.7	51.7
2007-10-30	2800.0	0.0	0.0	2500.0	2500.0	50.0	50.0	35.7	28.6	42.9	42.9
2007-11-06	3450.0	0.0	0.0	3150.0	3150.0	0.0	0.0	20.3	18.8	27.5	27.5
2007-11-13	3600.0	0.0	0.0	3300.0	3300.0	0.0	0.0	19.4	18.1	27.8	26.4
2007-11-20	3650.0	0.0	0.0	3350.0	3350.0	0.0	0.0	19.2	17.8	27.4	26.0
2007-11-27	3900.0	0.0	0.0	3600.0	3600.0	0.0	0.0	17.9	16.7	25.6	24.4
2007-12-04	3650.0	150.0	0.0	3250.0	3400.0	0.0	0.0	16.4	21.2	23.3	24.7
2007-12-11	3625.0	150.0	0.0	3225.0	3375.0	0.0	0.0	15.2	17.9	21.4	22.8
2007-12-18	3825.0	0.0	0.0	3425.0	3575.0	150.0	0.0	12.4	18.3	17.6	21.6
2007-12-24	3825.0	150.0	0.0	3425.0	3575.0	0.0	0.0	11.1	15.7	16.3	19.0
2007-12-31	3825.0	150.0	0.0	3425.0	3525.0	0.0	50.0	11.8	15.7	17.6	19.0
2008-01-08	3275.0	0.0	0.0	3025.0	2975.0	0.0	50.0	20.6	14.5	23.7	20.6
2008-01-15	3275.0	0.0	0.0	3025.0	2975.0	0.0	50.0	20.6	15.3	25.2	22.1
2008-01-22	3275.0	0.0	0.0	3025.0	2975.0	0.0	50.0	20.6	15.3	25.2	22.1
2008-01-29	3375.0	0.0	0.0	3125.0	3075.0	0.0	50.0	19.3	14.8	25.2	23.0
2008-02-05	2450.0	50.0	0.0	2200.0	2250.0	0.0	0.0	26.5	28.6	38.8	40.8
2008-02-12	2450.0	50.0	0.0	2200.0	2250.0	0.0	0.0	22.4	28.6	34.7	38.8
2008-02-19	2450.0	50.0	0.0	2200.0	2250.0	0.0	0.0	22.4	28.6	34.7	38.8
2008-02-26	2550.0	50.0	0.0	2300.0	2350.0	0.0	0.0	21.6	27.5	35.3	37.3
2008-04-01	3220.0	100.0	0.0	2835.0	2835.0	85.0	185.0	37.3	38.8	49.7	48.1
2008-05-06	2660.0	0.0	0.0	2225.0	2310.0	185.0	100.0	26.3	35.2	38.5	43.6
2008-05-13	2725.0	0.0	50.0	2325.0	2460.0	200.0	15.0	25.7	34.9	37.6	43.5
2008-05-20	2775.0	0.0	50.0	2375.0	2510.0	200.0	15.0	27.0	34.2	38.7	42.7
2008-05-27	3235.0	0.0	50.0	2650.0	2635.0	335.0	300.0	23.2	30.4	34.0	36.6
2008-06-03	3110.0	0.0	50.0	2525.0	2710.0	385.0	150.0	24.1	37.8	34.6	45.8
2008-06-10	3110.0	0.0	50.0	2525.0	2710.0	385.0	150.0	24.9	38.6	35.4	46.6
2008-06-17	3510.0	0.0	50.0	2925.0	3110.0	385.0	150.0	30.6	42.7	42.7	52.7
2008-06-24	3760.0	0.0	50.0	3203.0	3360.0	357.0	150.0	32.0	42.6	43.3	51.9
2008-07-01	4602.0	100.0	50.0	4260.0	4242.0	42.0	110.0	25.1	33.7	35.6	41.3
2008-07-08	3752.0	200.0	0.0	3310.0	3642.0	242.0	110.0	20.3	30.0	31.0	36.5
2008-07-15	4352.0	200.0	0.0	4010.0	4342.0	142.0	10.0	27.9	38.5	38.2	45.3
2008-07-22	4052.0	200.0	0.0	3735.0	4052.0	117.0	0.0	27.5	36.4	38.6	46.2
2008-07-29	4377.0	150.0	100.0	4060.0	4227.0	117.0	0.0	27.7	33.7	38.0	42.8
2008-08-05	3450.0	150.0	150.0	3225.0	3300.0	75.0	0.0	29.0	39.9	42.0	49.3
2008-08-12	4550.0	150.0	100.0	3775.0	3900.0	575.0	500.0	26.9	32.4	36.8	39.0
2008-08-19	4725.0	200.0	100.0	4350.0	4525.0	125.0	50.0	23.8	31.2	33.3	38.1
2008-08-26	4975.0	200.0	150.0	4625.0	4675.0	100.0	100.0	22.6	30.7	31.7	36.2
2008-09-02	5575.0	200.0	200.0	5175.0	5175.0	150.0	150.0	20.2	28.3	28.3	33.2
2008-09-09	4600.0	250.0	100.0	4175.0	4250.0	175.0	250.0	27.7	28.3	37.0	37.5
2008-09-16	4700.0	250.0	100.0	4150.0	4250.0	200.0	250.0	26.6	27.7	35.7	36.7
2008-09-23	4925.0	250.0	100.0	4350.0	4450.0	225.0	275.0	25.4	26.4	33.5	36.0
2008-09-30	5956.0	250.0	100.0	5306.0	5506.0	300.0	250.0	19.6	22.4	28.0	32.5
2008-10-07	5139.0	150.0	0.0	4715.0	4839.0	174.0	200.0	26.3	28.4	39.9	39.1
2008-10-14	6536.0	150.0	0.0	6028.0	6340.0	208.0	46.0	23.2	27.2	33.9	36.1
2008-10-21	7364.0	150.0	100.0	7056.0	7118.0	58.0	46.0	20.9	24.1	32.4	33.1
2008-10-28	7886.0	150.0	100.0	7378.0	7390.0	258.0	296.0	20.1	23.1	30.9	31.3
2008-11-04	6572.0	250.0	150.0	6122.0	6222.0	200.0	200.0	18.7	23.7	28.6	33.7
2008-11-11	7407.0	250.0	250.0	6957.0	6957.0	200.0	200.0	17.2	21.0	26.6	31.3
2008-11-18	7507.0	300.0	300.0	7007.0	7007.0	200.0	200.0	17.6	21.3	26.9	32.2
2008-11-25	7432.0	100.0	350.0	7062.0	6832.0	220.0	200.0	17.2	21.5	26.2	31.8
2008-12-02	6327.0	100.0	50.0	5877.0	5927.0	200.0	200.0	19.6	26.4	30.7	38.2
2008-12-09	6702.0	100.0	50.0	6252.0	6302.0	200.0	200.0	17.8	24.9	28.2	36.1
2008-12-16	6852.0	100.0	50.0	6402.0	6452.0	200.0	200.0	18.7	25.6	29.6	36.5
2008-12-22	6727.0	0.0	50.0	6377.0	6327.0	200.0	200.0	19.0	26.1	30.1	37.2
2008-12-30	6877.0	0.0	50.0	6527.0	6477.0	200.0	200.0	20.0	25.5	30.9	37.9
2009-01-06	3809.0	150.0	0.0	3609.0	3759.0	50.0	50.0	32.8	29.1	46.0	42.7
2009-01-13	4334.0	150.0	0.0	4084.0	4234.0	100.0	100.0	32.3	28.4	45.8	42.6
2009-01-20	4522.0	50.0	0.0	4472.0	4522.0	0.0	0.0	32.1	29.1	46.1	41.9
2009-01-27	4822.0	150.0	0.0	4672.0	4822.0	0.0	0.0	29.6	30.3	42.7	40.3
2009-02-03	4143.0	0.0	50.0	4043.0	3897.0	100.0	196.0	24.0	22.4	33.9	33.3
2009-02-10	5253.0	0.0	50.0	5153.0	5007.0	100.0	196.0	19.9	17.7	30.2	26.7
2009-02-17	5860.0	0.0	50.0	5760.0	5614.0	100.0	196.0	19.6	15.8	28.5	23.9
2009-02-24	6418.0	0.0	50.0	6118.0	5972.0	300.0	396.0	18.6	10.6	26.7	17.8
2009-03-03	5673.0	0.0	50.0	5473.0	5327.0	200.0	296.0	19.8	15.4	26.3	22.5
2009-03-10	7191.0	50.0	0.0	6891.0	6845.0	200.0	296.0	18.8	14.4	25.0	21.3
2009-03-17	7683.0	50.0	0.0	7383.0	7337.0	200.0	296.0	20.0	17.8	28.0	25.0
2009-03-24	8008.0	50.0	0.0	7708.0	7662.0	200.0	296.0	22.3	19.6	28.0	25.9
2009-03-31	9058.0	850.0	0.0	7784.0	8538.0	374.0	470.0	23.5	22.9	30.8	29.3
2009-04-07	7063.0	900.0	0.0	5939.0	6043.0	224.0	1020.0	30.2	17.9	40.6	27.8
2009-04-14	7645.0	900.0	0.0	6521.0	6725.0	224.0	920.0	29.2	19.2	38.8	28.6
2009-04-21	8346.0	850.0	0.0	7222.0	7376.0	274.0	970.0	29.8	22.3	38.6	30.8
2009-04-28	9668.0	1150.0	600.0	8244.0	8098.0	274.0	970.0	30.7	22.4	43.1	32.5
2009-05-05	8195.0	1050.0	600.0	7045.0	6775.0	100.0	820.0	33.4	22.1	45.4	33.2
2009-05-12	8725.0	1050.0	900.0	7575.0	7005.0	100.0	820.0	36.0	24.2	47.2	34.5
2009-05-19	9325.0	1150.0	900.0	8025.0	7555.0	150.0	870.0	35.3	23.7	46.3	34.4
2009-05-26	10112.0	1250.0	900.0	8562.0	8312.0	300.0	900.0	32.0	22.8	42.5	33.2
2009-06-02	9484.0	1250.0	900.0	7834.0	7534.0	300.0	950.0	30.1	22.1	39.4	31.7
2009-06-09	10223.0	1250.0	900.0	8623.0	8973.0	250.0	250.0	27.9	24.0	37.1	34.2
2009-06-16	10779.0	1280.0	900.0	9125.0	9629.0	274.0	150.0	25.4	22.3	33.4	32.5
2009-06-23	11379.0	1404.0	950.0	9725.0	10079.0	150.0	250.0	25.0	21.5	34.5	31.2
2009-06-30	12282.0	1454.0	820.0	10278.0	10812.0	150.0	250.0	22.8	18.5	31.5	27.8
2009-07-07	10246.0	1354.0	920.0	8492.0	8776.0	100.0	250.0	30.4	23.8	43.2	35.0
2009-07-14	9321.0	1354.0	150.0	7517.0	8571.0	150.0	300.0	27.1	21.7	39.2	31.3
2009-07-21	10203.0	1404.0	200.0	8449.0	9503.0	100.0	250.0	24.8	19.8	35.8	29.0
2009-07-28	10748.0	1404.0	100.0	8844.0	9998.0	100.0	250.0	22.3	18.8	32.1	28.0
2009-08-04	9138.0	1954.0	0.0	6901.0	8738.0	133.0	250.0	29.5	29.8	42.4	42.8
2009-08-11	10825.0	2104.0	0.0	8088.0	10075.0	483.0	600.0	25.4	28.8	38.3	41.4
2009-08-18	12015.0	2154.0	0.0	9378.0	11415.0	483.0	600.0	23.7	26.4	35.8	37.7
2009-08-25	12514.0	2254.0	0.0	9727.0	11764.0	533.0	750.0	23.9	25.0	36.0	37.4
2009-09-01	13074.0	2304.0	0.0	9937.0	12074.0	733.0	900.0	23.2	23.9	35.2	36.6
2009-09-08	10910.0	1954.0	0.0	8173.0	9904.0	683.0	906.0	25.7	26.7	39.5	37.5
2009-09-15	11324.0	2204.0	0.0	8137.0	10118.0	883.0	1106.0	27.4	27.5	41.0	38.3
2009-09-22	11474.0	2104.0	50.0	8437.0	10368.0	783.0	906.0	27.5	26.3	40.9	37.0
2009-09-29	11421.0	2104.0	50.0	8484.0	10415.0	683.0	806.0	26.3	25.1	40.2	36.7
2009-10-06	8766.0	2004.0	100.0	6217.0	8048.0	495.0	568.0	28.7	29.7	45.3	42.4
2009-10-13	9494.0	2004.0	150.0	6857.0	8638.0	583.0	656.0	27.6	32.1	45.0	43.9
2009-10-20	10267.0	2054.0	150.0	7310.0	9111.0	853.0	956.0	27.0	32.1	44.0	43.0
2009-10-27	10607.0	2129.0	50.0	7660.0	9636.0	668.0	771.0	26.4	32.5	43.1	43.5
2009-11-03	8189.0	1454.0	0.0	6182.0	7633.0	503.0	506.0	31.0	32.4	45.7	48.5
2009-11-09	8239.0	1454.0	0.0	6232.0	7583.0	503.0	606.0	32.6	34.7	47.3	50.6
2009-11-17	8474.0	1454.0	0.0	6492.0	7993.0	453.0	406.0	31.2	34.5	44.8	49.8
2009-11-24	9041.0	1454.0	0.0	6959.0	8410.0	503.0	506.0	27.1	32.4	40.2	44.5
2009-12-01	10100.0	1813.0	0.0	7504.0	9344.0	608.0	581.0	24.0	30.9	36.2	41.8
2009-12-08	8742.0	1622.0	0.0	6337.0	8542.0	608.0	25.0	23.1	24.1	32.6	37.5
2009-12-15	8837.0	1672.0	0.0	6382.0	8587.0	708.0	175.0	22.1	24.3	31.4	37.0
2009-12-22	9307.0	1622.0	0.0	6862.0	9017.0	648.0	115.0	20.9	23.1	28.7	34.6
2009-12-29	9547.0	1581.0	0.0	7002.0	9116.0	648.0	115.0	20.4	22.5	28.0	33.7
2010-01-05	7791.0	1206.0	0.0	5746.0	7335.0	573.0	190.0	32.0	27.3	41.2	39.6
2010-01-12	7809.0	1606.0	0.0	5704.0	7293.0	83.0	100.0	32.6	27.3	45.0	39.6
2010-01-19	8778.0	1606.0	0.0	6414.0	8003.0	192.0	209.0	29.0	23.1	40.0	34.1
2010-01-26	9260.0	1572.0	86.0	6946.0	8415.0	292.0	309.0	25.8	22.0	37.1	31.7
2010-02-02	8022.0	1346.0	100.0	6270.0	7395.0	131.0	252.0	25.2	22.6	36.4	31.6
2010-02-09	8087.0	1346.0	100.0	6385.0	7510.0	131.0	252.0	26.1	22.9	36.9	31.8
2010-02-16	8312.0	1446.0	100.0	6610.0	7835.0	31.0	152.0	25.4	24.7	35.9	33.7
2010-02-23	9194.0	1446.0	175.0	7492.0	8642.0	31.0	152.0	26.5	27.0	35.5	34.8
2010-03-02	7793.0	1185.0	175.0	6222.0	7113.0	11.0	130.0	26.2	24.6	35.4	34.8
2010-03-09	8226.0	1218.0	100.0	6622.0	7621.0	11.0	130.0	26.2	25.1	36.3	33.5
2010-03-16	8651.0	1218.0	100.0	6897.0	7896.0	11.0	130.0	26.1	26.2	35.7	33.3
2010-03-23	9111.0	1268.0	100.0	7307.0	8356.0	11.0	130.0	24.8	25.4	34.0	32.2
2010-03-30	9561.0	1168.0	100.0	7707.0	8656.0	61.0	180.0	23.6	24.7	32.4	30.8
2010-04-06	7051.0	658.0	100.0	6068.0	6509.0	0.0	117.0	33.6	27.4	42.8	39.9
2010-04-13	7937.0	658.0	150.0	6804.0	7195.0	200.0	317.0	30.5	27.9	39.3	38.1
2010-04-20	8612.0	550.0	150.0	7562.0	7962.0	200.0	200.0	27.5	28.0	36.1	37.4
2010-04-27	9523.0	550.0	150.0	8323.0	8723.0	300.0	300.0	24.9	25.4	33.1	33.8
2010-05-04	8044.0	450.0	0.0	6944.0	7394.0	300.0	300.0	30.9	31.7	41.0	41.7
2010-05-11	8074.0	475.0	0.0	7024.0	7499.0	250.0	250.0	30.2	32.2	41.2	42.2
2010-05-18	8431.0	500.0	0.0	7331.0	7831.0	300.0	300.0	28.3	32.9	38.8	41.9
2010-05-25	9096.0	600.0	90.0	7846.0	8356.0	350.0	350.0	27.6	31.9	36.3	40.7
2010-06-01	9927.0	650.0	90.0	8377.0	8937.0	400.0	400.0	24.8	29.2	33.6	37.8
2010-06-08	7897.0	600.0	240.0	6597.0	6957.0	400.0	400.0	28.0	29.3	37.9	37.6
2010-06-15	8322.0	500.0	240.0	7072.0	7332.0	400.0	400.0	27.2	27.2	39.0	36.9
2010-06-22	8122.0	500.0	290.0	7222.0	7432.0	100.0	100.0	32.2	29.7	44.9	40.1
2010-06-29	8485.0	500.0	390.0	7535.0	7645.0	150.0	150.0	32.0	29.0	44.7	39.9
2010-07-06	6166.0	200.0	190.0	5516.0	5526.0	200.0	200.0	35.8	28.0	45.6	40.1
2010-07-13	6313.0	200.0	190.0	5813.0	5823.0	0.0	0.0	37.8	28.9	47.3	41.2
2010-07-20	6723.0	250.0	190.0	6123.0	6183.0	50.0	50.0	36.2	27.9	45.1	39.4
2010-07-27	7772.0	200.0	190.0	7122.0	7132.0	50.0	50.0	32.0	29.6	40.5	39.6
2010-08-03	7276.0	200.0	40.0	6418.0	6626.0	258.0	210.0	25.8	26.6	35.9	38.2
2010-08-10	7699.0	250.0	40.0	6891.0	7149.0	158.0	110.0	25.1	25.8	34.6	37.0
2010-08-17	7842.0	250.0	40.0	7084.0	7342.0	108.0	60.0	24.3	27.9	34.4	39.3
2010-08-24	8270.0	250.0	40.0	7462.0	7720.0	158.0	110.0	25.2	28.2	35.0	40.5
2010-08-31	9594.0	250.0	65.0	8686.0	8944.0	208.0	135.0	24.5	26.9	33.0	37.5
2010-09-07	7476.0	250.0	282.0	6750.0	6826.0	240.0	132.0	27.6	34.8	37.0	45.7
2010-09-14	7474.0	250.0	282.0	6880.0	6956.0	108.0	0.0	27.6	36.1	37.0	47.1
2010-09-21	7760.0	250.0	332.0	7116.0	7142.0	108.0	0.0	26.0	35.4	36.5	46.4
2010-09-28	8288.0	250.0	382.0	7644.0	7620.0	108.0	0.0	23.7	33.8	34.0	44.1
2010-10-05	6024.0	200.0	132.0	5287.0	5456.0	101.0	0.0	28.5	32.0	39.8	43.2
2010-10-12	6286.0	250.0	132.0	5499.0	5718.0	201.0	100.0	28.5	33.0	41.2	43.8
2010-10-19	6586.0	250.0	132.0	5799.0	6018.0	201.0	100.0	27.2	33.0	38.6	42.9
2010-10-26	6772.0	250.0	132.0	5999.0	6218.0	201.0	100.0	28.0	33.6	39.0	43.2
2010-11-02	4996.0	222.0	310.0	4640.0	4573.0	134.0	113.0	38.7	41.4	55.0	59.4
2010-11-09	4996.0	222.0	310.0	4640.0	4573.0	134.0	113.0	39.7	42.4	56.0	60.2
2010-11-16	5402.0	222.0	260.0	5026.0	5009.0	134.0	113.0	40.4	42.0	55.5	60.3
2010-11-23	5452.0	222.0	260.0	5076.0	5059.0	134.0	113.0	40.1	42.6	55.9	61.6
2010-11-30	5891.0	222.0	310.0	5515.0	5448.0	134.0	113.0	36.4	38.5	51.1	55.0
2010-12-07	4706.0	86.0	150.0	4333.0	4543.0	287.0	13.0	32.0	34.6	47.8	50.2
2010-12-14	5156.0	186.0	200.0	4883.0	4893.0	87.0	63.0	30.2	35.5	45.5	49.9
2010-12-21	5582.0	86.0	200.0	5259.0	5169.0	87.0	63.0	29.0	34.1	44.1	48.1
2010-12-28	6170.0	86.0	200.0	5647.0	5557.0	137.0	113.0	26.8	30.9	40.5	44.8
2011-01-04	4511.0	250.0	100.0	4048.0	4198.0	100.0	100.0	32.1	34.3	50.3	49.4
2011-01-11	5061.0	200.0	100.0	4498.0	4698.0	200.0	100.0	35.6	33.6	51.7	50.0
2011-01-18	5944.0	500.0	100.0	5031.0	5431.0	100.0	100.0	27.8	31.6	43.2	47.3
2011-01-25	6239.0	450.0	100.0	5539.0	5889.0	100.0	100.0	27.5	31.3	44.0	47.0
2011-02-01	7543.0	450.0	100.0	6483.0	6833.0	50.0	50.0	22.3	25.3	36.4	40.2
2011-02-08	5970.0	350.0	0.0	5060.0	5410.0	0.0	0.0	22.5	26.0	34.3	38.1
2011-02-15	6453.0	350.0	0.0	5393.0	5743.0	50.0	50.0	21.6	26.1	33.3	35.8
2011-02-22	7078.0	350.0	0.0	6168.0	6518.0	0.0	0.0	21.4	24.5	32.4	34.1
2011-03-01	7228.0	550.0	0.0	6268.0	6818.0	0.0	0.0	22.3	25.4	34.2	34.7
2011-03-08	4868.0	460.0	50.0	4240.0	4668.0	18.0	0.0	28.9	29.3	44.8	42.0
2011-03-15	5018.0	460.0	50.0	4408.0	4818.0	0.0	0.0	28.8	28.4	45.3	41.7
2011-03-22	5147.0	460.0	50.0	4537.0	4947.0	0.0	0.0	27.5	27.7	43.4	41.7
2011-03-29	5347.0	460.0	50.0	4737.0	5039.0	0.0	108.0	26.1	26.6	41.4	40.1
2011-04-05	3578.0	150.0	0.0	3078.0	3120.0	0.0	108.0	24.7	19.0	32.8	26.7
2011-04-12	3728.0	150.0	0.0	3228.0	3270.0	0.0	108.0	26.1	18.8	34.2	26.9
2011-04-19	3941.0	100.0	25.0	3441.0	3408.0	0.0	108.0	25.2	18.1	34.2	24.5
2011-04-26	4041.0	100.0	25.0	3541.0	3508.0	0.0	108.0	24.6	20.8	33.4	26.4
2011-05-03	3086.0	0.0	275.0	2936.0	2589.0	0.0	72.0	24.0	28.4	37.5	36.0
2011-05-10	3236.0	0.0	275.0	3086.0	2739.0	0.0	72.0	25.2	27.0	41.1	37.5
2011-05-17	3448.0	0.0	275.0	3298.0	2951.0	0.0	72.0	26.6	26.8	41.5	38.1
2011-05-24	4134.0	0.0	325.0	4034.0	3709.0	0.0	0.0	25.8	30.8	43.4	44.6
2011-05-31	4933.0	0.0	325.0	4483.0	4208.0	50.0	0.0	23.7	25.8	38.4	38.4
2011-06-07	4576.0	0.0	0.0	4176.0	4176.0	0.0	0.0	28.3	29.5	41.2	40.8
2011-06-14	4926.0	100.0	0.0	4376.0	4476.0	0.0	0.0	26.3	27.4	38.0	39.0
2011-06-21	5219.0	200.0	0.0	4519.0	4719.0	0.0	0.0	22.9	25.9	35.3	36.8
2011-06-28	5869.0	200.0	0.0	5169.0	5369.0	0.0	0.0	19.5	22.2	31.4	32.8
2011-07-05	4892.0	300.0	300.0	4592.0	4592.0	0.0	0.0	26.0	31.7	41.1	48.5
2011-07-12	5092.0	414.0	300.0	4678.0	4792.0	0.0	0.0	25.0	32.4	42.0	48.6
2011-07-19	5267.0	414.0	300.0	4753.0	4867.0	0.0	0.0	26.1	31.3	42.5	47.0
2011-07-26	6105.0	414.0	300.0	5491.0	5605.0	0.0	0.0	24.1	23.8	38.1	38.1
2011-08-02	4572.0	314.0	0.0	3958.0	4272.0	0.0	0.0	24.8	34.3	40.1	44.1
2011-08-09	4828.0	314.0	0.0	4214.0	4528.0	0.0	0.0	27.4	32.0	42.2	42.4
2011-08-16	4859.0	314.0	0.0	4245.0	4559.0	0.0	0.0	27.5	33.6	41.9	42.7
2011-08-23	5239.0	314.0	0.0	4575.0	4889.0	50.0	50.0	27.4	32.1	40.8	41.6
2011-08-30	5352.0	264.0	0.0	4738.0	5002.0	50.0	50.0	27.8	35.1	41.8	44.5
2011-09-06	4577.0	214.0	250.0	4278.0	4327.0	85.0	0.0	28.7	30.0	37.9	37.2
2011-09-13	4914.0	214.0	250.0	4615.0	4664.0	85.0	0.0	27.8	26.9	38.8	36.7
2011-09-20	5920.0	214.0	250.0	5663.0	5544.0	43.0	126.0	29.1	29.5	41.9	39.9
2011-09-27	6321.0	214.0	250.0	6064.0	5945.0	43.0	126.0	28.2	27.6	40.0	37.6
2011-10-04	5048.0	100.0	0.0	4915.0	4902.0	33.0	146.0	39.2	48.0	50.8	59.1
2011-10-11	5541.0	100.0	0.0	5408.0	5395.0	33.0	146.0	35.8	46.5	48.1	56.6
2011-10-18	6370.0	100.0	0.0	6237.0	6350.0	33.0	20.0	31.9	45.1	42.6	53.9
2011-10-25	6820.0	100.0	0.0	6687.0	6800.0	33.0	20.0	29.0	40.7	41.3	48.9
2011-11-01	7082.0	100.0	0.0	6949.0	7062.0	33.0	20.0	28.0	37.8	39.7	46.4
2011-11-08	5994.0	0.0	0.0	5974.0	5974.0	20.0	20.0	36.9	32.8	48.5	48.6
2011-11-15	6394.0	0.0	0.0	6374.0	6374.0	20.0	20.0	34.5	33.1	46.2	48.0
2011-11-22	6594.0	0.0	170.0	6574.0	6404.0	20.0	20.0	33.5	29.8	45.9	45.3
2011-11-29	8504.0	400.0	507.0	8034.0	7927.0	20.0	20.0	27.2	22.6	41.0	39.7
2011-12-06	7164.0	400.0	633.0	6544.0	6311.0	20.0	20.0	37.9	30.0	48.7	44.2
2011-12-13	7339.0	400.0	633.0	6769.0	6536.0	20.0	20.0	37.7	28.6	48.3	41.2
2011-12-20	7730.0	400.0	868.0	7210.0	6742.0	20.0	20.0	33.8	29.5	48.4	40.7
2011-12-27	8330.0	450.0	1120.0	7760.0	7090.0	20.0	20.0	32.3	29.1	46.4	39.3
2012-01-03	8413.0	450.0	1120.0	7843.0	7173.0	20.0	20.0	32.9	29.5	46.9	39.9
2012-01-10	6517.0	350.0	1168.0	6111.0	5291.0	56.0	58.0	33.7	36.9	48.5	47.6
2012-01-17	7313.0	296.0	1168.0	6757.0	5891.0	56.0	50.0	30.5	35.0	44.0	45.8
2012-01-24	7359.0	296.0	1168.0	6803.0	5937.0	56.0	50.0	30.3	34.6	43.8	45.5
2012-01-31	7827.0	396.0	1636.0	7171.0	5937.0	56.0	50.0	27.3	34.0	42.7	47.6
2012-02-07	7790.0	296.0	1689.0	7184.0	5797.0	56.0	50.0	36.8	38.8	52.1	59.3
2012-02-14	8611.0	296.0	1689.0	8005.0	6618.0	56.0	50.0	33.3	34.7	47.9	53.8
2012-02-21	9594.0	296.0	1980.0	8988.0	7310.0	56.0	50.0	34.9	34.2	49.0	53.2
2012-02-28	10098.0	296.0	1980.0	9492.0	7814.0	56.0	50.0	33.9	34.1	47.3	52.8
2012-03-06	8637.0	146.0	1897.0	8162.0	6436.0	75.0	50.0	36.0	35.5	50.7	52.6
2012-03-13	9136.0	146.0	2515.0	8491.0	6267.0	195.0	50.0	33.8	40.3	49.0	57.2
2012-03-20	9239.0	104.0	2593.0	8636.0	6292.0	195.0	50.0	34.2	40.7	49.7	57.4
2012-03-27	9594.0	104.0	2749.0	8991.0	6491.0	195.0	50.0	33.7	40.8	48.6	56.4
2012-04-03	8559.0	54.0	2883.0	7924.0	5372.0	327.0	50.0	42.2	47.9	57.5	64.3
2012-04-10	8991.0	74.0	2958.0	8335.0	5733.0	332.0	50.0	40.2	46.4	55.4	61.8
2012-04-17	9496.0	74.0	3043.0	8840.0	6183.0	332.0	20.0	38.1	44.8	52.5	59.4
2012-04-24	9712.0	74.0	3043.0	9164.0	6360.0	224.0	59.0	36.7	43.8	51.7	57.2
2012-05-01	9728.0	74.0	3043.0	9164.0	6376.0	240.0	59.0	36.7	43.8	51.6	57.3
2012-05-08	8298.0	24.0	2264.0	7812.0	5725.0	212.0	59.0	36.6	44.8	48.9	58.5
2012-05-15	9523.0	24.0	2985.0	9037.0	6213.0	212.0	75.0	41.3	46.6	53.3	60.5
2012-05-22	9773.0	24.0	2985.0	9287.0	6463.0	212.0	75.0	40.8	46.5	53.0	60.0
2012-05-29	10299.0	24.0	3079.0	9813.0	6763.0	212.0	207.0	38.7	45.5	50.6	57.9
2012-06-05	8505.0	70.0	2240.0	8063.0	5854.0	168.0	207.0	40.7	43.0	52.7	56.4
2012-06-12	9122.0	70.0	2496.0	8680.0	6215.0	168.0	207.0	38.5	40.1	50.4	52.1
2012-06-19	9591.0	70.0	2240.0	9134.0	6940.0	183.0	207.0	36.6	38.7	49.0	48.5
2012-06-26	9597.0	70.0	2240.0	9090.0	6896.0	233.0	257.0	34.7	37.6	46.8	47.1
2012-07-03	7869.0	66.0	1941.0	7439.0	5537.0	160.0	187.0	39.4	41.7	52.1	53.7
2012-07-10	8269.0	66.0	2058.0	7826.0	5820.0	173.0	187.0	41.0	38.9	53.8	55.4
2012-07-17	8301.0	66.0	2002.0	7858.0	5908.0	173.0	187.0	40.9	38.3	53.6	54.0
2012-07-24	8594.0	66.0	2313.0	8105.0	5835.0	173.0	196.0	37.8	37.9	53.0	55.2
2012-07-31	9645.0	66.0	2313.0	9156.0	6886.0	173.0	196.0	34.2	33.6	47.7	49.0
2012-08-07	9206.0	62.0	2903.0	8685.0	5798.0	209.0	255.0	37.3	40.2	54.5	58.9
2012-08-14	9645.0	62.0	3067.0	9149.0	6098.0	134.0	180.0	35.6	40.1	52.1	58.1
2012-08-21	10198.0	62.0	3371.0	9703.0	6373.0	120.0	141.0	34.2	40.3	51.4	58.0
2012-08-28	12695.0	62.0	4543.0	12200.0	7698.0	120.0	141.0	37.1	41.6	51.3	58.7
2012-09-04	13988.0	62.0	5515.0	13458.0	7984.0	120.0	141.0	36.4	43.7	49.9	57.2
2012-09-11	12630.0	156.0	5910.0	12065.0	6290.0	120.0	141.0	40.9	51.0	60.6	64.6
2012-09-18	12955.0	156.0	6130.0	12390.0	6395.0	120.0	141.0	42.4	51.4	61.0	65.3
2012-09-25	13899.0	156.0	6480.0	13334.0	6989.0	120.0	141.0	41.5	51.7	59.9	63.9
2012-10-02	11669.0	102.0	6389.0	11278.0	4826.0	0.0	165.0	44.2	56.9	59.4	67.5
2012-10-09	12630.0	102.0	6838.0	12239.0	5338.0	0.0	165.0	44.8	56.1	57.6	67.3
2012-10-16	13221.0	102.0	6982.0	12830.0	5785.0	0.0	165.0	44.6	55.6	57.5	68.5
2012-10-23	13853.0	102.0	7326.0	13412.0	6073.0	0.0	115.0	43.5	56.4	56.4	67.7
2012-10-30	13868.0	102.0	7030.0	13427.0	6334.0	0.0	165.0	39.1	56.4	53.9	66.3
2012-11-06	11226.0	25.0	4917.0	10880.0	5834.0	0.0	154.0	39.2	56.1	59.3	68.3
2012-11-13	11507.0	100.0	4817.0	11086.0	6215.0	0.0	154.0	37.8	54.7	56.8	66.4
2012-11-20	11707.0	0.0	4767.0	11386.0	6465.0	0.0	154.0	37.4	55.5	56.4	67.0
2012-11-27	12063.0	0.0	4929.0	11742.0	6659.0	0.0	154.0	38.1	58.3	57.1	69.5
2012-12-04	9214.0	50.0	2992.0	8864.0	5752.0	0.0	170.0	40.5	53.3	59.0	67.1
2012-12-11	9691.0	50.0	2992.0	9341.0	6202.0	0.0	197.0	36.7	47.6	53.2	60.7
2012-12-18	10218.0	50.0	3162.0	9668.0	6359.0	0.0	197.0	35.7	47.3	51.3	59.1
2012-12-24	10455.0	150.0	3322.0	9837.0	6468.0	0.0	197.0	35.3	49.4	51.4	60.5
2012-12-31	10557.0	150.0	3545.0	9971.0	6379.0	0.0	197.0	36.4	53.9	53.8	64.5
2013-01-08	6560.0	439.0	1267.0	5984.0	4802.0	0.0	354.0	29.5	50.3	46.0	61.4
2013-01-15	7023.0	439.0	1547.0	6447.0	4985.0	0.0	354.0	30.7	51.6	48.9	61.4
2013-01-22	7777.0	389.0	1764.0	7111.0	5472.0	90.0	354.0	30.9	48.1	46.3	55.6
2013-01-29	8699.0	439.0	2071.0	7815.0	5919.0	108.0	372.0	30.7	46.1	45.5	54.0
2013-02-05	7258.0	156.0	2172.0	6761.0	4516.0	154.0	383.0	31.6	38.6	46.1	46.9
2013-02-12	7338.0	256.0	2211.0	6750.0	4566.0	145.0	374.0	31.8	41.4	46.8	49.6
2013-02-19	7524.0	356.0	2406.0	6836.0	4530.0	145.0	401.0	34.3	45.7	50.8	54.4
2013-02-26	7542.0	356.0	2601.0	6854.0	4353.0	145.0	401.0	34.6	46.0	51.2	54.7
2013-03-05	5642.0	217.0	2464.0	5171.0	2739.0	161.0	346.0	52.4	55.5	66.7	65.3
2013-03-12	5775.0	217.0	2564.0	5304.0	2772.0	161.0	346.0	49.9	54.2	66.6	64.5
2013-03-19	5961.0	167.0	2468.0	5537.0	2976.0	164.0	424.0	48.1	54.6	67.9	65.3
2013-03-26	7866.0	429.0	2468.0	7057.0	4761.0	137.0	394.0	35.5	40.2	50.1	49.1
2013-04-02	7337.0	182.0	2229.0	6540.0	4349.0	120.0	264.0	33.0	42.6	49.4	51.9
2013-04-09	7583.0	102.0	2298.0	6952.0	4526.0	84.0	314.0	34.0	42.6	50.8	52.9
2013-04-16	7947.0	82.0	2298.0	7242.0	4748.0	84.0	362.0	32.9	41.7	48.9	50.0
2013-04-23	9042.0	322.0	2329.0	8047.0	5762.0	84.0	362.0	29.4	37.0	44.8	47.0
2013-04-30	9029.0	334.0	2391.0	8072.0	5737.0	84.0	362.0	28.9	37.6	44.2	46.5
2013-05-07	6232.0	380.0	1973.0	5580.0	3743.0	78.0	322.0	38.3	41.4	56.0	55.5
2013-05-14	6831.0	450.0	2141.0	5897.0	3962.0	78.0	322.0	36.5	39.0	52.5	52.1
2013-05-21	7692.0	300.0	2204.0	6758.0	4610.0	78.0	322.0	32.6	38.3	48.6	49.7
2013-05-28	8319.0	417.0	2163.0	7164.0	5174.0	78.0	322.0	31.0	37.8	44.9	48.6
2013-06-04	7426.0	431.0	1467.0	6300.0	5027.0	57.0	294.0	30.0	40.1	40.3	48.7
2013-06-11	8182.0	444.0	1505.0	7094.0	5796.0	57.0	294.0	28.3	36.4	38.5	46.0
2013-06-18	8002.0	344.0	1505.0	6979.0	5566.0	42.0	294.0	28.9	34.1	39.0	43.9
2013-06-25	7636.0	394.0	1905.0	6759.0	4996.0	42.0	294.0	29.0	32.6	37.9	42.5
2013-07-02	6082.0	606.0	1274.0	5030.0	4132.0	36.0	266.0	29.0	41.2	42.1	54.7
2013-07-09	6125.0	506.0	1274.0	5173.0	4175.0	36.0	266.0	31.0	39.2	43.9	53.0
2013-07-16	6930.0	456.0	1300.0	6078.0	5004.0	36.0	266.0	32.6	36.6	46.2	52.6
2013-07-23	6932.0	441.0	1437.0	6180.0	4935.0	36.0	285.0	32.9	35.9	47.1	51.9
2013-07-30	7438.0	441.0	1726.0	6505.0	5052.0	117.0	285.0	29.3	36.6	42.5	50.3
2013-08-06	6288.0	524.0	1477.0	5496.0	4412.0	118.0	249.0	31.4	40.2	43.2	53.4
2013-08-13	6510.0	724.0	1514.0	5518.0	4597.0	118.0	249.0	30.6	40.9	42.8	52.6
2013-08-20	6611.0	866.0	1634.0	5519.0	4620.0	118.0	249.0	31.4	45.1	45.7	56.7
2013-08-27	7871.0	937.0	1736.0	6679.0	5728.0	97.0	249.0	27.5	37.9	40.5	48.0
2013-09-03	10025.0	1058.0	1929.0	8573.0	7678.0	136.0	160.0	23.2	38.2	34.5	46.9
2013-09-10	9341.0	964.0	1983.0	7956.0	6975.0	113.0	75.0	21.7	38.7	34.8	44.7
2013-09-17	9245.0	644.0	1807.0	7831.0	6706.0	113.0	75.0	21.0	34.0	33.4	40.9
2013-09-24	10241.0	472.0	1759.0	8227.0	6978.0	113.0	75.0	19.0	21.5	28.9	28.8
2013-10-01	11065.0	472.0	1669.0	8721.0	7562.0	113.0	75.0	17.1	19.0	26.3	25.8
2013-10-08	9677.0	261.0	1893.0	7767.0	6169.0	90.0	56.0	24.7	23.7	31.5	30.4
2013-10-15	9864.0	311.0	1743.0	7804.0	6406.0	90.0	56.0	24.7	21.7	32.0	28.3
2013-10-22	9985.0	311.0	1538.0	7925.0	6732.0	90.0	56.0	24.4	23.3	32.1	29.8
2013-10-29	10099.0	311.0	1705.0	8139.0	6779.0	140.0	106.0	24.2	23.3	32.9	31.5
2013-11-05	7319.0	550.0	746.0	5809.0	5585.0	110.0	138.0	29.4	30.5	39.7	39.7
2013-11-12	7395.0	548.0	836.0	5837.0	5437.0	110.0	222.0	29.1	30.1	38.6	39.7
2013-11-19	7795.0	798.0	836.0	6037.0	5887.0	60.0	172.0	28.9	28.0	40.5	40.5
2013-11-26	8050.0	1098.0	836.0	6142.0	6292.0	60.0	172.0	31.7	31.8	43.5	44.2
2013-12-03	7122.0	1148.0	258.0	5594.0	6363.0	30.0	151.0	33.0	44.0	44.9	51.9
2013-12-10	7528.0	998.0	386.0	6100.0	6591.0	30.0	151.0	30.3	36.4	40.1	44.8
2013-12-17	7969.0	990.0	629.0	6549.0	6789.0	30.0	151.0	29.2	33.7	39.9	43.1
2013-12-24	8440.0	1161.0	773.0	6799.0	7066.0	30.0	151.0	30.3	34.8	40.5	45.4
2014-01-07	7598.0	1011.0	671.0	6105.0	6443.0	132.0	134.0	30.4	26.8	36.7	36.9
2014-01-14	7409.0	1011.0	685.0	6016.0	6340.0	132.0	134.0	32.7	26.1	39.2	37.9
2014-01-21	7956.0	1111.0	685.0	6216.0	6640.0	132.0	134.0	31.7	26.2	37.8	37.1
2014-01-28	8680.0	1161.0	752.0	6719.0	7078.0	0.0	50.0	30.4	24.5	38.2	35.1
2014-02-04	7610.0	683.0	674.0	6167.0	6186.0	60.0	50.0	26.9	23.9	36.2	37.6
2014-02-11	8506.0	983.0	716.0	6763.0	6924.0	60.0	166.0	28.1	27.1	37.9	39.7
2014-02-18	8885.0	1033.0	894.0	7162.0	7175.0	40.0	166.0	27.5	28.5	37.6	40.6
2014-02-25	9560.0	1283.0	1176.0	7687.0	7688.0	40.0	146.0	27.9	31.5	38.8	42.6
2014-03-04	8269.0	1833.0	1242.0	6379.0	6881.0	57.0	146.0	35.3	38.6	50.2	49.0
2014-03-11	8705.0	1543.0	1378.0	6905.0	6981.0	57.0	146.0	31.2	31.4	45.8	41.1
2014-03-18	8555.0	1443.0	1378.0	6930.0	6881.0	32.0	146.0	30.0	28.1	44.8	38.6
2014-03-25	8519.0	1543.0	1378.0	6694.0	6745.0	32.0	146.0	31.3	27.6	46.2	38.1
2014-04-01	8817.0	1743.0	1378.0	6942.0	7193.0	32.0	146.0	33.7	29.5	48.0	41.4
2014-04-08	7412.0	1060.0	1378.0	6303.0	5888.0	49.0	146.0	38.1	41.6	56.0	55.7
2014-04-15	7426.0	1110.0	1378.0	6267.0	5902.0	49.0	146.0	38.7	41.5	55.9	55.6
2014-04-22	7775.0	1160.0	1450.0	6566.0	6179.0	49.0	146.0	38.8	43.8	55.3	56.6
2014-04-29	8972.0	1210.0	1594.0	7713.0	7232.0	49.0	146.0	35.0	41.8	50.6	52.9
2014-05-06	7257.0	900.0	1197.0	6291.0	5914.0	16.0	96.0	33.6	39.5	47.1	52.8
2014-05-13	7384.0	850.0	1197.0	6418.0	5991.0	16.0	96.0	31.6	36.8	44.2	50.2
2014-05-20	8371.0	950.0	1159.0	6905.0	6616.0	16.0	96.0	29.3	36.1	40.3	47.4
2014-05-27	8602.0	1200.0	1159.0	6936.0	6897.0	16.0	96.0	31.4	39.8	42.2	49.6
2014-06-03	6387.0	250.0	769.0	5649.0	5072.0	38.0	96.0	35.1	44.9	46.6	58.4
2014-06-10	6260.0	150.0	1011.0	5537.0	4610.0	165.0	231.0	33.4	34.6	44.5	47.8
2014-06-17	6480.0	150.0	983.0	5657.0	4758.0	165.0	231.0	32.8	34.6	44.2	49.4
2014-06-24	7485.0	200.0	1090.0	6512.0	5556.0	165.0	231.0	28.4	32.7	40.0	46.2
2014-07-01	8304.0	150.0	1240.0	6981.0	5815.0	165.0	241.0	25.6	29.5	36.0	38.5
2014-07-08	6770.0	450.0	945.0	5105.0	4534.0	165.0	241.0	30.1	36.9	43.7	49.3
2014-07-15	6720.0	477.0	995.0	5078.0	4484.0	165.0	241.0	30.3	37.9	44.0	50.7
2014-07-22	7230.0	972.0	1045.0	5228.0	5079.0	30.0	106.0	31.5	34.5	46.0	51.0
2014-07-29	7630.0	1022.0	845.0	5378.0	5469.0	30.0	116.0	30.5	32.6	44.2	49.7
2014-08-05	5474.0	1107.0	834.0	3746.0	4024.0	121.0	116.0	41.3	40.4	57.7	62.4
2014-08-12	5424.0	1057.0	834.0	3746.0	3974.0	121.0	116.0	40.8	40.8	56.4	59.3
2014-08-19	5476.0	1007.0	934.0	3848.0	3788.0	121.0	254.0	42.9	40.4	58.1	58.7
2014-08-26	5476.0	907.0	934.0	3848.0	3688.0	121.0	254.0	42.9	40.4	58.1	57.8
2014-09-02	5656.0	1087.0	1134.0	3848.0	3668.0	121.0	254.0	44.7	42.3	59.7	60.9
2014-09-09	4412.0	815.0	873.0	3051.0	2855.0	96.0	234.0	45.7	46.2	58.3	58.9
2014-09-16	4412.0	815.0	923.0	3051.0	2805.0	96.0	234.0	48.0	47.3	60.6	60.0
2014-09-23	4362.0	765.0	873.0	3051.0	2805.0	96.0	234.0	49.7	46.7	61.3	59.6
2014-09-30	4612.0	765.0	673.0	3151.0	3105.0	96.0	234.0	42.6	39.9	51.5	52.0
2014-10-07	4403.0	750.0	150.0	2857.0	3415.0	96.0	138.0	39.0	48.8	50.4	53.3
2014-10-14	4303.0	600.0	150.0	2857.0	3265.0	96.0	138.0	38.7	45.3	46.9	49.9
2014-10-21	4003.0	550.0	300.0	2757.0	2965.0	96.0	138.0	41.6	40.0	49.9	49.5
2014-10-28	4553.0	550.0	350.0	3107.0	3265.0	96.0	138.0	36.6	37.3	45.0	44.9
2014-11-04	4831.0	735.0	100.0	3100.0	3713.0	96.0	118.0	28.3	46.3	41.2	49.3
2014-11-11	5275.0	485.0	250.0	3644.0	3857.0	96.0	118.0	24.0	32.9	34.0	37.6
2014-11-18	5305.0	485.0	528.0	3674.0	3727.0	96.0	0.0	23.5	31.8	32.8	39.8
2014-11-25	5255.0	632.0	578.0	3397.0	3547.0	96.0	0.0	21.4	32.1	32.4	40.1
2014-12-02	5471.0	1075.0	356.0	3320.0	4135.0	96.0	0.0	21.9	35.6	33.8	43.5
2014-12-09	5621.0	1175.0	356.0	3370.0	4285.0	96.0	0.0	22.2	36.4	34.7	44.1
2014-12-16	5421.0	925.0	406.0	3420.0	4035.0	96.0	0.0	22.1	32.2	33.2	40.2
2014-12-23	5571.0	925.0	706.0	3620.0	3935.0	96.0	0.0	21.5	29.1	33.2	40.6
2014-12-30	5421.0	925.0	556.0	3470.0	3935.0	96.0	0.0	22.1	29.9	33.2	40.2
2015-01-06	4421.0	790.0	478.0	2696.0	3047.0	135.0	96.0	24.7	31.3	33.0	38.4
2015-01-13	4621.0	790.0	728.0	2946.0	3047.0	135.0	96.0	23.6	26.1	30.5	35.6
2015-01-20	4571.0	790.0	728.0	2946.0	3047.0	135.0	96.0	23.8	26.4	30.8	35.0
2015-01-27	4541.0	840.0	678.0	2866.0	3067.0	135.0	96.0	24.0	27.6	32.1	36.4
2015-02-03	4240.0	605.0	637.0	2829.0	2820.0	106.0	83.0	19.0	23.3	27.9	30.6
2015-02-10	3990.0	605.0	737.0	2779.0	2670.0	106.0	83.0	20.2	26.1	29.7	32.6
2015-02-17	4583.0	605.0	1309.0	3372.0	2691.0	106.0	83.0	23.5	32.6	35.0	41.9
2015-02-24	4744.0	658.0	1191.0	3380.0	2870.0	106.0	83.0	21.5	27.9	32.4	38.0
2015-03-03	4204.0	535.0	1245.0	3292.0	2525.0	77.0	134.0	24.4	35.7	34.1	40.9
2015-03-10	4569.0	535.0	1560.0	3657.0	2575.0	77.0	134.0	22.7	39.8	37.3	44.5
2015-03-17	5025.0	535.0	1766.0	4113.0	2825.0	77.0	134.0	26.8	43.2	40.0	47.6
2015-03-24	5136.0	588.0	1877.0	4171.0	2825.0	77.0	134.0	27.3	43.5	41.3	48.7
2015-03-31	5745.0	738.0	2441.0	4730.0	3022.0	77.0	82.0	34.7	48.6	48.4	59.4
2015-04-07	4418.0	573.0	1535.0	3547.0	2557.0	48.0	76.0	37.8	42.0	50.6	55.3
2015-04-14	4418.0	573.0	1535.0	3547.0	2557.0	48.0	76.0	37.8	42.0	50.6	55.3
2015-04-21	4518.0	573.0	1435.0	3547.0	2657.0	48.0	76.0	37.0	39.7	48.5	51.8
2015-04-28	4830.0	573.0	1497.0	3759.0	2807.0	48.0	76.0	36.8	39.3	47.5	49.6
2015-05-05	3839.0	451.0	1158.0	2906.0	2177.0	32.0	54.0	28.5	34.1	37.7	38.5
2015-06-09	4224.0	310.0	1178.0	3298.0	2424.0	166.0	172.0	30.6	32.7	38.0	38.8
2015-06-16	4424.0	310.0	1128.0	3448.0	2624.0	166.0	172.0	31.5	33.5	39.6	41.6
2015-06-23	4474.0	310.0	1178.0	3548.0	2674.0	166.0	172.0	34.0	36.5	42.6	44.5
2015-06-30	4548.0	310.0	1103.0	3535.0	2711.0	203.0	234.0	32.3	34.8	40.8	42.7
2015-07-07	3128.0	136.0	684.0	2415.0	1867.0	227.0	227.0	48.5	52.0	60.0	60.0
2015-07-14	3337.0	186.0	843.0	2574.0	1917.0	227.0	227.0	48.9	53.6	59.5	61.0
2015-07-21	3137.0	136.0	943.0	2524.0	1717.0	227.0	227.0	51.6	55.4	66.5	64.9
2015-07-28	3137.0	136.0	993.0	2524.0	1667.0	227.0	227.0	53.2	55.4	68.1	66.5
2015-08-18	2934.0	486.0	892.0	2228.0	1785.0	170.0	207.0	58.2	63.2	77.3	78.7
2015-08-25	2934.0	486.0	892.0	2228.0	1785.0	170.0	207.0	58.2	63.2	77.3	78.7
2015-09-01	2934.0	486.0	892.0	2228.0	1785.0	170.0	207.0	58.2	63.2	77.3	78.7
