2007-06-12	10795.0	1400.0	0.0	8905.0	10405.0	460.0	360.0	55.7	58.8	67.3	70.6
2007-06-19	11030.0	1505.0	0.0	9110.0	10730.0	415.0	300.0	55.6	62.2	67.7	72.0
2007-06-26	9975.0	1340.0	0.0	8100.0	9660.0	505.0	285.0	55.7	64.4	71.9	77.5
2007-07-03	10729.0	1053.0	0.0	8900.0	10037.0	461.0	377.0	48.7	60.6	68.1	72.4
2007-07-10	10817.0	888.0	0.0	9035.0	9932.0	444.0	435.0	47.0	59.7	67.4	71.3
2007-09-25	11592.0	798.0	0.0	9725.0	10617.0	394.0	300.0	48.3	61.0	63.0	69.0
2007-10-23	11359.0	110.0	0.0	10073.0	10504.0	741.0	420.0	54.2	70.9	70.9	75.1
2007-11-06	11536.0	198.0	0.0	10012.0	10875.0	1086.0	421.0	52.2	69.3	68.5	77.3
2007-11-13	11446.0	363.0	0.0	9877.0	10615.0	1026.0	651.0	51.9	70.5	68.5	77.2
2007-11-27	11495.0	33.0	350.0	10481.0	10439.0	981.0	706.0	51.3	70.7	69.8	77.6
2007-12-04	11188.0	136.0	345.0	10011.0	10467.0	1041.0	376.0	51.3	71.0	69.0	81.9
2007-12-11	11323.0	31.0	0.0	10026.0	10782.0	1266.0	541.0	50.2	68.5	65.6	78.0
2007-12-18	11136.0	31.0	0.0	10259.0	10805.0	846.0	331.0	50.1	68.8	64.9	76.7
2007-12-24	11061.0	31.0	0.0	10244.0	10715.0	786.0	346.0	47.8	67.8	63.3	75.6
2007-12-31	10786.0	31.0	0.0	10029.0	10510.0	726.0	276.0	47.6	68.1	64.3	76.0
2008-01-08	10701.0	76.0	0.0	9749.0	10560.0	846.0	111.0	45.8	66.1	63.2	74.5
2008-01-15	10711.0	31.0	0.0	9234.0	10345.0	1446.0	366.0	46.3	67.8	63.5	77.3
2008-01-22	10726.0	31.0	0.0	9399.0	10375.0	1296.0	351.0	48.3	68.2	64.7	77.8
2008-02-05	9512.0	0.0	0.0	9245.0	8915.0	267.0	597.0	52.9	72.2	73.2	76.7
2010-09-28	7400.0	1005.0	405.0	6210.0	6675.0	185.0	320.0	57.0	49.3	65.4	63.2
2010-10-05	7615.0	1005.0	390.0	6490.0	6910.0	120.0	315.0	65.9	49.6	72.9	65.2
2010-10-12	7915.0	1005.0	465.0	6685.0	7170.0	150.0	205.0	66.9	50.0	75.1	68.4
2010-10-19	8110.0	1005.0	315.0	6715.0	7210.0	345.0	540.0	68.9	49.0	72.7	65.7
2010-10-26	7545.0	915.0	270.0	6420.0	7005.0	195.0	255.0	64.1	48.3	72.5	64.9
2010-11-02	7630.0	915.0	240.0	6475.0	7110.0	195.0	235.0	64.9	47.8	73.5	66.4
2010-11-09	7495.0	915.0	390.0	6430.0	6870.0	150.0	235.0	64.6	48.2	73.3	66.8
2010-11-16	7620.0	915.0	390.0	6570.0	7095.0	135.0	135.0	61.9	50.1	72.2	67.8
2010-11-23	7760.0	915.0	390.0	6650.0	7220.0	195.0	150.0	61.3	48.0	72.2	69.7
2011-01-04	8205.0	390.0	165.0	7515.0	7490.0	180.0	430.0	60.4	46.0	69.5	65.0
2011-01-11	7985.0	390.0	135.0	7325.0	7300.0	180.0	460.0	63.3	47.3	73.5	66.6
2011-01-18	8340.0	390.0	105.0	7470.0	7450.0	375.0	680.0	57.1	45.1	67.9	64.5
2011-02-01	8125.0	390.0	105.0	7510.0	7560.0	225.0	460.0	49.7	42.5	61.3	60.2
2011-02-22	8075.0	390.0	90.0	7265.0	7440.0	420.0	545.0	45.8	38.3	57.0	59.8
2011-03-01	8020.0	390.0	0.0	7390.0	7605.0	240.0	415.0	43.8	38.6	54.6	58.0
2011-03-08	7760.0	390.0	0.0	7165.0	7295.0	205.0	465.0	44.0	35.5	53.9	57.2
2011-03-15	7775.0	330.0	180.0	7240.0	7235.0	205.0	360.0	42.9	32.9	52.1	53.6
2011-03-22	7680.0	330.0	120.0	6870.0	7005.0	465.0	540.0	45.9	32.0	55.3	51.8
2011-03-29	7675.0	330.0	120.0	7000.0	7140.0	345.0	415.0	47.0	32.9	56.7	51.3
2011-04-05	7525.0	330.0	120.0	6820.0	6705.0	375.0	700.0	47.2	33.0	58.2	50.9
2011-04-12	7505.0	330.0	105.0	6710.0	6845.0	465.0	555.0	48.1	34.6	60.8	52.9
2011-04-19	7490.0	285.0	90.0	6725.0	6905.0	465.0	480.0	46.7	34.6	60.9	53.2
2011-04-26	7785.0	285.0	115.0	6875.0	6965.0	550.0	630.0	46.6	33.3	59.2	51.4
2011-05-03	7810.0	285.0	45.0	7080.0	7255.0	355.0	420.0	45.1	32.2	58.4	49.7
2011-05-10	7540.0	285.0	45.0	6765.0	7000.0	370.0	375.0	43.7	33.4	58.1	50.2
2011-05-17	7630.0	285.0	30.0	6695.0	7020.0	530.0	460.0	42.8	33.4	55.4	50.7
2011-05-24	7080.0	285.0	30.0	6360.0	6530.0	315.0	400.0	48.4	34.7	59.9	54.0
2011-05-31	7020.0	285.0	30.0	6305.0	6480.0	340.0	420.0	48.4	34.4	59.3	52.9
2011-06-07	6930.0	285.0	15.0	6170.0	6315.0	370.0	495.0	47.6	34.5	57.7	50.6
2011-09-13	6935.0	270.0	170.0	6145.0	6115.0	225.0	355.0	63.8	37.6	68.4	58.1
2011-10-25	6655.0	0.0	45.0	6045.0	6200.0	505.0	305.0	58.4	49.0	63.3	64.0
2012-03-06	6965.0	30.0	540.0	6515.0	5855.0	330.0	480.0	77.5	46.7	81.0	66.3
2012-04-03	7475.0	240.0	485.0	6875.0	6035.0	300.0	895.0	68.6	41.5	77.2	61.3
2012-04-10	7565.0	240.0	500.0	6980.0	6080.0	285.0	925.0	68.8	40.4	77.1	60.7
2012-06-26	7110.0	750.0	975.0	5865.0	5015.0	480.0	1105.0	68.8	36.3	72.2	53.5
2012-08-07	7025.0	900.0	75.0	5660.0	6115.0	390.0	760.0	62.2	41.9	67.5	59.0
2012-08-21	7070.0	1020.0	120.0	5210.0	5880.0	765.0	995.0	54.8	46.1	58.2	54.7
2012-08-28	7065.0	1005.0	165.0	5235.0	6105.0	765.0	735.0	57.5	47.5	61.9	59.0
2012-09-04	6460.0	495.0	0.0	5200.0	5485.0	765.0	975.0	57.0	46.9	62.1	57.9
2012-09-11	6625.0	570.0	0.0	5170.0	5845.0	885.0	780.0	54.7	48.5	61.7	60.6
2012-09-18	6700.0	585.0	0.0	5245.0	5935.0	870.0	765.0	56.3	49.7	62.8	61.9
2012-10-02	6895.0	855.0	0.0	5125.0	6045.0	825.0	760.0	52.9	49.3	62.3	62.0
2012-10-09	7110.0	1250.0	0.0	5245.0	6230.0	510.0	775.0	51.1	48.2	65.9	61.0
2012-10-16	7695.0	1315.0	0.0	5700.0	6855.0	570.0	730.0	47.3	44.9	61.0	57.4
2012-10-23	7825.0	1399.0	0.0	5720.0	6915.0	518.0	722.0	47.7	44.9	57.7	57.0
2012-10-30	7745.0	1539.0	0.0	5480.0	6705.0	513.0	827.0	42.9	43.6	54.9	54.3
2012-11-06	7800.0	1734.0	0.0	5295.0	6955.0	603.0	677.0	40.8	43.3	56.6	57.3
2012-11-13	7920.0	1749.0	0.0	5445.0	7200.0	543.0	537.0	38.1	40.0	53.6	56.4
2012-11-20	7905.0	1614.0	0.0	5490.0	7065.0	558.0	597.0	38.3	38.8	52.0	54.6
2012-11-27	7990.0	1659.0	0.0	5590.0	7145.0	468.0	572.0	39.0	38.6	52.7	54.5
2012-12-04	7745.0	1764.0	0.0	5300.0	6770.0	453.0	747.0	37.6	36.9	52.0	52.6
2012-12-11	7610.0	1649.0	30.0	5060.0	6685.0	348.0	342.0	39.3	37.3	50.4	52.2
2012-12-18	7675.0	1699.0	30.0	4615.0	6455.0	588.0	417.0	39.3	38.0	50.6	52.8
2012-12-24	7655.0	1729.0	270.0	4695.0	6375.0	548.0	327.0	40.0	38.1	53.0	54.3
2012-12-31	7535.0	1739.0	310.0	4585.0	6270.0	578.0	322.0	39.5	37.6	52.9	54.3
2013-01-08	7170.0	1779.0	310.0	4440.0	5995.0	513.0	427.0	42.6	39.7	57.4	57.5
2013-02-05	7405.0	1662.0	350.0	4915.0	6060.0	330.0	497.0	34.4	41.0	51.0	53.6
2013-02-12	7160.0	1635.0	350.0	4790.0	5890.0	243.0	428.0	34.4	42.1	50.8	55.3
2013-02-19	7340.0	1830.0	350.0	4850.0	6085.0	240.0	485.0	33.2	39.5	46.1	51.1
2013-02-26	7750.0	1920.0	390.0	5150.0	6640.0	315.0	355.0	31.2	36.7	44.1	48.9
2013-03-05	7565.0	1905.0	390.0	5080.0	6525.0	250.0	320.0	28.8	35.8	42.6	46.1
2013-03-12	7975.0	2255.0	390.0	5125.0	6840.0	205.0	355.0	30.0	35.9	42.6	45.8
2013-03-19	7655.0	2300.0	390.0	4690.0	6365.0	215.0	450.0	31.8	34.5	44.8	43.6
2013-03-26	6890.0	2255.0	425.0	4055.0	5750.0	165.0	300.0	41.2	39.7	54.6	52.5
2013-04-02	6815.0	2240.0	515.0	4025.0	5620.0	120.0	250.0	43.6	40.4	56.3	54.5
2013-04-09	6905.0	2520.0	425.0	3765.0	5830.0	205.0	235.0	41.0	39.8	55.5	58.4
2013-04-16	7025.0	2505.0	440.0	3765.0	5950.0	340.0	220.0	41.6	41.8	55.4	60.6
2013-04-23	7285.0	2640.0	440.0	3895.0	6285.0	335.0	145.0	42.6	41.5	55.7	60.4
2013-04-30	7280.0	2550.0	475.0	4075.0	6195.0	200.0	155.0	41.3	42.0	55.0	61.5
2013-05-07	7265.0	2610.0	460.0	4045.0	6180.0	200.0	215.0	39.3	41.2	53.7	60.6
2013-05-14	7205.0	2585.0	460.0	3985.0	6120.0	165.0	155.0	39.0	41.2	53.2	61.1
2013-05-21	7645.0	2625.0	565.0	4250.0	6300.0	270.0	280.0	44.4	41.1	58.1	59.7
2013-05-28	7690.0	2745.0	460.0	4100.0	6465.0	255.0	175.0	39.1	42.5	52.9	60.3
2013-06-04	6835.0	2585.0	730.0	3490.0	5335.0	315.0	325.0	47.9	43.8	63.4	66.7
2013-06-11	7145.0	2650.0	495.0	3525.0	5695.0	270.0	255.0	40.6	41.1	54.0	57.7
2013-06-18	6600.0	1310.0	575.0	4380.0	5130.0	240.0	225.0	41.0	39.8	55.0	52.0
2013-06-25	7775.0	2015.0	495.0	4645.0	5955.0	255.0	465.0	40.6	34.5	48.9	45.7
2013-07-02	7690.0	1975.0	555.0	4645.0	5880.0	215.0	400.0	41.3	33.9	49.5	44.7
2013-07-09	7670.0	1980.0	555.0	4640.0	5865.0	215.0	415.0	41.5	34.0	49.9	44.9
2013-07-16	7400.0	1780.0	510.0	4665.0	5680.0	205.0	460.0	40.5	30.4	49.2	43.0
2013-07-23	7425.0	1780.0	600.0	4770.0	5690.0	200.0	460.0	40.3	30.9	51.5	43.8
2013-07-30	7255.0	1805.0	520.0	4630.0	5590.0	220.0	545.0	44.0	34.5	55.6	47.4
2013-08-06	7385.0	1760.0	505.0	4740.0	5555.0	180.0	620.0	43.6	31.9	55.0	43.7
2013-08-13	8010.0	1695.0	515.0	5225.0	6200.0	220.0	425.0	38.3	29.2	49.1	40.3
2013-08-20	7980.0	1865.0	505.0	5185.0	6340.0	220.0	425.0	38.1	30.2	49.6	41.5
2013-08-27	7885.0	1695.0	745.0	5160.0	5905.0	235.0	440.0	38.0	29.0	49.1	39.8
2013-09-03	7390.0	1465.0	515.0	4865.0	5410.0	310.0	715.0	30.2	27.7	43.9	37.1
2013-09-10	7520.0	625.0	515.0	5565.0	5550.0	265.0	390.0	28.6	30.1	41.6	39.4
2013-09-17	6955.0	285.0	510.0	5395.0	5155.0	390.0	405.0	32.6	29.5	44.2	40.5
