2007-10-23	4210.0	325.0	0.0	3070.0	3025.0	815.0	1185.0	41.6	29.2	53.6	44.8
2007-10-30	4555.0	320.0	260.0	2925.0	2975.0	815.0	825.0	35.0	27.8	45.3	42.4
2007-11-06	4592.0	230.0	308.0	3425.0	3250.0	553.0	650.0	47.5	36.8	57.9	52.2
2007-11-13	4641.0	230.0	333.0	3549.0	3374.0	478.0	550.0	44.9	37.4	58.3	52.7
2007-11-20	4745.0	280.0	608.0	3564.0	3464.0	778.0	550.0	45.0	40.3	54.4	54.7
2007-11-27	5018.0	280.0	308.0	3564.0	3464.0	778.0	850.0	42.5	32.1	51.5	45.7
2007-12-04	4728.0	380.0	148.0	3139.0	3199.0	753.0	925.0	46.1	33.9	54.5	49.3
2007-12-11	5288.0	380.0	323.0	3639.0	3474.0	813.0	1035.0	48.8	36.5	57.3	51.2
2007-12-18	6924.0	380.0	148.0	4489.0	4824.0	1163.0	1060.0	35.7	40.9	51.3	53.5
2007-12-24	7609.0	380.0	873.0	5069.0	4654.0	1243.0	1165.0	34.9	37.4	50.1	53.7
2007-12-31	7609.0	380.0	873.0	5069.0	4654.0	1243.0	1165.0	34.9	37.4	50.1	53.7
2008-01-15	8933.0	0.0	3579.0	6841.0	4165.0	1678.0	775.0	29.9	61.4	49.9	65.9
2008-01-22	9539.0	0.0	3704.0	6613.0	4602.0	2512.0	819.0	28.0	59.7	42.8	65.0
2008-01-29	9849.0	0.0	3979.0	8973.0	5072.0	437.0	359.0	34.7	53.5	54.3	63.0
2008-02-05	9534.0	200.0	4495.0	8418.0	4032.0	388.0	479.0	38.3	57.7	55.6	65.4
2008-02-12	10606.0	150.0	3020.0	9615.0	6729.0	388.0	404.0	32.2	44.0	50.4	54.8
2008-02-19	10813.0	225.0	2795.0	9747.0	7136.0	388.0	429.0	32.8	45.6	51.6	56.4
2008-02-26	11883.0	300.0	1935.0	10162.0	8486.0	388.0	429.0	30.7	36.6	46.9	48.6
2008-03-04	10627.0	300.0	326.0	8615.0	8500.0	389.0	478.0	34.1	34.4	49.9	48.0
2008-03-11	11604.0	524.0	0.0	9481.0	9916.0	289.0	378.0	36.9	35.0	50.3	47.7
2008-03-18	13100.0	1514.0	0.0	10131.0	11556.0	439.0	528.0	33.5	33.1	49.2	45.0
2008-03-25	13900.0	1589.0	0.0	10971.0	12446.0	324.0	438.0	36.0	35.0	51.7	48.2
2008-04-01	14527.0	750.0	311.0	12367.0	12662.0	274.0	418.0	34.9	33.8	48.9	44.9
2008-04-08	13106.0	750.0	772.0	11476.0	11161.0	230.0	523.0	39.3	36.1	55.7	50.6
2008-04-15	12906.0	825.0	622.0	11186.0	11111.0	245.0	523.0	40.8	36.1	59.5	49.6
2008-04-22	13274.0	825.0	772.0	11554.0	11329.0	245.0	523.0	39.9	39.7	60.9	53.2
2008-04-29	13609.0	675.0	772.0	12039.0	11664.0	245.0	523.0	38.8	39.2	58.0	50.4
2008-05-06	12110.0	0.0	791.0	11304.0	10486.0	531.0	558.0	43.7	40.3	59.0	53.2
2008-05-13	12048.0	0.0	591.0	10846.0	10441.0	806.0	620.0	42.0	38.5	51.6	51.5
2008-05-20	12533.0	400.0	916.0	11552.0	10813.0	281.0	504.0	40.9	41.3	53.3	53.2
2008-05-27	14375.0	182.0	766.0	13415.0	13133.0	388.0	86.0	40.7	35.4	51.3	50.2
2008-06-03	15144.0	1220.0	760.0	13557.0	14053.0	92.0	56.0	48.0	42.7	60.5	60.3
2008-06-10	16158.0	1220.0	935.0	14367.0	14688.0	92.0	56.0	48.4	40.5	60.7	58.1
2008-06-17	16403.0	1220.0	935.0	14537.0	14858.0	117.0	81.0	47.9	39.7	59.5	56.6
2008-06-24	16392.0	1220.0	1085.0	14612.0	14783.0	117.0	81.0	48.0	40.4	60.0	57.7
2008-07-01	17161.0	1220.0	810.0	15344.0	15776.0	83.0	61.0	46.9	39.9	59.2	56.2
2008-07-08	15439.0	1170.0	254.0	13532.0	14646.0	248.0	50.0	51.6	48.9	64.7	64.6
2008-07-15	15739.0	1320.0	254.0	13657.0	14921.0	273.0	75.0	51.5	49.2	64.2	64.6
2008-07-22	15232.0	1320.0	154.0	13014.0	14414.0	309.0	75.0	51.3	46.3	63.4	62.0
2008-07-29	15192.0	1320.0	204.0	13064.0	14414.0	269.0	35.0	51.4	46.4	63.6	62.2
2008-08-05	13281.0	1545.0	0.0	11165.0	12802.0	207.0	115.0	54.8	47.5	64.5	61.7
2008-08-12	13456.0	1420.0	0.0	11322.0	12867.0	325.0	200.0	54.2	46.2	64.9	60.3
2008-08-19	14100.0	1045.0	0.0	11986.0	13121.0	205.0	115.0	49.5	43.2	61.2	56.2
2008-08-26	14719.0	1045.0	0.0	12574.0	13736.0	232.0	115.0	48.8	42.6	60.4	56.7
2008-09-02	15130.0	1520.0	0.0	12439.0	14101.0	307.0	165.0	47.5	43.6	60.0	56.2
2008-09-09	13546.0	1449.0	0.0	10926.0	12442.0	307.0	240.0	50.5	44.7	60.9	59.0
2008-09-16	13691.0	1399.0	0.0	11029.0	12437.0	399.0	390.0	49.4	43.6	59.0	56.5
2008-09-23	13766.0	1299.0	0.0	11279.0	12587.0	324.0	315.0	50.3	42.7	59.8	56.2
2008-09-30	14190.0	795.0	171.0	12378.0	13011.0	324.0	315.0	53.5	41.7	63.0	56.5
2008-10-07	13295.0	1155.0	342.0	10862.0	12111.0	756.0	320.0	56.8	42.7	67.1	59.8
2008-10-14	14536.0	1255.0	342.0	12055.0	13464.0	801.0	305.0	53.0	43.9	63.9	61.2
2008-10-21	16690.0	1255.0	342.0	14184.0	15593.0	826.0	330.0	57.2	41.6	69.1	64.4
2008-10-28	18473.0	1255.0	342.0	15743.0	17301.0	1050.0	405.0	55.9	44.7	67.3	66.9
2008-11-04	17566.0	1280.0	378.0	15035.0	16824.0	962.0	75.0	57.1	52.2	69.0	74.0
2008-11-11	18022.0	1280.0	378.0	15460.0	17279.0	992.0	75.0	54.6	52.7	67.1	72.8
2008-11-18	18411.0	1280.0	303.0	15924.0	17818.0	917.0	0.0	54.8	55.2	66.0	73.2
2008-11-25	19098.0	1280.0	303.0	16507.0	18501.0	1021.0	4.0	54.3	58.2	66.0	75.4
2008-12-02	17094.0	1380.0	489.0	14704.0	16593.0	1006.0	8.0	51.6	65.9	69.1	83.1
2008-12-09	19219.0	830.0	639.0	17274.0	18538.0	1081.0	8.0	47.4	62.7	64.6	78.9
2008-12-16	20829.0	517.0	264.0	19119.0	20523.0	1165.0	14.0	41.6	59.3	59.5	71.7
2008-12-22	22577.0	360.0	264.0	20927.0	22279.0	1290.0	34.0	39.6	52.7	55.2	66.7
2008-12-30	22627.0	0.0	264.0	21327.0	22351.0	1300.0	12.0	39.5	52.0	55.7	67.5
2009-01-06	20366.0	120.0	0.0	18957.0	20162.0	1289.0	204.0	38.0	53.6	52.1	68.3
2009-01-13	23744.0	1208.0	200.0	21123.0	23540.0	1413.0	4.0	34.7	54.4	50.5	67.3
2009-01-20	24054.0	1208.0	50.0	21823.0	24000.0	1023.0	4.0	34.6	53.9	50.4	65.3
2009-01-27	26089.0	1208.0	325.0	23738.0	25760.0	1143.0	4.0	34.7	51.2	50.0	62.7
2009-02-03	25175.0	1188.0	275.0	22778.0	24896.0	1209.0	4.0	31.8	51.9	47.4	62.3
2009-02-10	27456.0	1688.0	0.0	24547.0	27388.0	1221.0	68.0	28.3	48.0	42.4	59.7
2009-02-17	28472.0	1688.0	0.0	25560.0	28359.0	1224.0	113.0	28.2	46.2	42.1	59.2
2009-02-24	28872.0	1688.0	0.0	26255.0	28804.0	929.0	68.0	27.7	43.8	41.1	56.6
2009-03-03	27614.0	1658.0	0.0	25099.0	27556.0	857.0	58.0	27.6	44.9	40.6	56.1
2009-03-10	28479.0	1658.0	0.0	25914.0	28421.0	907.0	58.0	27.4	44.4	39.6	56.9
2009-03-17	29346.0	1483.0	0.0	26861.0	29238.0	952.0	58.0	29.5	42.1	42.0	56.9
2009-03-24	30221.0	1433.0	0.0	27786.0	30113.0	952.0	58.0	28.8	41.1	41.8	55.7
2009-03-31	31630.0	1433.0	0.0	29172.0	31522.0	975.0	58.0	28.3	43.0	41.5	57.4
2009-04-07	31140.0	1150.0	0.0	28792.0	30995.0	1071.0	18.0	32.2	48.8	44.7	61.5
2009-04-14	32037.0	1325.0	0.0	29405.0	31918.0	1206.0	18.0	31.3	49.9	44.3	61.3
2009-04-21	32449.0	1475.0	0.0	29652.0	32280.0	1221.0	68.0	32.4	47.0	43.8	59.5
2009-04-28	33393.0	1475.0	0.0	30448.0	33213.0	1369.0	79.0	30.3	45.8	41.2	57.8
2009-05-05	32479.0	1411.0	0.0	29353.0	32164.0	1714.0	314.0	29.1	48.6	44.1	62.8
2009-05-12	35013.0	1411.0	0.0	32252.0	34648.0	1349.0	364.0	28.0	47.4	42.1	61.8
2009-05-19	36036.0	1361.0	0.0	33195.0	35536.0	1379.0	399.0	27.2	46.3	41.8	61.2
2009-05-26	36202.0	1361.0	75.0	33451.0	35622.0	1289.0	404.0	26.0	42.3	39.0	56.4
2009-06-02	34729.0	1272.0	0.0	32091.0	34475.0	1265.0	153.0	29.1	46.5	42.1	59.3
2009-06-09	36044.0	1472.0	0.0	32686.0	35840.0	1785.0	103.0	27.6	45.9	40.0	58.2
2009-06-16	37392.0	1747.0	0.0	34634.0	37288.0	910.0	3.0	26.5	45.9	37.1	57.9
2009-06-23	39757.0	1772.0	0.0	36731.0	39653.0	1153.0	3.0	26.6	44.8	38.2	56.0
2009-06-30	41114.0	1772.0	0.0	38063.0	41010.0	1178.0	3.0	25.8	44.2	36.4	55.6
2009-07-07	39059.0	1933.0	0.0	35972.0	39056.0	1154.0	3.0	26.4	47.8	38.3	57.9
2009-07-14	39829.0	1677.0	75.0	36974.0	39751.0	1178.0	3.0	26.6	48.4	38.3	56.3
2009-07-21	40092.0	2455.0	0.0	36687.0	40089.0	950.0	3.0	25.4	47.4	38.0	55.1
2009-07-28	40909.0	2755.0	0.0	37379.0	40906.0	775.0	3.0	30.4	47.7	42.1	54.8
2009-08-04	38095.0	2975.0	0.0	34429.0	38093.0	691.0	2.0	33.3	44.8	42.7	56.1
2009-08-11	37663.0	3075.0	0.0	33897.0	37661.0	691.0	2.0	31.6	44.8	40.6	56.2
2009-08-18	37294.0	2895.0	0.0	33681.0	37280.0	706.0	2.0	30.9	41.5	39.7	56.5
2009-08-25	38038.0	2895.0	0.0	34435.0	37959.0	696.0	67.0	30.3	42.1	39.8	56.9
2009-09-01	38622.0	2895.0	0.0	34964.0	38608.0	751.0	2.0	28.3	43.7	37.6	54.8
2009-09-08	35517.0	2855.0	50.0	31643.0	35379.0	1007.0	76.0	33.6	46.9	44.2	59.1
2009-09-15	37345.0	2745.0	0.0	33538.0	37284.0	1002.0	1.0	32.3	45.8	42.8	58.8
2009-09-22	38550.0	2820.0	0.0	34501.0	38489.0	1169.0	1.0	32.1	44.9	43.0	57.8
2009-09-29	39586.0	2920.0	0.0	35432.0	39520.0	1174.0	6.0	32.0	45.3	43.1	57.8
2009-10-06	36635.0	2720.0	180.0	32717.0	36330.0	1138.0	65.0	37.5	52.3	50.5	64.5
2009-10-13	38600.0	3010.0	180.0	34397.0	38360.0	1193.0	60.0	39.0	53.2	51.0	64.6
2009-10-20	39317.0	2845.0	0.0	35203.0	39262.0	1269.0	55.0	39.6	52.3	51.4	63.0
2009-10-27	42174.0	2869.0	0.0	37971.0	41864.0	1334.0	310.0	39.9	50.3	51.4	59.6
2009-11-03	41915.0	2619.0	0.0	38055.0	41605.0	1241.0	310.0	44.8	52.7	56.1	63.8
2009-11-09	42309.0	2499.0	0.0	38269.0	41999.0	1541.0	310.0	41.2	51.3	52.6	62.2
2009-11-17	43429.0	2499.0	0.0	39659.0	43119.0	1271.0	310.0	38.6	49.9	51.3	59.9
2009-11-24	44044.0	2499.0	0.0	40310.0	43719.0	1235.0	325.0	38.8	46.5	50.3	56.7
2009-12-01	43907.0	2499.0	0.0	40073.0	43582.0	1335.0	325.0	37.6	45.2	49.1	55.9
2009-12-08	39299.0	750.0	0.0	36632.0	38296.0	1239.0	325.0	28.3	36.1	39.7	46.5
2009-12-15	41311.0	750.0	0.0	38333.0	40188.0	1550.0	445.0	28.4	34.6	39.5	44.4
2009-12-22	42039.0	750.0	0.0	39049.0	40904.0	1550.0	445.0	26.9	35.2	38.0	44.4
2009-12-29	42901.0	750.0	0.0	39896.0	41766.0	1565.0	445.0	27.2	36.1	38.1	45.6
2010-01-05	38437.0	750.0	0.0	35416.0	37552.0	1581.0	195.0	26.1	40.9	37.9	50.6
2010-01-12	41114.0	270.0	120.0	38585.0	40190.0	1650.0	195.0	24.9	39.3	36.4	49.8
2010-01-19	44178.0	270.0	95.0	40848.0	43254.0	2426.0	195.0	23.9	35.7	34.3	46.1
2010-01-26	46432.0	1710.0	95.0	42506.0	45508.0	1582.0	195.0	25.5	31.1	35.2	40.9
2010-02-02	43580.0	1735.0	86.0	39749.0	42669.0	1466.0	195.0	22.6	30.5	32.2	40.3
2010-02-09	46355.0	1855.0	86.0	42287.0	45444.0	1583.0	195.0	21.3	30.2	30.9	40.3
2010-02-16	45704.0	2215.0	86.0	41276.0	44793.0	1583.0	195.0	26.0	31.6	35.8	43.9
2010-02-23	51199.0	2465.0	1055.0	45429.0	48247.0	1625.0	217.0	31.9	29.1	41.0	41.2
2010-03-02	50414.0	2460.0	1121.0	45438.0	47497.0	915.0	195.0	34.7	27.2	42.9	40.4
2010-03-09	55410.0	3105.0	1121.0	49789.0	52493.0	915.0	195.0	33.5	29.5	41.3	41.6
2010-03-16	61027.0	3230.0	1121.0	55161.0	58035.0	960.0	195.0	29.3	28.5	37.2	41.0
2010-03-23	62367.0	3330.0	1421.0	56323.0	59075.0	1038.0	195.0	29.4	27.3	37.1	40.0
2010-03-30	75279.0	3880.0	1943.0	68296.0	71496.0	1458.0	195.0	24.0	23.0	31.2	33.4
2010-04-06	73804.0	3690.0	1682.0	67032.0	70081.0	1386.0	345.0	23.8	21.8	30.8	32.3
2010-04-13	76119.0	3765.0	1682.0	69272.0	72146.0	1386.0	595.0	22.9	23.6	29.9	33.7
2010-04-20	77430.0	3740.0	1682.0	70622.0	73446.0	1372.0	606.0	24.8	23.9	32.2	33.0
2010-04-27	80786.0	3540.0	1837.0	74163.0	76697.0	1387.0	556.0	27.2	22.4	33.9	31.0
2010-05-04	75965.0	3510.0	1199.0	69508.0	72539.0	1276.0	556.0	20.8	19.5	27.2	26.7
2010-05-11	78422.0	3385.0	1204.0	72184.0	74991.0	1182.0	556.0	23.6	19.5	29.5	28.0
2010-05-18	81768.0	3660.0	1049.0	75156.0	78472.0	1281.0	576.0	23.2	20.1	29.7	28.1
2010-05-25	84775.0	3710.0	1094.0	78121.0	81485.0	1298.0	550.0	25.6	19.7	32.4	29.1
2010-06-01	89500.0	3710.0	1094.0	82921.0	86285.0	1223.0	475.0	25.2	19.1	31.9	28.9
2010-06-08	89008.0	2960.0	341.0	83202.0	86832.0	1200.0	189.0	19.1	15.0	24.6	23.0
2010-06-15	98570.0	2685.0	341.0	92683.0	96074.0	1281.0	234.0	16.2	13.4	21.5	20.3
2010-06-22	99597.0	3010.0	316.0	93548.0	97301.0	1243.0	184.0	15.4	12.6	20.4	19.6
2010-06-29	102921.0	2910.0	316.0	96972.0	100625.0	1243.0	184.0	14.9	12.6	20.5	19.8
2010-07-06	97626.0	3227.0	0.0	91752.0	95813.0	1198.0	364.0	15.3	15.5	20.9	22.3
2010-07-13	97704.0	3127.0	0.0	92110.0	96071.0	1018.0	184.0	14.8	15.2	20.7	22.2
2010-07-20	98367.0	3157.0	50.0	92598.0	96514.0	1043.0	234.0	15.6	14.3	21.5	22.2
2010-07-27	93764.0	3382.0	0.0	87825.0	92061.0	1238.0	384.0	17.4	17.1	23.8	26.0
2010-08-03	69144.0	3413.0	0.0	63323.0	67727.0	1375.0	384.0	33.1	30.7	40.6	41.7
2010-08-10	68736.0	2750.0	492.0	64208.0	67467.0	1235.0	234.0	33.9	29.9	41.3	40.8
2010-08-17	66842.0	2425.0	542.0	62689.0	65573.0	1185.0	184.0	36.6	30.4	43.7	42.0
2010-08-24	66563.0	2075.0	577.0	62340.0	64909.0	1305.0	234.0	36.7	31.3	43.6	43.1
2010-08-31	69742.0	1225.0	737.0	66474.0	67708.0	1200.0	454.0	35.0	29.3	41.5	40.8
2010-09-07	56602.0	1070.0	961.0	53825.0	54250.0	1070.0	754.0	28.0	26.4	36.6	35.8
2010-09-14	56987.0	970.0	1331.0	54113.0	54092.0	1167.0	827.0	27.6	28.9	35.8	39.1
2010-09-21	61084.0	570.0	1106.0	58210.0	58014.0	1367.0	1027.0	28.2	27.0	36.4	38.1
2010-09-28	64142.0	570.0	1201.0	61706.0	61415.0	1017.0	677.0	31.4	26.9	39.6	39.5
2010-10-05	52309.0	640.0	470.0	49979.0	50913.0	1091.0	327.0	34.7	32.5	44.6	47.9
2010-10-12	52676.0	740.0	470.0	50664.0	51707.0	1023.0	250.0	32.2	33.1	42.1	45.6
2010-10-19	55143.0	740.0	470.0	53131.0	54174.0	1023.0	250.0	33.8	37.4	41.9	48.5
2010-10-26	56654.0	740.0	860.0	54567.0	55226.0	1309.0	530.0	37.3	42.0	45.3	52.9
2010-11-02	48312.0	260.0	461.0	46774.0	47333.0	1240.0	480.0	38.4	40.1	46.9	51.4
2010-11-09	51593.0	785.0	851.0	49500.0	50174.0	1270.0	530.0	42.2	38.3	50.0	50.3
2010-11-16	53691.0	785.0	1956.0	51950.0	51519.0	920.0	180.0	43.0	38.9	52.5	52.8
2010-11-23	59802.0	485.0	2386.0	58320.0	57201.0	962.0	180.0	46.6	38.6	56.1	53.9
2010-11-30	61193.0	460.0	2186.0	59736.0	58792.0	962.0	180.0	48.5	37.5	56.8	52.8
2010-12-07	53291.0	330.0	2297.0	52018.0	50744.0	928.0	235.0	56.4	44.2	63.5	57.1
2010-12-14	53933.0	230.0	2497.0	52760.0	51186.0	928.0	235.0	53.0	46.0	61.3	58.8
2010-12-21	56117.0	230.0	3122.0	54884.0	52795.0	988.0	185.0	51.0	42.9	59.7	56.5
2010-12-28	57202.0	230.0	3172.0	55969.0	53830.0	988.0	185.0	50.9	42.4	59.4	55.5
2011-01-04	45584.0	400.0	2133.0	44196.0	43226.0	973.0	210.0	39.4	45.4	48.9	55.7
2011-01-11	47894.0	225.0	3504.0	46492.0	44246.0	1168.0	135.0	38.8	43.6	48.5	54.4
2011-01-18	50162.0	125.0	3404.0	48885.0	46689.0	1143.0	60.0	33.8	41.7	43.7	51.7
2011-01-25	52741.0	575.0	3254.0	51104.0	49183.0	1003.0	245.0	30.6	38.7	38.4	47.0
2011-02-01	56898.0	730.0	3254.0	55382.0	53365.0	727.0	220.0	30.5	35.6	38.6	45.1
2011-02-08	52949.0	630.0	2865.0	51318.0	49745.0	992.0	330.0	29.2	38.3	38.2	50.6
2011-02-15	54683.0	530.0	2745.0	53432.0	51659.0	712.0	270.0	30.7	37.8	40.3	49.9
2011-02-22	54471.0	309.0	2505.0	53384.0	51723.0	769.0	234.0	33.0	37.4	41.3	48.8
2011-03-01	58226.0	309.0	2505.0	57359.0	55478.0	549.0	234.0	31.4	33.3	41.9	45.9
2011-03-08	51317.0	647.0	2281.0	50006.0	48780.0	656.0	248.0	39.5	38.3	47.7	53.1
2011-03-15	53555.0	783.0	2281.0	52073.0	51022.0	691.0	244.0	44.1	39.4	50.5	53.2
2011-03-22	54100.0	708.0	2011.0	52557.0	51837.0	827.0	244.0	43.7	42.4	50.4	55.1
2011-03-29	54039.0	708.0	2086.0	52496.0	51701.0	827.0	244.0	40.8	41.0	48.6	53.9
2011-04-05	46836.0	708.0	2087.0	45499.0	44608.0	623.0	135.0	36.9	37.6	45.7	51.0
2011-04-12	51015.0	1058.0	992.0	48923.0	49694.0	840.0	135.0	32.6	35.7	42.0	45.0
2011-04-19	54134.0	1133.0	992.0	51986.0	52823.0	821.0	125.0	33.5	34.4	42.4	43.8
2011-04-26	56970.0	1218.0	942.0	54691.0	55713.0	821.0	75.0	30.6	33.0	40.5	42.2
2011-05-03	50924.0	1172.0	379.0	48703.0	50205.0	784.0	75.0	31.8	37.3	43.1	49.2
2011-05-10	53984.0	1422.0	379.0	51513.0	53265.0	784.0	75.0	29.5	33.4	40.4	46.3
2011-05-17	56428.0	1347.0	404.0	54075.0	55727.0	763.0	54.0	24.0	25.9	35.0	37.8
2011-05-24	59780.0	1322.0	404.0	57406.0	59033.0	809.0	100.0	25.4	29.0	34.0	40.6
2011-05-31	59724.0	1322.0	74.0	57375.0	59332.0	784.0	75.0	24.5	30.7	33.0	42.0
2011-06-07	56338.0	1421.0	0.0	54017.0	56180.0	817.0	75.0	23.6	28.6	30.9	41.6
2011-06-14	59813.0	1359.0	0.0	57407.0	59655.0	976.0	87.0	22.4	25.8	30.1	39.9
2011-06-21	62637.0	1334.0	0.0	60356.0	62479.0	876.0	87.0	21.8	26.0	29.8	38.9
2011-06-28	64571.0	1134.0	0.0	61987.0	64153.0	1179.0	147.0	22.3	25.9	30.4	38.9
2011-07-05	58075.0	892.0	0.0	55845.0	57672.0	1138.0	203.0	22.0	27.2	31.0	37.4
2011-07-12	59373.0	834.0	25.0	57033.0	58920.0	1231.0	153.0	23.0	28.2	32.0	39.0
2011-07-19	59029.0	650.0	0.0	56989.0	58641.0	1165.0	163.0	25.1	26.8	33.7	37.7
2011-07-26	59970.0	800.0	0.0	58090.0	59807.0	1080.0	163.0	27.9	26.1	36.9	36.5
2011-08-02	49654.0	500.0	125.0	48100.0	49241.0	879.0	113.0	39.0	35.6	49.1	49.1
2011-08-09	50748.0	500.0	125.0	49169.0	50360.0	929.0	113.0	36.1	33.8	46.3	47.5
2011-08-16	52794.0	500.0	200.0	51319.0	52406.0	900.0	113.0	33.4	33.9	43.3	45.3
2011-08-23	55068.0	500.0	175.0	53593.0	54680.0	900.0	138.0	32.4	30.6	40.6	40.5
2011-08-30	57418.0	500.0	25.0	56008.0	57230.0	885.0	138.0	35.2	30.4	42.3	40.0
2011-09-06	49504.0	500.0	0.0	47632.0	49066.0	1372.0	438.0	33.4	37.3	42.3	46.7
2011-09-13	50417.0	400.0	75.0	48589.0	49674.0	1353.0	593.0	34.7	36.9	42.7	45.4
2011-09-20	53200.0	400.0	150.0	51447.0	52457.0	1353.0	593.0	39.9	37.5	47.3	48.4
2011-09-27	55708.0	400.0	925.0	54145.0	54377.0	1163.0	406.0	44.4	37.9	51.3	49.3
2011-10-04	46633.0	300.0	975.0	45440.0	45492.0	868.0	141.0	44.1	41.9	52.5	54.0
2011-10-11	48106.0	300.0	975.0	46847.0	46940.0	934.0	166.0	44.6	40.8	52.3	52.7
2011-10-18	53445.0	300.0	850.0	52148.0	52419.0	972.0	151.0	47.6	42.3	55.9	55.5
2011-10-25	55151.0	300.0	342.0	54090.0	54303.0	734.0	479.0	46.0	43.5	54.1	55.2
2011-11-01	55650.0	300.0	411.0	54435.0	54497.0	913.0	740.0	48.3	45.6	56.6	57.1
2011-11-08	50689.0	375.0	236.0	49365.0	49830.0	898.0	572.0	45.5	51.1	55.6	62.9
2011-11-15	55184.0	925.0	236.0	53318.0	54325.0	890.0	572.0	44.3	46.2	53.2	59.2
2011-11-22	59920.0	525.0	119.0	58444.0	59257.0	900.0	493.0	47.9	48.6	57.8	61.6
2011-11-29	59746.0	575.0	133.0	58300.0	59163.0	869.0	448.0	49.0	49.4	58.8	61.7
2011-12-06	51315.0	575.0	134.0	50079.0	50823.0	661.0	358.0	58.0	53.2	68.0	66.6
2011-12-13	52916.0	575.0	134.0	51676.0	52448.0	665.0	334.0	58.3	54.1	67.1	66.7
2011-12-20	52815.0	500.0	134.0	51268.0	52302.0	1047.0	379.0	54.8	54.2	63.8	65.4
2011-12-27	52440.0	500.0	134.0	50893.0	51927.0	1047.0	379.0	54.5	54.6	64.1	65.5
2012-01-03	52112.0	225.0	134.0	50890.0	51649.0	997.0	329.0	54.4	53.6	64.1	64.8
2012-01-10	45263.0	325.0	0.0	44003.0	45094.0	935.0	169.0	51.9	58.3	65.4	70.9
2012-01-17	46409.0	325.0	0.0	45149.0	46120.0	935.0	289.0	53.6	56.9	66.8	69.6
2012-01-24	48546.0	375.0	0.0	47248.0	48267.0	923.0	279.0	50.4	52.2	63.4	66.8
2012-01-31	53359.0	650.0	0.0	51585.0	53066.0	1124.0	293.0	53.0	52.9	65.0	67.3
2012-02-07	48793.0	825.0	0.0	46918.0	48511.0	1050.0	282.0	46.9	50.4	59.4	65.8
2012-02-14	53677.0	851.0	0.0	51773.0	53368.0	1053.0	309.0	46.5	47.4	57.3	61.5
2012-02-21	54701.0	750.0	99.0	52870.0	54269.0	1080.0	332.0	48.4	47.6	58.7	61.4
2012-02-28	58621.0	1600.0	299.0	56300.0	57948.0	720.0	373.0	47.4	47.8	60.4	63.1
2012-03-06	53596.0	1305.0	99.0	51555.0	53094.0	635.0	302.0	46.9	50.9	59.3	64.8
2012-03-13	54904.0	1330.0	50.0	52838.0	54452.0	636.0	302.0	49.0	50.8	59.7	65.6
2012-03-20	54428.0	1555.0	50.0	52087.0	53951.0	661.0	302.0	52.1	51.7	62.6	67.8
2012-03-27	55724.0	1955.0	0.0	53117.0	55365.0	577.0	284.0	51.4	52.1	61.7	66.0
2012-04-03	46356.0	2190.0	225.0	43489.0	45796.0	552.0	210.0	47.6	56.9	60.3	69.4
2012-04-10	47021.0	2240.0	325.0	44100.0	46361.0	556.0	210.0	47.3	57.0	58.0	68.3
2012-04-17	49171.0	2390.0	325.0	46146.0	48461.0	460.0	210.0	47.9	53.7	58.0	65.9
2012-04-24	52226.0	2850.0	200.0	48550.0	51615.0	625.0	210.0	49.8	53.3	59.9	64.9
2012-05-01	56777.0	3900.0	200.0	51926.0	56016.0	600.0	210.0	47.7	50.7	58.3	65.1
2012-05-08	50305.0	4125.0	200.0	45319.0	49628.0	560.0	176.0	42.9	48.2	56.4	64.6
2012-05-15	52340.0	4150.0	200.0	47324.0	51664.0	566.0	176.0	41.9	49.3	53.3	63.2
2012-05-22	55007.0	4050.0	200.0	49939.0	54231.0	618.0	176.0	41.1	49.6	52.8	64.3
2012-05-29	55656.0	3900.0	200.0	50688.0	54830.0	618.0	176.0	40.2	49.6	52.0	63.6
2012-06-05	47307.0	3185.0	0.0	43096.0	46701.0	576.0	156.0	35.7	52.9	47.6	65.8
2012-06-12	52836.0	3235.0	0.0	48377.0	52293.0	774.0	93.0	43.2	60.7	52.7	71.8
2012-06-19	56135.0	2750.0	0.0	52187.0	55592.0	748.0	93.0	47.6	62.1	56.3	72.2
2012-06-26	56076.0	2525.0	0.0	52949.0	55933.0	552.0	93.0	48.0	61.3	56.4	70.6
2012-07-03	46893.0	1000.0	75.0	45273.0	46590.0	507.0	115.0	50.3	53.8	59.1	65.8
2012-07-10	47027.0	975.0	100.0	45617.0	46840.0	435.0	87.0	49.3	54.0	59.3	64.3
2012-07-17	50587.0	1050.0	500.0	48937.0	49951.0	563.0	99.0	51.5	50.9	61.0	63.5
2012-07-24	51998.0	1775.0	500.0	49788.0	51411.0	423.0	75.0	50.1	49.1	59.4	60.9
2012-07-31	52273.0	1525.0	0.0	50344.0	52201.0	404.0	72.0	48.1	45.3	57.9	58.6
2012-08-07	42724.0	1300.0	25.0	41069.0	42616.0	355.0	83.0	43.1	43.6	54.4	58.5
2012-08-14	42915.0	1518.0	25.0	41139.0	42807.0	258.0	83.0	44.7	42.5	56.8	58.2
2012-08-21	44022.0	2018.0	0.0	41746.0	43939.0	258.0	83.0	44.2	42.0	55.5	57.7
2012-08-28	43315.0	1818.0	0.0	41144.0	43232.0	353.0	83.0	43.3	44.0	54.8	59.6
2012-09-04	45523.0	1818.0	0.0	43447.0	45440.0	258.0	83.0	39.3	42.4	50.1	57.5
2012-09-11	40739.0	1508.0	0.0	38967.0	40621.0	214.0	68.0	39.1	44.7	49.0	59.7
2012-09-18	46626.0	2128.0	50.0	44230.0	46508.0	268.0	68.0	37.1	48.8	46.6	60.9
2012-09-25	52791.0	2408.0	150.0	50115.0	52573.0	268.0	68.0	38.3	46.4	47.6	58.9
2012-10-02	44536.0	2206.0	150.0	42124.0	44356.0	206.0	30.0	32.2	42.8	42.2	54.2
2012-10-09	46870.0	2406.0	175.0	44258.0	46665.0	206.0	30.0	31.8	38.6	42.2	50.6
2012-10-16	49618.0	2228.0	175.0	47064.0	49373.0	326.0	70.0	28.6	38.9	39.2	50.1
2012-10-23	49870.0	2328.0	300.0	47216.0	49510.0	326.0	60.0	28.8	36.8	39.1	48.8
2012-10-30	51720.0	2328.0	400.0	49066.0	51255.0	326.0	65.0	27.9	36.0	37.9	49.0
2012-11-06	38529.0	1896.0	100.0	36307.0	38371.0	326.0	58.0	42.1	42.8	52.5	62.2
2012-11-13	38484.0	1896.0	0.0	36262.0	38422.0	326.0	62.0	39.8	42.7	50.3	63.3
2012-11-20	40382.0	1896.0	850.0	38200.0	39470.0	286.0	62.0	36.0	41.4	45.6	54.8
2012-11-27	40501.0	2008.0	950.0	38087.0	39489.0	406.0	62.0	36.4	42.0	46.3	54.2
2012-12-04	34901.0	1906.0	450.0	32516.0	34392.0	479.0	59.0	44.0	41.9	53.7	60.1
2012-12-11	37745.0	2281.0	800.0	34985.0	36886.0	479.0	59.0	43.4	41.4	52.8	58.3
2012-12-18	42610.0	2505.0	675.0	39587.0	41895.0	518.0	40.0	41.1	42.8	51.2	61.1
2012-12-24	44151.0	2712.0	800.0	40921.0	43311.0	518.0	40.0	42.1	42.6	51.3	61.4
2012-12-31	45789.0	2712.0	850.0	42559.0	44899.0	518.0	40.0	41.5	44.5	51.0	62.7
2013-01-08	38172.0	937.0	950.0	36486.0	37092.0	649.0	30.0	53.0	42.8	61.9	67.3
2013-01-15	42664.0	937.0	1500.0	40848.0	40934.0	779.0	130.0	52.8	38.3	60.0	60.5
2013-01-22	43492.0	1037.0	1600.0	41841.0	41750.0	514.0	42.0	48.8	38.1	56.5	56.8
2013-01-29	47975.0	1137.0	1725.0	45974.0	45854.0	514.0	46.0	46.9	37.9	54.7	54.1
2013-02-05	38830.0	1010.0	1775.0	36748.0	36647.0	697.0	33.0	36.5	35.3	47.5	48.9
2013-02-12	44465.0	1360.0	2200.0	42127.0	41995.0	728.0	20.0	27.1	34.5	38.3	45.6
2013-02-19	47592.0	1510.0	2400.0	45129.0	44922.0	703.0	20.0	29.6	35.6	40.0	47.9
2013-02-26	48935.0	7751.0	1750.0	39699.0	46299.0	671.0	72.0	33.3	33.4	43.0	46.2
2013-03-05	42118.0	4157.0	2349.0	36345.0	38611.0	652.0	194.0	48.4	46.2	61.8	63.3
2013-03-12	46649.0	4082.0	4345.0	41101.0	41428.0	652.0	62.0	40.1	31.6	53.1	50.5
2013-03-19	51298.0	2232.0	3645.0	45550.0	44727.0	652.0	62.0	34.7	28.2	45.2	44.8
2013-03-26	55988.0	1652.0	3645.0	50660.0	49267.0	662.0	62.0	38.5	30.9	49.1	48.5
2013-04-02	46764.0	1170.0	6689.0	43779.0	39172.0	979.0	67.0	43.9	38.1	58.2	54.2
2013-04-09	51883.0	1120.0	7904.0	48137.0	42320.0	1040.0	73.0	46.4	36.1	59.1	52.6
2013-04-16	55227.0	820.0	8524.0	50998.0	43946.0	803.0	151.0	46.1	37.3	58.2	51.8
2013-04-23	60150.0	3903.0	8721.0	53253.0	48999.0	608.0	44.0	34.0	34.0	48.3	46.4
2013-04-30	66303.0	7853.0	7761.0	54806.0	55462.0	608.0	44.0	27.7	31.0	38.7	41.9
2013-05-07	61212.0	7738.0	4706.0	48694.0	52503.0	809.0	32.0	31.3	30.8	40.7	41.1
2013-05-14	67300.0	9268.0	4131.0	53188.0	59126.0	833.0	32.0	32.2	35.5	41.8	44.1
2013-05-21	68442.0	8633.0	4381.0	54120.0	59173.0	833.0	32.0	34.1	32.9	43.6	41.7
2013-05-28	72577.0	9578.0	4581.0	57220.0	63023.0	838.0	32.0	35.1	33.0	45.5	41.4
2013-06-04	63065.0	115.0	3720.0	58742.0	55975.0	860.0	22.0	33.7	27.5	43.8	36.2
2013-06-11	65673.0	40.0	3162.0	64577.0	62089.0	656.0	22.0	32.5	27.2	40.3	34.2
2013-06-18	67428.0	165.0	2887.0	66157.0	64069.0	656.0	22.0	39.7	29.9	46.1	38.4
2013-06-25	71836.0	716.0	3012.0	70250.0	68427.0	495.0	22.0	38.0	29.7	46.3	37.3
2013-07-02	64273.0	643.0	3907.0	63125.0	60354.0	505.0	12.0	45.2	32.8	54.5	44.1
2013-07-09	66317.0	763.0	3707.0	64999.0	62548.0	505.0	12.0	40.8	31.0	49.9	42.9
2013-07-16	70430.0	863.0	4057.0	69012.0	66211.0	405.0	12.0	40.8	32.1	49.4	43.5
2013-07-23	75825.0	913.0	3757.0	74057.0	71706.0	505.0	12.0	34.9	28.2	42.7	39.2
2013-07-30	79669.0	1088.0	3607.0	77576.0	75550.0	505.0	12.0	33.0	28.2	38.6	38.0
2013-08-06	70997.0	1022.0	3307.0	69040.0	67182.0	435.0	8.0	32.9	32.6	39.8	42.6
2013-08-13	70917.0	872.0	3307.0	69210.0	67202.0	435.0	8.0	32.9	33.1	40.0	42.4
2013-08-20	74590.0	997.0	3257.0	72740.0	70925.0	453.0	8.0	33.0	31.7	38.7	40.4
2013-08-27	76944.0	1047.0	3157.0	75094.0	73429.0	453.0	8.0	32.1	31.4	39.1	40.6
2013-09-03	77611.0	1047.0	3157.0	75761.0	74096.0	453.0	8.0	28.5	33.1	37.1	42.1
2013-09-10	72605.0	1056.0	3107.0	70795.0	69144.0	404.0	4.0	31.3	35.3	43.9	45.6
2013-09-17	75757.0	986.0	2782.0	73786.0	72396.0	410.0	4.0	26.0	32.4	38.7	41.6
2013-09-24	76315.0	971.0	2832.0	74409.0	72954.0	410.0	4.0	24.7	32.3	38.2	40.4
2013-10-01	84551.0	2266.0	1882.0	80419.0	81240.0	441.0	4.0	25.9	31.5	34.2	37.9
2013-10-08	73633.0	4295.0	1707.0	67090.0	70501.0	823.0	0.0	31.8	34.4	40.6	42.2
2013-10-15	73444.0	4270.0	1707.0	66926.0	70312.0	823.0	0.0	32.0	32.2	40.7	42.1
2013-10-22	76828.0	4270.0	1707.0	70250.0	73636.0	883.0	60.0	34.7	30.1	41.8	39.2
2013-10-29	77677.0	6100.0	1807.0	69442.0	74545.0	810.0	0.0	36.7	28.4	43.3	38.1
2013-11-05	63085.0	6052.0	794.0	55321.0	60466.0	562.0	675.0	38.3	35.1	47.6	46.1
2013-11-12	65282.0	6652.0	734.0	56918.0	62723.0	562.0	675.0	40.1	34.3	48.0	46.9
2013-11-19	69645.0	7082.0	1446.0	60851.0	66641.0	562.0	408.0	39.3	33.9	47.4	44.6
2013-11-26	74186.0	7082.0	1196.0	65442.0	71437.0	562.0	453.0	38.8	39.1	47.1	47.7
2013-12-03	71031.0	6874.0	1900.0	63454.0	68688.0	653.0	393.0	43.8	42.4	52.3	52.7
2013-12-10	72234.0	6874.0	1975.0	64657.0	69816.0	653.0	393.0	44.5	42.9	52.8	53.0
2013-12-17	72001.0	6849.0	2500.0	64449.0	69058.0	653.0	393.0	43.2	41.8	53.1	51.5
2013-12-24	72780.0	6954.0	2650.0	65123.0	69687.0	653.0	393.0	43.0	37.6	52.0	49.5
2014-01-07	60821.0	6666.0	2154.0	53547.0	58274.0	608.0	393.0	55.7	39.6	62.4	50.7
2014-01-14	63321.0	6636.0	2304.0	56047.0	60624.0	638.0	393.0	47.1	37.4	56.7	48.1
2014-01-21	66162.0	6636.0	2304.0	58806.0	63465.0	720.0	393.0	44.1	37.6	54.4	47.3
2014-01-28	68119.0	6711.0	2279.0	60834.0	65447.0	574.0	393.0	38.7	36.3	49.9	45.6
2014-02-04	59182.0	5796.0	1953.0	52857.0	56865.0	529.0	364.0	44.2	40.7	56.1	50.7
2014-02-11	62525.0	5851.0	1753.0	56073.0	60408.0	601.0	364.0	41.0	39.3	51.5	48.4
2014-02-18	62766.0	5931.0	1653.0	56234.0	60749.0	601.0	364.0	40.2	38.7	50.2	46.8
2014-02-25	64068.0	5956.0	1378.0	57521.0	62320.0	591.0	370.0	35.9	37.2	46.1	45.2
2014-03-04	57728.0	4971.0	852.0	52090.0	56399.0	531.0	341.0	36.5	38.9	48.6	50.3
2014-03-11	60888.0	5021.0	827.0	55151.0	59535.0	555.0	365.0	35.2	38.8	48.8	50.7
2014-03-18	63335.0	5766.0	777.0	56682.0	61986.0	676.0	361.0	34.7	38.1	48.7	51.4
2014-03-25	64430.0	5816.0	777.0	57753.0	63131.0	700.0	361.0	35.8	37.5	48.7	50.5
2014-04-01	69215.0	5818.0	777.0	62610.0	67893.0	601.0	359.0	36.1	35.5	48.3	47.3
2014-04-08	62768.0	5063.0	751.0	56825.0	61526.0	719.0	330.0	37.2	38.7	47.5	50.1
2014-04-15	63793.0	5078.0	676.0	57824.0	62615.0	719.0	330.0	34.6	36.2	44.1	48.2
2014-04-22	65922.0	5228.0	801.0	59839.0	64655.0	719.0	330.0	33.7	33.8	41.2	44.4
2014-04-29	67607.0	5028.0	701.0	61724.0	66440.0	719.0	330.0	33.1	35.5	40.5	45.8
2014-05-06	64534.0	3576.0	686.0	60080.0	63392.0	678.0	256.0	36.5	37.1	43.6	47.4
2014-05-13	66614.0	3501.0	711.0	62235.0	65447.0	678.0	256.0	37.1	36.7	45.8	47.3
2014-05-20	67795.0	3806.0	636.0	63136.0	66798.0	678.0	186.0	37.6	36.4	47.2	48.0
2014-05-27	68170.0	4281.0	560.0	62886.0	67123.0	678.0	162.0	37.4	35.2	46.2	46.5
2014-06-03	60523.0	3659.0	442.0	55959.0	59470.0	430.0	136.0	41.4	39.8	48.8	51.4
2014-06-10	60585.0	3659.0	442.0	56011.0	59532.0	440.0	136.0	41.5	39.9	48.9	51.7
2014-06-17	61263.0	3684.0	467.0	56664.0	60185.0	440.0	136.0	41.1	39.9	49.1	51.5
2014-06-24	61736.0	3759.0	642.0	57062.0	60483.0	440.0	136.0	41.2	39.4	49.2	51.0
2014-07-01	61766.0	3747.0	468.0	57222.0	60783.0	322.0	40.0	41.2	40.2	49.2	52.0
2014-07-08	52461.0	2225.0	350.0	49380.0	51612.0	381.0	24.0	39.4	43.0	48.1	53.3
2014-07-15	53227.0	2600.0	350.0	49360.0	49309.0	792.0	3093.0	38.4	43.1	47.2	50.2
2014-07-22	54587.0	2600.0	375.0	51095.0	53719.0	417.0	18.0	38.7	42.1	46.8	52.7
2014-07-29	56250.0	3650.0	375.0	51628.0	55382.0	497.0	18.0	36.0	41.3	44.8	51.6
2014-08-05	52188.0	4645.0	200.0	46730.0	51595.0	438.0	18.0	38.8	41.5	47.2	52.0
2014-08-12	55426.0	8080.0	450.0	46543.0	54583.0	428.0	18.0	41.7	44.0	50.5	54.3
2014-08-19	53982.0	7725.0	600.0	45584.0	53139.0	448.0	18.0	38.8	39.7	48.1	48.4
2014-08-26	54313.0	0.0	0.0	46705.0	46181.0	7608.0	8132.0	37.2	39.8	48.3	46.7
2014-09-02	55132.0	0.0	0.0	47972.0	47432.0	7160.0	7700.0	37.7	39.2	48.6	46.8
2014-09-09	51376.0	0.0	250.0	44434.0	44491.0	6942.0	6635.0	39.7	43.7	51.6	50.1
2014-09-16	53230.0	0.0	250.0	46129.0	46059.0	7101.0	6921.0	39.2	43.3	51.9	51.3
2014-09-23	54429.0	0.0	250.0	46720.0	47015.0	7709.0	7164.0	40.3	41.8	51.9	51.9
2014-09-30	53231.0	0.0	250.0	44731.0	45642.0	8500.0	7339.0	38.9	39.7	47.7	51.5
2014-10-07	46319.0	0.0	250.0	39160.0	41865.0	7159.0	4204.0	44.4	44.2	51.3	55.8
2014-10-14	46790.0	0.0	250.0	38931.0	42111.0	7859.0	4429.0	42.4	43.0	48.9	55.0
2014-10-21	50033.0	0.0	250.0	39767.0	44095.0	10266.0	5688.0	40.3	40.6	45.5	51.7
2014-10-28	51679.0	0.0	250.0	41427.0	45862.0	10252.0	5567.0	37.8	38.3	43.1	50.8
2014-11-04	46526.0	0.0	250.0	37203.0	41801.0	9323.0	4475.0	38.7	38.8	42.2	49.1
2014-11-11	50487.0	0.0	250.0	39613.0	45603.0	10874.0	4634.0	40.9	36.5	44.2	50.0
2014-11-18	54638.0	0.0	0.0	43992.0	50918.0	10646.0	3720.0	44.2	36.2	50.2	52.3
2014-11-25	54976.0	0.0	0.0	44020.0	51116.0	10956.0	3860.0	44.4	39.3	50.7	53.8
2014-12-02	48472.0	0.0	0.0	37101.0	44239.0	11371.0	4233.0	50.0	45.8	54.6	63.5
2014-12-09	50826.0	0.0	0.0	38911.0	46994.0	11915.0	3832.0	46.7	44.8	53.2	62.3
2014-12-16	52297.0	0.0	0.0	39973.0	47941.0	12324.0	4356.0	47.8	43.0	54.2	61.0
2014-12-23	52728.0	0.0	575.0	40271.0	47530.0	12457.0	4623.0	48.3	38.9	51.2	56.2
2014-12-30	53026.0	0.0	575.0	40782.0	48018.0	12244.0	4433.0	48.0	38.9	51.4	56.5
2015-01-06	46337.0	0.0	400.0	34258.0	41009.0	12079.0	4928.0	51.0	39.0	51.4	53.5
2015-01-13	47458.0	0.0	1000.0	34692.0	40135.0	12766.0	6323.0	45.2	36.3	45.2	47.1
2015-01-20	48660.0	0.0	500.0	36441.0	41839.0	12219.0	6321.0	43.8	37.2	44.4	48.8
2015-01-27	52763.0	0.0	500.0	38842.0	45327.0	13921.0	6936.0	39.9	37.1	40.8	49.4
2015-02-03	46781.0	0.0	650.0	32816.0	40478.0	13965.0	5653.0	38.8	40.8	39.9	52.5
2015-02-10	48061.0	0.0	650.0	33830.0	41142.0	14231.0	6269.0	39.5	40.5	40.5	51.8
2015-02-17	51291.0	0.0	1150.0	38596.0	44845.0	12695.0	5296.0	41.4	42.0	45.5	56.2
2015-02-24	53329.0	0.0	600.0	40780.0	46991.0	12499.0	5688.0	41.2	43.5	47.3	57.3
2015-03-03	47343.0	275.0	550.0	35264.0	41641.0	11704.0	5052.0	41.1	46.5	47.3	60.0
2015-03-10	48537.0	275.0	550.0	36608.0	42795.0	11554.0	5092.0	39.6	48.0	48.0	61.3
2015-03-17	50068.0	275.0	550.0	37739.0	44426.0	11954.0	4992.0	37.6	48.6	47.1	61.0
2015-03-24	52528.0	275.0	2015.0	39629.0	45876.0	12524.0	4537.0	35.8	48.2	49.7	61.9
2015-03-31	52990.0	275.0	2415.0	40539.0	46058.0	12076.0	4417.0	35.3	48.7	49.3	62.0
2015-04-07	46567.0	0.0	2340.0	32875.0	37707.0	13592.0	6420.0	35.3	45.4	50.1	61.2
2015-04-14	48280.0	0.0	1940.0	34325.0	39194.0	13955.0	7146.0	35.3	43.0	50.0	59.9
2015-04-21	50647.0	0.0	1940.0	37489.0	43456.0	13158.0	5251.0	36.7	41.1	50.0	59.1
2015-04-28	52885.0	0.0	1940.0	39178.0	44786.0	13707.0	6159.0	38.2	40.3	52.0	59.2
2015-05-05	48296.0	0.0	1010.0	36047.0	42987.0	12249.0	4299.0	39.2	37.6	49.4	55.9
2015-05-12	50210.0	0.0	1010.0	37897.0	44803.0	12313.0	4397.0	38.1	37.3	49.9	54.3
2015-05-19	51587.0	0.0	1010.0	38901.0	46369.0	12686.0	4208.0	36.8	35.1	47.4	50.3
2015-05-26	52523.0	0.0	2024.0	39714.0	47155.0	12809.0	3344.0	34.6	33.8	45.3	49.2
2015-06-02	45660.0	0.0	1486.0	35219.0	41442.0	10441.0	2732.0	29.0	31.8	41.2	47.2
2015-06-09	49602.0	0.0	1686.0	38624.0	44805.0	10978.0	3111.0	30.5	31.9	46.7	50.7
2015-06-16	49834.0	0.0	1155.0	38974.0	45122.0	10860.0	3557.0	27.9	32.0	45.5	50.4
2015-06-23	54670.0	0.0	1155.0	42878.0	49591.0	11792.0	3924.0	30.1	36.5	47.3	53.0
2015-06-30	58671.0	0.0	1155.0	47497.0	53711.0	11174.0	3805.0	32.4	37.4	48.4	52.4
2015-07-07	49693.0	0.0	800.0	38305.0	44768.0	11388.0	4125.0	33.2	39.2	48.3	56.1
2015-07-14	51726.0	0.0	800.0	40143.0	46278.0	11583.0	4648.0	33.9	36.3	48.6	53.8
2015-07-21	58368.0	0.0	800.0	46972.0	52872.0	11396.0	4696.0	36.1	34.0	49.2	50.5
2015-07-28	65096.0	0.0	800.0	53499.0	59560.0	11597.0	4736.0	38.3	33.9	49.2	48.7
2015-08-04	57241.0	0.0	500.0	46392.0	50414.0	10849.0	6327.0	38.2	35.0	47.2	47.8
2015-08-11	59142.0	0.0	500.0	47686.0	52568.0	11456.0	6074.0	37.2	35.1	46.4	47.4
2015-08-18	60196.0	0.0	500.0	48362.0	53539.0	11834.0	6157.0	35.3	35.8	45.6	47.5
2015-08-25	63896.0	0.0	500.0	50973.0	56770.0	12923.0	6626.0	35.6	33.9	45.5	45.8
2015-09-01	66578.0	0.0	500.0	52436.0	58042.0	14142.0	8036.0	36.9	34.3	44.5	44.4
2015-09-08	55352.0	800.0	500.0	41598.0	46697.0	12854.0	8055.0	38.8	37.5	47.8	49.9
2015-09-15	56274.0	1025.0	500.0	42217.0	48806.0	12932.0	6868.0	39.2	36.5	48.4	48.5
2015-09-22	56905.0	1675.0	750.0	41673.0	50532.0	13157.0	5223.0	37.2	39.4	47.7	51.3
2015-09-29	57089.0	1700.0	500.0	41873.0	51042.0	13391.0	5422.0	38.1	37.4	47.2	48.9
2015-10-06	51587.0	1750.0	500.0	36739.0	45234.0	13073.0	5828.0	39.6	48.2	52.5	58.9
2015-10-13	52520.0	1750.0	500.0	37573.0	46654.0	13172.0	5341.0	34.7	49.0	48.2	60.8
2015-10-20	54047.0	1925.0	500.0	37502.0	48257.0	14170.0	4840.0	33.3	45.1	46.4	56.8
2015-10-27	55949.0	2025.0	800.0	39704.0	49499.0	13995.0	5425.0	33.2	43.0	45.3	54.4
2015-11-03	44159.0	1075.0	850.0	30680.0	36262.0	12179.0	6822.0	34.5	37.3	46.7	49.8
2015-11-10	45496.0	1050.0	750.0	32196.0	39369.0	11925.0	5052.0	34.2	37.5	44.2	49.8
2015-11-17	46475.0	750.0	850.0	33525.0	39449.0	11975.0	5951.0	37.0	30.9	45.3	43.2
2015-11-24	47545.0	750.0	600.0	34588.0	40696.0	11982.0	6024.0	36.9	29.3	44.7	43.2
2015-12-01	49057.0	750.0	625.0	35538.0	43005.0	12569.0	5227.0	41.0	26.9	48.2	44.6
2015-12-08	42890.0	725.0	970.0	30966.0	37775.0	10974.0	3920.0	38.9	29.3	47.6	44.5
2015-12-15	46192.0	725.0	970.0	33817.0	40936.0	11300.0	3936.0	37.0	29.5	45.6	44.9
2015-12-22	44898.0	0.0	970.0	32449.0	39225.0	12099.0	4353.0	30.7	25.7	41.8	40.0
2015-12-29	45671.0	0.0	970.0	33364.0	39873.0	11957.0	4478.0	30.1	24.8	43.0	38.1
2016-01-05	36037.0	0.0	325.0	24322.0	29968.0	11365.0	5394.0	25.4	23.0	37.7	37.3
