2007-10-30	10825.0	75.0	600.0	10750.0	10225.0	0.0	0.0	84.1	66.1	86.8	81.3
2007-11-06	9075.0	50.0	600.0	9025.0	8475.0	0.0	0.0	83.7	69.7	86.8	83.2
2007-11-13	9225.0	50.0	600.0	9175.0	8625.0	0.0	0.0	82.4	68.6	85.9	81.8
2007-11-20	9225.0	50.0	600.0	9175.0	8625.0	0.0	0.0	82.4	68.6	85.9	81.8
2007-11-27	9225.0	50.0	600.0	9175.0	8625.0	0.0	0.0	82.4	68.6	85.9	81.8
2007-12-04	7475.0	25.0	600.0	7450.0	6875.0	0.0	0.0	82.6	73.6	88.6	84.6
2007-12-11	7625.0	25.0	600.0	7450.0	7025.0	150.0	0.0	73.1	66.2	79.0	77.0
2007-12-18	8610.0	25.0	600.0	8585.0	8010.0	0.0	0.0	60.1	56.9	68.7	66.5
2007-12-24	8610.0	25.0	600.0	8585.0	8010.0	0.0	0.0	60.1	56.9	68.7	66.5
2007-12-31	8610.0	25.0	600.0	8585.0	8010.0	0.0	0.0	60.1	56.9	68.7	66.5
2008-01-22	7110.0	0.0	600.0	7050.0	6510.0	60.0	0.0	50.6	58.7	65.8	69.6
2008-01-29	7110.0	0.0	600.0	7050.0	6510.0	60.0	0.0	46.4	55.2	61.5	65.4
2008-02-05	6460.0	0.0	550.0	6400.0	5910.0	60.0	0.0	46.1	55.0	62.3	64.2
2008-02-12	6760.0	0.0	550.0	6700.0	6210.0	60.0	0.0	42.2	53.6	57.3	60.7
2008-02-19	6960.0	0.0	550.0	6900.0	6410.0	60.0	0.0	45.6	52.1	60.7	63.2
2008-02-26	7185.0	150.0	550.0	6975.0	6635.0	60.0	0.0	44.2	51.5	58.8	61.2
2008-03-04	6435.0	150.0	500.0	6225.0	5935.0	60.0	0.0	46.6	54.4	61.0	63.3
2008-03-11	6435.0	150.0	500.0	6225.0	5935.0	60.0	0.0	49.0	56.7	65.3	65.7
2008-03-18	6635.0	150.0	500.0	6425.0	6135.0	60.0	0.0	50.5	58.0	66.3	66.7
2008-03-25	6635.0	150.0	500.0	6425.0	6135.0	60.0	0.0	50.5	58.0	66.3	66.7
2008-04-15	6210.0	150.0	450.0	6000.0	5760.0	60.0	0.0	55.2	61.2	69.6	71.8
2008-04-22	6195.0	150.0	450.0	6045.0	5745.0	0.0	0.0	55.3	61.3	69.8	70.1
2008-04-29	6495.0	450.0	450.0	6045.0	6045.0	0.0	0.0	52.7	58.5	68.9	70.1
2008-05-06	5620.0	400.0	400.0	5220.0	5220.0	0.0	0.0	54.3	56.9	72.1	71.2
2008-05-13	5770.0	400.0	400.0	5370.0	5370.0	0.0	0.0	52.9	55.5	72.8	69.3
2008-05-20	5815.0	400.0	400.0	5415.0	5415.0	0.0	0.0	53.2	55.0	73.0	68.8
2008-05-27	6415.0	100.0	700.0	6015.0	5715.0	300.0	0.0	50.6	54.6	72.4	69.4
2008-06-03	5855.0	50.0	650.0	5805.0	5205.0	0.0	0.0	50.6	51.1	78.7	70.0
2008-06-10	5945.0	50.0	650.0	5895.0	5295.0	0.0	0.0	54.9	50.3	79.1	70.6
2008-06-17	5945.0	50.0	650.0	5895.0	5295.0	0.0	0.0	52.4	50.3	76.6	70.6
2008-06-24	6245.0	50.0	650.0	6195.0	5595.0	0.0	0.0	42.1	46.3	64.1	65.6
2008-07-01	5792.0	0.0	600.0	5792.0	5192.0	0.0	0.0	40.2	46.0	60.9	65.9
2008-07-08	5792.0	0.0	600.0	5792.0	5192.0	0.0	0.0	40.2	46.0	60.9	65.9
2008-07-15	5882.0	0.0	600.0	5882.0	5090.0	0.0	192.0	43.4	43.2	64.6	62.8
2008-07-22	6509.0	0.0	600.0	6509.0	5909.0	0.0	0.0	39.0	46.7	58.2	63.7
2008-07-29	6509.0	0.0	600.0	6509.0	5909.0	0.0	0.0	39.0	48.2	58.2	66.0
2008-08-05	7339.0	0.0	550.0	7264.0	6714.0	75.0	75.0	37.1	34.0	53.3	48.3
2008-08-12	7444.0	0.0	550.0	7102.0	6519.0	342.0	375.0	30.9	33.5	46.9	47.6
2008-08-19	7294.0	0.0	550.0	7294.0	6744.0	0.0	0.0	31.6	36.5	47.9	53.1
2008-08-26	7894.0	100.0	550.0	7794.0	7344.0	0.0	0.0	29.2	32.2	44.2	46.8
2008-09-02	7569.0	50.0	500.0	7519.0	7069.0	0.0	0.0	29.4	29.6	43.8	42.9
2008-09-09	8011.0	50.0	500.0	7961.0	7511.0	0.0	0.0	31.6	29.8	45.2	44.9
2008-09-16	8059.0	50.0	500.0	8009.0	7559.0	0.0	0.0	31.1	29.7	46.3	44.6
2008-09-23	8542.0	50.0	500.0	7892.0	7442.0	600.0	600.0	32.8	23.4	47.1	40.0
2008-09-30	8753.0	50.0	500.0	8703.0	8253.0	0.0	0.0	31.1	26.2	44.4	40.2
2008-10-07	8263.0	0.0	540.0	8263.0	7723.0	0.0	0.0	33.8	24.7	49.8	39.3
2008-10-14	10100.0	0.0	720.0	10100.0	9380.0	0.0	0.0	41.4	24.5	52.8	36.9
2008-10-21	12223.0	0.0	720.0	12223.0	11503.0	0.0	0.0	32.1	24.2	45.2	35.1
2008-10-28	15683.0	0.0	1020.0	15533.0	14513.0	150.0	150.0	32.4	34.1	45.8	43.2
2008-11-04	15370.0	0.0	970.0	15370.0	14400.0	0.0	0.0	36.9	36.5	52.3	47.0
2008-11-11	16147.0	0.0	670.0	16147.0	15477.0	0.0	0.0	37.9	40.3	51.6	51.0
2008-11-18	17887.0	0.0	670.0	17887.0	17217.0	0.0	0.0	37.1	39.7	54.3	53.4
2008-11-25	20487.0	0.0	620.0	20482.0	19862.0	0.0	0.0	38.9	37.3	54.7	51.8
2008-12-02	19772.0	0.0	420.0	19707.0	19287.0	0.0	0.0	41.6	37.8	59.5	53.2
2008-12-09	19912.0	0.0	495.0	19847.0	19352.0	0.0	0.0	45.1	37.5	61.3	52.8
2008-12-16	21095.0	0.0	495.0	21030.0	20535.0	0.0	0.0	46.1	35.4	63.4	52.5
2008-12-22	22720.0	0.0	645.0	22655.0	22010.0	0.0	0.0	49.1	34.9	67.8	52.7
2008-12-30	23620.0	0.0	645.0	23555.0	22910.0	0.0	0.0	49.2	34.0	69.0	53.6
2009-01-06	23395.0	0.0	520.0	23300.0	22780.0	0.0	0.0	53.8	36.9	76.1	56.6
2009-01-13	26845.0	0.0	2020.0	26750.0	24730.0	0.0	0.0	54.4	33.2	75.4	52.1
2009-01-20	31220.0	0.0	7240.0	31125.0	23885.0	0.0	0.0	57.3	33.7	76.9	52.6
2009-01-27	32445.0	0.0	7165.0	32350.0	25185.0	0.0	0.0	57.0	35.5	78.7	54.1
2009-02-03	32974.0	0.0	8095.0	32934.0	24839.0	0.0	0.0	54.9	33.6	74.9	52.0
2009-02-10	34501.0	0.0	8170.0	34461.0	26291.0	0.0	0.0	56.7	35.3	75.3	54.0
2009-02-17	36391.0	475.0	7695.0	35226.0	28006.0	300.0	300.0	56.5	32.5	73.3	53.5
2009-02-24	37626.0	725.0	7695.0	36436.0	29466.0	0.0	0.0	55.6	31.0	73.0	53.5
2009-03-03	36900.0	495.0	7745.0	35640.0	28390.0	0.0	0.0	58.3	32.5	74.5	56.7
2009-03-10	38423.0	495.0	7145.0	37043.0	30393.0	0.0	0.0	57.5	32.1	74.6	54.5
2009-03-17	37099.0	120.0	5045.0	35749.0	30824.0	0.0	0.0	58.0	33.6	72.8	54.3
2009-03-24	40099.0	120.0	4955.0	38749.0	33914.0	0.0	0.0	57.2	32.7	71.3	55.2
2009-03-31	41059.0	120.0	4955.0	39709.0	34874.0	0.0	0.0	57.5	33.1	71.4	55.2
2009-04-07	39238.0	315.0	4555.0	36783.0	32703.0	985.0	825.0	61.9	34.2	75.1	55.9
2009-04-14	39603.0	115.0	4555.0	36933.0	32903.0	1200.0	790.0	61.2	33.9	74.2	55.1
2009-04-21	40183.0	265.0	5005.0	37598.0	33118.0	1085.0	825.0	61.6	31.9	73.3	50.7
2009-04-28	42734.0	795.0	5231.0	39664.0	35734.0	1285.0	779.0	58.9	33.2	70.2	50.7
2009-05-05	38450.0	1185.0	3808.0	35595.0	32965.0	920.0	927.0	61.4	32.1	71.6	50.6
2009-05-12	39470.0	1185.0	3808.0	36515.0	34035.0	1020.0	877.0	59.8	32.3	69.6	50.9
2009-05-19	41345.0	1910.0	3708.0	37665.0	35860.0	920.0	927.0	57.6	31.3	68.1	50.4
2009-05-26	42415.0	2510.0	3708.0	38135.0	36930.0	920.0	927.0	56.1	30.8	67.2	49.3
2009-06-02	38441.0	2850.0	2733.0	34476.0	34571.0	605.0	627.0	57.0	30.4	69.2	47.9
2009-06-09	39591.0	2850.0	2583.0	36076.0	36096.0	155.0	402.0	57.5	30.0	67.6	46.7
2009-06-16	40676.0	2850.0	2283.0	37211.0	37781.0	105.0	102.0	56.1	29.2	66.0	45.6
2009-06-23	42086.0	3050.0	2133.0	38461.0	39381.0	105.0	102.0	53.3	27.5	62.8	45.0
2009-06-30	43787.0	3050.0	2133.0	40162.0	41082.0	105.0	102.0	51.2	28.5	59.6	46.3
2009-07-07	40272.0	3055.0	858.0	36662.0	38847.0	90.0	102.0	53.6	31.2	61.8	48.5
2009-07-14	40922.0	2905.0	858.0	37372.0	39407.0	90.0	102.0	52.7	32.0	61.0	49.2
2009-07-21	44587.0	2905.0	858.0	40977.0	43012.0	90.0	102.0	52.6	32.8	61.5	49.2
2009-07-28	47542.0	3205.0	1158.0	43632.0	45607.0	90.0	162.0	51.1	31.5	61.3	47.8
2009-08-04	42357.0	3195.0	948.0	38762.0	40867.0	75.0	217.0	57.2	31.6	65.9	47.9
2009-08-11	42322.0	3195.0	948.0	38727.0	40832.0	75.0	217.0	57.3	31.5	66.3	47.8
2009-08-18	45027.0	800.0	948.0	44152.0	43862.0	75.0	217.0	56.7	30.6	66.8	47.5
2009-08-25	44932.0	800.0	1308.0	43907.0	43407.0	225.0	217.0	54.7	30.6	65.0	47.5
2009-09-01	42038.0	400.0	1248.0	41428.0	40578.0	210.0	212.0	52.5	29.4	63.2	47.1
2009-09-08	42598.0	400.0	1428.0	41988.0	41018.0	210.0	152.0	53.1	30.1	63.7	46.2
2009-09-15	42713.0	400.0	1428.0	42103.0	41133.0	210.0	152.0	52.9	30.3	63.7	45.8
2009-09-22	42833.0	400.0	1428.0	42223.0	41253.0	210.0	152.0	52.0	30.5	63.0	46.2
2009-09-29	43098.0	400.0	1428.0	42488.0	41568.0	210.0	102.0	54.3	33.1	65.1	48.7
2009-10-06	39613.0	0.0	1368.0	39418.0	37843.0	195.0	402.0	63.4	34.0	69.7	49.2
2009-10-13	39763.0	0.0	1368.0	39568.0	38293.0	195.0	102.0	63.1	34.0	69.4	49.6
2009-10-20	40398.0	0.0	1368.0	40203.0	38928.0	195.0	102.0	62.4	33.5	68.6	49.7
2009-10-27	41013.0	0.0	1368.0	40818.0	39543.0	195.0	102.0	62.7	33.7	68.5	49.9
2009-11-03	37552.0	0.0	1343.0	37422.0	36067.0	130.0	142.0	67.1	34.6	73.3	51.6
2009-11-09	37767.0	0.0	1038.0	37637.0	36587.0	130.0	142.0	67.3	35.6	73.4	51.8
2009-11-17	42162.0	0.0	1218.0	42082.0	40047.0	80.0	897.0	60.6	31.6	67.4	46.9
2009-11-24	42257.0	0.0	1518.0	42177.0	40587.0	80.0	152.0	61.1	31.5	67.8	48.0
2009-12-01	38551.0	0.0	2130.0	38536.0	36221.0	15.0	200.0	61.5	33.3	69.0	47.8
2009-12-08	40046.0	0.0	2130.0	39831.0	37716.0	215.0	200.0	59.1	32.0	65.8	45.4
2009-12-15	40211.0	0.0	2130.0	39996.0	37881.0	215.0	200.0	59.2	34.6	65.9	46.1
2009-12-22	40666.0	0.0	2130.0	40561.0	38428.0	105.0	108.0	57.0	36.4	64.1	48.8
2009-12-29	40811.0	0.0	2130.0	40796.0	38547.0	15.0	134.0	58.0	36.3	65.1	48.3
2010-01-05	36070.0	0.0	2130.0	36070.0	33851.0	0.0	89.0	59.8	38.5	68.8	51.3
2010-01-12	37030.0	500.0	2130.0	36380.0	34600.0	0.0	150.0	57.8	38.2	68.1	50.6
2010-01-19	38245.0	650.0	2130.0	37445.0	35815.0	0.0	150.0	57.7	37.0	66.9	49.7
2010-01-26	37645.0	650.0	1800.0	36795.0	35495.0	50.0	200.0	56.2	37.6	65.5	50.2
2010-02-02	32910.0	950.0	1607.0	31810.0	31020.0	0.0	133.0	55.5	36.0	65.9	48.8
2010-02-09	32880.0	950.0	1607.0	31780.0	30990.0	0.0	133.0	55.5	35.6	67.2	48.9
2010-02-16	32730.0	950.0	1607.0	31630.0	30840.0	0.0	133.0	55.3	35.7	67.1	49.1
2010-02-23	34200.0	950.0	1607.0	33100.0	32310.0	0.0	133.0	52.9	34.2	64.2	47.9
2010-03-02	30111.0	1022.0	410.0	28805.0	29445.0	45.0	17.0	52.2	33.6	63.9	48.7
2010-03-09	30755.0	1946.0	410.0	28255.0	30095.0	321.0	17.0	50.8	35.7	63.3	50.6
2010-03-16	31280.0	1946.0	410.0	28780.0	30620.0	321.0	17.0	48.5	35.1	61.3	49.4
2010-03-23	31485.0	1946.0	560.0	28985.0	30675.0	321.0	17.0	48.2	34.2	60.9	48.5
2010-03-30	31605.0	1946.0	560.0	29105.0	30795.0	321.0	17.0	48.4	34.7	60.9	48.8
2010-04-06	26975.0	1759.0	450.0	24775.0	26375.0	291.0	0.0	47.6	36.9	62.2	49.9
2010-04-13	27200.0	1795.0	450.0	24850.0	26450.0	291.0	36.0	47.2	35.8	61.8	48.7
2010-04-20	27525.0	1795.0	450.0	25175.0	26775.0	291.0	36.0	48.8	35.4	62.2	49.2
2010-04-27	28175.0	2095.0	1125.0	25525.0	26750.0	291.0	36.0	47.6	34.8	60.7	47.9
2010-05-04	24510.0	2024.0	1150.0	22135.0	23285.0	276.0	0.0	42.1	34.1	55.5	49.2
2010-05-11	24085.0	2024.0	1075.0	21710.0	22935.0	276.0	0.0	42.8	34.7	54.8	48.7
2010-05-18	23910.0	2144.0	1100.0	21460.0	22810.0	306.0	0.0	42.9	34.2	55.6	48.9
2010-05-25	24575.0	3344.0	500.0	20925.0	24075.0	306.0	0.0	41.6	37.1	58.3	51.1
2010-06-01	20890.0	3244.0	450.0	17040.0	20140.0	606.0	300.0	39.8	38.1	54.5	52.9
2010-06-08	21170.0	3544.0	450.0	17020.0	20420.0	306.0	0.0	42.8	36.3	57.4	53.3
2010-06-15	22445.0	4744.0	450.0	17095.0	21695.0	306.0	0.0	45.4	36.4	59.8	54.3
2010-06-22	23490.0	4744.0	450.0	18140.0	22695.0	306.0	45.0	44.0	37.4	59.0	55.0
2010-06-29	23535.0	4744.0	450.0	18140.0	22785.0	351.0	0.0	43.7	37.5	58.9	55.1
2010-07-06	22665.0	4644.0	450.0	17370.0	21915.0	351.0	0.0	39.2	34.5	54.7	52.7
2010-07-13	22955.0	5250.0	300.0	17360.0	22355.0	45.0	0.0	39.8	34.1	55.3	52.0
2010-07-20	22925.0	5250.0	300.0	17310.0	22305.0	65.0	20.0	38.5	32.8	53.8	50.8
2010-07-27	22690.0	5250.0	300.0	17020.0	22015.0	120.0	75.0	39.2	33.2	54.6	51.3
2010-08-03	20880.0	5250.0	400.0	15310.0	20205.0	120.0	75.0	40.1	35.0	57.0	50.3
2010-08-10	20960.0	5100.0	400.0	15435.0	20135.0	225.0	225.0	39.9	34.8	56.9	50.1
2010-08-17	20810.0	5100.0	400.0	15435.0	20090.0	75.0	120.0	40.1	34.9	57.3	50.3
2010-08-24	21535.0	5100.0	400.0	16010.0	20665.0	225.0	270.0	38.8	33.0	55.7	48.2
2010-08-31	21475.0	5100.0	400.0	16100.0	20755.0	75.0	120.0	38.9	33.1	55.9	48.4
2010-09-07	19635.0	5100.0	500.0	14105.0	18660.0	330.0	375.0	41.2	33.2	57.9	47.3
2010-09-14	19310.0	4374.0	625.0	14485.0	18510.0	351.0	75.0	39.3	32.4	54.8	46.7
2010-09-21	22685.0	8274.0	625.0	13960.0	21885.0	351.0	75.0	43.5	44.7	58.6	56.8
2010-09-28	22785.0	8274.0	625.0	14060.0	21985.0	351.0	75.0	42.9	43.2	57.0	55.3
2010-10-05	18460.0	5643.0	725.0	12535.0	17660.0	282.0	75.0	36.8	38.9	52.7	50.8
2010-10-12	18635.0	5643.0	750.0	12710.0	17810.0	282.0	75.0	36.6	40.1	52.3	51.9
2010-10-19	18653.0	5412.0	750.0	13028.0	17828.0	213.0	75.0	37.5	38.5	53.1	51.2
2010-10-26	18703.0	5298.0	750.0	13228.0	17878.0	177.0	75.0	38.2	37.6	53.7	50.2
2010-11-02	16318.0	4750.0	550.0	11518.0	15718.0	50.0	50.0	41.4	37.5	53.5	48.4
2010-11-09	16718.0	4750.0	550.0	11918.0	16118.0	50.0	50.0	38.7	36.6	50.4	46.2
2010-11-16	16925.0	4525.0	575.0	12200.0	16150.0	200.0	200.0	36.2	36.0	47.3	45.5
2010-11-23	16925.0	4525.0	575.0	12350.0	16300.0	50.0	50.0	36.2	36.0	46.8	45.5
2010-11-30	16925.0	4525.0	575.0	12350.0	16300.0	50.0	50.0	36.2	36.0	46.8	45.5
2010-12-07	14970.0	4325.0	375.0	10620.0	14570.0	25.0	25.0	45.3	35.5	53.5	45.8
2010-12-14	15345.0	4325.0	621.0	10995.0	14645.0	25.0	79.0	45.1	36.6	53.2	45.7
2010-12-21	15645.0	4325.0	594.0	11295.0	14945.0	25.0	106.0	44.3	35.9	53.1	45.5
2010-12-28	16195.0	4625.0	594.0	11545.0	15495.0	25.0	106.0	42.8	35.0	53.7	46.1
2011-01-04	13920.0	4425.0	640.0	9465.0	13145.0	30.0	135.0	52.3	40.9	61.4	54.9
2011-01-11	15119.0	4725.0	738.0	10244.0	14069.0	150.0	312.0	46.2	36.7	57.9	53.1
2011-01-18	15239.0	4725.0	738.0	10514.0	14339.0	0.0	162.0	45.3	37.3	56.9	51.1
2011-01-25	16589.0	4275.0	1378.0	12164.0	14899.0	150.0	312.0	45.1	32.3	53.7	46.5
2011-02-01	14224.0	3575.0	928.0	10199.0	12684.0	0.0	162.0	41.3	34.2	54.4	54.6
2011-02-08	14119.0	3800.0	969.0	10319.0	13054.0	0.0	96.0	38.4	33.9	51.8	51.9
2011-02-15	15109.0	3800.0	969.0	11309.0	14044.0	0.0	96.0	36.9	37.1	51.9	54.0
2011-02-22	15259.0	3950.0	744.0	11309.0	14434.0	0.0	81.0	36.5	37.5	51.6	54.4
2011-03-01	12245.0	1789.0	369.0	10420.0	11795.0	36.0	81.0	39.4	41.6	54.4	56.5
2011-03-08	12545.0	1789.0	369.0	10720.0	12095.0	36.0	81.0	43.1	43.0	56.4	58.1
2011-03-15	12545.0	1789.0	369.0	10720.0	12095.0	36.0	81.0	43.1	44.2	56.4	58.1
2011-03-22	13400.0	1789.0	969.0	11575.0	12350.0	36.0	81.0	39.4	42.7	54.7	55.9
2011-03-29	13550.0	1789.0	1269.0	11725.0	12200.0	36.0	81.0	38.9	42.8	55.2	55.3
2011-04-05	12085.0	525.0	1419.0	11560.0	10585.0	0.0	81.0	43.9	52.4	62.6	66.0
2011-04-12	12535.0	525.0	369.0	12010.0	12085.0	0.0	81.0	43.5	57.7	62.1	69.6
2011-04-19	12535.0	525.0	369.0	12010.0	12085.0	0.0	81.0	43.5	57.7	62.1	69.6
2011-04-26	12835.0	825.0	369.0	12010.0	12385.0	0.0	81.0	42.5	58.7	61.8	70.3
2011-05-03	12545.0	825.0	287.0	11720.0	12195.0	0.0	63.0	37.3	51.0	56.2	62.6
2011-05-10	13595.0	1275.0	287.0	12320.0	13245.0	0.0	63.0	34.4	48.9	51.9	58.5
2011-05-17	15245.0	2175.0	287.0	13070.0	14895.0	0.0	63.0	32.0	46.5	48.4	57.2
2011-05-24	15320.0	2475.0	287.0	12845.0	14970.0	0.0	63.0	30.2	46.8	47.2	57.4
2011-05-31	15620.0	2475.0	287.0	13085.0	15270.0	60.0	63.0	29.6	47.8	46.3	58.6
2011-06-07	15305.0	2565.0	355.0	12740.0	14905.0	0.0	45.0	27.9	54.0	43.6	59.9
2011-06-14	16130.0	2565.0	355.0	13490.0	15655.0	0.0	45.0	28.3	51.3	43.2	59.6
2011-06-21	16130.0	2640.0	355.0	13490.0	15730.0	0.0	45.0	28.3	51.7	43.2	60.1
2011-06-28	16970.0	1950.0	232.0	14720.0	16525.0	225.0	138.0	31.0	49.6	47.8	58.0
2011-07-05	15830.0	1875.0	150.0	13730.0	15560.0	150.0	45.0	31.1	51.3	48.1	58.9
2011-07-12	15905.0	2109.0	150.0	13730.0	15710.0	66.0	45.0	30.9	52.0	47.9	60.5
2011-07-19	15830.0	2034.0	150.0	13730.0	15635.0	66.0	45.0	31.1	52.2	48.1	60.3
2011-07-26	15830.0	2034.0	150.0	13730.0	15635.0	66.0	45.0	31.1	52.2	48.1	60.3
2011-08-02	13930.0	1334.0	150.0	12530.0	13735.0	66.0	45.0	34.2	50.4	50.2	57.2
2011-08-09	14260.0	1634.0	150.0	12560.0	14035.0	66.0	75.0	33.5	51.2	49.1	57.8
2011-08-16	14710.0	1901.0	150.0	12710.0	14485.0	99.0	75.0	32.4	51.6	47.2	58.1
2011-08-23	14710.0	2000.0	150.0	12710.0	14485.0	0.0	75.0	32.4	51.6	47.4	58.1
2011-08-30	14920.0	2000.0	150.0	12920.0	14695.0	0.0	75.0	32.0	50.9	46.7	57.2
2011-09-06	13435.0	2050.0	150.0	11385.0	13210.0	0.0	75.0	33.9	54.5	49.9	59.9
2011-09-13	14635.0	3250.0	150.0	11385.0	14410.0	0.0	75.0	39.4	58.2	54.0	63.2
2011-09-20	15235.0	3850.0	150.0	11385.0	15010.0	0.0	75.0	41.7	59.9	55.9	64.7
2011-09-27	15840.0	4450.0	150.0	11260.0	15515.0	130.0	175.0	45.8	60.4	60.5	65.0
2011-10-04	14180.0	4350.0	150.0	9700.0	13855.0	130.0	175.0	50.4	67.7	65.8	74.3
2011-10-11	13430.0	4350.0	150.0	8980.0	13105.0	100.0	175.0	53.2	70.0	69.5	77.0
2011-10-18	13535.0	3975.0	150.0	9460.0	13180.0	100.0	205.0	50.0	64.5	66.1	71.4
2011-10-25	13685.0	3327.0	150.0	10210.0	13330.0	148.0	205.0	48.3	63.8	64.3	71.7
2011-11-01	11590.0	3227.0	100.0	8315.0	11410.0	48.0	80.0	52.6	60.5	69.6	71.7
2011-11-08	11215.0	2627.0	100.0	8540.0	11035.0	48.0	80.0	54.4	62.6	72.0	72.8
2011-11-15	11215.0	2627.0	100.0	8540.0	11035.0	48.0	80.0	54.4	62.6	72.0	72.8
2011-11-22	11185.0	2627.0	100.0	8510.0	11035.0	48.0	50.0	54.5	63.0	72.2	73.3
2011-11-29	11335.0	2627.0	100.0	8660.0	11185.0	48.0	50.0	53.8	63.5	71.2	73.6
2011-12-06	9270.0	2227.0	50.0	6965.0	9195.0	78.0	25.0	59.1	62.8	73.2	73.6
2011-12-13	9270.0	2227.0	50.0	6995.0	9195.0	48.0	25.0	59.1	62.5	73.2	73.3
2011-12-20	9270.0	2227.0	50.0	6995.0	9195.0	48.0	25.0	59.1	62.5	73.2	73.3
2011-12-27	9270.0	2227.0	50.0	6995.0	9195.0	48.0	25.0	59.1	62.5	73.2	73.3
2012-01-17	7290.0	2373.0	181.0	4785.0	7060.0	132.0	49.0	68.7	66.2	82.3	81.8
2012-01-24	8190.0	2775.0	181.0	5085.0	7660.0	48.0	67.0	65.0	58.9	76.7	72.8
2012-01-31	8460.0	3075.0	0.0	5055.0	8160.0	48.0	18.0	62.9	59.8	76.1	72.9
2012-02-07	8560.0	2950.0	0.0	4830.0	7810.0	78.0	48.0	57.8	52.1	70.4	66.5
2012-02-14	9360.0	3726.0	0.0	4830.0	8610.0	102.0	48.0	52.9	47.6	69.0	62.9
2012-02-21	9810.0	4026.0	0.0	4980.0	9060.0	102.0	48.0	52.0	47.0	68.9	62.6
2012-02-28	10260.0	4776.0	0.0	4680.0	9510.0	102.0	48.0	57.0	44.9	73.2	66.2
2012-03-06	9355.0	4680.0	0.0	4420.0	9085.0	42.0	57.0	54.5	43.0	70.9	60.6
2012-03-13	8755.0	4016.0	0.0	4420.0	8485.0	106.0	57.0	54.8	45.9	68.1	61.4
2012-03-20	8515.0	4016.0	0.0	4405.0	8470.0	94.0	45.0	51.7	43.7	66.5	59.6
2012-03-27	8470.0	4016.0	0.0	4360.0	8470.0	94.0	0.0	51.9	43.9	66.9	60.4
2012-04-03	7386.0	3402.0	767.0	3906.0	6565.0	78.0	54.0	50.8	40.2	63.9	55.7
2012-04-10	7386.0	3452.0	767.0	3856.0	6565.0	78.0	54.0	51.4	40.2	63.3	55.0
2012-04-17	7296.0	3200.0	767.0	4066.0	6475.0	30.0	54.0	52.1	41.6	63.0	56.6
2012-04-24	7101.0	2950.0	767.0	4121.0	6280.0	30.0	54.0	50.0	42.8	61.2	58.0
2012-05-01	6546.0	3000.0	0.0	3526.0	6492.0	20.0	54.0	53.5	39.8	63.4	55.2
2012-05-08	6546.0	3000.0	0.0	3526.0	6492.0	20.0	54.0	53.5	39.8	63.4	55.2
2012-05-15	6567.0	3258.0	0.0	3247.0	6513.0	62.0	54.0	53.3	41.4	65.6	59.6
2012-05-22	6762.0	3408.0	0.0	3247.0	6708.0	107.0	54.0	54.0	44.7	65.9	62.7
2012-05-29	6387.0	2808.0	0.0	3472.0	6333.0	107.0	54.0	49.4	42.6	60.4	61.7
2012-06-05	5290.0	2308.0	0.0	2885.0	5236.0	97.0	54.0	48.4	50.4	62.2	71.3
2012-06-12	5290.0	2158.0	0.0	3080.0	5236.0	52.0	54.0	47.9	49.1	62.2	71.3
2012-06-19	5200.0	1900.0	0.0	3290.0	5146.0	10.0	54.0	52.2	50.0	66.8	72.5
2012-06-26	5200.0	1900.0	0.0	3290.0	5146.0	10.0	54.0	52.2	50.0	66.8	72.5
2012-07-03	4140.0	1350.0	0.0	2745.0	4086.0	45.0	54.0	57.2	62.7	72.8	86.2
2012-07-10	4140.0	1350.0	0.0	2745.0	4086.0	45.0	54.0	57.2	62.7	72.8	86.2
2012-07-17	4140.0	1350.0	0.0	2745.0	4086.0	45.0	54.0	57.2	62.7	72.8	86.2
2012-07-24	4149.0	1350.0	0.0	2754.0	4086.0	45.0	63.0	57.1	62.5	72.7	86.0
2012-07-31	4029.0	1150.0	0.0	2834.0	3966.0	45.0	63.0	53.9	59.4	69.9	83.6
2012-08-07	3359.0	850.0	0.0	2464.0	3296.0	45.0	63.0	55.8	60.3	74.0	84.0
2012-08-14	2959.0	450.0	0.0	2464.0	2896.0	45.0	63.0	49.8	63.4	70.5	81.8
2012-08-21	3109.0	450.0	159.0	2614.0	2896.0	45.0	54.0	47.4	60.3	67.1	78.1
2012-08-28	3358.0	450.0	417.0	2863.0	2875.0	45.0	66.0	47.1	56.1	69.8	77.0
2012-09-04	3648.0	734.0	417.0	2653.0	3015.0	111.0	66.0	34.9	45.4	55.6	61.3
2012-09-11	3798.0	1034.0	417.0	2503.0	3165.0	111.0	66.0	41.4	43.7	60.5	60.2
2012-09-18	3843.0	1034.0	417.0	2548.0	3210.0	111.0	66.0	40.9	43.1	59.8	59.5
2012-09-25	4059.0	950.0	699.0	2914.0	3210.0	45.0	0.0	42.0	47.8	63.8	63.3
2012-10-02	3480.0	750.0	640.0	2535.0	2690.0	45.0	0.0	49.6	52.2	68.5	64.9
