2007-10-30	2166.0	0.0	180.0	1777.0	1986.0	389.0	0.0	42.0	47.8	56.4	68.8
2007-12-24	2505.0	192.0	0.0	1854.0	2265.0	324.0	105.0	34.8	35.6	41.0	44.6
2007-12-31	2460.0	192.0	0.0	1854.0	2265.0	279.0	60.0	35.4	36.2	41.8	45.4
2008-03-18	2668.0	241.0	0.0	1861.0	2623.0	566.0	45.0	39.6	60.8	54.1	75.9
2008-03-25	2785.0	241.0	0.0	1978.0	2650.0	566.0	135.0	37.8	56.7	50.2	68.0
2008-09-23	2800.0	178.0	0.0	2316.0	2343.0	171.0	322.0	38.7	51.6	58.0	63.0
2008-09-30	3713.0	147.0	0.0	3142.0	3257.0	139.0	171.0	30.5	45.0	46.5	56.7
2008-10-07	4132.0	59.0	0.0	3703.0	3766.0	85.0	81.0	28.9	43.3	41.9	49.9
2008-10-14	5086.0	0.0	205.0	4789.0	4366.0	85.0	303.0	39.0	44.7	50.7	54.8
2008-10-21	5270.0	0.0	205.0	4982.0	4835.0	76.0	18.0	32.6	48.2	50.7	60.8
2008-10-28	6132.0	45.0	375.0	5747.0	5475.0	128.0	70.0	40.7	43.0	56.4	57.3
2008-11-04	6943.0	8.0	0.0	6610.0	6685.0	67.0	0.0	49.3	45.3	63.1	64.5
2008-11-11	8251.0	8.0	0.0	7990.0	8056.0	76.0	18.0	49.4	45.4	60.0	63.3
2008-11-18	8438.0	0.0	46.0	8231.0	8243.0	76.0	18.0	51.6	44.5	61.8	62.1
2008-11-25	9775.0	0.0	100.0	9622.0	9580.0	76.0	18.0	60.0	51.7	69.1	68.0
2008-12-02	8944.0	0.0	120.0	8815.0	8749.0	72.0	18.0	60.9	55.7	70.6	70.1
2008-12-09	9444.0	0.0	120.0	9315.0	9249.0	72.0	18.0	59.6	56.1	68.8	69.8
2008-12-16	9541.0	0.0	0.0	9385.0	9454.0	156.0	87.0	57.9	54.0	65.2	67.1
2008-12-22	9769.0	95.0	0.0	9518.0	9682.0	156.0	87.0	57.8	54.9	64.9	68.7
2008-12-30	10347.0	315.0	0.0	9930.0	10314.0	102.0	33.0	58.0	55.7	65.6	69.1
2009-01-06	7873.0	449.0	0.0	7394.0	7857.0	30.0	16.0	59.3	59.6	69.0	68.8
2009-01-13	8503.0	449.0	0.0	8024.0	8487.0	30.0	16.0	60.7	61.2	69.6	70.8
2009-01-20	9126.0	449.0	45.0	8647.0	9065.0	30.0	16.0	59.3	54.2	66.8	65.1
2009-01-27	9495.0	405.0	90.0	9016.0	9345.0	30.0	16.0	56.9	46.7	63.7	57.4
2009-02-03	8189.0	208.0	90.0	7979.0	8084.0	2.0	15.0	56.7	50.3	64.6	61.5
2009-02-10	8739.0	208.0	112.0	8484.0	8567.0	47.0	60.0	52.3	48.4	58.9	56.3
2009-02-17	9897.0	372.0	313.0	9424.0	9380.0	101.0	204.0	45.4	42.8	52.4	50.1
2009-02-24	10220.0	208.0	135.0	9965.0	10025.0	47.0	60.0	42.8	46.4	49.8	52.6
2009-03-03	8879.0	225.0	90.0	8608.0	8728.0	46.0	61.0	42.4	43.2	48.9	51.2
2009-03-10	9554.0	225.0	90.0	9283.0	9403.0	46.0	61.0	44.0	49.6	52.1	56.2
2009-03-17	10531.0	225.0	90.0	10305.0	10425.0	1.0	16.0	47.1	56.5	57.4	65.4
2009-03-24	10855.0	225.0	90.0	10494.0	10749.0	136.0	16.0	47.4	56.9	55.8	65.6
2009-03-31	12685.0	45.0	1560.0	12276.0	10881.0	184.0	64.0	48.6	57.2	57.4	65.9
2009-04-07	11148.0	0.0	2160.0	10360.0	8583.0	788.0	405.0	48.7	60.9	58.3	67.1
2009-04-14	11301.0	135.0	2160.0	10648.0	8844.0	518.0	297.0	48.0	60.1	58.1	66.0
2009-04-21	11334.0	210.0	2160.0	10472.0	8743.0	652.0	431.0	47.9	58.1	56.6	64.9
2009-04-28	11640.0	525.0	720.0	10417.0	10509.0	698.0	411.0	47.9	52.5	59.5	60.5
2009-05-05	10297.0	885.0	0.0	8735.0	9885.0	677.0	412.0	49.3	51.8	61.1	63.4
2009-05-12	10837.0	1133.0	0.0	9075.0	10473.0	629.0	364.0	45.5	47.3	57.7	61.2
2009-05-19	10527.0	992.0	60.0	8889.0	10096.0	596.0	321.0	44.0	44.8	55.2	56.8
2009-05-26	10866.0	1127.0	222.0	8958.0	10228.0	731.0	366.0	41.9	38.7	52.9	52.6
2009-06-02	9223.0	1169.0	217.0	7579.0	8675.0	475.0	331.0	45.3	40.2	56.7	53.5
2009-06-09	9817.0	1174.0	217.0	8377.0	9334.0	266.0	266.0	38.8	32.3	51.9	49.6
2009-06-16	10338.0	1357.0	217.0	8758.0	9898.0	223.0	223.0	36.3	33.6	49.3	46.4
2009-06-23	11003.0	1221.0	217.0	9424.0	10428.0	223.0	223.0	32.0	29.9	43.3	41.1
2009-06-30	11163.0	1050.0	162.0	9809.0	10692.0	223.0	228.0	30.8	30.2	43.2	40.8
2009-07-07	9572.0	546.0	0.0	8679.0	9221.0	198.0	202.0	25.0	31.4	39.1	41.1
2009-07-14	9658.0	0.0	0.0	9462.0	9430.0	196.0	228.0	25.2	31.0	37.8	42.4
2009-07-21	10206.0	0.0	0.0	10010.0	9956.0	196.0	250.0	24.8	29.8	37.1	40.6
2009-07-28	11477.0	45.0	0.0	11254.0	11245.0	178.0	232.0	25.9	24.3	38.2	34.7
2009-08-04	9977.0	45.0	90.0	9818.0	9735.0	114.0	152.0	34.0	39.7	51.4	53.1
2009-08-11	9739.0	152.0	90.0	9224.0	9354.0	363.0	295.0	35.4	47.6	55.4	61.7
2009-08-18	10002.0	266.0	90.0	9461.0	9705.0	274.0	206.0	37.7	47.5	55.8	63.1
2009-08-25	10453.0	266.0	90.0	9822.0	10066.0	364.0	296.0	38.1	48.4	54.4	62.2
2009-09-01	7758.0	222.0	90.0	7215.0	7445.0	320.0	222.0	41.2	49.3	63.1	69.6
2009-09-08	8272.0	222.0	90.0	7756.0	7986.0	275.0	177.0	40.4	52.2	63.3	72.2
2009-09-15	9345.0	267.0	357.0	8729.0	8737.0	330.0	232.0	40.4	43.9	59.0	58.3
2009-09-22	9851.0	333.0	357.0	9229.0	9243.0	270.0	232.0	37.0	45.0	55.5	58.9
2009-09-29	9865.0	251.0	357.0	9325.0	9257.0	270.0	232.0	36.6	45.7	55.4	59.0
2009-10-06	8874.0	495.0	267.0	8039.0	8280.0	322.0	309.0	36.6	44.1	55.0	59.2
2009-10-13	9632.0	826.0	267.0	8607.0	9212.0	181.0	135.0	32.2	42.8	48.3	55.5
2009-10-20	10136.0	961.0	267.0	8976.0	9716.0	181.0	135.0	35.3	40.2	52.7	54.4
2009-10-27	10476.0	961.0	267.0	9338.0	10018.0	159.0	173.0	36.9	39.0	50.6	53.4
2009-11-03	9410.0	934.0	178.0	8440.0	9172.0	36.0	60.0	38.0	42.1	50.5	51.8
2009-11-09	9494.0	580.0	178.0	8539.0	9052.0	375.0	264.0	31.9	41.7	46.1	52.4
2009-11-17	9717.0	262.0	294.0	9361.0	9305.0	36.0	60.0	32.9	38.3	49.4	53.1
2009-11-24	10293.0	486.0	294.0	9638.0	9881.0	111.0	60.0	33.2	41.1	48.3	52.8
2009-12-01	8487.0	852.0	389.0	7545.0	7916.0	90.0	182.0	32.1	43.0	53.7	55.3
2009-12-08	9074.0	1613.0	659.0	7416.0	8278.0	45.0	137.0	34.1	42.9	55.8	56.1
2009-12-15	10455.0	1836.0	659.0	8574.0	9659.0	45.0	137.0	36.9	43.4	55.6	55.8
2009-12-22	11809.0	1747.0	463.0	10062.0	11254.0	0.0	92.0	34.2	40.7	50.9	54.0
2009-12-29	11918.0	1524.0	463.0	10294.0	11263.0	100.0	192.0	35.8	40.1	51.4	52.7
2010-01-05	10803.0	1121.0	356.0	9682.0	10382.0	0.0	65.0	35.7	40.3	49.3	56.0
2010-01-12	12097.0	1076.0	817.0	11021.0	11280.0	0.0	0.0	43.6	36.3	54.9	55.5
2010-01-19	13545.0	1259.0	1004.0	12286.0	12541.0	0.0	0.0	43.8	36.9	54.2	56.0
2010-01-26	14076.0	1438.0	1094.0	12638.0	12982.0	0.0	0.0	43.3	34.9	51.3	53.4
2010-02-02	13138.0	1035.0	942.0	12103.0	12178.0	0.0	18.0	39.7	36.1	48.4	51.3
2010-02-09	13497.0	901.0	1122.0	12596.0	12357.0	0.0	18.0	44.1	37.2	52.2	54.2
2010-02-16	13728.0	632.0	1410.0	12962.0	12166.0	0.0	18.0	42.8	33.8	51.4	50.3
2010-02-23	13987.0	632.0	1110.0	13071.0	12593.0	0.0	0.0	38.0	27.7	45.3	43.2
2010-03-02	11093.0	270.0	1360.0	10673.0	9565.0	0.0	18.0	40.8	29.9	51.0	46.8
2010-03-09	10860.0	270.0	736.0	10304.0	9838.0	0.0	0.0	37.1	25.4	44.7	40.0
2010-03-16	11765.0	270.0	586.0	11029.0	10695.0	45.0	63.0	41.5	28.4	47.1	41.1
2010-03-23	11321.0	270.0	261.0	10416.0	10386.0	60.0	99.0	39.2	26.0	47.3	38.5
2010-03-30	11631.0	270.0	351.0	10788.0	10723.0	88.0	72.0	36.7	26.9	45.5	39.4
2010-04-06	9448.0	900.0	0.0	8362.0	9160.0	150.0	252.0	46.9	47.4	61.1	61.3
2010-04-13	9992.0	1314.0	0.0	8492.0	9704.0	150.0	252.0	46.5	43.1	56.8	57.3
2010-04-20	10528.0	1220.0	0.0	9122.0	10360.0	108.0	90.0	43.6	41.2	57.7	60.9
2010-04-27	11812.0	1445.0	0.0	10304.0	11731.0	27.0	45.0	34.1	33.1	44.1	44.4
2010-05-04	9878.0	1476.0	0.0	8375.0	9734.0	27.0	144.0	30.0	35.0	41.5	44.8
2010-05-11	10497.0	1791.0	0.0	8679.0	10353.0	27.0	144.0	32.5	34.4	44.9	45.4
2010-05-18	10749.0	1474.0	0.0	9242.0	10581.0	9.0	144.0	31.0	35.8	44.8	48.3
2010-05-25	11863.0	1741.0	0.0	10089.0	11713.0	9.0	126.0	33.1	36.8	49.8	50.7
2010-06-01	9855.0	942.0	0.0	8812.0	9579.0	77.0	252.0	40.4	36.0	54.8	55.2
2010-06-08	11065.0	1256.0	0.0	9624.0	10687.0	23.0	216.0	35.3	34.6	46.9	49.5
2010-06-15	11546.0	1301.0	0.0	10065.0	11348.0	18.0	36.0	31.8	35.7	41.9	44.9
2010-06-22	13265.0	1454.0	0.0	11496.0	12932.0	18.0	36.0	32.2	34.6	44.5	48.8
2010-06-29	14342.0	1627.0	0.0	12380.0	13989.0	38.0	56.0	32.9	33.7	48.2	52.8
2010-07-06	11724.0	985.0	79.0	10356.0	11126.0	36.0	172.0	37.0	38.1	49.8	54.0
2010-07-13	12970.0	1083.0	348.0	11504.0	12178.0	36.0	97.0	35.9	33.3	48.5	48.4
2010-07-20	13429.0	1425.0	482.0	11619.0	12503.0	38.0	97.0	36.9	34.4	50.4	49.2
2010-07-27	15385.0	1449.0	407.0	13499.0	14434.0	90.0	197.0	42.5	40.7	54.7	52.1
2010-08-03	13322.0	1032.0	407.0	11889.0	12360.0	54.0	208.0	38.0	33.0	49.3	46.4
2010-08-10	13895.0	1032.0	407.0	12462.0	12933.0	54.0	208.0	36.4	34.2	48.6	47.1
2010-08-17	14588.0	541.0	496.0	13654.0	13470.0	1.0	230.0	35.1	33.0	50.5	50.1
2010-08-24	15070.0	361.0	487.0	14111.0	13828.0	73.0	230.0	36.5	32.9	51.8	48.1
2010-08-31	15571.0	881.0	604.0	14223.0	14243.0	77.0	334.0	36.3	36.1	54.5	49.2
2010-09-07	13528.0	732.0	296.0	12243.0	12448.0	258.0	489.0	36.6	43.7	54.6	54.2
