2007-11-13	6682.0	698.0	0.0	5694.0	5828.0	236.0	800.0	47.9	45.5	64.9	56.7
2007-11-20	6730.0	698.0	0.0	5744.0	5848.0	234.0	828.0	47.6	45.2	64.9	56.3
2007-11-27	6730.0	698.0	0.0	5744.0	5848.0	234.0	828.0	47.6	45.2	64.9	56.3
2007-12-18	6314.0	504.0	0.0	5554.0	5590.0	208.0	676.0	51.3	47.7	67.0	60.2
2007-12-24	6322.0	504.0	0.0	5562.0	5598.0	208.0	676.0	51.3	47.6	67.1	60.3
2007-12-31	6322.0	504.0	0.0	5586.0	5598.0	184.0	676.0	51.3	47.6	67.6	60.5
2008-05-27	8292.0	530.0	0.0	7214.0	7360.0	536.0	920.0	40.8	51.0	63.2	62.4
2008-06-03	8922.0	480.0	0.0	7906.0	7856.0	524.0	1054.0	43.4	51.9	63.5	66.7
2008-06-10	9302.0	480.0	0.0	8406.0	7996.0	404.0	1294.0	41.6	51.1	66.3	65.5
2008-06-17	9262.0	520.0	0.0	8626.0	8196.0	104.0	1054.0	42.4	42.3	65.0	59.7
2008-06-24	9588.0	170.0	0.0	9318.0	8498.0	100.0	1090.0	42.7	39.0	62.7	55.7
2008-07-01	9606.0	120.0	0.0	8090.0	8458.0	1396.0	1148.0	38.1	36.0	48.2	52.1
2008-07-08	9606.0	120.0	0.0	8090.0	8458.0	1396.0	1148.0	38.1	36.0	48.2	52.1
2008-07-15	9486.0	120.0	0.0	7970.0	8338.0	1396.0	1148.0	38.5	36.4	48.8	52.7
2008-07-22	9742.0	120.0	80.0	8226.0	8764.0	1396.0	898.0	37.4	35.0	50.0	53.3
2008-07-29	10292.0	120.0	80.0	10076.0	9544.0	96.0	668.0	41.8	36.5	58.0	53.5
2008-08-05	10110.0	120.0	60.0	9894.0	9424.0	96.0	626.0	43.8	33.7	60.3	55.5
2008-08-12	10110.0	120.0	60.0	9894.0	9424.0	96.0	626.0	43.7	33.7	60.2	55.5
2008-08-19	10170.0	120.0	60.0	9954.0	9484.0	96.0	626.0	43.2	33.5	60.3	55.1
2008-08-26	10164.0	120.0	60.0	9948.0	9478.0	96.0	626.0	43.1	33.5	60.1	55.1
2008-09-02	9736.0	120.0	40.0	9520.0	8872.0	96.0	824.0	44.6	33.8	61.7	54.1
2008-09-09	9856.0	120.0	40.0	9640.0	8992.0	96.0	824.0	45.3	34.6	62.0	54.6
2008-09-16	9868.0	120.0	40.0	9652.0	9004.0	96.0	824.0	45.2	35.2	61.9	56.9
2008-09-23	9872.0	120.0	40.0	9656.0	9008.0	96.0	824.0	45.2	35.3	61.8	56.9
2008-09-30	10234.0	120.0	40.0	10018.0	9490.0	96.0	704.0	43.5	36.4	59.5	58.0
2008-10-07	9978.0	120.0	0.0	9766.0	9276.0	92.0	702.0	43.6	35.7	60.7	58.2
2008-10-14	10224.0	120.0	0.0	10012.0	9542.0	92.0	682.0	42.5	37.2	59.2	59.3
2008-10-21	11804.0	120.0	0.0	11472.0	11062.0	212.0	742.0	43.2	31.6	58.9	52.0
2008-10-28	11934.0	120.0	0.0	11602.0	11192.0	212.0	742.0	44.8	33.3	60.3	53.4
2008-11-04	11296.0	80.0	0.0	11028.0	10576.0	188.0	720.0	46.7	35.5	62.5	55.4
2008-11-11	11444.0	80.0	0.0	11176.0	10724.0	188.0	720.0	43.8	32.8	59.4	52.4
2008-11-18	11292.0	80.0	0.0	10904.0	10572.0	308.0	720.0	41.1	31.5	57.5	51.4
2008-11-25	11102.0	80.0	0.0	10634.0	10342.0	388.0	760.0	41.3	30.6	58.0	50.3
2008-12-02	10428.0	40.0	0.0	10104.0	9750.0	284.0	678.0	42.6	32.7	60.2	53.2
2008-12-09	10524.0	40.0	0.0	10180.0	9660.0	304.0	864.0	42.2	32.1	59.8	51.7
2008-12-16	10566.0	40.0	0.0	10226.0	9678.0	300.0	888.0	42.1	32.5	59.7	51.8
2008-12-22	10554.0	40.0	0.0	10214.0	9666.0	300.0	888.0	42.0	32.6	59.7	51.8
2008-12-30	10554.0	40.0	0.0	10214.0	9666.0	300.0	888.0	42.2	32.6	59.7	51.8
2009-01-27	10278.0	0.0	0.0	9756.0	9654.0	522.0	624.0	43.3	46.2	60.9	61.4
2009-02-03	9880.0	0.0	0.0	9388.0	9334.0	492.0	546.0	39.8	46.1	56.4	59.7
2009-02-10	9828.0	0.0	0.0	9336.0	9252.0	492.0	576.0	36.1	46.5	55.7	59.3
2009-02-17	9838.0	0.0	0.0	9346.0	9262.0	492.0	576.0	36.0	46.5	55.8	59.4
2009-02-24	9930.0	0.0	0.0	9438.0	9426.0	492.0	504.0	36.7	46.8	54.3	57.0
2009-05-19	12680.0	0.0	0.0	12286.0	11718.0	394.0	962.0	29.7	39.5	43.7	49.7
2009-05-26	12368.0	0.0	0.0	11974.0	11406.0	394.0	962.0	28.1	40.8	43.8	51.2
2009-06-02	12120.0	0.0	0.0	11714.0	11114.0	406.0	1006.0	29.7	39.2	45.5	49.7
2009-06-09	11952.0	0.0	0.0	11530.0	10906.0	422.0	1046.0	30.8	39.4	45.1	49.1
2009-06-16	12118.0	0.0	0.0	11686.0	10942.0	432.0	1176.0	31.3	39.5	45.5	48.4
2009-06-23	12280.0	0.0	0.0	11852.0	11092.0	428.0	1188.0	30.8	40.1	45.2	47.9
2009-06-30	12326.0	0.0	0.0	11978.0	11206.0	348.0	1120.0	30.9	39.6	45.3	47.7
2009-07-07	11826.0	0.0	0.0	11494.0	10658.0	332.0	1168.0	30.6	40.0	44.5	48.0
2009-07-14	12004.0	0.0	0.0	11672.0	10828.0	332.0	1176.0	31.4	40.9	45.2	48.6
2009-07-21	12272.0	0.0	0.0	11724.0	11066.0	548.0	1206.0	29.9	41.0	43.5	48.3
2009-07-28	12286.0	0.0	0.0	11758.0	11070.0	528.0	1216.0	30.0	40.9	43.5	47.9
2009-08-04	12182.0	0.0	0.0	11684.0	10804.0	498.0	1378.0	31.9	38.6	45.0	49.0
2009-08-11	12476.0	0.0	0.0	11978.0	10978.0	498.0	1498.0	31.9	40.4	45.9	50.5
2009-08-18	12856.0	0.0	0.0	12358.0	11340.0	498.0	1516.0	31.2	43.7	46.7	52.4
2009-08-25	13368.0	0.0	0.0	12870.0	11492.0	498.0	1876.0	33.5	43.3	48.5	51.3
2009-09-01	12844.0	0.0	0.0	12356.0	10894.0	488.0	1950.0	34.9	43.1	49.2	50.9
2009-09-08	13042.0	0.0	0.0	12554.0	10972.0	488.0	2070.0	35.5	43.8	49.6	50.3
2009-09-15	13048.0	0.0	0.0	12560.0	10790.0	488.0	2258.0	33.8	43.9	48.1	47.5
2009-09-22	13264.0	0.0	0.0	12752.0	11000.0	512.0	2264.0	34.4	44.6	48.6	48.1
2009-09-29	13148.0	0.0	0.0	12612.0	12750.0	536.0	398.0	32.5	55.7	47.9	61.5
2009-10-06	12604.0	0.0	0.0	12056.0	12226.0	548.0	378.0	32.8	57.5	49.0	63.1
2009-10-13	12516.0	0.0	0.0	11948.0	10718.0	568.0	1798.0	33.3	51.7	50.9	54.5
2009-10-20	12658.0	0.0	0.0	12002.0	12260.0	656.0	398.0	33.5	62.5	52.6	68.3
2009-10-27	12248.0	0.0	0.0	11568.0	11850.0	680.0	398.0	30.2	60.5	49.9	66.6
2009-11-03	11712.0	0.0	0.0	11012.0	11324.0	700.0	388.0	30.5	62.0	51.3	67.5
2009-11-09	12148.0	0.0	0.0	10992.0	11456.0	1156.0	692.0	36.3	62.0	54.3	67.3
2009-11-17	12058.0	0.0	0.0	10868.0	11324.0	1190.0	734.0	35.2	61.2	53.4	66.5
2009-11-24	12126.0	0.0	0.0	10912.0	11356.0	1214.0	770.0	35.0	61.3	52.7	66.6
2009-12-01	11584.0	0.0	0.0	10366.0	10664.0	1218.0	920.0	37.1	62.8	53.5	66.6
2009-12-08	11518.0	0.0	0.0	10654.0	10684.0	864.0	834.0	34.1	60.5	51.6	64.4
2009-12-15	11586.0	0.0	0.0	10462.0	10766.0	1124.0	820.0	30.1	59.6	47.5	63.5
2009-12-22	11746.0	0.0	0.0	10786.0	10868.0	960.0	878.0	30.1	59.7	47.0	63.7
2009-12-29	11762.0	0.0	0.0	10804.0	10884.0	958.0	878.0	29.9	59.5	46.9	63.5
2010-01-05	11208.0	0.0	0.0	10078.0	10364.0	1130.0	844.0	30.7	59.4	49.3	64.2
2010-01-12	11248.0	0.0	0.0	10128.0	10688.0	1120.0	560.0	30.7	61.7	49.0	66.5
2010-01-19	11282.0	0.0	0.0	10232.0	10722.0	1050.0	560.0	29.6	61.4	48.4	66.4
2010-01-26	11300.0	0.0	0.0	10238.0	10766.0	1062.0	534.0	29.5	61.2	47.9	66.2
2010-02-02	10920.0	0.0	0.0	9916.0	10478.0	1004.0	442.0	31.2	59.7	47.6	64.7
2010-02-09	10977.0	0.0	0.0	9973.0	10515.0	1004.0	462.0	31.3	59.4	47.6	65.4
2010-02-16	11141.0	0.0	0.0	10137.0	10671.0	1004.0	470.0	30.3	58.1	46.8	65.1
2010-02-23	11494.0	0.0	0.0	10342.0	10716.0	1152.0	778.0	31.3	58.4	47.2	62.5
2010-03-02	10938.0	0.0	0.0	9852.0	10178.0	1086.0	760.0	32.3	58.5	48.4	62.8
2010-03-09	11226.0	0.0	0.0	10140.0	10446.0	1086.0	780.0	32.6	57.5	49.8	63.0
2010-03-16	11172.0	0.0	0.0	10090.0	10378.0	1082.0	794.0	31.8	57.1	49.8	62.7
2010-03-23	11118.0	0.0	0.0	10036.0	10322.0	1082.0	796.0	31.4	57.3	49.6	63.0
2010-03-30	11232.0	0.0	0.0	10126.0	10526.0	1106.0	706.0	31.3	57.7	49.3	64.1
2010-04-06	10810.0	0.0	0.0	9554.0	9910.0	1256.0	900.0	32.4	56.8	50.7	62.2
2010-04-13	11292.0	0.0	0.0	10036.0	10392.0	1256.0	900.0	30.9	59.0	49.6	64.3
2010-04-20	11346.0	0.0	0.0	10090.0	10438.0	1256.0	908.0	30.4	58.7	49.4	64.0
2010-04-27	11200.0	0.0	0.0	9944.0	10290.0	1256.0	910.0	28.4	59.4	47.1	64.8
2010-05-04	10842.0	0.0	0.0	9650.0	9970.0	1192.0	872.0	29.3	59.6	48.1	65.0
2010-05-11	10726.0	0.0	0.0	9534.0	9830.0	1192.0	896.0	30.2	59.2	48.3	64.7
2010-05-18	10974.0	0.0	0.0	9722.0	10050.0	1252.0	924.0	31.2	58.5	49.7	64.0
2010-05-25	10956.0	0.0	0.0	9714.0	9992.0	1242.0	964.0	30.3	59.4	48.3	64.9
2010-06-01	10268.0	0.0	0.0	9074.0	9322.0	1194.0	946.0	31.9	54.7	49.4	61.4
2010-06-08	10350.0	0.0	0.0	9156.0	9404.0	1194.0	946.0	32.0	55.1	49.8	61.6
2010-06-15	10442.0	0.0	0.0	9248.0	9496.0	1194.0	946.0	31.8	54.4	49.5	61.5
2010-06-22	10684.0	0.0	0.0	9302.0	9694.0	1382.0	990.0	32.4	53.3	49.8	62.9
2010-06-29	10802.0	0.0	0.0	9468.0	9860.0	1334.0	942.0	32.0	56.3	49.0	62.0
2010-07-06	10208.0	0.0	0.0	9033.0	9292.0	1175.0	916.0	33.9	56.6	50.6	62.2
2010-07-13	10236.0	0.0	0.0	9061.0	9320.0	1175.0	916.0	33.8	56.9	50.8	62.5
2010-07-20	10414.0	0.0	0.0	9119.0	9252.0	1295.0	1162.0	34.3	55.9	51.2	61.5
2010-07-27	10380.0	0.0	0.0	9125.0	9018.0	1255.0	1362.0	34.4	53.8	51.4	59.4
2010-08-03	9908.0	0.0	0.0	8738.0	8588.0	1170.0	1320.0	35.2	52.8	50.9	58.3
2010-08-10	9900.0	0.0	0.0	8722.0	8620.0	1178.0	1280.0	35.2	52.9	51.0	58.5
2010-08-17	9908.0	0.0	0.0	8730.0	8628.0	1178.0	1280.0	35.1	52.9	51.0	58.9
2010-08-24	10187.0	0.0	0.0	8954.0	8948.0	1233.0	1239.0	33.1	51.8	48.6	57.2
2010-08-31	10181.0	0.0	0.0	8990.0	8954.0	1191.0	1227.0	33.4	51.8	48.9	57.3
2010-09-07	9713.0	0.0	0.0	8583.0	8518.0	1130.0	1195.0	34.2	52.0	49.4	57.7
2010-09-14	9763.0	0.0	0.0	8643.0	8552.0	1120.0	1211.0	34.5	51.7	49.5	57.4
2010-09-21	9823.0	0.0	0.0	8703.0	8660.0	1120.0	1163.0	34.6	53.4	49.3	58.7
2010-09-28	10003.0	0.0	0.0	8961.0	9161.0	1042.0	842.0	34.6	53.1	50.2	61.7
2010-10-05	9411.0	0.0	0.0	8409.0	8611.0	1002.0	800.0	36.0	51.5	50.8	60.8
2010-10-12	9477.0	0.0	0.0	8475.0	8637.0	1002.0	840.0	36.1	51.2	51.1	60.4
2010-10-19	9481.0	0.0	0.0	8479.0	8639.0	1002.0	842.0	36.1	51.2	51.2	60.4
2010-10-26	9483.0	0.0	0.0	8481.0	8641.0	1002.0	842.0	36.2	51.2	51.4	60.4
2010-11-02	9105.0	0.0	0.0	7999.0	8281.0	1106.0	824.0	37.5	49.8	52.1	60.7
2010-11-09	9301.0	0.0	0.0	8075.0	8477.0	1226.0	824.0	37.5	50.9	51.8	61.6
2010-11-16	9229.0	0.0	0.0	8133.0	8415.0	1096.0	814.0	37.8	50.0	52.2	60.8
2010-11-23	9225.0	0.0	0.0	8113.0	8391.0	1112.0	834.0	37.4	49.5	51.9	60.4
2010-11-30	9223.0	0.0	0.0	8111.0	8389.0	1112.0	834.0	37.4	49.5	51.9	60.4
2010-12-07	8721.0	0.0	0.0	7659.0	7939.0	1062.0	782.0	42.8	49.9	56.7	61.1
2010-12-14	8721.0	0.0	0.0	7659.0	7939.0	1062.0	782.0	42.8	49.9	56.7	61.1
2010-12-21	8769.0	0.0	0.0	7687.0	7915.0	1082.0	854.0	43.1	49.6	57.0	60.7
2010-12-28	8769.0	0.0	0.0	7687.0	7915.0	1082.0	854.0	43.1	49.6	57.0	60.7
2011-06-21	6558.0	0.0	210.0	5278.0	5660.0	1280.0	688.0	39.9	36.8	49.4	51.4
2011-06-28	6610.0	0.0	210.0	5284.0	5660.0	1326.0	740.0	39.2	36.5	49.1	51.0
