2008-01-29	55933.0	0.0	2489.0	48238.0	46059.0	5690.0	5380.0	46.6	46.7	63.9	65.2
2008-03-11	57210.0	0.0	3064.0	48622.0	47075.0	6278.0	4761.0	41.6	48.2	59.7	64.7
2008-04-08	55469.0	0.0	3070.0	47086.0	47309.0	6410.0	3117.0	42.1	49.6	61.4	64.8
2008-04-15	54572.0	0.0	4914.0	46350.0	46247.0	6712.0	1901.0	46.8	53.1	65.1	70.2
2008-04-22	58742.0	0.0	9698.0	50520.0	45331.0	6712.0	2203.0	51.9	57.5	68.9	73.4
2008-07-01	52936.0	0.0	6156.0	45185.0	43543.0	7751.0	3237.0	40.5	47.3	53.4	57.9
2008-07-08	54721.0	0.0	7883.0	47711.0	43903.0	7010.0	2935.0	39.2	48.9	51.7	59.2
2008-07-15	54721.0	0.0	6171.0	47711.0	43903.0	7010.0	4647.0	39.2	45.8	51.7	56.0
2008-07-22	55665.0	0.0	6045.0	48013.0	44331.0	7652.0	5289.0	38.5	45.2	50.8	55.6
2008-07-29	55330.0	0.0	6045.0	48106.0	44424.0	7224.0	4861.0	38.7	45.5	51.1	56.0
2008-08-05	50804.0	0.0	5428.0	42917.0	40526.0	7887.0	4850.0	40.1	46.8	50.9	57.2
2008-08-12	50955.0	0.0	5579.0	42917.0	40526.0	8038.0	4850.0	40.0	47.0	50.8	57.3
2008-08-19	49979.0	0.0	4603.0	42061.0	40526.0	7918.0	4850.0	40.8	45.9	50.4	56.5
2008-08-26	50407.0	0.0	4603.0	42061.0	40954.0	8346.0	4850.0	40.4	45.6	49.9	56.0
2008-09-02	46086.0	0.0	3779.0	38641.0	38178.0	7445.0	4129.0	42.0	46.9	48.5	57.0
2008-09-09	47744.0	0.0	3779.0	40843.0	39492.0	6901.0	4473.0	40.6	45.6	49.4	56.5
2008-09-16	47744.0	0.0	1270.0	40843.0	41610.0	6901.0	4864.0	40.0	44.0	46.0	52.6
2008-09-23	47744.0	0.0	1270.0	41447.0	41610.0	6297.0	4864.0	40.0	44.0	47.1	52.6
2008-09-30	51782.0	0.0	1270.0	45307.0	45555.0	6475.0	4957.0	37.7	42.1	46.5	50.8
2009-06-30	54089.0	0.0	1228.0	45803.0	48795.0	8286.0	4066.0	44.9	40.3	52.1	53.3
