2008-03-11	6820.0	2150.0	0.0	4190.0	6670.0	430.0	100.0	67.4	54.3	68.9	65.2
2008-03-18	7070.0	2000.0	0.0	4590.0	6870.0	380.0	100.0	62.9	52.3	68.6	61.5
2008-03-25	8945.0	2000.0	0.0	5890.0	8220.0	555.0	225.0	64.8	55.3	68.2	63.2
2008-04-01	9645.0	2000.0	100.0	6915.0	8995.0	230.0	50.0	61.2	52.4	68.9	60.9
2008-04-08	7345.0	1100.0	50.0	5525.0	6795.0	220.0	0.0	69.4	56.8	74.2	68.1
2008-04-15	8620.0	1400.0	50.0	6320.0	7970.0	400.0	100.0	65.0	50.5	69.6	62.1
2008-04-22	9120.0	1650.0	0.0	6520.0	8470.0	400.0	100.0	64.7	50.4	69.1	62.0
2008-04-29	9720.0	1650.0	0.0	6770.0	8870.0	750.0	300.0	60.7	45.3	63.8	56.3
2008-05-06	7550.0	1650.0	0.0	5000.0	6675.0	400.0	375.0	64.9	50.0	69.5	63.2
2008-05-13	7775.0	1650.0	50.0	5425.0	7000.0	250.0	275.0	62.4	50.5	67.5	60.1
2008-05-20	7975.0	1650.0	50.0	5525.0	7200.0	350.0	275.0	60.8	51.1	65.8	61.1
2008-05-27	8075.0	1700.0	50.0	5775.0	6645.0	150.0	930.0	60.7	40.5	66.3	50.4
2008-06-03	6565.0	1200.0	50.0	4765.0	4710.0	0.0	1205.0	55.8	34.0	63.4	44.7
2008-06-10	6840.0	800.0	50.0	5540.0	5085.0	0.0	1205.0	51.8	33.0	62.0	44.0
2008-06-17	7515.0	800.0	50.0	5915.0	5560.0	300.0	1405.0	52.1	29.4	61.4	40.7
2008-06-24	8165.0	800.0	0.0	6665.0	6310.0	200.0	1355.0	51.9	27.1	62.3	39.3
2008-07-01	8851.0	1033.0	50.0	7168.0	7096.0	0.0	1055.0	45.4	25.0	56.5	36.8
2008-07-08	7600.0	298.0	200.0	6778.0	6876.0	124.0	124.0	50.7	36.4	58.3	49.5
2008-07-15	7876.0	323.0	200.0	7103.0	7206.0	50.0	70.0	50.5	34.9	57.2	49.7
2008-07-22	7926.0	373.0	200.0	7103.0	7256.0	50.0	70.0	49.3	34.9	57.4	47.5
2008-07-29	7926.0	423.0	200.0	7053.0	7256.0	50.0	70.0	46.4	34.3	53.6	47.5
2008-08-05	6768.0	425.0	20.0	5893.0	6248.0	100.0	150.0	40.5	36.9	50.1	51.3
2008-08-12	7060.0	375.0	20.0	6085.0	6490.0	250.0	200.0	41.8	36.5	50.5	50.6
2008-08-19	7790.0	730.0	0.0	6760.0	7390.0	200.0	300.0	42.1	33.1	51.2	47.8
2008-08-26	8603.0	655.0	0.0	7648.0	8203.0	200.0	300.0	36.4	29.4	45.5	41.8
2008-09-02	9553.0	655.0	0.0	8523.0	8978.0	200.0	400.0	35.9	27.7	46.4	39.0
2008-09-09	8087.0	355.0	450.0	7307.0	7212.0	300.0	300.0	45.4	33.7	57.5	47.9
2008-09-16	9200.0	355.0	1388.0	8470.0	7437.0	325.0	325.0	45.8	34.4	57.1	48.8
2008-09-23	9488.0	355.0	1263.0	8533.0	7450.0	600.0	775.0	41.9	33.8	53.4	47.0
2008-09-30	10138.0	355.0	1388.0	9483.0	8400.0	200.0	250.0	41.7	32.4	52.7	49.4
2008-10-07	8655.0	50.0	1363.0	8405.0	7028.0	100.0	164.0	46.8	36.8	58.9	51.9
2008-10-14	10980.0	87.0	1463.0	10643.0	9267.0	150.0	150.0	46.7	30.2	58.7	45.4
2008-10-21	12995.0	87.0	1513.0	12683.0	11257.0	100.0	100.0	41.3	25.3	51.0	40.7
2008-10-28	15012.0	74.0	1563.0	13813.0	12237.0	950.0	1037.0	36.2	22.2	46.5	35.7
2008-11-04	12530.0	37.0	1801.0	11981.0	10127.0	350.0	440.0	37.7	30.2	53.9	47.3
2008-11-11	13242.0	61.0	1738.0	12616.0	10939.0	315.0	315.0	34.3	30.9	51.8	49.3
2008-11-18	14127.0	61.0	1913.0	13261.0	11409.0	555.0	555.0	32.8	26.5	49.9	44.1
2008-11-25	15182.0	61.0	1853.0	14626.0	12774.0	255.0	315.0	35.4	27.5	50.6	46.8
2008-12-02	11606.0	103.0	1038.0	10983.0	10048.0	140.0	140.0	40.4	33.1	57.8	47.5
2008-12-09	13946.0	153.0	1038.0	13073.0	12188.0	140.0	140.0	38.4	34.7	54.8	46.7
2008-12-16	15331.0	103.0	1088.0	14558.0	13423.0	40.0	190.0	36.6	30.6	53.6	44.1
2008-12-22	16381.0	503.0	1088.0	15408.0	14823.0	140.0	140.0	34.9	30.4	49.3	44.2
2008-12-30	16921.0	103.0	1088.0	16778.0	15793.0	40.0	40.0	37.3	30.7	51.4	44.7
2009-01-06	12594.0	0.0	988.0	12478.0	11516.0	116.0	90.0	44.3	31.5	59.7	46.2
2009-01-13	14672.0	141.0	988.0	14411.0	13594.0	120.0	90.0	39.1	30.1	53.3	42.5
2009-01-20	16927.0	141.0	988.0	16711.0	15849.0	75.0	90.0	37.7	29.4	49.7	41.1
2009-01-27	18552.0	91.0	483.0	18376.0	17979.0	85.0	90.0	33.3	28.5	41.1	38.3
2009-02-03	13712.0	91.0	309.0	13441.0	13213.0	180.0	190.0	35.1	28.1	47.1	39.1
2009-02-10	16046.0	91.0	309.0	15650.0	15527.0	305.0	210.0	34.8	29.9	47.6	38.5
2009-02-17	17855.0	91.0	309.0	17305.0	17356.0	459.0	190.0	33.1	30.4	46.3	40.0
2009-02-24	19819.0	91.0	309.0	19309.0	19070.0	419.0	440.0	29.4	28.1	42.7	37.9
2009-03-03	15850.0	76.0	185.0	15433.0	15481.0	300.0	143.0	32.6	24.1	43.3	37.8
2009-03-10	18360.0	76.0	285.0	17893.0	17841.0	350.0	193.0	33.9	26.1	44.3	40.0
2009-03-17	19611.0	76.0	285.0	18344.0	18052.0	1150.0	1233.0	36.2	25.5	48.8	41.6
2009-03-24	20932.0	76.0	335.0	20555.0	20503.0	260.0	53.0	37.1	24.2	51.4	40.4
2009-03-31	21730.0	76.0	274.0	21302.0	21362.0	311.0	53.0	35.3	24.5	48.3	38.4
2009-04-07	17967.0	159.0	200.0	17153.0	17306.0	614.0	420.0	34.5	21.5	47.0	37.5
2009-04-14	19167.0	159.0	200.0	18253.0	18406.0	714.0	520.0	35.5	20.1	45.2	35.1
2009-04-21	20626.0	159.0	200.0	19662.0	19855.0	764.0	530.0	34.3	20.1	45.0	34.8
2009-04-28	23865.0	357.0	200.0	22624.0	23054.0	843.0	570.0	28.9	20.0	38.8	33.6
2009-05-05	17337.0	448.0	0.0	16453.0	16774.0	286.0	413.0	33.8	24.1	47.2	36.6
2009-05-12	19277.0	565.0	0.0	18093.0	18514.0	469.0	613.0	34.4	22.2	46.9	34.5
2009-05-19	21159.0	565.0	50.0	19450.0	19633.0	669.0	1001.0	34.3	22.0	48.2	35.4
2009-05-26	24396.0	515.0	100.0	22562.0	22528.0	844.0	1293.0	33.1	21.4	46.6	34.8
2009-06-02	20261.0	333.0	150.0	18744.0	18236.0	759.0	1450.0	30.2	18.8	41.7	31.7
2009-06-09	21953.0	637.0	168.0	20416.0	20836.0	453.0	502.0	31.4	20.2	42.0	33.2
2009-06-16	23506.0	631.0	168.0	22294.0	22291.0	134.0	600.0	31.0	18.7	42.2	31.3
2009-06-23	24436.0	681.0	118.0	23074.0	23021.0	234.0	850.0	31.1	18.4	41.8	30.9
2009-06-30	26386.0	449.0	168.0	25024.0	24971.0	366.0	700.0	31.5	17.7	41.2	29.7
2009-07-07	19988.0	651.0	290.0	18898.0	19202.0	289.0	346.0	32.9	22.5	47.0	34.1
2009-07-14	20972.0	450.0	140.0	19792.0	20176.0	480.0	406.0	33.0	21.9	48.0	33.4
2009-07-21	22543.0	250.0	90.0	20832.0	21349.0	911.0	554.0	32.2	21.0	47.5	32.8
2009-07-28	24417.0	300.0	90.0	22754.0	22877.0	763.0	850.0	34.1	19.1	48.9	30.5
2009-08-04	19067.0	500.0	0.0	17479.0	17622.0	563.0	920.0	33.9	20.8	46.2	34.2
2009-08-11	21021.0	500.0	0.0	19333.0	19326.0	613.0	1120.0	35.7	20.1	48.8	33.8
2009-08-18	22340.0	700.0	0.0	20658.0	20701.0	507.0	1164.0	35.1	21.9	48.6	35.0
2009-08-25	23818.0	800.0	45.0	22085.0	21983.0	483.0	1340.0	33.9	20.7	47.6	33.5
2009-09-01	25080.0	993.0	45.0	22756.0	23385.0	581.0	900.0	34.4	21.3	46.0	34.1
2009-09-08	18189.0	819.0	0.0	15165.0	17184.0	1505.0	305.0	25.4	21.3	35.6	32.5
2009-09-15	20567.0	1326.0	50.0	16845.0	19282.0	1696.0	535.0	23.9	20.6	33.4	32.1
2009-09-22	21405.0	1401.0	200.0	18077.0	20160.0	1227.0	345.0	22.1	20.3	31.1	30.4
2009-09-29	25733.0	1451.0	100.0	21380.0	24063.0	2102.0	770.0	20.4	20.1	28.8	29.0
2009-10-06	21108.0	1303.0	250.0	17627.0	19507.0	1628.0	801.0	19.0	21.1	28.2	31.4
2009-10-13	23918.0	841.0	250.0	20705.0	21457.0	1762.0	1601.0	22.1	19.1	31.9	30.3
2009-10-20	24951.0	791.0	250.0	21617.0	22119.0	1883.0	1922.0	22.5	17.1	31.9	30.2
2009-10-27	26496.0	841.0	395.0	23162.0	23319.0	1758.0	2047.0	21.7	16.7	31.5	29.7
2009-11-03	19722.0	714.0	393.0	17863.0	16943.0	558.0	1799.0	23.0	21.5	33.6	31.4
2009-11-09	22227.0	875.0	493.0	19447.0	18788.0	1368.0	2409.0	21.3	20.2	32.1	28.5
2009-11-17	22287.0	975.0	443.0	19687.0	20323.0	1138.0	1034.0	20.9	21.5	32.8	33.1
2009-11-24	23703.0	1025.0	393.0	20553.0	21639.0	1388.0	934.0	20.3	20.3	30.9	32.0
2009-12-01	25311.0	1064.0	393.0	21322.0	22947.0	2188.0	1234.0	19.1	19.8	28.8	31.2
2009-12-08	19819.0	914.0	360.0	16637.0	18307.0	1768.0	652.0	19.8	20.4	28.5	31.7
2009-12-15	20912.0	864.0	310.0	17480.0	19550.0	2018.0	502.0	19.7	22.0	27.9	31.9
2009-12-22	22060.0	964.0	260.0	18416.0	20724.0	2080.0	476.0	19.0	20.7	26.6	29.2
2009-12-29	22835.0	996.0	310.0	18834.0	21324.0	2380.0	576.0	17.9	21.1	25.5	29.7
2010-01-05	16474.0	996.0	250.0	14096.0	14971.0	957.0	828.0	21.0	22.8	30.3	33.2
2010-01-12	17504.0	1571.0	550.0	14953.0	15678.0	455.0	751.0	22.0	22.4	32.8	33.5
2010-01-19	19294.0	1621.0	450.0	15658.0	17483.0	1390.0	736.0	20.5	20.8	30.9	33.0
2010-01-26	22069.0	1371.0	50.0	17083.0	19958.0	2940.0	1386.0	20.9	18.1	28.9	29.3
2010-02-02	16375.0	851.0	325.0	14472.0	15210.0	700.0	488.0	29.3	21.2	40.0	33.0
2010-02-09	17370.0	851.0	325.0	15631.0	16157.0	486.0	486.0	30.1	20.1	38.9	30.8
2010-02-16	17919.0	851.0	525.0	15880.0	16225.0	686.0	667.0	30.3	19.8	38.6	30.4
2010-02-23	20358.0	1126.0	1625.0	17855.0	17475.0	800.0	681.0	26.7	19.2	35.1	31.2
2010-03-02	15998.0	1115.0	1825.0	14090.0	13432.0	543.0	491.0	23.3	16.5	34.7	26.8
2010-03-09	17575.0	1040.0	1985.0	15669.0	14726.0	391.0	389.0	23.7	19.9	34.7	30.0
2010-03-16	19200.0	1041.0	2080.0	17064.0	15976.0	540.0	589.0	21.5	19.8	31.4	28.6
2010-03-23	20505.0	1056.0	2030.0	18329.0	17341.0	440.0	454.0	21.5	20.7	30.8	28.9
2010-03-30	23268.0	1056.0	2548.0	20274.0	18800.0	1008.0	990.0	21.2	21.7	29.5	29.2
2010-04-06	17056.0	575.0	1373.0	15585.0	14805.0	216.0	198.0	28.4	26.1	37.4	37.8
2010-04-13	18557.0	625.0	1723.0	17211.0	16131.0	216.0	198.0	28.3	26.1	38.9	37.3
2010-04-20	19344.0	625.0	1580.0	18298.0	17411.0	216.0	148.0	27.4	26.4	37.6	37.1
2010-04-27	20193.0	580.0	1610.0	18717.0	17723.0	446.0	410.0	25.6	26.1	36.5	36.2
2010-05-04	13646.0	350.0	1625.0	12678.0	11421.0	168.0	150.0	28.8	34.0	48.0	47.7
2010-05-11	14658.0	550.0	1825.0	13740.0	12483.0	118.0	100.0	26.7	30.7	43.8	43.7
2010-05-18	16378.0	650.0	875.0	15360.0	15153.0	218.0	200.0	25.0	23.1	40.1	35.9
2010-05-25	16712.0	800.0	925.0	15544.0	15437.0	168.0	150.0	25.2	21.1	37.3	35.2
2010-06-01	18764.0	900.0	900.0	16669.0	17235.0	818.0	252.0	22.4	21.5	33.4	35.6
2010-06-08	12018.0	600.0	643.0	10941.0	10873.0	150.0	175.0	30.4	26.1	42.9	37.0
2010-06-15	12521.0	675.0	618.0	11429.0	11451.0	65.0	100.0	28.5	24.9	41.7	35.8
2010-06-22	14631.0	675.0	618.0	13466.0	13538.0	65.0	50.0	27.9	22.6	39.7	34.3
2010-06-29	17367.0	725.0	768.0	15787.0	15744.0	180.0	180.0	26.0	19.0	35.7	28.2
2010-07-06	14219.0	625.0	316.0	13044.0	13353.0	0.0	0.0	22.6	20.9	31.1	32.1
2010-07-13	15081.0	500.0	566.0	13981.0	14115.0	200.0	0.0	22.1	19.4	30.9	30.0
2010-07-20	15779.0	500.0	716.0	14929.0	14713.0	0.0	0.0	21.9	19.1	31.1	29.8
2010-07-27	19962.0	650.0	986.0	18362.0	18026.0	0.0	0.0	23.6	16.5	31.3	27.5
2010-08-03	16593.0	300.0	720.0	15193.0	14773.0	0.0	0.0	30.0	26.6	41.9	36.6
2010-08-10	16726.0	350.0	870.0	15326.0	14806.0	0.0	0.0	27.6	26.1	40.4	36.5
2010-08-17	17333.0	350.0	1145.0	16183.0	15388.0	0.0	0.0	29.0	24.6	41.0	35.6
2010-08-24	18428.0	250.0	1545.0	17228.0	15983.0	50.0	0.0	29.4	23.3	39.8	34.2
2010-08-31	21623.0	181.0	1845.0	20573.0	18909.0	0.0	0.0	30.7	20.9	40.6	31.6
2010-09-07	16153.0	0.0	948.0	14753.0	13805.0	100.0	100.0	33.0	22.5	43.4	34.8
2010-09-14	16718.0	200.0	948.0	15193.0	14445.0	75.0	75.0	30.6	22.9	41.1	35.9
2010-09-21	18449.0	350.0	1098.0	16999.0	16251.0	0.0	0.0	25.0	21.5	34.4	32.8
2010-09-28	19851.0	450.0	1085.0	18151.0	17501.0	0.0	15.0	23.5	21.1	32.2	32.2
2010-10-05	16175.0	63.0	944.0	15225.0	14329.0	0.0	15.0	25.5	19.9	35.2	31.6
2010-10-12	17400.0	63.0	944.0	16525.0	15629.0	0.0	15.0	26.6	21.0	38.3	34.2
2010-10-19	17875.0	163.0	994.0	16975.0	16129.0	0.0	15.0	27.5	20.0	38.8	33.7
2010-10-26	20510.0	200.0	1306.0	19510.0	18389.0	0.0	15.0	26.4	16.0	35.7	27.5
2010-11-02	15673.0	400.0	1125.0	14803.0	13934.0	20.0	164.0	28.3	18.8	38.6	30.9
2010-11-09	17696.0	850.0	1322.0	16401.0	15934.0	20.0	15.0	32.8	25.4	44.9	38.0
2010-11-16	19217.0	475.0	1397.0	17997.0	17080.0	20.0	15.0	33.8	30.2	49.4	44.0
2010-11-23	17347.0	475.0	1497.0	16402.0	15385.0	20.0	15.0	33.5	23.2	46.9	37.6
2010-11-30	20416.0	475.0	1622.0	19206.0	18064.0	85.0	80.0	29.1	17.1	38.2	28.5
2010-12-07	15409.0	475.0	1390.0	14251.0	13304.0	33.0	65.0	30.6	23.9	42.8	36.9
2010-12-14	16334.0	475.0	1540.0	15176.0	14129.0	83.0	65.0	32.9	24.0	46.3	37.6
2010-12-21	17210.0	425.0	1665.0	16145.0	14955.0	115.0	65.0	33.3	26.6	48.1	41.9
2010-12-28	18865.0	425.0	1540.0	17800.0	16685.0	65.0	65.0	34.1	25.6	47.0	39.7
2011-01-04	14055.0	167.0	692.0	13538.0	12998.0	50.0	65.0	32.3	24.5	43.7	38.7
2011-01-11	15465.0	442.0	692.0	14573.0	14308.0	50.0	65.0	29.8	23.0	39.9	37.1
2011-01-18	17410.0	442.0	642.0	16518.0	16293.0	50.0	75.0	29.2	30.2	41.2	43.8
2011-01-25	18383.0	417.0	742.0	17566.0	17226.0	50.0	65.0	28.2	28.7	40.2	42.5
2011-02-01	21230.0	417.0	902.0	20133.0	19633.0	50.0	65.0	25.5	28.4	37.0	41.1
2011-02-08	16428.0	250.0	660.0	15580.0	15173.0	18.0	15.0	30.0	24.1	41.3	36.4
2011-02-15	17538.0	250.0	710.0	16690.0	16233.0	18.0	15.0	28.2	26.0	40.3	36.4
2011-02-22	17576.0	220.0	635.0	16803.0	16241.0	18.0	165.0	28.2	27.9	40.4	39.2
2011-03-01	19423.0	320.0	660.0	18035.0	17680.0	588.0	603.0	28.6	21.3	36.4	31.7
2011-03-08	15152.0	480.0	784.0	14083.0	13764.0	419.0	434.0	26.0	23.5	39.0	34.4
2011-03-15	15747.0	400.0	754.0	14578.0	14209.0	369.0	384.0	24.2	20.9	36.8	32.0
2011-03-22	16684.0	350.0	754.0	15565.0	15146.0	369.0	384.0	25.3	20.9	36.5	31.6
2011-03-29	18504.0	400.0	904.0	17285.0	16766.0	419.0	434.0	24.0	23.2	34.0	32.9
2011-04-05	13217.0	400.0	774.0	12467.0	12078.0	100.0	115.0	25.5	23.1	34.8	35.2
2011-04-12	15252.0	500.0	894.0	14502.0	14093.0	0.0	15.0	30.5	26.2	39.8	39.7
2011-04-19	16522.0	825.0	894.0	15447.0	15348.0	0.0	30.0	28.8	25.1	39.1	40.4
2011-04-26	17289.0	825.0	1024.0	16204.0	16015.0	10.0	0.0	29.5	27.5	40.6	43.0
2011-05-03	11605.0	475.0	880.0	10810.0	10185.0	30.0	250.0	23.0	25.6	38.0	40.5
2011-05-10	13016.0	475.0	941.0	12211.0	11785.0	40.0	0.0	25.2	33.0	41.7	48.8
2011-05-17	13490.0	375.0	1091.0	12635.0	11959.0	40.0	0.0	25.1	28.5	41.4	44.8
2011-05-24	15090.0	425.0	1091.0	14035.0	13409.0	140.0	100.0	24.9	27.0	40.8	46.1
2011-05-31	17442.0	1005.0	1091.0	15373.0	15747.0	560.0	100.0	23.2	26.8	36.2	45.6
2011-06-07	14202.0	1901.0	461.0	11937.0	13377.0	50.0	50.0	24.7	28.6	38.1	44.1
2011-06-14	15978.0	1901.0	461.0	13463.0	14853.0	50.0	100.0	21.6	25.9	33.9	39.3
2011-06-21	17678.0	1941.0	461.0	15073.0	16503.0	100.0	150.0	20.2	26.9	33.1	39.8
2011-06-28	18980.0	2091.0	461.0	16175.0	17755.0	50.0	100.0	20.1	28.9	32.1	40.9
2011-07-05	14970.0	2876.0	400.0	11669.0	14030.0	0.0	115.0	26.7	34.8	36.5	46.4
2011-07-12	15194.0	2826.0	530.0	12093.0	14389.0	100.0	100.0	27.9	36.6	37.7	48.0
2011-07-19	15681.0	2596.0	680.0	12930.0	14846.0	0.0	0.0	27.0	36.4	37.5	48.9
2011-07-26	17341.0	2546.0	630.0	14590.0	16506.0	0.0	0.0	24.2	32.7	33.9	44.0
2011-08-02	14422.0	2011.0	580.0	11866.0	13290.0	0.0	7.0	25.7	31.0	37.1	44.7
2011-08-09	15007.0	2011.0	930.0	12701.0	13775.0	0.0	7.0	26.7	32.5	38.2	45.6
2011-08-16	16503.0	2062.0	1025.0	14246.0	15226.0	0.0	57.0	29.4	30.0	40.2	43.5
2011-08-23	16312.0	862.0	980.0	15226.0	15101.0	0.0	7.0	25.2	28.5	36.2	41.9
2011-08-30	16287.0	887.0	780.0	15176.0	15276.0	25.0	32.0	24.2	27.7	35.2	40.5
2011-09-06	11693.0	455.0	524.0	10948.0	10872.0	150.0	157.0	26.2	35.6	41.8	53.9
2011-09-13	12238.0	355.0	524.0	11543.0	11367.0	200.0	207.0	26.5	30.5	39.5	46.9
2011-09-20	12965.0	305.0	474.0	12370.0	12074.0	150.0	277.0	27.1	31.5	39.6	44.5
2011-09-27	15190.0	355.0	274.0	14320.0	14419.0	175.0	157.0	24.6	29.6	37.7	43.6
2011-10-04	11025.0	500.0	170.0	10445.0	10768.0	80.0	87.0	37.2	41.0	51.7	51.5
2011-10-11	11483.0	350.0	190.0	11013.0	11186.0	20.0	7.0	35.2	38.4	47.5	49.1
2011-10-18	13879.0	335.0	305.0	13429.0	13452.0	0.0	7.0	27.2	33.8	38.5	44.3
2011-10-25	15331.0	385.0	405.0	14831.0	14704.0	0.0	107.0	26.3	31.3	37.8	41.6
2011-11-01	17132.0	435.0	205.0	15932.0	16155.0	0.0	7.0	27.6	30.6	37.3	40.0
2011-11-15	13250.0	250.0	580.0	11676.0	11920.0	674.0	100.0	20.0	25.0	32.4	36.9
2011-11-22	14248.0	950.0	851.0	12674.0	12697.0	74.0	150.0	21.8	24.3	36.3	35.9
2011-11-29	15298.0	1050.0	1016.0	13724.0	13682.0	24.0	100.0	21.3	24.1	34.1	35.2
2011-12-06	11235.0	500.0	821.0	10585.0	10164.0	0.0	100.0	22.8	21.4	36.1	34.3
2011-12-13	12040.0	300.0	956.0	11390.0	10584.0	0.0	150.0	23.3	20.0	34.9	33.7
2011-12-20	13104.0	400.0	1312.0	12404.0	11342.0	0.0	150.0	23.3	19.1	35.9	31.9
2011-12-27	14120.0	400.0	1618.0	13570.0	12202.0	0.0	150.0	21.6	17.0	33.4	30.1
2012-01-03	16309.0	400.0	1458.0	15709.0	14401.0	0.0	250.0	19.7	18.8	30.9	29.9
2012-01-10	13973.0	150.0	2441.0	13655.0	10882.0	18.0	500.0	26.9	30.2	39.2	37.9
2012-01-17	14096.0	195.0	2441.0	13633.0	10905.0	18.0	500.0	19.7	29.6	33.3	37.9
2012-01-24	14300.0	259.0	2441.0	13773.0	11068.0	18.0	541.0	20.8	31.4	35.0	39.9
2012-01-31	16158.0	259.0	3341.0	15681.0	12617.0	18.0	0.0	21.1	28.1	33.0	36.1
2012-02-07	12660.0	59.0	2897.0	12358.0	9498.0	18.0	40.0	31.2	32.1	46.8	46.2
2012-02-14	12887.0	59.0	2897.0	12585.0	9725.0	18.0	40.0	30.5	31.2	44.4	43.8
2012-02-21	14936.0	59.0	3018.0	14652.0	11653.0	0.0	40.0	29.0	26.9	43.0	39.1
2012-02-28	15297.0	59.0	3043.0	14991.0	11967.0	47.0	87.0	25.5	25.9	40.8	37.4
2012-03-06	11688.0	0.0	2837.0	11503.0	8639.0	35.0	62.0	26.1	31.4	43.8	39.5
2012-03-13	14014.0	0.0	3514.0	13829.0	10288.0	35.0	62.0	26.8	32.1	41.9	41.9
2012-03-20	15128.0	0.0	3436.0	15001.0	11496.0	35.0	104.0	26.1	30.1	41.4	41.1
2012-03-27	16268.0	100.0	3664.0	16041.0	12408.0	35.0	104.0	25.7	32.3	40.6	42.5
2012-04-03	13295.0	227.0	3175.0	12704.0	9734.0	114.0	136.0	27.3	43.0	46.1	53.6
2012-04-10	14255.0	442.0	3483.0	13414.0	10351.0	114.0	136.0	25.8	38.9	43.6	50.6
2012-04-17	15422.0	492.0	3479.0	14565.0	11541.0	102.0	139.0	26.6	37.5	42.9	50.1
2012-04-24	16154.0	642.0	3479.0	15168.0	12294.0	102.0	139.0	26.9	32.2	40.2	44.0
2012-05-01	17764.0	542.0	3479.0	16878.0	13904.0	102.0	139.0	26.8	28.6	38.0	38.8
2012-05-08	13172.0	450.0	2869.0	12403.0	10007.0	212.0	189.0	30.1	30.0	44.4	39.7
2012-05-15	14086.0	450.0	3119.0	13335.0	10674.0	194.0	186.0	31.0	31.0	44.0	41.7
2012-05-22	15032.0	450.0	3097.0	14280.0	11641.0	194.0	186.0	29.3	30.3	42.2	40.5
2012-05-29	15688.0	550.0	3153.0	14595.0	12000.0	184.0	176.0	28.6	29.9	41.0	39.6
2012-06-05	12309.0	100.0	2330.0	11615.0	9479.0	194.0	100.0	26.1	28.3	37.8	40.3
2012-06-12	12966.0	200.0	2330.0	12338.0	10286.0	178.0	100.0	26.5	29.8	39.3	41.7
2012-06-19	13578.0	200.0	2330.0	13096.0	11048.0	182.0	100.0	25.1	28.8	38.2	38.3
2012-06-26	14560.0	200.0	2430.0	14074.0	11930.0	186.0	100.0	26.3	29.6	39.6	40.9
2012-07-03	10791.0	230.0	1931.0	10277.0	8627.0	276.0	225.0	32.3	29.3	47.2	43.8
2012-07-10	10773.0	130.0	1846.0	10505.0	8850.0	130.0	69.0	29.2	29.2	43.0	42.0
2012-07-17	11289.0	180.0	1833.0	10971.0	9379.0	130.0	69.0	30.9	27.3	45.7	40.0
2012-07-24	11985.0	205.0	2077.0	11542.0	9730.0	230.0	170.0	28.9	26.3	42.9	38.9
2012-07-31	12797.0	205.0	2177.0	12454.0	10524.0	130.0	88.0	27.9	24.7	42.1	37.9
2012-08-07	11171.0	209.0	2452.0	10638.0	8428.0	120.0	87.0	28.3	29.0	40.1	39.3
2012-08-14	11586.0	134.0	2789.0	11101.0	8479.0	122.0	89.0	28.2	30.0	40.0	40.4
2012-08-21	12107.0	134.0	2939.0	11622.0	8831.0	122.0	108.0	27.7	30.5	39.2	41.0
2012-08-28	14281.0	134.0	4855.0	13746.0	9063.0	122.0	84.0	31.2	35.6	42.9	44.9
2012-09-04	15870.0	134.0	6033.0	15346.0	9465.0	111.0	93.0	33.7	38.9	44.3	47.6
2012-09-11	12297.0	48.0	6200.0	11899.0	5700.0	46.0	93.0	42.6	52.5	58.9	63.3
2012-09-18	12615.0	48.0	6556.0	12142.0	5566.0	46.0	114.0	41.3	53.6	58.1	64.2
2012-09-25	13617.0	48.0	7401.0	13138.0	5693.0	52.0	144.0	41.9	58.3	58.0	68.1
2012-10-02	10743.0	83.0	7259.0	10210.0	2983.0	46.0	97.0	55.4	70.5	71.2	78.7
2012-12-11	10729.0	0.0	3820.0	7846.0	4421.0	2883.0	2488.0	40.0	37.5	53.8	51.2
2012-12-18	10987.0	0.0	3978.0	7868.0	4321.0	3119.0	2688.0	39.0	38.0	53.7	51.9
2012-12-24	11350.0	0.0	4016.0	8163.0	4512.0	3187.0	2822.0	39.1	37.2	54.2	50.5
2012-12-31	12255.0	0.0	4233.0	8855.0	4965.0	3400.0	3057.0	38.1	36.2	52.9	49.8
2013-06-25	15345.0	49.0	1673.0	10640.0	10005.0	4123.0	3134.0	18.4	27.9	25.5	33.1
2013-07-30	16115.0	932.0	1600.0	11074.0	11084.0	4084.0	3406.0	18.7	28.2	30.7	39.1
2013-08-06	13885.0	982.0	1184.0	10122.0	9923.0	2431.0	2428.0	18.4	19.6	26.6	27.1
2013-08-13	13627.0	932.0	1147.0	9850.0	10043.0	2789.0	2381.0	19.6	19.6	27.8	29.1
2013-08-20	14372.0	1217.0	1349.0	10019.0	10134.0	3136.0	2889.0	20.9	20.5	29.1	30.9
2013-08-27	15889.0	1317.0	1501.0	11265.0	11154.0	2957.0	2884.0	18.7	20.8	29.2	30.4
2013-09-03	17531.0	1567.0	1656.0	11887.0	12308.0	3453.0	2943.0	18.4	22.2	27.5	30.3
2013-09-17	13161.0	699.0	1868.0	7984.0	8135.0	3884.0	2564.0	28.2	35.1	37.1	47.1
2013-10-01	13708.0	879.0	1413.0	8410.0	8619.0	3880.0	3137.0	32.4	36.6	38.6	43.7
2017-01-03	22499.0	832.0	490.0	17224.0	17310.0	1598.0	1854.0	31.9	26.0	34.1	31.2
2017-01-10	19087.0	2013.0	0.0	14389.0	15927.0	1135.0	1610.0	32.2	32.7	39.7	36.9
2017-01-17	18835.0	1973.0	0.0	14059.0	15597.0	1213.0	1648.0	30.4	31.1	38.0	35.5
2017-01-24	19989.0	1942.0	0.0	15090.0	16728.0	1336.0	1640.0	28.6	29.0	35.9	33.9
2017-01-31	20764.0	1942.0	0.0	15769.0	17477.0	1135.0	1369.0	27.1	27.5	34.1	32.2
