2008-03-11	9294.0	1839.0	450.0	6004.0	5829.0	1451.0	3015.0	44.6	33.3	58.6	44.0
2008-03-18	9759.0	1764.0	450.0	6018.0	6258.0	1827.0	2901.0	42.5	33.3	55.0	44.7
2008-03-25	11558.0	2439.0	450.0	6914.0	6753.0	2055.0	4205.0	39.4	28.7	56.2	39.9
2008-04-01	11625.0	2682.0	450.0	6717.0	6551.0	2076.0	4474.0	35.4	26.6	52.1	37.7
2008-04-08	12418.0	2905.0	450.0	6611.0	6854.0	2487.0	4699.0	34.2	24.9	50.2	34.9
2008-04-15	12777.0	2605.0	450.0	7120.0	7234.0	2637.0	4678.0	32.4	26.3	47.6	37.5
2008-04-22	13083.0	2586.0	450.0	7378.0	7222.0	2704.0	4996.0	33.0	25.9	47.8	35.9
2008-04-29	13793.0	2586.0	672.0	7554.0	7488.0	3238.0	5218.0	31.9	23.7	46.7	33.3
2008-05-06	13164.0	2946.0	898.0	8093.0	7165.0	1521.0	4497.0	30.8	25.0	48.2	33.7
2008-05-13	13530.0	2793.0	658.0	8426.0	8071.0	1632.0	4122.0	30.3	26.5	47.7	35.8
2008-05-20	15380.0	2832.0	658.0	10201.0	7846.0	1557.0	6086.0	35.7	23.8	52.2	31.5
2008-05-27	15425.0	2006.0	732.0	10465.0	7704.0	1851.0	5886.0	36.1	22.5	50.7	30.2
2008-06-03	15099.0	1363.0	683.0	10646.0	6948.0	1937.0	6315.0	38.1	21.1	50.9	27.7
2008-06-10	13374.0	1488.0	919.0	8466.0	9162.0	2314.0	2187.0	32.7	36.4	46.0	46.4
2008-06-17	13725.0	1564.0	1250.0	8658.0	8814.0	2536.0	2694.0	33.4	35.5	46.8	48.2
2008-06-24	13973.0	1564.0	1975.0	9047.0	8748.0	2785.0	2673.0	33.6	39.6	47.9	52.5
2008-07-01	13430.0	1432.0	2094.0	8378.0	8325.0	3219.0	2610.0	32.9	38.0	46.5	51.8
2008-07-08	13604.0	1486.0	2286.0	8297.0	8235.0	3490.0	2752.0	30.8	38.9	45.6	52.5
2008-07-15	14395.0	1486.0	2253.0	8783.0	8499.0	3708.0	3225.0	31.9	36.5	45.0	49.0
2008-07-22	13980.0	929.0	1755.0	8441.0	8793.0	4342.0	3164.0	30.8	34.7	42.4	47.7
2008-07-29	14250.0	1407.0	1630.0	10264.0	9933.0	1952.0	2060.0	34.6	34.0	47.8	47.2
2008-08-05	13221.0	1506.0	1914.0	9555.0	8760.0	1661.0	2048.0	33.8	33.2	49.4	46.0
2008-08-12	14827.0	1556.0	2862.0	10349.0	9078.0	2423.0	2388.0	34.2	36.3	47.9	47.1
2008-08-19	14579.0	1556.0	2607.0	10786.0	9739.0	1738.0	1734.0	34.5	33.7	48.4	46.2
2008-08-26	15323.0	1556.0	1853.0	11065.0	10772.0	1723.0	1719.0	33.5	31.7	46.8	43.8
2008-09-02	14184.0	1313.0	1606.0	10216.0	9536.0	1620.0	2007.0	33.9	26.0	47.2	38.5
2008-09-09	15219.0	1656.0	2290.0	10360.0	9519.0	1815.0	2022.0	29.9	26.4	45.0	39.6
2008-09-16	17314.0	1656.0	4442.0	11834.0	8706.0	1899.0	2241.0	29.2	35.8	44.4	43.5
2008-09-23	18237.0	2001.0	4727.0	12385.0	9554.0	2028.0	2133.0	31.1	34.8	45.0	43.6
2008-09-30	22890.0	2783.0	5080.0	16971.0	14034.0	1767.0	2407.0	32.7	42.1	49.2	51.5
2008-10-07	24103.0	2543.0	5245.0	17607.0	15054.0	2690.0	2541.0	34.1	47.0	52.5	57.4
2008-10-14	26764.0	2905.0	6474.0	19671.0	16176.0	2630.0	2556.0	33.8	46.3	52.0	57.9
2008-10-21	32164.0	4069.0	11496.0	23787.0	16209.0	2750.0	2901.0	39.2	48.0	57.3	61.9
2008-10-28	35465.0	4914.0	12396.0	25752.0	18533.0	3479.0	3216.0	37.5	45.3	56.2	60.5
2008-11-04	37056.0	5326.0	11946.0	29047.0	21066.0	1781.0	3142.0	40.9	46.7	60.8	61.4
2008-11-11	37075.0	3847.0	11946.0	30451.0	20826.0	1740.0	3266.0	40.7	46.4	60.1	62.6
2008-11-18	38343.0	4456.0	13026.0	29929.0	21312.0	2891.0	2938.0	36.1	48.5	55.4	64.7
2008-11-25	39411.0	4252.0	13026.0	30673.0	22197.0	3041.0	2743.0	36.9	47.9	55.8	64.6
2008-12-02	38600.0	4291.0	13101.0	29850.0	21271.0	3041.0	2810.0	36.9	48.0	55.9	64.2
2008-12-09	40362.0	3440.0	12801.0	31971.0	23027.0	3287.0	2870.0	38.1	46.2	55.9	62.0
2008-12-16	40833.0	3615.0	12358.0	31509.0	23735.0	4100.0	3131.0	36.3	45.5	52.2	60.5
2008-12-22	43939.0	3351.0	9499.0	34795.0	31980.0	3872.0	539.0	34.7	41.5	49.6	57.1
2008-12-30	41777.0	2974.0	4699.0	32803.0	34501.0	3872.0	449.0	36.6	34.4	50.3	50.8
2009-01-06	40897.0	3091.0	4163.0	31955.0	34108.0	3855.0	630.0	37.0	34.9	50.8	51.5
2009-01-13	43501.0	3141.0	3400.0	34433.0	37456.0	3582.0	300.0	34.7	30.2	46.1	45.4
2009-01-20	45160.0	3141.0	3499.0	36170.0	38521.0	3339.0	630.0	33.5	26.9	45.5	41.9
2009-01-27	48734.0	3621.0	6053.0	39220.0	39407.0	3567.0	948.0	33.1	25.1	45.8	39.2
2009-02-03	48088.0	3807.0	5318.0	38762.0	39781.0	3398.0	868.0	30.0	23.9	41.7	36.8
2009-02-10	48588.0	3891.0	5705.0	38794.0	39695.0	3599.0	884.0	27.2	19.2	39.7	31.5
2009-02-17	49236.0	3891.0	5759.0	39367.0	40274.0	3599.0	824.0	27.6	20.2	40.6	33.0
2009-02-24	52119.0	3891.0	7879.0	42611.0	40991.0	3299.0	931.0	29.6	18.4	43.3	31.0
2009-03-03	50975.0	3795.0	7778.0	41969.0	40159.0	3271.0	1098.0	29.7	18.3	43.2	31.9
2009-03-10	52112.0	3795.0	6647.0	42491.0	42355.0	3640.0	924.0	28.6	18.6	41.9	31.1
2009-03-17	51519.0	3855.0	6131.0	42134.0	41426.0	3677.0	2109.0	27.3	18.3	40.4	30.4
2009-03-24	53103.0	3951.0	7099.0	43389.0	42753.0	3406.0	894.0	26.5	19.9	38.5	32.0
2009-03-31	55784.0	3951.0	6327.0	47888.0	47673.0	3418.0	1257.0	26.2	19.9	37.8	32.5
2009-04-07	53042.0	3682.0	5847.0	44389.0	43983.0	4386.0	2627.0	23.8	19.9	35.7	31.6
2009-04-14	55289.0	3832.0	5452.0	46111.0	46448.0	4386.0	2429.0	22.3	18.7	33.5	29.8
2009-04-21	55862.0	4057.0	5432.0	46444.0	47257.0	4683.0	2495.0	22.3	18.1	33.0	31.2
2009-04-28	56138.0	4057.0	5060.0	46834.0	48208.0	4683.0	2306.0	22.0	17.9	33.2	31.2
2009-05-05	54424.0	4347.0	4399.0	45076.0	47267.0	4512.0	2269.0	21.9	17.3	32.7	30.9
2009-05-12	57187.0	4347.0	2998.0	46468.0	49739.0	5052.0	3130.0	21.7	17.7	32.0	30.4
2009-05-19	58607.0	4485.0	2731.0	48011.0	51357.0	4851.0	3259.0	22.0	17.2	32.0	29.7
2009-05-26	59591.0	5967.0	1531.0	48086.0	53762.0	4629.0	3389.0	20.9	17.5	30.2	29.1
2009-06-02	58739.0	7576.0	549.0	45292.0	54679.0	4452.0	2092.0	20.7	18.7	31.2	29.9
2009-06-09	58496.0	6494.0	681.0	46932.0	55906.0	4401.0	1240.0	23.0	20.5	34.2	32.5
2009-06-16	59780.0	6143.0	792.0	47397.0	56491.0	4956.0	1213.0	22.3	20.4	33.0	32.9
2009-06-23	60614.0	5414.0	813.0	48376.0	57077.0	5172.0	1072.0	21.9	20.9	32.0	32.1
2009-06-30	61021.0	4384.0	777.0	49752.0	57060.0	4935.0	1234.0	22.7	20.5	32.8	32.2
2009-07-07	59367.0	5001.0	792.0	47883.0	55713.0	4992.0	1371.0	21.8	22.1	32.1	35.7
2009-07-14	60162.0	4701.0	737.0	49248.0	56977.0	4980.0	1215.0	23.8	23.0	34.0	35.7
2009-07-21	60372.0	5386.0	36.0	48443.0	57558.0	4974.0	1209.0	22.5	22.0	32.6	34.6
2009-07-28	62067.0	5575.0	36.0	49212.0	58641.0	5135.0	1245.0	22.0	21.9	31.8	34.1
2009-08-04	59326.0	6797.0	11.0	46087.0	56400.0	4713.0	1186.0	21.1	23.4	31.6	36.3
2009-08-11	60292.0	7705.0	11.0	46195.0	57416.0	4713.0	1186.0	20.6	24.1	31.3	36.9
2009-08-18	61249.0	9689.0	11.0	46378.0	58178.0	3392.0	1270.0	20.3	23.5	32.0	36.1
2009-08-25	59790.0	8798.0	11.0	46288.0	57197.0	2545.0	423.0	20.8	22.9	31.3	35.8
2009-09-01	55315.0	9934.0	0.0	41768.0	53605.0	2357.0	454.0	20.0	23.8	32.7	38.3
2009-09-08	55659.0	10075.0	0.0	41804.0	53554.0	2332.0	657.0	19.8	23.3	31.0	37.8
2009-09-15	56025.0	9586.0	270.0	42470.0	53497.0	2332.0	621.0	20.0	23.1	31.6	37.7
2009-09-22	56170.0	10500.0	270.0	41236.0	53342.0	2497.0	621.0	18.9	23.0	30.9	38.4
2009-09-29	57121.0	10536.0	270.0	41506.0	53834.0	2947.0	885.0	18.9	24.1	30.7	39.4
2009-10-06	55309.0	10507.0	270.0	39252.0	51682.0	2979.0	786.0	17.8	24.2	30.9	39.7
2009-10-13	55832.0	11512.0	270.0	39334.0	51685.0	3054.0	1945.0	19.6	25.2	33.0	40.7
2009-10-20	56622.0	12486.0	270.0	39182.0	52535.0	3424.0	2287.0	21.1	24.9	34.3	40.2
2009-10-27	57224.0	12485.0	420.0	39814.0	52942.0	3395.0	2332.0	20.8	24.6	34.1	39.8
2009-11-03	54256.0	12811.0	390.0	37694.0	50828.0	2573.0	1860.0	22.6	24.8	36.5	41.7
2009-11-09	54691.0	11347.0	538.0	39388.0	51081.0	2819.0	1935.0	22.9	24.6	36.5	41.7
2009-11-17	53797.0	10819.0	598.0	39115.0	50370.0	2525.0	1491.0	22.2	23.8	36.0	41.2
2009-11-24	53939.0	9633.0	311.0	39904.0	50335.0	2600.0	1491.0	22.3	23.9	35.7	41.2
2009-12-01	50966.0	8655.0	669.0	38153.0	47440.0	2623.0	1322.0	23.7	26.5	37.6	42.1
2009-12-08	51071.0	8775.0	930.0	38378.0	47404.0	2503.0	1322.0	23.9	26.8	38.0	42.3
2009-12-15	51945.0	8604.0	1599.0	39557.0	47743.0	2324.0	1143.0	23.5	26.1	37.1	41.8
2009-12-22	52227.0	7179.0	1341.0	41714.0	48928.0	2039.0	663.0	20.7	26.5	35.0	42.9
2009-12-29	52649.0	7243.0	1491.0	42400.0	49650.0	1711.0	213.0	20.9	25.7	35.2	42.3
2010-01-05	50374.0	7355.0	1716.0	39913.0	47043.0	2250.0	759.0	23.6	28.8	37.8	47.3
2010-01-12	51881.0	7492.0	2936.0	40433.0	46712.0	2583.0	860.0	23.2	28.1	38.1	45.9
2010-01-19	51885.0	7270.0	2931.0	40518.0	46631.0	2613.0	839.0	23.2	27.9	37.9	45.7
2010-01-26	51895.0	7099.0	3068.0	40588.0	46504.0	2724.0	839.0	23.2	27.7	37.9	45.5
2010-02-02	47272.0	3860.0	2770.0	39122.0	42262.0	2961.0	911.0	23.5	29.6	38.4	46.1
2010-02-09	45733.0	3686.0	2770.0	38009.0	40963.0	2850.0	812.0	22.7	30.4	37.2	46.8
2010-02-16	45869.0	3566.0	2800.0	38153.0	40963.0	2856.0	812.0	22.6	30.4	37.5	46.8
2010-02-23	48158.0	3505.0	2980.0	40429.0	42998.0	2856.0	812.0	22.2	28.1	36.7	43.7
2010-03-02	43859.0	2595.0	2191.0	36574.0	38950.0	2754.0	782.0	23.2	29.5	36.9	46.0
2010-03-09	43564.0	3081.0	2341.0	36586.0	39121.0	2717.0	922.0	23.1	29.3	37.5	45.5
2010-03-16	44198.0	3257.0	2447.0	36983.0	39352.0	2716.0	1157.0	22.5	28.9	36.8	44.6
2010-03-23	45177.0	3632.0	2485.0	37073.0	40309.0	3245.0	1156.0	22.5	28.1	37.4	43.2
2010-03-30	45658.0	3632.0	2485.0	37514.0	40750.0	3222.0	1133.0	22.3	27.8	37.0	42.7
2010-04-06	41653.0	2867.0	1437.0	34322.0	37726.0	3102.0	1128.0	25.9	29.3	38.9	44.6
2010-04-13	41921.0	2663.0	1539.0	34633.0	37617.0	3108.0	1248.0	25.5	27.7	38.5	42.9
2010-04-20	42032.0	2962.0	1667.0	34111.0	37467.0	3309.0	1248.0	26.8	27.6	39.9	42.8
2010-04-27	42541.0	3012.0	1642.0	34401.0	37736.0	3453.0	1488.0	26.4	27.3	39.5	42.3
2010-05-04	40020.0	2750.0	1492.0	32297.0	35492.0	3318.0	1381.0	26.7	29.2	39.3	42.9
2010-05-11	40339.0	2750.0	1663.0	32297.0	35327.0	3913.0	1970.0	26.8	29.5	39.3	42.8
2010-05-18	40471.0	2510.0	1576.0	32134.0	35491.0	4309.0	1886.0	25.8	29.0	38.2	42.7
2010-05-25	40384.0	2687.0	914.0	31675.0	35515.0	4705.0	2638.0	25.9	29.9	38.4	43.6
2010-06-01	37037.0	2381.0	1052.0	29080.0	32563.0	4447.0	2293.0	25.2	31.6	37.7	46.1
2010-06-08	37019.0	2345.0	941.0	29002.0	32767.0	4432.0	2071.0	25.1	31.9	37.6	46.6
2010-06-15	37006.0	2456.0	891.0	28492.0	32193.0	4435.0	2299.0	25.5	30.9	37.9	45.4
2010-06-22	37464.0	2517.0	800.0	28868.0	32700.0	4374.0	2259.0	24.1	30.4	36.4	44.7
2010-06-29	37483.0	2442.0	763.0	28718.0	32662.0	4524.0	2259.0	23.7	30.5	36.0	45.0
2010-07-06	34503.0	2134.0	534.0	26249.0	30152.0	4241.0	1938.0	27.2	33.7	40.1	48.8
2010-07-13	34815.0	2134.0	534.0	26474.0	30497.0	4328.0	1905.0	27.4	33.7	40.1	48.7
2010-07-20	35055.0	2171.0	484.0	26499.0	30720.0	4406.0	1872.0	27.3	33.7	40.0	48.5
2010-07-27	35055.0	2171.0	534.0	26549.0	30720.0	4406.0	1872.0	27.3	33.7	40.0	48.5
2010-08-03	32030.0	1874.0	798.0	24483.0	28049.0	4158.0	1668.0	26.9	34.1	40.0	48.7
2010-08-10	32013.0	2174.0	798.0	24483.0	27983.0	4075.0	1951.0	27.9	34.1	41.0	48.5
2010-08-17	32179.0	2004.0	798.0	24483.0	27983.0	4345.0	2051.0	27.2	33.9	40.3	47.9
2010-08-24	32668.0	1887.0	1316.0	26860.0	28127.0	1953.0	1257.0	26.4	33.6	39.3	49.3
2010-08-31	33007.0	2053.0	1316.0	27010.0	28577.0	1943.0	1113.0	25.8	33.3	38.5	48.8
2010-09-07	30613.0	1664.0	1404.0	25112.0	26064.0	1913.0	1221.0	25.6	34.8	38.4	48.6
2010-09-14	30588.0	1694.0	1404.0	25107.0	26059.0	1913.0	1251.0	25.6	35.2	39.1	50.0
2010-09-21	31171.0	1977.0	1293.0	25398.0	26575.0	1985.0	1492.0	25.2	34.6	38.4	49.1
2010-09-28	31448.0	1977.0	1293.0	25814.0	28041.0	1846.0	303.0	24.9	34.3	38.1	50.0
2010-10-05	30528.0	3660.0	1556.0	23512.0	27101.0	2115.0	630.0	29.3	38.4	43.1	57.1
2010-10-12	32346.0	5004.0	1805.0	23926.0	28634.0	2040.0	531.0	28.7	40.8	42.9	58.3
2010-10-19	31805.0	3354.0	1556.0	24834.0	28297.0	2220.0	555.0	26.3	41.6	39.4	58.3
2010-10-26	31833.0	3878.0	1556.0	24563.0	28550.0	2220.0	555.0	26.1	42.0	40.5	58.7
2010-11-02	30881.0	4985.0	1380.0	24106.0	27905.0	426.0	232.0	27.5	46.8	44.5	60.4
2010-11-09	31411.0	5585.0	1343.0	24081.0	28681.0	690.0	332.0	27.8	48.8	46.1	62.4
2010-11-16	31280.0	5749.0	1343.0	23950.0	28664.0	640.0	332.0	28.4	48.6	46.8	62.2
2010-11-23	32366.0	6033.0	1418.0	24602.0	29411.0	526.0	332.0	27.3	48.3	45.5	61.6
2010-11-30	32294.0	5805.0	1418.0	24485.0	29186.0	646.0	332.0	27.0	47.7	44.8	61.0
2010-12-07	31333.0	6494.0	1242.0	22540.0	28159.0	653.0	286.0	28.4	49.7	47.2	64.2
2010-12-14	32618.0	6934.0	1242.0	22940.0	28849.0	503.0	286.0	28.9	49.6	47.7	62.5
2010-12-21	33474.0	6489.0	1242.0	23646.0	29110.0	503.0	286.0	28.2	48.1	45.8	60.0
2010-12-28	33714.0	6879.0	1242.0	23646.0	29500.0	503.0	286.0	28.3	47.7	46.2	59.8
2011-01-04	31715.0	6739.0	1028.0	21993.0	27944.0	480.0	240.0	30.1	50.6	48.9	63.5
2011-01-11	32594.0	7231.0	1220.0	22260.0	28691.0	660.0	240.0	28.3	49.3	46.5	62.4
2011-01-18	33860.0	9193.0	1220.0	21660.0	29957.0	564.0	240.0	25.8	47.4	43.1	61.0
2011-01-25	34202.0	9349.0	1220.0	21723.0	30188.0	576.0	240.0	25.6	46.3	41.9	59.7
2011-02-01	32474.0	9646.0	1178.0	20181.0	29085.0	706.0	270.0	25.3	47.5	43.2	61.0
2011-02-08	33276.0	10696.0	1339.0	20370.0	30013.0	556.0	270.0	26.9	48.6	44.7	61.6
2011-02-15	33498.0	10460.0	1450.0	20298.0	29834.0	1036.0	510.0	25.9	47.8	43.6	61.1
2011-02-22	33834.0	10916.0	1403.0	20358.0	30217.0	856.0	510.0	26.0	47.3	43.5	60.5
2011-03-01	32232.0	11049.0	1039.0	19265.0	29511.0	716.0	480.0	27.3	48.7	45.2	63.0
2011-03-08	31759.0	10971.0	1003.0	19060.0	29228.0	476.0	276.0	26.8	49.0	45.7	63.0
2011-03-15	31783.0	10821.0	853.0	19234.0	29402.0	476.0	276.0	26.7	49.9	45.7	64.4
2011-03-22	32183.0	11046.0	853.0	19384.0	29777.0	476.0	276.0	26.2	49.1	44.4	63.6
2011-03-29	32286.0	10671.0	853.0	19862.0	29880.0	476.0	276.0	26.1	48.9	44.0	63.4
2011-04-05	31028.0	10743.0	1074.0	18882.0	28791.0	516.0	276.0	27.7	51.4	46.3	66.2
2011-04-12	30749.0	10806.0	714.0	18591.0	28923.0	516.0	276.0	28.3	51.9	47.1	66.8
2011-04-19	30748.0	10957.0	714.0	18515.0	28998.0	516.0	276.0	28.1	51.9	46.8	66.8
2011-04-26	31776.0	12007.0	714.0	18493.0	30026.0	516.0	276.0	28.7	53.0	48.2	67.4
2011-05-03	29718.0	11162.0	563.0	17463.0	28268.0	470.0	264.0	30.2	54.2	49.4	68.0
2011-05-10	29572.0	10415.0	563.0	17897.0	27955.0	470.0	264.0	29.9	54.2	48.5	67.3
2011-05-17	30466.0	11402.0	563.0	17519.0	28588.0	470.0	240.0	29.5	52.6	46.8	65.3
2011-05-24	31626.0	12284.0	563.0	17721.0	29672.0	470.0	240.0	30.2	51.2	48.2	63.8
2011-05-31	33558.0	14084.0	563.0	17796.0	31547.0	470.0	240.0	30.1	48.7	48.9	63.0
2011-06-07	31644.0	13787.0	560.0	16352.0	29763.0	424.0	240.0	32.6	51.8	51.5	64.1
2011-06-14	31944.0	13787.0	860.0	16652.0	29763.0	424.0	240.0	32.3	51.3	51.0	63.5
2011-06-21	33569.0	15131.0	860.0	16877.0	31374.0	466.0	240.0	35.3	52.4	53.1	64.5
2011-06-28	33548.0	15294.0	560.0	16642.0	31560.0	424.0	240.0	37.0	53.1	54.8	64.9
2011-07-05	31448.0	15057.0	483.0	14854.0	29500.0	648.0	576.0	40.2	57.5	58.7	69.2
2011-07-12	31153.0	14882.0	708.0	14797.0	28983.0	648.0	636.0	40.3	57.3	58.9	68.7
2011-07-19	31836.0	14882.0	708.0	15380.0	29506.0	748.0	796.0	39.4	56.2	57.7	67.9
2011-07-26	31879.0	14318.0	708.0	15987.0	29519.0	748.0	826.0	37.6	56.5	55.8	67.8
2011-08-02	28965.0	12983.0	693.0	14674.0	26856.0	702.0	810.0	36.4	57.5	54.6	66.2
2011-08-09	28971.0	12943.0	933.0	14729.0	26631.0	702.0	810.0	36.3	57.4	54.4	65.9
2011-08-16	29968.0	12797.0	1063.0	15647.0	27363.0	822.0	840.0	39.2	55.4	56.5	64.8
2011-08-23	30394.0	12770.0	1063.0	16220.0	27789.0	702.0	840.0	38.4	54.6	55.6	64.3
2011-08-30	29428.0	10870.0	1153.0	16926.0	26565.0	702.0	780.0	36.2	52.2	52.2	61.5
2011-09-06	26448.0	9597.0	883.0	15490.0	23976.0	556.0	784.0	39.0	56.1	56.9	64.0
2011-09-13	27186.0	9117.0	983.0	16758.0	24616.0	556.0	832.0	40.7	54.6	58.6	62.5
2011-09-20	29058.0	10035.0	983.0	17737.0	26513.0	556.0	832.0	44.2	52.1	61.2	61.9
2011-09-27	31349.0	10860.0	983.0	19203.0	28804.0	316.0	592.0	46.6	49.4	60.5	59.4
2011-10-04	30596.0	11193.0	688.0	18388.0	28497.0	270.0	666.0	51.9	50.2	64.3	61.6
2011-10-11	31585.0	11199.0	808.0	19261.0	29273.0	272.0	651.0	52.6	49.5	64.6	60.4
2011-10-18	33675.0	11541.0	865.0	21129.0	31426.0	272.0	651.0	52.7	47.2	65.8	57.5
2011-10-25	34328.0	11211.0	865.0	22112.0	32079.0	272.0	651.0	52.6	47.2	66.0	57.1
2011-11-01	31956.0	10289.0	690.0	20749.0	29845.0	242.0	745.0	55.7	48.8	66.3	59.9
2011-11-08	34350.0	11144.0	690.0	22228.0	32179.0	242.0	745.0	58.4	48.0	67.1	58.4
2011-11-15	34692.0	10929.0	1675.0	22420.0	31443.0	242.0	473.0	58.7	47.1	67.3	55.5
2011-11-22	35081.0	10929.0	1550.0	22834.0	31982.0	242.0	473.0	59.1	46.9	67.6	56.7
2011-11-29	35711.0	11229.0	2150.0	23164.0	32012.0	242.0	473.0	58.8	46.4	67.2	56.9
2011-12-06	32840.0	10796.0	2276.0	21018.0	29345.0	210.0	403.0	59.7	48.1	68.3	59.4
2011-12-13	33135.0	10721.0	2396.0	21388.0	29520.0	210.0	403.0	58.8	48.0	67.3	59.5
2011-12-20	33368.0	10871.0	2396.0	21471.0	29753.0	210.0	403.0	59.4	48.2	67.9	59.3
2011-12-27	33293.0	10871.0	2396.0	21372.0	29678.0	210.0	379.0	59.7	48.0	68.2	59.3
2012-01-03	29846.0	9978.0	2280.0	18852.0	26184.0	420.0	786.0	61.5	52.0	70.5	64.2
2012-01-10	30192.0	9978.0	2280.0	19198.0	26530.0	420.0	786.0	62.0	51.4	70.7	64.3
2012-01-17	30477.0	9978.0	2680.0	19483.0	26415.0	420.0	786.0	61.8	50.9	70.4	63.6
2012-01-24	30671.0	10015.0	2823.0	19640.0	26472.0	420.0	780.0	61.7	50.6	70.3	63.4
2012-01-31	30786.0	9969.0	3084.0	19801.0	26242.0	420.0	864.0	62.0	50.1	70.6	62.9
2012-02-07	27674.0	8680.0	3032.0	18089.0	23292.0	385.0	830.0	60.4	49.7	70.0	64.2
2012-02-14	27909.0	8809.0	3032.0	18240.0	23572.0	385.0	830.0	60.6	49.6	70.2	63.9
2012-02-21	29485.0	9295.0	3032.0	19330.0	25251.0	385.0	727.0	63.7	48.6	72.6	63.1
2012-02-28	29472.0	12650.0	2882.0	16112.0	25538.0	385.0	727.0	64.1	49.2	73.1	63.4
2012-03-06	25976.0	11291.0	1880.0	14071.0	23152.0	365.0	695.0	62.1	48.2	72.4	65.8
2012-03-13	25819.0	11216.0	1565.0	13965.0	23286.0	365.0	695.0	60.7	48.8	70.7	63.3
2012-03-20	26487.0	11307.0	1454.0	14438.0	23985.0	419.0	725.0	61.2	48.2	72.2	62.3
2012-03-27	27450.0	11157.0	1604.0	15188.0	24435.0	515.0	821.0	58.9	46.5	69.8	61.7
2012-04-03	24290.0	9465.0	1402.0	13594.0	21585.0	717.0	789.0	56.6	45.6	69.6	62.4
2012-04-10	24318.0	9465.0	1215.0	13622.0	21710.0	717.0	879.0	56.1	45.5	69.1	62.0
2012-04-17	26171.0	10484.0	988.0	14406.0	23344.0	717.0	1275.0	58.5	42.3	70.6	59.5
2012-04-24	29246.0	10895.0	1513.0	16932.0	25696.0	537.0	1155.0	61.0	38.6	71.4	55.7
2012-05-01	29510.0	10390.0	1658.0	17021.0	25067.0	438.0	1124.0	60.3	36.7	71.8	54.1
2012-05-08	29454.0	10690.0	1310.0	16611.0	25521.0	477.0	947.0	59.3	36.7	71.6	54.5
2012-05-15	30745.0	11179.0	1370.0	17713.0	27052.0	477.0	947.0	59.3	33.5	72.0	50.4
2012-05-22	31504.0	11422.0	1763.0	18169.0	27598.0	537.0	767.0	59.5	34.1	71.8	50.5
2012-05-29	31597.0	11413.0	1873.0	18988.0	28238.0	627.0	917.0	60.4	36.4	71.4	51.5
2012-06-05	29863.0	10414.0	2012.0	17989.0	26487.0	990.0	894.0	62.4	36.2	70.0	52.6
2012-06-12	28850.0	11017.0	1871.0	16220.0	25560.0	1038.0	844.0	58.3	38.0	67.4	54.9
2012-06-19	29617.0	11734.0	1788.0	16530.0	26708.0	864.0	632.0	56.2	38.0	64.9	53.5
2012-06-26	30689.0	11531.0	1858.0	17508.0	27388.0	879.0	672.0	53.7	36.7	63.6	53.1
2012-07-03	28847.0	11270.0	1624.0	15867.0	25786.0	1092.0	819.0	56.0	37.0	65.5	55.2
2012-07-10	28523.0	11606.0	1528.0	15168.0	25558.0	1092.0	780.0	56.6	37.4	64.7	55.9
2012-07-17	28581.0	12326.0	2755.0	14935.0	24909.0	1140.0	737.0	58.3	36.9	66.8	56.2
2012-07-24	29323.0	12129.0	2645.0	15926.0	25813.0	1041.0	638.0	59.6	37.0	67.9	55.8
2012-07-31	28802.0	12129.0	2170.0	15504.0	25857.0	942.0	548.0	59.4	37.7	68.1	55.4
2012-08-07	25139.0	10098.0	1902.0	13904.0	22510.0	917.0	507.0	59.1	39.1	68.5	54.7
2012-08-14	26356.0	10188.0	1852.0	14931.0	23677.0	917.0	507.0	58.1	37.3	68.7	52.7
2012-08-21	26463.0	10245.0	1877.0	15006.0	23784.0	917.0	507.0	57.0	37.1	67.6	52.5
2012-08-28	26429.0	10395.0	1481.0	14825.0	23931.0	914.0	722.0	57.0	37.1	67.7	52.7
2012-09-04	23385.0	8576.0	1446.0	13644.0	21065.0	851.0	560.0	53.5	37.7	65.5	51.9
2012-09-11	23752.0	8576.0	1746.0	13944.0	21065.0	851.0	560.0	52.7	37.1	64.4	51.2
2012-09-18	23632.0	8336.0	1746.0	13944.0	20945.0	971.0	560.0	52.9	37.3	64.8	51.4
2012-09-25	23992.0	8980.0	1296.0	13225.0	21320.0	971.0	560.0	55.7	36.7	67.1	55.2
2012-10-02	20634.0	7804.0	1216.0	11247.0	17922.0	999.0	912.0	56.7	37.9	66.8	57.2
