2008-09-23	6907.0	360.0	939.0	5927.0	5245.0	499.0	602.0	57.1	75.5	76.3	77.9
2008-09-30	6830.0	375.0	586.0	5750.0	5364.0	560.0	735.0	55.6	71.5	73.9	74.5
2008-12-16	7159.0	1429.0	0.0	4553.0	5942.0	874.0	914.0	53.6	56.1	62.9	62.5
2008-12-22	7506.0	1679.0	0.0	4645.0	6241.0	914.0	997.0	55.7	55.5	63.5	62.2
2008-12-30	7661.0	1789.0	0.0	4598.0	6331.0	946.0	1002.0	55.2	53.6	62.6	60.4
2009-01-06	7306.0	1635.0	0.0	4440.0	6119.0	903.0	859.0	55.6	56.1	62.4	61.7
2009-01-13	7501.0	1820.0	0.0	4471.0	6251.0	927.0	967.0	56.2	55.2	63.0	60.5
2009-01-20	7629.0	1844.0	0.0	4579.0	6309.0	932.0	1046.0	55.9	54.1	62.1	58.6
2009-01-27	7685.0	1818.0	0.0	4642.0	6457.0	915.0	918.0	55.2	53.8	60.8	58.9
2009-02-03	7232.0	1592.0	51.0	4524.0	5966.0	779.0	878.0	57.4	54.0	64.2	59.8
2009-02-10	7459.0	1587.0	63.0	4747.0	6076.0	620.0	815.0	56.5	53.4	63.4	58.8
2009-02-17	7458.0	1512.0	63.0	4795.0	5972.0	646.0	918.0	56.4	52.8	63.7	58.0
2009-02-24	7862.0	1521.0	63.0	5155.0	6313.0	681.0	981.0	55.2	53.3	64.1	58.6
2009-03-03	7449.0	1235.0	56.0	5013.0	5948.0	746.0	990.0	54.6	53.4	64.5	59.1
2009-03-10	7491.0	1178.0	56.0	5038.0	6033.0	931.0	1058.0	54.0	53.7	64.4	59.6
2009-03-17	7566.0	1074.0	6.0	5082.0	6076.0	984.0	1058.0	52.0	53.1	62.0	58.6
2009-03-24	7793.0	1118.0	45.0	5406.0	6482.0	870.0	867.0	50.6	52.9	60.6	58.8
2009-03-31	7964.0	1128.0	45.0	5544.0	6607.0	893.0	913.0	49.8	51.9	59.1	57.7
2009-04-07	7597.0	1018.0	35.0	5020.0	6205.0	1168.0	966.0	50.3	53.2	55.8	57.3
2009-04-14	7662.0	1055.0	35.0	4911.0	6200.0	1305.0	1036.0	50.4	53.5	55.3	57.7
2009-04-21	7734.0	1060.0	52.0	4898.0	6230.0	1385.0	1061.0	49.8	53.9	54.8	57.9
2009-04-28	7878.0	945.0	52.0	5086.0	6313.0	1392.0	1058.0	47.3	53.5	54.2	57.3
2009-05-05	7379.0	858.0	0.0	4898.0	5860.0	1252.0	1148.0	47.9	53.4	56.9	57.5
2009-05-12	7408.0	803.0	0.0	4915.0	5813.0	1259.0	1164.0	47.8	53.1	56.9	57.4
2009-05-19	7453.0	748.0	0.0	4969.0	5805.0	1245.0	1157.0	47.4	52.2	56.4	56.9
2009-05-26	7526.0	775.0	0.0	5174.0	6137.0	1101.0	913.0	47.8	52.5	56.4	58.0
2009-06-02	6890.0	607.0	0.0	4496.0	5466.0	1335.0	972.0	50.7	54.6	57.7	60.4
2009-06-09	7162.0	677.0	25.0	4744.0	5728.0	1289.0	957.0	50.9	55.9	58.8	61.3
2009-06-16	7188.0	677.0	25.0	4732.0	5737.0	1327.0	974.0	50.4	55.3	57.7	60.5
2009-06-23	7301.0	677.0	25.0	4872.0	5901.0	1300.0	923.0	48.9	55.6	56.5	60.4
2009-06-30	7367.0	677.0	25.0	4910.0	5973.0	1328.0	917.0	48.7	55.6	56.3	60.4
2009-07-07	6956.0	455.0	0.0	4845.0	5556.0	1204.0	948.0	42.8	56.8	53.7	60.9
2009-07-14	7357.0	455.0	216.0	5140.0	5518.0	1290.0	1151.0	41.0	53.1	51.6	57.4
2009-07-21	7589.0	453.0	216.0	5351.0	5901.0	1313.0	1000.0	40.6	52.1	50.2	57.5
2009-07-28	7727.0	453.0	216.0	5914.0	6214.0	888.0	825.0	39.5	52.9	51.6	57.9
2009-08-04	7185.0	322.0	216.0	5640.0	5723.0	751.0	774.0	38.1	52.2	50.0	56.5
2009-08-11	7443.0	322.0	216.0	5975.0	6037.0	674.0	718.0	38.6	50.7	49.5	54.9
2009-08-18	7536.0	277.0	216.0	6113.0	6173.0	674.0	675.0	37.5	50.3	47.7	53.9
2009-08-25	7629.0	277.0	216.0	6219.0	6243.0	661.0	698.0	36.9	49.8	47.3	53.3
2009-09-01	7539.0	247.0	216.0	6174.0	6197.0	646.0	654.0	37.4	47.0	47.5	50.6
2009-09-08	7043.0	0.0	348.0	5766.0	5412.0	770.0	776.0	38.2	46.3	46.4	50.9
2009-09-15	7108.0	0.0	348.0	5792.0	5454.0	809.0	799.0	38.1	46.1	45.9	50.7
2009-09-22	7267.0	0.0	309.0	5852.0	5586.0	891.0	848.0	37.4	45.5	44.8	49.8
2009-09-29	7340.0	0.0	314.0	5932.0	5670.0	884.0	832.0	36.9	45.4	44.5	49.7
2009-10-06	6880.0	0.0	440.0	4994.0	5038.0	1483.0	999.0	35.4	45.4	42.5	50.8
2009-10-13	6952.0	0.0	455.0	5009.0	5083.0	1555.0	1026.0	34.8	44.6	42.2	49.7
2009-10-20	6960.0	0.0	455.0	5085.0	5068.0	1487.0	1049.0	35.0	44.7	42.3	49.0
2009-10-27	7195.0	0.0	470.0	5495.0	5283.0	1312.0	1054.0	35.3	42.9	44.0	48.2
2009-11-03	6725.0	0.0	431.0	4952.0	4815.0	1385.0	1091.0	34.7	43.6	44.9	48.9
2009-11-09	6716.0	0.0	431.0	4930.0	4795.0	1398.0	1102.0	34.5	43.0	44.6	48.2
2009-11-17	6993.0	0.0	446.0	5585.0	5026.0	1031.0	1144.0	34.4	41.7	45.6	47.0
2009-11-24	7069.0	0.0	461.0	5645.0	5162.0	1057.0	1079.0	34.8	42.9	45.6	48.1
2009-12-01	7543.0	476.0	216.0	5675.0	6080.0	1210.0	1065.0	35.5	52.2	47.6	56.0
2009-12-08	7044.0	485.0	216.0	5501.0	5574.0	892.0	1088.0	35.1	52.8	49.2	56.5
2009-12-15	7242.0	377.0	216.0	5576.0	5740.0	1047.0	1044.0	33.1	50.6	46.9	54.7
2009-12-22	7360.0	377.0	216.0	5927.0	5784.0	814.0	1118.0	33.6	47.9	47.0	52.2
2009-12-29	7427.0	377.0	216.0	5982.0	5898.0	826.0	1071.0	33.9	48.1	47.4	52.9
2010-01-05	7015.0	505.0	216.0	5126.0	5443.0	1270.0	1242.0	36.2	48.2	49.1	53.8
2010-01-12	7317.0	505.0	216.0	5331.0	5678.0	1367.0	1309.0	35.3	45.8	47.8	51.0
2010-01-19	7697.0	505.0	216.0	6218.0	6383.0	860.0	984.0	32.9	44.4	46.6	49.9
2010-01-26	7857.0	505.0	216.0	6371.0	6612.0	867.0	915.0	33.0	43.8	46.3	49.0
2010-02-02	7610.0	428.0	216.0	6217.0	6319.0	851.0	961.0	33.0	42.4	47.3	47.5
2010-02-09	7641.0	400.0	216.0	6250.0	6308.0	877.0	1003.0	33.1	41.7	47.0	46.8
2010-02-16	7685.0	400.0	216.0	6283.0	6302.0	888.0	1053.0	32.9	41.5	46.8	46.1
2010-02-23	8004.0	368.0	216.0	6593.0	6624.0	929.0	1050.0	33.8	42.0	48.0	46.8
2010-03-02	7268.0	222.0	216.0	6049.0	5852.0	883.0	1086.0	33.7	42.2	46.4	48.3
2010-03-09	7449.0	138.0	216.0	6157.0	5955.0	1010.0	1134.0	32.8	41.6	44.4	47.3
2010-03-16	7456.0	138.0	216.0	6160.0	5918.0	1014.0	1178.0	32.8	41.1	43.8	45.6
2010-03-23	7611.0	138.0	216.0	6323.0	6091.0	1006.0	1160.0	33.2	41.1	43.6	45.8
2010-03-30	7710.0	138.0	216.0	6474.0	6118.0	954.0	1232.0	33.0	40.5	43.8	44.5
2010-04-06	7203.0	60.0	216.0	5567.0	5442.0	1432.0	1401.0	33.4	41.4	43.6	45.7
2010-04-13	7255.0	90.0	216.0	5676.0	5515.0	1360.0	1395.0	34.4	40.8	44.6	46.0
2010-04-20	7245.0	90.0	216.0	5674.0	5572.0	1352.0	1328.0	34.5	40.8	44.9	46.7
2010-04-27	7247.0	90.0	216.0	5635.0	5523.0	1393.0	1379.0	34.7	37.5	45.2	45.0
2010-05-04	6730.0	109.0	216.0	5043.0	5119.0	1468.0	1285.0	35.1	37.4	43.4	45.4
2010-05-11	6775.0	109.0	216.0	5104.0	5220.0	1452.0	1229.0	35.1	37.1	43.5	46.3
2010-05-18	6809.0	109.0	216.0	5127.0	5277.0	1463.0	1206.0	34.9	38.0	43.3	47.1
2010-05-25	6843.0	109.0	216.0	5122.0	5306.0	1502.0	1211.0	34.6	37.7	43.0	46.8
2010-06-01	6872.0	109.0	216.0	5134.0	5346.0	1519.0	1200.0	34.3	37.9	42.9	47.0
2010-06-08	6631.0	128.0	216.0	4760.0	5112.0	1652.0	1212.0	33.5	38.0	42.7	48.0
2010-06-15	6771.0	128.0	216.0	4855.0	5171.0	1697.0	1293.0	33.4	37.8	42.3	47.5
2010-06-22	6835.0	128.0	216.0	4892.0	5208.0	1724.0	1320.0	33.4	37.5	42.3	46.9
2010-06-29	7117.0	128.0	216.0	5081.0	5394.0	1817.0	1416.0	32.1	35.7	40.6	44.6
2010-07-06	6620.0	142.0	216.0	4513.0	4891.0	1886.0	1434.0	33.2	36.2	40.8	45.7
2010-07-13	6638.0	142.0	216.0	4565.0	4971.0	1852.0	1372.0	33.1	36.6	40.7	46.0
2010-07-20	6629.0	142.0	216.0	4542.0	4958.0	1866.0	1376.0	32.9	36.6	40.5	46.2
2010-07-27	6576.0	142.0	216.0	4543.0	4834.0	1812.0	1447.0	33.2	35.2	40.7	44.6
2010-08-03	5898.0	137.0	216.0	4016.0	4451.0	1666.0	1152.0	32.3	35.4	39.9	46.2
2010-08-10	5954.0	137.0	216.0	4096.0	4553.0	1642.0	1106.0	31.6	35.2	39.2	45.2
2010-08-17	6023.0	137.0	216.0	4197.0	4551.0	1610.0	1177.0	30.9	33.3	38.7	43.1
2010-08-24	6095.0	137.0	216.0	4262.0	4613.0	1617.0	1187.0	30.6	32.9	38.3	42.6
2010-08-31	6355.0	137.0	216.0	4366.0	4874.0	1773.0	1186.0	29.3	35.2	37.1	45.7
2010-09-07	5863.0	132.0	216.0	3960.0	4526.0	1692.0	1042.0	26.4	35.4	35.2	47.6
2010-09-14	5980.0	132.0	216.0	4040.0	4628.0	1729.0	1057.0	25.9	34.5	34.4	46.9
2010-09-21	6120.0	132.0	216.0	4177.0	4782.0	1732.0	1043.0	25.4	34.4	34.6	46.7
2010-09-28	6057.0	132.0	216.0	4139.0	4692.0	1707.0	1070.0	25.6	29.0	34.1	41.0
2010-10-05	5496.0	122.0	216.0	3534.0	4084.0	1761.0	1117.0	24.6	30.9	32.6	43.4
2010-10-12	5915.0	122.0	216.0	4007.0	4296.0	1707.0	1324.0	25.8	28.5	33.9	38.9
2010-10-19	6019.0	122.0	216.0	4152.0	4534.0	1666.0	1190.0	26.9	27.5	34.9	41.3
2010-10-26	6052.0	122.0	216.0	4198.0	4622.0	1653.0	1135.0	26.8	27.6	34.7	41.2
2010-11-02	5483.0	146.0	216.0	3915.0	4203.0	1367.0	1009.0	28.1	30.2	37.5	44.5
2010-11-09	5684.0	146.0	216.0	4044.0	4364.0	1439.0	1049.0	28.5	30.4	37.8	45.1
2010-11-16	5868.0	146.0	216.0	4384.0	4427.0	1283.0	1170.0	28.1	29.1	38.5	43.4
2010-11-23	5871.0	146.0	216.0	4355.0	4418.0	1315.0	1182.0	28.1	26.6	37.7	38.3
2010-11-30	5854.0	146.0	216.0	4298.0	4340.0	1355.0	1243.0	28.0	27.3	37.7	39.1
2010-12-07	5367.0	170.0	216.0	3815.0	3932.0	1351.0	1188.0	28.6	29.3	40.4	41.0
2010-12-14	5492.0	170.0	216.0	3754.0	3985.0	1537.0	1260.0	28.0	29.2	37.5	40.8
2010-12-21	5433.0	170.0	216.0	3679.0	3941.0	1553.0	1245.0	28.3	29.5	37.9	41.9
2010-12-28	5466.0	170.0	216.0	3922.0	4005.0	1343.0	1214.0	28.2	29.9	39.5	42.2
2011-03-29	5624.0	193.0	108.0	4123.0	4292.0	1306.0	1222.0	21.2	21.2	26.6	28.4
2011-09-27	4176.0	84.0	0.0	3188.0	3261.0	904.0	915.0	15.3	18.5	23.2	26.5
2012-05-29	3507.0	0.0	0.0	2918.0	3011.0	589.0	496.0	14.9	17.5	19.0	21.9
2012-06-05	3106.0	0.0	0.0	2537.0	2435.0	569.0	671.0	21.9	20.5	29.2	27.1
2012-06-12	3122.0	0.0	0.0	2562.0	2445.0	560.0	677.0	22.2	20.9	29.5	27.5
2012-06-19	3395.0	0.0	0.0	2811.0	2699.0	584.0	696.0	20.6	19.2	27.0	25.2
2012-06-26	3410.0	0.0	0.0	2811.0	2699.0	599.0	711.0	20.5	19.1	26.9	25.1
2012-07-31	2763.0	0.0	0.0	2220.0	2107.0	543.0	656.0	34.7	32.5	44.4	39.5
