2008-09-23	6507.0	0.0	0.0	5455.0	5990.0	1052.0	517.0	47.7	52.4	52.1	61.4
2008-09-30	6873.0	0.0	0.0	5831.0	6316.0	1042.0	557.0	47.4	52.1	52.5	60.6
2008-10-07	8068.0	0.0	0.0	7061.0	7408.0	1007.0	660.0	60.9	55.7	64.1	67.8
2008-10-14	8348.0	0.0	0.0	8318.0	7979.0	30.0	369.0	71.4	55.3	77.6	73.2
2008-10-21	9172.0	0.0	0.0	9142.0	8748.0	30.0	424.0	66.6	49.3	70.5	64.9
2008-10-28	9738.0	0.0	25.0	9688.0	9304.0	50.0	409.0	64.4	48.9	68.3	60.6
2008-11-04	11436.0	0.0	0.0	11378.0	10992.0	58.0	444.0	58.3	44.9	64.2	57.8
2008-11-11	13089.0	0.0	0.0	13001.0	12690.0	88.0	399.0	57.6	46.0	63.0	57.2
2008-11-18	13244.0	0.0	0.0	13191.0	12840.0	53.0	404.0	60.9	45.4	64.2	58.4
2008-11-25	14922.0	0.0	0.0	14864.0	14433.0	58.0	489.0	58.8	42.7	62.6	55.8
2008-12-02	14644.0	0.0	0.0	14624.0	14240.0	20.0	404.0	60.6	43.5	64.6	56.6
2008-12-09	16069.0	0.0	0.0	15995.0	15495.0	74.0	574.0	60.1	40.4	62.7	52.8
2008-12-16	16440.0	0.0	0.0	16302.0	15812.0	138.0	628.0	58.5	36.6	60.1	49.6
2008-12-22	16632.0	0.0	0.0	16504.0	16114.0	128.0	518.0	58.9	36.3	60.2	49.8
2008-12-30	16786.0	0.0	0.0	16658.0	16268.0	128.0	518.0	58.8	35.6	60.7	50.0
2009-01-06	16336.0	0.0	0.0	16198.0	15828.0	138.0	508.0	59.4	38.4	61.5	52.6
2009-01-13	17098.0	0.0	5.0	16896.0	16590.0	132.0	433.0	59.7	37.5	61.7	53.3
2009-01-20	16987.0	0.0	0.0	16915.0	16554.0	72.0	433.0	57.9	36.0	60.9	51.7
2009-01-27	17430.0	0.0	0.0	17370.0	16887.0	60.0	543.0	58.2	36.0	61.2	50.6
2009-02-03	17532.0	0.0	0.0	17472.0	17034.0	60.0	498.0	57.9	35.4	59.7	49.1
2009-02-10	15993.0	0.0	0.0	15928.0	15639.0	65.0	354.0	58.8	35.4	60.8	52.6
2009-02-17	16059.0	0.0	125.0	15904.0	15645.0	155.0	289.0	59.0	36.1	60.9	53.8
2009-02-24	16689.0	0.0	0.0	16538.0	16370.0	151.0	319.0	58.7	35.9	59.8	48.9
2009-03-03	18209.0	0.0	0.0	18103.0	17970.0	106.0	239.0	54.1	36.7	56.1	48.7
2009-03-10	16242.0	0.0	0.0	16111.0	16053.0	131.0	189.0	58.6	38.9	62.6	56.5
2009-03-17	16668.0	0.0	0.0	16522.0	16464.0	146.0	204.0	57.3	38.2	61.8	55.1
2009-03-24	16951.0	0.0	0.0	16815.0	16837.0	136.0	114.0	56.9	38.2	61.4	54.3
2009-03-31	17745.0	0.0	0.0	17609.0	17631.0	136.0	114.0	56.0	37.3	60.1	52.8
2009-04-07	16971.0	0.0	0.0	16835.0	16947.0	136.0	24.0	57.9	40.8	60.9	57.7
2009-04-14	17399.0	0.0	0.0	17023.0	17284.0	376.0	115.0	56.8	38.1	59.3	55.1
2009-04-21	18319.0	0.0	0.0	17978.0	18279.0	341.0	40.0	53.3	35.7	57.4	52.0
2009-04-28	19834.0	0.0	0.0	19493.0	19774.0	341.0	60.0	50.0	34.2	52.9	48.8
2009-05-05	18402.0	0.0	0.0	17576.0	18307.0	826.0	95.0	49.3	33.9	53.7	49.0
2009-05-12	18298.0	0.0	0.0	17433.0	18173.0	865.0	125.0	50.5	32.1	55.0	50.0
2009-05-19	18373.0	0.0	0.0	17508.0	18248.0	865.0	125.0	50.0	31.1	54.5	49.9
2009-05-26	18694.0	0.0	0.0	17809.0	18634.0	885.0	60.0	48.2	29.7	53.0	47.0
2009-06-02	18786.0	0.0	0.0	17926.0	18666.0	860.0	120.0	46.8	28.8	50.8	46.7
2009-06-09	17920.0	0.0	50.0	16950.0	17735.0	880.0	45.0	48.4	31.3	51.1	46.3
2009-06-16	17156.0	10.0	0.0	16131.0	16976.0	885.0	50.0	42.2	33.5	47.0	47.1
2009-06-23	17615.0	25.0	0.0	16565.0	17455.0	920.0	55.0	42.1	33.4	46.3	49.4
2009-06-30	17837.0	546.0	5.0	16111.0	17517.0	890.0	25.0	43.1	34.0	49.7	51.1
2009-07-07	16325.0	71.0	95.0	14747.0	15755.0	1050.0	18.0	43.4	41.0	49.2	53.0
2009-07-14	17786.0	71.0	84.0	16333.0	17386.0	1082.0	16.0	39.0	37.3	46.4	51.2
2009-07-21	18744.0	86.0	84.0	16816.0	18051.0	1249.0	16.0	36.3	33.3	41.8	47.4
2009-07-28	20719.0	0.0	84.0	19269.0	20339.0	1310.0	156.0	34.2	32.0	39.8	43.9
2009-08-04	22069.0	0.0	84.0	20604.0	21729.0	1325.0	116.0	28.5	29.4	34.4	39.4
2009-08-11	21298.0	20.0	84.0	20606.0	20948.0	552.0	146.0	25.6	28.0	34.6	37.5
2009-08-18	22058.0	125.0	84.0	20448.0	21617.0	1360.0	232.0	23.0	26.8	29.2	33.8
2009-08-25	22342.0	291.0	84.0	21220.0	21998.0	757.0	186.0	23.1	27.7	31.2	36.4
2009-09-01	22595.0	291.0	84.0	21473.0	22251.0	757.0	186.0	22.8	28.1	32.0	36.7
2009-09-08	20888.0	291.0	84.0	19966.0	20529.0	557.0	201.0	24.2	32.3	34.6	39.8
2009-09-15	20922.0	276.0	84.0	20045.0	20578.0	527.0	186.0	24.4	32.5	34.5	40.0
2009-09-22	20894.0	276.0	84.0	20017.0	20550.0	527.0	186.0	24.5	32.5	34.3	39.6
2009-09-29	21136.0	276.0	84.0	20229.0	20792.0	557.0	186.0	25.1	32.1	36.8	41.4
2009-10-06	18724.0	330.0	84.0	17860.0	18414.0	514.0	206.0	27.8	35.3	40.1	44.4
2009-10-13	18724.0	330.0	84.0	17860.0	18414.0	514.0	206.0	27.8	35.3	40.1	44.4
2009-10-20	18682.0	330.0	84.0	17883.0	18417.0	449.0	161.0	27.9	35.4	40.6	44.6
2009-10-27	18682.0	330.0	84.0	17883.0	18417.0	449.0	161.0	27.9	35.4	40.6	44.6
2009-11-03	18874.0	330.0	195.0	18075.0	18498.0	449.0	161.0	27.3	35.1	39.8	45.2
2009-11-09	16544.0	280.0	84.0	15773.0	16284.0	471.0	156.0	27.1	32.9	39.1	43.7
2009-11-17	16544.0	280.0	84.0	15773.0	16284.0	471.0	156.0	27.1	32.7	39.1	43.5
2009-11-24	16761.0	280.0	84.0	15990.0	16501.0	471.0	156.0	25.7	33.5	38.1	44.1
2009-12-01	16926.0	255.0	84.0	16180.0	16641.0	471.0	181.0	25.8	33.1	38.2	43.7
2009-12-08	14516.0	230.0	0.0	13819.0	14456.0	447.0	40.0	27.1	31.6	37.3	43.1
2009-12-15	14531.0	230.0	0.0	13834.0	14471.0	447.0	40.0	27.1	31.6	37.2	43.1
