2008-10-14	2254.0	225.0	0.0	2029.0	2254.0	0.0	0.0	42.1	61.2	69.2	77.1
2008-10-21	2513.0	225.0	0.0	2288.0	2513.0	0.0	0.0	41.9	74.8	72.1	87.1
2008-10-28	2863.0	275.0	150.0	2388.0	2413.0	0.0	100.0	41.1	63.9	68.6	77.3
2008-11-04	2803.0	25.0	0.0	2678.0	2703.0	50.0	50.0	39.9	50.8	55.9	61.3
2008-11-11	3303.0	275.0	100.0	2978.0	3153.0	50.0	50.0	42.5	51.0	61.1	66.4
2008-11-18	4008.0	300.0	0.0	3658.0	3958.0	50.0	50.0	45.6	50.1	62.8	64.7
2008-11-25	4283.0	325.0	0.0	3908.0	4233.0	50.0	50.0	45.0	47.5	61.7	62.9
2008-12-02	3433.0	350.0	0.0	2783.0	3133.0	100.0	100.0	55.4	46.5	66.2	57.5
2008-12-09	4289.0	350.0	0.0	3589.0	3939.0	100.0	100.0	44.4	37.3	53.0	46.0
2008-12-16	4289.0	350.0	0.0	3589.0	3939.0	100.0	100.0	46.7	39.0	54.2	47.8
2008-12-22	4089.0	350.0	0.0	3489.0	3839.0	0.0	0.0	49.0	40.9	56.8	50.1
2008-12-30	4183.0	500.0	0.0	3533.0	4033.0	0.0	0.0	51.5	41.8	59.1	51.4
