2008-10-14	53079.0	1931.0	3670.0	37095.0	34858.0	13222.0	13720.0	22.3	24.6	30.1	29.2
2008-10-21	56599.0	1931.0	7375.0	43500.0	38183.0	10032.0	9905.0	24.1	26.8	34.4	32.3
2008-10-28	60288.0	971.0	8305.0	48269.0	38782.0	9212.0	11365.0	25.1	23.3	33.3	29.1
2008-11-04	58402.0	0.0	6560.0	48541.0	40796.0	9141.0	10326.0	25.4	22.2	31.7	29.0
2008-11-11	61727.0	0.0	6710.0	52095.0	43786.0	9012.0	10611.0	29.8	23.8	37.5	30.8
2008-11-18	62831.0	0.0	7590.0	52459.0	44085.0	9752.0	10536.0	30.0	25.1	37.0	32.1
2008-11-25	64469.0	0.0	7510.0	52912.0	45438.0	10937.0	10901.0	30.7	27.5	38.3	33.7
2008-12-02	61932.0	0.0	7700.0	52590.0	42598.0	9332.0	11624.0	34.3	31.6	42.9	38.4
2008-12-09	61742.0	0.0	7010.0	52150.0	43438.0	9397.0	11099.0	37.6	31.6	45.0	40.5
2008-12-16	64889.0	0.0	7010.0	53127.0	44317.0	11567.0	13367.0	38.1	29.9	44.6	39.0
2008-12-22	67735.0	0.0	6860.0	56309.0	45475.0	11231.0	15205.0	36.5	27.1	44.9	36.1
2008-12-30	70294.0	0.0	6920.0	59253.0	47611.0	10861.0	15583.0	35.2	25.8	43.9	34.5
2009-01-06	62907.0	0.0	6585.0	50937.0	40032.0	11790.0	16110.0	34.8	29.2	43.9	37.0
2009-01-13	63809.0	0.0	6635.0	51817.0	40882.0	11812.0	16112.0	35.1	28.3	43.7	36.3
2009-01-20	64965.0	0.0	6035.0	52803.0	42403.0	11982.0	16347.0	32.9	26.6	42.7	34.8
2009-01-27	68221.0	0.0	6005.0	55444.0	43274.0	12597.0	18762.0	30.7	25.1	41.5	32.9
2009-02-10	67103.0	0.0	6350.0	53876.0	42038.0	12767.0	18255.0	35.5	24.9	43.8	34.5
2009-02-17	67673.0	0.0	6350.0	53976.0	42488.0	13237.0	18375.0	34.5	24.6	43.1	34.2
2009-02-24	68828.0	0.0	6350.0	54881.0	43543.0	13487.0	18475.0	32.7	23.1	42.1	33.5
2009-03-31	68644.0	0.0	2170.0	53271.0	50120.0	14293.0	15274.0	33.8	23.8	43.6	35.8
2009-04-07	61368.0	0.0	1950.0	48027.0	43649.0	12261.0	14689.0	38.2	24.4	46.7	37.0
2009-04-14	61868.0	0.0	1770.0	48167.0	43589.0	12441.0	15249.0	37.4	24.6	46.3	36.5
2009-04-21	63613.0	0.0	1670.0	49912.0	45434.0	12441.0	15249.0	34.4	24.4	44.7	36.2
2009-04-28	65033.0	0.0	1570.0	52282.0	48546.0	11491.0	13657.0	31.7	23.2	41.6	35.3
2009-05-05	58673.0	0.0	1365.0	46082.0	41209.0	11331.0	14839.0	35.1	27.3	44.7	36.8
2009-05-12	62842.0	0.0	1365.0	48526.0	46018.0	13056.0	14199.0	31.3	25.4	40.3	34.9
2009-05-19	63403.0	0.0	1465.0	49052.0	46144.0	13091.0	14534.0	27.4	24.2	37.3	34.5
2009-05-26	64016.0	1200.0	1465.0	49125.0	48287.0	12431.0	13004.0	26.3	23.8	36.6	34.5
2009-06-16	59123.0	1200.0	1035.0	38451.0	45150.0	18212.0	11678.0	27.1	28.1	33.1	39.6
2009-06-23	59503.0	1200.0	1035.0	38601.0	41766.0	18442.0	15442.0	28.9	30.0	36.2	39.8
2009-06-30	59823.0	1200.0	1035.0	39021.0	42486.0	18342.0	15042.0	28.8	29.8	36.0	39.6
2009-07-07	55014.0	1200.0	955.0	35702.0	39389.0	16852.0	13410.0	28.1	30.2	34.8	38.7
2009-07-14	45664.0	1200.0	955.0	26652.0	29819.0	16552.0	13630.0	26.4	27.4	34.4	37.1
2009-07-21	45892.0	1200.0	955.0	28909.0	29946.0	14523.0	13731.0	25.8	26.5	35.6	35.6
2009-07-28	46192.0	1200.0	955.0	30359.0	33280.0	13373.0	10697.0	24.7	26.5	34.9	37.1
