2005-01-04	32910.0	5000.0	244.0	22346.0	26562.0	280.0	820.0	49.1	61.3	59.1	64.1
2005-01-11	34073.0	5126.0	1390.0	23613.0	26819.0	159.0	689.0	47.4	60.3	59.7	65.3
2005-01-18	34310.0	5496.0	1830.0	23749.0	27375.0	150.0	190.0	48.3	60.8	60.5	66.6
2005-01-25	36716.0	4736.0	3370.0	26366.0	27692.0	139.0	179.0	43.8	60.2	56.5	65.3
2005-02-01	35237.0	4084.0	4670.0	25171.0	25043.0	597.0	139.0	45.4	59.0	58.1	64.9
2005-02-08	37013.0	4784.0	6790.0	26356.0	24788.0	508.0	70.0	44.2	61.2	59.9	67.0
2005-02-15	39152.0	2714.0	4550.0	27125.0	25777.0	528.0	40.0	40.6	52.7	52.0	58.8
2005-02-22	40123.0	3454.0	5530.0	27831.0	25823.0	308.0	240.0	40.1	54.1	53.0	59.8
2005-03-01	40980.0	3142.0	3710.0	27451.0	27449.0	1377.0	811.0	38.0	47.7	52.1	54.4
2005-03-08	40919.0	3602.0	3100.0	27111.0	27699.0	406.0	320.0	35.8	46.4	49.9	53.1
2005-03-15	42483.0	4842.0	3420.0	27457.0	28923.0	504.0	460.0	36.0	46.7	50.4	53.4
2005-03-22	45229.0	6422.0	3820.0	28541.0	31149.0	286.0	280.0	37.2	45.9	50.1	52.9
2005-03-29	45583.0	7182.0	3340.0	28325.0	32333.0	316.0	150.0	37.6	45.1	50.3	52.3
2005-04-05	45865.0	8442.0	2860.0	26769.0	32395.0	504.0	460.0	34.5	43.5	47.4	50.5
2005-04-12	45933.0	10062.0	2940.0	25964.0	33190.0	284.0	180.0	33.8	41.1	44.5	48.5
2005-04-19	51933.0	15042.0	3260.0	26754.0	38640.0	164.0	60.0	38.7	39.7	48.7	49.8
2005-04-26	55413.0	14518.0	1260.0	28388.0	41830.0	244.0	60.0	38.4	37.1	45.7	47.6
2005-05-03	56036.0	17058.0	2760.0	27274.0	42054.0	551.0	69.0	39.8	33.5	47.2	47.3
2005-05-10	58759.0	15618.0	2740.0	29542.0	42922.0	602.0	100.0	37.0	32.5	45.5	46.1
2005-05-17	59850.0	16918.0	2260.0	28821.0	44121.0	842.0	200.0	38.5	33.3	46.0	46.3
2005-05-24	60289.0	15878.0	1100.0	29848.0	44548.0	342.0	420.0	37.3	33.6	44.2	44.9
2005-05-31	57267.0	16356.0	3043.0	29133.0	42496.0	412.0	362.0	39.7	33.9	46.9	44.5
2005-06-07	58403.0	14356.0	4243.0	32173.0	42292.0	308.0	302.0	35.4	34.7	43.3	45.1
2005-06-14	60411.0	14596.0	4823.0	33379.0	43280.0	360.0	232.0	35.1	35.0	42.3	43.6
2005-06-21	66694.0	16456.0	6023.0	35216.0	45697.0	312.0	264.0	34.0	33.0	41.1	41.8
2005-06-28	67999.0	17796.0	5313.0	34215.0	46866.0	580.0	412.0	35.5	34.6	41.4	41.9
2005-07-05	66939.0	19405.0	3940.0	31141.0	46744.0	830.0	692.0	37.5	36.6	43.3	45.7
2005-07-12	69088.0	21245.0	4120.0	31368.0	48743.0	410.0	160.0	38.6	37.7	43.4	47.1
2005-07-19	71269.0	20465.0	3980.0	33259.0	50014.0	670.0	400.0	36.5	37.2	41.3	45.6
2005-07-26	73320.0	20495.0	4040.0	34020.0	50765.0	550.0	260.0	35.2	38.3	40.4	46.0
2005-08-02	72820.0	19332.0	4080.0	35518.0	50338.0	348.0	780.0	36.2	40.4	42.8	48.7
2005-08-09	78178.0	22022.0	4180.0	36426.0	54416.0	248.0	100.0	36.2	41.7	43.6	49.3
2005-08-16	79822.0	22202.0	2800.0	38070.0	57520.0	348.0	300.0	34.6	41.8	41.9	48.1
2005-08-23	82534.0	24042.0	3440.0	37442.0	57792.0	188.0	440.0	35.2	40.3	42.4	46.8
2005-09-06	80042.0	21939.0	6180.0	39400.0	55157.0	518.0	520.0	40.5	40.5	46.7	49.8
2005-09-13	80852.0	23679.0	7620.0	40100.0	56207.0	148.0	100.0	42.6	40.2	49.4	51.2
2005-09-20	81358.0	24827.0	7480.0	39912.0	57207.0	228.0	280.0	43.8	39.8	50.3	51.3
2005-09-27	81023.0	24507.0	7072.0	40235.0	57660.0	250.0	260.0	42.6	39.0	49.4	49.8
2005-10-04	75340.0	26370.0	7040.0	38340.0	57738.0	188.0	120.0	49.4	41.0	54.8	52.7
2005-10-11	76283.0	26110.0	9060.0	38683.0	56381.0	808.0	160.0	49.3	38.2	54.9	51.8
2005-10-18	76100.0	27610.0	10460.0	38220.0	55138.0	208.0	440.0	50.8	37.3	56.5	51.9
2005-10-25	76847.0	26850.0	9800.0	39023.0	56181.0	188.0	80.0	50.0	36.1	55.2	49.5
2005-11-01	73701.0	26306.0	9420.0	36955.0	53853.0	114.0	102.0	51.3	36.5	56.2	50.7
2005-11-08	72419.0	23596.0	8460.0	37915.0	53063.0	254.0	242.0	47.9	33.6	53.3	46.7
2005-11-15	72723.0	22436.0	6580.0	37871.0	53689.0	762.0	800.0	45.7	31.2	51.2	45.6
2005-11-22	72890.0	22536.0	9048.0	38940.0	52510.0	132.0	50.0	45.8	30.8	50.9	45.0
2005-11-29	72834.0	22696.0	10468.0	39181.0	51277.0	175.0	307.0	46.3	32.0	51.8	45.2
2005-12-06	72431.0	23492.0	9538.0	37484.0	51516.0	205.0	127.0	47.1	34.4	53.2	49.2
2005-12-13	72441.0	22192.0	7698.0	38662.0	53054.0	105.0	207.0	45.9	32.9	51.6	47.3
2005-12-20	73929.0	22352.0	6570.0	39598.0	55418.0	185.0	147.0	44.9	32.4	50.6	47.0
2005-12-27	74444.0	22632.0	7070.0	40041.0	55665.0	167.0	105.0	44.8	32.1	50.2	46.5
2006-01-03	74070.0	23348.0	7820.0	37699.0	53536.0	937.0	628.0	45.8	34.2	51.5	49.4
2006-01-10	71382.0	22108.0	5400.0	36931.0	53768.0	297.0	168.0	45.5	35.1	51.9	50.8
2006-01-17	72756.0	21656.0	6310.0	38819.0	54116.0	279.0	328.0	43.7	34.2	50.1	49.7
2006-01-24	74646.0	21086.0	7320.0	40744.0	54482.0	160.0	188.0	40.4	34.5	47.7	50.2
2006-01-31	71077.0	19399.0	8260.0	38379.0	49737.0	1159.0	940.0	39.5	33.6	46.9	48.7
2006-02-07	69677.0	16733.0	8797.0	41437.0	49465.0	1229.0	1137.0	37.5	33.4	45.1	47.4
2006-02-14	68717.0	15830.0	9157.0	42257.0	48845.0	889.0	974.0	37.4	32.2	45.2	46.2
2006-02-21	68031.0	15094.0	9225.0	43241.0	49165.0	769.0	714.0	36.5	32.1	44.7	46.0
2006-02-28	65028.0	14878.0	10258.0	41909.0	46588.0	819.0	760.0	37.3	32.1	45.7	45.2
2006-03-07	65078.0	14848.0	11218.0	42109.0	45778.0	839.0	800.0	37.6	33.3	46.0	46.7
2006-03-14	64768.0	14788.0	11358.0	41879.0	45408.0	799.0	700.0	37.4	33.5	45.2	46.1
2006-03-21	64987.0	14578.0	11308.0	42028.0	41977.0	879.0	4200.0	37.4	30.0	45.0	40.0
2006-03-28	64585.0	14098.0	11408.0	42470.0	45299.0	535.0	396.0	37.2	33.7	45.5	45.3
2006-04-04	60302.0	11952.0	2680.0	40738.0	50043.0	620.0	587.0	34.5	35.2	42.9	45.9
2006-04-11	59652.0	11202.0	2700.0	40718.0	49253.0	440.0	407.0	33.9	35.4	42.4	46.3
2006-04-18	59636.0	9962.0	2680.0	40784.0	48225.0	1268.0	1109.0	30.6	32.7	39.3	44.3
2006-04-25	59062.0	10502.0	2780.0	40549.0	48257.0	689.0	703.0	31.8	33.2	40.7	45.1
2006-05-02	56192.0	10394.0	2460.0	38030.0	46217.0	1006.0	753.0	31.9	33.8	40.5	45.6
2006-05-09	55690.0	10876.0	2840.0	37344.0	45675.0	1028.0	733.0	33.0	33.7	41.5	45.5
2006-05-16	55192.0	10896.0	2780.0	36782.0	45257.0	1072.0	713.0	33.3	33.4	42.0	45.3
2006-05-23	55228.0	11132.0	2620.0	36582.0	45433.0	1072.0	733.0	33.9	32.9	42.5	44.2
2006-05-30	56751.0	10392.0	3352.0	38248.0	45004.0	1089.0	1373.0	31.6	30.5	40.2	41.6
2006-06-06	53199.0	10727.0	3072.0	35475.0	43306.0	795.0	619.0	33.3	34.2	41.4	45.3
2006-06-13	52832.0	10397.0	3072.0	35337.0	42958.0	896.0	600.0	33.4	35.5	41.6	46.9
2006-06-20	54152.0	10437.0	3072.0	36185.0	43738.0	768.0	580.0	32.7	34.6	40.4	45.8
2006-06-27	54575.0	10669.0	3072.0	36124.0	44105.0	1044.0	660.0	32.2	34.7	40.6	45.9
2006-07-03	50587.0	9763.0	2330.0	33937.0	41402.0	865.0	833.0	33.7	36.1	40.7	45.7
2006-07-11	50899.0	9993.0	2402.0	34081.0	41656.0	863.0	879.0	33.7	36.3	40.9	45.9
2006-07-18	50994.0	10013.0	2202.0	34155.0	41950.0	864.0	880.0	33.6	36.2	40.9	45.8
2006-07-25	51315.0	10013.0	2142.0	34452.0	42331.0	888.0	880.0	33.4	32.7	40.8	44.7
2006-08-01	48313.0	10152.0	1170.0	32411.0	41441.0	858.0	810.0	33.6	33.7	41.4	46.3
2006-08-08	48607.0	10112.0	1170.0	32637.0	41695.0	906.0	790.0	33.4	33.6	41.2	46.1
2006-08-15	49241.0	10884.0	1170.0	32731.0	42561.0	914.0	798.0	34.5	33.0	42.2	45.7
2006-08-22	49361.0	11444.0	1190.0	32831.0	43241.0	894.0	738.0	35.8	33.6	43.9	47.8
2006-08-29	49717.0	11364.0	1110.0	33351.0	43617.0	770.0	758.0	35.7	32.8	43.7	47.2
2006-09-05	45170.0	9974.0	640.0	30846.0	40180.0	708.0	708.0	35.5	35.5	43.9	51.6
2006-09-12	46390.0	8714.0	740.0	32526.0	40500.0	1408.0	1408.0	35.7	35.3	45.6	50.5
2006-09-19	46525.0	8054.0	760.0	33661.0	40955.0	768.0	768.0	34.3	36.2	45.3	50.1
2006-09-26	47079.0	8114.0	1200.0	34445.0	41379.0	798.0	778.0	34.6	36.7	44.9	49.5
2006-10-03	45921.0	7910.0	660.0	33621.0	40871.0	888.0	888.0	32.9	35.3	42.5	49.4
2006-10-10	45477.0	7850.0	660.0	33699.0	40889.0	868.0	868.0	36.2	36.2	44.9	50.1
2006-10-17	45941.0	7850.0	600.0	33923.0	41393.0	1108.0	888.0	35.9	36.4	44.6	50.1
2006-10-24	45600.0	6770.0	580.0	34882.0	41052.0	908.0	928.0	35.4	36.7	44.0	49.8
2006-10-31	42886.0	5964.0	1120.0	33944.0	38688.0	718.0	818.0	35.7	39.0	44.1	50.7
2006-11-07	43178.0	5944.0	1120.0	34416.0	39290.0	598.0	548.0	37.0	38.5	45.3	51.1
2006-11-14	44468.0	5924.0	1120.0	35706.0	40430.0	598.0	678.0	36.5	37.4	44.7	50.4
2006-11-21	44466.0	6044.0	1930.0	35444.0	39578.0	678.0	658.0	36.5	38.5	44.5	50.5
2006-11-28	44981.0	6044.0	1930.0	35958.0	40093.0	679.0	658.0	35.8	39.2	43.7	51.3
2006-12-05	43628.0	4490.0	1530.0	36003.0	38832.0	849.0	980.0	34.9	39.4	42.2	51.5
2006-12-12	41804.0	3927.0	1109.0	34900.0	37859.0	920.0	779.0	35.2	41.3	43.0	55.1
2006-12-19	41012.0	2647.0	1409.0	35328.0	36947.0	1020.0	639.0	39.0	43.7	48.4	57.7
2006-12-26	41091.0	2567.0	1571.0	35648.0	37045.0	859.0	458.0	38.1	42.5	47.9	56.4
2007-01-03	38743.0	2541.0	1580.0	33723.0	35085.0	809.0	408.0	40.5	45.3	50.1	61.4
2007-01-09	39070.0	1961.0	1280.0	34509.0	35611.0	850.0	429.0	36.9	44.9	46.9	59.5
2007-01-16	38759.0	1961.0	1280.0	34199.0	35301.0	849.0	428.0	36.5	45.2	46.5	59.4
2007-01-23	38457.0	1981.0	1280.0	33897.0	35019.0	809.0	388.0	37.0	44.8	46.6	59.0
2007-01-30	39871.0	2328.0	1235.0	35162.0	36676.0	790.0	369.0	36.8	42.6	45.6	58.8
2007-02-06	37727.0	3637.0	939.0	32441.0	35260.0	505.0	384.0	39.9	46.1	47.8	59.7
2007-02-13	38165.0	2596.0	767.0	33433.0	35423.0	505.0	344.0	33.9	44.4	41.7	55.4
2007-02-20	38530.0	2596.0	767.0	33658.0	35648.0	505.0	344.0	33.5	44.5	41.3	55.4
2007-02-27	38959.0	2646.0	779.0	34056.0	35964.0	506.0	465.0	34.3	44.4	41.6	54.6
2007-03-06	35930.0	2927.0	994.0	31465.0	33529.0	451.0	320.0	36.9	44.7	45.3	54.7
2007-03-13	36112.0	2607.0	984.0	31907.0	33701.0	451.0	280.0	36.3	44.8	44.9	54.5
2007-03-20	36164.0	2567.0	964.0	31979.0	33773.0	471.0	280.0	36.0	44.7	45.3	54.3
2007-03-27	36104.0	2567.0	988.0	31919.0	33689.0	471.0	280.0	37.3	46.0	47.0	56.1
2007-04-03	34834.0	2445.0	988.0	30955.0	32453.0	321.0	280.0	37.4	46.6	47.7	57.2
2007-04-10	35054.0	2385.0	1000.0	31275.0	32661.0	281.0	280.0	37.4	46.4	47.6	57.0
2007-04-17	35688.0	2205.0	1000.0	32049.0	33255.0	321.0	320.0	37.6	47.0	48.6	57.3
2007-04-24	36304.0	2145.0	982.0	32693.0	33857.0	341.0	340.0	39.0	46.6	47.9	56.8
2007-05-01	35816.0	1981.0	1006.0	32518.0	33494.0	381.0	380.0	39.9	46.1	48.9	56.3
2007-05-08	35955.0	1871.0	1006.0	32762.0	33628.0	381.0	380.0	39.9	46.2	48.6	55.7
2007-05-15	38453.0	1891.0	976.0	34750.0	35906.0	841.0	600.0	39.2	42.7	47.7	53.6
2007-05-22	38556.0	2007.0	976.0	34950.0	36245.0	624.0	360.0	40.2	41.9	48.6	53.7
2007-05-29	39583.0	2087.0	948.0	35656.0	37059.0	865.0	601.0	42.2	42.8	50.5	54.5
2007-06-05	39548.0	1728.0	613.0	35450.0	36847.0	904.0	622.0	41.6	40.8	49.9	52.0
2007-06-12	39635.0	1784.0	613.0	35490.0	36934.0	895.0	622.0	41.7	40.9	50.0	51.9
2007-06-19	39751.0	1755.0	563.0	35586.0	37100.0	944.0	622.0	42.3	40.5	50.6	51.6
2007-06-26	41795.0	2975.0	552.0	36570.0	39295.0	924.0	622.0	40.4	40.2	49.8	50.9
2007-07-03	38742.0	3765.0	891.0	33181.0	36387.0	1152.0	820.0	41.6	41.0	51.3	51.2
2007-07-10	38623.0	3765.0	905.0	33061.0	36493.0	1152.0	580.0	41.8	41.1	51.5	51.3
2007-07-17	39049.0	3805.0	999.0	33491.0	36849.0	1102.0	550.0	41.1	40.7	50.8	50.8
2007-07-24	39882.0	4025.0	1639.0	34032.0	36972.0	1174.0	620.0	41.7	38.7	51.2	51.1
2007-07-31	38664.0	3476.0	682.0	33146.0	36439.0	1433.0	934.0	40.3	39.7	53.3	51.1
2007-08-07	38403.0	3635.0	682.0	33062.0	36478.0	1168.0	705.0	37.5	39.9	53.6	51.6
2007-08-14	39866.0	3635.0	682.0	34666.0	38022.0	1181.0	778.0	40.2	42.1	55.7	53.9
2007-08-21	40400.0	3435.0	772.0	35906.0	38452.0	641.0	758.0	40.9	41.5	54.7	53.1
2007-08-28	40266.0	3421.0	792.0	35692.0	38264.0	711.0	768.0	40.6	41.5	54.4	52.8
2007-09-04	37865.0	2328.0	560.0	34331.0	36157.0	816.0	758.0	42.9	42.2	55.3	53.6
2007-09-11	38067.0	2325.0	540.0	34535.0	36338.0	817.0	799.0	42.7	42.6	55.1	53.9
2007-09-18	38091.0	2332.0	540.0	34559.0	36372.0	810.0	789.0	42.6	42.6	54.9	53.9
2007-09-25	38357.0	2492.0	440.0	34615.0	36668.0	820.0	819.0	42.2	42.8	54.4	54.2
2007-10-02	36105.0	2340.0	520.0	31865.0	34067.0	1360.0	978.0	42.3	42.6	52.5	53.5
2007-10-09	35913.0	2300.0	480.0	31743.0	33895.0	1290.0	958.0	35.8	40.1	47.5	51.2
2007-10-16	36369.0	2784.0	480.0	31695.0	34327.0	1290.0	962.0	34.6	39.3	46.0	50.2
2007-10-23	36345.0	2288.0	480.0	32399.0	34255.0	1042.0	994.0	37.7	41.4	49.2	52.9
2007-10-30	37719.0	2308.0	540.0	33550.0	34980.0	1244.0	1582.0	35.1	40.8	46.7	52.0
2007-11-06	34781.0	2306.0	440.0	31079.0	33017.0	931.0	859.0	41.7	44.3	53.6	56.1
2007-11-13	34671.0	2286.0	440.0	31249.0	32907.0	691.0	879.0	42.8	44.5	54.7	56.3
2007-11-20	34888.0	2286.0	440.0	31464.0	32884.0	693.0	1119.0	44.7	45.6	56.6	57.3
2007-11-27	35248.0	2286.0	440.0	31804.0	33244.0	713.0	1119.0	44.6	45.1	56.3	56.7
2007-12-04	36370.0	1808.0	480.0	32909.0	34032.0	922.0	1127.0	39.8	40.3	51.3	53.7
2007-12-11	36813.0	1702.0	496.0	33455.0	34725.0	867.0	803.0	38.3	40.1	49.3	52.4
2007-12-18	37689.0	1702.0	496.0	34535.0	35545.0	663.0	859.0	43.1	39.4	53.3	53.5
2007-12-24	37917.0	1702.0	496.0	34763.0	35773.0	663.0	859.0	42.9	38.3	53.0	52.3
2007-12-31	34777.0	2225.0	504.0	31679.0	33245.0	609.0	764.0	45.7	40.8	57.3	54.0
2008-01-08	34765.0	2268.0	504.0	31667.0	33273.0	566.0	724.0	45.0	40.8	56.6	54.1
2008-01-15	34930.0	2309.0	520.0	31787.0	33478.0	566.0	664.0	45.1	40.6	56.7	53.9
2008-01-22	34948.0	2309.0	520.0	31785.0	33478.0	586.0	682.0	45.2	40.5	56.7	53.7
2008-01-29	35236.0	2327.0	520.0	32045.0	33776.0	596.0	672.0	45.5	40.6	56.9	53.8
2008-02-05	32570.0	1833.0	502.0	29721.0	30807.0	641.0	886.0	45.1	42.2	56.0	54.4
2008-02-12	32770.0	1833.0	537.0	29921.0	30952.0	641.0	906.0	45.4	41.9	56.2	53.8
2008-02-19	32778.0	1833.0	545.0	29928.0	30952.0	642.0	906.0	45.4	41.9	56.2	53.8
2008-02-26	32788.0	1833.0	585.0	29958.0	30932.0	622.0	896.0	45.4	41.9	56.0	53.8
2008-03-04	32353.0	1900.0	508.0	29634.0	30763.0	615.0	878.0	44.9	43.7	57.9	57.8
2008-03-11	32155.0	1900.0	516.0	29658.0	30779.0	393.0	656.0	43.7	44.0	57.3	58.1
2008-03-18	32127.0	1900.0	461.0	29604.0	30800.0	353.0	596.0	43.5	44.0	57.1	58.1
2008-03-25	32127.0	1900.0	469.0	29850.0	31108.0	107.0	280.0	43.5	44.0	57.1	58.1
2008-04-01	29390.0	1709.0	475.0	27292.0	28295.0	145.0	376.0	42.5	42.7	57.2	55.6
2008-04-08	30478.0	1589.0	529.0	28516.0	29345.0	129.0	360.0	40.8	41.4	54.5	53.8
2008-04-15	30736.0	1589.0	532.0	28718.0	29518.0	185.0	442.0	39.1	39.5	53.7	52.9
2008-04-22	30436.0	1562.0	575.0	28323.0	29243.0	305.0	372.0	40.2	39.5	54.0	53.0
2008-04-29	31647.0	1905.0	493.0	29143.0	30536.0	355.0	374.0	37.7	40.7	52.7	55.6
2008-05-06	30206.0	1778.0	423.0	27575.0	28833.0	625.0	722.0	37.7	41.0	52.4	55.7
2008-05-13	30166.0	1778.0	411.0	27511.0	28781.0	631.0	728.0	36.8	41.1	51.7	55.4
2008-05-20	30743.0	1778.0	414.0	28059.0	29349.0	657.0	731.0	35.3	39.4	48.8	52.6
2008-05-27	30818.0	1778.0	430.0	28163.0	29440.0	635.0	706.0	35.4	39.3	48.8	52.3
2008-06-03	29353.0	658.0	514.0	26600.0	26669.0	1144.0	1219.0	35.3	36.2	45.8	46.6
2008-06-10	29378.0	688.0	554.0	26606.0	26665.0	1133.0	1208.0	34.9	35.9	45.3	46.4
2008-06-17	29664.0	694.0	614.0	26904.0	26837.0	1113.0	1260.0	35.6	35.6	46.0	45.9
2008-06-24	29680.0	694.0	674.0	26961.0	26838.0	1118.0	1261.0	35.3	35.6	45.7	46.1
2008-07-01	27275.0	1172.0	370.0	24865.0	25770.0	756.0	653.0	33.8	36.8	45.8	47.6
2008-07-08	27200.0	1250.0	240.0	24809.0	25928.0	709.0	600.0	33.4	37.0	45.6	47.1
2008-07-15	26860.0	1310.0	240.0	24369.0	25528.0	749.0	660.0	34.7	38.3	47.1	48.7
2008-07-22	26440.0	1496.0	1043.0	23386.0	23942.0	707.0	604.0	35.3	38.7	48.7	50.2
2008-07-29	28500.0	1786.0	1043.0	25146.0	26014.0	757.0	632.0	32.2	40.2	44.2	48.2
2008-08-05	28744.0	1668.0	2120.0	25346.0	25031.0	740.0	603.0	31.6	38.6	42.1	47.0
2008-08-12	30827.0	1984.0	3120.0	27089.0	26078.0	764.0	639.0	37.6	39.3	47.7	50.5
2008-08-19	31299.0	2240.0	3780.0	27301.0	25910.0	740.0	591.0	36.9	40.8	47.8	51.8
2008-08-26	31673.0	2272.0	3780.0	27589.0	26284.0	794.0	591.0	35.6	40.3	46.3	51.3
2008-09-02	29680.0	2052.0	2660.0	25585.0	25130.0	833.0	680.0	37.0	38.3	48.4	50.9
2008-09-09	29712.0	2064.0	2660.0	25621.0	25179.0	843.0	689.0	36.7	38.2	48.1	50.7
2008-09-16	29836.0	2184.0	2660.0	25467.0	25435.0	1005.0	561.0	35.5	38.0	47.3	50.9
2008-09-23	29944.0	2164.0	2360.0	25847.0	26041.0	735.0	345.0	31.4	35.5	42.9	47.5
2008-09-30	29161.0	2766.0	2456.0	25146.0	25793.0	665.0	328.0	26.9	33.9	37.0	45.6
2008-10-07	29334.0	2766.0	2346.0	25051.0	25712.0	569.0	328.0	24.6	35.8	36.9	46.2
2008-10-14	30438.0	2646.0	2582.0	26101.0	26490.0	629.0	304.0	21.3	36.5	33.7	46.1
2008-10-21	30517.0	2526.0	2318.0	26257.0	26789.0	663.0	339.0	20.5	34.1	32.6	43.6
2008-10-28	30215.0	2486.0	2384.0	25844.0	26371.0	808.0	383.0	26.3	35.1	38.0	45.4
2008-11-04	29682.0	3066.0	2530.0	24863.0	26059.0	760.0	100.0	26.8	36.8	37.4	46.4
2008-11-11	29633.0	2634.0	2366.0	25054.0	26036.0	810.0	96.0	28.7	35.9	38.2	46.1
2008-11-18	30688.0	2594.0	2322.0	25733.0	27045.0	1226.0	186.0	27.5	35.4	37.2	45.5
2008-11-25	31648.0	2534.0	2476.0	26731.0	27869.0	1262.0	182.0	27.0	34.3	36.9	43.6
2008-12-02	30192.0	2130.0	3060.0	26156.0	26326.0	1543.0	443.0	25.2	36.1	36.3	44.9
2008-12-09	30704.0	2130.0	3040.0	26668.0	26858.0	1543.0	443.0	24.2	35.6	35.1	44.6
2008-12-16	33151.0	2270.0	3052.0	29558.0	29325.0	762.0	213.0	23.0	35.3	32.8	44.1
2008-12-22	33115.0	2170.0	1712.0	29188.0	30251.0	778.0	173.0	22.6	31.7	31.7	42.1
2008-12-30	34268.0	2232.0	1154.0	30142.0	31020.0	875.0	1075.0	22.1	30.8	30.8	40.0
2009-01-06	31757.0	1916.0	972.0	28182.0	29666.0	720.0	180.0	23.1	32.8	32.6	42.9
2009-01-13	31596.0	1816.0	972.0	28203.0	29323.0	638.0	362.0	22.0	34.6	33.2	45.1
2009-01-20	31877.0	1816.0	972.0	28238.0	29576.0	884.0	390.0	20.5	34.0	31.6	45.6
2009-01-27	31686.0	1816.0	1212.0	28351.0	29397.0	700.0	258.0	18.1	34.6	29.4	46.5
2009-02-03	30190.0	1746.0	760.0	27127.0	28550.0	686.0	249.0	17.2	34.4	27.8	45.0
2009-02-10	31688.0	1726.0	760.0	28645.0	30014.0	686.0	283.0	17.5	31.5	29.0	41.8
2009-02-17	31929.0	1896.0	760.0	28721.0	30112.0	681.0	426.0	17.5	31.2	29.1	42.0
2009-02-24	32821.0	2316.0	760.0	29130.0	31413.0	744.0	17.0	17.4	32.7	29.0	42.2
2009-03-03	31695.0	2944.0	58.0	27041.0	30392.0	745.0	280.0	18.4	32.8	29.3	42.0
2009-03-10	32144.0	2944.0	98.0	27335.0	30798.0	900.0	283.0	19.2	32.5	29.0	41.8
2009-03-17	33166.0	2944.0	98.0	28077.0	31802.0	1140.0	261.0	18.1	33.3	28.7	42.3
2009-03-24	33982.0	2944.0	90.0	28811.0	32838.0	1214.0	41.0	17.7	31.0	27.7	40.2
2009-03-31	32317.0	2604.0	676.0	27849.0	30625.0	1330.0	482.0	20.4	29.6	29.5	39.1
2009-04-07	32762.0	2744.0	628.0	28022.0	31046.0	1374.0	466.0	20.5	29.9	30.3	40.2
2009-04-14	33286.0	2540.0	684.0	28600.0	31412.0	1350.0	394.0	21.6	30.2	31.2	39.5
2009-04-21	34056.0	2420.0	684.0	29548.0	32447.0	1232.0	69.0	19.7	29.1	29.5	37.3
2009-04-28	35613.0	2480.0	784.0	30565.0	33140.0	988.0	109.0	15.9	26.4	24.3	33.9
2009-05-05	33902.0	1862.0	818.0	29289.0	31411.0	1165.0	87.0	15.1	23.5	23.0	31.9
2009-05-12	33989.0	1202.0	818.0	29652.0	31392.0	1439.0	83.0	15.6	24.6	23.9	35.0
2009-05-19	36099.0	1202.0	818.0	31718.0	33526.0	1507.0	83.0	16.1	24.8	23.7	33.8
2009-05-26	36432.0	1302.0	878.0	32431.0	33819.0	1027.0	63.0	17.6	24.8	25.7	34.1
2009-06-02	34528.0	1658.0	1082.0	31784.0	32866.0	570.0	64.0	17.5	26.1	26.7	33.4
2009-06-09	35920.0	1778.0	1322.0	33148.0	33938.0	398.0	64.0	18.2	26.3	28.1	34.7
2009-06-16	36446.0	1938.0	1362.0	33534.0	34444.0	398.0	64.0	18.0	25.7	27.8	34.7
2009-06-23	37387.0	1998.0	1452.0	34363.0	35369.0	500.0	40.0	18.6	25.6	28.4	33.4
2009-06-30	37584.0	1770.0	1590.0	34186.0	34832.0	1268.0	802.0	16.5	23.4	26.5	34.1
2009-07-07	37773.0	1810.0	1586.0	34319.0	35045.0	1300.0	798.0	16.5	23.3	26.2	33.8
2009-07-14	37784.0	1330.0	1636.0	35608.0	35784.0	512.0	30.0	16.2	24.4	25.5	34.7
2009-07-21	38089.0	1350.0	1756.0	35943.0	35995.0	492.0	34.0	15.6	24.3	24.7	33.8
2009-07-28	39490.0	1510.0	1636.0	37316.0	37676.0	520.0	34.0	16.4	25.8	24.8	35.0
2009-08-04	37460.0	1130.0	1246.0	35688.0	35976.0	460.0	56.0	19.7	28.2	29.0	39.1
2009-08-11	37362.0	1130.0	1246.0	35586.0	35878.0	464.0	56.0	20.2	28.9	29.4	39.2
2009-08-18	37205.0	1138.0	1026.0	35385.0	35921.0	480.0	56.0	21.6	29.0	30.2	39.3
2009-08-25	37164.0	1138.0	964.0	35348.0	35970.0	504.0	56.0	22.8	28.8	31.3	39.1
2009-09-01	36884.0	682.0	316.0	35260.0	35657.0	648.0	617.0	27.2	28.9	34.9	39.3
2009-09-08	37706.0	722.0	316.0	36018.0	37082.0	672.0	14.0	28.4	30.3	35.9	40.5
2009-09-15	37501.0	502.0	896.0	36129.0	36394.0	676.0	17.0	28.3	30.4	35.8	40.6
2009-09-22	38310.0	502.0	496.0	36914.0	37603.0	700.0	17.0	28.4	29.5	35.8	40.4
2009-09-29	40624.0	714.0	356.0	38517.0	38957.0	1079.0	997.0	28.1	26.5	35.9	36.9
2009-10-06	38702.0	790.0	276.0	36384.0	37799.0	1054.0	153.0	30.0	28.9	36.9	38.6
2009-10-13	39040.0	790.0	276.0	36864.0	38025.0	832.0	185.0	30.0	28.9	36.8	38.8
2009-10-20	39594.0	758.0	276.0	37089.0	38278.0	891.0	184.0	28.7	29.1	35.5	38.3
2009-10-27	39369.0	570.0	256.0	36901.0	37828.0	914.0	301.0	27.2	29.7	33.9	37.4
2009-11-03	38630.0	538.0	216.0	36149.0	37209.0	1019.0	281.0	27.6	29.6	37.0	39.8
2009-11-09	39628.0	1118.0	136.0	36686.0	38227.0	840.0	281.0	25.6	29.6	34.9	40.5
2009-11-17	40384.0	1780.0	216.0	36926.0	39083.0	874.0	281.0	25.1	29.7	36.1	42.7
2009-11-24	41280.0	2420.0	156.0	37202.0	39929.0	744.0	281.0	27.2	28.4	39.1	42.6
2009-12-01	40948.0	3460.0	216.0	36028.0	39790.0	846.0	328.0	27.7	30.1	39.9	44.3
2009-12-08	41703.0	4524.0	128.0	35305.0	40439.0	1210.0	472.0	29.7	29.8	41.9	46.7
2009-12-15	42922.0	4986.0	120.0	36434.0	41998.0	1180.0	482.0	29.7	30.3	41.7	49.9
2009-12-22	43526.0	4770.0	120.0	37192.0	42532.0	1272.0	582.0	29.2	29.2	40.5	48.1
2009-12-29	43516.0	4750.0	300.0	37532.0	42432.0	882.0	432.0	29.3	28.9	40.6	47.4
2010-01-05	41933.0	3750.0	80.0	36438.0	41171.0	1463.0	400.0	28.7	31.9	41.9	47.7
2010-01-12	41102.0	3550.0	100.0	35803.0	40306.0	1467.0	414.0	26.3	32.0	39.0	46.5
2010-01-19	41754.0	4270.0	100.0	35873.0	41106.0	1329.0	266.0	28.5	32.9	40.8	48.1
2010-01-26	41932.0	4120.0	140.0	36061.0	41134.0	1359.0	266.0	28.4	32.0	40.7	47.3
2010-02-02	40086.0	3816.0	100.0	34402.0	39296.0	1460.0	282.0	29.0	31.1	41.6	50.4
2010-02-09	39520.0	3456.0	220.0	33670.0	38496.0	1866.0	276.0	26.4	29.6	38.5	48.5
2010-02-16	39680.0	3456.0	420.0	33430.0	38056.0	2096.0	506.0	26.2	29.0	37.2	47.6
2010-02-23	40686.0	3476.0	580.0	34344.0	38850.0	2178.0	568.0	26.6	30.6	36.8	46.5
2010-03-02	39232.0	3715.0	500.0	32518.0	37401.0	2331.0	663.0	26.1	33.1	37.9	49.2
2010-03-09	39537.0	3221.0	520.0	33155.0	37844.0	2473.0	485.0	24.9	32.9	36.2	48.8
2010-03-16	39856.0	3157.0	400.0	33066.0	37741.0	2711.0	793.0	24.6	34.1	35.6	47.7
2010-03-23	40628.0	3634.0	398.0	33411.0	38809.0	2701.0	539.0	26.0	32.8	36.2	46.9
2010-03-30	42025.0	3562.0	380.0	34324.0	40208.0	3217.0	515.0	26.7	34.3	38.7	51.4
2010-04-06	41425.0	3240.0	394.0	34639.0	39641.0	2638.0	482.0	30.0	32.9	41.7	53.1
2010-04-13	43326.0	3016.0	354.0	36532.0	41422.0	2750.0	522.0	31.5	36.2	41.9	55.7
2010-04-20	43468.0	2926.0	434.0	37008.0	41684.0	2506.0	322.0	31.6	35.5	42.6	55.0
2010-04-27	43561.0	2446.0	434.0	37533.0	41777.0	2554.0	322.0	30.4	35.4	41.5	55.0
2010-05-04	42668.0	2205.0	680.0	36714.0	40467.0	2707.0	479.0	27.9	33.8	39.1	53.0
2010-05-11	41744.0	2285.0	680.0	35946.0	39731.0	2501.0	321.0	26.2	33.8	37.8	52.1
2010-05-18	42098.0	2767.0	700.0	35847.0	40085.0	2492.0	321.0	23.1	32.0	34.9	50.5
2010-05-25	42147.0	2527.0	760.0	36243.0	39964.0	2145.0	191.0	22.0	30.0	32.4	49.2
2010-06-01	41361.0	2358.0	1222.0	35196.0	38703.0	2597.0	226.0	22.5	31.9	32.8	49.0
2010-06-08	41505.0	2482.0	1180.0	35268.0	38941.0	2597.0	226.0	22.4	32.3	32.8	49.3
2010-06-15	41565.0	2578.0	1180.0	35332.0	39121.0	2617.0	226.0	22.5	33.1	33.6	50.0
2010-06-22	41658.0	2738.0	1180.0	35161.0	39422.0	2929.0	226.0	22.4	34.0	33.8	51.1
2010-06-29	42498.0	2888.0	1180.0	34537.0	40054.0	4259.0	450.0	21.7	32.6	33.0	49.6
2010-07-06	40325.0	3675.0	442.0	33100.0	38996.0	2884.0	221.0	22.6	32.0	33.5	50.4
2010-07-13	40882.0	4035.0	442.0	33352.0	39608.0	2829.0	166.0	22.5	31.7	33.3	49.4
2010-07-20	40978.0	4035.0	442.0	33442.0	39688.0	2835.0	182.0	22.4	31.9	33.2	48.6
2010-07-27	41664.0	4035.0	442.0	34130.0	40356.0	2833.0	200.0	29.1	36.8	40.6	55.8
2010-08-03	41166.0	3804.0	593.0	33869.0	39431.0	2694.0	343.0	28.7	34.1	39.5	51.6
2010-08-10	41356.0	3811.0	600.0	34082.0	39692.0	2671.0	272.0	28.6	33.7	39.4	51.5
2010-08-17	41887.0	3811.0	600.0	34607.0	40223.0	2677.0	272.0	28.2	36.8	39.1	52.4
2010-08-24	42417.0	3804.0	793.0	34997.0	40553.0	2817.0	272.0	29.0	36.0	39.3	52.3
2010-08-31	40530.0	5082.0	820.0	32160.0	38936.0	2742.0	228.0	33.7	41.0	44.0	61.3
2010-09-07	41318.0	5082.0	340.0	32468.0	39484.0	2742.0	468.0	33.0	41.3	43.1	61.9
2010-09-14	40962.0	5082.0	434.0	32138.0	39300.0	2738.0	224.0	33.3	41.2	43.8	62.6
2010-09-21	40794.0	5082.0	514.0	32074.0	39036.0	2714.0	320.0	33.4	41.9	44.1	62.4
2010-09-28	43162.0	5288.0	200.0	33458.0	41556.0	3258.0	248.0	36.0	44.7	46.5	65.8
2010-10-05	41733.0	5612.0	320.0	32059.0	39725.0	2626.0	252.0	34.7	47.0	45.8	63.8
2010-10-12	42852.0	6252.0	320.0	32458.0	40784.0	2646.0	252.0	37.5	44.7	48.1	63.3
2010-10-19	43012.0	6242.0	380.0	32658.0	40874.0	2626.0	272.0	37.4	44.5	48.1	63.0
2010-10-26	43050.0	5712.0	420.0	33251.0	40803.0	2601.0	341.0	36.8	44.5	47.1	61.3
2010-11-02	41257.0	5728.0	280.0	31773.0	39535.0	2804.0	490.0	38.8	49.4	49.1	64.3
2010-11-09	41388.0	5448.0	280.0	31952.0	39450.0	2816.0	486.0	38.6	49.4	49.4	64.3
2010-11-16	41414.0	5598.0	310.0	31902.0	39520.0	2816.0	486.0	38.6	49.1	49.3	64.7
2010-11-23	41846.0	6030.0	310.0	32014.0	40084.0	2616.0	266.0	38.0	49.0	48.7	64.7
2010-11-30	39689.0	5832.0	330.0	30353.0	38313.0	2524.0	66.0	37.7	50.6	49.2	67.7
2010-12-07	41006.0	6504.0	354.0	30856.0	39484.0	2584.0	106.0	39.4	51.1	52.5	63.9
2010-12-14	40961.0	5824.0	386.0	30917.0	38713.0	2556.0	198.0	39.5	47.9	50.8	62.2
2010-12-21	40389.0	6280.0	248.0	30031.0	38251.0	2554.0	366.0	40.3	47.0	52.0	63.0
2010-12-28	47628.0	6888.0	1208.0	35868.0	43736.0	3514.0	1326.0	30.8	51.0	45.9	61.0
2011-01-04	46646.0	7204.0	1334.0	34794.0	42586.0	3768.0	1846.0	31.5	51.5	44.9	59.2
2011-01-11	46481.0	7296.0	1334.0	34847.0	42411.0	3448.0	1846.0	31.8	51.1	44.2	58.5
2011-01-18	47083.0	7396.0	1314.0	35325.0	42941.0	3472.0	1938.0	32.3	50.6	45.1	58.9
2011-01-25	46725.0	7624.0	1274.0	34701.0	42797.0	3612.0	1866.0	31.9	50.2	45.5	58.8
2011-02-01	45143.0	7078.0	1296.0	34155.0	41585.0	3374.0	1726.0	32.4	49.7	46.9	58.1
2011-02-08	46805.0	8528.0	1284.0	35577.0	44017.0	2112.0	916.0	33.1	52.3	48.3	60.6
2011-02-15	46985.0	9304.0	1332.0	34982.0	44139.0	2111.0	926.0	33.5	53.0	48.0	61.0
2011-02-22	46415.0	9312.0	1332.0	34404.0	43529.0	2111.0	966.0	33.9	51.9	47.6	60.0
2011-03-01	46259.0	11092.0	1072.0	31954.0	43135.0	2027.0	866.0	37.3	55.3	51.0	63.3
2011-03-08	47213.0	11244.0	1060.0	32704.0	44061.0	2073.0	900.0	36.8	54.7	50.2	62.5
2011-03-15	47081.0	11724.0	1070.0	32097.0	44049.0	2078.0	780.0	37.9	54.2	50.6	62.3
2011-03-22	47445.0	11800.0	1416.0	32467.0	44103.0	1992.0	740.0	36.4	52.6	47.5	60.6
2011-03-29	47890.0	12194.0	1320.0	32518.0	44596.0	1992.0	788.0	36.5	52.4	47.8	60.9
2011-04-05	46601.0	13440.0	1382.0	30235.0	43469.0	1884.0	708.0	39.9	53.5	51.9	61.4
2011-04-12	46902.0	13640.0	1008.0	30209.0	43815.0	1898.0	924.0	39.3	53.8	51.0	61.5
2011-04-19	47186.0	13508.0	882.0	30595.0	44075.0	1898.0	1044.0	39.1	54.9	51.4	62.6
2011-04-26	46964.0	13112.0	882.0	30769.0	43873.0	1898.0	1024.0	38.5	54.8	51.8	62.6
2011-05-03	45575.0	12752.0	812.0	29592.0	42324.0	2004.0	1212.0	38.2	51.2	50.7	59.6
2011-05-10	48188.0	14768.0	764.0	30184.0	44980.0	2004.0	1212.0	40.6	52.0	52.4	61.4
2011-05-17	48474.0	15236.0	736.0	29936.0	45266.0	2042.0	1212.0	41.3	52.2	52.9	62.2
2011-05-24	48784.0	15580.0	706.0	29804.0	45510.0	2034.0	1202.0	41.5	48.3	53.3	60.2
2011-05-31	48172.0	16822.0	646.0	28696.0	45954.0	1860.0	778.0	44.0	51.0	56.5	64.0
2011-06-07	48047.0	16974.0	806.0	28335.0	45285.0	1896.0	1114.0	43.1	49.8	55.6	62.0
2011-06-14	48369.0	16750.0	834.0	28909.0	45527.0	1896.0	1194.0	41.8	48.8	54.4	60.3
2011-06-21	50752.0	19736.0	730.0	28188.0	47800.0	2030.0	1424.0	45.6	49.0	57.6	62.8
2011-06-28	51495.0	20172.0	738.0	28343.0	49121.0	1860.0	516.0	46.3	49.3	58.2	64.3
2011-07-05	47591.0	18857.0	897.0	26022.0	45113.0	1632.0	501.0	46.5	49.7	57.9	64.0
2011-07-12	49879.0	19299.0	1149.0	27878.0	47139.0	1632.0	521.0	45.3	52.9	57.8	65.2
2011-07-19	51301.0	20565.0	1139.0	28034.0	48561.0	1632.0	531.0	47.6	54.1	59.8	66.7
2011-07-26	52381.0	20923.0	1251.0	28712.0	49509.0	1676.0	551.0	46.9	56.0	60.5	68.6
2011-08-02	49317.0	18918.0	942.0	27856.0	46929.0	1633.0	536.0	48.0	55.1	61.9	68.3
2011-08-09	50906.0	19960.0	942.0	28313.0	48428.0	1633.0	536.0	48.8	56.4	62.9	69.8
2011-08-16	51617.0	20128.0	936.0	28746.0	49035.0	1633.0	536.0	48.7	56.5	62.9	69.8
2011-08-23	51629.0	20488.0	944.0	28136.0	48801.0	1657.0	536.0	49.5	56.8	61.4	69.6
2011-08-30	55952.0	21664.0	1164.0	30813.0	52208.0	2127.0	1232.0	47.1	55.2	57.5	66.6
2011-09-06	53554.0	20992.0	422.0	28978.0	50652.0	1644.0	540.0	47.6	57.6	58.9	71.0
2011-09-13	53298.0	20992.0	422.0	28602.0	50316.0	1764.0	620.0	48.4	58.0	59.1	69.0
2011-09-20	55450.0	21032.0	422.0	30826.0	52518.0	1652.0	570.0	46.4	59.8	57.8	70.0
2011-09-27	55528.0	20816.0	398.0	30868.0	52368.0	1652.0	570.0	46.6	59.4	55.9	68.0
2011-10-04	53256.0	20164.0	340.0	28918.0	49762.0	1780.0	760.0	46.8	61.2	59.5	70.9
2011-10-11	54187.0	21022.0	340.0	29205.0	50837.0	1446.0	496.0	47.6	62.3	60.2	71.5
2011-10-18	54511.0	21306.0	380.0	29016.0	50652.0	1435.0	725.0	48.2	62.3	58.6	70.8
2011-10-25	54803.0	21702.0	340.0	28672.0	50984.0	1675.0	725.0	49.5	62.7	59.1	70.9
2011-11-01	53488.0	21470.0	180.0	28111.0	49943.0	1611.0	1069.0	51.4	64.0	62.2	72.4
2011-11-08	55197.0	21786.0	180.0	29087.0	51393.0	2019.0	1319.0	49.7	61.3	59.5	69.4
2011-11-15	56987.0	23096.0	180.0	28971.0	52827.0	2259.0	1319.0	51.3	59.4	60.3	67.5
2011-11-22	57732.0	23410.0	180.0	29219.0	53639.0	2461.0	1271.0	50.7	58.2	58.6	66.5
2011-11-29	59286.0	24170.0	340.0	29384.0	54212.0	3070.0	2072.0	50.5	57.1	58.0	65.9
2011-12-06	58718.0	22730.0	260.0	31101.0	54633.0	1973.0	911.0	50.6	55.7	59.0	63.7
2011-12-13	59620.0	22546.0	620.0	32561.0	55411.0	1997.0	1073.0	48.5	53.5	56.0	62.9
2011-12-20	65168.0	24856.0	3260.0	36409.0	58901.0	2017.0	1121.0	48.5	51.3	59.4	66.3
2011-12-27	75750.0	27570.0	2320.0	44325.0	70367.0	1869.0	1077.0	51.0	51.6	63.8	67.8
2012-01-03	72738.0	26230.0	2240.0	42859.0	67749.0	2015.0	1115.0	51.9	52.8	65.2	70.4
2012-01-10	72747.0	26470.0	2240.0	42612.0	67674.0	2031.0	1199.0	51.3	52.1	64.5	69.4
2012-01-17	73090.0	26282.0	2240.0	42957.0	67671.0	2051.0	1379.0	50.9	51.9	62.6	69.0
2012-01-24	73410.0	25522.0	2240.0	43741.0	67983.0	2199.0	1239.0	49.5	51.4	61.3	68.5
2012-01-31	72371.0	23622.0	2180.0	44372.0	66841.0	2257.0	1230.0	47.4	48.2	59.7	66.8
2012-02-07	75161.0	21830.0	2180.0	47770.0	68475.0	2301.0	1246.0	43.0	46.8	56.6	65.0
2012-02-14	75959.0	22026.0	2180.0	48414.0	69291.0	2291.0	1260.0	43.5	46.6	56.5	65.1
2012-02-21	75515.0	22026.0	2180.0	47970.0	68847.0	2291.0	1260.0	43.7	46.6	56.6	64.7
2012-02-28	77046.0	21190.0	2180.0	50360.0	70495.0	2286.0	1161.0	41.5	43.8	54.5	60.8
2012-03-06	73058.0	21122.0	2160.0	47584.0	67545.0	2165.0	1166.0	43.7	43.9	55.4	60.9
2012-03-13	73416.0	21490.0	2218.0	47558.0	67819.0	2165.0	1176.0	44.4	43.6	56.3	61.0
2012-03-20	72973.0	21220.0	538.0	47351.0	69056.0	2199.0	1176.0	44.9	45.2	56.2	61.4
2012-03-27	73129.0	21460.0	778.0	47237.0	68972.0	2229.0	1176.0	44.9	45.2	56.1	61.3
2012-04-03	69671.0	19559.0	755.0	45750.0	65481.0	2047.0	1120.0	43.4	44.9	55.4	60.1
2012-04-10	71153.0	18869.0	755.0	47350.0	66151.0	1999.0	1312.0	43.6	43.8	54.4	58.7
2012-04-17	71807.0	18941.0	755.0	47932.0	66685.0	1999.0	1432.0	43.3	43.2	54.0	58.2
2012-04-24	72845.0	18821.0	995.0	49453.0	67821.0	1820.0	1278.0	42.5	40.8	52.9	55.9
2012-05-01	68010.0	15840.0	902.0	47577.0	63146.0	1847.0	1216.0	42.6	42.1	52.4	56.3
2012-05-08	69089.0	15600.0	182.0	48474.0	64335.0	2149.0	1706.0	42.1	40.2	51.7	55.7
2012-05-15	69448.0	15148.0	344.0	48912.0	64259.0	2249.0	1706.0	40.9	40.7	50.6	55.3
2012-05-22	70031.0	15748.0	724.0	49453.0	64952.0	1791.0	1316.0	40.7	38.6	50.1	53.7
2012-05-29	70447.0	15878.0	744.0	49733.0	65358.0	1787.0	1296.0	40.9	38.6	50.3	53.3
2012-06-05	66397.0	14177.0	729.0	47414.0	61201.0	1629.0	1290.0	40.1	39.7	48.3	52.0
2012-06-12	67041.0	13217.0	729.0	48154.0	60981.0	1629.0	1290.0	38.4	40.0	46.7	52.5
2012-06-19	67227.0	13397.0	749.0	48113.0	61107.0	1636.0	1290.0	39.7	41.2	48.6	53.1
2012-06-26	67501.0	13397.0	789.0	48387.0	61341.0	1636.0	1290.0	39.9	41.5	49.3	53.4
2012-07-03	66183.0	12666.0	308.0	47530.0	60100.0	1742.0	1530.0	39.8	44.2	47.2	53.5
2012-07-10	66578.0	12480.0	308.0	48081.0	60225.0	1742.0	1770.0	37.8	41.5	45.3	50.9
2012-07-17	67935.0	11980.0	328.0	49463.0	61352.0	1767.0	1530.0	36.5	40.2	44.3	49.3
2012-07-24	68852.0	11920.0	348.0	50427.0	62249.0	1780.0	1530.0	36.0	40.8	44.3	50.1
2012-07-31	64123.0	9331.0	213.0	48355.0	57839.0	1406.0	1040.0	33.1	39.7	42.4	50.6
2012-08-07	64637.0	9011.0	229.0	48823.0	57951.0	1406.0	1060.0	32.3	38.7	41.3	49.4
2012-08-14	64738.0	9011.0	229.0	48923.0	58052.0	1407.0	1060.0	32.4	38.3	41.3	49.1
2012-08-21	65940.0	9221.0	229.0	50055.0	59394.0	1407.0	1060.0	31.6	39.3	41.1	47.9
2012-08-28	66576.0	9921.0	229.0	50228.0	60247.0	1390.0	1063.0	31.8	40.6	42.8	52.5
2012-09-04	59889.0	5407.0	376.0	48403.0	53606.0	1205.0	1033.0	30.1	43.8	41.4	52.2
2012-09-11	61420.0	5139.0	472.0	49350.0	54535.0	1577.0	1059.0	29.7	42.7	40.7	51.5
2012-09-18	62108.0	5619.0	472.0	49678.0	55343.0	1577.0	1059.0	30.3	42.3	41.7	51.6
2012-09-25	61426.0	4899.0	672.0	49596.0	54321.0	1577.0	1079.0	30.8	42.6	41.2	52.1
2012-10-02	58871.0	2531.0	747.0	49662.0	51375.0	1234.0	1305.0	35.7	44.7	46.4	55.3
2012-10-09	58975.0	2771.0	747.0	49526.0	51479.0	1234.0	1305.0	36.6	45.2	47.3	56.6
2012-10-16	58727.0	2771.0	747.0	49482.0	51267.0	1030.0	1269.0	35.9	44.1	46.7	56.1
2012-10-23	58723.0	2771.0	771.0	49498.0	51509.0	1030.0	1019.0	35.7	44.1	46.4	56.0
2012-10-30	61298.0	3178.0	2378.0	52483.0	53216.0	1077.0	1144.0	37.4	41.8	47.3	53.0
2012-11-06	57450.0	3508.0	2418.0	48251.0	49638.0	1378.0	1081.0	38.1	44.8	50.6	57.4
2012-11-13	58811.0	3528.0	2418.0	49627.0	51034.0	1343.0	1046.0	38.2	44.2	50.1	58.0
2012-11-20	58881.0	3508.0	2418.0	49697.0	51104.0	1363.0	1046.0	38.1	44.3	50.4	58.2
2012-11-27	59212.0	3768.0	2418.0	49788.0	51435.0	1343.0	1046.0	38.0	44.2	50.7	58.5
2012-12-04	54652.0	3578.0	2656.0	46867.0	47959.0	1200.0	1030.0	41.1	48.3	56.0	63.1
2012-12-11	55261.0	3578.0	2688.0	47456.0	48536.0	1220.0	1030.0	42.7	48.3	55.7	63.0
2012-12-18	54985.0	3578.0	2268.0	47108.0	48608.0	1220.0	1030.0	40.5	47.7	53.4	61.8
2012-12-24	63132.0	3857.0	819.0	51566.0	53414.0	4179.0	5369.0	49.5	54.6	60.8	64.8
2012-12-31	55451.0	3320.0	1907.0	48981.0	50586.0	1326.0	1134.0	57.6	64.8	72.6	76.9
2013-01-08	55702.0	3320.0	2027.0	48879.0	50680.0	1679.0	1171.0	57.7	63.9	72.7	76.6
2013-01-15	56040.0	3320.0	2027.0	49217.0	50798.0	1679.0	1391.0	57.9	63.0	72.8	75.7
2013-01-22	56296.0	3320.0	2027.0	49473.0	51054.0	1679.0	1391.0	58.1	63.1	72.9	75.6
2013-01-29	56636.0	3320.0	2127.0	49813.0	51294.0	1679.0	1391.0	58.0	62.1	72.7	74.7
2013-02-05	54413.0	3272.0	1742.0	48021.0	49768.0	1436.0	1219.0	58.1	63.4	72.1	77.1
2013-02-12	54414.0	3222.0	1742.0	48031.0	49748.0	1477.0	1240.0	58.1	63.4	72.1	77.1
2013-02-19	54256.0	3222.0	1762.0	47873.0	49570.0	1477.0	1240.0	58.0	63.3	72.1	77.1
2013-02-26	54496.0	6614.0	1742.0	44895.0	49740.0	1219.0	1246.0	56.3	63.2	70.9	77.6
2013-03-05	51891.0	5914.0	1794.0	43318.0	47158.0	1025.0	1305.0	57.5	62.5	71.8	76.9
2013-03-12	51873.0	2720.0	1794.0	46578.0	47224.0	1025.0	1305.0	59.1	62.5	73.5	76.8
2013-03-19	52453.0	2740.0	1818.0	46878.0	47760.0	1265.0	1305.0	59.0	61.5	73.2	76.7
2013-03-26	52625.0	2740.0	1818.0	47050.0	47932.0	1265.0	1305.0	59.1	61.3	73.3	76.8
2013-04-02	49863.0	2060.0	1582.0	44437.0	44919.0	1178.0	1174.0	59.1	60.0	73.4	76.1
2013-04-09	49873.0	2060.0	1582.0	44477.0	44919.0	1148.0	1184.0	59.1	60.0	73.4	76.1
2013-04-16	50145.0	2060.0	1462.0	44679.0	45241.0	1148.0	1184.0	59.0	60.4	73.2	76.2
2013-04-23	50379.0	2252.0	1602.0	45205.0	45559.0	664.0	960.0	58.7	59.9	72.9	76.1
2013-04-30	47806.0	2122.0	1402.0	43300.0	43730.0	658.0	948.0	59.3	60.7	73.6	77.5
2013-05-07	47718.0	2122.0	1402.0	42936.0	43575.0	934.0	1015.0	59.3	60.9	73.7	77.4
2013-05-14	47718.0	2122.0	1402.0	42936.0	43575.0	934.0	1015.0	59.3	60.9	73.7	77.1
2013-05-21	47598.0	2122.0	1402.0	42816.0	43455.0	934.0	1015.0	59.5	60.8	73.8	77.0
2013-05-28	47646.0	2122.0	1402.0	42864.0	43503.0	934.0	1015.0	59.4	60.7	73.8	77.0
2013-06-04	45217.0	1992.0	1262.0	41109.0	41433.0	602.0	1008.0	59.0	60.4	73.6	77.6
2013-06-11	44984.0	2016.0	1262.0	40852.0	41200.0	602.0	1008.0	58.8	60.3	73.4	77.5
2013-06-18	44978.0	2016.0	1262.0	40846.0	41182.0	602.0	1020.0	58.9	60.2	73.5	77.6
2013-06-25	45024.0	2016.0	1262.0	40892.0	41298.0	602.0	950.0	58.8	60.1	73.4	77.5
2013-07-02	43430.0	2036.0	1140.0	39578.0	40224.0	444.0	694.0	58.8	61.1	73.0	78.4
2013-07-09	43448.0	2036.0	1140.0	39596.0	40242.0	444.0	694.0	59.4	61.2	73.5	78.3
2013-07-16	43480.0	2036.0	1140.0	39676.0	40274.0	396.0	694.0	59.1	60.0	73.2	77.2
2013-07-23	43738.0	2036.0	1140.0	39934.0	40532.0	396.0	694.0	59.0	59.5	73.1	77.0
2013-07-30	44039.0	2108.0	1512.0	39520.0	40362.0	1027.0	781.0	58.8	57.2	70.1	75.0
2013-08-06	40248.0	1566.0	1472.0	36479.0	36916.0	973.0	630.0	59.1	57.0	70.6	74.6
2013-08-13	40124.0	1566.0	1472.0	36355.0	36792.0	973.0	630.0	59.3	57.2	70.9	74.5
2013-08-20	40394.0	1566.0	1472.0	36625.0	37062.0	973.0	630.0	59.7	56.8	71.2	74.2
2013-08-27	40398.0	1566.0	1472.0	36618.0	37066.0	984.0	630.0	59.7	56.8	71.2	74.2
2013-09-03	38479.0	1306.0	1542.0	34976.0	35204.0	1089.0	625.0	60.8	57.8	72.8	76.2
2013-09-10	38529.0	786.0	1662.0	35614.0	35128.0	1141.0	751.0	61.0	57.8	73.0	76.3
2013-09-17	38541.0	786.0	1662.0	35626.0	35140.0	1141.0	751.0	61.0	57.8	73.0	76.6
2013-09-24	38291.0	786.0	1662.0	35640.0	34938.0	877.0	703.0	59.9	58.0	72.2	76.8
2013-10-01	35956.0	720.0	1872.0	33646.0	32907.0	904.0	491.0	59.1	58.4	71.0	75.8
2013-10-08	37012.0	720.0	1886.0	34517.0	33911.0	1089.0	529.0	58.3	57.0	69.9	73.2
2013-10-15	36918.0	720.0	1886.0	34423.0	33817.0	1089.0	529.0	57.2	55.8	68.7	70.4
2013-10-22	36639.0	720.0	1886.0	34170.0	33240.0	1063.0	827.0	57.3	56.5	68.6	70.4
2013-10-29	37083.0	720.0	1886.0	34596.0	33694.0	1081.0	817.0	57.0	57.3	68.2	71.1
2013-11-05	35357.0	720.0	1646.0	33286.0	32622.0	907.0	645.0	55.8	59.4	67.1	72.0
2013-11-12	35971.0	720.0	1766.0	33958.0	33186.0	919.0	645.0	54.7	60.1	65.8	72.6
2013-11-19	36495.0	720.0	1766.0	34502.0	33710.0	899.0	645.0	52.9	58.2	63.9	70.6
2013-11-26	36917.0	1000.0	1766.0	34924.0	34132.0	619.0	645.0	53.0	58.5	64.2	70.6
2013-12-03	34805.0	720.0	2272.0	33067.0	31828.0	886.0	573.0	53.2	58.9	64.5	73.2
2013-12-10	34129.0	480.0	2272.0	32631.0	31152.0	886.0	573.0	54.6	60.3	65.8	73.7
2013-12-17	34893.0	480.0	2232.0	33375.0	31936.0	886.0	573.0	55.0	60.9	66.0	74.0
2013-12-24	23531.0	816.0	2508.0	22013.0	20058.0	550.0	813.0	36.4	48.6	52.3	61.5
2014-01-07	20547.0	816.0	1928.0	18554.0	17302.0	1087.0	1227.0	38.0	46.9	55.5	60.1
2014-01-14	20987.0	816.0	1928.0	18994.0	17790.0	1087.0	1179.0	37.7	46.0	56.6	58.9
2014-01-21	21357.0	816.0	1928.0	19364.0	18170.0	1087.0	1169.0	37.3	44.0	54.7	56.7
2014-01-28	21733.0	1076.0	1928.0	19420.0	18652.0	1147.0	1063.0	36.4	43.3	53.4	57.1
2014-02-04	20912.0	928.0	1789.0	18827.0	18014.0	1067.0	1019.0	36.0	42.3	52.4	54.6
2014-02-11	21062.0	898.0	1789.0	19009.0	18166.0	1065.0	1017.0	34.1	42.0	50.2	54.2
2014-02-18	21042.0	888.0	1789.0	18939.0	18146.0	1125.0	1017.0	32.9	42.1	49.0	53.9
2014-02-25	21090.0	888.0	1789.0	19267.0	18265.0	845.0	946.0	32.4	42.2	49.1	54.0
2014-03-04	19609.0	640.0	1650.0	17711.0	16521.0	928.0	1108.0	32.9	41.9	49.4	53.7
2014-03-11	20268.0	220.0	1722.0	19070.0	17424.0	840.0	984.0	38.3	47.0	53.3	57.5
2014-03-18	20124.0	220.0	1722.0	18926.0	17280.0	840.0	984.0	37.8	47.3	53.0	57.9
2014-03-25	20470.0	220.0	1722.0	19022.0	17626.0	1090.0	984.0	36.5	47.0	51.4	57.4
2014-04-01	19694.0	220.0	1391.0	18392.0	17211.0	992.0	1002.0	38.2	49.4	52.3	59.5
2014-04-08	19716.0	220.0	1391.0	18311.0	17527.0	1095.0	708.0	38.8	49.2	52.1	59.3
2014-04-15	20070.0	220.0	1391.0	18888.0	17931.0	872.0	658.0	38.5	49.4	50.3	58.2
2014-04-22	20162.0	220.0	1391.0	18980.0	18023.0	872.0	658.0	38.9	49.8	50.7	58.5
2014-04-29	20236.0	220.0	1391.0	18976.0	18097.0	950.0	658.0	37.0	49.4	49.1	57.9
2014-05-06	19159.0	220.0	864.0	17788.0	17323.0	823.0	644.0	36.6	48.0	48.4	56.0
