2008-10-28	3655.0	30.0	77.0	2492.0	2945.0	1133.0	633.0	46.0	38.2	50.0	55.1
2008-11-18	4112.0	0.0	169.0	3110.0	3031.0	1002.0	912.0	48.5	37.3	54.8	48.4
2008-11-25	4120.0	0.0	199.0	3234.0	3087.0	886.0	834.0	49.9	37.4	57.8	51.2
2008-12-02	4186.0	0.0	219.0	3337.0	3225.0	849.0	742.0	47.4	38.8	57.6	53.6
2008-12-09	4652.0	0.0	259.0	3738.0	3723.0	914.0	670.0	44.4	37.3	53.9	52.2
2008-12-16	4914.0	0.0	259.0	3993.0	3965.0	921.0	690.0	45.2	38.5	55.2	53.9
2008-12-22	5044.0	0.0	269.0	4140.0	4220.0	904.0	555.0	44.9	38.7	55.6	54.0
2008-12-30	5113.0	0.0	264.0	4215.0	4268.0	898.0	581.0	44.8	38.1	55.5	54.1
2009-01-06	4732.0	0.0	298.0	3706.0	3846.0	1026.0	588.0	45.7	42.2	54.0	58.2
2009-01-13	5110.0	0.0	248.0	3867.0	4028.0	1243.0	834.0	41.9	38.0	51.5	54.2
2009-01-20	5401.0	0.0	278.0	4077.0	4259.0	1324.0	864.0	40.1	37.9	49.6	52.8
2009-01-27	5626.0	0.0	385.0	4240.0	4309.0	1320.0	866.0	38.3	37.1	47.8	52.4
2009-02-03	5344.0	0.0	352.0	4028.0	4036.0	1250.0	890.0	35.3	33.9	44.5	46.7
2009-02-10	5584.0	0.0	342.0	4338.0	4380.0	1180.0	796.0	33.9	32.8	42.5	45.7
2009-02-17	5823.0	0.0	342.0	4569.0	4639.0	1188.0	776.0	32.4	30.3	41.2	44.3
2009-02-24	5940.0	115.0	347.0	4673.0	4842.0	1063.0	662.0	33.1	29.8	41.3	44.4
2009-03-03	5604.0	120.0	254.0	4126.0	4413.0	1274.0	853.0	31.5	30.2	40.8	45.0
2009-03-10	5766.0	120.0	254.0	4348.0	4641.0	1214.0	787.0	31.4	30.5	40.9	45.1
2009-03-17	5916.0	120.0	224.0	4418.0	4691.0	1204.0	827.0	31.5	29.9	40.7	44.0
2009-03-24	6161.0	165.0	293.0	4650.0	4956.0	1250.0	816.0	32.2	30.5	42.3	46.3
2009-03-31	6726.0	175.0	173.0	4924.0	5387.0	1411.0	950.0	30.7	34.0	39.8	45.4
2009-04-07	6223.0	170.0	40.0	4271.0	4758.0	1566.0	1209.0	31.2	36.3	41.8	47.0
2009-04-14	6330.0	170.0	40.0	4475.0	4933.0	1469.0	1141.0	31.6	35.7	41.8	46.0
2009-04-21	6357.0	199.0	79.0	4277.0	4948.0	1704.0	1153.0	32.4	36.0	43.8	48.8
2009-04-28	6511.0	199.0	64.0	4402.0	5053.0	1733.0	1217.0	33.7	35.6	45.2	50.4
2009-05-19	6314.0	44.0	0.0	4383.0	5149.0	1754.0	1032.0	29.2	37.9	39.4	49.9
2009-05-26	6321.0	44.0	0.0	4402.0	5153.0	1742.0	1035.0	29.0	37.7	39.5	49.8
2009-06-09	6228.0	87.0	0.0	4513.0	5261.0	1538.0	877.0	27.5	37.9	36.0	46.2
2009-08-25	6292.0	97.0	0.0	4595.0	4935.0	1487.0	1244.0	35.5	35.4	43.0	46.4
2009-09-01	6327.0	127.0	0.0	4620.0	4995.0	1497.0	1249.0	35.1	35.7	43.0	46.8
2009-09-08	5922.0	115.0	0.0	4464.0	4695.0	1260.0	1144.0	35.6	33.8	44.1	44.8
2009-09-15	5952.0	115.0	0.0	4501.0	4699.0	1253.0	1170.0	34.5	32.2	43.0	43.0
2009-09-22	6063.0	115.0	0.0	4712.0	4818.0	1153.0	1162.0	33.7	31.9	42.7	42.5
2009-09-29	6140.0	115.0	0.0	4718.0	4874.0	1224.0	1183.0	33.4	31.6	42.2	42.4
2009-10-27	5840.0	58.0	0.0	4226.0	4416.0	1473.0	1341.0	33.1	34.2	41.3	44.2
2009-11-09	5281.0	61.0	0.0	3672.0	3647.0	1468.0	1554.0	30.3	30.3	37.9	37.7
2009-11-17	5378.0	76.0	0.0	3767.0	3709.0	1455.0	1589.0	29.7	29.1	37.1	36.1
