2008-10-28	7577.0	0.0	300.0	5865.0	6661.0	1372.0	276.0	28.2	38.4	36.8	50.0
2008-11-04	7358.0	0.0	480.0	5891.0	6200.0	1307.0	518.0	31.3	31.7	40.4	48.2
2008-11-11	7860.0	0.0	480.0	6205.0	6822.0	1495.0	398.0	30.9	32.2	37.3	47.7
2008-11-18	8006.0	0.0	480.0	6211.0	6728.0	1635.0	638.0	30.3	31.8	37.1	48.5
2008-11-25	7982.0	0.0	480.0	6187.0	6704.0	1635.0	638.0	28.9	31.4	36.9	48.7
2008-12-02	7206.0	0.0	560.0	5597.0	6010.0	1609.0	636.0	32.4	32.9	39.3	52.5
2008-12-09	7120.0	40.0	560.0	5517.0	5894.0	1563.0	666.0	32.0	31.0	38.4	50.6
2008-12-16	7488.0	40.0	560.0	5885.0	6204.0	1563.0	724.0	33.3	29.6	37.5	47.6
2008-12-22	7608.0	40.0	560.0	6015.0	6324.0	1553.0	724.0	34.4	29.1	38.6	46.9
2008-12-30	7668.0	0.0	560.0	6125.0	6384.0	1543.0	724.0	34.1	29.9	39.9	47.6
2009-03-03	8180.0	0.0	50.0	7211.0	7302.0	939.0	798.0	41.2	33.6	52.4	49.4
2009-03-10	8444.0	0.0	50.0	7475.0	7446.0	939.0	918.0	39.4	28.9	50.3	46.8
2009-03-17	8812.0	0.0	50.0	7963.0	7694.0	819.0	1038.0	41.6	32.0	54.1	46.4
2009-03-24	8778.0	0.0	50.0	7815.0	7880.0	933.0	818.0	44.0	32.4	53.1	48.7
2009-03-31	8892.0	0.0	58.0	7901.0	7954.0	961.0	850.0	43.5	31.7	52.3	48.3
2009-04-21	8816.0	0.0	18.0	7873.0	8274.0	913.0	494.0	43.1	38.0	51.6	49.3
2009-04-28	9484.0	0.0	18.0	8501.0	8942.0	953.0	494.0	43.9	40.3	57.1	55.8
2009-06-02	10710.0	0.0	0.0	9663.0	9656.0	1047.0	1054.0	37.3	39.0	52.1	50.8
2009-06-09	10644.0	0.0	0.0	9577.0	9630.0	1067.0	1014.0	36.8	39.5	51.6	50.8
2009-06-16	10688.0	0.0	0.0	9591.0	10024.0	1097.0	664.0	45.0	44.9	59.5	61.3
2009-06-23	11238.0	0.0	0.0	10473.0	10842.0	765.0	396.0	46.8	44.3	60.8	60.2
2009-06-30	11378.0	0.0	0.0	10617.0	10964.0	761.0	414.0	47.1	44.0	61.5	59.9
2009-07-07	10740.0	0.0	0.0	10005.0	10330.0	735.0	410.0	48.2	45.7	62.4	61.2
2009-07-14	11774.0	0.0	0.0	10703.0	11354.0	1071.0	420.0	46.7	50.3	63.6	64.2
2009-07-21	11686.0	0.0	0.0	10615.0	11262.0	1071.0	424.0	47.1	48.7	64.2	63.3
2009-07-28	11700.0	0.0	0.0	10529.0	11276.0	1171.0	424.0	47.0	47.7	63.2	63.7
2009-08-04	11950.0	0.0	0.0	10965.0	11536.0	985.0	414.0	51.0	47.2	64.6	63.9
2009-08-11	12498.0	0.0	0.0	11519.0	11970.0	979.0	528.0	50.7	45.8	63.7	64.0
2009-08-18	12406.0	0.0	0.0	11427.0	11874.0	979.0	532.0	51.2	45.6	64.2	64.8
2009-08-25	12514.0	0.0	0.0	11525.0	11982.0	989.0	532.0	50.8	44.3	63.8	64.8
2009-09-01	12220.0	0.0	0.0	11005.0	11624.0	1215.0	596.0	52.2	49.9	65.0	67.0
2009-09-08	12314.0	0.0	0.0	11115.0	11878.0	1199.0	436.0	51.6	52.2	64.2	70.1
2009-09-15	12408.0	0.0	0.0	11365.0	11982.0	1043.0	426.0	52.5	53.9	66.0	70.9
2009-09-22	12316.0	0.0	0.0	11195.0	11874.0	1121.0	442.0	50.6	54.3	63.1	70.5
2009-09-29	13490.0	0.0	0.0	12417.0	12886.0	1073.0	604.0	55.0	53.0	66.6	72.9
2009-10-06	13062.0	0.0	0.0	12109.0	12616.0	953.0	446.0	57.6	55.4	70.1	74.7
2009-10-13	13302.0	0.0	0.0	12343.0	12840.0	959.0	462.0	57.5	54.9	69.5	73.1
2009-10-20	13842.0	0.0	0.0	12787.0	13568.0	1055.0	274.0	58.3	52.5	70.0	71.8
2009-10-27	14162.0	0.0	0.0	13083.0	13886.0	1079.0	276.0	58.7	53.5	70.5	71.5
2009-11-03	14818.0	0.0	0.0	14195.0	14310.0	623.0	508.0	61.9	51.9	74.3	71.6
2009-11-09	14840.0	0.0	0.0	14207.0	14328.0	633.0	512.0	61.6	52.7	74.0	72.2
2009-11-17	14914.0	702.0	0.0	13467.0	14272.0	745.0	642.0	56.4	51.5	69.4	72.0
2009-11-24	15102.0	702.0	0.0	13641.0	14726.0	759.0	376.0	56.0	54.2	68.9	73.8
2009-12-01	14976.0	692.0	0.0	13143.0	14652.0	1141.0	324.0	56.6	54.0	69.1	74.5
2009-12-08	15082.0	692.0	0.0	13303.0	14804.0	1087.0	278.0	55.4	54.2	68.6	73.2
2009-12-15	15076.0	692.0	0.0	13603.0	14786.0	781.0	290.0	54.4	52.7	67.7	72.8
2009-12-22	15224.0	692.0	0.0	14183.0	14914.0	349.0	310.0	53.8	51.3	68.4	72.3
2009-12-29	15446.0	692.0	0.0	14415.0	15146.0	339.0	300.0	54.6	50.3	68.9	72.6
2010-01-05	15508.0	672.0	0.0	14525.0	15110.0	311.0	398.0	54.0	49.8	69.7	73.0
2010-01-12	16044.0	672.0	0.0	14677.0	15320.0	695.0	724.0	52.4	47.0	67.5	70.7
2010-01-19	16176.0	672.0	0.0	14793.0	15418.0	711.0	758.0	52.0	46.7	66.8	70.8
2010-01-26	16468.0	672.0	0.0	15091.0	15700.0	705.0	768.0	53.0	46.7	66.2	70.5
2010-02-02	16008.0	672.0	0.0	14199.0	15264.0	1137.0	744.0	53.1	45.3	65.2	69.5
2010-02-09	16173.0	672.0	0.0	14368.0	15413.0	1133.0	760.0	53.3	45.1	66.0	68.6
2010-02-16	16851.0	192.0	0.0	15026.0	15609.0	1153.0	762.0	51.1	45.0	63.6	67.1
2010-02-23	17647.0	192.0	0.0	15774.0	16357.0	1201.0	810.0	50.4	46.7	65.7	67.8
2010-03-02	16879.0	192.0	0.0	14982.0	15583.0	1225.0	816.0	52.3	50.5	66.7	68.9
2010-03-09	16705.0	192.0	0.0	14766.0	15375.0	1267.0	850.0	51.4	53.1	65.5	68.7
2010-03-16	16731.0	192.0	0.0	14800.0	15415.0	1259.0	836.0	51.3	52.6	65.6	68.6
2010-03-23	17043.0	192.0	0.0	15104.0	15713.0	1267.0	850.0	50.7	53.3	64.3	68.6
2010-03-30	17527.0	192.0	0.0	15406.0	16199.0	1449.0	848.0	49.7	54.1	62.0	68.2
2010-04-06	16126.0	360.0	0.0	14093.0	15006.0	1361.0	808.0	51.0	55.0	64.2	68.3
2010-04-13	16256.0	240.0	0.0	14217.0	15006.0	1367.0	818.0	50.6	54.3	63.2	67.3
2010-04-20	17508.0	240.0	0.0	15453.0	16234.0	1383.0	842.0	51.1	52.2	63.1	68.5
2010-04-27	17356.0	720.0	0.0	15253.0	16514.0	1383.0	842.0	48.9	52.7	63.9	69.1
2010-05-04	17044.0	780.0	0.0	15303.0	16168.0	961.0	876.0	47.8	50.8	62.7	66.7
2010-05-11	17668.0	660.0	0.0	16047.0	16784.0	961.0	884.0	46.0	50.2	60.9	68.2
2010-05-18	18004.0	660.0	0.0	16295.0	17036.0	1049.0	968.0	45.8	50.5	60.4	68.2
2010-05-25	17952.0	660.0	0.0	16195.0	16930.0	1097.0	1022.0	46.2	50.8	60.7	67.4
2010-06-01	17247.0	760.0	0.0	15468.0	16297.0	1019.0	950.0	45.5	51.0	60.2	67.4
2010-06-08	17347.0	760.0	0.0	15644.0	16469.0	943.0	878.0	45.3	50.2	59.9	66.6
2010-06-15	17261.0	760.0	0.0	15722.0	16619.0	779.0	642.0	45.0	50.9	59.7	67.4
2010-06-22	17405.0	760.0	0.0	15812.0	16711.0	833.0	694.0	45.3	50.8	59.8	67.2
2010-06-29	17734.0	712.0	0.0	15773.0	17188.0	1249.0	546.0	43.3	51.2	58.5	67.3
2010-07-06	16465.0	612.0	0.0	14862.0	15783.0	991.0	682.0	44.0	53.1	59.6	68.0
2010-07-13	16473.0	612.0	0.0	14870.0	15787.0	991.0	686.0	44.0	53.1	59.6	68.1
2010-07-20	16385.0	612.0	0.0	14866.0	15773.0	907.0	612.0	44.0	55.4	59.8	68.3
2010-07-27	16305.0	132.0	0.0	15128.0	15675.0	1033.0	618.0	44.9	55.0	59.6	67.9
2010-08-03	15263.0	172.0	0.0	14086.0	14653.0	993.0	598.0	45.2	53.4	58.4	64.9
2010-08-10	14759.0	172.0	0.0	13598.0	14159.0	977.0	588.0	44.5	52.0	57.5	63.7
2010-08-17	14861.0	172.0	0.0	13700.0	14259.0	977.0	590.0	43.9	50.3	56.8	62.4
2010-08-24	14839.0	172.0	0.0	13678.0	14237.0	977.0	590.0	44.5	50.4	57.5	62.9
2010-08-31	16165.0	212.0	0.0	15138.0	15583.0	803.0	570.0	44.8	44.4	56.6	61.0
2010-09-07	15010.0	172.0	0.0	14065.0	14468.0	761.0	530.0	46.3	48.1	58.1	63.8
2010-09-14	15235.0	172.0	0.0	14794.0	14555.0	257.0	668.0	45.6	47.1	57.3	62.6
2010-09-21	15317.0	172.0	0.0	14780.0	14637.0	353.0	668.0	45.4	47.0	57.0	62.4
2010-09-28	15361.0	172.0	0.0	14824.0	14679.0	353.0	670.0	45.3	46.4	56.9	61.8
2010-10-05	14279.0	132.0	0.0	13104.0	13171.0	1031.0	1096.0	45.4	49.5	56.9	63.8
2010-10-12	14297.0	132.0	0.0	13122.0	13191.0	1031.0	1094.0	45.4	49.5	56.9	63.7
2010-10-19	14379.0	132.0	0.0	13204.0	13269.0	1031.0	1098.0	45.1	49.2	57.5	63.4
2010-10-26	14445.0	132.0	20.0	13222.0	13295.0	1079.0	1118.0	44.9	49.6	57.3	63.6
2010-11-02	13873.0	132.0	20.0	12543.0	12773.0	1186.0	1068.0	44.2	49.4	56.3	63.8
2010-11-09	14039.0	132.0	20.0	12909.0	12963.0	986.0	1044.0	44.3	50.1	56.2	64.6
2010-11-16	14155.0	132.0	20.0	13071.0	13113.0	940.0	1010.0	43.9	50.8	55.8	64.1
2010-11-23	14155.0	132.0	20.0	13071.0	13113.0	940.0	1010.0	43.9	50.8	55.8	64.1
2010-11-30	14853.0	132.0	20.0	13765.0	13791.0	944.0	1030.0	42.1	47.6	53.4	61.8
2010-12-07	13071.0	132.0	20.0	11929.0	12415.0	998.0	624.0	43.1	51.0	54.1	64.3
2010-12-14	13429.0	232.0	0.0	12049.0	12655.0	1016.0	642.0	41.9	51.4	52.7	64.4
2010-12-21	13477.0	232.0	0.0	12097.0	12703.0	1016.0	642.0	42.1	51.2	53.0	64.2
2010-12-28	14149.0	132.0	860.0	12989.0	12655.0	1016.0	622.0	44.3	48.8	56.2	65.7
2011-01-04	13839.0	52.0	860.0	12449.0	11901.0	1262.0	1002.0	46.7	50.3	58.9	67.7
2011-01-11	13833.0	52.0	860.0	12443.0	11895.0	1262.0	1002.0	46.9	50.3	58.9	67.7
2011-01-18	13965.0	52.0	860.0	12575.0	12027.0	1262.0	1002.0	45.9	49.7	57.8	66.7
2011-01-25	14237.0	52.0	860.0	12847.0	12299.0	1262.0	1002.0	45.3	49.1	56.8	64.9
2011-02-01	13239.0	36.0	800.0	11841.0	11379.0	1286.0	984.0	45.0	45.0	55.0	62.8
2011-02-08	13073.0	36.0	800.0	11507.0	11213.0	1454.0	984.0	45.2	47.8	55.3	63.5
2011-02-15	13039.0	36.0	800.0	11535.0	11379.0	1392.0	784.0	44.9	47.4	55.0	63.2
2011-02-22	13077.0	36.0	800.0	11573.0	11399.0	1392.0	802.0	45.1	47.4	55.1	63.1
2011-03-01	12121.0	20.0	740.0	9991.0	10507.0	2034.0	798.0	43.3	49.1	53.4	64.6
2011-03-08	12253.0	20.0	740.0	10123.0	10639.0	2034.0	798.0	43.0	49.5	53.0	64.9
2011-03-15	12283.0	20.0	740.0	10197.0	10669.0	1990.0	798.0	43.2	49.6	53.3	65.0
2011-03-22	12267.0	20.0	740.0	10197.0	10669.0	1974.0	782.0	43.3	49.7	53.3	65.0
2011-03-29	12301.0	20.0	740.0	10221.0	10693.0	1984.0	792.0	43.3	49.8	53.4	65.1
2011-04-05	11461.0	4.0	680.0	9279.0	9921.0	2102.0	784.0	43.2	46.6	50.4	62.1
2011-04-12	11575.0	4.0	680.0	9417.0	10021.0	2078.0	798.0	43.1	45.4	50.2	60.8
2011-04-19	11928.0	4.0	680.0	9762.0	10112.0	2086.0	1060.0	41.9	43.4	49.6	59.0
2011-04-26	12628.0	4.0	680.0	10462.0	10812.0	2086.0	1060.0	40.2	44.6	49.8	59.8
2011-05-03	12044.0	330.0	632.0	9614.0	10232.0	2026.0	1106.0	38.7	42.6	49.1	58.9
2011-05-10	12030.0	330.0	632.0	9476.0	10232.0	2150.0	1092.0	37.6	42.7	48.0	58.9
2011-05-17	12030.0	330.0	632.0	9476.0	10232.0	2150.0	1092.0	37.4	42.7	47.9	58.8
2011-05-24	12350.0	330.0	632.0	9658.0	10814.0	2288.0	830.0	36.3	45.1	46.5	61.6
2011-05-31	13046.0	330.0	712.0	10354.0	11450.0	2304.0	826.0	37.5	47.0	47.6	61.2
2011-06-07	11558.0	340.0	588.0	8894.0	10136.0	2276.0	786.0	38.6	48.8	48.3	62.9
2011-06-14	11808.0	340.0	588.0	9144.0	10386.0	2276.0	786.0	38.3	49.8	48.1	62.5
2011-06-21	11898.0	340.0	588.0	9234.0	10476.0	2276.0	786.0	31.9	38.4	40.2	52.7
2011-06-28	11958.0	340.0	588.0	9294.0	10536.0	2276.0	786.0	31.8	38.7	40.0	52.4
2011-07-05	10715.0	366.0	500.0	8063.0	9351.0	2274.0	852.0	33.9	41.2	47.3	61.4
2011-07-12	10715.0	366.0	500.0	8063.0	9351.0	2274.0	852.0	33.9	41.2	47.3	61.4
2011-07-19	10745.0	366.0	500.0	8063.0	9381.0	2304.0	852.0	34.1	41.4	47.2	61.5
2011-07-26	10745.0	366.0	500.0	8063.0	9381.0	2304.0	852.0	34.1	41.4	47.2	61.4
2011-08-02	9477.0	350.0	430.0	6869.0	8205.0	2246.0	830.0	34.9	42.0	46.9	60.7
2011-08-09	9477.0	350.0	430.0	6869.0	8205.0	2246.0	830.0	34.9	42.0	46.9	60.7
2011-08-16	9477.0	350.0	430.0	6869.0	8205.0	2246.0	830.0	34.9	42.0	46.9	60.7
2011-08-23	9471.0	350.0	430.0	6869.0	8205.0	2240.0	824.0	34.9	42.0	46.9	60.7
2011-08-30	9425.0	350.0	430.0	6823.0	7559.0	2240.0	1424.0	29.8	34.8	39.3	48.8
