2009-01-13	98799.0	3611.0	10505.0	56561.0	44788.0	28498.0	33377.0	21.7	20.4	30.1	27.4
2009-01-20	101293.0	2783.0	8715.0	58311.0	47625.0	28849.0	33603.0	21.2	18.3	28.9	25.1
2009-01-27	103609.0	2605.0	9159.0	58540.0	48715.0	30573.0	33844.0	20.4	17.3	28.0	24.0
2009-02-03	100453.0	2565.0	8891.0	54438.0	46411.0	31991.0	33692.0	20.5	17.2	27.0	23.7
2009-02-10	100447.0	2565.0	8786.0	54601.0	45853.0	31792.0	34319.0	20.0	17.1	27.1	23.5
2009-02-17	102936.0	2649.0	8060.0	60896.0	53932.0	27728.0	29281.0	19.5	18.3	25.8	24.8
2009-02-24	103892.0	2649.0	7655.0	64531.0	57134.0	24734.0	27125.0	20.2	18.1	27.7	26.1
2009-03-03	100287.0	2677.0	8241.0	61721.0	52820.0	24663.0	28000.0	21.3	18.8	28.9	25.7
2009-03-10	103866.0	2917.0	7374.0	61295.0	56970.0	27656.0	27524.0	21.2	19.3	29.2	28.5
2009-03-17	106722.0	3637.0	6969.0	59819.0	60874.0	31494.0	27107.0	18.2	20.6	26.1	29.7
2009-03-24	108808.0	3661.0	6826.0	64060.0	65869.0	29691.0	24717.0	17.9	20.6	26.0	29.9
2009-03-31	110111.0	4681.0	3463.0	62627.0	63806.0	35031.0	35070.0	17.6	20.3	26.4	27.7
2009-04-07	108219.0	5113.0	3564.0	53089.0	60300.0	42143.0	36481.0	19.2	22.3	26.7	30.4
2009-04-14	109204.0	5061.0	3489.0	54419.0	62322.0	41700.0	35369.0	18.3	21.8	25.9	29.9
2009-04-21	109305.0	5574.0	3613.0	54777.0	62650.0	40882.0	34970.0	18.3	22.4	26.3	30.5
2009-04-28	111675.0	5599.0	3823.0	55163.0	62222.0	42931.0	37648.0	18.7	22.1	26.8	29.9
2009-05-05	110398.0	5931.0	3135.0	49772.0	60860.0	46337.0	38045.0	18.5	22.4	25.1	29.9
2009-05-12	111784.0	6993.0	3465.0	48976.0	61781.0	47709.0	38432.0	18.3	22.5	24.6	30.8
2009-05-19	112294.0	6903.0	3854.0	49059.0	62845.0	48301.0	37564.0	17.8	23.8	23.9	32.1
2009-05-26	112458.0	6963.0	3161.0	48434.0	63708.0	49196.0	37724.0	17.4	23.9	23.5	32.3
2009-06-09	110046.0	7146.0	2373.0	50623.0	71321.0	44568.0	28643.0	16.1	24.3	23.6	34.4
2009-06-16	110524.0	7206.0	2353.0	53794.0	72073.0	41775.0	28349.0	16.1	24.4	24.2	34.4
2009-06-23	110583.0	7269.0	2503.0	50616.0	71166.0	45129.0	29345.0	16.4	24.7	24.4	35.2
2009-06-30	111217.0	7376.0	2626.0	54847.0	72608.0	41356.0	28345.0	16.7	24.6	25.0	35.1
2009-07-07	109739.0	7311.0	2189.0	52413.0	72536.0	42401.0	27400.0	15.5	26.9	24.2	36.8
2009-07-14	111710.0	7551.0	2285.0	54122.0	75273.0	42444.0	26559.0	15.6	26.5	24.0	37.1
2009-07-21	112167.0	7551.0	2285.0	54525.0	75622.0	42498.0	26667.0	15.7	26.4	24.1	36.9
2009-07-28	113300.0	7641.0	1870.0	64503.0	80449.0	33728.0	23553.0	17.4	26.2	26.8	36.1
2009-08-04	108784.0	10435.0	1330.0	58456.0	77719.0	32880.0	22722.0	18.3	27.2	27.6	37.5
2009-08-11	110366.0	10435.0	2080.0	60032.0	78403.0	32913.0	22897.0	18.5	27.3	27.6	38.3
2009-08-18	110330.0	4956.0	2080.0	70911.0	83832.0	32837.0	22792.0	18.5	26.8	27.8	38.3
2009-08-25	111531.0	4956.0	2080.0	70817.0	84655.0	34132.0	23170.0	18.1	27.0	27.5	38.4
2009-09-01	107187.0	4803.0	2283.0	66488.0	80116.0	34359.0	23251.0	18.8	27.9	27.4	39.0
2009-09-08	107720.0	4923.0	2088.0	66507.0	81055.0	34747.0	23034.0	19.0	28.7	27.6	39.5
2009-09-15	108315.0	4923.0	2088.0	74092.0	81109.0	27757.0	23575.0	21.5	28.6	32.7	39.4
2009-09-22	108364.0	4923.0	1805.0	74042.0	80521.0	27788.0	24427.0	21.5	28.5	32.7	39.0
2009-09-29	109149.0	4923.0	1865.0	77858.0	81363.0	24723.0	24276.0	21.6	28.4	33.7	38.9
2009-10-06	105508.0	4755.0	2001.0	68924.0	78112.0	30184.0	23750.0	22.8	29.6	32.6	39.8
2009-10-13	105947.0	4755.0	2001.0	68878.0	78245.0	30669.0	24056.0	22.9	29.5	32.8	39.6
2009-10-20	107633.0	4615.0	3050.0	70288.0	79738.0	30863.0	22978.0	22.2	29.0	32.0	39.1
2009-10-27	108610.0	4615.0	3035.0	70959.0	80230.0	31161.0	23470.0	21.8	28.9	31.6	38.8
2009-11-03	102703.0	4045.0	2885.0	65111.0	78309.0	31762.0	19724.0	23.2	28.0	31.2	38.4
2009-11-09	104026.0	1980.0	2774.0	68254.0	79789.0	32251.0	19922.0	23.1	27.7	30.9	38.1
2009-11-17	105392.0	1980.0	2250.0	74080.0	79691.0	27593.0	21712.0	23.2	27.6	32.8	38.3
2009-11-24	106010.0	1980.0	2250.0	74641.0	80056.0	27650.0	21965.0	23.2	27.3	33.3	38.2
2009-12-01	100270.0	1976.0	1339.0	67112.0	76074.0	29443.0	21118.0	25.0	28.1	33.6	39.3
2009-12-08	101633.0	1902.0	1367.0	68304.0	78199.0	29452.0	20092.0	24.7	27.4	32.9	38.3
2009-12-15	102861.0	1902.0	1302.0	68633.0	79098.0	30306.0	20441.0	24.6	27.3	32.6	38.3
2009-12-22	103848.0	1902.0	1302.0	69099.0	79956.0	30626.0	20369.0	24.4	27.3	32.2	38.4
2009-12-29	104186.0	1902.0	1159.0	69114.0	80273.0	30836.0	20420.0	24.3	27.1	32.1	38.3
2010-01-19	98629.0	1840.0	34.0	49744.0	68282.0	44857.0	28125.0	20.3	27.8	25.4	40.2
2010-01-26	99130.0	1872.0	94.0	50305.0	68961.0	44765.0	27887.0	20.3	27.5	25.3	39.7
2010-02-02	94212.0	235.0	0.0	50081.0	64995.0	42027.0	27348.0	19.4	27.0	23.6	37.1
2010-02-09	94850.0	295.0	0.0	57704.0	65499.0	35037.0	27537.0	26.6	27.2	31.9	38.3
2010-02-16	95163.0	295.0	0.0	57831.0	65712.0	35034.0	27448.0	26.7	27.3	31.8	38.2
2010-02-23	96302.0	475.0	0.0	58488.0	65904.0	35441.0	28500.0	26.2	27.2	31.0	37.1
2010-03-02	90352.0	626.0	320.0	53538.0	61849.0	34211.0	26206.0	25.0	27.1	29.3	36.1
2010-03-09	90849.0	626.0	500.0	55537.0	62180.0	32864.0	26347.0	24.8	27.1	30.2	35.9
2010-03-16	91773.0	626.0	600.0	55191.0	62590.0	34162.0	26789.0	24.4	27.0	29.6	36.3
2010-03-23	93996.0	590.0	600.0	57120.0	64412.0	34390.0	27088.0	23.9	26.0	28.8	35.0
2010-03-30	94004.0	722.0	720.0	58360.0	64174.0	33253.0	27441.0	24.0	25.7	29.1	34.4
2010-06-08	80298.0	1924.0	0.0	46707.0	45960.0	30557.0	33228.0	20.1	22.3	26.8	26.0
2010-06-15	80379.0	1894.0	0.0	47553.0	47069.0	29792.0	32170.0	20.0	22.3	26.8	26.0
2010-06-22	80334.0	732.0	0.0	47373.0	46774.0	31089.0	32420.0	19.9	22.4	26.6	26.3
2010-06-29	80790.0	732.0	0.0	47647.0	46941.0	31271.0	32709.0	19.8	22.1	26.5	26.0
2012-06-26	66302.0	1037.0	2892.0	32086.0	32524.0	32235.0	29942.0	19.6	19.0	24.9	24.4
2012-08-14	62796.0	948.0	2596.0	38269.0	28143.0	23275.0	31753.0	23.7	19.5	33.0	23.8
2012-08-21	63589.0	1182.0	2836.0	38998.0	27244.0	23105.0	33205.0	23.6	18.1	33.8	22.5
2012-09-18	65622.0	591.0	3968.0	40185.0	30755.0	24372.0	30425.0	25.0	22.3	32.3	28.1
2012-09-25	66471.0	591.0	4443.0	41361.0	33182.0	24045.0	28372.0	24.9	21.9	32.6	29.7
2012-10-02	60953.0	0.0	3491.0	37034.0	30204.0	23445.0	26784.0	26.5	22.9	35.1	30.3
2012-10-09	61620.0	444.0	3546.0	37361.0	30310.0	23049.0	26998.0	26.2	22.6	34.9	29.9
2012-10-16	62561.0	0.0	3942.0	37927.0	30166.0	22383.0	26202.0	26.8	22.7	35.7	30.4
2012-10-23	62084.0	0.0	3315.0	37785.0	30494.0	21800.0	25776.0	25.3	20.6	34.0	27.3
2012-10-30	62806.0	0.0	3009.0	37598.0	30375.0	22614.0	26828.0	25.1	19.6	33.5	26.7
2012-11-06	56805.0	0.0	3132.0	32041.0	28134.0	22837.0	23612.0	25.3	19.9	31.4	25.3
2012-11-13	56936.0	0.0	3382.0	32115.0	28139.0	23140.0	23734.0	25.8	20.7	32.3	26.7
2012-11-20	57012.0	0.0	3499.0	31965.0	27165.0	23366.0	24667.0	27.3	20.2	33.6	26.8
2012-11-27	58184.0	0.0	4285.0	33798.0	28941.0	23327.0	23899.0	27.1	20.2	33.7	27.8
2012-12-11	53840.0	0.0	4302.0	29155.0	27120.0	24232.0	21965.0	24.8	23.5	30.6	30.8
2012-12-18	53890.0	0.0	3532.0	29147.0	27333.0	24247.0	22529.0	22.8	22.8	30.9	29.9
2012-12-24	54506.0	0.0	3532.0	29714.0	27513.0	24296.0	22965.0	23.5	22.9	31.6	29.9
2012-12-31	54589.0	0.0	3532.0	28186.0	27176.0	25907.0	23385.0	23.5	22.7	29.1	29.6
