2009-03-24	3374.0	0.0	0.0	3374.0	3374.0	0.0	0.0	52.7	66.3	65.6	69.1
2009-03-31	3796.0	0.0	0.0	3796.0	3796.0	0.0	0.0	43.5	55.6	57.6	60.8
2009-06-16	7462.0	0.0	0.0	7462.0	7462.0	0.0	0.0	41.6	46.7	50.3	51.3
2009-06-23	7442.0	0.0	0.0	7442.0	7442.0	0.0	0.0	41.7	46.8	50.4	51.4
2009-06-30	7766.0	0.0	0.0	7766.0	7766.0	0.0	0.0	43.5	49.4	51.9	54.3
2009-07-07	6544.0	0.0	0.0	6544.0	6544.0	0.0	0.0	36.0	39.7	44.5	47.2
2009-07-14	7095.0	0.0	0.0	7095.0	7076.0	0.0	19.0	30.7	35.5	39.8	43.2
2009-07-21	7335.0	0.0	0.0	7335.0	7335.0	0.0	0.0	38.6	40.5	47.3	49.7
2009-07-28	8435.0	0.0	0.0	8325.0	8375.0	110.0	60.0	37.1	43.3	45.4	48.9
2009-08-04	7889.0	0.0	0.0	7829.0	7829.0	60.0	60.0	40.5	54.1	53.2	58.5
2009-08-11	8514.0	0.0	0.0	8454.0	8454.0	60.0	60.0	32.2	47.5	46.7	51.6
2009-08-18	8614.0	0.0	0.0	8554.0	8554.0	60.0	60.0	26.6	41.7	40.3	45.8
2009-08-25	8939.0	0.0	0.0	8939.0	8939.0	0.0	0.0	29.0	41.7	40.7	46.4
2009-09-01	8889.0	0.0	0.0	8889.0	8889.0	0.0	0.0	29.2	43.0	41.5	47.7
2009-09-08	7889.0	0.0	0.0	7874.0	7839.0	15.0	50.0	33.5	42.5	43.3	47.2
2009-09-15	8219.0	0.0	0.0	8204.0	8169.0	15.0	50.0	30.0	39.3	40.4	44.2
2009-09-22	8328.0	0.0	0.0	8313.0	8278.0	15.0	50.0	36.8	43.7	47.1	49.8
2009-09-29	8643.0	0.0	0.0	8628.0	8593.0	15.0	50.0	38.0	41.2	48.5	51.3
2009-10-06	7622.0	0.0	0.0	7547.0	7512.0	75.0	110.0	44.0	43.9	54.2	56.9
2009-10-13	7987.0	0.0	0.0	7912.0	7877.0	75.0	110.0	48.6	47.2	58.3	59.9
2009-10-20	8037.0	0.0	0.0	7962.0	7927.0	75.0	110.0	43.6	44.1	53.9	56.8
2009-10-27	8107.0	0.0	0.0	8092.0	8087.0	15.0	20.0	43.0	40.9	53.1	53.5
2009-11-03	7572.0	0.0	0.0	7562.0	7552.0	10.0	20.0	47.1	44.9	59.3	59.6
2009-11-09	7913.0	0.0	0.0	7903.0	7893.0	10.0	20.0	48.2	46.1	59.9	59.8
2009-11-17	8615.0	0.0	0.0	8605.0	8595.0	10.0	20.0	50.1	39.2	58.0	55.5
2009-11-24	8875.0	0.0	0.0	8865.0	8855.0	10.0	20.0	49.7	37.4	59.5	53.9
2009-12-01	9174.0	0.0	0.0	9164.0	9094.0	10.0	80.0	45.9	33.8	54.0	47.9
2009-12-08	8295.0	0.0	0.0	8290.0	8235.0	5.0	60.0	52.4	39.4	59.5	54.7
2009-12-15	8917.0	0.0	0.0	8909.0	8917.0	8.0	0.0	52.5	37.2	61.3	52.8
2009-12-22	9612.0	0.0	0.0	9602.0	9572.0	10.0	40.0	50.5	37.5	58.2	51.3
2009-12-29	10187.0	0.0	0.0	10177.0	10187.0	10.0	0.0	53.3	39.5	60.8	52.9
2010-01-05	8702.0	0.0	0.0	8697.0	8662.0	5.0	40.0	51.4	51.0	60.8	60.3
2010-01-12	10097.0	0.0	0.0	10092.0	10079.0	5.0	18.0	39.9	35.3	46.0	44.2
2010-01-19	9854.0	0.0	0.0	9849.0	9789.0	5.0	65.0	43.4	35.2	48.0	43.9
2010-01-26	11083.0	0.0	0.0	11078.0	11043.0	5.0	40.0	39.7	32.7	46.9	43.9
2010-02-02	9883.0	0.0	0.0	9883.0	9843.0	0.0	40.0	50.2	39.5	57.1	51.7
2010-02-09	10723.0	0.0	0.0	10723.0	10683.0	0.0	40.0	44.4	38.6	52.8	51.7
2010-02-16	11523.0	0.0	0.0	11523.0	11483.0	0.0	40.0	45.4	36.4	53.5	52.5
2010-02-23	12568.0	0.0	0.0	12568.0	12528.0	0.0	40.0	44.4	30.3	51.1	46.3
2010-03-02	11893.0	0.0	0.0	11868.0	11873.0	25.0	20.0	55.6	28.0	58.7	45.5
2010-03-09	13488.0	0.0	0.0	13438.0	13488.0	50.0	0.0	53.5	26.6	56.2	43.3
2010-03-16	14253.0	0.0	0.0	14203.0	14233.0	50.0	20.0	56.9	24.4	58.2	40.3
2010-03-23	15355.0	0.0	0.0	15305.0	15335.0	50.0	20.0	52.3	25.6	53.6	38.3
2010-03-30	15725.0	0.0	0.0	15675.0	15630.0	50.0	95.0	51.9	28.1	54.2	40.6
2010-04-06	15337.0	0.0	0.0	15287.0	15262.0	50.0	75.0	52.8	28.7	55.1	43.6
2010-04-13	16197.0	0.0	0.0	16147.0	16122.0	50.0	75.0	54.6	30.9	57.3	44.0
2010-04-20	17597.0	0.0	0.0	17547.0	17522.0	50.0	75.0	54.7	33.0	59.1	45.3
2010-04-27	18852.0	0.0	0.0	18802.0	18777.0	50.0	75.0	56.6	35.6	60.3	46.4
2010-05-04	16988.0	0.0	0.0	16988.0	16913.0	0.0	75.0	70.9	43.3	72.8	59.2
2010-05-11	17178.0	0.0	0.0	17178.0	17103.0	0.0	75.0	68.2	45.1	69.8	58.0
2010-05-18	17819.0	0.0	0.0	17819.0	17714.0	0.0	105.0	70.3	49.8	72.8	61.9
2010-05-25	18164.0	0.0	0.0	18144.0	18059.0	20.0	105.0	72.4	50.1	74.8	62.7
2010-06-01	18549.0	0.0	0.0	18529.0	18444.0	20.0	105.0	72.9	49.8	75.2	62.7
2010-06-08	17024.0	0.0	0.0	16989.0	16929.0	35.0	95.0	78.7	57.8	81.1	69.7
2010-06-15	17804.0	0.0	0.0	17769.0	17709.0	35.0	95.0	75.3	56.5	78.9	69.9
2010-06-22	18629.0	0.0	0.0	18594.0	18534.0	35.0	95.0	71.7	52.6	75.3	67.0
2010-06-29	19268.0	0.0	0.0	19233.0	19173.0	35.0	95.0	69.8	49.5	73.9	63.5
2010-07-06	19299.0	0.0	0.0	19224.0	19099.0	75.0	200.0	68.3	49.7	76.2	67.8
2010-07-13	20544.0	0.0	0.0	20469.0	20344.0	75.0	200.0	71.0	50.0	78.1	68.3
2010-07-20	21069.0	0.0	0.0	20994.0	20869.0	75.0	200.0	71.0	49.3	77.9	67.8
2010-07-27	21684.0	0.0	0.0	21594.0	21499.0	90.0	185.0	72.4	48.5	78.8	67.9
2010-08-03	19178.0	0.0	0.0	19063.0	19063.0	115.0	115.0	72.0	47.6	78.4	65.2
2010-08-10	19353.0	0.0	0.0	19238.0	19238.0	115.0	115.0	72.3	46.8	78.0	64.4
2010-08-17	19858.0	0.0	0.0	19743.0	19743.0	115.0	115.0	71.4	48.3	77.3	65.0
2010-08-24	20483.0	0.0	0.0	20368.0	20368.0	115.0	115.0	71.5	47.0	77.8	66.5
2010-08-31	21033.0	0.0	0.0	20918.0	20918.0	115.0	115.0	66.7	45.8	74.1	64.5
2010-09-07	16755.0	0.0	0.0	16665.0	16660.0	90.0	95.0	62.7	44.1	70.4	64.0
2010-09-14	16790.0	0.0	0.0	16600.0	16595.0	190.0	195.0	59.7	42.9	68.4	60.6
2010-09-21	16510.0	300.0	0.0	16120.0	16415.0	90.0	95.0	57.0	40.8	66.6	58.7
2010-09-28	16515.0	500.0	0.0	15875.0	16420.0	140.0	95.0	51.6	37.4	62.3	54.5
2010-10-05	13487.0	100.0	0.0	12867.0	13137.0	320.0	150.0	42.2	31.3	52.9	50.5
2010-10-12	14049.0	0.0	100.0	13479.0	13629.0	270.0	20.0	47.3	42.6	58.1	61.4
2010-10-19	15911.0	0.0	100.0	15241.0	15366.0	370.0	145.0	46.3	52.2	59.3	66.7
2010-10-26	16981.0	0.0	225.0	16186.0	16406.0	495.0	50.0	42.5	52.9	57.2	67.7
2010-11-02	13198.0	0.0	525.0	12653.0	12633.0	545.0	40.0	44.3	55.3	55.9	70.6
2010-11-09	13194.0	0.0	400.0	12924.0	12739.0	270.0	55.0	42.8	56.1	54.6	70.6
2010-11-16	14327.0	0.0	400.0	14132.0	13887.0	195.0	40.0	45.8	60.4	60.5	74.9
2010-11-23	15398.0	0.0	400.0	15203.0	14958.0	195.0	40.0	49.3	58.4	59.4	71.1
2010-11-30	15771.0	0.0	400.0	15576.0	15331.0	195.0	40.0	48.1	59.6	58.4	71.0
2010-12-07	12701.0	0.0	200.0	12521.0	12491.0	180.0	10.0	55.0	66.7	68.6	78.8
2010-12-14	15297.0	0.0	200.0	15117.0	15087.0	180.0	10.0	54.9	64.6	68.6	77.9
2010-12-21	16510.0	0.0	200.0	16300.0	16300.0	210.0	10.0	55.8	66.5	67.1	77.6
2010-12-28	17631.0	0.0	200.0	17421.0	17421.0	210.0	10.0	58.2	71.0	68.1	78.7
2011-01-04	14941.0	0.0	0.0	14641.0	14941.0	300.0	0.0	60.4	74.1	71.6	83.8
2011-01-11	16225.0	0.0	0.0	15910.0	16225.0	315.0	0.0	60.8	75.1	73.6	84.0
2011-01-18	16739.0	25.0	0.0	16399.0	16739.0	315.0	0.0	60.0	76.3	72.7	84.7
2011-01-25	18185.0	25.0	0.0	17845.0	18185.0	315.0	0.0	59.9	75.4	71.5	83.6
2011-02-01	19230.0	0.0	0.0	18915.0	19230.0	315.0	0.0	59.5	75.4	70.2	84.1
2011-02-08	14415.0	0.0	0.0	14115.0	14400.0	300.0	15.0	64.1	64.6	75.1	79.0
2011-02-15	16840.0	0.0	0.0	16540.0	16825.0	300.0	15.0	66.2	55.5	75.5	76.6
2011-02-22	18086.0	0.0	0.0	17636.0	18071.0	450.0	15.0	69.6	58.6	77.6	77.7
2011-03-01	19274.0	0.0	0.0	18681.0	19274.0	593.0	0.0	68.6	55.5	75.6	74.5
2011-03-08	15291.0	0.0	0.0	14878.0	14691.0	413.0	600.0	65.9	47.5	74.5	68.1
2011-03-15	15301.0	0.0	0.0	14888.0	14701.0	413.0	600.0	64.6	41.7	72.7	65.4
2011-03-22	15826.0	0.0	0.0	15413.0	15226.0	413.0	600.0	64.9	42.1	72.5	65.7
2011-03-29	16145.0	0.0	0.0	15669.0	15545.0	476.0	600.0	65.3	44.3	74.7	67.2
2011-04-05	11397.0	0.0	0.0	11079.0	10837.0	318.0	560.0	58.8	48.8	67.9	62.9
2011-04-12	12006.0	0.0	0.0	11688.0	11446.0	318.0	560.0	57.9	48.7	66.5	60.0
2011-04-19	11929.0	0.0	0.0	11611.0	11369.0	318.0	560.0	58.7	49.0	67.4	61.7
2011-04-26	12116.0	0.0	0.0	11798.0	11556.0	318.0	560.0	59.6	50.1	68.2	63.2
2011-05-03	10044.0	0.0	0.0	9804.0	9498.0	240.0	546.0	61.6	48.0	68.3	59.5
2011-05-10	11030.0	0.0	0.0	10790.0	10610.0	240.0	420.0	64.1	48.9	70.4	64.8
2011-05-17	11618.0	0.0	0.0	11438.0	11198.0	180.0	420.0	63.3	49.0	71.0	66.7
2011-05-24	12245.0	0.0	0.0	12065.0	11762.0	180.0	483.0	59.4	46.8	68.4	63.8
2011-05-31	12645.0	0.0	0.0	12465.0	12162.0	180.0	483.0	59.5	47.6	68.3	64.9
2011-06-07	10796.0	0.0	0.0	10631.0	10401.0	165.0	395.0	57.5	51.4	70.0	64.3
2011-06-14	10886.0	0.0	0.0	10721.0	10491.0	165.0	395.0	55.7	47.3	67.1	61.2
2011-06-21	11514.0	0.0	0.0	11349.0	11119.0	165.0	395.0	54.8	47.6	69.0	64.0
2011-06-28	12025.0	0.0	0.0	11860.0	11650.0	165.0	375.0	56.4	50.1	70.2	65.5
2011-07-05	9144.0	0.0	0.0	8994.0	8832.0	150.0	312.0	55.7	59.8	70.2	71.6
2011-07-12	9194.0	0.0	0.0	9044.0	8912.0	150.0	282.0	55.4	65.2	71.2	75.5
2011-07-19	9749.0	0.0	0.0	9599.0	9467.0	150.0	282.0	55.7	66.6	71.5	76.3
2011-07-26	10342.0	0.0	0.0	10192.0	10060.0	150.0	282.0	55.4	68.7	72.2	77.4
2011-08-02	7851.0	0.0	0.0	7736.0	7569.0	115.0	282.0	50.1	68.0	67.0	76.5
2011-08-09	8043.0	0.0	0.0	7948.0	7761.0	95.0	282.0	48.9	68.8	65.4	75.3
2011-08-16	8160.0	0.0	0.0	8065.0	7868.0	95.0	292.0	49.5	69.6	66.3	75.9
2011-08-23	8597.0	0.0	0.0	8502.0	8305.0	95.0	292.0	47.7	69.0	65.6	74.3
2011-08-30	9879.0	0.0	0.0	9784.0	9587.0	95.0	292.0	45.9	70.4	65.3	75.1
2011-09-06	7721.0	0.0	0.0	7641.0	7429.0	80.0	292.0	47.2	65.1	67.1	73.7
2011-09-13	7846.0	0.0	0.0	7766.0	7554.0	80.0	292.0	46.0	64.7	65.6	73.2
2011-09-20	8238.0	0.0	0.0	8158.0	7946.0	80.0	292.0	46.5	64.8	65.9	72.9
2011-09-27	8606.0	0.0	0.0	8526.0	8314.0	80.0	292.0	47.4	65.7	65.7	74.0
2011-10-04	6531.0	0.0	0.0	6486.0	6249.0	45.0	282.0	48.5	59.0	64.6	72.2
2011-10-11	6351.0	0.0	0.0	6306.0	6069.0	45.0	282.0	45.3	61.8	66.9	74.9
2011-10-18	8184.0	0.0	0.0	8139.0	7902.0	45.0	282.0	50.1	63.2	70.9	78.3
2011-10-25	8993.0	0.0	0.0	8948.0	8706.0	45.0	287.0	45.9	62.8	63.5	74.9
2011-11-01	10641.0	0.0	0.0	10596.0	10354.0	45.0	287.0	40.8	64.3	58.3	71.0
2011-11-08	9739.0	0.0	0.0	9709.0	9422.0	30.0	317.0	46.3	64.7	59.1	69.3
2011-11-15	9860.0	0.0	0.0	9830.0	9543.0	30.0	317.0	46.5	63.6	59.1	68.9
2011-11-22	9625.0	0.0	0.0	9595.0	9308.0	30.0	317.0	44.3	63.3	57.2	68.8
2011-11-29	9550.0	0.0	0.0	9520.0	9263.0	30.0	287.0	44.4	64.2	57.4	69.4
2011-12-06	8640.0	0.0	0.0	8469.0	8509.0	171.0	131.0	46.9	64.0	69.5	70.9
2011-12-13	9130.0	0.0	0.0	8959.0	8999.0	171.0	131.0	44.4	62.7	67.1	68.7
2011-12-20	9105.0	0.0	0.0	8934.0	8974.0	171.0	131.0	44.2	63.2	67.3	69.2
2011-12-27	9280.0	0.0	0.0	9109.0	9149.0	171.0	131.0	45.3	63.9	67.9	69.7
2012-01-03	10110.0	0.0	0.0	9939.0	9979.0	171.0	131.0	45.4	63.6	67.7	69.0
2012-01-10	6937.0	0.0	0.0	6751.0	6811.0	186.0	126.0	46.6	65.5	68.9	72.3
2012-01-17	7511.0	0.0	0.0	7325.0	7385.0	186.0	126.0	48.0	66.7	69.6	73.4
2012-01-24	8774.0	0.0	0.0	8588.0	8648.0	186.0	126.0	42.1	63.6	63.7	71.0
2012-01-31	9447.0	0.0	0.0	9261.0	9321.0	186.0	126.0	42.3	67.5	65.0	75.6
2012-02-07	8438.0	0.0	0.0	8252.0	8312.0	186.0	126.0	44.8	61.2	66.0	68.7
2012-02-14	9363.0	0.0	0.0	9177.0	9237.0	186.0	126.0	43.0	54.6	60.7	61.7
2012-02-21	10505.0	0.0	0.0	10319.0	10379.0	186.0	126.0	45.9	57.8	63.6	65.1
2012-02-28	11055.0	0.0	0.0	10869.0	10929.0	186.0	126.0	44.7	58.4	63.3	67.2
2012-03-06	9529.0	0.0	0.0	9343.0	9403.0	186.0	126.0	55.6	66.1	75.1	77.9
2012-03-13	9753.0	0.0	0.0	9567.0	9627.0	186.0	126.0	55.1	66.3	74.0	76.5
2012-03-20	9973.0	0.0	0.0	9787.0	9847.0	186.0	126.0	57.7	67.7	76.5	79.8
2012-03-27	10655.0	0.0	0.0	10469.0	10529.0	186.0	126.0	56.6	72.1	72.7	81.1
2012-04-03	7417.0	0.0	0.0	7186.0	7276.0	231.0	141.0	55.7	73.3	74.7	83.1
2012-04-10	7432.0	0.0	0.0	7201.0	7341.0	231.0	91.0	55.2	70.9	72.8	82.1
2012-04-17	8914.0	0.0	0.0	8683.0	8708.0	231.0	206.0	55.4	65.6	76.1	81.4
2012-04-24	10661.0	0.0	300.0	10430.0	10140.0	231.0	221.0	57.6	56.6	76.8	81.4
2012-05-01	12864.0	0.0	700.0	12675.0	12085.0	189.0	79.0	59.6	64.0	78.6	82.5
2012-05-08	12003.0	0.0	700.0	11862.0	11224.0	141.0	79.0	59.2	61.4	77.7	80.5
2012-05-15	13478.0	0.0	800.0	13292.0	12599.0	186.0	79.0	59.7	63.2	77.4	84.6
2012-05-22	15426.0	0.0	700.0	15285.0	14662.0	141.0	64.0	55.6	46.1	67.2	64.0
2012-05-29	15826.0	0.0	700.0	15685.0	15047.0	141.0	79.0	55.8	44.1	67.6	61.7
2012-06-05	10284.0	0.0	0.0	10143.0	10254.0	141.0	30.0	46.9	57.1	64.5	70.6
2012-06-12	11023.0	0.0	0.0	10882.0	10993.0	141.0	30.0	49.5	54.7	63.7	67.0
2012-06-19	12489.0	0.0	0.0	12348.0	12459.0	141.0	30.0	47.1	54.5	63.4	68.1
2012-06-26	14324.0	0.0	0.0	14183.0	14294.0	141.0	30.0	44.7	51.7	59.2	62.8
2012-07-03	11616.0	0.0	0.0	11457.0	11586.0	159.0	30.0	49.1	53.7	65.5	70.4
2012-07-10	11484.0	0.0	0.0	11325.0	11454.0	159.0	30.0	50.3	52.3	66.4	70.9
2012-07-17	12264.0	0.0	0.0	12105.0	12234.0	159.0	30.0	48.8	56.9	65.3	74.8
2012-07-24	12472.0	0.0	0.0	12313.0	12442.0	159.0	30.0	50.4	56.0	67.5	75.3
2012-07-31	13102.0	0.0	0.0	12943.0	13072.0	159.0	30.0	50.3	57.1	66.4	74.6
2012-08-07	9761.0	0.0	0.0	9614.0	9731.0	147.0	30.0	48.9	52.5	63.5	65.5
2012-08-14	10326.0	0.0	0.0	10257.0	10296.0	69.0	30.0	50.4	48.8	63.3	63.4
2012-08-21	10461.0	0.0	0.0	10392.0	10429.0	69.0	32.0	53.2	51.5	68.6	68.3
2012-08-28	11581.0	0.0	0.0	11512.0	11551.0	69.0	30.0	55.1	53.5	69.8	70.5
2012-09-04	11708.0	0.0	0.0	11639.0	11678.0	69.0	30.0	54.5	54.0	69.1	69.7
2012-09-11	8126.0	0.0	0.0	8069.0	8096.0	57.0	30.0	54.0	53.8	68.2	66.8
2012-09-18	8538.0	0.0	0.0	8469.0	8508.0	69.0	30.0	52.0	55.6	66.6	66.3
2012-09-25	8828.0	0.0	0.0	8759.0	8798.0	69.0	30.0	52.7	55.6	65.9	66.3
2012-10-02	5725.0	0.0	0.0	5548.0	5695.0	177.0	30.0	44.0	53.9	63.4	64.9
2012-10-09	6595.0	0.0	0.0	6430.0	6565.0	165.0	30.0	39.5	50.7	56.7	59.1
2012-10-16	7455.0	0.0	0.0	7320.0	7425.0	135.0	30.0	37.7	54.0	53.3	61.4
2012-10-23	7910.0	0.0	0.0	7775.0	7880.0	135.0	30.0	38.4	54.2	54.9	64.2
2012-10-30	8645.0	0.0	0.0	8510.0	8615.0	135.0	30.0	36.9	57.0	53.3	66.4
2012-11-06	7433.0	0.0	0.0	7303.0	7403.0	130.0	30.0	34.2	57.4	52.2	65.6
2012-11-13	8971.0	0.0	0.0	8841.0	8941.0	130.0	30.0	30.0	61.2	44.6	66.1
2012-11-20	9616.0	0.0	0.0	9486.0	9586.0	130.0	30.0	28.6	59.0	43.7	63.7
2012-11-27	10889.0	0.0	0.0	10759.0	10859.0	130.0	30.0	31.6	56.5	46.4	61.2
2012-12-04	8895.0	0.0	0.0	8770.0	8847.0	125.0	48.0	32.3	45.1	44.6	54.3
2012-12-11	9145.0	0.0	0.0	9020.0	9097.0	125.0	48.0	30.6	41.9	42.8	54.2
2012-12-18	9520.0	0.0	0.0	9395.0	9482.0	125.0	38.0	30.9	41.3	42.7	53.1
2012-12-24	10412.0	0.0	0.0	10287.0	10374.0	125.0	38.0	29.2	35.3	40.0	46.6
2012-12-31	10737.0	0.0	0.0	10612.0	10699.0	125.0	38.0	30.2	35.7	40.6	46.6
2013-01-08	7867.0	0.0	0.0	7747.0	7847.0	120.0	20.0	45.0	57.3	59.7	69.6
2013-01-15	9711.0	0.0	0.0	9591.0	9681.0	120.0	30.0	44.3	50.3	53.4	62.0
2013-01-22	10061.0	0.0	0.0	9941.0	10031.0	120.0	30.0	45.0	49.1	53.1	60.2
2013-01-29	11849.0	0.0	0.0	11729.0	11819.0	120.0	30.0	43.8	46.7	51.9	56.0
2013-02-05	10277.0	0.0	0.0	10121.0	10247.0	156.0	30.0	45.4	46.1	53.7	58.3
2013-02-12	11054.0	0.0	0.0	10903.0	11014.0	151.0	40.0	46.3	43.6	54.4	58.7
2013-02-19	10992.0	0.0	0.0	10841.0	10972.0	151.0	20.0	46.3	46.3	54.2	58.5
2013-02-26	12002.0	0.0	533.0	11851.0	11469.0	151.0	0.0	42.7	48.9	50.8	59.4
2013-03-05	8735.0	0.0	50.0	8445.0	8535.0	140.0	0.0	45.7	52.6	55.5	61.6
2013-03-12	9340.0	145.0	0.0	9050.0	9335.0	140.0	0.0	44.4	51.6	54.1	62.0
2013-03-19	10407.0	375.0	0.0	9742.0	10407.0	290.0	0.0	42.9	52.1	54.6	65.7
2013-03-26	10785.0	650.0	0.0	9845.0	10785.0	290.0	0.0	40.2	49.0	51.9	62.4
2013-04-02	9265.0	525.0	0.0	8495.0	9265.0	245.0	0.0	54.0	66.9	62.8	73.1
2013-04-09	9986.0	580.0	501.0	9161.0	9470.0	245.0	15.0	51.4	61.6	60.7	72.4
2013-04-16	10336.0	705.0	596.0	9386.0	9695.0	245.0	45.0	52.8	60.0	63.1	70.2
2013-04-23	11011.0	740.0	1051.0	10116.0	9945.0	155.0	15.0	52.1	61.6	63.1	71.0
2013-04-30	11570.0	765.0	1311.0	10650.0	10244.0	155.0	15.0	52.0	64.5	63.7	71.1
2013-05-07	10189.0	540.0	2051.0	9474.0	8123.0	175.0	15.0	55.1	77.7	74.0	81.1
2013-05-14	10584.0	515.0	2476.0	9894.0	8093.0	175.0	15.0	52.3	77.8	71.9	82.2
2013-05-21	10910.0	540.0	2821.0	10215.0	8074.0	155.0	15.0	50.0	75.8	68.8	79.5
2013-05-28	11025.0	540.0	2821.0	10375.0	8189.0	110.0	15.0	47.6	75.1	66.6	78.8
2013-06-04	9024.0	25.0	0.0	8764.0	8859.0	85.0	15.0	50.0	80.1	69.1	83.4
2013-06-11	9474.0	0.0	0.0	9344.0	9474.0	130.0	0.0	49.5	79.2	67.8	82.4
2013-06-18	10334.0	0.0	0.0	10204.0	10334.0	130.0	0.0	55.7	79.6	72.4	82.9
2013-06-25	11572.0	0.0	0.0	11442.0	11572.0	130.0	0.0	55.0	78.9	70.8	82.7
2013-07-02	9564.0	0.0	0.0	9444.0	9564.0	120.0	0.0	61.5	73.2	77.9	83.4
2013-07-09	10134.0	0.0	0.0	10044.0	10134.0	90.0	0.0	62.2	72.1	75.8	83.0
2013-07-16	10536.0	0.0	0.0	10446.0	10536.0	90.0	0.0	61.7	74.8	74.8	85.3
2013-07-23	11312.0	0.0	0.0	11222.0	11312.0	90.0	0.0	59.3	75.1	73.8	85.9
2013-07-30	11827.0	0.0	0.0	11737.0	11827.0	90.0	0.0	59.8	75.2	75.2	85.4
2013-08-06	8857.0	0.0	0.0	8822.0	8850.0	35.0	7.0	67.0	76.9	81.3	86.4
2013-08-13	9205.0	0.0	0.0	9125.0	9205.0	80.0	0.0	66.6	75.4	82.0	85.1
2013-08-20	9535.0	0.0	0.0	9455.0	9535.0	80.0	0.0	64.3	73.4	81.1	86.1
2013-08-27	10574.0	0.0	40.0	10494.0	10534.0	80.0	0.0	62.8	71.2	80.9	84.3
2013-09-03	11348.0	0.0	0.0	11193.0	11273.0	80.0	0.0	60.5	66.6	78.8	80.8
2013-09-10	8327.0	0.0	45.0	8242.0	8252.0	55.0	0.0	65.6	63.8	83.2	81.7
2013-09-17	8851.0	0.0	40.0	8761.0	8776.0	55.0	0.0	67.2	64.5	86.1	83.6
2013-09-24	9027.0	0.0	50.0	8947.0	8952.0	55.0	0.0	60.7	64.2	79.8	79.3
2013-10-01	9767.0	0.0	82.0	9682.0	9655.0	55.0	0.0	58.1	63.1	79.1	78.6
2013-10-08	6393.0	0.0	22.0	6273.0	6356.0	105.0	0.0	55.3	68.0	72.8	78.8
2013-10-15	6983.0	0.0	23.0	6864.0	6946.0	105.0	0.0	53.8	67.5	74.4	85.6
2013-10-22	7314.0	0.0	83.0	7209.0	7231.0	105.0	0.0	53.4	63.0	72.6	80.0
2013-10-29	8199.0	0.0	193.0	8094.0	8006.0	105.0	0.0	46.8	62.1	68.9	79.1
2013-11-05	5456.0	0.0	166.0	5366.0	5290.0	90.0	0.0	44.9	61.4	64.5	75.5
2013-11-12	5751.0	0.0	196.0	5661.0	5555.0	90.0	0.0	49.7	66.0	67.5	79.5
2013-11-19	6708.0	0.0	221.0	6618.0	6487.0	90.0	0.0	45.8	66.9	66.6	83.7
2013-11-26	7158.0	0.0	216.0	7068.0	6942.0	90.0	0.0	47.4	64.3	69.1	81.3
2013-12-03	5116.0	0.0	100.0	4861.0	5001.0	255.0	15.0	53.1	54.8	64.3	70.3
2013-12-10	6354.0	0.0	100.0	6099.0	6239.0	255.0	15.0	45.4	49.3	60.1	69.0
2013-12-17	6858.0	0.0	60.0	6603.0	6783.0	255.0	15.0	43.1	50.5	58.5	71.2
2013-12-24	7703.0	0.0	115.0	7448.0	7573.0	255.0	15.0	40.8	52.6	57.6	69.1
2014-01-07	5109.0	25.0	0.0	4789.0	5054.0	240.0	0.0	52.1	58.8	67.7	74.1
2014-01-14	5621.0	25.0	0.0	5301.0	5566.0	240.0	0.0	50.8	62.4	67.4	76.5
2014-01-21	6384.0	25.0	0.0	6064.0	6329.0	240.0	0.0	46.2	67.3	65.7	79.1
2014-01-28	6694.0	25.0	0.0	6374.0	6639.0	240.0	0.0	43.2	66.4	62.3	78.4
2014-02-04	4727.0	0.0	70.0	4507.0	4652.0	215.0	0.0	38.0	59.5	57.7	71.3
2014-02-11	5562.0	50.0	210.0	5292.0	5347.0	215.0	0.0	44.7	65.3	62.2	77.8
2014-02-18	6127.0	50.0	210.0	5857.0	5912.0	215.0	0.0	51.7	61.5	66.3	75.3
2014-02-25	6265.0	98.0	150.0	5947.0	6110.0	215.0	0.0	57.1	65.7	69.9	79.3
2014-03-04	4777.0	133.0	270.0	4454.0	4507.0	190.0	0.0	53.1	59.7	67.4	73.8
2014-03-11	5787.0	303.0	300.0	5294.0	5487.0	190.0	0.0	46.2	53.3	62.2	68.2
2014-03-18	7038.0	479.0	335.0	6369.0	6703.0	190.0	0.0	43.3	46.8	57.5	58.6
2014-03-25	7894.0	0.0	365.0	7704.0	7529.0	190.0	0.0	43.5	42.4	56.8	55.8
2014-04-01	8888.0	0.0	360.0	8698.0	8523.0	190.0	5.0	36.5	38.0	49.5	50.0
2014-04-08	6575.0	0.0	200.0	6410.0	6375.0	165.0	0.0	52.1	48.2	64.8	63.1
2014-04-15	6835.0	0.0	170.0	6670.0	6665.0	165.0	0.0	48.6	45.8	60.6	59.4
2014-04-22	7005.0	0.0	145.0	6840.0	6860.0	165.0	0.0	47.0	47.8	61.0	60.2
2014-04-29	7925.0	0.0	305.0	7760.0	7620.0	165.0	0.0	41.7	42.9	56.7	57.1
2014-05-06	5608.0	0.0	215.0	5468.0	5393.0	140.0	0.0	34.8	38.2	50.0	53.4
2014-05-13	6869.0	0.0	220.0	6729.0	6649.0	140.0	0.0	29.2	35.2	43.6	48.9
2014-05-20	7344.0	0.0	220.0	7244.0	7124.0	100.0	0.0	31.2	33.5	45.7	49.3
2014-05-27	7963.0	0.0	335.0	7863.0	7628.0	100.0	0.0	32.8	35.6	46.1	49.1
2014-06-03	5777.0	0.0	236.0	5697.0	5541.0	80.0	0.0	30.3	36.4	45.5	52.9
2014-06-10	6317.0	0.0	246.0	6237.0	6071.0	80.0	0.0	32.4	40.1	47.3	54.6
2014-06-17	6737.0	0.0	246.0	6657.0	6491.0	80.0	0.0	30.0	42.5	44.1	56.0
2014-06-24	6968.0	0.0	271.0	6888.0	6697.0	80.0	0.0	30.6	42.8	45.8	56.0
2014-07-01	7842.0	0.0	311.0	7762.0	7531.0	80.0	0.0	34.7	45.6	48.6	58.1
2014-07-08	5224.0	0.0	101.0	5114.0	5123.0	110.0	0.0	44.5	45.7	61.0	58.7
2014-07-15	5960.0	0.0	171.0	5870.0	5789.0	90.0	0.0	41.2	49.3	58.6	62.3
2014-07-22	6139.0	0.0	171.0	6025.0	5968.0	114.0	0.0	41.2	48.9	58.1	62.3
2014-07-29	6813.0	0.0	271.0	6649.0	6492.0	114.0	0.0	38.6	46.2	55.4	59.9
2014-08-05	4748.0	0.0	210.0	4599.0	4488.0	99.0	0.0	35.3	44.1	53.1	57.2
2014-08-12	5233.0	0.0	175.0	5049.0	4973.0	99.0	0.0	37.7	44.8	56.8	57.1
2014-08-19	5468.0	0.0	175.0	5284.0	5198.0	99.0	10.0	41.7	43.8	60.0	59.3
2014-08-26	5493.0	0.0	185.0	5319.0	5223.0	99.0	10.0	41.5	43.3	59.0	59.9
2014-09-02	5838.0	0.0	185.0	5664.0	5568.0	99.0	10.0	42.7	42.6	58.3	60.4
2014-09-09	4784.0	75.0	0.0	4625.0	4774.0	84.0	10.0	52.9	51.7	69.0	70.6
2014-09-16	5079.0	75.0	0.0	4920.0	5069.0	84.0	10.0	52.2	53.5	67.8	71.3
2014-09-23	5439.0	75.0	0.0	5280.0	5429.0	84.0	10.0	48.8	48.2	64.0	65.4
2014-09-30	5639.0	75.0	0.0	5480.0	5629.0	84.0	10.0	47.0	46.0	63.5	67.2
2014-10-07	4508.0	0.0	25.0	4319.0	4483.0	189.0	0.0	48.3	58.5	67.1	78.1
2014-10-14	4771.0	0.0	0.0	4567.0	4771.0	204.0	0.0	46.2	55.1	62.8	71.2
2014-10-21	4801.0	30.0	0.0	4562.0	4781.0	189.0	0.0	44.9	56.0	62.8	72.0
2014-10-28	4701.0	0.0	0.0	4512.0	4666.0	189.0	35.0	44.8	55.7	63.1	71.1
2014-11-04	3384.0	0.0	55.0	3210.0	3329.0	174.0	0.0	49.5	66.5	64.4	73.4
2014-11-11	3534.0	0.0	85.0	3360.0	3449.0	174.0	0.0	51.6	67.1	65.9	75.8
2014-11-18	3667.0	0.0	110.0	3493.0	3557.0	174.0	0.0	51.5	68.0	65.4	73.5
2014-11-25	4032.0	0.0	165.0	3858.0	3867.0	174.0	0.0	52.2	60.0	64.6	68.9
2015-03-17	4487.0	0.0	165.0	4349.0	4322.0	138.0	0.0	59.8	47.3	66.9	67.5
2015-03-24	5087.0	0.0	165.0	4949.0	4922.0	138.0	0.0	52.8	51.6	65.4	69.6
2015-03-31	5277.0	0.0	185.0	5139.0	5092.0	138.0	0.0	50.4	53.4	62.5	67.5
2015-04-07	4431.0	0.0	100.0	4305.0	4331.0	126.0	0.0	53.4	57.3	64.8	69.7
2015-04-14	4599.0	0.0	130.0	4473.0	4469.0	126.0	0.0	51.6	54.5	61.8	66.6
2015-04-21	4574.0	0.0	135.0	4448.0	4439.0	126.0	0.0	51.9	54.0	62.6	66.7
2015-04-28	4519.0	0.0	135.0	4393.0	4384.0	126.0	0.0	52.6	52.4	63.3	66.5
2015-12-22	6765.0	50.0	50.0	6713.0	6715.0	2.0	0.0	63.6	80.7	80.7	84.8
2015-12-29	6815.0	50.0	50.0	6763.0	6765.0	2.0	0.0	65.0	80.8	80.9	84.9
