2009-04-07	6883.0	0.0	0.0	6745.0	6823.0	138.0	60.0	59.6	41.6	62.3	56.9
2009-04-14	7132.0	0.0	0.0	6994.0	7072.0	138.0	60.0	56.7	40.8	61.6	55.7
2009-04-21	7602.0	0.0	0.0	7464.0	7512.0	138.0	90.0	54.9	39.4	60.5	54.6
2009-04-28	8095.0	0.0	0.0	7957.0	8035.0	138.0	60.0	57.7	41.9	63.3	57.1
2009-05-05	8019.0	0.0	0.0	7865.0	7869.0	154.0	150.0	59.1	37.0	60.5	50.9
2009-05-12	8409.0	0.0	0.0	8255.0	8259.0	154.0	150.0	59.0	35.8	61.5	51.6
2009-05-19	9061.0	0.0	0.0	8787.0	8836.0	274.0	225.0	56.9	38.1	62.6	53.3
2009-05-26	9459.0	0.0	0.0	8920.0	8994.0	539.0	465.0	56.8	36.0	61.4	52.3
2009-06-02	9638.0	0.0	0.0	8863.0	8943.0	775.0	695.0	54.7	36.4	59.5	52.2
2009-06-09	10655.0	0.0	0.0	9995.0	10030.0	660.0	625.0	55.5	36.4	62.4	50.7
2009-06-16	11343.0	80.0	0.0	10703.0	10778.0	150.0	155.0	53.3	37.2	61.3	52.6
2009-06-23	12020.0	155.0	0.0	11400.0	11550.0	145.0	150.0	52.8	37.0	58.3	51.6
2009-06-30	12894.0	29.0	10.0	12143.0	12277.0	260.0	145.0	52.2	35.5	55.9	47.8
2009-07-07	12438.0	184.0	0.0	11586.0	11946.0	286.0	110.0	54.4	36.2	59.4	50.2
2009-07-14	12684.0	249.0	0.0	11832.0	12257.0	291.0	115.0	55.7	36.0	61.2	51.2
2009-07-21	13423.0	359.0	0.0	12473.0	12996.0	279.0	115.0	56.4	39.4	63.2	53.2
2009-07-28	14603.0	430.0	0.0	13679.0	14273.0	279.0	115.0	55.0	38.7	61.7	51.6
2009-08-04	14567.0	390.0	0.0	13477.0	14012.0	260.0	115.0	52.5	36.6	62.9	50.8
2009-08-11	15427.0	390.0	0.0	14347.0	14842.0	250.0	145.0	51.3	37.6	61.0	51.0
2009-08-18	15635.0	230.0	0.0	14730.0	15115.0	310.0	155.0	52.3	38.7	60.8	51.0
2009-08-25	15944.0	195.0	0.0	15189.0	15564.0	300.0	120.0	53.4	38.6	61.8	52.0
2009-09-01	14821.0	250.0	0.0	14149.0	14591.0	282.0	90.0	54.4	39.4	63.1	52.4
2009-09-08	14823.0	245.0	0.0	14151.0	14593.0	297.0	100.0	54.4	40.0	63.1	52.0
2009-09-15	14898.0	335.0	0.0	14156.0	14673.0	282.0	100.0	54.3	40.6	63.6	51.8
2009-09-22	14803.0	325.0	0.0	14061.0	14578.0	282.0	90.0	54.5	40.8	63.7	52.1
2009-09-29	14803.0	290.0	0.0	14061.0	14578.0	317.0	90.0	54.5	41.7	63.5	52.3
2009-10-06	13163.0	280.0	0.0	12457.0	12953.0	266.0	50.0	58.7	44.1	69.5	60.0
2009-10-13	13169.0	280.0	0.0	12477.0	12957.0	287.0	87.0	58.6	44.3	69.4	59.9
2009-10-20	13169.0	280.0	0.0	12477.0	12937.0	287.0	107.0	58.6	44.3	69.4	59.9
2009-10-27	13169.0	269.0	0.0	12477.0	12937.0	287.0	96.0	58.6	44.2	69.3	59.9
2009-11-03	11965.0	224.0	0.0	11359.0	11743.0	251.0	91.0	60.8	45.2	70.3	58.9
2009-11-09	11969.0	224.0	0.0	11359.0	11748.0	255.0	90.0	60.7	45.2	70.3	58.9
2009-11-17	11991.0	235.0	0.0	11381.0	11770.0	220.0	66.0	60.6	44.7	70.3	58.4
2009-11-24	12029.0	235.0	0.0	11419.0	11803.0	245.0	96.0	60.6	44.9	70.2	58.4
2009-12-01	11005.0	220.0	0.0	10434.0	10780.0	231.0	105.0	62.6	46.7	70.8	60.3
2009-12-08	11005.0	220.0	0.0	10434.0	10780.0	231.0	105.0	62.6	46.7	70.8	60.3
2009-12-15	11011.0	214.0	0.0	10434.0	10780.0	237.0	105.0	62.5	46.6	70.7	60.2
