2012-10-16	5205223.0	619347.0	104574.0	2935959.0	3451427.0	18583.0	17888.0	15.7	19.0	22.3	26.1
2012-10-23	5363922.0	661666.0	116361.0	2987374.0	3531620.0	17942.0	19001.0	15.8	18.9	22.1	27.1
2012-10-30	5140707.0	626643.0	114482.0	2887813.0	3399435.0	15940.0	16479.0	16.4	19.3	22.6	27.6
2012-11-06	5082421.0	584114.0	127969.0	2885858.0	3341995.0	8598.0	8606.0	16.9	19.2	23.6	27.8
2012-11-13	5091335.0	564128.0	114386.0	2884935.0	3334994.0	7758.0	7441.0	17.1	19.1	23.6	27.8
2012-11-20	5212169.0	663955.0	107210.0	2948042.0	3504578.0	9762.0	9971.0	16.1	19.1	22.9	28.5
2012-11-27	5311300.0	754730.0	104706.0	2912880.0	3562376.0	13354.0	13882.0	15.4	19.3	22.6	28.1
2012-12-04	4943671.0	720827.0	112823.0	2648737.0	3255663.0	13336.0	14414.0	15.7	19.7	23.0	28.5
2012-12-11	4977067.0	659479.0	130161.0	2700987.0	3226748.0	13565.0	17122.0	15.5	19.2	22.4	27.5
2012-12-18	4974546.0	621697.0	175458.0	2775567.0	3218113.0	17180.0	20873.0	16.3	19.2	23.2	27.3
2012-12-24	4974500.0	632784.0	136776.0	2761454.0	3252639.0	24972.0	29795.0	16.5	19.2	23.0	27.5
2012-12-31	4767309.0	667012.0	99925.0	2601687.0	3164500.0	20194.0	24468.0	16.1	19.5	22.5	27.8
2013-01-08	4804738.0	614486.0	111284.0	2690415.0	3191044.0	17481.0	20054.0	16.6	19.5	22.6	27.8
2013-01-15	4881057.0	674585.0	119471.0	2765332.0	3315371.0	17488.0	22563.0	17.0	20.5	22.9	28.9
2013-01-22	5064419.0	785529.0	115786.0	2788441.0	3455321.0	15934.0	18797.0	15.7	20.7	20.9	29.1
2013-01-29	5170129.0	879049.0	138054.0	2793618.0	3519843.0	27819.0	42589.0	15.8	20.7	22.7	29.3
2013-02-05	5099569.0	869119.0	111269.0	2728296.0	3485165.0	17493.0	18474.0	15.2	20.5	21.9	29.0
2013-02-12	5192806.0	903238.0	159196.0	2740696.0	3483083.0	21659.0	23314.0	13.9	20.3	20.8	28.6
2013-02-19	5281435.0	887330.0	115569.0	2770127.0	3541446.0	30098.0	30540.0	13.6	20.5	20.4	28.7
2013-02-26	5434851.0	980814.0	116615.0	2793439.0	3628466.0	24438.0	53610.0	13.3	20.8	21.5	29.0
2013-03-05	5326776.0	1050304.0	114166.0	2675527.0	3611708.0	28872.0	28829.0	13.4	21.4	20.7	29.6
2013-03-12	5570371.0	1194441.0	111675.0	2699642.0	3783948.0	31866.0	30326.0	13.0	21.4	20.5	29.4
2013-03-19	5843001.0	1335987.0	101018.0	2849298.0	4081322.0	30690.0	33635.0	13.2	21.6	21.7	30.3
2013-03-26	5953891.0	1420608.0	113462.0	2829713.0	4135438.0	23534.0	24955.0	12.7	21.2	20.8	29.6
2013-04-02	5873370.0	1376565.0	91583.0	2749874.0	4033307.0	18655.0	20204.0	12.5	21.3	19.8	29.4
2013-04-09	6164964.0	1375922.0	75353.0	2882052.0	4182530.0	21832.0	21923.0	11.9	20.4	19.0	28.8
2013-04-16	6415532.0	1429472.0	76617.0	2937018.0	4290120.0	27187.0	26940.0	11.5	20.1	18.8	28.1
2013-04-23	6579838.0	1443490.0	71238.0	2995195.0	4366547.0	17862.0	18762.0	11.0	19.9	18.3	28.0
2013-04-30	6428752.0	1459823.0	72742.0	2879864.0	4269568.0	21313.0	18690.0	11.5	19.8	18.7	27.4
2013-05-07	6351631.0	1410527.0	85737.0	2885598.0	4215623.0	31362.0	26127.0	12.0	20.0	19.0	27.5
2013-05-14	6315078.0	1385253.0	110522.0	2912345.0	4194364.0	35140.0	27852.0	12.3	19.9	19.7	27.5
2013-05-21	6348783.0	1403728.0	73448.0	2926082.0	4260466.0	39022.0	34918.0	12.4	20.3	19.7	27.7
2013-05-28	6403127.0	1472254.0	92245.0	2935312.0	4324918.0	46777.0	37180.0	12.6	20.3	19.7	27.9
2013-06-11	6035395.0	1323650.0	131913.0	2911686.0	4106004.0	22286.0	19705.0	12.2	19.9	19.5	27.7
2013-06-18	5982319.0	1305035.0	153611.0	2923086.0	4080574.0	24283.0	18219.0	12.5	19.8	20.4	27.5
2013-06-25	5974033.0	1285977.0	197020.0	2990516.0	4085775.0	23145.0	16843.0	12.9	19.7	20.2	27.4
2013-07-02	5698154.0	1140854.0	146281.0	2865355.0	3865900.0	22481.0	16509.0	13.3	19.5	20.2	27.0
2013-07-09	5770117.0	1096131.0	163980.0	2926742.0	3867745.0	23149.0	14297.0	12.8	18.8	19.9	26.2
2013-07-16	5840407.0	1075889.0	165122.0	2952045.0	3874403.0	26188.0	14597.0	12.6	18.3	19.8	25.7
2013-07-23	5974638.0	1093543.0	155409.0	3010373.0	3958433.0	25399.0	15473.0	11.9	18.0	19.4	25.3
2013-07-30	5753914.0	1068562.0	243721.0	2932508.0	3769347.0	25662.0	13664.0	12.5	17.0	20.1	24.0
2013-08-06	5647601.0	1000485.0	280910.0	2957970.0	3689407.0	23595.0	11733.0	11.6	17.0	19.8	24.0
2013-08-13	5645749.0	909233.0	281923.0	2966066.0	3604455.0	21878.0	10799.0	11.3	16.7	18.5	23.7
2013-08-20	5824177.0	908900.0	239687.0	2996257.0	3679445.0	26282.0	12307.0	10.9	16.3	17.8	23.1
2013-08-27	5863828.0	970780.0	200888.0	3004420.0	3786096.0	22732.0	10948.0	11.4	16.4	18.3	23.1
2013-09-03	5660768.0	1000621.0	180614.0	2801432.0	3632788.0	23480.0	12131.0	11.5	16.6	18.5	23.2
2013-09-10	5694445.0	982608.0	191842.0	2840073.0	3641435.0	22043.0	11447.0	10.7	16.6	17.9	23.1
2013-09-17	5765215.0	995735.0	170063.0	2879634.0	3715406.0	15074.0	4974.0	10.0	16.7	17.5	23.8
2013-09-24	5697375.0	942968.0	182698.0	2943421.0	3715179.0	16408.0	4920.0	10.5	17.0	18.2	24.1
2013-10-01	5512546.0	904454.0	217763.0	2817918.0	3519083.0	20734.0	6260.0	11.4	16.6	19.3	23.8
2013-10-08	5521978.0	846604.0	173848.0	2850585.0	3535551.0	19076.0	6866.0	11.0	16.6	18.4	24.2
2013-10-15	5634657.0	854595.0	169761.0	2963311.0	3660695.0	22230.0	9680.0	11.0	16.5	18.2	24.2
2013-10-22	5609172.0	804545.0	162540.0	2992392.0	3649128.0	24068.0	9337.0	10.8	16.7	17.7	24.5
2013-10-29	5498631.0	720472.0	198623.0	3067333.0	3605509.0	17758.0	1431.0	10.6	17.2	17.0	24.9
2013-11-05	5143493.0	627028.0	265503.0	2911486.0	3294056.0	29665.0	8620.0	10.9	17.3	17.7	25.1
2013-11-12	5184170.0	599383.0	274758.0	2972123.0	3313211.0	25145.0	8682.0	11.4	16.9	18.3	24.8
2013-11-19	5232518.0	605060.0	298722.0	3034670.0	3358618.0	24267.0	6657.0	11.8	16.9	18.9	24.8
2013-11-26	5425444.0	701354.0	234940.0	3028694.0	3513721.0	26989.0	8376.0	11.6	17.0	18.4	25.2
2013-12-03	5189341.0	809109.0	235368.0	2829514.0	3420988.0	28164.0	10431.0	12.7	17.5	19.4	26.3
2013-12-10	5460357.0	1051859.0	93113.0	2823397.0	3805314.0	34308.0	11137.0	13.1	18.3	20.3	28.3
2013-12-17	5679620.0	1213427.0	101520.0	2883645.0	4019607.0	35463.0	11408.0	14.5	18.1	21.7	28.1
2013-12-24	5864840.0	1323734.0	98279.0	2947236.0	4198702.0	36892.0	10881.0	15.2	18.0	22.3	28.3
2014-01-07	5787983.0	1259765.0	105191.0	2914244.0	4096824.0	38344.0	10338.0	14.9	17.6	22.0	27.1
2014-01-14	5810694.0	1121773.0	112920.0	3023445.0	4060561.0	39305.0	11042.0	15.0	17.4	21.2	27.1
2014-01-21	5919800.0	1156157.0	112579.0	3073782.0	4142065.0	38019.0	13314.0	14.9	17.4	20.9	27.2
2014-01-28	5993044.0	1103131.0	84382.0	3165277.0	4210080.0	39058.0	13004.0	13.7	17.1	19.6	27.0
2014-02-04	5712442.0	1003436.0	80220.0	3039187.0	3987359.0	44593.0	19637.0	14.0	17.3	20.0	27.0
2014-02-11	5720368.0	1062980.0	77157.0	2983128.0	3991766.0	37874.0	15059.0	14.7	17.4	20.7	27.2
2014-02-18	5782154.0	1136974.0	93400.0	2974882.0	4044781.0	40563.0	14238.0	15.7	17.7	21.8	27.8
2014-02-25	5780576.0	1169756.0	84185.0	2992090.0	4103591.0	42739.0	16809.0	15.9	18.4	22.2	28.5
2014-03-04	5442195.0	1042196.0	104454.0	2891805.0	3856500.0	43794.0	16841.0	16.8	17.7	23.1	27.9
2014-03-11	5435003.0	1050471.0	133568.0	2892909.0	3831546.0	37198.0	15464.0	17.2	18.1	23.5	28.1
2014-03-18	5389046.0	1000906.0	148799.0	2914916.0	3785105.0	36179.0	18097.0	17.6	18.1	24.0	28.1
2014-03-25	5242175.0	1053614.0	147401.0	2841688.0	3766364.0	36672.0	18209.0	18.4	18.8	25.1	28.7
2014-04-01	4973520.0	1077657.0	152578.0	2727307.0	3671674.0	36154.0	16866.0	20.3	19.9	27.2	29.7
2014-04-08	4955975.0	1010113.0	98173.0	2734086.0	3665307.0	35325.0	16044.0	20.3	20.2	27.1	30.2
2014-04-15	4984784.0	1028955.0	116170.0	2766324.0	3693404.0	31239.0	16944.0	20.2	20.2	26.9	30.3
2014-04-22	5036413.0	1056315.0	129131.0	2777916.0	3718122.0	31542.0	18520.0	20.5	20.1	27.2	30.3
2014-04-29	4910528.0	1031233.0	135462.0	2705950.0	3615235.0	31158.0	17644.0	19.5	19.9	26.3	29.7
2014-05-06	4947436.0	1016056.0	136467.0	2767570.0	3661626.0	31428.0	16961.0	19.2	19.7	26.0	29.6
2014-05-13	4873884.0	951521.0	202249.0	2827134.0	3593961.0	34923.0	17368.0	20.5	19.7	27.2	29.6
2014-05-20	4844973.0	929235.0	203399.0	2818127.0	3559982.0	30800.0	14781.0	20.3	19.5	26.9	29.5
2014-05-27	4780717.0	898015.0	184804.0	2817194.0	3545960.0	30253.0	14698.0	20.2	19.9	27.1	29.9
2014-06-03	4611438.0	861360.0	173442.0	2686121.0	3391796.0	31298.0	13541.0	20.0	19.3	27.2	29.3
2014-06-10	4608819.0	793544.0	130248.0	2717192.0	3398363.0	33555.0	15680.0	18.1	19.2	25.4	29.4
2014-06-17	4656616.0	807595.0	104996.0	2745315.0	3460951.0	34549.0	21512.0	17.3	18.8	24.4	29.0
2014-06-24	4678592.0	789490.0	133231.0	2758138.0	3429003.0	59708.0	45102.0	17.8	18.6	25.2	28.9
2014-07-01	4539840.0	760969.0	192543.0	2681261.0	3270883.0	80486.0	59290.0	16.4	18.2	25.0	27.4
2014-07-08	4519911.0	757504.0	236252.0	2723397.0	3266088.0	33562.0	12123.0	16.0	18.2	24.7	27.4
2014-07-15	4539598.0	722886.0	237949.0	2749767.0	3249333.0	29512.0	14883.0	15.8	17.9	24.6	26.5
2014-07-22	4531863.0	684932.0	271451.0	2772627.0	3198840.0	27222.0	14490.0	15.5	17.3	24.1	25.6
2014-07-29	4541915.0	695764.0	311058.0	2822247.0	3220845.0	31623.0	17731.0	15.5	17.1	24.2	25.5
2014-08-05	4247116.0	625508.0	277576.0	2684490.0	3046393.0	26742.0	12771.0	15.7	17.3	24.4	25.8
2014-08-12	4295618.0	571051.0	249351.0	2735711.0	3071611.0	26579.0	12379.0	14.6	17.3	23.2	26.2
2014-08-19	4269709.0	588214.0	239273.0	2705941.0	3068898.0	26340.0	12324.0	14.7	17.6	23.5	26.5
2014-08-26	4341508.0	582757.0	236871.0	2748167.0	3106534.0	25100.0	12619.0	14.6	17.3	23.4	26.3
2014-09-02	4151893.0	596202.0	264498.0	2592248.0	2941619.0	28816.0	11149.0	14.6	17.3	23.7	26.1
2014-09-09	4242401.0	570125.0	312533.0	2678734.0	2953812.0	28292.0	10806.0	14.4	16.9	23.3	25.9
2014-09-16	4282882.0	553476.0	346218.0	2741981.0	2963301.0	25999.0	11937.0	15.2	17.1	24.2	25.8
2014-09-23	4326876.0	512466.0	347738.0	2791007.0	2970344.0	24392.0	9783.0	15.4	16.7	24.6	25.2
2014-09-30	4251025.0	536245.0	269236.0	2658617.0	2944361.0	80404.0	61669.0	15.1	16.7	23.8	25.2
2014-10-07	4251810.0	487216.0	320479.0	2763368.0	2952918.0	31903.0	9090.0	15.6	16.5	24.1	25.0
2014-10-14	4342869.0	469596.0	379835.0	2871813.0	2979364.0	29880.0	12090.0	16.0	16.1	24.8	24.6
2014-10-21	4411752.0	439146.0	453396.0	2983621.0	2985727.0	30046.0	13690.0	16.1	15.6	25.0	24.3
2014-10-28	4464708.0	452628.0	493659.0	3051197.0	3030130.0	32178.0	12214.0	16.9	15.9	25.8	24.6
2014-11-04	4277507.0	491548.0	361894.0	2875070.0	3023124.0	29291.0	10891.0	17.0	17.2	25.9	27.0
2014-11-11	4482944.0	599417.0	339151.0	2903687.0	3179046.0	27195.0	12102.0	16.8	17.7	25.3	28.0
2014-11-18	4498345.0	581851.0	331530.0	2959302.0	3230016.0	32540.0	12147.0	16.3	18.4	24.8	28.0
2014-11-25	4651021.0	624662.0	330548.0	3045463.0	3340168.0	50507.0	49916.0	17.5	18.6	25.5	28.4
2014-12-02	4396716.0	568574.0	393132.0	2916595.0	3110296.0	29479.0	11220.0	18.1	19.3	25.9	28.8
2014-12-09	4440328.0	532083.0	373051.0	2995932.0	3172648.0	30189.0	12505.0	16.7	18.9	24.5	28.5
2014-12-16	4479602.0	467844.0	370875.0	3087044.0	3205849.0	34238.0	12402.0	16.8	19.7	24.6	29.6
2014-12-23	4509672.0	418208.0	339237.0	3133194.0	3233021.0	33555.0	12699.0	16.6	19.2	24.5	29.2
2014-12-30	4311953.0	395576.0	324458.0	2967743.0	3057152.0	39558.0	21267.0	16.1	18.8	23.7	28.7
2015-01-06	4384339.0	396132.0	341809.0	3000296.0	3075499.0	34839.0	13959.0	15.8	17.9	23.6	28.0
2015-01-13	4459692.0	442051.0	394172.0	3020345.0	3086258.0	35075.0	17041.0	15.8	18.4	24.1	28.6
2015-01-20	4487257.0	459783.0	389447.0	3039851.0	3123547.0	31511.0	18151.0	15.8	18.1	24.2	28.5
2015-01-27	4541026.0	437346.0	356410.0	3083434.0	3180507.0	34057.0	17920.0	15.1	18.8	22.5	30.1
2015-02-03	4372387.0	410030.0	317507.0	2946820.0	3055343.0	32826.0	16826.0	14.6	18.5	21.2	29.2
2015-02-10	4363278.0	377152.0	310957.0	3008364.0	3089743.0	31873.0	16689.0	14.5	18.8	21.2	29.0
2015-02-17	4442001.0	387797.0	307430.0	3064792.0	3163819.0	37024.0	18364.0	14.4	19.4	21.9	29.4
2015-02-24	4423956.0	410441.0	287778.0	3035751.0	3175620.0	32595.0	15389.0	14.7	19.6	22.2	30.1
2015-03-03	4145383.0	426413.0	338107.0	2863389.0	2976463.0	45050.0	20282.0	14.9	20.0	21.7	30.1
2015-03-10	4106611.0	381623.0	302447.0	2890186.0	2988459.0	41524.0	22427.0	16.0	20.9	22.8	31.5
2015-03-17	4111638.0	368389.0	278253.0	2881211.0	2986871.0	36693.0	21169.0	16.8	21.0	24.1	32.4
2015-03-24	4102590.0	343362.0	329946.0	2924529.0	2956568.0	37195.0	18572.0	17.1	19.8	24.9	31.8
2015-03-31	3975622.0	351833.0	350184.0	2813878.0	2833906.0	35261.0	16882.0	17.1	19.4	25.3	31.3
2015-04-07	3965263.0	332736.0	354502.0	2829878.0	2827101.0	37317.0	18328.0	17.1	19.2	25.1	31.3
2015-04-14	4001430.0	277629.0	359137.0	2854422.0	2789967.0	36427.0	19374.0	16.9	19.1	24.1	31.2
2015-04-21	4007199.0	270337.0	349938.0	2884665.0	2823193.0	35087.0	16958.0	16.7	19.1	24.0	31.2
2015-04-28	4068593.0	286270.0	360469.0	2922899.0	2863224.0	57467.0	42943.0	16.3	19.1	23.9	31.1
2015-05-05	3906293.0	356177.0	304584.0	2720439.0	2790366.0	34895.0	16561.0	15.9	19.1	23.5	30.8
2015-05-12	3952019.0	418202.0	311011.0	2749246.0	2877584.0	36315.0	15168.0	15.4	19.1	23.2	30.5
2015-05-19	4085875.0	453572.0	311402.0	2811003.0	2974518.0	37580.0	16235.0	15.4	19.2	23.4	30.5
2015-05-26	4085955.0	425244.0	354136.0	2873051.0	2965621.0	41533.0	20071.0	16.3	19.1	23.8	29.7
2015-06-02	3928362.0	344321.0	373482.0	2778388.0	2771499.0	35353.0	13081.0	16.7	19.0	24.3	29.6
2015-06-09	4015021.0	341527.0	380960.0	2851796.0	2835186.0	36872.0	14049.0	16.5	18.5	24.8	29.3
2015-06-16	4103748.0	354558.0	377449.0	2896613.0	2894118.0	36397.0	16001.0	15.4	18.2	23.6	29.1
2015-06-23	4099721.0	307469.0	394016.0	2938500.0	2875428.0	37928.0	14453.0	15.3	18.5	24.5	29.3
2015-06-30	3937884.0	322938.0	331004.0	2789741.0	2801537.0	36804.0	16942.0	14.9	18.2	23.4	29.4
2015-07-07	3915317.0	296852.0	330768.0	2818008.0	2807164.0	41609.0	18537.0	15.8	18.6	24.9	30.1
2015-07-14	3925570.0	329024.0	329777.0	2807110.0	2826444.0	38663.0	18576.0	15.7	18.7	24.5	29.6
2015-07-21	4028638.0	362956.0	341372.0	2883183.0	2924641.0	35998.0	16124.0	15.4	18.5	24.1	29.3
2015-07-28	4081128.0	340002.0	304522.0	2891453.0	2945605.0	34936.0	16264.0	15.6	18.7	24.3	29.3
2015-08-04	3977776.0	396765.0	310317.0	2798768.0	2906077.0	35643.0	14782.0	15.5	19.7	24.9	30.0
2015-08-11	4118128.0	394750.0	287902.0	2853753.0	2980206.0	33168.0	13563.0	15.1	19.7	24.3	29.9
2015-08-18	4199946.0	373707.0	320082.0	2957063.0	3034912.0	36152.0	11928.0	15.0	19.6	25.0	29.7
2015-08-25	4193675.0	333154.0	354046.0	3008795.0	3010426.0	34900.0	12377.0	15.4	19.6	25.6	29.5
2015-09-01	3947134.0	333864.0	271555.0	2818032.0	2900062.0	34340.0	14619.0	15.5	19.9	25.8	30.3
2015-09-08	3979320.0	338037.0	288494.0	2833286.0	2902975.0	34535.0	14389.0	15.5	20.1	25.5	30.1
2015-09-15	4035103.0	378850.0	287157.0	2865714.0	2980567.0	37942.0	14782.0	15.6	20.6	25.4	30.8
2015-09-22	4015017.0	302173.0	313383.0	2955860.0	2969703.0	37731.0	12678.0	16.1	20.8	26.5	31.0
2015-09-29	3839185.0	304392.0	358493.0	2875110.0	2851083.0	44608.0	14534.0	17.6	20.9	28.7	30.9
2015-10-06	3951084.0	290410.0	385443.0	2945560.0	2877633.0	39835.0	12729.0	17.7	20.6	28.6	30.2
2015-10-13	3977491.0	301075.0	370120.0	2981756.0	2934994.0	34331.0	12048.0	17.9	21.4	28.5	30.9
2015-10-20	4021359.0	301296.0	369205.0	3012955.0	2967475.0	34665.0	12236.0	17.7	21.7	28.0	31.2
2015-10-27	4019452.0	292122.0	410831.0	3016352.0	2921815.0	31788.0	7616.0	18.7	23.4	29.4	32.7
2015-11-03	3826622.0	305631.0	380077.0	2870678.0	2820160.0	33626.0	9698.0	19.3	24.2	30.2	34.1
2015-11-10	3913370.0	324742.0	376094.0	2888097.0	2860400.0	34263.0	10608.0	18.8	23.9	29.0	34.0
2015-11-17	3989666.0	308337.0	352380.0	2948707.0	2929198.0	34594.0	10060.0	18.3	23.9	28.1	34.2
2015-11-24	4060945.0	308969.0	385255.0	2987223.0	2932948.0	31820.0	9809.0	18.1	23.3	27.8	33.6
2015-12-01	3825952.0	367633.0	360818.0	2759363.0	2786264.0	34222.0	14136.0	18.7	23.9	28.3	34.4
2015-12-08	3857256.0	394077.0	381289.0	2803079.0	2838775.0	33041.0	10133.0	19.4	24.3	29.2	34.8
2015-12-15	3903333.0	404041.0	382359.0	2839559.0	2881718.0	34062.0	13585.0	20.1	24.6	30.5	35.3
2015-12-22	4119599.0	333639.0	380547.0	2954094.0	2926342.0	34280.0	15124.0	20.3	24.6	30.3	35.3
2015-12-29	4276785.0	351898.0	294547.0	2991147.0	3046432.0	45557.0	47623.0	19.0	24.5	27.7	34.6
2016-01-05	3982622.0	488316.0	250584.0	2752588.0	3009640.0	32068.0	12748.0	18.9	26.2	29.6	37.1
2016-01-12	4059080.0	562695.0	217047.0	2767747.0	3131742.0	31955.0	13608.0	18.9	27.5	30.8	39.4
2016-01-19	4114978.0	558423.0	258818.0	2849748.0	3167844.0	32545.0	14054.0	19.5	27.3	31.9	39.3
2016-01-26	4198360.0	605751.0	302153.0	2907511.0	3230035.0	31783.0	12857.0	19.7	28.0	33.3	39.9
2016-02-02	4050921.0	597964.0	226844.0	2789789.0	3186659.0	36860.0	11110.0	20.1	29.1	34.0	40.7
2016-02-09	4165954.0	613878.0	209019.0	2840039.0	3272604.0	39765.0	12059.0	20.0	30.4	33.4	41.1
2016-02-16	4279521.0	557729.0	222409.0	2929807.0	3292304.0	43144.0	15967.0	20.4	29.6	33.2	40.3
2016-02-23	4409083.0	531318.0	212154.0	3005532.0	3352636.0	40840.0	12900.0	20.0	30.4	32.3	41.3
2016-03-01	4213419.0	494970.0	233929.0	2912443.0	3207690.0	50075.0	15869.0	21.4	30.6	33.8	41.7
2016-03-08	4231340.0	479334.0	245574.0	2958158.0	3222810.0	46827.0	15935.0	21.9	30.4	34.3	41.8
2016-03-15	4291842.0	509608.0	227945.0	3031019.0	3344553.0	47420.0	15549.0	22.0	30.7	34.9	42.5
2016-03-22	4262827.0	498216.0	178017.0	3050379.0	3401611.0	46489.0	15456.0	21.8	31.5	34.1	43.3
2016-03-29	4405442.0	569662.0	192024.0	3127131.0	3517658.0	68756.0	55867.0	20.7	30.9	33.5	42.4
2016-04-05	4222598.0	577675.0	164160.0	2984135.0	3428691.0	47709.0	16668.0	20.9	31.5	34.5	43.6
2016-04-12	4354548.0	563869.0	186297.0	3112665.0	3525424.0	49217.0	14030.0	21.7	30.7	34.2	42.7
2016-04-19	4493635.0	585020.0	186385.0	3185153.0	3617534.0	46935.0	13189.0	21.1	30.2	32.4	41.9
2016-04-26	4607764.0	559279.0	174413.0	3302901.0	3722549.0	49625.0	14843.0	21.5	30.0	32.2	41.5
2016-05-03	4465086.0	566627.0	141508.0	3159983.0	3621109.0	49548.0	13541.0	22.3	29.3	32.7	40.8
2016-05-10	4570191.0	588102.0	149342.0	3234579.0	3708536.0	48089.0	12892.0	22.4	29.1	33.4	40.4
2016-05-17	4626533.0	573898.0	158181.0	3291361.0	3740695.0	47901.0	14284.0	22.1	28.9	33.4	40.1
2016-05-24	4684018.0	542056.0	174013.0	3316712.0	3721115.0	50469.0	14109.0	22.4	28.5	34.0	39.6
2016-05-31	4432538.0	588522.0	137498.0	3111711.0	3597998.0	49197.0	13934.0	22.8	29.5	35.0	40.8
2016-06-07	4470300.0	694338.0	119609.0	3068813.0	3679731.0	50055.0	13866.0	22.8	29.5	34.5	41.1
2016-06-14	4601346.0	753600.0	111859.0	3080339.0	3758054.0	50525.0	14551.0	22.4	29.3	34.7	40.6
2016-06-21	4697881.0	780095.0	122441.0	3124049.0	3822230.0	51103.0	10576.0	22.0	29.0	34.0	40.2
2016-06-28	4787222.0	871876.0	109207.0	3100722.0	3904142.0	85992.0	45241.0	21.1	29.0	33.5	40.2
2016-07-05	4560799.0	829812.0	97345.0	2981437.0	3747429.0	46847.0	13322.0	21.9	29.5	34.1	41.2
2016-07-12	4570142.0	845115.0	117337.0	2982123.0	3747462.0	66546.0	28985.0	22.0	29.4	34.1	41.3
2016-07-19	4597232.0	805028.0	119170.0	3030298.0	3754219.0	56176.0	18113.0	22.8	29.4	35.2	41.6
2016-07-26	4655845.0	784070.0	131420.0	3096880.0	3783764.0	55735.0	21501.0	22.9	28.8	35.0	41.1
2016-08-02	4511311.0	845830.0	93786.0	2933374.0	3719518.0	58812.0	24712.0	23.1	29.1	35.4	41.7
2016-08-09	4660075.0	816577.0	106723.0	3034319.0	3778955.0	64861.0	30079.0	23.1	28.5	35.0	41.0
2016-08-16	4705443.0	799391.0	119211.0	3094878.0	3811166.0	58302.0	22194.0	24.5	28.7	36.5	41.3
2016-08-23	4762850.0	812371.0	119748.0	3133304.0	3860922.0	64755.0	29760.0	24.5	28.8	36.3	41.3
2016-08-30	4541132.0	983826.0	105513.0	2906806.0	3815480.0	55723.0	25362.0	24.7	29.4	37.1	42.2
2016-09-06	4590026.0	902209.0	96106.0	2981504.0	3815790.0	81120.0	52937.0	25.1	29.0	37.4	41.6
2016-09-13	4591717.0	961250.0	108845.0	3017127.0	3895083.0	50959.0	25408.0	24.9	29.8	37.4	42.5
2016-09-20	4754714.0	1000294.0	99103.0	3107788.0	4037164.0	66440.0	38255.0	24.3	30.1	37.0	43.0
2016-09-27	4899438.0	1082395.0	107230.0	3142766.0	4142792.0	87464.0	62603.0	23.2	29.7	35.6	42.8
2016-10-04	4738699.0	1060763.0	102125.0	3023871.0	4013823.0	85611.0	54297.0	24.2	30.1	36.0	43.1
2016-10-11	4836812.0	1121444.0	79225.0	3053246.0	4124338.0	50863.0	21990.0	23.8	29.8	36.8	43.1
2016-10-18	4997016.0	1083447.0	67880.0	3250485.0	4295053.0	54872.0	25871.0	23.4	29.7	35.4	43.2
2016-10-25	5044215.0	1013908.0	61868.0	3316558.0	4294382.0	49066.0	23282.0	22.5	29.4	34.5	42.6
2016-11-01	4808840.0	893536.0	69027.0	3253432.0	4102106.0	46386.0	22221.0	23.7	29.7	35.1	43.1
2016-11-08	4708403.0	829987.0	51568.0	3196840.0	4004224.0	53061.0	24096.0	24.5	29.7	35.6	42.9
2016-11-15	4737333.0	811231.0	58783.0	3236084.0	4014621.0	42995.0	16906.0	24.7	30.0	36.1	43.1
2016-11-22	4714607.0	868726.0	42239.0	3169719.0	4021747.0	36150.0	10609.0	24.9	30.7	36.2	43.9
2016-11-29	4622682.0	926262.0	33265.0	3084663.0	3994931.0	43094.0	25823.0	24.9	31.2	37.2	44.7
2016-12-06	4889458.0	1004133.0	27683.0	3253649.0	4251315.0	34854.0	13638.0	24.0	30.4	36.8	44.2
2016-12-13	5025331.0	1101363.0	27004.0	3294866.0	4390738.0	37125.0	15612.0	23.7	30.7	37.4	44.5
2016-12-20	5109795.0	1074571.0	12251.0	3370437.0	4454354.0	39307.0	17710.0	24.2	31.7	37.7	45.2
2016-12-27	5286461.0	1080299.0	11298.0	3465293.0	4554520.0	38285.0	18059.0	23.9	30.9	37.0	44.5
2017-01-03	5029743.0	1069480.0	36945.0	3303024.0	4357627.0	37964.0	15896.0	24.8	31.1	38.4	44.3
2017-01-10	5068157.0	997397.0	54048.0	3395882.0	4364367.0	40409.0	15273.0	25.8	31.1	39.3	44.2
2017-01-17	5201921.0	1017682.0	46844.0	3472086.0	4469657.0	45228.0	18495.0	25.7	31.1	39.0	44.1
2017-01-24	5221662.0	1075464.0	32351.0	3438264.0	4508319.0	40671.0	13729.0	24.6	31.2	38.4	44.0
2017-01-31	5136395.0	1046844.0	71914.0	3382647.0	4384307.0	42084.0	15354.0	25.3	31.0	39.1	43.6
