2012-10-16	526538.0	3459.0	9076.0	519588.0	513971.0	0.0	0.0	44.6	48.5	59.0	55.3
2012-10-23	519741.0	2496.0	8743.0	513077.0	506830.0	0.0	0.0	43.6	48.1	57.0	53.6
2012-10-30	525371.0	2496.0	9984.0	519650.0	512162.0	0.0	0.0	43.0	48.2	57.4	53.2
2012-11-06	481824.0	0.0	10292.0	480526.0	470234.0	0.0	0.0	45.8	51.4	64.7	57.7
2012-11-13	497964.0	0.0	9027.0	494409.0	485382.0	0.0	0.0	45.6	49.8	61.1	57.1
2012-11-20	516839.0	360.0	7018.0	511619.0	504961.0	0.0	0.0	46.1	48.8	59.2	56.5
2012-11-27	525748.0	16.0	10858.0	522473.0	511631.0	0.0	0.0	45.8	48.7	57.5	55.7
2012-12-04	507213.0	0.0	9850.0	504637.0	494787.0	0.0	0.0	49.1	50.4	61.6	58.7
2012-12-11	534323.0	984.0	13098.0	531779.0	519665.0	0.0	0.0	48.1	52.8	62.4	61.1
2012-12-18	556758.0	2296.0	15050.0	551950.0	539196.0	0.0	0.0	47.3	54.9	61.7	63.4
2012-12-24	565038.0	2400.0	15291.0	559262.0	546371.0	0.0	0.0	46.8	55.1	62.0	63.5
2012-12-31	564875.0	3918.0	15042.0	556381.0	547321.0	2064.0	0.0	45.8	57.6	63.1	66.3
2013-01-08	551127.0	5554.0	13270.0	542040.0	534324.0	0.0	0.0	49.7	58.4	64.8	67.7
2013-01-15	570440.0	9424.0	7734.0	555779.0	557469.0	0.0	0.0	46.1	56.6	62.8	65.0
2013-01-22	571167.0	8123.0	8422.0	555247.0	554948.0	0.0	0.0	48.4	56.5	63.1	64.9
2013-01-29	575295.0	8899.0	8118.0	557967.0	558748.0	0.0	0.0	47.2	55.6	61.9	63.7
2013-02-05	551735.0	6572.0	11403.0	540003.0	535172.0	0.0	0.0	46.1	52.6	59.9	61.6
2013-02-12	592646.0	7925.0	12465.0	579025.0	574485.0	0.0	0.0	43.3	51.3	57.1	61.3
2013-02-19	607504.0	10680.0	9908.0	589817.0	590589.0	0.0	0.0	42.1	50.7	57.1	60.2
2013-02-26	597355.0	5629.0	1696.0	576846.0	580779.0	0.0	0.0	44.5	48.6	60.4	57.7
2013-03-05	563373.0	13735.0	0.0	539813.0	553548.0	0.0	0.0	43.8	46.5	60.4	59.0
2013-03-12	586027.0	10079.0	0.0	565187.0	575266.0	0.0	0.0	46.7	47.3	65.3	62.9
2013-03-19	602235.0	10390.0	855.0	580899.0	590434.0	0.0	0.0	46.4	46.4	63.2	62.7
2013-03-26	630799.0	22281.0	0.0	598629.0	620910.0	0.0	0.0	44.5	47.9	61.8	62.8
2013-04-02	595388.0	30061.0	0.0	559319.0	589380.0	0.0	0.0	43.8	55.7	67.7	70.8
2013-04-09	600419.0	26380.0	0.0	565719.0	592099.0	0.0	0.0	43.5	51.5	62.8	66.7
2013-04-16	602393.0	30190.0	0.0	564203.0	594393.0	0.0	0.0	42.3	49.3	61.1	65.1
2013-04-23	600787.0	24662.0	320.0	567813.0	592155.0	0.0	0.0	42.7	46.5	60.5	63.6
2013-04-30	616012.0	22670.0	320.0	584702.0	607052.0	0.0	0.0	42.9	44.5	58.2	58.1
2013-05-07	569891.0	20958.0	960.0	542101.0	562099.0	0.0	0.0	42.3	44.7	56.0	56.6
2013-05-14	587126.0	22872.0	1592.0	556478.0	577758.0	0.0	0.0	40.8	42.6	54.2	55.3
2013-05-21	611623.0	30545.0	0.0	573598.0	604143.0	0.0	0.0	36.8	40.4	52.2	54.8
2013-05-28	601174.0	21313.0	0.0	572733.0	593726.0	320.0	640.0	34.6	40.8	52.7	55.7
2013-06-11	548548.0	19766.0	0.0	525910.0	545676.0	0.0	0.0	38.8	44.9	57.2	65.0
2013-06-18	554746.0	23734.0	0.0	529124.0	552858.0	0.0	0.0	37.8	44.6	56.2	64.5
2013-06-25	556642.0	24367.0	0.0	530683.0	555050.0	0.0	0.0	37.6	44.4	55.1	63.9
2013-07-02	496336.0	21511.0	0.0	473889.0	495400.0	0.0	0.0	41.8	55.3	61.3	70.2
2013-07-09	504624.0	20839.0	0.0	482849.0	503688.0	0.0	0.0	41.0	54.2	61.1	68.0
