2013-10-22	18208.0	1304.0	0.0	16506.0	17532.0	398.0	676.0	84.8	73.5	91.7	85.0
2013-10-29	20218.0	1574.0	0.0	17978.0	19482.0	666.0	736.0	77.0	64.2	84.3	75.3
2013-11-26	19572.0	1110.0	620.0	17890.0	18287.0	572.0	665.0	75.0	57.9	82.3	70.7
2013-12-03	19572.0	1110.0	620.0	17890.0	18017.0	572.0	935.0	75.0	57.9	82.3	70.7
2014-04-01	15550.0	570.0	570.0	14559.0	13520.0	421.0	1460.0	68.5	46.2	80.8	68.3
2014-04-08	12605.0	570.0	570.0	11495.0	11164.0	540.0	871.0	72.9	56.5	83.6	74.9
2014-04-15	13473.0	694.0	570.0	12239.0	12032.0	540.0	871.0	73.8	55.5	84.7	76.0
2014-04-22	13597.0	880.0	570.0	12177.0	12156.0	540.0	871.0	72.6	55.9	84.8	76.3
2014-04-29	14928.0	1128.0	880.0	13224.0	12712.0	390.0	1150.0	67.3	50.5	80.6	70.6
2014-11-25	12116.0	240.0	0.0	11205.0	11296.0	671.0	820.0	74.3	71.4	86.1	84.8
2014-12-02	12116.0	240.0	0.0	11205.0	11026.0	671.0	1090.0	74.3	70.3	86.1	82.6
2015-03-31	23544.0	0.0	0.0	20943.0	22292.0	2601.0	1252.0	60.5	76.2	79.3	84.0
2015-04-28	25263.0	0.0	0.0	22999.0	23889.0	2264.0	1374.0	63.5	80.4	87.6	90.6
2015-06-02	21096.0	210.0	0.0	19142.0	19506.0	1744.0	1590.0	58.0	78.5	83.6	89.0
2015-09-01	16948.0	0.0	341.0	15662.0	15380.0	1286.0	1227.0	55.5	56.0	70.2	67.7
2015-09-29	14065.0	248.0	0.0	13084.0	13117.0	733.0	948.0	59.3	52.9	75.4	80.0
2015-10-06	11355.0	248.0	0.0	10425.0	10003.0	682.0	1352.0	67.4	68.5	78.8	78.0
2015-10-13	12443.0	518.0	0.0	11398.0	11699.0	527.0	744.0	63.3	67.2	75.8	81.1
2015-10-20	17019.0	518.0	0.0	15974.0	16523.0	527.0	496.0	72.4	65.6	82.4	83.5
2015-10-27	18489.0	668.0	0.0	16724.0	17935.0	1097.0	554.0	70.9	61.6	79.5	80.2
2015-11-03	18644.0	668.0	0.0	16817.0	17997.0	1159.0	647.0	70.8	61.0	79.2	79.5
2016-03-22	27146.0	0.0	0.0	26783.0	24583.0	363.0	2563.0	79.7	50.8	85.8	68.0
2016-03-29	26636.0	0.0	0.0	25913.0	23947.0	723.0	2689.0	79.3	52.0	86.9	69.7
2016-04-12	23497.0	0.0	0.0	21527.0	21835.0	1970.0	1662.0	76.5	61.1	86.4	84.8
2016-04-19	23497.0	0.0	0.0	21496.0	21835.0	2001.0	1662.0	76.4	61.1	86.3	84.8
2016-04-26	25667.0	0.0	0.0	23693.0	23509.0	1974.0	2158.0	68.7	62.0	81.0	82.6
2016-05-03	25512.0	0.0	0.0	23538.0	23354.0	1974.0	2158.0	67.9	61.5	80.1	82.2
2016-05-24	22272.0	240.0	600.0	19686.0	20382.0	2346.0	1290.0	72.7	66.3	84.7	84.1
2016-05-31	24112.0	360.0	600.0	21406.0	21852.0	2346.0	1660.0	63.8	60.0	78.2	79.4
2016-06-07	18625.0	360.0	600.0	15956.0	16831.0	2309.0	1194.0	74.4	61.6	85.7	81.7
2016-06-14	20783.0	360.0	600.0	18570.0	19020.0	1853.0	1163.0	70.6	65.7	86.4	84.8
2016-06-21	22116.0	1228.0	600.0	18942.0	20198.0	1946.0	1318.0	63.5	64.9	82.1	83.3
2016-06-28	23883.0	1290.0	0.0	20182.0	22503.0	2411.0	1380.0	58.4	59.7	78.0	79.8
2016-07-05	23883.0	1290.0	0.0	19552.0	22503.0	3041.0	1380.0	56.3	59.7	75.3	79.8
2016-07-26	22942.0	3379.0	0.0	17229.0	21674.0	2334.0	1268.0	58.8	62.0	79.3	85.7
2016-08-02	22942.0	3379.0	0.0	16423.0	21643.0	3140.0	1299.0	56.3	62.0	75.8	85.7
2016-08-09	17983.0	2449.0	0.0	13978.0	17211.0	1556.0	772.0	67.6	62.6	87.1	86.1
2016-08-16	18463.0	2449.0	0.0	14731.0	17631.0	1283.0	832.0	65.8	61.0	87.5	86.2
2016-08-23	18917.0	2449.0	0.0	14608.0	17691.0	1860.0	1226.0	62.3	59.5	87.4	85.7
2016-08-30	20447.0	4129.0	0.0	14526.0	19191.0	1792.0	1256.0	59.1	57.9	78.6	81.0
2016-09-27	16076.0	1680.0	0.0	12048.0	15067.0	2348.0	1009.0	61.3	61.0	79.3	83.5
2016-10-04	16355.0	1990.0	0.0	11298.0	15346.0	3067.0	1009.0	57.1	60.1	73.4	84.1
2016-10-25	14531.0	1270.0	0.0	11545.0	12951.0	1716.0	1580.0	58.7	65.6	77.3	83.2
2016-11-01	14591.0	1330.0	0.0	11485.0	12951.0	1776.0	1640.0	58.9	62.3	74.9	78.6
2016-11-22	18218.0	7778.0	0.0	9160.0	15994.0	1280.0	2224.0	64.4	68.9	86.6	81.9
2016-11-29	18826.0	8026.0	0.0	9086.0	16942.0	1714.0	1884.0	62.3	66.7	85.5	81.5
2016-12-27	16840.0	7006.0	0.0	8479.0	15606.0	1355.0	1234.0	49.7	50.5	63.9	65.3
2017-01-03	17460.0	7006.0	0.0	8625.0	16319.0	1829.0	1141.0	48.8	53.7	67.3	67.3
2017-01-31	11676.0	1386.0	0.0	9455.0	10166.0	835.0	1510.0	61.4	61.9	84.6	79.7
