2013-11-26	324220.0	0.0	57104.0	313593.0	256489.0	0.0	0.0	55.8	57.9	73.7	73.9
2013-12-03	341633.0	0.0	65591.0	331006.0	265415.0	0.0	0.0	58.3	58.0	75.5	76.0
2013-12-10	328467.0	0.0	58843.0	317833.0	258990.0	0.0	0.0	61.6	57.7	76.8	77.6
2013-12-17	330323.0	456.0	59280.0	319080.0	260256.0	0.0	0.0	60.7	58.5	76.6	78.3
2013-12-24	337952.0	456.0	60879.0	326709.0	266286.0	0.0	0.0	59.4	59.2	77.2	78.8
2014-01-07	357848.0	1720.0	50219.0	335626.0	287127.0	0.0	0.0	57.1	58.4	75.5	77.2
2014-01-14	340448.0	3648.0	39539.0	312410.0	276519.0	0.0	0.0	60.8	59.1	76.9	77.5
2014-01-21	347800.0	3648.0	39539.0	319122.0	283231.0	0.0	0.0	59.0	58.4	76.4	77.5
2014-01-28	350328.0	3088.0	35564.0	320290.0	287814.0	0.0	0.0	58.0	57.9	76.2	76.8
2014-02-04	362728.0	4040.0	32244.0	328858.0	300654.0	0.0	0.0	52.7	56.1	71.4	76.7
2014-02-11	348264.0	6552.0	27324.0	311882.0	291110.0	0.0	0.0	53.0	55.0	70.7	76.0
2014-02-18	339696.0	7504.0	28276.0	302666.0	281894.0	0.0	0.0	53.2	56.6	71.4	75.4
2014-02-25	339025.0	7504.0	28276.0	302643.0	281871.0	0.0	0.0	52.6	56.6	71.6	75.3
2014-03-04	340006.0	5600.0	28276.0	305528.0	282852.0	0.0	0.0	53.4	56.3	72.4	75.5
2014-03-11	324470.0	4648.0	22516.0	290944.0	273076.0	0.0	0.0	56.7	56.9	72.2	75.1
2014-03-18	319111.0	304.0	25444.0	290001.0	264861.0	0.0	0.0	55.6	55.5	71.4	74.5
2014-03-25	317239.0	304.0	25220.0	287545.0	262629.0	0.0	0.0	57.9	55.1	72.8	74.3
2014-04-01	314991.0	624.0	25220.0	284977.0	260381.0	0.0	0.0	57.5	54.2	72.5	73.8
2014-04-08	318520.0	296.0	22955.0	287217.0	264558.0	0.0	0.0	55.8	53.8	70.7	71.8
2014-04-15	304776.0	1416.0	17212.0	271519.0	255723.0	0.0	0.0	56.3	53.6	70.1	69.7
2014-04-22	308287.0	1416.0	17793.0	274053.0	257676.0	0.0	0.0	54.7	53.3	69.2	69.4
2014-04-29	309599.0	1088.0	19096.0	276340.0	258332.0	0.0	0.0	55.1	53.4	69.4	69.9
2014-05-06	309009.0	1600.0	14151.0	273797.0	261246.0	0.0	0.0	54.7	54.2	69.7	68.8
2014-05-13	314403.0	976.0	25891.0	284265.0	259350.0	0.0	0.0	58.9	48.9	73.0	69.8
2014-05-20	321852.0	976.0	42824.0	303430.0	261582.0	0.0	0.0	60.6	51.3	74.4	74.1
2014-05-27	324378.0	976.0	45653.0	305956.0	261279.0	0.0	0.0	60.3	51.7	74.6	74.3
2014-06-03	324394.0	976.0	45653.0	305972.0	261295.0	0.0	0.0	60.3	51.5	74.6	74.1
2014-06-10	306682.0	1304.0	44013.0	288916.0	246207.0	0.0	0.0	60.4	50.2	75.3	73.7
2014-06-17	310562.0	328.0	45974.0	293772.0	248126.0	0.0	0.0	60.9	50.8	75.6	74.0
2014-06-24	314170.0	328.0	47614.0	299020.0	251734.0	0.0	0.0	59.2	50.8	74.9	74.4
2014-07-01	314825.0	1304.0	49902.0	298699.0	250101.0	0.0	0.0	58.7	50.7	75.0	74.3
2014-07-08	314825.0	1304.0	49902.0	298699.0	250101.0	0.0	0.0	58.7	50.7	75.0	74.3
2014-07-15	299465.0	1304.0	49566.0	283979.0	235717.0	0.0	0.0	58.6	49.6	74.5	73.5
2014-07-22	305369.0	648.0	51206.0	290211.0	239653.0	0.0	0.0	56.0	49.4	75.0	73.0
2014-07-29	309571.0	648.0	53160.0	294413.0	241901.0	0.0	0.0	55.0	50.0	75.3	73.3
2014-08-05	321139.0	976.0	60872.0	305981.0	246085.0	0.0	0.0	56.4	50.6	75.0	73.0
2014-08-12	299450.0	648.0	58535.0	284620.0	226733.0	0.0	0.0	56.5	50.1	74.0	72.5
2014-08-19	299450.0	648.0	58535.0	284620.0	226733.0	0.0	0.0	56.5	50.1	74.0	72.5
2014-08-26	299770.0	648.0	58535.0	284940.0	227053.0	0.0	0.0	56.4	50.0	74.0	72.4
2014-09-02	305210.0	8.0	62375.0	291340.0	228973.0	0.0	0.0	56.1	49.9	74.6	71.6
2014-09-09	305210.0	8.0	61751.0	290716.0	228973.0	0.0	0.0	55.4	49.9	74.4	71.6
2014-09-16	282154.0	8.0	61375.0	270236.0	208869.0	0.0	0.0	56.8	51.3	74.0	71.7
2014-09-23	287481.0	8.0	61375.0	275563.0	214196.0	0.0	0.0	56.5	50.3	74.5	71.4
2014-09-30	289041.0	8.0	61375.0	277123.0	215756.0	0.0	0.0	57.0	50.1	75.0	71.5
2014-10-07	292905.0	8.0	61375.0	280987.0	219620.0	0.0	0.0	57.0	49.4	74.0	70.5
2014-10-14	274347.0	0.0	54022.0	263717.0	209695.0	0.0	0.0	58.4	49.4	74.0	69.6
2014-10-21	274684.0	0.0	54359.0	264391.0	210032.0	0.0	0.0	58.0	49.4	74.1	69.8
2014-10-28	293933.0	656.0	56621.0	281080.0	225115.0	0.0	0.0	59.3	48.0	75.4	69.6
2014-11-04	296189.0	656.0	54009.0	284248.0	230895.0	0.0	0.0	59.0	47.5	75.9	69.6
2014-11-11	272176.0	656.0	55578.0	263059.0	208137.0	0.0	0.0	60.1	48.9	75.4	70.6
2014-11-18	268397.0	1945.0	46082.0	257376.0	213239.0	0.0	0.0	57.1	46.5	72.9	69.3
2014-11-25	284149.0	1945.0	51941.0	259344.0	209348.0	0.0	0.0	47.1	44.3	63.9	61.8
2014-12-02	286035.0	1945.0	51932.0	261230.0	211243.0	0.0	0.0	45.8	44.0	62.8	61.5
2014-12-09	292780.0	4801.0	50061.0	263215.0	217955.0	0.0	0.0	42.1	43.0	60.7	62.0
2014-12-16	282860.0	7015.0	44936.0	252405.0	214484.0	0.0	0.0	37.6	39.6	54.2	58.3
2014-12-23	293269.0	6063.0	24072.0	262814.0	244805.0	0.0	0.0	36.1	37.2	52.0	55.3
2014-12-30	290686.0	6063.0	23168.0	260231.0	243126.0	0.0	0.0	36.6	37.3	52.6	55.5
2015-01-06	292292.0	6639.0	24120.0	261261.0	243780.0	0.0	0.0	39.3	37.4	52.5	55.8
2015-01-13	287835.0	7887.0	33735.0	255884.0	230036.0	0.0	0.0	37.4	36.0	50.3	54.0
2015-01-20	292609.0	5983.0	33735.0	262562.0	234810.0	0.0	0.0	41.8	34.4	52.6	51.5
2015-01-27	285536.0	6935.0	30453.0	253585.0	230067.0	0.0	0.0	43.1	33.1	53.0	49.7
2015-02-03	311770.0	6703.0	3511.0	269434.0	272626.0	0.0	0.0	43.3	35.0	52.3	52.3
2015-02-10	303206.0	8008.0	11471.0	271133.0	267670.0	0.0	0.0	41.2	48.0	56.6	60.9
2015-02-17	303885.0	4796.0	12471.0	275048.0	267373.0	0.0	0.0	42.1	50.1	57.3	62.7
2015-02-24	314227.0	3911.0	12495.0	283763.0	275179.0	0.0	0.0	39.8	52.2	60.3	65.1
2015-03-03	321575.0	2677.0	5710.0	286294.0	283261.0	0.0	0.0	39.2	53.9	59.3	64.4
2015-03-10	309253.0	6293.0	4494.0	269950.0	272437.0	689.0	1.0	40.5	57.1	61.3	67.4
2015-03-17	317589.0	9189.0	4798.0	277942.0	282333.0	1.0	1.0	42.4	58.1	62.2	69.0
2015-03-24	322757.0	7629.0	5406.0	283454.0	285677.0	1.0	1.0	42.8	57.1	62.7	67.9
2015-03-31	350426.0	7629.0	6358.0	311123.0	312394.0	1.0	1.0	45.2	57.0	63.2	68.6
2015-04-07	338493.0	5272.0	3810.0	301203.0	302665.0	1.0	1.0	49.3	58.3	67.2	70.9
2015-04-14	360786.0	6264.0	4154.0	323152.0	325262.0	1.0	1.0	50.2	55.0	68.1	70.9
2015-04-21	366042.0	2992.0	4154.0	331680.0	330518.0	1.0	1.0	48.2	54.4	66.4	69.3
2015-04-28	370746.0	2400.0	4154.0	336976.0	335222.0	1.0	1.0	47.5	53.9	65.8	68.3
2015-05-05	374753.0	1712.0	1906.0	341672.0	340262.0	0.0	1216.0	47.1	54.5	65.6	69.0
2015-05-12	357521.0	2928.0	2514.0	327480.0	327894.0	0.0	0.0	46.4	55.0	65.0	69.7
2015-05-19	377778.0	3512.0	2514.0	347153.0	348151.0	0.0	0.0	49.3	55.6	67.0	69.9
2015-05-26	386981.0	2296.0	2514.0	356964.0	356746.0	0.0	0.0	49.0	56.7	66.2	70.1
2015-06-02	393985.0	5481.0	2514.0	361087.0	364054.0	0.0	0.0	49.3	58.0	66.3	71.2
2015-06-09	362763.0	4505.0	1826.0	333937.0	336616.0	0.0	0.0	48.5	55.6	65.4	70.8
2015-06-16	363756.0	4505.0	1826.0	334930.0	337609.0	0.0	0.0	48.3	55.5	65.5	70.6
2015-06-23	381351.0	4505.0	1826.0	352525.0	355204.0	0.0	0.0	45.5	52.9	61.5	67.3
2015-06-30	414641.0	4505.0	1826.0	385815.0	388494.0	0.0	0.0	48.2	56.8	64.7	71.4
2015-07-07	420262.0	4809.0	3081.0	394172.0	395900.0	0.0	0.0	48.0	56.0	63.0	68.4
2015-07-14	429184.0	4489.0	6889.0	403414.0	401014.0	0.0	0.0	50.1	57.4	64.8	69.2
2015-07-21	448880.0	3465.0	6889.0	422182.0	418758.0	0.0	0.0	47.3	51.4	63.0	64.2
2015-07-28	467402.0	5248.0	8793.0	438265.0	434720.0	0.0	0.0	48.7	53.7	63.9	65.4
2015-08-04	481582.0	2704.0	8793.0	454349.0	448260.0	0.0	0.0	48.6	51.7	63.4	64.7
2015-08-11	485467.0	2870.0	6663.0	459874.0	456081.0	0.0	0.0	52.9	56.4	66.5	67.2
2015-08-18	518726.0	2877.0	6663.0	492477.0	488691.0	0.0	0.0	52.8	58.3	65.1	67.3
2015-08-25	556181.0	2877.0	7615.0	529932.0	525194.0	0.0	0.0	54.5	62.6	65.8	69.4
2015-09-01	587810.0	2540.0	8567.0	561561.0	555534.0	0.0	0.0	55.8	64.9	66.7	71.4
2015-09-08	602602.0	5821.0	7616.0	577976.0	576181.0	0.0	0.0	59.7	68.1	69.7	74.7
2015-09-15	569402.0	2703.0	10176.0	562153.0	554680.0	0.0	0.0	61.7	71.4	72.4	77.0
2015-09-22	578437.0	3574.0	10176.0	570957.0	564355.0	0.0	0.0	60.0	71.5	70.6	77.0
2015-09-29	632748.0	3911.0	11128.0	624931.0	617714.0	0.0	0.0	58.6	71.0	71.3	76.9
2015-10-06	601658.0	1982.0	8568.0	596402.0	589816.0	0.0	0.0	63.3	74.4	75.0	80.2
2015-10-13	603150.0	1030.0	8568.0	598198.0	590660.0	0.0	0.0	61.6	73.1	74.1	78.4
2015-10-20	582175.0	2041.0	8568.0	576886.0	570359.0	0.0	0.0	60.8	70.3	73.8	76.9
2015-10-27	586649.0	1090.0	9520.0	581671.0	573241.0	0.0	0.0	58.7	70.3	72.5	77.5
2015-11-03	593076.0	114.0	10504.0	588098.0	577708.0	0.0	0.0	56.6	67.8	71.0	75.7
2015-11-10	536276.0	0.0	11342.0	531602.0	520260.0	0.0	0.0	53.3	65.3	68.7	75.3
2015-11-17	539179.0	0.0	11670.0	534505.0	522835.0	0.0	0.0	52.9	64.7	68.3	75.1
2015-11-24	560948.0	0.0	9406.0	556274.0	546868.0	0.0	0.0	51.9	64.8	66.7	74.5
2015-12-01	564066.0	0.0	10358.0	559392.0	549034.0	0.0	0.0	51.8	64.8	66.5	74.8
2015-12-08	529044.0	0.0	12008.0	525044.0	513036.0	0.0	0.0	52.2	63.8	66.6	74.3
2015-12-15	518284.0	0.0	13568.0	514892.0	501324.0	0.0	0.0	50.1	63.1	64.9	72.9
2015-12-22	517164.0	0.0	14544.0	513772.0	499228.0	0.0	0.0	49.6	61.2	64.6	72.7
2015-12-29	522401.0	0.0	10501.0	514966.0	504465.0	0.0	0.0	49.6	61.4	64.4	72.7
2016-01-05	535385.0	0.0	10838.0	527639.0	516801.0	0.0	0.0	50.9	64.3	68.0	75.3
2016-01-12	484437.0	0.0	11494.0	477347.0	465853.0	0.0	0.0	54.1	61.5	68.9	73.8
2016-01-19	488541.0	0.0	11494.0	481451.0	469957.0	0.0	0.0	53.4	60.7	68.2	72.9
2016-01-26	494093.0	1480.0	9566.0	485523.0	477437.0	0.0	0.0	52.8	60.3	68.1	72.7
2016-02-02	504737.0	1480.0	10750.0	496167.0	486897.0	0.0	0.0	50.5	59.5	66.8	71.5
2016-02-09	474187.0	1480.0	12272.0	467483.0	456691.0	0.0	0.0	51.9	57.6	66.5	69.6
2016-02-16	484684.0	1480.0	12894.0	478602.0	467188.0	0.0	0.0	49.9	56.6	65.5	68.3
2016-02-23	495449.0	1480.0	12590.0	489367.0	478257.0	0.0	0.0	49.0	55.9	65.0	67.3
2016-03-01	488037.0	1480.0	12246.0	482563.0	471797.0	0.0	0.0	48.2	54.2	64.8	66.4
2016-03-08	463757.0	344.0	14494.0	461547.0	447397.0	0.0	0.0	49.0	53.1	64.4	65.7
2016-03-15	464092.0	344.0	16094.0	461882.0	446132.0	0.0	0.0	48.3	52.3	63.9	64.9
2016-03-22	447844.0	344.0	16094.0	445634.0	429884.0	0.0	0.0	46.3	50.7	62.5	63.7
2016-03-29	461492.0	344.0	17414.0	459282.0	442212.0	0.0	0.0	43.5	49.3	60.7	61.5
2016-04-05	465445.0	344.0	18102.0	463235.0	445477.0	0.0	0.0	43.7	49.5	60.8	61.4
2016-04-12	435271.0	0.0	19968.0	435271.0	415303.0	0.0	0.0	44.2	47.7	59.2	59.7
2016-04-19	431247.0	2928.0	14976.0	428319.0	416271.0	0.0	0.0	45.2	49.1	60.3	60.9
2016-04-26	433343.0	2928.0	14312.0	430415.0	419031.0	0.0	0.0	43.7	48.6	58.6	60.3
2016-05-03	433919.0	3904.0	13280.0	430015.0	420639.0	0.0	0.0	43.4	49.1	58.3	60.7
2016-05-10	419025.0	1952.0	5008.0	416097.0	413041.0	976.0	976.0	48.3	51.7	62.4	61.9
2016-05-17	423785.0	1952.0	5616.0	421833.0	418169.0	0.0	0.0	47.4	52.1	61.5	61.8
2016-05-24	423681.0	2928.0	5944.0	420753.0	417737.0	0.0	0.0	47.1	53.1	61.4	63.2
2016-05-31	427649.0	2928.0	4056.0	424401.0	423273.0	0.0	0.0	47.2	53.2	61.4	63.2
2016-06-07	403033.0	3904.0	616.0	398809.0	402097.0	0.0	0.0	48.8	55.4	63.4	65.5
2016-06-14	404025.0	3904.0	616.0	399801.0	403089.0	0.0	0.0	49.2	55.5	63.6	65.7
2016-06-21	387840.0	3216.0	616.0	384304.0	386904.0	0.0	0.0	47.5	53.0	62.4	64.4
2016-06-28	381465.0	2872.0	616.0	378273.0	380529.0	0.0	0.0	45.8	52.6	61.0	62.4
2016-07-05	381777.0	2872.0	616.0	378585.0	380841.0	0.0	0.0	45.7	52.9	60.9	62.6
2016-07-12	354693.0	2872.0	8.0	351501.0	351147.0	0.0	3218.0	51.5	54.0	62.7	61.1
2016-07-19	357204.0	2872.0	8.0	354012.0	356876.0	0.0	0.0	50.6	54.7	62.9	61.7
2016-07-26	357424.0	2872.0	8.0	354232.0	357096.0	0.0	0.0	51.6	56.5	65.4	63.9
2016-08-02	354616.0	2872.0	8.0	351424.0	354288.0	0.0	0.0	51.0	55.8	64.9	63.5
2016-08-09	334231.0	2528.0	8.0	331383.0	333903.0	0.0	0.0	49.0	57.3	64.1	64.0
2016-08-16	331664.0	2528.0	8.0	328816.0	331336.0	0.0	0.0	48.6	56.9	63.9	63.7
2016-08-23	316581.0	2528.0	8.0	313733.0	316253.0	0.0	0.0	47.1	53.2	62.0	60.8
2016-08-30	315576.0	2528.0	8.0	312728.0	315248.0	0.0	0.0	45.0	54.2	62.4	61.4
2016-09-06	315897.0	2528.0	8.0	313049.0	313073.0	0.0	2496.0	44.6	53.8	62.6	60.8
2016-09-13	287631.0	1280.0	8.0	286031.0	287303.0	0.0	0.0	48.7	54.7	62.1	62.0
2016-09-20	295724.0	1280.0	8.0	294124.0	295396.0	0.0	0.0	47.5	53.9	61.3	61.1
2016-09-27	304203.0	1280.0	8.0	302603.0	303875.0	0.0	0.0	47.5	55.0	62.9	62.1
2016-10-04	371296.0	1280.0	8.0	369696.0	370968.0	0.0	0.0	55.4	55.0	65.4	63.1
2016-10-11	342211.0	0.0	970.0	342211.0	341241.0	0.0	0.0	57.5	59.5	67.4	66.4
2016-10-18	337685.0	0.0	5476.0	337685.0	332209.0	0.0	0.0	58.3	60.5	68.3	66.3
2016-10-25	348571.0	0.0	5797.0	348571.0	342774.0	0.0	0.0	59.2	61.7	69.3	67.2
2016-11-01	363918.0	0.0	5476.0	363918.0	358442.0	0.0	0.0	60.9	64.4	71.6	69.9
2016-11-08	336032.0	0.0	5148.0	336032.0	330884.0	0.0	0.0	66.4	71.2	75.8	75.1
2016-11-15	336360.0	0.0	5148.0	336360.0	331212.0	0.0	0.0	66.4	71.2	75.7	75.0
2016-11-22	337502.0	0.0	5148.0	337502.0	332354.0	0.0	0.0	64.3	67.8	73.7	73.3
2016-11-29	333935.0	0.0	5148.0	333935.0	328787.0	0.0	0.0	61.2	63.8	70.0	69.3
2016-12-06	302199.0	0.0	3864.0	302199.0	298335.0	0.0	0.0	64.7	61.6	69.6	68.4
2016-12-13	306999.0	0.0	3864.0	306999.0	303135.0	0.0	0.0	64.9	61.3	69.8	68.8
2016-12-20	307687.0	0.0	3864.0	307687.0	303823.0	0.0	0.0	64.9	61.0	69.8	68.5
2016-12-27	307687.0	0.0	3864.0	307687.0	303823.0	0.0	0.0	64.9	61.0	69.8	68.5
2017-01-03	310295.0	0.0	3864.0	310295.0	306431.0	0.0	0.0	66.1	61.7	71.0	69.1
2017-01-17	298335.0	1904.0	3864.0	296431.0	294471.0	0.0	0.0	70.0	65.0	75.5	72.9
2017-01-24	302759.0	5712.0	8296.0	297047.0	294463.0	0.0	0.0	70.8	62.8	75.5	71.1
2017-01-31	313567.0	6664.0	7968.0	306575.0	305271.0	0.0	0.0	69.7	62.0	75.2	71.8
