2013-11-26	1043980.0	0.0	6150.0	1043980.0	1037830.0	0.0	0.0	56.3	88.4	82.8	91.2
2013-12-03	1043980.0	0.0	6150.0	1043980.0	1037830.0	0.0	0.0	56.3	88.4	82.8	91.2
2013-12-10	1004980.0	0.0	3150.0	1004980.0	1001830.0	0.0	0.0	56.8	87.4	83.1	92.1
2013-12-17	1020780.0	0.0	3150.0	1020780.0	1017630.0	0.0	0.0	56.0	88.7	82.6	92.8
2013-12-24	1029180.0	0.0	3150.0	1029180.0	1026030.0	0.0	0.0	54.7	88.4	82.4	92.9
2014-01-07	936080.0	0.0	0.0	936080.0	936080.0	0.0	0.0	55.7	89.4	84.1	93.6
2014-01-14	1002080.0	0.0	0.0	1002080.0	1002080.0	0.0	0.0	57.7	89.7	84.2	93.6
2014-01-21	1236450.0	0.0	0.0	1236450.0	1236450.0	0.0	0.0	53.0	91.4	81.6	94.8
2014-01-28	1307650.0	0.0	0.0	1307650.0	1307650.0	0.0	0.0	56.1	92.3	83.1	95.5
2014-02-04	1328600.0	2100.0	0.0	1326500.0	1328600.0	0.0	0.0	56.1	92.1	82.7	95.2
2014-02-11	1227010.0	2100.0	0.0	1224910.0	1227010.0	0.0	0.0	57.3	92.9	82.7	95.5
2014-02-18	1318250.0	2100.0	0.0	1316150.0	1318250.0	0.0	0.0	54.2	92.5	82.1	95.1
2014-02-25	1350150.0	0.0	0.0	1350150.0	1350150.0	0.0	0.0	54.0	92.3	81.3	95.3
2014-03-04	1354350.0	0.0	0.0	1354350.0	1354350.0	0.0	0.0	53.4	92.1	80.6	95.0
2014-03-11	1255350.0	0.0	0.0	1255350.0	1255350.0	0.0	0.0	55.9	92.4	81.3	94.9
2014-03-18	1276500.0	0.0	100.0	1274400.0	1274300.0	0.0	0.0	55.1	92.2	80.1	94.6
2014-03-25	1316000.0	0.0	100.0	1313900.0	1313800.0	0.0	0.0	55.6	92.0	79.9	94.5
2014-04-01	1269150.0	0.0	100.0	1266000.0	1266950.0	1050.0	0.0	54.6	91.6	79.7	94.2
2014-04-08	1176950.0	0.0	100.0	1174850.0	1174750.0	0.0	0.0	55.9	91.3	79.4	93.7
2014-04-15	1113230.0	0.0	100.0	1111130.0	1111030.0	0.0	0.0	55.9	90.7	77.7	93.4
2014-04-22	1147080.0	0.0	100.0	1144980.0	1144880.0	0.0	0.0	54.4	89.1	76.0	92.5
2014-04-29	58960.0	700.0	0.0	58160.0	58860.0	0.0	0.0	57.0	86.8	74.8	91.9
2014-05-06	54110.0	0.0	300.0	53910.0	53610.0	0.0	0.0	59.9	87.0	78.5	91.7
2014-05-13	54210.0	200.0	300.0	53810.0	53710.0	0.0	0.0	59.9	86.8	78.1	92.1
2014-05-20	55185.0	200.0	300.0	54785.0	54685.0	0.0	0.0	59.9	86.7	77.8	92.0
2014-05-27	55535.0	200.0	300.0	55135.0	54995.0	0.0	40.0	58.3	86.3	76.0	92.0
2014-06-03	56785.0	200.0	300.0	56385.0	56245.0	0.0	40.0	55.6	86.5	72.8	92.0
2014-06-10	52445.0	200.0	400.0	52085.0	51905.0	60.0	40.0	56.4	87.7	73.4	91.9
2014-06-17	53805.0	200.0	400.0	53445.0	53265.0	60.0	40.0	57.1	86.7	73.7	91.7
2014-06-24	54300.0	200.0	400.0	53940.0	53760.0	60.0	40.0	57.2	85.7	72.5	90.7
2014-07-01	55850.0	200.0	400.0	55490.0	55310.0	60.0	40.0	55.9	84.8	69.9	89.5
2014-07-08	52850.0	100.0	500.0	52690.0	52320.0	60.0	30.0	57.5	86.3	71.9	90.4
2014-07-15	53980.0	200.0	450.0	53610.0	53480.0	120.0	0.0	56.8	85.6	70.0	90.5
2014-07-22	58170.0	200.0	450.0	57740.0	57670.0	180.0	0.0	52.0	82.1	65.4	86.6
2014-07-29	60696.0	200.0	250.0	59916.0	60396.0	530.0	0.0	50.3	81.0	63.9	86.1
2014-08-05	60916.0	200.0	250.0	60086.0	60616.0	580.0	0.0	51.0	81.1	64.9	86.2
2014-08-12	55846.0	150.0	250.0	55066.0	55546.0	580.0	0.0	52.4	82.6	68.2	87.1
2014-08-19	56491.0	150.0	250.0	55651.0	56191.0	640.0	0.0	50.4	81.5	67.4	85.9
2014-08-26	56761.0	150.0	250.0	55801.0	56461.0	760.0	0.0	50.0	81.1	66.9	85.7
2014-09-02	57421.0	150.0	250.0	56321.0	57121.0	900.0	0.0	48.3	78.9	64.9	83.2
2014-09-09	55406.0	150.0	300.0	54956.0	55046.0	300.0	60.0	53.4	79.5	70.1	85.1
2014-09-16	56256.0	150.0	300.0	55866.0	55896.0	240.0	60.0	53.0	79.4	69.3	85.0
2014-09-23	56931.0	150.0	600.0	56421.0	56271.0	360.0	60.0	52.8	78.1	68.7	84.3
2014-09-30	58916.0	150.0	600.0	58406.0	58256.0	360.0	60.0	51.0	76.8	67.4	84.3
2014-10-07	53961.0	0.0	600.0	53601.0	53121.0	360.0	240.0	53.3	77.0	69.3	84.2
2014-10-14	55036.0	0.0	600.0	54676.0	54196.0	360.0	240.0	52.2	76.8	69.4	84.4
