2013-11-26	297936.0	10312.0	816.0	286840.0	296336.0	0.0	0.0	40.5	53.3	61.5	68.1
2013-12-03	304160.0	10312.0	816.0	293064.0	302560.0	0.0	0.0	40.6	53.9	61.5	68.5
2013-12-10	283360.0	11096.0	816.0	271880.0	282160.0	0.0	0.0	41.6	55.9	62.0	70.8
2013-12-17	289536.0	10704.0	816.0	278448.0	288336.0	0.0	0.0	42.3	56.0	62.4	70.6
2013-12-24	290280.0	11104.0	816.0	278408.0	288696.0	0.0	0.0	42.2	55.9	62.4	70.5
2014-01-07	289256.0	11496.0	408.0	276584.0	287672.0	0.0	0.0	41.7	57.4	62.1	70.9
2014-01-14	281672.0	9872.0	0.0	270648.0	280520.0	0.0	0.0	44.5	59.5	65.7	73.9
2014-01-21	285216.0	9040.0	0.0	274608.0	283648.0	0.0	0.0	45.5	60.0	66.4	74.1
2014-01-28	285568.0	9040.0	0.0	274960.0	284000.0	0.0	0.0	45.4	59.9	66.3	74.0
2014-02-04	292000.0	10960.0	0.0	279064.0	290024.0	0.0	0.0	43.8	58.9	65.4	72.6
2014-02-11	282584.0	9792.0	0.0	270040.0	279832.0	0.0	0.0	41.6	56.4	60.4	70.1
2014-02-18	284560.0	8288.0	0.0	272384.0	280672.0	0.0	0.0	38.0	53.5	57.3	66.7
2014-02-25	284952.0	8288.0	0.0	272368.0	280656.0	408.0	408.0	41.1	56.4	60.1	69.7
2014-03-04	297888.0	8288.0	0.0	285304.0	293592.0	408.0	408.0	40.3	56.2	58.5	68.9
2014-03-11	290696.0	7504.0	408.0	279272.0	286368.0	408.0	408.0	38.2	54.5	56.4	67.8
2014-03-18	291128.0	9320.0	0.0	277864.0	287184.0	408.0	408.0	38.3	54.4	56.2	67.5
2014-03-25	291552.0	11360.0	0.0	276656.0	288016.0	408.0	408.0	39.2	54.2	57.1	67.8
2014-04-01	290816.0	12968.0	384.0	274720.0	286896.0	0.0	408.0	40.1	55.7	58.3	69.3
2014-04-08	278728.0	14088.0	384.0	260696.0	275624.0	1224.0	0.0	38.4	53.4	54.9	68.8
2014-04-15	279872.0	14072.0	768.0	262312.0	275616.0	0.0	0.0	38.4	52.5	54.8	68.2
2014-04-22	272416.0	12888.0	768.0	256040.0	268160.0	0.0	0.0	37.3	51.3	52.9	65.2
2014-04-29	268944.0	14488.0	1152.0	250968.0	264304.0	0.0	0.0	36.5	49.8	51.2	63.1
2014-05-06	265384.0	13672.0	768.0	248608.0	261512.0	0.0	0.0	35.2	49.5	52.1	64.0
2014-05-13	250368.0	11416.0	1152.0	235824.0	246088.0	0.0	0.0	35.3	48.8	51.7	63.3
2014-05-20	252696.0	12600.0	1152.0	237360.0	248808.0	0.0	0.0	32.6	46.2	48.6	60.5
2014-05-27	257432.0	14136.0	1152.0	240944.0	253928.0	0.0	0.0	29.9	45.0	45.7	59.1
2014-06-03	266912.0	12152.0	1152.0	249648.0	260648.0	0.0	0.0	27.8	44.3	43.6	57.9
2014-06-10	252632.0	13296.0	1152.0	236232.0	248376.0	0.0	0.0	29.3	47.5	45.8	60.9
2014-06-17	248744.0	11272.0	1152.0	234744.0	244864.0	0.0	0.0	28.1	44.6	43.7	58.5
2014-06-24	252664.0	12424.0	1152.0	238664.0	249936.0	0.0	0.0	27.7	47.9	44.6	60.0
2014-07-01	266032.0	12040.0	2704.0	252032.0	261368.0	0.0	0.0	31.2	50.0	47.1	61.3
2014-07-08	271128.0	11224.0	2320.0	257944.0	265696.0	0.0	1152.0	31.1	50.7	46.4	60.2
2014-07-15	265024.0	9272.0	3456.0	253368.0	259184.0	0.0	0.0	31.1	52.5	45.9	58.4
2014-07-22	276768.0	10440.0	4224.0	262744.0	268960.0	0.0	0.0	30.2	48.3	44.9	55.6
2014-07-29	280216.0	10816.0	5496.0	266224.0	271544.0	0.0	0.0	29.7	47.8	45.5	55.2
2014-08-05	283320.0	11200.0	5112.0	268176.0	274264.0	768.0	768.0	30.5	48.5	46.2	56.1
2014-08-12	288280.0	10808.0	6704.0	274688.0	278792.0	0.0	0.0	35.2	51.3	50.4	57.8
2014-08-19	286360.0	10808.0	3136.0	273152.0	280824.0	0.0	0.0	35.5	51.6	50.3	58.1
2014-08-26	286360.0	10808.0	3136.0	273152.0	280824.0	0.0	0.0	35.3	51.6	50.2	57.9
2014-09-02	286392.0	9688.0	2400.0	272752.0	280040.0	0.0	0.0	35.3	51.2	49.7	57.9
2014-09-09	266688.0	9280.0	1112.0	254208.0	262376.0	0.0	0.0	36.3	54.2	50.7	60.6
2014-09-16	270552.0	8888.0	328.0	258072.0	266632.0	0.0	0.0	33.5	52.3	47.6	58.9
2014-09-23	268992.0	8936.0	0.0	256512.0	265448.0	0.0	0.0	34.2	52.3	48.4	59.0
2014-09-30	281848.0	8544.0	0.0	270152.0	278696.0	0.0	0.0	31.6	51.8	46.5	59.5
2014-10-07	287688.0	9304.0	0.0	275232.0	284152.0	0.0	384.0	32.7	52.6	47.4	60.2
2014-10-14	282872.0	12776.0	0.0	266128.0	278904.0	0.0	0.0	34.1	56.1	49.8	61.9
2014-10-21	293648.0	11560.0	0.0	278120.0	289680.0	0.0	0.0	38.0	58.8	52.3	64.3
2014-10-28	292496.0	12736.0	0.0	276600.0	289336.0	0.0	0.0	38.4	57.6	53.2	64.1
2014-11-04	292520.0	11952.0	0.0	277016.0	288968.0	0.0	0.0	39.1	57.6	53.6	64.0
2014-11-11	277448.0	10056.0	0.0	263840.0	273896.0	0.0	0.0	41.2	60.5	54.6	65.8
2014-11-18	273176.0	9688.0	0.0	259936.0	269624.0	0.0	0.0	39.3	59.6	53.3	65.4
2014-11-25	274752.0	9720.0	0.0	261480.0	271200.0	0.0	0.0	38.5	61.4	52.7	65.5
2014-12-02	272400.0	9328.0	0.0	259520.0	268848.0	0.0	0.0	39.3	61.9	53.0	66.1
2014-12-09	255592.0	9256.0	0.0	243200.0	252456.0	0.0	0.0	40.5	61.5	56.5	66.4
2014-12-16	266080.0	9664.0	0.0	253280.0	262944.0	0.0	0.0	37.1	46.4	49.3	52.5
2014-12-23	264448.0	8792.0	0.0	252112.0	260904.0	0.0	0.0	37.4	48.7	49.2	54.6
2014-12-30	264448.0	9608.0	0.0	251704.0	261312.0	0.0	0.0	37.5	48.7	49.7	55.4
2015-01-06	264840.0	9608.0	0.0	252096.0	261704.0	0.0	0.0	37.5	48.8	49.6	55.5
2015-01-13	263528.0	6992.0	0.0	254184.0	261176.0	0.0	0.0	39.5	52.4	49.5	58.8
2015-01-20	266088.0	7344.0	0.0	256392.0	263736.0	0.0	0.0	39.1	51.9	49.0	58.9
2015-01-27	276288.0	7696.0	0.0	266240.0	273936.0	0.0	0.0	42.5	54.7	52.4	61.6
2015-02-03	279360.0	7696.0	0.0	269312.0	277008.0	0.0	0.0	42.9	54.1	52.7	60.9
2015-02-10	269560.0	11992.0	0.0	256000.0	267992.0	0.0	0.0	44.1	55.3	54.9	61.4
2015-02-17	275024.0	7288.0	0.0	265384.0	272672.0	0.0	0.0	45.7	54.2	55.6	60.2
2015-02-24	279768.0	1016.0	0.0	270128.0	271144.0	0.0	0.0	43.2	46.3	52.1	51.7
2015-03-03	282128.0	1496.0	840.0	272064.0	272720.0	0.0	0.0	42.4	45.9	51.2	51.6
2015-03-10	266568.0	2760.0	3096.0	256728.0	256392.0	0.0	0.0	44.1	46.4	50.7	51.4
2015-03-17	266200.0	2760.0	3096.0	256360.0	256024.0	0.0	0.0	44.0	46.8	50.7	51.6
2015-03-24	264936.0	2760.0	3464.0	255096.0	254392.0	0.0	0.0	45.1	45.2	51.8	50.2
2015-03-31	273888.0	3128.0	3832.0	263680.0	262976.0	0.0	0.0	46.9	45.8	52.8	51.3
2015-04-07	271936.0	0.0	3832.0	264856.0	261024.0	0.0	0.0	47.1	45.7	53.1	52.3
2015-04-14	280448.0	0.0	5392.0	273760.0	268368.0	0.0	0.0	47.4	50.7	58.0	58.4
2015-04-21	281560.0	0.0	7696.0	274872.0	267176.0	0.0	0.0	47.2	50.2	58.1	58.0
2015-04-28	293624.0	0.0	10008.0	286936.0	276928.0	0.0	0.0	48.0	49.8	58.7	58.9
2015-05-05	292440.0	0.0	12400.0	285752.0	273352.0	0.0	0.0	47.9	49.2	58.6	58.7
2015-05-12	290728.0	0.0	12768.0	284408.0	271640.0	0.0	0.0	50.2	53.0	60.9	62.5
2015-05-19	289944.0	0.0	13136.0	283624.0	270488.0	0.0	0.0	50.3	52.8	60.7	62.2
2015-05-26	294656.0	0.0	13136.0	288336.0	275200.0	0.0	0.0	50.4	52.5	59.9	61.7
2015-06-02	297368.0	0.0	13920.0	291048.0	277128.0	0.0	0.0	49.2	49.1	58.9	58.1
2015-06-09	287256.0	0.0	13856.0	281360.0	267504.0	0.0	0.0	51.3	51.6	61.5	61.3
2015-06-16	286864.0	0.0	14640.0	280968.0	266328.0	0.0	0.0	51.3	51.3	62.2	61.3
2015-06-23	288080.0	0.0	14640.0	282184.0	267544.0	0.0	0.0	50.9	52.2	61.9	61.9
2015-06-30	288792.0	0.0	14640.0	282896.0	268256.0	0.0	0.0	52.0	48.3	62.5	58.9
2015-07-07	290784.0	0.0	14640.0	284888.0	270248.0	0.0	0.0	50.0	48.7	60.4	57.3
2015-07-14	272456.0	0.0	10920.0	266560.0	255640.0	0.0	0.0	50.4	50.8	62.7	59.1
2015-07-21	272456.0	0.0	10920.0	266560.0	255640.0	0.0	0.0	48.5	50.5	60.8	58.8
2015-07-28	272864.0	0.0	10920.0	266968.0	256048.0	0.0	0.0	49.5	52.1	62.1	60.1
2015-08-04	273680.0	0.0	11328.0	267784.0	256456.0	0.0	0.0	49.6	52.2	62.1	60.1
2015-08-11	262408.0	0.0	9048.0	256888.0	247840.0	0.0	0.0	50.6	55.2	64.0	62.8
2015-08-18	258440.0	0.0	9048.0	252920.0	243872.0	0.0	0.0	51.4	54.2	65.0	61.7
2015-08-25	263120.0	0.0	8280.0	257600.0	249320.0	0.0	0.0	52.3	55.6	65.6	62.7
2015-09-01	262352.0	0.0	7888.0	256440.0	248552.0	0.0	0.0	52.4	55.5	65.8	62.9
2015-09-08	262352.0	0.0	7888.0	256440.0	248552.0	0.0	0.0	52.4	55.5	65.8	62.9
2015-09-15	247016.0	768.0	784.0	245856.0	245840.0	0.0	0.0	53.4	59.7	67.5	67.8
2015-09-22	260304.0	768.0	784.0	259144.0	259128.0	0.0	0.0	52.6	57.1	67.2	67.3
2015-09-29	262688.0	1160.0	0.0	260352.0	261512.0	0.0	0.0	55.0	56.1	66.0	67.3
2015-10-06	264664.0	768.0	0.0	262720.0	263488.0	0.0	0.0	54.7	51.5	65.3	63.9
2015-10-13	255864.0	0.0	0.0	254688.0	254688.0	0.0	0.0	55.1	52.7	66.8	65.1
2015-10-20	250768.0	0.0	0.0	249592.0	249592.0	0.0	0.0	56.2	55.9	68.2	67.4
2015-10-27	248416.0	784.0	0.0	246456.0	247240.0	0.0	0.0	56.8	59.9	72.6	71.7
2015-11-03	249984.0	784.0	0.0	248024.0	248808.0	0.0	0.0	56.6	59.0	72.7	71.6
2015-11-10	237048.0	784.0	0.0	236264.0	237048.0	0.0	0.0	51.6	61.4	73.2	74.3
2015-11-17	236672.0	784.0	0.0	235888.0	236672.0	0.0	0.0	45.7	63.0	67.3	73.6
2015-11-24	242176.0	392.0	0.0	241784.0	242176.0	0.0	0.0	42.9	60.8	64.1	70.3
2015-12-01	242568.0	392.0	0.0	242176.0	242568.0	0.0	0.0	42.5	60.2	63.9	70.2
2015-12-08	239880.0	392.0	0.0	239488.0	239880.0	0.0	0.0	43.2	61.4	62.5	71.1
2015-12-15	252040.0	392.0	424.0	251648.0	251616.0	0.0	0.0	42.4	65.2	61.0	71.7
2015-12-22	255088.0	392.0	424.0	254696.0	254664.0	0.0	0.0	42.4	63.6	60.7	71.0
2015-12-29	262960.0	392.0	424.0	262568.0	262536.0	0.0	0.0	37.7	61.4	55.6	68.3
2016-01-05	268008.0	392.0	424.0	267616.0	267584.0	0.0	0.0	37.3	61.7	54.8	69.0
2016-01-12	273272.0	0.0	424.0	273272.0	272848.0	0.0	0.0	37.2	67.5	58.0	74.1
2016-01-19	281144.0	0.0	424.0	281144.0	280720.0	0.0	0.0	38.1	65.4	58.6	71.9
2016-01-26	288808.0	0.0	424.0	288808.0	288384.0	0.0	0.0	39.2	64.7	59.7	71.5
2016-02-02	288848.0	0.0	424.0	288848.0	288424.0	0.0	0.0	39.2	64.8	59.2	71.4
2016-02-09	272728.0	0.0	0.0	272728.0	272728.0	0.0	0.0	39.8	66.3	58.3	73.1
2016-02-16	295472.0	0.0	0.0	295472.0	295472.0	0.0	0.0	36.7	66.5	56.3	72.5
2016-02-23	298624.0	376.0	0.0	298248.0	298624.0	0.0	0.0	36.6	66.2	56.0	71.1
2016-03-01	340128.0	1616.0	9360.0	338144.0	330400.0	0.0	0.0	39.8	64.9	55.9	70.9
2016-03-08	315240.0	1616.0	0.0	313256.0	314872.0	0.0	0.0	41.6	69.6	58.6	73.5
2016-03-15	325680.0	1616.0	0.0	323696.0	325312.0	0.0	0.0	39.0	70.6	55.5	72.6
2016-03-22	326048.0	2392.0	0.0	323656.0	326048.0	0.0	0.0	38.7	70.6	55.2	73.0
2016-03-29	326048.0	2024.0	0.0	323656.0	325680.0	0.0	0.0	38.6	70.4	55.1	72.5
2016-04-05	327216.0	2048.0	0.0	324416.0	326464.0	0.0	0.0	38.5	70.2	54.9	72.7
2016-04-12	318856.0	2872.0	0.0	315232.0	318104.0	0.0	0.0	37.4	70.6	54.5	72.5
2016-04-19	318872.0	2872.0	0.0	315248.0	318120.0	0.0	0.0	37.4	70.6	54.5	72.5
2016-04-26	316864.0	3664.0	0.0	312448.0	316112.0	0.0	0.0	37.2	68.7	53.7	71.9
2016-05-03	309776.0	2464.0	0.0	306560.0	309024.0	0.0	0.0	37.6	67.8	54.8	72.6
2016-05-10	323640.0	2464.0	0.0	320424.0	322888.0	0.0	0.0	45.9	75.6	64.4	81.5
2016-05-17	324312.0	2464.0	0.0	321096.0	323560.0	0.0	0.0	44.7	72.8	63.2	79.2
2016-05-24	323576.0	2464.0	0.0	320360.0	322824.0	0.0	0.0	43.0	71.2	61.7	75.6
2016-05-31	336144.0	2464.0	0.0	332928.0	335392.0	0.0	0.0	42.8	72.3	60.5	75.5
2016-06-07	334120.0	2464.0	0.0	328864.0	332552.0	2040.0	816.0	42.2	71.6	59.6	75.4
2016-06-14	324288.0	3264.0	0.0	320272.0	323536.0	0.0	0.0	43.1	73.7	60.7	77.6
2016-06-21	324664.0	3264.0	0.0	320648.0	323912.0	0.0	0.0	43.6	73.3	60.4	77.2
2016-06-28	316656.0	3688.0	0.0	312216.0	315904.0	0.0	0.0	44.9	75.4	62.1	79.3
2016-07-05	319264.0	3688.0	0.0	314824.0	318512.0	0.0	0.0	44.5	74.9	62.6	78.6
2016-07-12	311464.0	8064.0	0.0	284280.0	309504.0	18736.0	1576.0	41.5	74.3	55.8	77.8
2016-07-19	309112.0	8064.0	0.0	300664.0	308728.0	0.0	0.0	41.5	75.9	58.2	78.1
2016-07-26	290816.0	12384.0	0.0	278048.0	290432.0	0.0	0.0	40.9	69.3	57.9	74.3
2016-08-02	290816.0	12384.0	0.0	278048.0	290432.0	0.0	0.0	41.0	69.3	58.0	74.3
2016-08-09	278904.0	11536.0	0.0	266984.0	278520.0	0.0	0.0	41.3	69.1	59.0	75.3
2016-08-16	283968.0	11536.0	0.0	272048.0	283584.0	0.0	0.0	42.3	68.1	59.8	76.0
2016-08-23	289040.0	11944.0	0.0	276712.0	288656.0	0.0	0.0	41.6	65.8	60.3	76.1
2016-08-30	294872.0	11944.0	0.0	282544.0	294488.0	0.0	0.0	42.1	65.7	60.3	75.3
2016-09-06	300312.0	11944.0	0.0	287984.0	299928.0	0.0	0.0	41.3	66.1	60.0	75.5
2016-09-13	291576.0	11944.0	0.0	279248.0	291192.0	0.0	0.0	42.6	64.8	60.7	74.3
2016-09-20	302864.0	11944.0	0.0	288136.0	300080.0	2400.0	2400.0	40.2	63.7	59.0	72.5
2016-09-27	300896.0	11944.0	0.0	286168.0	298112.0	2400.0	2400.0	39.5	62.8	59.4	73.3
2016-10-04	303544.0	11944.0	0.0	288816.0	300760.0	2400.0	2400.0	40.4	66.1	61.7	76.7
2016-10-11	289992.0	12328.0	0.0	277664.0	289992.0	0.0	0.0	42.4	67.7	64.0	79.1
2016-10-18	290728.0	12328.0	0.0	278400.0	290728.0	0.0	0.0	47.1	72.1	68.7	83.6
2016-10-25	295736.0	11920.0	0.0	283816.0	295736.0	0.0	0.0	51.7	74.5	72.9	85.8
2016-11-01	301952.0	11920.0	0.0	290032.0	301952.0	0.0	0.0	51.1	73.2	71.9	84.6
2016-11-08	296416.0	9064.0	0.0	287352.0	296416.0	0.0	0.0	55.5	74.1	76.2	86.6
2016-11-15	293672.0	9064.0	0.0	284608.0	293672.0	0.0	0.0	53.8	73.7	74.2	86.2
2016-11-22	290440.0	9064.0	0.0	281376.0	290440.0	0.0	0.0	52.6	74.6	72.5	85.8
2016-11-29	292496.0	13744.0	0.0	278752.0	292496.0	0.0	0.0	51.2	67.5	65.5	78.8
2016-12-06	314224.0	13744.0	0.0	300480.0	314224.0	0.0	0.0	51.6	68.0	64.8	75.9
2016-12-13	314464.0	11824.0	0.0	302640.0	314464.0	0.0	0.0	55.0	67.4	67.5	76.6
2016-12-20	309752.0	11824.0	0.0	297928.0	309752.0	0.0	0.0	53.3	67.1	65.9	76.0
2016-12-27	313272.0	13024.0	0.0	300248.0	313272.0	0.0	0.0	52.3	67.5	64.7	76.0
2017-01-03	327760.0	18120.0	0.0	309640.0	327760.0	0.0	0.0	51.4	63.8	63.3	73.7
2017-01-10	321344.0	14568.0	0.0	306040.0	320608.0	0.0	0.0	52.4	62.1	63.3	71.3
2017-01-17	320496.0	15272.0	0.0	304488.0	319760.0	0.0	0.0	52.2	62.3	63.1	71.6
2017-01-24	320904.0	15624.0	0.0	304544.0	320168.0	0.0	0.0	52.0	63.4	62.9	72.8
2017-01-31	323200.0	18024.0	0.0	304440.0	322464.0	0.0	0.0	51.5	63.1	63.1	72.9
