2013-11-26	328350.0	1000.0	0.0	327350.0	328350.0	0.0	0.0	64.4	78.4	81.5	91.5
2013-12-03	336750.0	2050.0	0.0	334700.0	336750.0	0.0	0.0	64.4	76.7	81.0	91.1
2013-12-10	306850.0	1050.0	0.0	305800.0	306850.0	0.0	0.0	65.4	76.6	85.0	89.8
2013-12-17	331450.0	1050.0	0.0	330400.0	331450.0	0.0	0.0	69.3	81.8	89.0	95.7
2013-12-24	342050.0	4250.0	0.0	337800.0	342050.0	0.0	0.0	68.9	82.3	88.4	95.8
2014-01-07	362500.0	9500.0	0.0	353000.0	362500.0	0.0	0.0	66.2	81.2	84.9	94.5
2014-01-14	335125.0	10600.0	0.0	324525.0	335125.0	0.0	0.0	69.2	83.0	88.6	95.5
2014-01-21	335125.0	10600.0	0.0	324525.0	335125.0	0.0	0.0	69.2	83.0	88.6	95.5
2014-01-28	336125.0	10600.0	0.0	325525.0	336125.0	0.0	0.0	66.0	83.3	85.3	95.4
2014-02-04	340875.0	10600.0	0.0	330275.0	340875.0	0.0	0.0	64.2	82.8	83.2	94.7
2014-02-11	316275.0	8400.0	0.0	307875.0	316275.0	0.0	0.0	62.8	78.2	85.5	93.4
2014-02-18	323200.0	8400.0	0.0	314800.0	323200.0	0.0	0.0	60.8	77.5	84.3	93.7
2014-02-25	329710.0	8400.0	0.0	321310.0	329710.0	0.0	0.0	59.7	76.1	83.3	92.9
2014-03-04	332860.0	8400.0	0.0	324460.0	332860.0	0.0	0.0	59.1	75.3	81.9	92.3
2014-03-11	284460.0	6400.0	1100.0	278060.0	283360.0	0.0	0.0	60.1	76.4	83.1	92.1
2014-03-18	302045.0	7450.0	9900.0	294595.0	292145.0	0.0	0.0	56.1	72.0	77.3	86.9
2014-03-25	322245.0	7450.0	15150.0	314795.0	307095.0	0.0	0.0	58.6	67.5	78.4	83.4
2014-04-01	336245.0	7450.0	17200.0	328795.0	319045.0	0.0	0.0	59.0	65.0	78.9	82.5
2014-04-08	287635.0	5350.0	24550.0	282285.0	263085.0	0.0	0.0	61.6	66.4	81.2	84.5
2014-04-15	297760.0	11750.0	24550.0	286010.0	273210.0	0.0	0.0	54.0	63.1	72.8	79.8
2014-04-22	307210.0	12800.0	31900.0	294410.0	275310.0	0.0	0.0	54.7	63.5	72.9	79.8
2014-04-29	15235.0	750.0	1500.0	14475.0	13735.0	10.0	0.0	56.6	60.1	72.0	76.3
2014-05-06	15585.0	750.0	1600.0	14825.0	13985.0	10.0	0.0	49.9	58.5	68.6	74.4
2014-05-13	15280.0	700.0	1300.0	14570.0	13980.0	10.0	0.0	53.6	51.9	67.0	66.3
2014-05-20	17365.0	1050.0	1300.0	16305.0	15765.0	10.0	300.0	51.5	45.6	68.2	62.6
2014-05-27	17500.0	1050.0	1400.0	16450.0	16090.0	0.0	10.0	49.4	45.9	66.0	62.3
2014-06-03	18050.0	1450.0	1400.0	16570.0	16585.0	30.0	65.0	47.6	44.5	63.7	59.6
2014-06-10	17435.0	1250.0	1350.0	16185.0	16075.0	0.0	10.0	49.0	40.7	66.1	58.2
2014-06-17	17785.0	1250.0	1650.0	16535.0	16125.0	0.0	10.0	48.6	41.0	65.3	57.2
2014-06-24	18885.0	1250.0	1650.0	17635.0	17225.0	0.0	10.0	45.0	44.7	62.0	60.9
2014-07-01	19865.0	1360.0	1650.0	18505.0	18205.0	0.0	10.0	46.3	42.7	62.5	60.4
2014-07-08	19865.0	1360.0	1650.0	18505.0	18205.0	0.0	10.0	46.3	42.7	62.5	60.4
2014-07-15	16760.0	1310.0	1000.0	15450.0	15700.0	0.0	60.0	44.4	41.2	61.5	57.7
2014-07-22	17220.0	840.0	1100.0	16360.0	16040.0	0.0	60.0	42.4	41.4	58.3	56.7
2014-07-29	19035.0	1040.0	1100.0	17735.0	17855.0	240.0	60.0	43.1	42.7	56.8	58.2
2014-08-05	19590.0	1040.0	1300.0	18290.0	18210.0	240.0	60.0	41.4	40.5	54.7	55.5
2014-08-12	19595.0	930.0	1100.0	18405.0	18415.0	240.0	60.0	42.7	38.7	53.1	53.0
2014-08-19	19895.0	980.0	200.0	18655.0	19675.0	240.0	0.0	42.1	38.4	51.9	51.9
2014-08-26	19895.0	1030.0	200.0	18605.0	19675.0	240.0	0.0	42.3	38.4	52.4	51.6
2014-09-02	19850.0	1030.0	200.0	18560.0	19630.0	240.0	0.0	42.4	38.6	52.5	52.5
2014-09-09	17515.0	770.0	200.0	16475.0	17285.0	240.0	0.0	44.1	44.0	55.0	57.0
2014-09-16	17960.0	620.0	200.0	16970.0	17630.0	240.0	0.0	42.4	44.3	53.1	57.1
2014-09-23	18530.0	500.0	330.0	17640.0	18050.0	240.0	0.0	42.5	43.1	53.6	54.3
2014-09-30	19270.0	0.0	360.0	18880.0	18760.0	240.0	0.0	40.8	44.2	52.9	54.0
2014-10-07	19300.0	90.0	250.0	18910.0	18990.0	240.0	0.0	39.2	42.4	52.0	53.7
2014-10-14	17020.0	90.0	50.0	16630.0	16810.0	240.0	100.0	40.4	46.6	54.6	58.4
2014-10-21	17245.0	290.0	50.0	16675.0	17055.0	240.0	100.0	40.0	46.0	52.8	58.4
2014-10-28	17640.0	290.0	100.0	17070.0	17400.0	240.0	100.0	41.8	45.0	55.2	57.7
2014-11-04	20115.0	190.0	125.0	19645.0	19725.0	240.0	225.0	45.9	49.4	59.8	61.7
2014-11-11	17865.0	90.0	75.0	17495.0	17670.0	240.0	80.0	49.1	50.5	62.5	63.2
2014-11-18	18110.0	0.0	75.0	17870.0	17975.0	240.0	60.0	48.4	51.6	62.9	64.9
2014-11-25	18210.0	0.0	75.0	17970.0	18075.0	240.0	60.0	49.3	48.6	63.0	61.9
2014-12-02	18360.0	0.0	185.0	18120.0	18175.0	240.0	0.0	48.9	48.2	62.6	61.1
2014-12-09	17700.0	0.0	210.0	17460.0	17490.0	240.0	0.0	50.5	51.1	67.8	64.5
2014-12-16	18170.0	0.0	310.0	17930.0	17860.0	240.0	0.0	56.4	55.0	73.2	69.5
2014-12-23	19120.0	0.0	210.0	18880.0	18910.0	240.0	0.0	53.6	55.8	73.4	70.7
2014-12-30	19370.0	0.0	210.0	19130.0	19160.0	240.0	0.0	53.4	55.5	72.9	70.0
2015-01-06	19920.0	0.0	460.0	19680.0	19460.0	240.0	0.0	51.9	54.0	71.7	67.7
2015-01-13	17945.0	0.0	460.0	17945.0	17485.0	0.0	0.0	55.1	59.1	75.5	74.3
2015-01-20	18145.0	0.0	460.0	18145.0	17685.0	0.0	0.0	55.1	58.4	75.2	73.7
2015-01-27	18655.0	0.0	460.0	18655.0	18195.0	0.0	0.0	53.6	56.5	73.1	71.5
2015-02-03	18725.0	0.0	460.0	18725.0	18265.0	0.0	0.0	53.4	55.9	73.0	70.0
2015-02-10	16860.0	0.0	150.0	16860.0	16710.0	0.0	0.0	50.1	54.7	69.5	68.1
2015-02-17	17700.0	350.0	450.0	17100.0	17000.0	0.0	0.0	47.7	52.1	63.7	64.9
2015-02-24	18850.0	900.0	450.0	17650.0	18100.0	0.0	0.0	45.0	51.9	62.0	64.1
2015-03-03	20925.0	850.0	525.0	19725.0	20050.0	0.0	0.0	49.2	52.6	64.9	66.3
2015-03-10	19770.0	960.0	525.0	18570.0	19005.0	0.0	0.0	46.3	57.9	62.6	70.9
2015-03-17	20020.0	960.0	525.0	18820.0	19255.0	0.0	0.0	45.5	55.9	61.5	68.8
2015-03-24	20965.0	960.0	525.0	19765.0	20200.0	0.0	0.0	43.4	50.3	58.0	61.7
2015-03-31	21775.0	960.0	525.0	20575.0	21010.0	0.0	0.0	42.0	46.4	56.1	59.4
2015-04-07	22680.0	960.0	525.0	21460.0	21915.0	20.0	0.0	40.0	46.1	53.9	58.9
2015-04-14	21810.0	1060.0	525.0	20550.0	21145.0	60.0	0.0	40.3	46.1	54.6	58.7
2015-04-21	22515.0	1060.0	525.0	21255.0	21850.0	60.0	0.0	39.1	45.3	54.4	58.0
2015-04-28	24215.0	1060.0	575.0	22955.0	23500.0	60.0	0.0	38.6	44.4	56.1	57.8
2015-05-05	23895.0	1060.0	575.0	22635.0	23180.0	60.0	0.0	39.5	43.5	57.3	57.2
2015-05-12	22730.0	1060.0	500.0	21290.0	22010.0	240.0	80.0	43.9	44.0	61.8	60.1
2015-05-19	23450.0	1060.0	500.0	22010.0	22730.0	240.0	80.0	44.2	44.3	61.6	62.0
2015-05-26	23935.0	1060.0	500.0	22515.0	23215.0	220.0	80.0	44.1	43.8	61.1	60.3
2015-06-02	23995.0	1060.0	500.0	22575.0	23275.0	220.0	80.0	44.4	44.0	61.3	59.9
2015-06-09	21355.0	1160.0	450.0	19940.0	20795.0	215.0	70.0	48.6	49.1	66.4	65.8
2015-06-16	21355.0	1160.0	450.0	19940.0	20795.0	215.0	70.0	48.6	49.1	66.4	65.8
2015-06-23	21410.0	1160.0	450.0	20175.0	20920.0	35.0	0.0	48.5	48.3	66.3	64.2
2015-06-30	21500.0	1160.0	450.0	20265.0	21010.0	35.0	0.0	48.3	48.4	66.0	65.4
2015-07-07	22025.0	1160.0	450.0	20790.0	21535.0	35.0	0.0	49.9	52.2	67.1	68.9
2015-07-14	20165.0	1170.0	350.0	18935.0	19785.0	30.0	0.0	49.7	53.1	67.3	69.8
2015-07-21	19865.0	1170.0	350.0	18635.0	19485.0	30.0	0.0	50.5	55.1	68.3	70.8
2015-07-28	20145.0	1170.0	350.0	18915.0	19750.0	30.0	15.0	49.8	54.9	67.4	70.2
2015-08-04	20445.0	1170.0	350.0	19215.0	20065.0	30.0	0.0	48.8	54.8	66.2	70.9
2015-08-11	17900.0	1180.0	225.0	16635.0	17600.0	65.0	55.0	52.5	55.4	70.5	73.4
2015-08-18	18000.0	1180.0	225.0	16760.0	17700.0	40.0	55.0	51.9	55.4	69.9	73.3
2015-08-25	18555.0	1180.0	225.0	17330.0	18270.0	25.0	40.0	50.4	53.6	66.8	72.1
2015-09-01	19185.0	1180.0	325.0	17985.0	18800.0	0.0	40.0	52.1	54.1	68.0	72.5
2015-09-08	19435.0	1180.0	525.0	18235.0	18850.0	0.0	40.0	51.4	53.4	67.4	71.7
2015-09-15	16885.0	0.0	400.0	16885.0	16435.0	0.0	50.0	54.3	57.7	68.4	73.8
2015-09-22	18040.0	0.0	800.0	18040.0	17190.0	0.0	50.0	50.0	54.5	65.9	69.6
2015-09-29	18390.0	0.0	800.0	18390.0	17540.0	0.0	50.0	50.0	54.6	66.0	70.8
2015-10-06	18995.0	0.0	750.0	18995.0	18195.0	0.0	50.0	52.4	59.5	69.4	75.5
2015-10-13	17610.0	0.0	650.0	17610.0	16920.0	0.0	40.0	55.9	60.9	72.1	77.3
2015-10-20	18700.0	0.0	650.0	18700.0	18010.0	0.0	40.0	54.9	57.6	71.2	72.5
2015-10-27	18835.0	0.0	650.0	18835.0	18145.0	0.0	40.0	54.6	58.4	70.2	72.9
2015-11-03	18835.0	0.0	650.0	18835.0	18145.0	0.0	40.0	54.3	58.9	70.2	73.7
2015-11-10	17665.0	0.0	550.0	17665.0	16975.0	0.0	140.0	52.3	55.3	67.6	70.4
2015-11-17	18815.0	0.0	550.0	18815.0	18125.0	0.0	140.0	50.1	49.7	65.1	65.3
2015-11-24	18815.0	0.0	550.0	18815.0	18125.0	0.0	140.0	50.1	50.4	65.2	66.0
2015-12-01	18955.0	0.0	550.0	18955.0	18265.0	0.0	140.0	50.5	50.0	65.5	65.5
2015-12-08	18435.0	0.0	500.0	18435.0	17815.0	0.0	120.0	53.1	47.1	68.2	65.1
2015-12-15	19650.0	0.0	500.0	19645.0	19015.0	5.0	135.0	49.3	50.1	67.9	66.4
2015-12-22	22050.0	0.0	500.0	22045.0	21415.0	5.0	135.0	47.0	52.8	67.8	67.3
2015-12-29	22050.0	0.0	500.0	22045.0	21415.0	5.0	135.0	47.0	52.8	67.8	67.3
2016-01-05	22175.0	0.0	500.0	22170.0	21540.0	5.0	135.0	47.1	53.0	67.8	67.8
2016-01-12	20320.0	0.0	350.0	20320.0	19835.0	0.0	135.0	52.4	60.2	73.9	73.5
2016-01-19	20720.0	0.0	350.0	20720.0	20235.0	0.0	135.0	52.4	60.4	73.4	72.6
2016-01-26	20935.0	0.0	350.0	20935.0	20465.0	0.0	120.0	51.9	59.8	72.8	72.2
2016-02-02	24960.0	0.0	350.0	24960.0	24490.0	0.0	120.0	59.8	63.8	76.6	74.2
2016-02-09	24665.0	0.0	200.0	24665.0	24345.0	0.0	120.0	59.5	59.9	78.5	75.8
2016-02-16	25590.0	0.0	200.0	25590.0	25270.0	0.0	120.0	59.2	60.0	77.5	75.8
2016-02-23	26075.0	0.0	250.0	26075.0	25705.0	0.0	120.0	57.7	55.4	72.3	72.4
2016-03-01	26580.0	0.0	350.0	26580.0	26110.0	0.0	120.0	56.4	54.0	72.1	72.1
2016-03-08	25831.0	0.0	200.0	25831.0	25511.0	0.0	120.0	54.1	50.3	69.1	70.6
2016-03-15	26456.0	0.0	650.0	26456.0	25806.0	0.0	0.0	53.1	49.2	69.0	69.2
2016-03-22	26256.0	0.0	650.0	26256.0	25606.0	0.0	0.0	52.7	49.5	68.7	69.7
2016-03-29	26856.0	0.0	650.0	26856.0	26206.0	0.0	0.0	51.5	49.9	67.2	69.8
2016-04-05	27226.0	0.0	650.0	27226.0	26576.0	0.0	0.0	52.6	49.2	68.0	70.6
2016-04-12	25716.0	0.0	625.0	25716.0	25091.0	0.0	0.0	52.3	48.0	67.9	68.6
2016-04-19	25816.0	0.0	625.0	25816.0	25191.0	0.0	0.0	52.3	48.2	67.8	68.8
2016-04-26	26546.0	0.0	775.0	26546.0	25771.0	0.0	0.0	51.1	49.4	68.4	69.6
2016-05-03	25531.0	0.0	775.0	25531.0	24756.0	0.0	0.0	46.3	47.8	66.4	68.3
2016-05-10	25021.0	350.0	700.0	24671.0	24316.0	0.0	5.0	44.8	41.8	59.8	57.1
2016-05-17	25746.0	350.0	1300.0	25396.0	24441.0	0.0	5.0	36.8	41.6	55.0	55.7
2016-05-24	26721.0	350.0	1300.0	26371.0	25416.0	0.0	5.0	36.7	40.4	53.7	54.2
2016-05-31	27446.0	250.0	1300.0	27196.0	26141.0	0.0	5.0	36.4	39.7	54.7	53.9
2016-06-07	27361.0	250.0	1300.0	26761.0	26006.0	350.0	55.0	35.7	39.4	52.9	54.8
2016-06-14	26031.0	250.0	1250.0	25781.0	24661.0	0.0	120.0	37.9	38.8	57.5	54.2
2016-06-21	27041.0	250.0	1250.0	26791.0	25671.0	0.0	120.0	40.0	39.6	58.1	54.8
2016-06-28	27756.0	350.0	1550.0	27406.0	26071.0	0.0	135.0	39.2	41.5	56.1	55.2
2016-07-05	28831.0	350.0	1850.0	28481.0	26846.0	0.0	135.0	40.5	43.1	57.5	56.2
2016-07-12	26332.0	350.0	1700.0	23437.0	24317.0	2545.0	315.0	39.5	48.5	54.2	61.4
2016-07-19	26482.0	350.0	1700.0	26132.0	24647.0	0.0	135.0	42.3	48.6	61.1	61.3
2016-07-26	33042.0	350.0	1700.0	32692.0	31207.0	0.0	135.0	51.1	60.1	68.6	69.1
2016-08-02	33812.0	350.0	1700.0	33462.0	31977.0	0.0	135.0	52.5	60.9	69.2	69.8
2016-08-09	31011.0	300.0	1550.0	30711.0	29341.0	0.0	120.0	52.5	64.7	71.2	72.9
2016-08-16	31355.0	300.0	1550.0	31055.0	29685.0	0.0	120.0	52.0	64.2	69.5	72.0
2016-08-23	34522.0	450.0	1550.0	34072.0	32852.0	0.0	120.0	49.0	67.6	65.9	76.4
2016-08-30	35917.0	450.0	1625.0	35467.0	34172.0	0.0	120.0	48.8	68.9	64.9	76.7
2016-09-06	37670.0	450.0	1625.0	37150.0	35925.0	70.0	120.0	49.3	69.1	65.8	76.7
2016-09-13	35119.0	350.0	1475.0	34239.0	33524.0	530.0	120.0	44.9	71.9	61.5	79.7
2016-09-20	35149.0	350.0	1475.0	34209.0	33554.0	590.0	120.0	45.5	73.4	64.2	81.0
2016-09-27	35953.0	250.0	1475.0	35063.0	34308.0	590.0	120.0	47.8	73.0	66.0	80.5
2016-10-04	37536.0	300.0	1475.0	36646.0	35941.0	590.0	120.0	45.4	71.9	67.8	79.1
2016-10-11	37112.0	250.0	1300.0	36286.0	35692.0	576.0	120.0	47.5	72.0	72.2	81.5
2016-10-18	37262.0	250.0	1300.0	36436.0	35842.0	576.0	120.0	47.6	71.7	71.6	81.2
2016-10-25	37847.0	250.0	1350.0	37021.0	36377.0	576.0	120.0	47.9	73.0	71.4	83.2
2016-11-01	39347.0	250.0	1350.0	38521.0	37877.0	576.0	120.0	49.8	73.3	72.4	83.0
2016-11-08	37137.0	200.0	1100.0	36375.0	35917.0	562.0	120.0	53.1	74.3	76.2	83.2
2016-11-15	38692.0	200.0	1100.0	37930.0	37592.0	562.0	0.0	52.0	73.3	74.0	82.3
2016-11-22	38827.0	200.0	1100.0	38005.0	37727.0	622.0	0.0	51.9	72.8	73.8	81.9
2016-11-29	39452.0	150.0	1100.0	38620.0	38352.0	682.0	0.0	50.9	72.4	73.0	81.5
2016-12-06	39817.0	100.0	1100.0	38985.0	38667.0	682.0	0.0	49.1	72.4	74.2	81.8
2016-12-13	38546.0	0.0	975.0	38226.0	37521.0	270.0	0.0	48.7	70.8	73.8	79.0
2016-12-20	38641.0	100.0	975.0	38211.0	37616.0	280.0	0.0	48.8	70.4	71.8	78.4
2016-12-27	38511.0	0.0	925.0	38181.0	37536.0	280.0	0.0	49.4	69.3	71.0	77.4
2017-01-03	39821.0	0.0	925.0	39491.0	38846.0	280.0	0.0	49.3	66.8	67.9	73.2
2017-01-10	36781.0	0.0	750.0	36501.0	35911.0	280.0	120.0	46.6	68.2	65.4	73.7
2017-01-17	36431.0	0.0	750.0	36106.0	35561.0	325.0	120.0	48.0	67.8	67.4	76.1
2017-01-24	37201.0	50.0	760.0	37151.0	36321.0	0.0	120.0	46.5	62.2	63.5	68.9
2017-01-31	37249.0	0.0	760.0	37244.0	36367.0	5.0	122.0	45.5	63.0	64.7	70.7
