2013-11-26	210320.0	3650.0	0.0	206670.0	210320.0	0.0	0.0	45.3	33.5	56.4	51.8
2013-12-03	210320.0	3650.0	0.0	206670.0	210320.0	0.0	0.0	45.0	33.5	56.1	51.5
2013-12-10	197020.0	3150.0	0.0	193870.0	197020.0	0.0	0.0	48.0	37.8	59.6	57.2
2013-12-17	197020.0	3150.0	0.0	193870.0	197020.0	0.0	0.0	48.0	37.8	59.6	57.2
2013-12-24	197020.0	3150.0	0.0	193870.0	197020.0	0.0	0.0	48.0	37.8	59.6	57.2
2014-01-07	203370.0	3150.0	0.0	200220.0	203370.0	0.0	0.0	48.1	37.2	60.8	58.5
2014-01-14	187725.0	2625.0	0.0	185100.0	187725.0	0.0	0.0	51.1	42.1	65.0	65.3
2014-01-21	191550.0	2625.0	0.0	188925.0	191550.0	0.0	0.0	50.1	41.7	64.9	66.0
2014-01-28	192750.0	2625.0	0.0	190125.0	192750.0	0.0	0.0	49.8	40.9	64.2	65.0
2014-02-04	193355.0	2625.0	0.0	190730.0	193355.0	0.0	0.0	49.6	40.8	64.0	64.8
2014-02-11	191876.0	2625.0	0.0	189251.0	191876.0	0.0	0.0	46.9	42.9	60.9	66.0
2014-02-18	192951.0	2625.0	0.0	190326.0	192951.0	0.0	0.0	46.6	42.6	61.1	66.2
2014-02-25	199351.0	2625.0	0.0	196726.0	199351.0	0.0	0.0	45.1	41.2	60.1	64.2
2014-03-04	205936.0	2100.0	0.0	203311.0	205411.0	0.0	0.0	43.7	41.9	58.6	65.0
2014-03-11	197746.0	1050.0	0.0	195121.0	196171.0	0.0	0.0	43.0	42.4	58.3	65.4
2014-03-18	198846.0	1050.0	0.0	196221.0	197271.0	0.0	0.0	42.2	41.6	57.4	64.5
2014-03-25	206812.0	1050.0	0.0	204187.0	205237.0	0.0	0.0	44.3	40.0	58.6	64.7
2014-04-01	207362.0	830.0	0.0	204737.0	205567.0	0.0	0.0	44.2	40.1	58.5	64.4
2014-04-08	203280.0	1355.0	0.0	200655.0	202010.0	0.0	0.0	44.6	42.4	58.7	65.2
2014-04-15	203280.0	1355.0	0.0	200655.0	202010.0	0.0	0.0	44.6	42.4	58.7	65.2
2014-04-22	203280.0	1355.0	0.0	200655.0	202010.0	0.0	0.0	44.6	42.4	58.7	65.2
2014-04-29	9836.0	65.0	0.0	9131.0	9456.0	580.0	320.0	43.1	39.2	56.6	61.3
2014-05-06	10491.0	365.0	0.0	9346.0	10131.0	720.0	300.0	40.6	43.3	57.0	62.5
2014-05-13	9921.0	375.0	0.0	8666.0	9591.0	830.0	280.0	40.6	47.2	58.3	65.2
2014-05-20	10286.0	375.0	0.0	9031.0	9976.0	830.0	260.0	39.6	45.9	56.6	63.0
2014-05-27	10296.0	375.0	0.0	9161.0	10016.0	710.0	230.0	39.5	46.4	56.5	63.2
2014-06-03	10346.0	275.0	0.0	9261.0	10016.0	710.0	230.0	39.8	46.2	56.0	62.9
2014-06-10	10404.0	0.0	50.0	9359.0	9659.0	670.0	320.0	41.9	45.0	56.9	60.4
2014-06-17	10404.0	0.0	75.0	9359.0	9634.0	670.0	320.0	41.9	45.0	56.9	60.3
2014-06-24	10649.0	0.0	135.0	9604.0	9999.0	670.0	140.0	41.0	43.9	55.7	58.9
2014-07-01	10859.0	0.0	160.0	9814.0	10184.0	670.0	140.0	41.0	42.9	57.2	60.3
2014-07-08	11284.0	0.0	185.0	10239.0	10584.0	670.0	140.0	41.6	48.2	60.3	66.0
2014-07-15	11387.0	0.0	535.0	10772.0	10457.0	240.0	20.0	42.8	45.8	61.0	64.7
2014-07-22	12262.0	0.0	535.0	11647.0	11092.0	240.0	260.0	46.1	47.7	61.0	63.1
2014-07-29	12187.0	0.0	535.0	11572.0	11017.0	240.0	260.0	46.4	46.5	60.4	61.5
2014-08-05	13227.0	0.0	1135.0	12612.0	11457.0	240.0	260.0	45.2	46.8	61.4	61.7
2014-08-12	13585.0	0.0	1010.0	12955.0	11960.0	255.0	240.0	45.2	45.0	59.4	58.8
2014-08-19	13970.0	0.0	1010.0	13340.0	12585.0	255.0	0.0	44.9	41.6	60.6	58.8
2014-08-26	14265.0	0.0	1010.0	13640.0	12860.0	250.0	20.0	45.2	42.9	61.3	59.7
2014-09-02	14400.0	0.0	1010.0	13775.0	12995.0	250.0	20.0	44.6	43.5	60.2	60.2
2014-09-09	14008.0	0.0	875.0	13398.0	12318.0	235.0	440.0	45.0	44.2	60.8	59.7
2014-09-16	13568.0	0.0	635.0	12938.0	12118.0	255.0	440.0	42.1	45.0	58.2	61.3
2014-09-23	13838.0	0.0	635.0	13213.0	12548.0	250.0	280.0	42.1	44.2	61.8	60.1
2014-09-30	13913.0	0.0	685.0	13288.0	12573.0	250.0	280.0	41.3	43.3	60.9	60.0
2014-10-07	13913.0	0.0	685.0	13278.0	12573.0	260.0	280.0	41.5	43.7	61.1	60.5
2014-10-14	13361.0	0.0	700.0	12716.0	12041.0	285.0	260.0	41.7	44.8	61.9	61.8
