2012-10-16	1768181.0	288862.0	25064.0	1435708.0	1699506.0	0.0	0.0	42.3	57.1	58.9	67.5
2012-10-23	1788623.0	292543.0	20704.0	1450596.0	1722435.0	0.0	0.0	41.8	56.2	59.0	66.8
2012-10-30	1772302.0	287503.0	23104.0	1441260.0	1706044.0	385.0	0.0	40.4	55.3	58.2	67.0
2012-11-06	1730075.0	306371.0	23538.0	1381128.0	1663961.0	0.0	0.0	40.8	54.8	57.8	68.0
2012-11-13	1715893.0	299015.0	19835.0	1373838.0	1653018.0	0.0	0.0	41.4	53.4	57.2	67.6
2012-11-20	1735220.0	307823.0	21425.0	1386260.0	1673082.0	424.0	0.0	40.5	51.5	56.5	64.5
2012-11-27	1714492.0	317001.0	20257.0	1355195.0	1651939.0	0.0	0.0	40.7	51.1	57.0	63.9
2012-12-04	1695992.0	283070.0	45546.0	1364865.0	1602389.0	0.0	0.0	39.7	50.7	56.1	61.1
2012-12-11	1652364.0	281883.0	44062.0	1329816.0	1567637.0	0.0	0.0	42.0	53.3	58.3	63.8
2012-12-18	1670594.0	286863.0	54924.0	1340641.0	1577260.0	4680.0	0.0	40.4	52.0	55.8	63.1
2012-12-24	1665990.0	291467.0	56804.0	1333697.0	1568360.0	0.0	0.0	40.5	51.0	56.1	62.5
2012-12-31	1674564.0	300427.0	62731.0	1335271.0	1572967.0	0.0	0.0	40.3	50.1	57.0	62.1
2013-01-08	1588593.0	295138.0	61795.0	1255837.0	1489180.0	0.0	0.0	41.2	51.1	58.8	64.7
2013-01-15	1607461.0	293622.0	60531.0	1274317.0	1507408.0	0.0	0.0	40.2	49.8	58.3	63.6
2013-01-22	1609350.0	295272.0	62425.0	1269460.0	1502307.0	0.0	0.0	39.7	49.5	58.1	63.2
2013-01-29	1631473.0	309363.0	66393.0	1281412.0	1524382.0	0.0	0.0	37.9	48.2	57.6	61.8
2013-02-05	1657563.0	302690.0	65653.0	1303279.0	1542668.0	2352.0	0.0	35.4	44.4	54.9	60.5
2013-02-12	1591969.0	286692.0	62958.0	1260844.0	1484578.0	0.0	0.0	34.5	43.2	54.3	59.9
2013-02-19	1592197.0	272593.0	53858.0	1274355.0	1493090.0	0.0	0.0	33.4	42.8	53.8	58.2
2013-02-26	1601360.0	262086.0	50331.0	1295312.0	1507067.0	0.0	0.0	33.4	42.3	53.3	57.6
2013-03-05	1628843.0	278572.0	53844.0	1303781.0	1530621.0	2112.0	0.0	33.8	38.4	53.9	53.9
2013-03-12	1559127.0	271608.0	46536.0	1241451.0	1466523.0	0.0	0.0	32.0	38.1	52.9	53.7
2013-03-19	1603260.0	282222.0	53452.0	1276442.0	1505212.0	0.0	0.0	33.4	40.0	50.7	53.8
2013-03-26	1616770.0	285089.0	53589.0	1287142.0	1518642.0	0.0	0.0	34.0	39.3	50.3	53.1
2013-04-02	1640034.0	276046.0	58759.0	1318737.0	1536024.0	0.0	0.0	35.3	38.1	51.0	52.1
2013-04-09	1568384.0	274949.0	49137.0	1246234.0	1472046.0	0.0	0.0	35.8	38.7	51.7	52.8
2013-04-16	1588311.0	268013.0	43222.0	1270357.0	1495148.0	0.0	0.0	37.0	38.2	52.3	52.6
2013-04-23	1658406.0	257932.0	49408.0	1349477.0	1558001.0	0.0	0.0	39.8	38.1	52.8	51.9
2013-04-30	1681825.0	273184.0	47409.0	1360668.0	1586443.0	0.0	0.0	39.8	35.4	52.6	49.9
2013-05-07	1664575.0	262873.0	51613.0	1356432.0	1567692.0	0.0	0.0	39.9	33.6	52.2	48.3
2013-05-14	1669203.0	239729.0	46933.0	1380189.0	1572985.0	0.0	0.0	39.9	33.5	52.7	47.9
2013-05-21	1675501.0	235049.0	46999.0	1392391.0	1580441.0	0.0	0.0	40.1	32.9	52.6	47.0
2013-05-28	1689441.0	241506.0	45455.0	1396266.0	1592317.0	0.0	0.0	38.5	33.3	51.0	46.8
2013-06-11	1663645.0	225391.0	36569.0	1375496.0	1564670.0	352.0	0.0	37.5	32.6	49.0	46.8
2013-06-18	1661715.0	229248.0	38139.0	1377068.0	1568529.0	352.0	0.0	38.6	35.2	50.2	48.8
2013-06-25	1698006.0	252844.0	57628.0	1404988.0	1600204.0	0.0	0.0	39.3	36.1	52.1	49.3
2013-07-02	1722356.0	243710.0	51028.0	1433152.0	1625834.0	0.0	0.0	39.1	34.4	51.3	46.0
2013-07-09	1697288.0	236907.0	48586.0	1412551.0	1600872.0	0.0	0.0	38.8	37.1	51.2	48.5
