2013-11-26	654095.0	0.0	0.0	654095.0	654095.0	0.0	0.0	69.0	87.2	78.6	91.7
2013-12-03	654095.0	0.0	0.0	654095.0	654095.0	0.0	0.0	69.0	87.2	78.6	91.7
2013-12-10	613745.0	0.0	0.0	613745.0	613745.0	0.0	0.0	72.0	87.8	81.6	91.8
2013-12-17	631895.0	0.0	0.0	631895.0	631895.0	0.0	0.0	70.0	88.0	79.7	92.2
2013-12-24	648355.0	0.0	0.0	648355.0	648355.0	0.0	0.0	69.2	87.4	79.8	92.3
2014-01-07	611750.0	0.0	0.0	611750.0	611750.0	0.0	0.0	71.8	87.8	82.9	92.9
2014-01-14	641040.0	0.0	0.0	641040.0	641040.0	0.0	0.0	72.5	85.6	83.4	92.6
2014-01-21	648275.0	0.0	0.0	648275.0	648275.0	0.0	0.0	71.1	85.0	81.9	90.7
2014-01-28	664875.0	0.0	0.0	664875.0	664875.0	0.0	0.0	70.3	83.1	81.2	89.8
2014-02-04	680775.0	0.0	0.0	680775.0	680775.0	0.0	0.0	68.5	82.3	79.6	89.7
2014-02-11	614515.0	0.0	0.0	614515.0	614515.0	0.0	0.0	68.2	83.9	79.7	89.6
2014-02-18	625015.0	0.0	0.0	625015.0	625015.0	0.0	0.0	67.8	83.1	79.0	89.8
2014-02-25	635195.0	0.0	0.0	635195.0	635195.0	0.0	0.0	67.7	82.5	78.6	89.0
2014-03-04	642120.0	0.0	0.0	642120.0	642120.0	0.0	0.0	67.5	81.8	78.4	89.1
2014-03-11	556795.0	0.0	0.0	556795.0	556795.0	0.0	0.0	69.8	83.4	81.1	88.2
2014-03-18	560095.0	0.0	0.0	560095.0	560095.0	0.0	0.0	69.7	83.6	81.0	88.5
2014-03-25	653310.0	0.0	0.0	653310.0	653310.0	0.0	0.0	69.5	87.6	81.7	91.2
2014-04-01	682160.0	0.0	1100.0	682160.0	681060.0	0.0	0.0	70.5	87.6	82.1	91.4
2014-04-08	615220.0	0.0	1100.0	615220.0	614120.0	0.0	0.0	71.1	86.4	81.9	90.1
2014-04-15	628015.0	0.0	1100.0	628015.0	626915.0	0.0	0.0	70.0	86.9	79.6	89.3
2014-04-22	710730.0	0.0	1100.0	710730.0	709630.0	0.0	0.0	67.6	88.7	80.5	90.9
2014-04-29	35800.0	50.0	50.0	35750.0	35750.0	0.0	0.0	64.4	87.5	76.8	89.7
2014-05-06	34845.0	500.0	50.0	34345.0	34795.0	0.0	0.0	58.8	86.4	75.3	89.1
2014-05-13	41035.0	500.0	50.0	40535.0	40985.0	0.0	0.0	59.4	89.5	76.3	91.8
2014-05-20	40200.0	500.0	50.0	39700.0	40150.0	0.0	0.0	56.7	85.7	71.7	88.4
2014-05-27	42385.0	500.0	35.0	41870.0	42335.0	0.0	0.0	57.0	87.1	72.6	90.1
2014-06-03	42720.0	500.0	35.0	42205.0	42670.0	0.0	0.0	56.6	87.1	72.3	90.0
2014-06-10	40965.0	450.0	0.0	40500.0	40965.0	15.0	0.0	55.8	89.0	71.1	92.0
2014-06-17	41590.0	450.0	0.0	41125.0	41590.0	15.0	0.0	54.2	88.7	70.2	91.9
2014-06-24	41715.0	500.0	0.0	41200.0	41715.0	15.0	0.0	54.1	88.7	69.9	91.9
2014-07-01	42765.0	500.0	0.0	42190.0	42765.0	75.0	0.0	53.3	88.8	68.0	91.3
2014-07-08	39074.0	450.0	0.0	38564.0	39074.0	60.0	0.0	52.5	81.5	69.0	85.2
2014-07-15	39114.0	450.0	0.0	38604.0	39114.0	60.0	0.0	52.3	82.0	69.3	86.1
2014-07-22	46554.0	450.0	0.0	46044.0	46554.0	60.0	0.0	54.9	82.2	69.5	85.6
2014-07-29	49054.0	550.0	0.0	48444.0	49054.0	60.0	0.0	52.2	83.5	68.6	86.3
2014-08-05	49819.0	550.0	0.0	49209.0	49819.0	60.0	0.0	51.5	83.7	68.3	86.5
2014-08-12	44940.0	450.0	0.0	44430.0	44940.0	60.0	0.0	52.8	84.2	70.0	86.5
2014-08-19	45025.0	800.0	0.0	44105.0	45025.0	120.0	0.0	52.7	83.8	68.4	86.3
2014-08-26	44950.0	800.0	0.0	43910.0	44950.0	240.0	0.0	50.5	85.0	66.0	87.1
2014-09-02	45095.0	800.0	0.0	44055.0	45095.0	240.0	0.0	50.3	84.8	66.0	87.0
2014-09-09	43290.0	1000.0	1545.0	41870.0	41700.0	420.0	45.0	47.3	81.3	64.9	87.5
2014-09-16	43390.0	0.0	1545.0	42970.0	41800.0	420.0	45.0	47.3	81.2	64.7	87.3
2014-09-23	46450.0	0.0	1545.0	46210.0	44905.0	240.0	0.0	44.1	84.3	62.1	89.9
2014-09-30	46355.0	0.0	1545.0	46115.0	44810.0	240.0	0.0	43.7	83.4	61.7	89.1
2014-10-07	41810.0	0.0	1545.0	41570.0	40265.0	240.0	0.0	41.3	83.0	61.0	89.6
2014-10-14	42305.0	0.0	1545.0	42065.0	40760.0	240.0	0.0	41.0	79.3	60.2	85.3
