2013-11-26	255408.0	100704.0	1895.0	154039.0	252848.0	0.0	0.0	66.5	88.4	78.3	90.2
2013-12-03	254465.0	100704.0	0.0	153096.0	253800.0	0.0	0.0	66.8	88.7	77.8	90.2
2013-12-10	233874.0	93916.0	0.0	139614.0	233530.0	0.0	0.0	69.3	90.1	80.1	90.8
2013-12-17	250277.0	109318.0	1904.0	140615.0	248029.0	0.0	0.0	72.8	90.7	82.5	92.2
2013-12-24	251220.0	110261.0	1904.0	140615.0	248972.0	0.0	0.0	72.9	90.8	82.6	92.2
2014-01-07	257516.0	119002.0	4320.0	138170.0	252852.0	0.0	0.0	74.0	90.4	82.5	92.1
2014-01-14	235617.0	116298.0	3070.0	119319.0	232547.0	0.0	0.0	78.7	91.6	86.8	93.3
2014-01-21	239985.0	116298.0	3070.0	123687.0	236915.0	0.0	0.0	79.0	92.1	87.1	93.8
2014-01-28	238872.0	115375.0	1264.0	123497.0	237608.0	0.0	0.0	79.7	93.0	88.2	93.9
2014-02-04	237632.0	113759.0	1264.0	123873.0	236368.0	0.0	0.0	79.8	92.7	88.4	93.6
2014-02-11	216676.0	102327.0	1964.0	114045.0	214408.0	0.0	0.0	79.7	92.1	88.4	93.5
2014-02-18	216630.0	102327.0	1264.0	113999.0	215062.0	0.0	0.0	79.7	92.7	88.5	93.8
2014-02-25	219538.0	102579.0	2216.0	115651.0	216014.0	0.0	0.0	77.8	91.9	87.3	93.4
2014-03-04	223673.0	101983.0	3168.0	121690.0	220505.0	0.0	0.0	77.5	92.2	88.0	94.1
2014-03-11	206345.0	89759.0	2216.0	114154.0	201697.0	0.0	0.0	74.9	90.2	85.9	91.5
2014-03-18	212705.0	92007.0	656.0	117962.0	209313.0	0.0	0.0	75.5	87.7	86.4	91.8
2014-03-25	212705.0	92007.0	656.0	117962.0	209313.0	0.0	0.0	75.5	87.2	86.4	91.3
2014-04-01	215561.0	92007.0	656.0	120818.0	212169.0	0.0	0.0	75.2	87.0	86.6	91.4
2014-04-08	223697.0	95585.0	0.0	125376.0	220961.0	0.0	0.0	73.2	86.5	84.6	90.4
2014-04-15	208920.0	86093.0	0.0	120091.0	206184.0	0.0	0.0	70.4	86.8	81.4	90.3
2014-04-22	207608.0	85773.0	0.0	119099.0	204872.0	0.0	0.0	70.4	86.7	81.5	90.4
2014-04-29	207280.0	88702.0	0.0	115842.0	204544.0	0.0	0.0	70.5	86.6	81.8	90.7
2014-05-06	207280.0	88702.0	0.0	115842.0	204544.0	0.0	0.0	70.5	86.7	81.8	90.7
2014-05-13	187040.0	78044.0	0.0	108996.0	187040.0	0.0	0.0	73.1	89.2	84.7	91.8
2014-05-20	188992.0	78044.0	0.0	110948.0	188992.0	0.0	0.0	73.3	89.0	84.9	91.9
2014-05-27	190304.0	79020.0	0.0	111284.0	190304.0	0.0	0.0	72.5	89.1	83.9	92.0
2014-06-03	243560.0	90548.0	0.0	145300.0	235848.0	0.0	0.0	66.5	88.1	79.4	88.7
2014-06-10	253118.0	83277.0	0.0	162129.0	245406.0	0.0	0.0	67.7	89.9	82.0	90.2
2014-06-17	256013.0	80380.0	0.0	167921.0	248301.0	0.0	0.0	65.4	89.3	80.7	89.4
2014-06-24	256013.0	81358.0	0.0	166943.0	248301.0	0.0	0.0	64.6	89.3	80.3	89.4
2014-07-01	268272.0	81358.0	0.0	179202.0	260560.0	0.0	0.0	66.2	89.8	81.2	89.9
2014-07-08	268272.0	81358.0	0.0	179202.0	260560.0	0.0	0.0	66.2	89.8	81.2	89.9
2014-07-15	245872.0	72078.0	0.0	166082.0	238160.0	0.0	0.0	68.0	90.6	82.6	90.6
2014-07-22	253583.0	71101.0	0.0	174770.0	245871.0	0.0	0.0	65.9	90.8	82.4	90.8
2014-07-29	253583.0	71101.0	0.0	174770.0	245871.0	0.0	0.0	65.9	90.8	82.4	90.8
2014-08-05	254560.0	69796.0	0.0	177052.0	246848.0	0.0	0.0	66.0	90.9	82.8	90.9
2014-08-12	234224.0	61924.0	0.0	164588.0	226512.0	0.0	0.0	68.7	91.2	84.3	91.2
2014-08-19	237996.0	62867.0	0.0	167417.0	230284.0	0.0	0.0	68.8	91.3	84.1	91.3
2014-08-26	239882.0	62867.0	0.0	169303.0	232170.0	0.0	0.0	69.0	91.4	84.3	91.4
2014-09-02	239242.0	62867.0	0.0	168663.0	231530.0	0.0	0.0	69.6	91.3	84.9	91.3
2014-09-09	233475.0	62867.0	0.0	162896.0	225763.0	0.0	0.0	68.8	91.0	84.5	91.0
2014-09-16	221923.0	55323.0	0.0	158888.0	214211.0	0.0	0.0	73.1	91.8	86.8	91.8
2014-09-23	222866.0	54380.0	0.0	159831.0	214211.0	0.0	0.0	72.8	91.4	86.4	91.4
2014-09-30	228668.0	54380.0	0.0	165633.0	220013.0	0.0	0.0	73.2	91.6	86.0	91.6
2014-10-07	230596.0	54380.0	0.0	167561.0	221941.0	0.0	0.0	73.0	91.7	85.7	91.7
2015-03-24	178786.0	21758.0	0.0	146449.0	168207.0	11.0	11.0	58.4	87.3	77.2	87.3
2015-04-21	177478.0	18070.0	608.0	148829.0	166291.0	11.0	11.0	56.1	85.0	72.7	85.0
2015-04-28	178166.0	16470.0	608.0	151117.0	166979.0	11.0	11.0	56.0	84.9	72.7	84.9
2015-05-05	213262.0	14910.0	0.0	186557.0	202683.0	1227.0	11.0	64.0	93.3	83.1	93.3
2015-06-02	202261.0	11262.0	1312.0	181343.0	191293.0	0.0	0.0	61.5	91.0	84.5	91.6
2016-03-08	320911.0	0.0	2830.0	320911.0	318081.0	0.0	0.0	70.5	88.4	87.6	89.7
2016-03-15	322815.0	0.0	4734.0	322815.0	318081.0	0.0	0.0	70.1	88.5	87.2	89.7
2016-03-22	338271.0	0.0	4734.0	338271.0	333537.0	0.0	0.0	69.9	89.0	87.8	90.2
2016-03-29	343983.0	0.0	4734.0	343983.0	339249.0	0.0	0.0	70.2	87.5	86.4	88.7
2016-04-05	344671.0	0.0	4112.0	344671.0	339937.0	0.0	622.0	70.2	87.2	86.4	88.5
2016-04-12	324800.0	0.0	4112.0	324800.0	320688.0	0.0	0.0	70.9	86.7	86.0	88.1
2016-04-19	322208.0	0.0	1520.0	322208.0	320688.0	0.0	0.0	71.5	86.8	86.7	88.0
2016-04-26	322512.0	0.0	1520.0	322512.0	320992.0	0.0	0.0	71.5	86.7	86.6	88.0
2016-05-03	324175.0	0.0	2208.0	324175.0	321967.0	0.0	0.0	71.4	86.0	85.8	87.4
