2013-11-26	550989.0	9154.0	4105.0	515102.0	520151.0	0.0	0.0	54.9	66.4	63.4	72.9
2013-12-03	550989.0	9154.0	4105.0	515102.0	520151.0	0.0	0.0	54.9	66.4	63.4	72.9
2013-12-10	518512.0	11560.0	6511.0	485031.0	490080.0	0.0	0.0	57.7	70.9	68.3	78.6
2013-12-17	520080.0	11560.0	7255.0	486599.0	490904.0	0.0	0.0	57.4	69.7	67.8	77.6
2013-12-24	531440.0	11560.0	7255.0	497959.0	502264.0	0.0	0.0	56.7	68.6	67.7	77.1
2014-01-07	500605.0	14008.0	8438.0	468756.0	474326.0	0.0	0.0	60.4	72.8	72.7	82.5
2014-01-14	502613.0	4680.0	14212.0	480444.0	470912.0	0.0	0.0	61.0	71.5	72.4	81.7
2014-01-21	508565.0	4680.0	16964.0	486396.0	474112.0	0.0	0.0	61.4	70.9	72.7	81.8
2014-01-28	505806.0	4680.0	16612.0	483637.0	471705.0	0.0	0.0	60.6	70.5	71.9	81.7
2014-02-04	508464.0	4680.0	16612.0	486295.0	474363.0	0.0	0.0	58.0	69.5	69.2	80.4
2014-02-11	482241.0	4288.0	21668.0	461248.0	443868.0	0.0	0.0	59.5	68.8	71.4	80.2
2014-02-18	486905.0	4288.0	21668.0	465912.0	448532.0	0.0	0.0	58.9	69.1	71.2	80.5
2014-02-25	492836.0	4288.0	21668.0	471843.0	454463.0	0.0	0.0	57.6	67.8	69.0	79.0
2014-03-04	493940.0	4288.0	20932.0	469763.0	455935.0	2816.0	0.0	56.1	67.8	68.4	78.7
2014-03-11	461309.0	3936.0	18788.0	439916.0	425064.0	0.0	0.0	60.3	72.9	72.7	84.0
2014-03-18	469653.0	3936.0	18788.0	448260.0	433408.0	0.0	0.0	60.1	73.5	73.2	84.4
2014-03-25	437201.0	3936.0	18788.0	415808.0	400956.0	0.0	0.0	57.1	67.2	70.1	79.0
2014-04-01	439913.0	3936.0	17988.0	418520.0	404468.0	0.0	0.0	56.4	68.0	68.1	79.1
2014-04-08	443974.0	3529.0	16360.0	422988.0	410157.0	0.0	0.0	57.4	69.0	68.0	80.3
2014-04-15	460831.0	3529.0	12104.0	440253.0	431678.0	0.0	0.0	58.9	71.0	68.1	80.9
2014-04-22	466282.0	3529.0	12104.0	445704.0	437129.0	0.0	0.0	52.6	70.2	62.6	79.1
2014-04-29	473678.0	3529.0	10504.0	453100.0	446125.0	0.0	0.0	50.8	70.0	62.8	77.9
2014-05-06	468365.0	3161.0	11240.0	449259.0	441180.0	0.0	0.0	51.6	68.1	65.4	78.5
2014-05-13	529620.0	3161.0	10488.0	509762.0	502435.0	0.0	0.0	54.4	67.3	66.3	79.1
2014-05-20	549076.0	3161.0	11256.0	529218.0	521123.0	0.0	0.0	53.3	67.3	67.5	79.7
2014-05-27	547892.0	3161.0	11256.0	528034.0	519939.0	0.0	0.0	54.1	66.9	67.2	79.3
2014-06-03	549473.0	3161.0	13977.0	532336.0	521520.0	0.0	0.0	54.1	65.7	66.4	78.4
2014-06-10	538314.0	2753.0	10761.0	521585.0	513577.0	0.0	0.0	52.9	67.5	67.1	79.7
2014-06-17	539866.0	2753.0	10761.0	523137.0	515129.0	0.0	0.0	51.7	66.2	66.3	78.1
2014-06-24	541352.0	2753.0	10761.0	524623.0	516615.0	0.0	0.0	50.5	66.7	66.9	78.6
2014-07-01	536992.0	2753.0	11153.0	520263.0	511863.0	0.0	0.0	51.8	66.2	68.3	79.2
2014-07-08	512056.0	2369.0	10385.0	496095.0	488079.0	0.0	0.0	53.5	69.3	70.7	82.3
2014-07-15	509864.0	2369.0	12663.0	494663.0	484369.0	0.0	0.0	53.2	69.4	70.3	80.2
2014-07-22	486808.0	2369.0	12663.0	471607.0	461313.0	0.0	0.0	48.6	66.5	66.5	77.3
2014-07-29	489583.0	2369.0	9936.0	469718.0	462151.0	0.0	0.0	47.9	67.8	65.8	77.1
2014-08-05	494671.0	2369.0	9552.0	474422.0	467239.0	0.0	0.0	47.3	67.6	65.7	76.7
2014-08-12	465263.0	2361.0	7976.0	445406.0	439791.0	0.0	0.0	48.6	70.3	67.4	78.6
2014-08-19	465974.0	4281.0	7976.0	444197.0	440502.0	0.0	0.0	48.2	70.2	67.1	78.6
2014-08-26	470606.0	1977.0	8360.0	451133.0	444750.0	0.0	0.0	48.4	66.6	65.3	74.9
2014-09-02	472141.0	1977.0	8360.0	452668.0	446285.0	0.0	0.0	48.4	66.4	65.0	74.8
2014-09-09	466236.0	2689.0	6344.0	445667.0	442012.0	0.0	0.0	48.5	72.3	66.6	78.5
2014-09-16	473068.0	1569.0	3199.0	450858.0	449228.0	0.0	0.0	52.6	70.3	65.7	75.9
2014-09-23	469838.0	1569.0	3199.0	447628.0	445998.0	0.0	0.0	49.4	69.0	64.3	74.2
2014-09-30	491929.0	4527.0	1894.0	465456.0	468089.0	0.0	0.0	49.5	64.7	64.9	73.8
2014-10-07	469166.0	7698.0	1894.0	439906.0	445710.0	0.0	0.0	49.4	66.1	65.1	73.7
2014-10-14	472705.0	8164.0	1894.0	442979.0	449249.0	0.0	0.0	48.7	65.2	64.1	73.0
