2013-11-26	627595.0	0.0	3560.0	627595.0	624035.0	0.0	0.0	43.2	73.9	61.1	84.3
2013-12-03	658125.0	0.0	3560.0	658125.0	654565.0	0.0	0.0	41.2	70.3	58.5	80.5
2013-12-10	633335.0	0.0	3360.0	633335.0	629975.0	0.0	0.0	41.1	69.3	58.2	81.3
2013-12-17	631485.0	2100.0	3360.0	629385.0	628125.0	0.0	0.0	41.2	69.7	58.7	78.9
2013-12-24	630485.0	3200.0	3360.0	627285.0	627125.0	0.0	0.0	41.3	69.8	58.8	78.7
2014-01-07	606540.0	3200.0	2100.0	603340.0	604440.0	0.0	0.0	41.8	68.1	59.3	78.9
2014-01-14	614580.0	7200.0	2100.0	607380.0	612480.0	0.0	0.0	41.7	66.7	59.4	79.1
2014-01-21	626230.0	8200.0	3150.0	618030.0	623080.0	0.0	0.0	40.9	65.7	58.3	80.0
2014-01-28	641585.0	5380.0	4200.0	636205.0	637385.0	0.0	0.0	40.8	65.1	57.6	80.6
2014-02-04	633100.0	5830.0	4200.0	625120.0	626750.0	0.0	0.0	41.3	62.0	58.4	77.3
2014-02-11	631790.0	3630.0	3100.0	626010.0	626540.0	0.0	0.0	42.6	66.7	60.9	78.7
2014-02-18	643650.0	2680.0	4250.0	639970.0	638400.0	0.0	0.0	41.8	67.3	61.3	78.9
2014-02-25	647745.0	4255.0	7975.0	642490.0	638770.0	0.0	0.0	41.5	67.3	61.2	78.9
2014-03-04	663507.0	8350.0	7450.0	651257.0	655057.0	2900.0	0.0	40.6	66.5	60.5	78.5
2014-03-11	600057.0	5670.0	7450.0	594387.0	592607.0	0.0	0.0	43.2	69.4	63.3	78.9
2014-03-18	575777.0	5670.0	13875.0	570107.0	561902.0	0.0	0.0	45.4	73.3	64.6	81.5
2014-03-25	599577.0	5670.0	17525.0	593907.0	582052.0	0.0	0.0	45.1	73.2	65.2	81.6
2014-04-01	606367.0	5670.0	17525.0	600697.0	586637.0	0.0	2205.0	45.7	73.1	65.6	82.1
2014-04-08	569605.0	0.0	14375.0	569605.0	555230.0	0.0	0.0	47.3	72.3	67.3	82.8
2014-04-15	586895.0	0.0	14375.0	586895.0	572520.0	0.0	0.0	49.1	70.0	68.6	83.9
2014-04-22	586445.0	0.0	18650.0	586445.0	567795.0	0.0	0.0	51.0	67.7	70.2	82.7
2014-04-29	27920.0	0.0	875.0	27375.0	27045.0	545.0	0.0	50.4	67.5	69.3	83.0
2014-05-06	26655.0	0.0	825.0	26125.0	25830.0	530.0	0.0	52.2	68.5	70.9	84.2
2014-05-13	27385.0	0.0	825.0	26855.0	26560.0	530.0	0.0	53.8	69.2	71.6	84.0
2014-05-20	27380.0	0.0	825.0	26850.0	26555.0	530.0	0.0	53.8	69.2	71.6	83.8
2014-05-27	27405.0	0.0	825.0	26875.0	26580.0	530.0	0.0	53.7	69.2	71.5	83.7
2014-06-03	26960.0	0.0	825.0	26370.0	26135.0	590.0	0.0	55.5	68.7	73.6	86.2
2014-06-10	25590.0	0.0	775.0	25015.0	24815.0	575.0	0.0	56.6	70.6	74.9	88.1
2014-06-17	25640.0	0.0	775.0	25065.0	24865.0	575.0	0.0	56.9	70.8	75.1	88.3
2014-06-24	25815.0	0.0	625.0	25200.0	25190.0	615.0	0.0	56.5	71.2	75.0	88.5
2014-07-01	25725.0	0.0	650.0	25050.0	25075.0	675.0	0.0	56.7	71.8	74.7	89.5
2014-07-08	24045.0	0.0	650.0	23405.0	23395.0	640.0	0.0	57.4	72.4	75.4	89.7
2014-07-15	23520.0	0.0	650.0	22880.0	22870.0	640.0	0.0	58.7	72.6	77.0	90.3
2014-07-22	23630.0	0.0	650.0	22990.0	22980.0	640.0	0.0	58.3	71.5	76.8	89.8
2014-07-29	24060.0	0.0	525.0	23300.0	23535.0	760.0	0.0	57.3	73.3	76.2	90.2
2014-08-05	22915.0	0.0	775.0	22155.0	22140.0	760.0	0.0	54.3	75.2	73.6	90.2
2014-08-12	22985.0	0.0	775.0	22225.0	22210.0	760.0	0.0	54.1	75.5	73.4	90.5
2014-08-19	23675.0	0.0	1375.0	22915.0	22300.0	760.0	0.0	55.1	74.0	73.8	91.0
2014-08-26	23560.0	0.0	1540.0	22800.0	22020.0	760.0	0.0	55.3	73.0	74.2	90.8
2014-09-02	23830.0	0.0	1540.0	23240.0	22290.0	590.0	0.0	54.7	73.4	73.4	90.8
2014-09-09	21805.0	0.0	1540.0	21215.0	20265.0	590.0	0.0	53.8	73.9	72.6	90.7
2014-09-16	23330.0	400.0	1590.0	22220.0	21740.0	710.0	0.0	50.3	68.5	70.1	85.2
2014-09-23	22800.0	475.0	1640.0	21615.0	21160.0	710.0	0.0	51.4	66.6	71.8	83.7
2014-09-30	23000.0	525.0	1590.0	21715.0	21360.0	710.0	0.0	51.0	65.8	70.3	82.6
2014-10-07	21135.0	525.0	1570.0	19885.0	19515.0	675.0	0.0	52.8	64.3	71.7	83.4
2014-10-14	21085.0	525.0	1570.0	19835.0	19465.0	675.0	0.0	52.9	64.8	71.7	83.4
2014-10-21	21095.0	625.0	1570.0	19745.0	19475.0	675.0	0.0	52.9	65.2	71.6	83.8
2014-10-28	21195.0	625.0	1570.0	19845.0	19575.0	675.0	0.0	52.6	65.0	71.5	83.6
2014-11-04	21110.0	600.0	1520.0	19835.0	19590.0	675.0	0.0	52.6	66.1	71.6	83.7
2014-11-11	19550.0	550.0	1395.0	18355.0	18155.0	645.0	0.0	52.8	68.7	71.9	83.6
2014-11-18	19550.0	550.0	1395.0	18355.0	18155.0	645.0	0.0	52.8	68.7	71.4	82.8
2014-11-25	19575.0	550.0	1395.0	18380.0	18180.0	645.0	0.0	52.7	71.3	71.5	84.7
2014-12-02	19695.0	620.0	1395.0	18430.0	18300.0	645.0	0.0	52.4	70.7	71.1	84.6
2014-12-09	17775.0	570.0	1120.0	16590.0	16655.0	615.0	0.0	52.5	72.4	71.8	84.2
2014-12-16	17845.0	620.0	1120.0	16610.0	16725.0	615.0	0.0	52.3	73.0	72.0	84.4
2014-12-23	17895.0	620.0	1120.0	16660.0	16775.0	615.0	0.0	52.2	72.8	72.1	83.9
2014-12-30	17895.0	620.0	1120.0	16660.0	16775.0	615.0	0.0	52.2	72.8	72.1	83.9
2015-01-06	16155.0	400.0	915.0	14930.0	15240.0	825.0	0.0	53.0	73.1	73.7	85.0
2015-01-13	16680.0	400.0	940.0	15770.0	15620.0	510.0	120.0	51.3	71.6	74.6	86.6
2015-01-20	16915.0	375.0	940.0	16005.0	15820.0	510.0	130.0	50.6	72.6	73.9	86.8
2015-01-27	17090.0	375.0	940.0	16180.0	15995.0	510.0	130.0	50.1	72.2	73.3	86.3
2015-02-03	17460.0	375.0	940.0	16550.0	16365.0	510.0	130.0	49.0	71.8	73.1	86.9
2015-02-10	26830.0	200.0	890.0	26120.0	25785.0	485.0	130.0	51.2	74.6	76.0	91.6
2015-02-17	27085.0	385.0	865.0	26165.0	26030.0	485.0	140.0	51.1	74.9	75.7	92.3
2015-02-24	26730.0	385.0	865.0	25810.0	25675.0	485.0	140.0	52.2	75.2	76.0	92.8
2015-03-03	27295.0	370.0	865.0	26500.0	26240.0	375.0	140.0	53.0	77.0	76.1	92.4
2015-03-10	24690.0	295.0	815.0	24035.0	23745.0	360.0	130.0	54.4	79.0	74.5	92.5
2015-03-17	24685.0	295.0	815.0	24030.0	23740.0	360.0	130.0	54.4	78.7	74.4	92.2
2015-03-24	25365.0	295.0	815.0	24710.0	24420.0	360.0	130.0	54.8	79.1	75.1	92.4
2015-03-31	26050.0	295.0	815.0	25395.0	25105.0	360.0	130.0	55.7	79.3	75.4	92.2
2015-04-07	24505.0	50.0	715.0	24020.0	23670.0	435.0	120.0	57.8	80.5	77.3	94.0
2015-04-14	24750.0	50.0	715.0	24355.0	23915.0	345.0	120.0	56.9	80.8	76.6	94.2
2015-04-21	26425.0	50.0	615.0	26150.0	25690.0	225.0	120.0	53.8	82.9	75.3	94.6
2015-04-28	26785.0	50.0	615.0	26510.0	26050.0	225.0	120.0	54.8	83.5	76.0	95.1
2015-05-05	25490.0	150.0	565.0	25200.0	24805.0	140.0	120.0	56.3	83.8	77.8	96.2
2015-05-12	25860.0	150.0	565.0	25570.0	25175.0	140.0	120.0	55.9	83.9	77.1	96.0
2015-05-19	25980.0	150.0	565.0	25690.0	25415.0	140.0	0.0	55.5	83.0	76.7	95.7
2015-05-26	25920.0	150.0	565.0	25630.0	25355.0	140.0	0.0	55.6	83.0	76.9	95.7
2015-06-02	25940.0	150.0	565.0	25650.0	25375.0	140.0	0.0	56.1	82.9	76.9	95.6
2015-06-09	24760.0	0.0	515.0	24540.0	24235.0	220.0	10.0	57.5	83.0	78.3	96.3
2015-06-16	25225.0	0.0	515.0	25150.0	24700.0	75.0	10.0	56.7	83.0	78.1	96.1
2015-06-23	25270.0	0.0	515.0	25195.0	24745.0	75.0	10.0	56.5	82.5	77.9	95.5
2015-06-30	25925.0	0.0	465.0	25850.0	25450.0	75.0	10.0	55.1	82.5	75.9	95.0
2015-07-07	24555.0	0.0	385.0	24525.0	24170.0	30.0	0.0	55.7	82.0	75.9	94.6
2015-07-14	25025.0	0.0	385.0	24995.0	24640.0	30.0	0.0	55.0	81.7	74.7	94.1
2015-07-21	25390.0	0.0	385.0	25360.0	25005.0	30.0	0.0	54.7	80.7	74.1	92.8
2015-07-28	25670.0	0.0	335.0	25615.0	25310.0	30.0	0.0	54.5	80.8	73.6	92.6
2015-08-04	25840.0	0.0	335.0	25785.0	25480.0	30.0	0.0	54.2	80.0	73.7	91.7
2015-08-11	24375.0	0.0	305.0	24335.0	24045.0	15.0	0.0	54.8	79.4	73.9	90.5
2015-08-18	24495.0	0.0	305.0	24455.0	24165.0	15.0	0.0	54.7	78.9	73.4	90.2
2015-08-25	24585.0	0.0	305.0	24545.0	24255.0	15.0	0.0	54.4	78.4	74.2	90.1
2015-09-01	24810.0	0.0	305.0	24770.0	24480.0	15.0	0.0	53.9	78.3	73.8	90.2
2015-09-08	22775.0	0.0	175.0	22600.0	22385.0	50.0	90.0	54.7	77.6	74.8	90.0
2015-09-15	22560.0	0.0	275.0	22395.0	22070.0	40.0	90.0	55.1	76.8	75.2	89.4
2015-09-22	22920.0	0.0	475.0	22700.0	22155.0	20.0	90.0	54.4	76.5	75.2	89.6
2015-09-29	23395.0	0.0	525.0	23195.0	22580.0	0.0	90.0	53.3	77.5	74.9	89.8
2015-10-06	22140.0	100.0	775.0	21890.0	21135.0	0.0	80.0	53.7	78.6	75.4	91.0
2015-10-13	22590.0	150.0	825.0	22315.0	21560.0	0.0	80.0	53.1	78.6	75.2	91.3
2015-10-20	23300.0	150.0	825.0	23025.0	22270.0	0.0	80.0	54.5	78.8	75.9	91.2
2015-10-27	23405.0	200.0	825.0	23080.0	22375.0	0.0	80.0	54.7	78.2	76.0	90.9
2015-11-03	23620.0	320.0	825.0	23215.0	22630.0	0.0	80.0	54.4	79.1	76.3	91.6
2015-11-10	22265.0	395.0	805.0	21810.0	21330.0	0.0	70.0	55.8	80.2	76.9	92.0
2015-11-17	23040.0	395.0	805.0	22585.0	22105.0	0.0	70.0	55.4	79.8	75.1	91.4
2015-11-24	23615.0	395.0	805.0	23160.0	22680.0	0.0	70.0	54.3	80.3	74.4	91.7
2015-12-01	23725.0	395.0	805.0	23270.0	22790.0	0.0	70.0	56.1	80.3	75.3	91.6
2015-12-08	22565.0	370.0	785.0	22135.0	21660.0	0.0	60.0	58.5	81.6	76.7	91.5
2015-12-15	22600.0	370.0	760.0	22170.0	21720.0	0.0	60.0	58.5	81.5	76.4	91.3
2015-12-22	22745.0	370.0	760.0	22315.0	21865.0	0.0	60.0	58.1	81.7	76.4	91.4
2015-12-29	22695.0	370.0	810.0	22265.0	21765.0	0.0	60.0	58.2	81.4	76.6	91.1
2016-01-05	22965.0	370.0	860.0	22535.0	21985.0	0.0	60.0	58.0	82.1	76.2	91.2
2016-01-12	21200.0	95.0	615.0	20970.0	20475.0	75.0	50.0	59.3	85.2	77.4	90.9
2016-01-19	22520.0	195.0	815.0	22205.0	21610.0	75.0	50.0	55.8	83.5	77.1	89.8
2016-01-26	23395.0	195.0	765.0	23080.0	22535.0	75.0	50.0	53.6	83.8	75.8	88.3
2016-02-02	24105.0	95.0	565.0	23840.0	23395.0	75.0	50.0	52.3	85.0	75.2	88.4
2016-02-09	31315.0	210.0	20.0	30765.0	30975.0	60.0	40.0	67.4	89.2	82.3	90.1
2016-02-16	33260.0	310.0	670.0	32810.0	32470.0	60.0	40.0	62.1	89.3	78.4	91.6
2016-02-23	34280.0	285.0	970.0	33855.0	33190.0	60.0	40.0	62.3	88.7	76.5	91.8
2016-03-01	34890.0	345.0	920.0	34330.0	33785.0	70.0	40.0	60.5	86.8	74.6	89.8
2016-03-08	35280.0	470.0	700.0	34610.0	34395.0	55.0	40.0	60.9	82.7	73.7	86.6
2016-03-15	36620.0	430.0	795.0	35855.0	35525.0	45.0	10.0	59.3	81.0	72.5	85.8
2016-03-22	37870.0	430.0	795.0	37105.0	36775.0	45.0	10.0	58.9	83.2	73.3	87.9
2016-03-29	37895.0	430.0	795.0	37130.0	36800.0	45.0	10.0	58.7	83.4	73.1	88.1
2016-04-05	36135.0	320.0	730.0	35495.0	35105.0	30.0	10.0	60.3	83.9	75.3	89.0
2016-04-12	36330.0	320.0	730.0	35690.0	35300.0	30.0	10.0	60.6	84.0	75.4	89.1
2016-04-19	36765.0	320.0	730.0	36125.0	35735.0	30.0	10.0	61.5	85.5	76.2	89.6
2016-04-26	36915.0	370.0	830.0	36225.0	35785.0	30.0	10.0	61.2	85.6	76.0	89.8
2016-05-03	37325.0	320.0	880.0	36685.0	36145.0	30.0	10.0	60.5	86.4	75.3	90.1
2016-05-10	39145.0	585.0	1075.0	38250.0	37760.0	15.0	15.0	57.9	85.4	72.8	87.8
2016-05-17	40370.0	635.0	1105.0	39385.0	38915.0	15.0	15.0	57.3	83.2	72.9	85.4
2016-05-24	41080.0	885.0	1400.0	39875.0	39370.0	15.0	5.0	57.5	82.9	72.8	85.9
2016-05-31	41225.0	855.0	1220.0	39950.0	39595.0	15.0	5.0	57.3	83.2	72.6	85.7
2016-06-07	39595.0	920.0	745.0	38070.0	38245.0	0.0	0.0	57.9	83.3	73.1	84.7
2016-06-14	39630.0	1450.0	700.0	37370.0	38120.0	0.0	0.0	58.0	84.9	72.5	86.6
2016-06-21	39705.0	1450.0	700.0	37445.0	38195.0	0.0	0.0	57.7	84.6	72.1	86.4
2016-06-28	39760.0	1525.0	900.0	37700.0	38325.0	0.0	0.0	57.7	85.6	72.1	87.1
2016-07-05	39760.0	1525.0	900.0	37055.0	37850.0	645.0	475.0	56.3	84.1	70.8	85.6
2016-07-12	38150.0	1440.0	900.0	35300.0	36665.0	900.0	75.0	58.6	86.1	73.0	87.6
2016-07-19	38050.0	1390.0	900.0	36150.0	36640.0	0.0	0.0	58.8	86.4	73.2	87.7
2016-07-26	38150.0	1420.0	900.0	36220.0	36740.0	0.0	0.0	58.6	86.4	73.1	87.5
2016-08-02	38455.0	1410.0	900.0	35755.0	36385.0	770.0	650.0	56.7	85.8	71.6	86.9
2016-08-09	36570.0	1360.0	900.0	34790.0	35260.0	10.0	0.0	59.3	87.1	73.7	87.9
2016-08-16	36575.0	1385.0	900.0	34790.0	35285.0	10.0	0.0	59.2	87.1	73.7	87.9
2016-08-23	36610.0	1385.0	950.0	34825.0	35270.0	10.0	0.0	59.2	86.9	73.6	87.7
2016-08-30	37095.0	1610.0	950.0	35175.0	35845.0	10.0	0.0	58.9	87.3	73.9	88.1
2016-09-06	34995.0	1685.0	950.0	33135.0	33880.0	10.0	0.0	59.5	85.3	72.7	86.2
2016-09-13	35205.0	1610.0	950.0	33420.0	34090.0	10.0	0.0	58.6	85.6	72.0	86.6
2016-09-20	36285.0	1660.0	1025.0	34500.0	35145.0	10.0	0.0	58.2	85.1	72.6	86.6
2016-09-27	37100.0	1435.0	1025.0	35545.0	35965.0	10.0	0.0	58.1	81.5	71.6	84.9
2016-10-04	37375.0	1580.0	1025.0	35190.0	35855.0	495.0	385.0	56.0	79.7	69.6	84.1
2016-10-11	36000.0	1605.0	1025.0	34275.0	34865.0	10.0	0.0	56.7	81.6	71.6	85.8
2016-10-18	36860.0	1635.0	1025.0	35105.0	35725.0	10.0	0.0	55.1	82.0	72.2	86.1
2016-10-25	36915.0	1660.0	1025.0	35135.0	35780.0	10.0	0.0	55.2	81.9	72.3	85.9
2016-11-01	37530.0	1685.0	1025.0	35680.0	36395.0	55.0	0.0	55.7	83.7	73.5	87.6
2016-11-08	36520.0	1745.0	1000.0	34610.0	35410.0	55.0	0.0	57.2	85.3	75.5	89.1
2016-11-15	36630.0	1795.0	1100.0	34670.0	35420.0	55.0	0.0	56.8	84.4	75.3	88.8
2016-11-22	37220.0	1820.0	1075.0	35310.0	36065.0	10.0	0.0	56.9	84.1	74.5	88.5
2016-11-29	37510.0	1720.0	1075.0	35700.0	36355.0	10.0	0.0	57.9	84.8	74.7	89.1
2016-12-06	36435.0	1810.0	1125.0	34515.0	35230.0	30.0	0.0	56.9	82.3	75.8	87.7
2016-12-13	37280.0	1870.0	1125.0	35310.0	36075.0	20.0	0.0	55.6	80.6	73.7	86.2
2016-12-20	37420.0	1845.0	1125.0	35465.0	36215.0	30.0	0.0	55.1	80.5	72.7	86.3
2016-12-27	37785.0	1845.0	1200.0	35830.0	36505.0	30.0	0.0	57.4	81.6	73.4	87.3
2017-01-03	37580.0	1845.0	1200.0	35625.0	36265.0	30.0	35.0	54.1	77.0	69.0	83.0
2017-01-10	34735.0	1630.0	825.0	32930.0	33785.0	75.0	25.0	55.3	77.2	70.8	82.8
2017-01-17	34740.0	1700.0	625.0	32865.0	33990.0	75.0	25.0	55.1	79.6	72.8	84.5
2017-01-24	35485.0	1900.0	625.0	33460.0	34785.0	75.0	25.0	53.9	78.8	72.2	83.6
2017-01-31	35390.0	1900.0	625.0	33365.0	34690.0	75.0	25.0	54.1	75.9	69.3	80.7
