2013-12-10	59280.0	1575.0	6400.0	43109.0	52670.0	14596.0	210.0	48.2	50.8	58.8	71.4
2013-12-17	69085.0	1260.0	8185.0	65872.0	59325.0	378.0	0.0	51.5	46.0	64.4	61.5
2013-12-24	99910.0	1260.0	11190.0	96587.0	87145.0	488.0	0.0	50.1	58.2	72.5	72.1
2014-01-07	98285.0	1260.0	12285.0	95613.0	84950.0	362.0	0.0	54.7	59.6	74.6	74.3
2014-01-14	114235.0	2060.0	13360.0	110238.0	99300.0	362.0	0.0	54.5	57.0	71.3	70.1
2014-01-21	116915.0	2160.0	13960.0	112818.0	101380.0	362.0	0.0	53.5	52.9	70.0	69.0
2014-01-28	124138.0	1740.0	14008.0	119318.0	107750.0	700.0	0.0	50.7	52.7	65.5	62.3
2014-02-04	132940.0	2892.0	14397.0	127635.0	116130.0	0.0	0.0	53.3	50.2	67.2	63.5
2014-02-11	133092.0	1100.0	15737.0	128472.0	113835.0	0.0	0.0	54.7	47.3	69.0	61.0
2014-02-18	135217.0	1100.0	15212.0	130597.0	116485.0	0.0	0.0	53.9	46.9	68.4	60.8
2014-02-25	163037.0	1100.0	21822.0	158417.0	137695.0	0.0	0.0	54.9	45.1	70.3	60.7
2014-03-04	173040.0	2200.0	24907.0	167320.0	141893.0	0.0	2720.0	49.7	46.4	65.5	59.2
2014-03-11	205750.0	2678.0	23655.0	202000.0	181023.0	0.0	0.0	41.3	48.1	60.0	67.2
2014-03-18	223000.0	2678.0	28600.0	219250.0	193328.0	0.0	0.0	43.3	46.5	57.4	65.5
2014-03-25	228922.0	3778.0	30200.0	224072.0	197650.0	0.0	0.0	37.5	46.0	54.4	64.6
2014-04-01	226464.0	5428.0	33425.0	219986.0	191989.0	0.0	0.0	34.7	48.2	50.9	63.5
2014-04-08	217929.0	4903.0	32900.0	213026.0	185029.0	0.0	0.0	35.6	53.9	55.6	68.7
2014-04-15	221259.0	4903.0	35575.0	216356.0	185684.0	0.0	0.0	36.8	53.5	54.8	68.4
2014-04-22	225709.0	4903.0	35575.0	220806.0	190134.0	0.0	0.0	35.8	51.4	53.7	66.8
2014-04-29	11731.0	149.0	1620.0	11274.0	9941.0	183.0	45.0	35.2	50.9	52.1	63.6
2014-05-06	11336.0	25.0	1740.0	11032.0	9491.0	229.0	55.0	38.0	53.2	54.3	65.2
2014-05-13	11276.0	25.0	1715.0	10712.0	9456.0	489.0	55.0	38.6	53.3	55.0	65.5
2014-05-20	11881.0	25.0	1765.0	11547.0	9996.0	234.0	45.0	42.7	50.9	58.5	68.0
2014-05-27	12561.0	50.0	1790.0	12229.0	10651.0	207.0	45.0	42.5	48.1	57.9	69.5
2014-06-03	12981.0	75.0	1410.0	11835.0	10851.0	396.0	45.0	38.0	50.9	55.5	67.8
2014-06-10	13138.0	75.0	1620.0	11622.0	10613.0	816.0	280.0	38.5	52.3	56.0	69.7
2014-06-17	13288.0	75.0	1625.0	12171.0	10993.0	417.0	45.0	35.2	49.9	55.1	68.7
2014-06-24	13674.0	75.0	1575.0	12557.0	11429.0	417.0	45.0	34.9	52.9	57.0	71.6
2014-07-01	13675.0	75.0	1550.0	12533.0	11455.0	442.0	45.0	36.4	52.5	56.7	71.1
2014-07-08	12722.0	0.0	795.0	11686.0	11267.0	436.0	60.0	38.5	59.2	58.3	72.0
2014-07-15	12997.0	0.0	1070.0	12021.0	11297.0	376.0	30.0	38.7	57.8	57.3	71.4
2014-07-22	14572.0	0.0	1320.0	13476.0	12562.0	496.0	90.0	39.4	52.4	54.8	68.8
2014-07-29	15602.0	0.0	615.0	14413.0	14062.0	339.0	75.0	40.2	52.7	56.1	70.7
2014-08-05	15869.0	0.0	445.0	14786.0	14489.0	208.0	60.0	47.1	51.0	61.6	70.0
2014-08-12	16054.0	0.0	590.0	14781.0	14529.0	398.0	60.0	46.7	50.6	61.1	70.9
2014-08-19	16847.0	0.0	1240.0	15564.0	14732.0	408.0	0.0	48.5	49.6	61.5	73.6
2014-08-26	16947.0	0.0	2190.0	15964.0	14182.0	408.0	0.0	48.4	47.7	62.0	73.2
2014-09-02	17747.0	0.0	2190.0	16704.0	14982.0	468.0	0.0	50.3	46.6	61.8	72.9
2014-09-09	17733.0	75.0	2060.0	16349.0	15033.0	734.0	65.0	52.4	44.7	64.8	70.5
2014-09-16	17977.0	125.0	2694.0	16740.0	14653.0	537.0	55.0	47.6	42.8	61.2	67.7
2014-09-23	17769.0	100.0	3015.0	16932.0	14154.0	137.0	0.0	45.9	44.4	60.0	70.3
2014-09-30	19031.0	125.0	3325.0	18194.0	15131.0	137.0	0.0	44.4	45.8	63.0	72.2
2014-10-07	18023.0	125.0	2940.0	17027.0	14318.0	196.0	90.0	45.9	47.6	62.5	71.7
2014-10-14	18379.0	125.0	2640.0	17273.0	14974.0	306.0	90.0	44.9	45.0	60.9	69.9
2014-10-21	18362.0	55.0	2400.0	16696.0	14897.0	636.0	90.0	44.1	44.9	59.3	67.9
2014-10-28	19627.0	5.0	2065.0	17456.0	16062.0	756.0	90.0	41.3	46.7	57.2	68.8
2014-11-04	19918.0	0.0	1320.0	19187.0	18393.0	616.0	90.0	41.3	46.7	55.9	68.1
2014-11-11	20241.0	0.0	1335.0	19626.0	18721.0	505.0	75.0	41.7	45.5	58.1	66.6
2014-11-18	20749.0	0.0	1335.0	20118.0	19229.0	521.0	75.0	42.5	48.2	58.4	68.9
2014-11-25	21778.0	0.0	1665.0	21132.0	19893.0	521.0	95.0	49.8	47.4	63.1	68.4
2014-12-02	21807.0	0.0	1665.0	21034.0	19922.0	648.0	95.0	49.4	47.7	62.8	68.8
2014-12-09	21729.0	0.0	1610.0	21053.0	19959.0	611.0	95.0	50.9	48.2	64.2	69.0
2014-12-16	21705.0	0.0	1290.0	20905.0	20255.0	735.0	95.0	48.4	48.3	62.9	69.9
2014-12-23	21826.0	0.0	959.0	21123.0	20687.0	618.0	95.0	50.2	48.1	63.6	67.7
2014-12-30	22176.0	0.0	659.0	21123.0	21037.0	668.0	95.0	53.4	48.1	66.7	70.3
2015-01-06	22079.0	0.0	439.0	21281.0	21132.0	478.0	188.0	59.2	48.0	72.2	71.2
2015-01-13	23446.0	0.0	623.0	22827.0	22359.0	223.0	68.0	60.3	49.2	73.1	73.7
2015-01-20	24554.0	256.0	644.0	23935.0	23702.0	223.0	68.0	59.1	53.6	71.7	74.3
2015-01-27	24785.0	256.0	644.0	24166.0	23932.0	223.0	69.0	58.9	53.0	71.5	74.0
2015-02-03	25906.0	6.0	644.0	25287.0	24767.0	223.0	105.0	59.8	53.3	71.7	73.5
2015-02-10	25287.0	250.0	584.0	24705.0	24523.0	202.0	50.0	58.6	54.9	70.8	78.3
2015-02-17	25640.0	250.0	514.0	25008.0	24636.0	172.0	280.0	57.8	55.0	71.5	78.2
2015-02-24	25812.0	250.0	479.0	25130.0	25063.0	212.0	50.0	57.8	57.6	72.9	79.4
2015-03-03	26123.0	400.0	434.0	25243.0	25312.0	234.0	131.0	55.5	57.4	69.9	78.5
2015-03-10	24643.0	306.0	310.0	23447.0	24068.0	660.0	35.0	56.2	59.1	70.3	78.6
2015-03-17	25048.0	326.0	310.0	23832.0	24473.0	660.0	35.0	56.0	61.0	69.9	78.9
2015-03-24	26226.0	366.0	310.0	24970.0	25651.0	660.0	35.0	55.6	61.0	69.3	77.6
2015-03-31	26229.0	396.0	310.0	24913.0	25624.0	660.0	35.0	52.2	61.4	68.5	78.0
2015-04-07	25732.0	482.0	260.0	24431.0	25212.0	589.0	30.0	55.2	64.0	72.7	80.5
2015-04-14	24620.0	270.0	260.0	23531.0	24100.0	589.0	30.0	51.5	63.7	71.0	80.3
2015-04-21	25557.0	270.0	260.0	23041.0	23685.0	2016.0	1382.0	51.3	56.6	67.9	71.6
2015-04-28	24680.0	370.0	260.0	23491.0	24160.0	589.0	30.0	53.4	60.4	70.5	75.8
2015-05-05	24210.0	250.0	210.0	23600.0	23745.0	160.0	55.0	55.7	58.6	73.8	74.6
2015-05-12	24459.0	250.0	210.0	23849.0	23994.0	160.0	55.0	55.8	58.8	74.1	74.7
2015-05-19	25273.0	250.0	210.0	24663.0	24808.0	160.0	55.0	53.9	61.9	71.6	77.3
2015-05-26	23978.0	250.0	210.0	23368.0	23513.0	160.0	55.0	51.8	59.9	69.0	74.9
2015-06-02	23642.0	250.0	160.0	23007.0	23107.0	185.0	175.0	53.3	61.3	68.3	75.9
2015-06-09	23806.0	0.0	440.0	23201.0	22851.0	155.0	65.0	52.3	65.3	68.6	79.1
2015-06-16	24475.0	20.0	440.0	23845.0	23515.0	155.0	65.0	51.5	66.3	69.1	82.2
2015-06-23	25356.0	30.0	440.0	24716.0	24386.0	155.0	75.0	50.3	66.4	68.4	81.6
2015-06-30	25929.0	60.0	175.0	25264.0	25254.0	155.0	50.0	53.7	68.2	69.3	83.0
2015-07-07	25982.0	310.0	40.0	25292.0	25687.0	180.0	55.0	56.5	70.5	70.4	84.4
2015-07-14	26201.0	311.0	40.0	25510.0	25906.0	180.0	55.0	59.4	71.6	74.7	86.5
2015-07-21	26387.0	301.0	40.0	25706.0	26092.0	180.0	55.0	58.3	71.1	75.2	87.5
2015-07-28	28536.0	301.0	40.0	27840.0	28241.0	195.0	55.0	57.5	71.8	74.8	86.8
2015-08-04	28977.0	300.0	40.0	28212.0	28682.0	265.0	55.0	56.6	71.4	74.6	86.2
2015-08-11	27572.0	300.0	15.0	26862.0	27317.0	210.0	40.0	58.7	71.3	76.8	86.5
2015-08-18	27808.0	250.0	15.0	27149.0	27553.0	209.0	40.0	58.2	69.8	75.8	85.2
2015-08-25	27828.0	250.0	15.0	27169.0	27573.0	209.0	40.0	58.2	69.7	75.8	84.8
2015-09-01	28806.0	250.0	15.0	28122.0	28551.0	234.0	40.0	56.9	71.5	74.1	85.0
2015-09-08	28907.0	90.0	150.0	28008.0	28271.0	359.0	36.0	62.3	69.1	79.1	84.7
2015-09-15	30133.0	0.0	110.0	29349.0	29537.0	314.0	16.0	64.7	73.2	80.1	87.1
2015-09-22	29508.0	0.0	535.0	28704.0	28562.0	414.0	21.0	64.4	69.5	80.2	85.0
2015-09-29	30508.0	315.0	135.0	29579.0	30152.0	414.0	21.0	63.9	69.8	79.2	85.2
2015-10-06	29025.0	315.0	205.0	28123.0	28624.0	417.0	26.0	62.2	68.8	76.1	85.0
2015-10-13	30180.0	195.0	205.0	29548.0	29779.0	267.0	26.0	64.5	66.6	78.2	84.5
2015-10-20	30391.0	170.0	290.0	29784.0	29915.0	267.0	16.0	60.6	65.8	75.5	84.2
2015-10-27	28725.0	175.0	660.0	28348.0	27987.0	152.0	28.0	58.8	62.5	73.8	81.8
2015-11-03	29708.0	150.0	655.0	29361.0	28993.0	152.0	15.0	57.0	64.4	72.0	80.9
2015-11-10	30545.0	150.0	720.0	30215.0	29770.0	125.0	0.0	59.1	62.6	73.5	80.8
2015-11-17	31848.0	221.0	755.0	31302.0	30953.0	245.0	60.0	57.0	63.6	73.8	79.7
2015-11-24	32514.0	211.0	1070.0	32158.0	31354.0	55.0	0.0	55.9	60.7	71.6	76.8
2015-12-01	33099.0	191.0	1085.0	32763.0	31924.0	55.0	0.0	55.8	60.2	71.2	76.6
2015-12-08	33251.0	265.0	976.0	32865.0	32204.0	50.0	0.0	54.5	59.4	70.5	77.3
2015-12-15	33680.0	270.0	1051.0	33265.0	32534.0	50.0	0.0	53.8	58.6	68.8	76.6
2015-12-22	34075.0	590.0	1071.0	33405.0	32965.0	50.0	9.0	53.1	60.4	68.5	77.0
2015-12-29	34181.0	580.0	1111.0	33521.0	33040.0	50.0	0.0	53.0	60.4	68.5	76.8
2016-01-05	34652.0	560.0	1186.0	33992.0	33351.0	50.0	65.0	52.3	60.8	68.1	76.8
2016-01-12	34207.0	465.0	786.0	33490.0	33201.0	47.0	15.0	50.4	60.8	66.0	78.9
2016-01-19	34422.0	614.0	801.0	33547.0	33390.0	45.0	15.0	49.9	60.7	65.6	78.4
2016-01-26	36467.0	1084.0	1506.0	35177.0	34785.0	45.0	15.0	48.5	59.4	61.1	73.9
2016-02-02	37858.0	1155.0	2621.0	36492.0	35018.0	51.0	59.0	50.4	57.0	63.6	74.4
2016-02-09	36681.0	1140.0	2829.0	35350.0	33691.0	30.0	0.0	50.4	58.2	63.7	76.6
2016-02-16	37027.0	1140.0	2880.0	35697.0	33987.0	30.0	0.0	49.8	58.2	63.5	76.7
2016-02-23	37554.0	1125.0	3205.0	36224.0	34174.0	30.0	0.0	50.1	56.3	63.6	75.7
2016-03-01	38214.0	1082.0	3542.0	36914.0	34484.0	30.0	0.0	49.3	54.3	64.1	76.0
2016-03-08	37425.0	1095.0	3337.0	36140.0	33898.0	15.0	15.0	48.7	56.6	64.2	77.2
2016-03-15	38301.0	1095.0	3982.0	36961.0	34079.0	20.0	15.0	50.1	56.9	65.6	76.7
2016-03-22	38864.0	1083.0	3987.0	37499.0	34625.0	45.0	15.0	50.4	56.9	65.6	77.0
2016-03-29	40797.0	1052.0	4002.0	39412.0	36512.0	65.0	15.0	50.7	58.2	65.8	77.3
2016-04-05	39161.0	1107.0	4060.0	37781.0	34888.0	60.0	0.0	52.5	59.7	66.9	79.9
2016-04-12	40047.0	1077.0	4080.0	38692.0	35729.0	45.0	5.0	52.0	58.9	65.9	78.4
2016-04-19	40668.0	1283.0	4090.0	39088.0	36306.0	45.0	20.0	50.9	57.9	64.8	77.1
2016-04-26	41585.0	1613.0	4175.0	39761.0	37194.0	15.0	20.0	51.8	56.2	65.0	74.9
2016-05-03	42332.0	1804.0	4175.0	40287.0	37901.0	45.0	60.0	51.8	54.9	64.9	73.8
2016-05-10	41286.0	1883.0	4055.0	38916.0	36774.0	40.0	10.0	51.0	53.4	64.5	74.1
2016-05-17	41142.0	1813.0	4385.0	38852.0	36300.0	40.0	20.0	47.2	52.7	60.8	71.5
2016-05-24	41548.0	1965.0	4330.0	39043.0	36688.0	45.0	35.0	46.3	52.8	60.4	71.2
2016-05-31	41661.0	2679.0	4380.0	38422.0	36731.0	70.0	60.0	46.5	52.6	60.6	72.4
2016-06-07	41125.0	3434.0	4525.0	36986.0	35890.0	25.0	30.0	47.8	53.9	62.0	73.1
2016-06-14	41201.0	3384.0	4555.0	36992.0	35816.0	25.0	30.0	48.0	53.8	61.6	73.0
2016-06-21	41866.0	3426.0	4605.0	37467.0	36293.0	35.0	30.0	46.7	54.3	60.6	71.0
2016-06-28	41984.0	2805.0	4620.0	37873.0	36133.0	105.0	30.0	46.9	55.3	60.9	70.7
2016-07-05	42329.0	2780.0	4730.0	38072.0	35688.0	236.0	670.0	46.4	54.9	60.3	69.4
2016-07-12	39022.0	2117.0	4770.0	32259.0	32964.0	3562.0	204.0	40.7	55.0	53.1	70.6
2016-07-19	38744.0	1570.0	4797.0	35676.0	32740.0	331.0	40.0	47.2	53.4	61.0	69.4
2016-07-26	38891.0	1658.0	4677.0	35750.0	33022.0	336.0	45.0	43.9	52.4	55.9	67.3
2016-08-02	38582.0	1523.0	4222.0	35550.0	32644.0	357.0	564.0	43.5	51.5	55.5	66.4
2016-08-09	35325.0	1398.0	4037.0	32526.0	30233.0	376.0	30.0	43.2	49.7	54.9	66.2
2016-08-16	36119.0	1341.0	4062.0	33430.0	30995.0	316.0	30.0	44.1	47.9	55.6	65.5
2016-08-23	36387.0	1361.0	3472.0	33108.0	31288.0	316.0	25.0	46.0	46.9	57.5	66.6
2016-08-30	37503.0	1272.0	3472.0	34189.0	32308.0	356.0	37.0	47.6	46.3	58.6	66.5
2016-09-06	34643.0	1312.0	3245.0	31711.0	30080.0	314.0	12.0	52.6	46.4	64.1	68.2
2016-09-13	35309.0	1392.0	3485.0	32328.0	30547.0	324.0	12.0	52.5	48.2	63.9	69.6
2016-09-20	36523.0	1890.0	3799.0	33114.0	31517.0	324.0	12.0	53.0	46.6	64.9	69.0
2016-09-27	37243.0	1845.0	4113.0	33970.0	31988.0	298.0	12.0	54.0	46.5	64.7	68.5
2016-10-04	38960.0	1925.0	4459.0	35236.0	32754.0	689.0	637.0	52.7	47.3	62.5	68.6
2016-10-11	37325.0	1886.0	4529.0	34322.0	31954.0	287.0	12.0	54.2	51.1	64.7	71.5
2016-10-18	38417.0	1946.0	4594.0	35317.0	32926.0	269.0	12.0	54.1	49.8	64.4	72.4
2016-10-25	39195.0	2060.0	5182.0	35920.0	33056.0	270.0	12.0	53.0	49.7	63.1	71.3
2016-11-01	39941.0	2155.0	5525.0	36394.0	33282.0	270.0	12.0	52.7	49.1	62.4	70.6
2016-11-08	39020.0	2270.0	5309.0	35698.0	32880.0	233.0	12.0	54.3	48.9	65.4	73.7
2016-11-15	39385.0	2215.0	5089.0	36326.0	33676.0	224.0	0.0	51.4	48.9	62.7	69.7
2016-11-22	39930.0	2280.0	5649.0	36550.0	33421.0	240.0	0.0	50.9	48.1	63.0	69.4
2016-11-29	40333.0	2330.0	5984.0	36890.0	33469.0	233.0	0.0	50.0	47.3	62.3	68.8
2016-12-06	38082.0	2110.0	5556.0	35006.0	31751.0	211.0	20.0	50.7	46.3	63.0	68.2
2016-12-13	38693.0	2282.0	5678.0	35437.0	32242.0	211.0	10.0	48.7	46.9	60.8	70.3
2016-12-20	39135.0	2623.0	5552.0	35581.0	32868.0	216.0	0.0	47.9	48.9	60.7	71.8
2016-12-27	38256.0	2858.0	5347.0	34472.0	32179.0	211.0	15.0	47.0	50.0	60.7	72.6
2017-01-03	38196.0	2898.0	5568.0	34142.0	31898.0	426.0	0.0	47.7	49.3	61.4	73.6
2017-01-10	34932.0	2986.0	5448.0	31235.0	28931.0	181.0	23.0	50.0	53.5	63.0	76.4
2017-01-17	35000.0	2981.0	5415.0	31306.0	29030.0	183.0	25.0	50.4	52.2	63.4	75.7
2017-01-24	36354.0	2996.0	5604.0	32525.0	30105.0	208.0	20.0	52.2	55.3	65.5	77.5
2017-01-31	37247.0	2834.0	5677.0	33540.0	30883.0	186.0	0.0	51.8	53.2	65.1	74.2
