2013-12-17	112424.0	0.0	5400.0	109160.0	102280.0	1224.0	2704.0	62.4	54.1	73.9	70.3
2013-12-24	142800.0	0.0	5400.0	139536.0	134616.0	1224.0	744.0	54.0	50.3	62.0	61.6
2014-01-28	243452.0	0.0	11512.0	243452.0	231588.0	0.0	352.0	69.4	61.4	81.0	78.5
2014-02-04	273596.0	0.0	19256.0	273596.0	253988.0	0.0	352.0	72.8	54.3	78.5	72.1
2014-02-11	260523.0	0.0	11341.0	258488.0	246795.0	0.0	352.0	76.6	55.6	77.5	70.6
2014-02-18	275025.0	0.0	13376.0	272990.0	259262.0	0.0	352.0	75.5	52.1	76.2	69.9
2014-02-25	341404.0	0.0	11341.0	337334.0	325641.0	0.0	352.0	58.9	53.0	77.4	71.0
2014-03-04	385418.0	2035.0	21516.0	383383.0	361438.0	0.0	2464.0	54.7	56.1	78.4	72.8
2014-03-11	464162.0	2035.0	8140.0	462127.0	456022.0	0.0	0.0	51.6	51.7	67.8	65.3
2014-03-18	549968.0	2035.0	8140.0	547933.0	541828.0	0.0	0.0	44.6	47.0	61.1	57.4
2014-03-25	580623.0	2035.0	8140.0	578588.0	572483.0	0.0	0.0	47.3	47.1	64.0	59.8
2014-04-01	627694.0	2035.0	7404.0	624923.0	619554.0	0.0	0.0	40.0	46.7	59.1	58.4
2014-04-08	636668.0	736.0	0.0	635932.0	636668.0	0.0	0.0	36.1	47.6	54.7	57.1
2014-04-15	664619.0	736.0	0.0	663883.0	664619.0	0.0	0.0	45.7	51.3	59.6	60.2
2014-04-22	682251.0	736.0	0.0	681515.0	682251.0	0.0	0.0	46.3	51.8	60.5	61.3
2014-04-29	9030.0	0.0	0.0	8550.0	8900.0	480.0	130.0	45.6	52.0	59.5	63.0
2014-05-06	8890.0	0.0	0.0	8770.0	8890.0	120.0	0.0	46.7	57.3	63.5	66.3
2014-05-13	9120.0	0.0	0.0	8995.0	9120.0	125.0	0.0	48.8	56.5	66.0	68.4
2014-05-20	9120.0	0.0	0.0	8995.0	9120.0	125.0	0.0	48.8	56.5	66.0	68.4
2014-05-27	9735.0	300.0	0.0	9325.0	9735.0	110.0	0.0	45.7	56.6	63.1	70.4
2014-06-03	9589.0	270.0	0.0	8980.0	9569.0	319.0	0.0	45.3	58.5	60.4	67.7
2014-06-10	9566.0	170.0	0.0	8912.0	9320.0	364.0	126.0	46.6	58.7	65.7	68.5
2014-06-17	9778.0	170.0	0.0	9254.0	9658.0	234.0	0.0	46.8	59.6	66.9	70.4
2014-06-24	9674.0	195.0	0.0	9075.0	9524.0	309.0	55.0	48.9	60.1	69.1	71.3
2014-07-01	9734.0	195.0	0.0	9170.0	9559.0	274.0	80.0	49.7	60.2	69.8	70.6
2014-07-08	9489.0	215.0	0.0	8900.0	9349.0	299.0	65.0	48.6	60.0	67.2	69.7
2014-07-15	9379.0	165.0	0.0	8845.0	9099.0	294.0	205.0	50.3	60.2	67.5	70.2
2014-07-22	10510.0	465.0	0.0	9546.0	10170.0	424.0	265.0	49.9	57.1	68.2	73.4
2014-07-29	12104.0	1315.0	0.0	10353.0	11964.0	361.0	65.0	49.5	51.7	68.0	73.3
2014-08-05	11933.0	1365.0	0.0	10243.0	11783.0	300.0	125.0	61.7	59.8	79.2	84.0
2014-08-12	11988.0	1245.0	0.0	10318.0	11898.0	400.0	65.0	60.3	60.9	78.3	84.8
2014-08-19	12493.0	1220.0	0.0	10798.0	12318.0	425.0	125.0	57.9	58.4	74.1	79.0
2014-08-26	12258.0	800.0	25.0	10963.0	12178.0	445.0	5.0	54.3	54.5	73.0	75.5
2014-09-02	12463.0	850.0	25.0	11118.0	12383.0	445.0	5.0	54.2	53.3	70.7	74.0
2014-09-09	12776.0	845.0	205.0	11442.0	12511.0	434.0	5.0	51.6	50.1	70.2	72.5
2014-09-16	13200.0	970.0	205.0	11706.0	12940.0	469.0	0.0	49.8	51.1	67.9	72.9
2014-09-23	13015.0	125.0	707.0	12196.0	12208.0	594.0	0.0	51.5	48.0	68.1	68.3
2014-09-30	13650.0	135.0	1032.0	12756.0	12463.0	634.0	30.0	50.0	48.3	65.8	68.1
2014-10-07	13337.0	210.0	1127.0	12449.0	12175.0	653.0	10.0	43.4	42.1	58.6	62.3
2014-10-14	13832.0	210.0	1127.0	13246.0	12670.0	351.0	10.0	42.2	43.0	56.9	62.4
2014-10-21	14157.0	105.0	1352.0	13566.0	12600.0	381.0	100.0	41.4	41.2	56.8	60.6
2014-10-28	16002.0	105.0	1352.0	15666.0	14535.0	126.0	10.0	50.1	40.7	64.0	62.3
2014-11-04	16224.0	185.0	555.0	15688.0	15554.0	246.0	10.0	51.1	40.4	65.0	63.5
2014-11-11	16947.0	135.0	555.0	16542.0	16227.0	115.0	10.0	52.5	41.3	64.5	62.6
2014-11-18	17660.0	135.0	555.0	17255.0	16940.0	115.0	10.0	57.5	48.6	68.7	70.7
2014-11-25	18898.0	27.0	855.0	18143.0	17670.0	465.0	110.0	60.1	44.0	70.4	66.8
2014-12-02	19180.0	27.0	855.0	18305.0	17952.0	585.0	110.0	60.2	45.3	70.6	67.6
2014-12-09	18794.0	0.0	883.0	18160.0	17626.0	449.0	100.0	59.8	44.7	68.2	65.1
2014-12-16	19379.0	0.0	941.0	18660.0	18163.0	544.0	100.0	58.3	44.9	66.8	63.8
2014-12-23	19599.0	0.0	891.0	19235.0	18383.0	139.0	100.0	58.8	45.6	67.4	64.3
2014-12-30	19724.0	0.0	881.0	19350.0	18508.0	139.0	100.0	59.1	45.4	67.5	64.7
2015-01-06	20375.0	242.0	780.0	19847.0	19337.0	128.0	100.0	59.2	41.6	67.4	62.6
2015-01-13	22230.0	242.0	880.0	21702.0	21192.0	128.0	0.0	59.7	38.9	67.4	60.9
2015-01-20	22146.0	242.0	880.0	21618.0	21108.0	128.0	0.0	60.0	41.0	69.1	63.4
2015-01-27	22496.0	842.0	880.0	21343.0	21458.0	153.0	0.0	57.8	41.3	68.5	64.1
2015-02-03	22993.0	842.0	880.0	21815.0	21815.0	178.0	140.0	58.3	42.7	69.4	64.8
2015-02-10	22811.0	622.0	765.0	21924.0	21918.0	137.0	0.0	60.2	42.3	71.3	65.5
2015-02-17	22901.0	622.0	815.0	22014.0	21948.0	137.0	10.0	63.1	42.9	74.1	66.5
2015-02-24	23523.0	582.0	815.0	22634.0	22528.0	137.0	10.0	63.0	41.9	74.2	65.4
2015-03-03	24081.0	612.0	815.0	23159.0	22833.0	137.0	260.0	62.5	41.6	74.8	64.4
2015-03-10	22527.0	567.0	700.0	21701.0	21674.0	116.0	10.0	65.2	43.5	75.6	65.4
2015-03-17	23192.0	567.0	700.0	22366.0	22339.0	116.0	10.0	62.8	42.2	73.4	64.1
2015-03-24	23116.0	567.0	700.0	22290.0	22263.0	116.0	10.0	67.1	43.2	77.0	65.1
2015-03-31	23976.0	592.0	750.0	23125.0	23073.0	116.0	10.0	65.8	43.9	75.5	65.2
2015-04-07	22711.0	710.0	685.0	21861.0	21926.0	140.0	100.0	66.7	45.1	77.3	66.8
2015-04-14	22546.0	710.0	635.0	21696.0	21811.0	140.0	100.0	65.8	46.2	76.2	67.7
2015-04-21	22791.0	710.0	785.0	21941.0	21906.0	140.0	100.0	67.8	47.5	78.8	68.1
2015-04-28	22819.0	710.0	785.0	21984.0	21934.0	125.0	100.0	67.9	47.4	78.8	67.9
2015-05-05	22596.0	600.0	720.0	21916.0	21876.0	80.0	0.0	69.2	44.6	78.4	65.6
2015-05-12	22916.0	600.0	720.0	22236.0	22196.0	80.0	0.0	69.2	42.7	78.7	64.7
2015-05-19	22891.0	600.0	720.0	22211.0	22171.0	80.0	0.0	69.3	42.3	78.7	64.3
2015-05-26	22041.0	600.0	720.0	21361.0	21321.0	80.0	0.0	69.5	41.7	79.3	65.6
2015-06-02	22144.0	600.0	720.0	21464.0	21269.0	80.0	155.0	67.0	43.5	76.9	65.8
2015-06-09	21342.0	600.0	630.0	20532.0	20712.0	210.0	0.0	67.5	44.5	77.0	68.1
2015-06-16	21666.0	600.0	630.0	20856.0	21036.0	210.0	0.0	65.7	45.4	76.4	69.0
2015-06-23	21781.0	600.0	630.0	21111.0	21151.0	70.0	0.0	64.9	44.8	75.7	68.5
2015-06-30	22258.0	600.0	630.0	21588.0	21628.0	70.0	0.0	63.2	50.4	75.2	70.4
2015-07-07	21845.0	600.0	540.0	21185.0	21305.0	60.0	0.0	63.8	54.9	75.1	73.2
2015-07-14	23125.0	600.0	540.0	22405.0	22585.0	120.0	0.0	63.5	57.5	75.9	76.1
2015-07-21	23615.0	600.0	540.0	22895.0	23075.0	120.0	0.0	63.4	58.5	76.0	76.7
2015-07-28	24035.0	600.0	540.0	23300.0	23495.0	135.0	0.0	62.4	58.4	75.2	77.0
2015-08-04	24125.0	600.0	540.0	23345.0	23585.0	180.0	0.0	62.3	58.9	75.1	77.0
2015-08-11	22925.0	600.0	450.0	22155.0	22475.0	170.0	0.0	63.7	61.1	75.8	78.7
2015-08-18	23294.0	600.0	450.0	22524.0	22844.0	170.0	0.0	64.6	61.4	75.9	79.5
2015-08-25	23269.0	600.0	450.0	22499.0	22819.0	170.0	0.0	64.4	60.9	75.6	79.2
2015-09-01	24320.0	600.0	450.0	23550.0	23570.0	170.0	300.0	61.6	60.1	72.9	77.6
2015-09-08	23960.0	600.0	470.0	23105.0	23490.0	255.0	0.0	61.8	61.3	74.5	79.3
2015-09-15	22148.0	0.0	420.0	21893.0	21728.0	255.0	0.0	62.1	59.8	74.1	78.0
2015-09-22	22458.0	0.0	420.0	22083.0	22038.0	375.0	0.0	63.8	60.3	76.3	78.9
2015-09-29	23639.0	0.0	420.0	23264.0	23219.0	375.0	0.0	63.5	61.9	75.4	78.6
2015-10-06	22869.0	0.0	155.0	22244.0	22574.0	485.0	0.0	62.5	65.2	74.8	81.5
2015-10-13	23554.0	0.0	165.0	22919.0	23249.0	495.0	0.0	58.7	63.6	69.4	75.6
2015-10-20	23119.0	0.0	165.0	22494.0	22784.0	485.0	30.0	55.6	62.4	66.4	74.7
2015-10-27	23487.0	0.0	215.0	22862.0	23102.0	485.0	30.0	52.6	61.7	65.5	73.9
2015-11-03	24600.0	0.0	215.0	24145.0	24215.0	315.0	30.0	47.7	59.7	59.9	70.4
2015-11-10	23268.0	0.0	125.0	22858.0	22973.0	270.0	30.0	45.9	54.4	59.5	66.4
2015-11-17	23578.0	0.0	125.0	23038.0	23283.0	400.0	30.0	47.4	57.3	61.3	68.5
2015-11-24	23077.0	0.0	125.0	22527.0	22812.0	410.0	0.0	47.9	60.2	61.4	72.0
2015-12-01	23263.0	0.0	125.0	22713.0	22998.0	410.0	0.0	47.5	59.7	60.9	71.6
2015-12-08	22583.0	0.0	35.0	22018.0	22258.0	395.0	120.0	45.3	61.9	59.8	73.7
2015-12-15	22891.0	25.0	35.0	22286.0	22556.0	410.0	130.0	44.4	64.0	58.9	75.4
2015-12-22	23416.0	0.0	35.0	22811.0	23176.0	410.0	10.0	43.6	65.3	59.3	76.4
2015-12-29	23431.0	0.0	35.0	22826.0	23191.0	410.0	10.0	43.6	65.3	59.0	76.4
2016-01-05	23741.0	0.0	105.0	23136.0	23431.0	410.0	10.0	44.2	63.1	59.3	75.7
2016-01-12	22840.0	510.0	120.0	21870.0	22680.0	460.0	40.0	43.8	66.1	60.4	78.9
2016-01-19	22900.0	510.0	120.0	21930.0	22740.0	460.0	40.0	43.8	66.4	60.3	79.2
2016-01-26	24015.0	510.0	145.0	23045.0	23830.0	460.0	40.0	41.8	61.9	56.0	74.1
2016-02-02	25055.0	510.0	120.0	24085.0	24870.0	460.0	65.0	42.4	59.7	56.5	73.9
2016-02-09	23898.0	470.0	95.0	23033.0	23788.0	395.0	15.0	42.3	58.9	57.5	74.3
2016-02-16	23953.0	470.0	95.0	23088.0	23843.0	395.0	15.0	42.2	59.0	57.2	74.3
2016-02-23	23772.0	470.0	95.0	22907.0	23662.0	395.0	15.0	42.7	57.7	57.7	72.5
2016-03-01	24122.0	470.0	95.0	23257.0	24012.0	395.0	15.0	43.3	56.9	59.0	71.5
2016-03-08	22518.0	390.0	25.0	21483.0	22493.0	645.0	0.0	43.1	57.6	61.0	73.5
2016-03-15	22743.0	390.0	25.0	21708.0	22718.0	645.0	0.0	45.7	57.3	63.0	76.3
2016-03-22	22934.0	390.0	25.0	21842.0	22842.0	702.0	67.0	45.6	56.8	63.0	77.4
2016-03-29	23040.0	390.0	25.0	22011.0	22926.0	639.0	89.0	45.3	56.9	62.6	77.5
2016-04-05	21811.0	355.0	50.0	21152.0	21674.0	304.0	87.0	44.2	56.7	62.0	77.2
2016-04-12	22436.0	355.0	50.0	21777.0	22299.0	304.0	87.0	44.0	55.1	61.5	76.2
2016-04-19	22696.0	655.0	50.0	21737.0	22559.0	304.0	87.0	41.0	54.8	58.5	75.9
2016-04-26	23024.0	655.0	50.0	22062.0	22534.0	307.0	440.0	42.3	53.9	59.6	74.5
2016-05-03	23034.0	655.0	50.0	22072.0	22484.0	307.0	500.0	42.8	53.9	60.1	74.8
2016-05-10	22010.0	460.0	25.0	20883.0	21407.0	567.0	478.0	40.9	52.9	58.4	73.8
2016-05-17	22350.0	310.0	150.0	21423.0	21862.0	617.0	338.0	42.1	51.7	59.6	74.0
2016-05-24	22957.0	310.0	175.0	22025.0	22404.0	622.0	378.0	40.9	50.3	59.2	73.0
2016-05-31	22802.0	310.0	175.0	21920.0	22569.0	572.0	58.0	39.7	50.8	58.0	72.8
2016-06-07	21519.0	265.0	62.0	20650.0	21384.0	604.0	73.0	39.3	49.0	57.7	72.8
2016-06-14	22134.0	265.0	62.0	21130.0	21929.0	739.0	143.0	38.1	48.4	56.2	72.4
2016-06-21	22242.0	403.0	0.0	21088.0	22087.0	739.0	143.0	37.2	48.8	55.2	72.0
2016-06-28	20977.0	403.0	0.0	19952.0	20950.0	610.0	15.0	38.0	52.9	56.0	70.0
2016-07-05	21612.0	383.0	0.0	20481.0	21558.0	736.0	42.0	41.3	51.4	58.9	71.6
2016-07-12	21130.0	288.0	25.0	19360.0	20678.0	1440.0	385.0	39.9	47.1	56.3	67.7
2016-07-19	21455.0	621.0	25.0	20227.0	21398.0	575.0	0.0	37.4	45.9	54.1	67.2
2016-07-26	21965.0	741.0	25.0	20617.0	21908.0	575.0	0.0	34.7	42.8	50.1	62.9
2016-08-02	22730.0	741.0	0.0	21182.0	22616.0	750.0	57.0	35.7	44.5	50.9	63.6
2016-08-09	21722.0	205.0	0.0	20564.0	21665.0	898.0	2.0	37.2	39.1	51.9	57.8
2016-08-16	22042.0	205.0	0.0	20944.0	21985.0	838.0	2.0	38.5	39.2	53.1	57.9
2016-08-23	21922.0	205.0	0.0	20824.0	21865.0	838.0	2.0	38.4	39.5	53.2	58.3
2016-08-30	22055.0	205.0	10.0	21352.0	21998.0	453.0	2.0	41.9	42.6	56.8	64.6
2016-09-06	21041.0	160.0	35.0	20413.0	20976.0	438.0	0.0	45.7	42.3	58.5	64.8
2016-09-13	22321.0	160.0	35.0	21693.0	22256.0	438.0	0.0	41.1	41.4	54.5	62.4
2016-09-20	23341.0	160.0	35.0	22713.0	23276.0	438.0	0.0	37.2	37.8	50.0	57.9
2016-09-27	23522.0	160.0	35.0	22890.0	23457.0	442.0	0.0	39.7	39.2	53.1	58.5
2016-10-04	25014.0	160.0	235.0	23917.0	24692.0	907.0	57.0	38.5	37.9	49.0	55.4
2016-10-11	23782.0	100.0	270.0	23155.0	23467.0	482.0	0.0	39.5	39.0	49.7	54.7
2016-10-18	22512.0	75.0	280.0	21775.0	22112.0	542.0	0.0	46.2	45.9	57.3	62.8
2016-10-25	22916.0	75.0	472.0	22159.0	22304.0	562.0	20.0	46.6	44.4	57.4	61.0
2016-11-01	22987.0	75.0	528.0	22235.0	22339.0	557.0	0.0	48.1	44.4	58.9	61.2
2016-11-08	22841.0	178.0	358.0	22183.0	22288.0	285.0	0.0	50.6	45.8	60.8	66.6
2016-11-15	22897.0	183.0	458.0	22229.0	22239.0	285.0	0.0	50.0	45.4	60.1	65.9
2016-11-22	22563.0	30.0	590.0	22130.0	21800.0	240.0	10.0	49.7	44.4	61.2	65.1
2016-11-29	22540.0	30.0	444.0	22107.0	21913.0	220.0	0.0	48.9	44.5	60.4	65.1
2016-12-06	20988.0	25.0	352.0	20630.0	20503.0	200.0	0.0	47.5	47.1	59.5	66.5
2016-12-13	21188.0	36.0	250.0	20785.0	20771.0	200.0	0.0	45.0	47.4	59.4	68.6
2016-12-20	21208.0	116.0	250.0	20715.0	20791.0	210.0	0.0	44.0	47.1	57.9	68.2
2016-12-27	20748.0	116.0	250.0	20255.0	20331.0	210.0	0.0	45.2	46.2	58.1	68.1
2017-01-03	20993.0	116.0	250.0	20295.0	20576.0	415.0	0.0	45.4	47.1	58.0	68.6
2017-01-10	19060.0	268.0	0.0	18147.0	19015.0	630.0	30.0	45.8	55.4	61.1	73.6
2017-01-17	19157.0	268.0	0.0	18244.0	19112.0	630.0	30.0	46.4	55.9	61.5	73.8
2017-01-24	19973.0	268.0	0.0	19060.0	19922.0	630.0	36.0	48.9	61.3	64.7	80.2
2017-01-31	21136.0	268.0	0.0	20223.0	21081.0	630.0	40.0	48.6	57.9	66.7	78.5
