2013-12-24	9125.0	744.0	217.0	8077.0	8474.0	304.0	434.0	71.6	48.6	84.8	69.9
2015-06-23	21483.0	0.0	341.0	18700.0	19616.0	2783.0	1526.0	59.7	78.2	78.3	84.1
2015-06-30	21638.0	0.0	341.0	18700.0	19740.0	2938.0	1557.0	58.7	77.6	77.8	83.5
2015-07-28	21481.0	0.0	341.0	18103.0	18594.0	3378.0	2546.0	58.2	73.1	78.4	81.7
2015-08-04	21481.0	0.0	341.0	18103.0	18594.0	3378.0	2546.0	58.2	73.1	78.4	81.7
2015-12-29	14478.0	0.0	0.0	13097.0	12696.0	1381.0	1782.0	57.1	48.3	80.0	70.0
2016-01-05	14478.0	0.0	0.0	13097.0	12696.0	1381.0	1782.0	57.1	48.3	80.0	70.0
2016-02-02	14936.0	551.0	0.0	11976.0	11991.0	2409.0	2945.0	70.0	49.0	79.3	66.0
2016-02-23	17009.0	737.0	0.0	14326.0	14051.0	1946.0	2958.0	62.3	43.7	78.8	70.7
2016-03-01	18469.0	737.0	0.0	15786.0	15511.0	1946.0	2958.0	61.3	48.1	80.5	73.0
2016-03-22	16880.0	240.0	0.0	14620.0	14436.0	2020.0	2444.0	54.5	48.6	78.1	72.1
2016-03-29	20936.0	240.0	0.0	17948.0	18792.0	2748.0	2144.0	59.6	43.5	78.6	71.8
2016-04-05	15449.0	240.0	0.0	11792.0	11973.0	3417.0	3476.0	60.4	48.1	72.2	65.6
2016-04-12	15883.0	240.0	0.0	12226.0	14235.0	3417.0	1648.0	58.3	54.2	72.9	75.0
2016-04-19	16441.0	240.0	0.0	12784.0	14607.0	3417.0	1834.0	59.7	52.2	73.8	74.7
2016-04-26	18394.0	240.0	0.0	14981.0	16436.0	3173.0	1958.0	65.3	48.8	77.6	72.4
2016-05-03	18634.0	240.0	0.0	15129.0	16676.0	3265.0	1958.0	64.5	48.1	77.9	73.2
2016-06-21	14599.0	736.0	620.0	12738.0	10626.0	1125.0	3353.0	58.3	38.5	74.2	59.0
2016-06-28	17617.0	1232.0	0.0	14948.0	14632.0	1437.0	2985.0	59.8	38.3	73.9	59.7
2016-07-05	17617.0	1232.0	0.0	14678.0	14632.0	1707.0	2985.0	58.3	38.3	72.4	59.7
2016-07-19	14872.0	930.0	0.0	12560.0	11934.0	1382.0	2938.0	67.2	53.4	79.9	70.6
2016-07-26	15833.0	930.0	0.0	13645.0	12988.0	1258.0	2845.0	64.1	50.8	78.8	70.5
2016-08-02	15833.0	930.0	0.0	13645.0	12988.0	1258.0	2845.0	64.1	50.8	78.8	70.5
2016-09-27	17538.0	210.0	0.0	14935.0	15842.0	2393.0	1696.0	61.6	56.1	81.9	80.7
2016-10-04	18142.0	210.0	0.0	15237.0	16446.0	2695.0	1696.0	61.2	57.5	80.8	81.4
2016-10-18	16284.0	0.0	0.0	14643.0	14678.0	1641.0	1606.0	59.2	57.5	81.2	80.3
2016-10-25	18174.0	0.0	930.0	16413.0	15698.0	1761.0	1546.0	58.7	53.3	77.7	75.8
2016-11-01	18294.0	0.0	930.0	16533.0	15818.0	1761.0	1546.0	58.9	53.0	77.2	75.3
2016-11-15	15927.0	0.0	930.0	14112.0	12856.0	1815.0	2141.0	60.9	60.1	81.2	83.2
2016-11-22	18166.0	0.0	930.0	16165.0	14940.0	2001.0	2296.0	43.8	44.1	63.2	64.7
2016-11-29	19022.0	0.0	930.0	16165.0	15796.0	2857.0	2296.0	37.4	42.1	55.8	61.8
2017-01-31	19848.0	0.0	317.0	18582.0	18013.0	1266.0	1518.0	49.2	56.0	67.6	67.9
