2014-01-21	12150.0	1000.0	0.0	10900.0	11400.0	250.0	750.0	58.0	53.9	74.1	72.0
2014-01-28	7150.0	600.0	0.0	6350.0	7000.0	150.0	100.0	54.5	63.6	72.0	81.8
2014-02-04	7950.0	0.0	550.0	6750.0	5950.0	1100.0	1350.0	49.7	54.1	64.2	67.9
2014-02-11	4150.0	350.0	0.0	3150.0	3600.0	400.0	300.0	48.2	63.9	63.9	78.3
2014-02-18	9000.0	0.0	600.0	8450.0	6600.0	200.0	1450.0	69.4	41.7	80.6	59.4
2014-02-25	5500.0	550.0	1250.0	4850.0	3450.0	50.0	750.0	57.3	62.7	80.0	75.5
2014-03-04	2950.0	0.0	550.0	2800.0	1850.0	150.0	550.0	62.7	62.7	83.1	72.9
2014-03-11	4050.0	100.0	50.0	3900.0	3700.0	50.0	300.0	67.9	50.6	85.2	75.3
2014-03-18	4050.0	250.0	50.0	3650.0	3750.0	50.0	150.0	77.8	64.2	87.7	79.0
2014-04-08	8100.0	300.0	300.0	7550.0	7450.0	250.0	350.0	72.2	68.5	85.8	82.7
2014-04-15	7750.0	200.0	50.0	7350.0	7400.0	150.0	250.0	80.0	78.7	87.1	87.7
2014-04-22	7250.0	150.0	300.0	6950.0	6600.0	150.0	350.0	85.5	61.4	92.4	78.6
2014-04-29	5400.0	0.0	50.0	5000.0	4900.0	150.0	200.0	81.5	56.5	87.0	75.9
2014-05-06	3550.0	0.0	450.0	3500.0	2750.0	50.0	350.0	80.3	71.8	91.5	84.5
2014-05-13	3650.0	200.0	50.0	3300.0	3350.0	100.0	200.0	75.3	65.8	87.7	80.8
2014-05-20	3450.0	100.0	100.0	3050.0	3000.0	0.0	50.0	55.1	62.3	69.6	68.1
2014-05-27	4850.0	600.0	150.0	3350.0	4450.0	900.0	250.0	53.6	50.5	66.0	73.2
2014-06-03	4150.0	0.0	1000.0	4050.0	2950.0	100.0	200.0	54.2	66.3	71.1	75.9
2014-06-17	5650.0	850.0	750.0	4700.0	4350.0	0.0	450.0	62.8	61.9	88.5	85.8
2014-07-22	5800.0	200.0	1600.0	5550.0	3600.0	50.0	600.0	78.0	59.5	85.8	78.0
2014-07-29	3450.0	0.0	1150.0	3250.0	2200.0	200.0	100.0	87.0	66.7	94.2	82.6
2014-10-28	3700.0	400.0	0.0	3250.0	3650.0	0.0	0.0	66.2	75.7	85.1	91.9
2014-11-18	5250.0	0.0	250.0	4850.0	4550.0	350.0	400.0	59.0	59.0	81.0	72.4
2014-11-25	3400.0	0.0	350.0	3150.0	2900.0	200.0	100.0	48.5	57.4	69.1	76.5
2015-02-17	7200.0	1900.0	50.0	5050.0	6800.0	200.0	300.0	47.9	54.2	70.1	79.9
2015-03-03	2650.0	50.0	0.0	2550.0	2650.0	50.0	0.0	47.2	58.5	71.7	79.2
2015-05-26	3950.0	0.0	50.0	3800.0	3750.0	100.0	100.0	78.5	81.0	93.7	89.9
2015-06-09	2200.0	200.0	50.0	2000.0	2100.0	0.0	50.0	75.0	59.1	93.2	84.1
2015-09-01	5200.0	150.0	150.0	5000.0	4750.0	50.0	300.0	77.9	51.9	88.5	74.0
2015-09-08	2950.0	200.0	50.0	2700.0	2850.0	50.0	50.0	61.0	55.9	79.7	71.2
2016-07-12	7275.0	800.0	250.0	6325.0	6825.0	0.0	50.0	76.3	68.7	82.5	80.4
2016-07-19	7800.0	650.0	1400.0	7100.0	6350.0	50.0	50.0	64.7	68.6	84.0	86.5
2016-08-02	3050.0	250.0	150.0	2650.0	2750.0	0.0	0.0	45.9	75.4	75.4	83.6
2016-09-06	4300.0	1100.0	150.0	2900.0	4000.0	150.0	0.0	58.1	61.6	69.8	73.3
2016-12-13	5400.0	950.0	0.0	4400.0	5350.0	0.0	0.0	69.4	63.9	88.9	88.9
2017-01-17	11650.0	250.0	1650.0	11250.0	9950.0	100.0	0.0	83.7	56.2	89.3	82.8
2017-01-24	7100.0	0.0	1200.0	7050.0	5900.0	50.0	0.0	78.2	54.9	96.5	83.8
