2014-01-28	196011.0	23320.0	704.0	172691.0	195307.0	0.0	0.0	68.4	82.6	83.0	88.2
2014-02-04	199531.0	25080.0	2816.0	174451.0	196715.0	0.0	0.0	67.4	80.3	80.8	86.3
2014-02-11	253849.0	45784.0	0.0	205249.0	251033.0	0.0	0.0	66.4	81.4	83.2	86.6
2014-02-18	253849.0	25080.0	0.0	228769.0	253849.0	0.0	0.0	69.1	81.4	83.2	86.6
2014-02-25	337567.0	48400.0	0.0	289167.0	337567.0	0.0	0.0	63.2	76.3	82.0	85.2
2014-03-04	332706.0	111250.0	0.0	214146.0	325396.0	0.0	0.0	63.6	69.2	76.9	80.4
2014-03-11	309250.0	88986.0	0.0	215770.0	304756.0	0.0	0.0	65.0	67.2	80.2	80.4
2014-03-18	314645.0	88986.0	0.0	221165.0	310151.0	0.0	0.0	61.6	65.3	77.1	80.0
2014-03-25	349413.0	88986.0	0.0	255933.0	344919.0	0.0	0.0	57.2	66.5	71.1	78.0
2014-04-01	348653.0	88986.0	0.0	255173.0	344159.0	0.0	0.0	51.1	66.6	68.4	77.4
2014-04-08	460620.0	155392.0	0.0	301548.0	456940.0	0.0	0.0	49.4	55.4	60.7	67.8
2014-04-15	462652.0	155392.0	0.0	303580.0	458972.0	0.0	0.0	49.2	55.2	60.8	68.1
2014-04-22	481079.0	155392.0	0.0	322007.0	477399.0	0.0	0.0	46.5	50.1	58.1	64.1
2014-06-03	9838.0	2115.0	0.0	6923.0	9668.0	750.0	120.0	41.3	41.0	50.6	52.8
2014-06-17	10729.0	2165.0	0.0	7604.0	10654.0	885.0	0.0	45.1	35.3	55.5	55.8
2014-06-24	11589.0	2165.0	0.0	8464.0	11514.0	885.0	0.0	41.7	34.9	56.4	55.9
2014-07-01	11859.0	2015.0	0.0	8644.0	11634.0	975.0	0.0	40.5	34.0	55.7	54.5
2014-07-08	11796.0	2015.0	0.0	8584.0	11571.0	972.0	0.0	42.3	34.5	57.5	54.9
2014-07-15	12078.0	2015.0	0.0	8904.0	11781.0	934.0	72.0	43.7	39.2	58.6	58.7
2014-07-22	12453.0	2615.0	0.0	8669.0	12156.0	944.0	72.0	45.4	40.4	59.7	59.4
2014-07-29	12698.0	3240.0	250.0	8297.0	12101.0	886.0	72.0	52.2	39.9	66.4	59.4
2014-08-05	12229.0	3565.0	300.0	7813.0	11657.0	651.0	72.0	52.9	41.2	68.3	61.2
2014-08-12	12315.0	3565.0	300.0	7800.0	11743.0	750.0	72.0	51.7	40.9	66.8	60.0
2014-08-19	12305.0	3515.0	300.0	7830.0	11683.0	710.0	72.0	56.1	43.0	70.3	64.3
2014-08-26	12793.0	3660.0	0.0	8119.0	12501.0	794.0	72.0	57.5	50.7	73.1	71.2
2014-09-02	12898.0	3660.0	0.0	8214.0	12606.0	804.0	72.0	56.9	49.8	73.3	69.4
2014-09-09	12903.0	3875.0	0.0	7929.0	12636.0	904.0	72.0	57.0	50.2	73.3	69.5
2014-09-16	13103.0	4235.0	0.0	7744.0	12851.0	944.0	72.0	58.4	48.5	73.5	69.0
2014-09-23	13165.0	4125.0	70.0	7791.0	12843.0	1069.0	72.0	57.9	48.0	73.4	68.7
2014-09-30	13777.0	4475.0	490.0	8417.0	13063.0	765.0	104.0	54.3	38.8	71.8	58.7
2014-10-07	13542.0	4500.0	470.0	8174.0	12853.0	753.0	104.0	55.2	39.4	72.4	60.3
2014-10-14	13765.0	4500.0	610.0	8455.0	13008.0	735.0	72.0	55.4	39.2	69.0	60.1
2014-10-21	17485.0	4500.0	610.0	12175.0	16728.0	735.0	72.0	58.9	46.1	69.6	62.6
2014-10-28	17740.0	4500.0	610.0	12670.0	16983.0	495.0	72.0	57.1	44.9	68.9	60.1
2014-11-04	17791.0	4500.0	0.0	12705.0	17744.0	551.0	12.0	56.9	43.0	68.8	58.1
2014-11-11	18044.0	4325.0	0.0	13128.0	17997.0	556.0	12.0	59.7	40.2	71.4	59.6
2014-11-18	18721.0	4275.0	0.0	13857.0	18674.0	554.0	12.0	55.0	39.3	67.0	56.3
2014-11-25	18970.0	4525.0	0.0	13874.0	18923.0	536.0	12.0	51.9	38.8	64.9	56.1
2014-12-02	18969.0	4525.0	0.0	13868.0	18902.0	541.0	32.0	51.9	38.7	64.9	56.0
2014-12-09	19142.0	4460.0	0.0	14111.0	18509.0	536.0	598.0	54.0	39.9	66.6	58.3
2014-12-16	19272.0	4460.0	0.0	14241.0	18939.0	536.0	298.0	53.4	39.9	66.8	56.8
2014-12-23	19313.0	4460.0	0.0	14282.0	18980.0	536.0	298.0	53.9	40.6	67.6	57.4
2014-12-30	19411.0	4475.0	0.0	14305.0	19078.0	596.0	298.0	53.4	40.4	67.0	58.1
2015-01-06	19037.0	4485.0	0.0	13799.0	18709.0	753.0	328.0	58.4	43.8	72.3	61.5
2015-01-13	19767.0	4510.0	0.0	14544.0	19429.0	713.0	338.0	51.0	43.0	65.5	58.8
2015-01-20	20512.0	4955.0	0.0	14859.0	20224.0	698.0	288.0	53.4	43.2	67.3	59.9
2015-01-27	20877.0	4955.0	0.0	15137.0	20597.0	785.0	280.0	53.4	43.4	66.8	59.2
2015-02-03	21486.0	4955.0	0.0	15666.0	21161.0	865.0	325.0	51.6	45.0	64.8	60.4
2015-02-10	20428.0	4875.0	0.0	14763.0	20156.0	790.0	272.0	51.1	44.7	64.4	59.9
2015-02-17	20563.0	4925.0	0.0	14848.0	20291.0	790.0	272.0	51.0	44.7	65.9	59.7
2015-02-24	22003.0	4925.0	0.0	16288.0	21731.0	790.0	272.0	46.3	43.7	63.4	60.3
2015-03-03	22153.0	4925.0	0.0	16158.0	21836.0	1070.0	317.0	45.8	44.1	62.9	60.6
2015-03-10	21110.0	4815.0	0.0	15377.0	20838.0	918.0	272.0	44.8	44.6	61.6	61.2
2015-03-17	20810.0	3915.0	0.0	15977.0	20538.0	918.0	272.0	44.0	45.2	61.1	63.5
2015-03-24	20870.0	3915.0	0.0	16037.0	20598.0	918.0	272.0	46.2	46.7	61.5	65.1
2015-03-31	21000.0	3915.0	0.0	16137.0	20728.0	948.0	272.0	45.8	46.4	61.1	65.2
2015-04-07	20054.0	3720.0	0.0	15424.0	19745.0	910.0	309.0	45.6	46.3	60.6	65.2
2015-04-14	20924.0	3720.0	0.0	16294.0	20615.0	910.0	309.0	43.7	47.3	58.1	62.5
2015-04-21	21043.0	3870.0	0.0	16223.0	20961.0	950.0	82.0	42.5	51.3	55.5	62.5
2015-04-28	21113.0	3870.0	0.0	16358.0	21101.0	885.0	12.0	41.7	51.4	54.9	62.5
2015-05-05	20106.0	3575.0	0.0	15817.0	20106.0	714.0	0.0	42.9	52.2	55.3	62.4
2015-05-12	20871.0	3275.0	0.0	16882.0	20871.0	714.0	0.0	40.0	50.3	55.5	63.4
2015-05-19	20861.0	3275.0	0.0	16872.0	20861.0	714.0	0.0	39.3	50.0	55.2	64.0
2015-05-26	20976.0	3325.0	0.0	16937.0	20976.0	714.0	0.0	39.3	49.7	55.1	63.9
2015-06-02	22811.0	3475.0	0.0	18582.0	22811.0	754.0	0.0	35.9	47.9	54.2	64.4
2015-06-09	22552.0	3159.0	0.0	19101.0	22552.0	292.0	0.0	34.0	46.5	54.7	61.7
2015-06-16	22572.0	3159.0	0.0	19121.0	22572.0	292.0	0.0	34.0	46.4	54.7	61.6
2015-06-23	22344.0	2559.0	0.0	19487.0	22284.0	238.0	0.0	32.3	45.5	54.0	61.1
2015-06-30	23409.0	2559.0	0.0	20552.0	23349.0	238.0	0.0	30.5	44.3	52.1	59.8
2015-07-07	22661.0	2274.0	0.0	20074.0	22383.0	253.0	218.0	30.7	44.9	52.3	59.6
2015-07-14	23541.0	2274.0	0.0	20894.0	23263.0	313.0	218.0	30.2	40.4	49.4	54.0
2015-07-21	23967.0	2624.0	0.0	20970.0	23689.0	313.0	218.0	31.5	40.6	50.3	54.7
2015-07-28	24071.0	2639.0	0.0	21059.0	23793.0	313.0	218.0	31.4	38.6	50.3	54.0
2015-08-04	24231.0	2594.0	0.0	21264.0	23953.0	313.0	218.0	31.6	38.5	50.6	53.7
2015-08-11	23128.0	2287.0	0.0	20131.0	22853.0	650.0	215.0	31.9	38.2	50.3	52.5
2015-08-18	23383.0	2287.0	0.0	20386.0	23323.0	650.0	0.0	31.3	37.9	50.3	51.8
2015-08-25	23988.0	2287.0	0.0	20991.0	23928.0	650.0	0.0	31.9	36.7	50.7	52.7
2015-09-01	24138.0	2287.0	0.0	21141.0	24078.0	650.0	0.0	32.5	36.3	50.9	52.3
2015-09-08	23030.0	2035.0	0.0	20211.0	22970.0	724.0	0.0	33.2	36.3	52.0	51.1
2015-09-15	23350.0	2110.0	0.0	20516.0	23350.0	724.0	0.0	35.7	37.4	54.2	52.0
2015-09-22	23200.0	2110.0	0.0	20396.0	23170.0	694.0	30.0	35.9	37.7	55.3	52.1
2015-09-29	24905.0	2110.0	0.0	22006.0	24905.0	789.0	0.0	36.9	41.4	58.0	54.6
2015-10-06	24541.0	1940.0	0.0	21865.0	24541.0	736.0	0.0	37.9	42.0	59.1	57.3
2015-10-13	24926.0	2000.0	0.0	22190.0	24926.0	736.0	0.0	39.0	42.0	59.2	57.8
2015-10-20	24871.0	2300.0	0.0	22170.0	24871.0	401.0	0.0	37.9	44.2	59.1	60.9
2015-10-27	25481.0	2425.0	0.0	22655.0	25481.0	401.0	0.0	37.2	43.5	58.5	60.9
2015-11-03	25946.0	2425.0	0.0	23120.0	25921.0	401.0	25.0	36.5	42.8	57.7	60.1
2015-11-10	25137.0	1935.0	0.0	22834.0	25112.0	368.0	25.0	36.4	43.3	56.3	57.6
2015-11-17	25447.0	1955.0	0.0	23154.0	25392.0	338.0	55.0	35.9	43.6	54.8	58.1
2015-11-24	25592.0	1930.0	0.0	23470.0	25537.0	192.0	55.0	35.9	43.6	55.1	58.3
2015-12-01	25617.0	1905.0	0.0	23520.0	25562.0	192.0	55.0	36.1	43.4	55.2	58.2
2015-12-08	24100.0	1470.0	0.0	22466.0	24070.0	164.0	30.0	39.8	45.7	58.5	60.3
2015-12-15	24080.0	990.0	0.0	22966.0	23970.0	44.0	30.0	39.8	45.8	58.1	59.8
2015-12-22	24025.0	690.0	0.0	23181.0	23945.0	74.0	0.0	41.3	45.7	60.0	59.6
2015-12-29	24135.0	690.0	0.0	23281.0	24055.0	84.0	0.0	41.5	45.9	60.2	59.7
2016-01-05	24279.0	610.0	70.0	23455.0	24079.0	84.0	0.0	41.3	46.2	59.8	58.5
2016-01-12	22781.0	495.0	160.0	22125.0	22351.0	121.0	230.0	42.6	48.0	60.2	60.0
2016-01-19	22426.0	495.0	185.0	21770.0	21966.0	121.0	235.0	40.6	48.0	60.3	60.1
2016-01-26	22485.0	495.0	141.0	21809.0	22059.0	141.0	245.0	39.5	47.9	59.4	59.5
2016-02-02	22780.0	495.0	166.0	22104.0	22354.0	141.0	220.0	37.9	47.9	57.4	60.6
2016-02-09	20743.0	440.0	106.0	20137.0	20407.0	126.0	190.0	38.5	47.1	59.4	61.3
2016-02-16	20253.0	440.0	106.0	19647.0	19917.0	126.0	190.0	40.7	48.5	64.1	66.1
2016-02-23	20333.0	440.0	116.0	19727.0	19975.0	126.0	202.0	44.2	48.0	66.3	68.2
2016-03-01	20908.0	440.0	121.0	20302.0	20545.0	126.0	202.0	44.0	47.9	65.3	67.6
2016-03-08	20583.0	620.0	0.0	19758.0	20355.0	150.0	173.0	50.3	47.8	70.2	71.9
2016-03-15	21202.0	570.0	0.0	20387.0	20979.0	155.0	133.0	51.3	47.8	70.9	71.3
2016-03-22	21460.0	540.0	0.0	20630.0	21239.0	175.0	106.0	49.5	47.8	68.7	69.8
2016-03-29	21595.0	540.0	0.0	20705.0	21369.0	235.0	111.0	49.5	47.3	68.7	69.6
2016-04-05	20390.0	505.0	0.0	19414.0	20150.0	356.0	125.0	50.1	46.7	68.7	69.3
2016-04-12	20435.0	505.0	0.0	19609.0	20235.0	206.0	85.0	49.7	46.8	68.4	69.4
2016-04-19	20465.0	505.0	0.0	19509.0	20245.0	336.0	105.0	56.1	48.1	71.7	71.7
2016-04-26	20557.0	505.0	0.0	19601.0	20347.0	336.0	95.0	53.9	47.7	69.5	69.6
2016-05-03	21230.0	505.0	400.0	20274.0	20620.0	296.0	55.0	53.3	48.5	68.4	69.8
2016-05-10	19932.0	565.0	410.0	18601.0	19267.0	646.0	135.0	54.3	50.9	69.4	69.0
2016-05-17	20490.0	615.0	120.0	18898.0	19954.0	676.0	115.0	53.9	53.2	69.1	70.4
2016-05-24	21242.0	1025.0	120.0	19371.0	20841.0	595.0	30.0	49.7	49.9	64.4	65.8
2016-05-31	21402.0	1035.0	30.0	19696.0	21091.0	420.0	30.0	49.5	49.7	64.1	65.1
2016-06-07	20464.0	1065.0	0.0	18793.0	20213.0	385.0	30.0	48.5	49.3	62.9	64.7
2016-06-14	20509.0	995.0	0.0	18848.0	20198.0	385.0	30.0	49.8	49.4	64.5	64.5
2016-06-21	21536.0	1600.0	0.0	19471.0	21426.0	385.0	30.0	45.0	49.2	62.6	63.4
2016-06-28	21164.0	1841.0	0.0	18888.0	21084.0	385.0	30.0	44.2	52.4	60.4	65.9
2016-07-05	21204.0	1866.0	0.0	18903.0	20771.0	385.0	383.0	44.2	51.5	62.0	64.8
2016-07-12	19835.0	1871.0	0.0	16694.0	19205.0	1220.0	580.0	45.4	53.1	64.8	70.0
2016-07-19	20827.0	1511.0	0.0	18793.0	20624.0	350.0	30.0	46.8	49.5	62.6	66.3
2016-07-26	21573.0	1511.0	0.0	19524.0	21370.0	365.0	30.0	45.2	48.8	59.7	67.9
2016-08-02	21655.0	1511.0	0.0	19621.0	21297.0	350.0	185.0	44.5	48.4	58.9	66.9
2016-08-09	20122.0	1361.0	0.0	18258.0	19939.0	335.0	15.0	45.8	49.7	60.1	69.8
2016-08-16	20253.0	1391.0	0.0	18369.0	20080.0	335.0	15.0	46.3	51.7	61.0	70.2
2016-08-23	20817.0	1511.0	0.0	18907.0	20738.0	335.0	15.0	44.7	50.7	58.5	65.9
2016-08-30	20784.0	1566.0	0.0	18810.0	20706.0	345.0	15.0	44.7	50.3	58.8	65.8
2016-09-06	19724.0	1466.0	0.0	17990.0	19351.0	215.0	320.0	44.9	50.3	59.1	66.3
2016-09-13	20899.0	1616.0	0.0	19015.0	20526.0	215.0	320.0	43.3	50.3	58.8	66.9
2016-09-20	21743.0	1916.0	0.0	19559.0	21370.0	215.0	320.0	41.5	48.1	55.9	65.6
2016-09-27	21834.0	2181.0	0.0	19345.0	21425.0	219.0	320.0	41.0	49.4	57.1	65.2
2016-10-04	21828.0	2191.0	0.0	19389.0	21144.0	159.0	595.0	40.5	48.2	56.8	64.0
2016-10-11	20646.0	2251.0	0.0	18195.0	20287.0	141.0	300.0	39.8	47.5	56.4	64.9
2016-10-18	20160.0	2296.0	0.0	17664.0	19801.0	141.0	300.0	41.6	48.9	57.9	66.7
2016-10-25	20667.0	2316.0	0.0	18131.0	20278.0	161.0	330.0	41.2	49.1	57.5	67.2
2016-11-01	21370.0	2421.0	0.0	18729.0	20991.0	161.0	320.0	41.2	51.1	60.4	68.7
2016-11-08	20163.0	2036.0	0.0	17916.0	19814.0	152.0	290.0	41.3	51.1	59.6	68.7
2016-11-15	20237.0	2076.0	0.0	17900.0	19838.0	152.0	290.0	41.1	51.1	59.5	68.7
2016-11-22	20197.0	1961.0	0.0	18070.0	19878.0	152.0	305.0	42.1	50.7	61.4	68.8
2016-11-29	20174.0	1928.0	0.0	18080.0	19870.0	152.0	290.0	42.0	51.2	59.4	69.3
2016-12-06	19630.0	1740.0	0.0	17743.0	19289.0	140.0	334.0	44.3	52.3	61.9	71.4
2016-12-13	19702.0	1491.0	0.0	17912.0	19189.0	140.0	354.0	43.8	52.6	60.9	71.5
2016-12-20	19999.0	1381.0	0.0	18149.0	19374.0	200.0	356.0	43.7	52.1	61.2	71.3
2016-12-27	20324.0	1341.0	0.0	18474.0	19624.0	200.0	391.0	44.6	51.1	61.2	70.8
2017-01-03	20315.0	1341.0	0.0	18465.0	19495.0	200.0	511.0	46.1	51.3	63.2	71.6
2017-01-10	18813.0	910.0	25.0	16904.0	18096.0	665.0	358.0	46.4	50.4	65.2	72.8
2017-01-17	18663.0	910.0	25.0	16754.0	17946.0	665.0	358.0	46.9	51.3	65.8	73.3
2017-01-24	19592.0	910.0	25.0	17683.0	18875.0	665.0	358.0	45.9	48.4	61.4	66.7
2017-01-31	19837.0	910.0	25.0	17928.0	19120.0	665.0	358.0	45.3	48.4	61.4	68.0
