2014-03-11	6295.0	1725.0	400.0	3620.0	4940.0	0.0	5.0	43.7	64.5	65.8	72.8
2014-03-18	7185.0	1625.0	400.0	4510.0	5735.0	0.0	0.0	40.4	68.0	64.2	73.8
2014-03-25	8360.0	2025.0	1025.0	5185.0	6185.0	0.0	0.0	39.8	69.5	62.5	76.9
2014-04-01	5960.0	1250.0	1200.0	4410.0	4460.0	0.0	0.0	50.7	74.4	77.1	84.9
2014-04-08	6889.0	1250.0	1054.0	4785.0	4985.0	4.0	0.0	48.2	75.0	72.1	79.0
2014-04-15	6811.0	1375.0	954.0	4685.0	5107.0	1.0	0.0	51.0	77.7	72.8	79.5
2014-04-22	9766.0	1555.0	954.0	6185.0	6787.0	1.0	0.0	34.2	54.2	47.9	55.4
2014-05-20	7278.0	3175.0	1413.0	4103.0	5865.0	0.0	0.0	79.1	78.9	96.2	93.5
2014-05-27	7403.0	3175.0	1463.0	4228.0	5940.0	0.0	0.0	80.1	78.9	97.0	93.2
2014-06-03	6868.0	3125.0	888.0	3693.0	5930.0	0.0	0.0	76.2	84.3	94.3	97.6
2014-06-10	8453.0	2125.0	1538.0	6278.0	6865.0	0.0	0.0	54.5	70.9	76.7	83.4
2014-06-17	8533.0	2125.0	1538.0	6358.0	6945.0	0.0	0.0	55.4	70.2	77.3	83.2
2014-06-24	8533.0	2125.0	1538.0	6358.0	6945.0	0.0	0.0	55.4	70.2	77.3	83.2
2014-08-26	9669.0	3025.0	2495.0	6294.0	6824.0	0.0	0.0	70.1	75.5	87.3	89.3
2014-09-02	9399.0	3125.0	2975.0	6224.0	6374.0	0.0	0.0	79.9	76.6	94.8	93.9
2014-09-09	9639.0	3125.0	3025.0	6464.0	6564.0	0.0	0.0	78.3	75.8	93.9	92.6
2014-09-16	10064.0	2625.0	2900.0	7089.0	6814.0	0.0	0.0	74.5	72.6	88.7	86.2
2014-09-23	10164.0	2625.0	3100.0	7189.0	6814.0	100.0	0.0	72.8	71.8	88.8	86.8
2014-10-07	9664.0	2675.0	2825.0	6889.0	6739.0	0.0	0.0	78.9	76.6	94.5	94.2
2014-10-14	10730.0	2175.0	2855.0	8455.0	7775.0	0.0	0.0	76.3	71.4	91.1	91.7
2014-10-21	14378.0	2175.0	2955.0	12103.0	11323.0	0.0	0.0	59.9	55.7	71.6	71.4
2014-10-28	14903.0	2275.0	3005.0	12528.0	11798.0	0.0	0.0	59.7	57.1	72.8	72.6
2014-11-04	14903.0	2275.0	3255.0	12628.0	11648.0	0.0	0.0	57.7	53.4	72.1	70.6
2014-11-11	19123.0	2230.0	3180.0	16343.0	15393.0	0.0	0.0	50.3	48.7	60.5	59.8
2014-11-18	22583.0	2980.0	3358.0	19053.0	18675.0	0.0	0.0	43.4	42.7	54.0	53.2
2014-11-25	17818.0	2705.0	3533.0	15113.0	14285.0	0.0	0.0	42.6	47.2	57.0	58.0
2014-12-02	17818.0	2705.0	3533.0	15113.0	14285.0	0.0	0.0	42.6	47.2	57.0	58.0
2014-12-09	17668.0	2680.0	3738.0	14988.0	13930.0	0.0	0.0	43.2	48.2	57.3	59.1
2014-12-16	18043.0	1380.0	1488.0	16663.0	16555.0	0.0	0.0	47.0	44.4	57.3	56.4
2014-12-23	19068.0	1380.0	1288.0	17688.0	17780.0	0.0	0.0	49.9	48.3	59.6	58.6
