2014-04-15	394105.0	0.0	22450.0	394105.0	371655.0	0.0	0.0	45.8	69.3	69.7	83.4
2014-04-22	456175.0	0.0	22450.0	456175.0	433725.0	0.0	0.0	42.6	73.2	67.7	84.1
2014-04-29	24660.0	0.0	1050.0	24410.0	23610.0	250.0	0.0	47.1	70.9	72.3	83.4
2014-05-06	25140.0	0.0	1000.0	24920.0	24140.0	220.0	0.0	49.4	71.8	73.8	84.5
2014-05-13	25165.0	0.0	1000.0	24945.0	24165.0	220.0	0.0	49.4	71.7	73.9	84.4
2014-05-20	25215.0	0.0	1000.0	24995.0	24215.0	220.0	0.0	49.3	71.7	73.7	84.4
2014-05-27	25215.0	0.0	1000.0	24995.0	24215.0	220.0	0.0	49.3	71.6	73.7	84.3
2014-06-03	25515.0	0.0	1000.0	25295.0	24515.0	220.0	0.0	49.9	72.0	74.0	84.5
2014-06-10	24705.0	0.0	950.0	24515.0	23755.0	190.0	0.0	50.1	72.5	74.1	84.8
2014-06-17	24705.0	0.0	950.0	24515.0	23755.0	190.0	0.0	50.1	72.5	74.1	84.8
2014-06-24	24830.0	0.0	950.0	24465.0	23880.0	365.0	0.0	49.3	72.5	73.3	84.7
2014-07-01	24880.0	0.0	875.0	24440.0	23930.0	365.0	0.0	50.4	72.3	73.1	84.2
2014-07-08	23770.0	0.0	875.0	23340.0	22820.0	355.0	0.0	51.1	71.8	73.1	83.7
2014-07-15	23170.0	0.0	875.0	22740.0	22220.0	355.0	0.0	52.4	70.9	75.0	83.5
2014-07-22	23170.0	0.0	875.0	22740.0	22220.0	355.0	0.0	52.4	70.9	75.0	83.5
2014-07-29	23450.0	0.0	875.0	22840.0	22500.0	535.0	0.0	51.8	70.0	74.3	82.5
2014-08-05	22135.0	0.0	875.0	21540.0	21185.0	520.0	0.0	50.2	70.0	72.5	81.0
2014-08-12	22085.0	0.0	875.0	21490.0	21135.0	520.0	0.0	50.4	70.0	72.4	81.0
2014-08-19	22205.0	0.0	875.0	21610.0	21255.0	520.0	0.0	50.1	70.1	72.0	81.1
2014-08-26	22685.0	0.0	875.0	22030.0	21735.0	580.0	0.0	49.0	70.8	72.4	81.5
2014-09-02	22685.0	0.0	875.0	22030.0	21735.0	580.0	0.0	49.0	70.8	72.4	81.5
2014-09-09	21365.0	0.0	875.0	20725.0	20415.0	565.0	0.0	49.3	70.7	72.2	82.0
2014-09-16	21425.0	0.0	875.0	20785.0	20475.0	565.0	0.0	49.2	69.9	72.3	81.1
2014-09-23	21725.0	0.0	975.0	21110.0	20700.0	565.0	0.0	48.5	69.6	71.3	80.9
2014-09-30	22550.0	0.0	975.0	21925.0	21525.0	575.0	0.0	48.4	70.2	70.7	80.2
2014-10-07	21580.0	0.0	975.0	20970.0	20555.0	560.0	0.0	46.8	70.3	69.0	77.7
2014-10-14	21580.0	0.0	975.0	20970.0	20555.0	560.0	0.0	46.8	70.3	69.0	77.7
2014-10-21	21580.0	0.0	1025.0	20970.0	20505.0	560.0	0.0	46.8	70.3	69.0	77.7
2014-10-28	21510.0	0.0	1025.0	20900.0	20435.0	560.0	0.0	47.0	70.5	69.3	78.0
2014-11-04	21510.0	0.0	925.0	20900.0	20535.0	560.0	0.0	47.0	70.5	69.3	78.0
2014-11-11	20640.0	0.0	950.0	20070.0	19665.0	545.0	0.0	47.3	70.3	69.3	77.2
2014-11-18	20540.0	0.0	950.0	19970.0	19565.0	545.0	0.0	47.0	70.1	69.1	77.1
2014-11-25	20590.0	0.0	900.0	19960.0	19665.0	605.0	0.0	46.1	74.4	68.4	79.5
2014-12-02	20690.0	0.0	900.0	20060.0	19765.0	605.0	0.0	45.9	74.2	68.1	78.9
2014-12-09	19920.0	0.0	925.0	19330.0	18995.0	590.0	0.0	45.9	74.0	67.7	78.5
2014-12-16	20060.0	0.0	925.0	19470.0	19135.0	590.0	0.0	46.1	75.0	67.8	78.9
2014-12-23	20260.0	0.0	925.0	19670.0	19335.0	590.0	0.0	45.6	75.7	68.1	79.4
2014-12-30	20260.0	0.0	925.0	19670.0	19335.0	590.0	0.0	45.6	75.7	68.1	79.4
2015-01-06	19265.0	0.0	900.0	18690.0	18365.0	575.0	0.0	46.1	75.2	68.3	79.2
2015-01-13	19620.0	0.0	900.0	19225.0	18720.0	395.0	0.0	45.4	72.9	68.6	78.7
2015-01-20	19630.0	0.0	900.0	19235.0	18730.0	395.0	0.0	45.4	72.9	68.5	78.7
2015-01-27	19750.0	0.0	900.0	19355.0	18850.0	395.0	0.0	45.1	73.1	68.1	78.7
2015-02-03	19750.0	0.0	900.0	19355.0	18850.0	395.0	0.0	45.1	72.8	68.1	78.7
2015-02-10	30680.0	0.0	900.0	30310.0	29780.0	370.0	0.0	40.2	75.9	62.5	78.0
2015-02-17	30820.0	0.0	900.0	30450.0	29920.0	370.0	0.0	40.0	74.3	62.4	77.3
2015-02-24	31520.0	0.0	900.0	31150.0	30620.0	370.0	0.0	41.3	74.8	63.3	77.3
2015-03-03	31490.0	0.0	900.0	31120.0	30590.0	370.0	0.0	41.4	75.2	63.7	77.7
2015-03-10	29665.0	0.0	900.0	29320.0	28645.0	345.0	120.0	46.5	77.1	69.1	81.5
2015-03-17	30295.0	0.0	900.0	29950.0	29275.0	345.0	120.0	45.6	76.1	66.4	81.6
2015-03-24	30295.0	0.0	900.0	29950.0	29275.0	345.0	120.0	45.6	76.1	66.3	81.6
2015-03-31	30465.0	0.0	850.0	30010.0	29445.0	405.0	120.0	45.3	75.8	66.3	81.7
2015-04-07	29260.0	0.0	850.0	28705.0	28240.0	505.0	120.0	46.4	75.6	67.9	82.7
2015-04-14	29360.0	0.0	850.0	28805.0	28340.0	505.0	120.0	46.2	75.4	68.0	82.5
2015-04-21	29560.0	0.0	850.0	29005.0	28540.0	505.0	120.0	46.1	74.8	68.4	82.1
2015-04-28	29560.0	0.0	850.0	29005.0	28540.0	505.0	120.0	46.1	74.8	68.4	82.1
2015-05-05	28085.0	0.0	850.0	27675.0	27065.0	360.0	120.0	48.1	75.6	72.0	83.4
2015-05-12	28260.0	0.0	850.0	27910.0	27240.0	300.0	120.0	47.8	75.2	71.5	83.4
2015-05-19	28260.0	0.0	850.0	27910.0	27240.0	300.0	120.0	47.8	75.2	71.4	83.4
2015-05-26	28260.0	0.0	850.0	27910.0	27240.0	300.0	120.0	47.8	75.2	71.2	83.5
2015-06-02	28860.0	0.0	850.0	28510.0	27840.0	300.0	120.0	48.9	73.6	72.0	83.5
2015-06-09	27430.0	0.0	900.0	27145.0	26410.0	285.0	120.0	51.4	74.6	75.4	84.6
2015-06-16	27430.0	0.0	900.0	27145.0	26410.0	285.0	120.0	51.4	74.6	75.4	84.6
2015-06-23	27465.0	0.0	900.0	27180.0	26445.0	285.0	120.0	51.4	74.5	75.3	84.7
2015-06-30	27545.0	0.0	900.0	27260.0	26645.0	285.0	0.0	50.4	73.9	74.3	84.0
2015-07-07	26540.0	0.0	825.0	26160.0	25715.0	380.0	0.0	51.0	74.0	73.9	84.1
2015-07-14	26615.0	0.0	825.0	26235.0	25790.0	380.0	0.0	50.6	73.8	73.7	83.9
2015-07-21	26815.0	0.0	825.0	26435.0	25990.0	380.0	0.0	50.2	73.2	73.1	83.3
2015-07-28	26815.0	0.0	825.0	26435.0	25990.0	380.0	0.0	50.2	73.2	73.1	83.3
2015-08-04	26815.0	0.0	825.0	26435.0	25990.0	380.0	0.0	50.2	73.2	73.1	83.3
2015-08-11	25235.0	0.0	750.0	24880.0	24485.0	355.0	0.0	50.0	74.6	73.5	83.1
2015-08-18	25470.0	0.0	750.0	25115.0	24720.0	355.0	0.0	49.7	74.2	73.1	83.3
2015-08-25	25400.0	0.0	750.0	25045.0	24650.0	355.0	0.0	50.5	74.4	73.6	84.0
2015-09-01	25600.0	0.0	750.0	25245.0	24850.0	355.0	0.0	50.4	73.8	73.8	84.1
2015-09-08	23935.0	0.0	675.0	23545.0	23260.0	390.0	0.0	52.0	76.1	74.2	85.1
2015-09-15	24050.0	0.0	650.0	23660.0	23400.0	390.0	0.0	51.2	77.0	73.8	84.7
2015-09-22	24150.0	0.0	650.0	23760.0	23500.0	390.0	0.0	51.0	76.3	73.9	84.5
2015-09-29	24120.0	0.0	650.0	23730.0	23470.0	390.0	0.0	50.7	76.0	73.3	84.3
2015-10-06	23170.0	0.0	575.0	22805.0	22355.0	365.0	240.0	52.0	76.1	73.8	83.3
2015-10-13	23240.0	0.0	575.0	22790.0	22460.0	450.0	205.0	51.7	77.3	74.9	84.9
2015-10-20	23240.0	0.0	575.0	22730.0	22460.0	510.0	205.0	51.7	77.3	74.7	84.9
2015-10-27	23240.0	0.0	575.0	22690.0	22415.0	550.0	250.0	51.7	77.3	74.6	84.9
2015-11-03	23240.0	0.0	575.0	22705.0	22415.0	535.0	250.0	51.7	77.3	74.7	84.9
2015-11-10	22165.0	0.0	525.0	21655.0	21390.0	510.0	250.0	53.6	78.4	75.2	85.7
2015-11-17	22140.0	0.0	525.0	21630.0	21365.0	510.0	250.0	53.7	78.5	75.5	85.8
2015-11-24	22945.0	0.0	525.0	22545.0	22420.0	400.0	0.0	51.8	78.8	75.5	87.1
2015-12-01	23195.0	0.0	525.0	22795.0	22670.0	400.0	0.0	56.6	77.9	76.1	86.2
2015-12-08	23035.0	0.0	450.0	22720.0	22585.0	315.0	0.0	56.5	74.5	74.9	81.7
2015-12-15	23025.0	0.0	450.0	22710.0	22575.0	315.0	0.0	56.5	74.5	74.7	81.8
2015-12-22	22985.0	0.0	450.0	22670.0	22535.0	315.0	0.0	56.6	74.2	75.6	82.4
2015-12-29	22985.0	0.0	450.0	22670.0	22535.0	315.0	0.0	56.6	74.2	75.6	82.4
2016-01-05	22920.0	0.0	450.0	22605.0	22470.0	315.0	0.0	56.8	74.4	75.9	82.5
2016-01-12	22215.0	0.0	375.0	21915.0	21765.0	300.0	75.0	56.9	74.0	75.7	82.9
2016-01-19	22125.0	0.0	375.0	21825.0	21675.0	300.0	75.0	57.1	74.3	75.5	83.7
2016-01-26	22260.0	0.0	375.0	21960.0	21810.0	300.0	75.0	56.8	73.9	76.0	83.2
2016-02-02	22350.0	0.0	375.0	22050.0	21900.0	300.0	75.0	56.6	73.6	75.7	82.9
2016-02-09	23715.0	0.0	300.0	23430.0	23355.0	285.0	60.0	59.1	76.0	80.2	85.5
2016-02-16	23715.0	0.0	300.0	23430.0	23355.0	285.0	60.0	59.1	76.0	80.2	85.5
2016-02-23	23930.0	0.0	300.0	23635.0	23570.0	295.0	60.0	58.8	73.7	78.4	83.2
2016-03-01	23950.0	0.0	300.0	23655.0	23590.0	295.0	60.0	58.7	73.6	78.2	83.2
2016-03-08	22590.0	0.0	225.0	22320.0	22320.0	270.0	45.0	61.1	76.9	82.3	86.4
2016-03-15	22590.0	0.0	225.0	22320.0	22320.0	270.0	45.0	61.1	76.9	82.3	86.4
2016-03-22	22590.0	0.0	225.0	22320.0	22320.0	270.0	45.0	61.1	76.9	82.3	86.4
2016-03-29	22535.0	0.0	225.0	22265.0	22265.0	270.0	45.0	61.7	76.6	81.9	86.2
2016-04-05	21455.0	0.0	150.0	21200.0	21275.0	255.0	30.0	62.4	78.0	83.3	87.7
2016-04-12	21580.0	0.0	150.0	21325.0	21400.0	255.0	30.0	62.5	77.7	83.2	87.7
2016-04-19	21580.0	0.0	150.0	21325.0	21400.0	255.0	30.0	62.5	77.7	83.2	87.7
2016-04-26	21605.0	0.0	150.0	21350.0	21425.0	255.0	30.0	62.4	77.6	83.2	87.7
2016-05-03	21605.0	0.0	150.0	21350.0	21425.0	255.0	30.0	62.4	77.6	83.2	87.7
2016-05-10	20885.0	0.0	100.0	20645.0	20770.0	240.0	15.0	62.9	79.5	84.6	89.0
2016-05-17	21090.0	0.0	100.0	20850.0	20975.0	240.0	15.0	62.0	79.6	85.0	89.3
2016-05-24	21085.0	0.0	120.0	20825.0	20950.0	260.0	15.0	62.0	79.8	84.9	89.6
2016-05-31	21085.0	0.0	120.0	20825.0	20950.0	260.0	15.0	62.0	79.8	84.9	89.6
2016-06-07	19900.0	0.0	45.0	19655.0	19855.0	245.0	0.0	63.8	82.0	86.1	91.1
2016-06-14	19900.0	0.0	45.0	19655.0	19855.0	245.0	0.0	63.8	82.0	86.1	91.1
2016-06-21	19900.0	0.0	45.0	19655.0	19855.0	245.0	0.0	63.8	82.0	86.1	91.1
2016-06-28	19895.0	0.0	45.0	19650.0	19850.0	245.0	0.0	63.9	82.1	85.9	91.2
2016-07-05	19910.0	0.0	45.0	19440.0	19805.0	470.0	60.0	62.9	82.0	84.8	91.3
2016-07-12	18870.0	0.0	0.0	18610.0	18775.0	260.0	95.0	63.8	79.0	82.9	88.2
2016-07-19	18820.0	0.0	0.0	18610.0	18800.0	210.0	20.0	64.0	78.9	83.1	88.2
2016-07-26	18820.0	0.0	0.0	18610.0	18800.0	210.0	20.0	64.0	78.9	83.1	88.2
2016-08-02	18820.0	0.0	0.0	18335.0	18725.0	485.0	95.0	62.5	78.9	81.7	87.9
2016-08-09	17405.0	0.0	0.0	17215.0	17385.0	190.0	20.0	64.1	79.7	83.0	88.6
2016-08-16	17405.0	0.0	0.0	17215.0	17385.0	190.0	20.0	64.1	79.7	83.0	88.6
2016-08-23	17755.0	155.0	0.0	17410.0	17755.0	190.0	0.0	63.8	81.6	82.9	90.4
2016-08-30	17610.0	0.0	0.0	17420.0	17590.0	190.0	20.0	60.9	82.6	81.0	91.4
2016-09-06	16115.0	0.0	0.0	15840.0	16095.0	275.0	20.0	61.6	82.6	81.1	90.6
2016-09-13	16115.0	0.0	0.0	15840.0	16095.0	275.0	20.0	61.6	82.6	81.1	90.6
2016-09-20	16030.0	0.0	0.0	15755.0	16010.0	275.0	20.0	61.9	83.0	80.9	91.4
2016-09-27	16310.0	0.0	0.0	16035.0	16290.0	275.0	20.0	62.4	81.6	81.1	89.8
2016-10-04	16380.0	0.0	0.0	15920.0	16300.0	460.0	80.0	61.0	81.3	80.3	89.1
2016-10-11	15350.0	0.0	0.0	15015.0	15330.0	335.0	20.0	62.2	81.2	81.3	88.8
2016-10-18	15350.0	0.0	0.0	15015.0	15330.0	335.0	20.0	62.2	81.2	81.3	88.8
2016-10-25	15240.0	0.0	0.0	14905.0	15220.0	335.0	20.0	62.6	81.8	81.0	89.4
2016-11-01	15710.0	80.0	0.0	15295.0	15710.0	335.0	0.0	60.8	84.1	79.7	91.5
2016-11-08	14980.0	80.0	0.0	14620.0	14980.0	280.0	0.0	60.3	83.9	81.5	91.1
2016-11-15	14980.0	80.0	0.0	14620.0	14980.0	280.0	0.0	60.3	83.9	81.5	91.1
2016-11-22	15005.0	80.0	0.0	14645.0	15005.0	280.0	0.0	60.6	84.3	81.9	91.5
2016-11-29	15030.0	180.0	0.0	14570.0	15030.0	280.0	0.0	60.6	84.1	81.1	91.3
2016-12-06	13835.0	180.0	0.0	13495.0	13835.0	160.0	0.0	62.8	83.5	83.0	91.0
2016-12-13	13835.0	180.0	0.0	13495.0	13835.0	160.0	0.0	62.8	83.9	83.3	91.4
2016-12-20	14170.0	180.0	0.0	13820.0	14170.0	170.0	0.0	63.5	81.2	83.6	90.3
2016-12-27	14310.0	180.0	0.0	13720.0	14310.0	410.0	0.0	62.9	80.4	81.1	89.4
2017-01-03	14310.0	180.0	0.0	13695.0	14310.0	435.0	0.0	62.9	80.4	81.1	89.4
