2014-07-15	4515.0	310.0	0.0	4030.0	3555.0	100.0	885.0	42.5	30.8	55.8	39.2
2014-07-22	4740.0	285.0	0.0	4195.0	3635.0	160.0	1005.0	47.6	35.4	61.3	45.3
2014-07-29	5635.0	300.0	15.0	4805.0	3945.0	145.0	1290.0	46.1	30.3	61.6	43.7
2014-08-05	6375.0	300.0	615.0	5245.0	4085.0	445.0	1290.0	36.0	27.5	49.7	39.2
2014-08-12	6755.0	300.0	735.0	5700.0	4845.0	190.0	610.0	28.1	31.5	43.7	42.6
2014-08-19	7220.0	300.0	760.0	6250.0	5310.0	105.0	585.0	29.1	30.7	43.7	43.0
2014-08-26	7595.0	300.0	1060.0	6615.0	5385.0	115.0	585.0	27.6	33.1	41.7	44.8
2014-09-02	7585.0	300.0	1060.0	6605.0	5385.0	115.0	575.0	29.3	33.2	43.4	45.0
2014-09-09	7460.0	300.0	1010.0	6455.0	5170.0	115.0	690.0	31.4	32.5	45.8	44.1
2014-09-16	8870.0	300.0	1410.0	8165.0	6555.0	115.0	615.0	39.5	35.3	53.0	50.5
2014-09-23	9025.0	350.0	1435.0	8280.0	6715.0	55.0	535.0	36.8	34.2	50.1	48.7
2014-09-30	9650.0	350.0	1510.0	8890.0	7785.0	70.0	15.0	38.5	35.9	52.3	53.1
2014-10-07	9800.0	350.0	1860.0	9055.0	7585.0	55.0	15.0	37.9	39.1	51.2	54.6
2014-10-14	10125.0	350.0	1740.0	9155.0	7910.0	160.0	15.0	38.8	36.6	52.2	54.0
2014-10-21	10045.0	350.0	1920.0	9255.0	7830.0	160.0	15.0	39.8	38.7	56.3	57.8
2014-10-28	11265.0	600.0	2770.0	10345.0	8215.0	40.0	0.0	37.5	34.1	55.6	51.3
2014-11-04	11390.0	0.0	2770.0	11070.0	8340.0	40.0	0.0	40.8	35.2	61.1	54.3
2014-11-11	11555.0	0.0	2675.0	10985.0	8415.0	195.0	90.0	39.6	35.3	58.8	54.5
2014-11-18	12510.0	0.0	2630.0	11920.0	9395.0	195.0	90.0	40.0	40.2	57.5	59.4
2014-11-25	12845.0	50.0	2780.0	12235.0	9610.0	195.0	90.0	38.0	39.4	55.3	57.7
2014-12-02	13855.0	50.0	2780.0	13245.0	10620.0	195.0	90.0	43.8	42.2	59.9	60.4
2014-12-09	14135.0	50.0	2755.0	13465.0	10955.0	305.0	110.0	48.9	42.9	64.8	60.6
2014-12-16	16335.0	50.0	2830.0	15640.0	13055.0	305.0	110.0	42.6	38.6	56.3	57.4
2014-12-23	17485.0	50.0	3005.0	16805.0	14040.0	290.0	100.0	38.7	36.4	52.8	57.5
2014-12-30	17935.0	50.0	3005.0	17255.0	14490.0	290.0	100.0	39.4	36.1	53.1	58.6
2015-01-06	19475.0	50.0	3305.0	18940.0	15740.0	145.0	90.0	39.4	35.8	53.3	55.4
2015-01-13	20855.0	50.0	3455.0	20345.0	16970.0	120.0	90.0	47.8	34.4	59.6	55.1
2015-01-20	21975.0	50.0	3455.0	21340.0	17965.0	120.0	90.0	48.9	34.8	60.0	55.0
2015-01-27	23195.0	50.0	3455.0	22560.0	19185.0	120.0	90.0	46.6	34.4	58.0	52.6
2015-02-03	26055.0	50.0	3405.0	25420.0	22095.0	120.0	90.0	46.1	35.1	59.1	54.2
2015-02-10	25095.0	25.0	3230.0	24520.0	21360.0	135.0	90.0	47.2	36.2	60.8	55.5
2015-02-17	26110.0	50.0	3205.0	25510.0	22400.0	135.0	90.0	46.3	37.1	60.7	57.1
2015-02-24	26540.0	50.0	2605.0	25890.0	23380.0	135.0	90.0	48.8	36.3	61.4	56.0
2015-03-03	26900.0	50.0	2610.0	26250.0	23735.0	135.0	90.0	48.0	37.0	60.7	56.4
2015-03-10	25235.0	25.0	2510.0	24795.0	22225.0	125.0	210.0	52.0	40.5	65.4	59.5
2015-03-17	26085.0	25.0	2510.0	25630.0	23075.0	140.0	210.0	51.0	39.2	65.9	59.4
2015-03-24	26145.0	25.0	2510.0	25705.0	23135.0	125.0	210.0	51.6	38.8	66.7	58.9
2015-03-31	26515.0	25.0	2585.0	26075.0	23430.0	125.0	210.0	50.8	38.0	65.8	57.9
2015-04-07	26725.0	25.0	2570.0	26295.0	23655.0	115.0	210.0	51.8	38.0	66.4	57.7
2015-04-14	27040.0	25.0	2570.0	26580.0	23955.0	145.0	225.0	51.5	38.1	66.3	58.6
2015-04-21	27870.0	25.0	2570.0	27410.0	24785.0	145.0	225.0	51.4	39.8	67.5	60.1
2015-04-28	27935.0	25.0	2570.0	27475.0	24850.0	145.0	225.0	51.9	40.3	67.8	60.5
2015-05-05	28755.0	25.0	2570.0	28310.0	25635.0	130.0	260.0	51.1	41.1	68.8	60.7
2015-05-12	28325.0	25.0	2460.0	27910.0	25335.0	100.0	240.0	53.2	40.8	70.5	60.8
2015-05-19	29255.0	25.0	2460.0	28630.0	26265.0	310.0	240.0	50.9	40.5	67.1	60.4
2015-05-26	30375.0	25.0	2460.0	29750.0	27385.0	310.0	240.0	49.7	41.3	66.9	62.0
2015-06-02	31570.0	25.0	2460.0	30895.0	28580.0	360.0	240.0	48.2	44.3	66.3	64.1
2015-06-09	31925.0	25.0	2450.0	31230.0	29050.0	395.0	150.0	48.9	42.6	68.5	64.2
2015-06-16	32075.0	25.0	2450.0	31356.0	29200.0	419.0	150.0	51.1	42.8	67.3	64.5
2015-06-23	32950.0	25.0	2450.0	32231.0	30075.0	419.0	150.0	51.6	44.0	68.2	66.7
2015-06-30	33150.0	25.0	2450.0	32721.0	30255.0	129.0	170.0	53.1	44.7	68.8	67.4
2015-07-07	33065.0	25.0	2415.0	32656.0	30220.0	124.0	170.0	52.7	44.2	67.9	67.2
2015-07-14	32955.0	25.0	2415.0	32546.0	30110.0	124.0	170.0	51.8	44.9	67.3	67.6
2015-07-21	33057.0	25.0	2415.0	32648.0	30197.0	124.0	185.0	50.0	45.3	65.5	67.6
2015-07-28	33097.0	25.0	2415.0	32673.0	30237.0	139.0	185.0	50.0	45.2	65.4	67.4
2015-08-04	33102.0	25.0	2415.0	32678.0	30242.0	139.0	185.0	50.5	45.2	65.0	67.4
2015-08-11	32092.0	25.0	2380.0	31703.0	29302.0	119.0	165.0	52.4	45.7	65.6	68.5
2015-08-18	32487.0	25.0	2380.0	32038.0	29697.0	179.0	165.0	53.5	46.1	66.6	68.5
2015-08-25	32722.0	25.0	2380.0	32273.0	29912.0	179.0	185.0	53.0	45.8	66.7	68.2
2015-09-01	34940.0	1825.0	2380.0	32621.0	32070.0	249.0	245.0	50.2	48.7	64.9	69.5
2015-09-08	33815.0	1825.0	2345.0	31516.0	31010.0	244.0	230.0	51.1	49.6	65.7	70.4
2015-09-15	33345.0	1825.0	610.0	31261.0	32490.0	244.0	230.0	52.8	51.3	67.0	71.2
2015-09-22	35274.0	1900.0	910.0	33055.0	34119.0	304.0	230.0	50.8	51.5	66.7	69.2
2015-09-29	35799.0	1825.0	910.0	33535.0	34644.0	424.0	230.0	49.6	51.0	65.6	68.7
2015-10-06	35119.0	1875.0	900.0	32815.0	34024.0	429.0	195.0	50.6	50.5	67.1	69.1
2015-10-13	35549.0	2259.0	900.0	32975.0	34574.0	315.0	75.0	50.4	49.9	66.7	68.9
2015-10-20	35919.0	2249.0	900.0	33285.0	34934.0	375.0	75.0	49.7	50.3	65.8	69.2
2015-10-27	36109.0	2299.0	900.0	33605.0	35124.0	195.0	75.0	49.1	50.8	64.3	70.0
2015-11-03	38367.0	2324.0	900.0	35838.0	37382.0	195.0	75.0	47.8	46.7	63.3	69.5
2015-11-10	36877.0	1649.0	900.0	35028.0	35902.0	190.0	65.0	51.6	45.4	68.1	68.8
2015-11-17	37299.0	1629.0	900.0	35460.0	36314.0	190.0	65.0	47.7	44.2	64.0	68.0
2015-11-24	36679.0	1629.0	900.0	34840.0	35654.0	190.0	105.0	44.4	41.7	60.6	65.0
2015-12-01	37249.0	1629.0	900.0	35410.0	36224.0	190.0	105.0	43.5	41.1	59.5	64.5
2015-12-08	35349.0	1064.0	900.0	34085.0	34224.0	190.0	215.0	45.5	42.0	62.0	66.7
2015-12-15	35549.0	1089.0	900.0	34240.0	34424.0	210.0	215.0	44.7	41.6	61.4	66.4
2015-12-22	37579.0	1064.0	900.0	36315.0	36494.0	190.0	175.0	38.9	39.7	56.0	62.4
2015-12-29	38064.0	1064.0	900.0	36800.0	36979.0	190.0	175.0	38.4	40.0	55.3	61.4
2016-01-05	37609.0	1064.0	900.0	36335.0	36484.0	200.0	215.0	38.8	39.4	55.9	61.2
2016-01-12	35806.0	499.0	600.0	35122.0	35001.0	185.0	205.0	41.1	39.7	58.7	63.1
2016-01-19	36051.0	499.0	0.0	35367.0	35666.0	185.0	385.0	42.5	41.6	60.8	65.5
2016-01-26	37386.0	499.0	0.0	36702.0	37001.0	185.0	385.0	42.9	40.3	61.6	62.7
2016-02-02	37396.0	514.0	0.0	36697.0	37011.0	185.0	385.0	42.9	40.3	61.6	62.6
2016-02-09	35611.0	419.0	0.0	35017.0	35451.0	175.0	160.0	43.2	40.2	61.7	61.6
2016-02-16	35566.0	369.0	0.0	34977.0	35361.0	175.0	160.0	43.3	40.3	61.5	61.7
2016-02-23	37171.0	274.0	0.0	36622.0	36911.0	175.0	160.0	43.8	43.3	60.4	63.4
2016-03-01	37361.0	279.0	0.0	36812.0	37106.0	175.0	160.0	43.7	43.7	60.6	62.5
2016-03-08	35416.0	174.0	0.0	34982.0	35166.0	165.0	155.0	43.8	43.3	61.2	62.4
2016-03-15	36376.0	224.0	200.0	35882.0	35926.0	175.0	155.0	43.7	42.9	60.2	61.4
2016-03-22	36826.0	229.0	200.0	36302.0	36381.0	205.0	155.0	43.2	42.4	60.1	62.1
2016-03-29	36854.0	379.0	200.0	36180.0	36409.0	205.0	155.0	43.0	42.0	60.9	63.0
2016-04-05	35879.0	200.0	200.0	35310.0	35239.0	369.0	440.0	42.8	41.4	60.8	63.0
2016-04-12	36509.0	200.0	200.0	35940.0	35869.0	369.0	440.0	45.0	42.2	62.2	63.5
2016-04-19	37129.0	200.0	500.0	36560.0	36189.0	369.0	440.0	45.4	41.8	63.1	62.0
2016-04-26	37581.0	250.0	500.0	36933.0	36617.0	398.0	464.0	44.7	42.7	62.7	61.7
2016-05-03	38126.0	250.0	500.0	37478.0	37162.0	398.0	464.0	45.3	41.8	62.8	60.8
2016-05-10	37753.0	700.0	200.0	36670.0	37114.0	383.0	439.0	43.9	44.1	61.0	62.4
2016-05-17	38798.0	700.0	250.0	37415.0	37809.0	383.0	439.0	45.0	44.9	60.3	62.6
2016-05-24	38407.0	700.0	250.0	37014.0	37418.0	393.0	439.0	45.6	44.9	60.2	63.1
2016-05-31	38712.0	700.0	250.0	37319.0	37693.0	393.0	469.0	46.1	45.5	60.8	63.6
2016-06-07	37698.0	700.0	250.0	36339.0	36708.0	359.0	440.0	47.0	45.8	62.2	63.8
2016-06-14	39893.0	700.0	250.0	38534.0	39113.0	359.0	230.0	45.7	48.3	62.4	64.8
2016-06-21	39588.0	700.0	250.0	38229.0	38808.0	359.0	230.0	45.1	47.3	62.6	63.3
2016-06-28	40178.0	700.0	250.0	38819.0	39398.0	359.0	230.0	45.0	48.2	62.6	64.3
2016-07-05	40283.0	700.0	250.0	38694.0	39383.0	589.0	350.0	44.9	48.9	61.6	64.2
2016-07-12	38668.0	460.0	200.0	37564.0	37953.0	344.0	215.0	44.2	48.8	61.0	62.7
2016-07-19	39023.0	100.0	500.0	38254.0	38148.0	369.0	75.0	46.0	48.2	62.9	62.7
2016-07-26	39588.0	100.0	500.0	38819.0	38713.0	369.0	75.0	44.9	48.0	62.5	63.2
2016-08-02	39763.0	100.0	500.0	38614.0	38723.0	749.0	240.0	46.6	47.6	63.0	63.6
2016-08-09	37673.0	100.0	500.0	36924.0	36808.0	349.0	65.0	47.1	48.0	64.1	64.4
2016-08-16	38018.0	100.0	500.0	37269.0	37153.0	349.0	65.0	47.0	47.9	64.0	64.1
2016-08-23	38128.0	100.0	500.0	37374.0	37263.0	354.0	65.0	46.8	47.5	63.4	63.7
2016-08-30	38443.0	100.0	500.0	37689.0	37578.0	354.0	65.0	46.5	48.9	62.9	64.4
2016-09-06	36518.0	100.0	500.0	35784.0	35663.0	334.0	55.0	46.9	49.7	62.9	63.3
2016-09-13	36588.0	100.0	500.0	36154.0	36033.0	334.0	55.0	45.6	47.8	61.5	62.2
2016-09-20	37118.0	100.0	500.0	36684.0	36563.0	334.0	55.0	44.8	49.0	61.1	62.8
2016-09-27	37098.0	100.0	500.0	36664.0	36543.0	334.0	55.0	41.6	47.0	57.3	61.1
2016-10-04	37993.0	100.0	500.0	37324.0	37058.0	569.0	435.0	40.8	47.5	54.9	60.8
2016-10-11	36163.0	100.0	500.0	35739.0	35623.0	324.0	40.0	41.9	46.5	57.5	62.8
2016-10-18	36258.0	100.0	500.0	35834.0	35718.0	324.0	40.0	40.7	47.5	56.5	64.5
2016-10-25	37108.0	100.0	500.0	36684.0	36568.0	324.0	40.0	32.2	47.7	55.4	66.9
2016-11-01	37839.0	200.0	650.0	37315.0	37149.0	324.0	40.0	32.5	47.9	54.8	65.7
2016-11-08	36384.0	235.0	650.0	35830.0	35704.0	319.0	30.0	31.9	49.8	54.0	66.9
2016-11-15	36024.0	235.0	650.0	35470.0	35344.0	319.0	30.0	31.6	49.3	54.4	66.2
2016-11-22	36457.0	235.0	650.0	35903.0	35777.0	319.0	30.0	32.9	49.2	55.3	66.3
2016-11-29	36422.0	235.0	650.0	35868.0	35742.0	319.0	30.0	32.9	49.1	55.3	66.2
2016-12-06	35805.0	235.0	650.0	35256.0	35138.0	314.0	17.0	37.0	50.9	59.2	67.9
2016-12-13	35590.0	135.0	650.0	35136.0	34923.0	319.0	17.0	36.1	51.1	58.2	66.6
2016-12-20	34500.0	135.0	650.0	34046.0	33833.0	319.0	17.0	39.0	43.8	60.4	65.0
2016-12-27	34510.0	100.0	665.0	34056.0	33793.0	319.0	17.0	39.3	43.8	60.6	65.0
2017-01-03	34565.0	100.0	665.0	34111.0	33848.0	319.0	17.0	39.1	43.7	59.2	63.8
2017-01-10	34155.0	100.0	750.0	33743.0	33405.0	312.0	0.0	39.9	44.5	60.1	63.6
2017-01-17	32800.0	100.0	700.0	32388.0	32100.0	312.0	0.0	38.4	44.4	59.6	62.4
2017-01-24	33490.0	100.0	700.0	33078.0	32790.0	312.0	0.0	38.0	41.9	59.7	61.1
2017-01-31	33642.0	100.0	700.0	33105.0	32942.0	437.0	0.0	38.9	43.7	60.7	63.1
