2014-08-12	5770.0	0.0	15.0	5045.0	5030.0	675.0	675.0	40.3	55.1	61.4	70.2
2014-08-19	5775.0	0.0	15.0	5035.0	5035.0	690.0	675.0	40.3	55.3	61.3	70.4
2014-08-26	5805.0	0.0	30.0	5250.0	5050.0	505.0	675.0	40.4	55.3	61.3	70.3
2014-09-02	5820.0	0.0	30.0	5265.0	5075.0	505.0	665.0	40.7	49.9	61.2	65.1
2014-09-16	6425.0	0.0	0.0	5925.0	5775.0	500.0	650.0	34.9	37.6	54.9	53.5
2014-09-23	6490.0	0.0	0.0	5990.0	5840.0	500.0	650.0	35.8	37.2	54.4	53.0
2014-09-30	7325.0	295.0	0.0	6535.0	6775.0	480.0	535.0	36.0	39.5	52.0	54.5
2014-10-14	7430.0	295.0	0.0	6455.0	6900.0	665.0	515.0	35.3	44.4	52.4	58.7
2014-10-21	8080.0	295.0	0.0	7105.0	7550.0	665.0	515.0	31.7	40.8	47.5	54.6
2014-10-28	8455.0	220.0	0.0	7600.0	7850.0	545.0	515.0	32.5	39.0	47.7	53.4
2014-11-04	9100.0	220.0	0.0	8245.0	8495.0	545.0	515.0	34.7	40.9	53.8	58.3
2014-11-11	9300.0	220.0	0.0	8625.0	8630.0	365.0	580.0	36.2	41.8	54.9	58.0
2014-11-18	10375.0	220.0	0.0	9700.0	9655.0	365.0	630.0	37.9	36.4	59.2	55.4
2014-11-25	10945.0	150.0	0.0	10445.0	10215.0	200.0	580.0	38.9	38.0	59.2	59.4
2014-12-02	11910.0	150.0	0.0	11410.0	11180.0	200.0	580.0	44.6	40.0	63.3	59.6
2014-12-09	12360.0	150.0	0.0	11730.0	11640.0	330.0	570.0	48.9	39.1	66.9	59.8
2014-12-16	14330.0	150.0	0.0	13440.0	13565.0	590.0	615.0	44.5	35.0	63.7	56.5
2014-12-23	15470.0	125.0	0.0	14340.0	14680.0	830.0	615.0	39.1	30.3	54.5	47.8
2014-12-30	15350.0	125.0	0.0	14220.0	14560.0	830.0	615.0	39.4	29.6	54.9	47.2
2015-01-06	15955.0	125.0	0.0	14775.0	15165.0	880.0	615.0	40.1	28.5	52.8	44.0
2015-01-13	15955.0	0.0	115.0	14605.0	14555.0	1025.0	960.0	42.3	28.2	55.1	44.7
2015-01-20	16555.0	0.0	415.0	15205.0	14855.0	1025.0	960.0	44.1	26.9	54.5	42.8
2015-01-27	18105.0	0.0	415.0	16755.0	16405.0	1025.0	960.0	43.7	26.1	50.9	39.1
2015-02-03	18320.0	0.0	665.0	16970.0	16370.0	1025.0	960.0	44.6	25.8	51.5	39.8
2015-02-10	18160.0	0.0	620.0	17090.0	16290.0	745.0	925.0	43.9	27.7	54.1	41.3
2015-02-17	19105.0	0.0	945.0	18120.0	16910.0	660.0	925.0	41.7	27.2	52.7	41.2
2015-02-24	19725.0	0.0	945.0	18740.0	17530.0	660.0	925.0	40.5	30.9	53.3	45.0
2015-03-03	20060.0	0.0	970.0	19100.0	17865.0	660.0	925.0	42.9	30.5	55.5	45.8
2015-03-10	19605.0	0.0	950.0	18660.0	17235.0	645.0	1120.0	44.6	32.8	60.1	49.4
2015-03-17	20655.0	0.0	950.0	20050.0	18285.0	305.0	1120.0	43.1	31.3	59.7	50.1
2015-03-24	20920.0	0.0	950.0	20315.0	18910.0	305.0	760.0	43.9	32.8	61.4	51.3
2015-03-31	21780.0	0.0	950.0	21235.0	19770.0	245.0	760.0	41.9	33.7	58.7	51.5
2015-04-07	21210.0	0.0	930.0	20680.0	19250.0	235.0	735.0	42.1	33.3	58.9	51.7
2015-04-14	21560.0	0.0	930.0	21160.0	19600.0	105.0	735.0	44.8	35.3	60.9	54.2
2015-04-21	23060.0	0.0	930.0	22660.0	21100.0	105.0	735.0	43.2	37.6	60.6	53.3
2015-04-28	23105.0	0.0	930.0	22705.0	21145.0	105.0	735.0	43.4	37.5	60.7	53.2
2015-05-05	24485.0	0.0	930.0	24085.0	22930.0	105.0	330.0	41.4	35.6	58.2	55.0
2015-05-12	23695.0	0.0	935.0	23330.0	22205.0	100.0	290.0	42.5	35.6	59.1	54.8
2015-05-19	24995.0	0.0	935.0	24630.0	23505.0	100.0	290.0	40.7	34.9	57.2	55.1
2015-05-26	24955.0	0.0	935.0	24590.0	23465.0	100.0	290.0	42.0	34.6	56.8	54.8
2015-06-02	26145.0	0.0	935.0	25770.0	24655.0	110.0	290.0	42.4	35.5	57.8	56.8
2015-06-09	26095.0	0.0	940.0	25765.0	24700.0	95.0	220.0	42.7	38.4	57.6	56.8
2015-06-16	26859.0	0.0	940.0	26505.0	25464.0	119.0	220.0	46.4	37.3	58.1	54.1
2015-06-23	27889.0	100.0	940.0	27435.0	26494.0	119.0	220.0	46.6	39.8	57.0	56.1
2015-06-30	27724.0	100.0	940.0	27260.0	26309.0	129.0	240.0	49.7	43.3	59.2	59.4
2015-07-07	26779.0	100.0	945.0	26350.0	25399.0	124.0	230.0	50.5	43.7	60.0	59.9
2015-07-14	27034.0	100.0	945.0	26605.0	25654.0	124.0	230.0	50.0	44.4	60.3	59.6
2015-07-21	27459.0	100.0	945.0	27030.0	26079.0	124.0	230.0	49.2	44.3	58.9	58.9
2015-07-28	27474.0	100.0	945.0	27045.0	26094.0	124.0	230.0	49.0	44.3	58.8	58.8
2015-08-04	27524.0	100.0	945.0	27095.0	26144.0	124.0	230.0	51.1	44.2	60.8	58.7
2015-08-11	26759.0	50.0	950.0	26415.0	25424.0	119.0	210.0	51.8	44.7	61.6	60.1
2015-08-18	27244.0	50.0	950.0	26840.0	25909.0	179.0	210.0	54.2	45.9	63.5	60.4
2015-08-25	27614.0	50.0	925.0	27210.0	26304.0	179.0	210.0	53.1	45.3	62.3	59.4
2015-09-01	28009.0	50.0	925.0	27545.0	26639.0	239.0	270.0	53.2	45.6	62.7	59.5
2015-09-08	27039.0	0.0	930.0	26620.0	25714.0	274.0	250.0	54.5	47.9	64.7	60.4
2015-09-15	26899.0	30.0	0.0	26610.0	26624.0	234.0	250.0	54.7	48.4	64.9	60.6
2015-09-22	29099.0	30.0	300.0	28760.0	28524.0	284.0	250.0	51.2	48.8	60.8	59.9
2015-09-29	29639.0	30.0	300.0	29300.0	29064.0	284.0	250.0	49.3	48.6	58.6	58.8
2015-10-06	28854.0	0.0	300.0	28355.0	28329.0	499.0	225.0	51.7	48.9	60.8	60.8
2015-10-13	29159.0	0.0	300.0	28600.0	28694.0	559.0	165.0	50.6	48.4	61.6	60.2
2015-10-20	29609.0	100.0	300.0	29150.0	29144.0	359.0	165.0	50.6	48.2	61.8	59.9
2015-10-27	29524.0	324.0	300.0	29125.0	29119.0	75.0	105.0	50.0	49.6	61.7	62.5
2015-11-03	30658.0	349.0	300.0	30234.0	30253.0	75.0	105.0	47.3	46.6	59.3	60.7
2015-11-10	29533.0	349.0	300.0	29114.0	29148.0	70.0	85.0	47.3	45.7	58.7	60.7
2015-11-17	29578.0	334.0	300.0	29169.0	29188.0	70.0	85.0	45.8	46.0	57.1	59.7
2015-11-24	30123.0	334.0	300.0	29714.0	29533.0	70.0	285.0	43.2	42.9	56.5	57.3
2015-12-01	30363.0	334.0	300.0	29954.0	29773.0	70.0	285.0	42.5	43.0	55.0	56.3
2015-12-08	29543.0	334.0	300.0	29154.0	28973.0	50.0	265.0	42.8	43.7	54.9	56.3
2015-12-15	30063.0	334.0	300.0	29654.0	29493.0	70.0	265.0	41.7	43.4	54.2	56.8
2015-12-22	30603.0	334.0	300.0	30214.0	30233.0	50.0	65.0	37.2	42.6	49.5	54.9
2015-12-29	30998.0	334.0	300.0	30609.0	30628.0	50.0	65.0	35.2	40.8	46.9	53.0
2016-01-05	30873.0	334.0	300.0	30484.0	30503.0	50.0	65.0	35.9	41.5	47.7	53.8
2016-01-12	29143.0	339.0	0.0	28759.0	29098.0	45.0	45.0	36.5	43.4	48.9	55.4
2016-01-19	29624.0	239.0	500.0	29340.0	29079.0	45.0	45.0	36.9	42.7	49.8	53.8
2016-01-26	30209.0	239.0	500.0	29925.0	29664.0	45.0	45.0	38.5	41.6	52.0	53.1
2016-02-02	30209.0	244.0	500.0	29920.0	29664.0	45.0	45.0	38.5	41.6	52.0	53.1
2016-02-09	28224.0	254.0	500.0	27925.0	27684.0	45.0	40.0	37.5	40.3	51.3	51.5
2016-02-16	28464.0	254.0	500.0	28165.0	27924.0	45.0	40.0	37.4	39.7	51.0	50.8
2016-02-23	30184.0	254.0	500.0	29885.0	29644.0	45.0	40.0	37.3	40.6	50.2	50.9
2016-03-01	30958.0	224.0	500.0	30669.0	30398.0	45.0	40.0	36.1	39.9	47.9	51.3
2016-03-08	28998.0	219.0	500.0	28714.0	28443.0	45.0	35.0	35.7	39.9	47.2	51.5
2016-03-15	29093.0	219.0	500.0	28799.0	28538.0	55.0	35.0	35.7	38.9	47.5	51.8
2016-03-22	29543.0	264.0	500.0	29204.0	28988.0	55.0	35.0	35.1	40.1	46.9	52.8
2016-03-29	29663.0	264.0	500.0	29324.0	29108.0	55.0	35.0	36.5	44.7	51.1	58.3
2016-04-05	28708.0	214.0	500.0	28434.0	28173.0	55.0	30.0	35.5	44.4	49.8	58.3
2016-04-12	28763.0	214.0	200.0	28379.0	28478.0	115.0	30.0	37.1	45.4	51.5	59.2
2016-04-19	28968.0	314.0	0.0	28514.0	28798.0	135.0	165.0	36.2	45.1	51.8	58.9
2016-04-26	29112.0	300.0	0.0	28654.0	28933.0	144.0	165.0	36.6	44.2	54.1	59.6
2016-05-03	29412.0	300.0	0.0	28954.0	29233.0	144.0	165.0	37.5	43.8	53.8	60.0
2016-05-10	29947.0	1205.0	0.0	28614.0	29778.0	119.0	160.0	35.5	45.4	50.0	60.6
2016-05-17	31362.0	1205.0	0.0	29729.0	30893.0	119.0	160.0	36.2	44.9	49.6	58.6
2016-05-24	31532.0	1190.0	0.0	29914.0	31063.0	119.0	160.0	34.7	44.9	47.7	58.7
2016-05-31	32042.0	1190.0	0.0	30424.0	31573.0	119.0	160.0	34.1	44.5	46.7	59.1
2016-06-07	31413.0	1199.0	0.0	29819.0	30958.0	95.0	155.0	34.8	43.2	47.8	57.9
2016-06-14	33703.0	1199.0	0.0	32109.0	33188.0	95.0	215.0	35.4	45.7	47.5	58.4
2016-06-21	33923.0	1050.0	0.0	32309.0	33408.0	264.0	215.0	35.1	45.7	47.2	57.9
2016-06-28	34243.0	1050.0	0.0	32629.0	33728.0	264.0	215.0	35.8	47.2	47.6	59.8
2016-07-05	34118.0	1050.0	0.0	32299.0	33553.0	469.0	265.0	35.9	47.8	47.9	60.0
2016-07-12	33423.0	1050.0	0.0	31579.0	32928.0	494.0	195.0	35.7	46.8	48.1	60.5
2016-07-19	34323.0	1050.0	0.0	32704.0	33828.0	269.0	195.0	38.6	47.8	52.0	62.0
2016-07-26	35248.0	1050.0	0.0	33629.0	34753.0	269.0	195.0	37.7	48.3	51.4	60.2
2016-08-02	35653.0	1050.0	0.0	33804.0	35003.0	499.0	350.0	37.4	48.0	51.6	60.0
2016-08-09	33998.0	1050.0	0.0	32399.0	33518.0	249.0	180.0	39.0	48.0	53.8	60.4
2016-08-16	34063.0	1200.0	0.0	32314.0	33583.0	249.0	180.0	39.3	47.9	53.9	60.4
2016-08-23	35090.0	1200.0	0.0	33386.0	34660.0	254.0	180.0	37.9	46.4	51.9	58.4
2016-08-30	35365.0	1200.0	0.0	33721.0	34935.0	194.0	180.0	37.8	48.1	51.5	59.8
2016-09-06	33860.0	1200.0	0.0	32236.0	33445.0	174.0	165.0	39.9	49.7	53.3	62.3
2016-09-13	34495.0	1200.0	0.0	32661.0	34170.0	384.0	75.0	38.8	50.3	51.6	61.8
2016-09-20	34430.0	1200.0	0.0	32806.0	34015.0	174.0	165.0	38.9	51.3	52.0	61.9
2016-09-27	35475.0	1200.0	0.0	33641.0	35150.0	384.0	75.0	39.8	50.6	52.7	63.2
2016-10-04	35700.0	1200.0	0.0	33836.0	35360.0	414.0	90.0	39.7	50.4	52.5	62.3
2016-10-11	34725.0	1200.0	0.0	33116.0	34465.0	159.0	10.0	40.2	49.6	53.1	64.4
2016-10-18	34415.0	1300.0	0.0	32706.0	34155.0	159.0	10.0	39.2	50.6	52.6	65.8
2016-10-25	34485.0	1300.0	0.0	32776.0	34225.0	159.0	10.0	35.1	50.5	50.8	66.8
2016-11-01	35021.0	1300.0	200.0	33312.0	34561.0	159.0	10.0	34.8	48.7	50.2	65.0
2016-11-08	33665.0	1250.0	200.0	32016.0	33205.0	149.0	10.0	35.2	48.2	51.2	65.6
2016-11-15	33055.0	1250.0	200.0	31406.0	32595.0	149.0	10.0	35.1	49.6	52.6	65.2
2016-11-22	32920.0	1250.0	200.0	31271.0	32460.0	149.0	10.0	37.2	50.5	55.7	66.0
2016-11-29	32946.0	1250.0	200.0	31297.0	32486.0	149.0	10.0	37.4	50.5	55.2	66.3
2016-12-06	31691.0	1200.0	200.0	30102.0	31236.0	139.0	5.0	39.9	47.7	58.9	65.3
2016-12-13	31636.0	1200.0	200.0	30047.0	31181.0	139.0	5.0	41.0	47.9	58.0	64.5
2016-12-20	30916.0	1200.0	200.0	29327.0	30461.0	139.0	5.0	41.3	38.0	58.6	57.2
2016-12-27	31066.0	1150.0	200.0	29527.0	30611.0	139.0	5.0	40.8	37.1	58.0	56.2
2017-01-03	31376.0	1150.0	200.0	29787.0	30921.0	189.0	5.0	39.5	37.5	56.3	55.2
2017-01-10	29850.0	1100.0	200.0	28371.0	29400.0	129.0	0.0	39.6	39.5	57.0	56.2
2017-01-17	28430.0	1075.0	200.0	26976.0	27980.0	129.0	0.0	38.6	35.5	55.7	54.4
2017-01-24	28942.0	1075.0	200.0	27488.0	28492.0	129.0	0.0	36.9	34.0	54.8	54.4
2017-01-31	29327.0	1075.0	200.0	27753.0	28877.0	249.0	0.0	36.2	34.8	56.0	55.2
