2014-09-02	8080.0	1450.0	100.0	6005.0	7750.0	525.0	130.0	44.8	70.9	71.0	81.3
2014-09-09	7953.0	1180.0	100.0	5878.0	7375.0	525.0	108.0	44.8	69.7	70.2	81.4
2014-09-16	8348.0	1180.0	200.0	6318.0	7655.0	480.0	123.0	43.7	69.5	68.4	81.9
2014-10-07	7999.0	1120.0	200.0	5939.0	7299.0	510.0	70.0	39.5	65.0	65.6	77.3
2014-10-14	8204.0	1420.0	200.0	5844.0	7504.0	510.0	70.0	43.1	58.3	69.5	77.9
2014-10-21	8714.0	1720.0	200.0	6054.0	7954.0	510.0	130.0	46.4	60.9	68.2	76.0
2014-10-28	8629.0	1720.0	200.0	5939.0	7889.0	540.0	110.0	46.8	59.7	66.4	73.8
2014-11-04	8664.0	820.0	200.0	6874.0	7924.0	540.0	110.0	46.6	59.4	66.1	73.4
2014-11-11	8567.0	735.0	200.0	6827.0	7802.0	540.0	100.0	46.2	60.9	67.4	75.1
2014-11-18	8477.0	735.0	200.0	6797.0	7812.0	480.0	0.0	46.7	59.5	66.0	73.8
2014-11-25	8357.0	735.0	200.0	6797.0	7692.0	360.0	0.0	47.3	58.9	67.0	73.4
2014-12-02	8512.0	735.0	200.0	6952.0	7847.0	360.0	0.0	46.5	57.2	67.3	75.2
2014-12-09	8292.0	750.0	200.0	6612.0	7642.0	480.0	0.0	48.1	58.8	69.1	77.7
2014-12-16	8512.0	630.0	200.0	6912.0	7862.0	520.0	0.0	46.4	57.1	66.2	75.9
2014-12-23	9572.0	630.0	350.0	7972.0	8772.0	520.0	0.0	43.2	55.4	61.9	73.8
2014-12-30	9572.0	630.0	350.0	7972.0	8772.0	520.0	0.0	43.2	55.4	61.9	73.8
2015-01-06	9872.0	930.0	350.0	7972.0	9050.0	520.0	22.0	45.2	56.8	63.3	74.6
2015-01-13	9765.0	920.0	350.0	7715.0	8855.0	670.0	100.0	45.6	58.0	64.2	76.2
2015-01-20	9845.0	920.0	350.0	7915.0	8935.0	550.0	100.0	45.2	56.7	63.7	74.8
2015-01-27	9845.0	920.0	350.0	7915.0	8935.0	550.0	100.0	45.2	56.7	63.7	74.8
2015-02-03	11200.0	1220.0	350.0	9120.0	10390.0	400.0	0.0	44.9	54.8	66.3	72.3
2015-02-10	10670.0	1275.0	225.0	8645.0	10065.0	370.0	0.0	45.9	57.2	67.7	72.8
2015-02-17	11020.0	1275.0	225.0	8995.0	10415.0	370.0	0.0	45.6	55.4	66.7	70.5
2015-02-24	11125.0	375.0	225.0	10040.0	10520.0	330.0	0.0	41.8	56.0	63.7	70.8
2015-03-03	10965.0	375.0	250.0	9870.0	10335.0	340.0	0.0	40.1	56.6	61.7	71.4
2015-03-10	10290.0	430.0	125.0	8950.0	9755.0	610.0	110.0	39.7	58.7	60.6	72.9
2015-03-17	10340.0	430.0	125.0	8935.0	9800.0	675.0	115.0	39.5	57.6	60.3	72.4
2015-03-24	10710.0	430.0	125.0	8885.0	10170.0	1095.0	115.0	38.1	59.2	58.2	73.8
2015-03-31	11430.0	430.0	125.0	8540.0	10905.0	2160.0	100.0	35.5	55.4	54.3	70.9
2015-04-07	11070.0	480.0	100.0	8035.0	10485.0	2330.0	260.0	35.1	55.0	53.7	70.7
2015-04-14	10905.0	1936.0	100.0	8079.0	10280.0	625.0	260.0	41.9	52.5	63.8	68.5
2015-04-21	10905.0	1936.0	100.0	8079.0	10280.0	625.0	260.0	41.9	52.5	63.8	68.5
2015-04-28	10905.0	1936.0	100.0	8079.0	10280.0	625.0	260.0	41.9	52.5	63.8	68.5
2015-05-05	11550.0	1961.0	100.0	8589.0	10985.0	735.0	200.0	42.3	53.9	65.3	68.6
2015-05-12	11011.0	1997.0	100.0	8354.0	10471.0	420.0	200.0	44.2	58.6	68.4	71.5
2015-05-19	11241.0	2027.0	100.0	8554.0	10521.0	420.0	380.0	43.6	57.7	68.9	70.3
2015-05-26	11317.0	2063.0	100.0	8594.0	10597.0	420.0	380.0	43.6	57.4	68.7	70.0
2015-06-02	11562.0	2073.0	100.0	8989.0	11197.0	260.0	25.0	42.0	56.6	65.1	70.0
2015-06-09	11892.0	2113.0	100.0	9404.0	11617.0	200.0	0.0	43.6	60.9	68.1	73.3
2015-06-16	11862.0	2053.0	100.0	9434.0	11587.0	200.0	0.0	43.2	60.6	67.8	73.9
2015-06-23	12987.0	2093.0	100.0	10519.0	12712.0	200.0	0.0	42.1	63.8	65.1	75.2
2015-06-30	13047.0	2093.0	100.0	10579.0	12772.0	200.0	0.0	41.9	63.8	64.8	75.2
2015-07-07	12597.0	2038.0	100.0	10234.0	12347.0	175.0	0.0	42.0	65.2	65.5	76.4
2015-07-14	12722.0	2038.0	100.0	10344.0	12472.0	190.0	0.0	41.6	65.8	65.8	77.0
2015-07-21	12939.0	2115.0	100.0	10484.0	12689.0	190.0	0.0	41.5	65.3	66.3	77.2
2015-07-28	13469.0	2115.0	100.0	10884.0	13219.0	320.0	0.0	39.9	65.1	62.9	76.8
2015-08-04	14054.0	2090.0	100.0	11349.0	13789.0	465.0	15.0	39.6	65.4	63.0	77.5
2015-08-11	13654.0	2110.0	50.0	11104.0	13464.0	315.0	15.0	42.4	68.5	65.9	79.5
2015-08-18	13679.0	2080.0	50.0	11409.0	13504.0	65.0	0.0	42.1	68.1	65.6	79.1
2015-08-25	14009.0	2145.0	50.0	11674.0	13834.0	65.0	0.0	41.6	65.7	64.3	76.9
2015-09-01	14249.0	2325.0	50.0	11544.0	14034.0	255.0	40.0	42.1	66.3	65.3	77.3
2015-09-08	13404.0	2185.0	0.0	10844.0	13279.0	275.0	25.0	43.1	70.4	67.9	79.7
2015-09-15	13239.0	1735.0	0.0	11144.0	13189.0	335.0	25.0	43.8	71.7	66.9	80.5
2015-09-22	12984.0	1755.0	0.0	10869.0	12934.0	335.0	25.0	42.7	68.6	65.9	78.2
2015-09-29	13559.0	1945.0	75.0	11254.0	13434.0	335.0	25.0	40.7	65.4	63.9	74.4
2015-10-06	13513.0	1874.0	75.0	11259.0	13438.0	380.0	0.0	42.5	66.2	61.7	73.5
2015-10-13	13863.0	1898.0	75.0	11585.0	13788.0	380.0	0.0	41.6	64.2	60.7	71.3
2015-10-20	14593.0	1903.0	75.0	12600.0	14518.0	90.0	0.0	40.5	58.8	57.8	68.2
2015-10-27	14788.0	1988.0	75.0	12710.0	14713.0	90.0	0.0	40.2	57.4	57.4	67.5
2015-11-03	15068.0	1938.0	75.0	12945.0	14993.0	185.0	0.0	35.2	57.0	51.9	67.1
2015-11-10	14598.0	1938.0	50.0	12580.0	14548.0	80.0	0.0	36.0	59.3	53.1	69.4
2015-11-17	14683.0	1998.0	50.0	12605.0	14633.0	80.0	0.0	36.2	59.6	53.2	69.7
2015-11-24	15138.0	1918.0	50.0	13170.0	15058.0	50.0	30.0	33.0	59.0	50.4	67.3
2015-12-01	15138.0	1918.0	50.0	13170.0	15058.0	50.0	30.0	33.0	59.0	50.2	67.3
2015-12-08	14522.0	1873.0	125.0	12609.0	14367.0	40.0	30.0	37.0	63.4	55.5	71.3
2015-12-15	14567.0	1873.0	125.0	12564.0	14442.0	130.0	0.0	35.0	62.1	53.1	70.1
2015-12-22	14657.0	1903.0	125.0	12624.0	14532.0	130.0	0.0	35.8	63.6	55.0	72.2
2015-12-29	14672.0	1903.0	125.0	12639.0	14547.0	130.0	0.0	35.7	63.0	54.9	72.1
2016-01-05	14432.0	1943.0	125.0	12359.0	14307.0	130.0	0.0	36.6	62.1	55.4	71.3
2016-01-12	14439.0	1428.0	100.0	12326.0	14339.0	685.0	0.0	34.2	70.9	56.0	78.9
2016-01-19	14934.0	1508.0	100.0	12756.0	14834.0	670.0	0.0	33.9	68.6	55.1	76.3
2016-01-26	14584.0	1508.0	100.0	12406.0	14484.0	670.0	0.0	34.8	66.4	56.4	76.8
2016-02-02	14679.0	1508.0	100.0	12501.0	14579.0	670.0	0.0	34.5	66.4	56.3	76.7
2016-02-09	14060.0	1499.0	50.0	11911.0	14010.0	650.0	0.0	33.7	64.8	54.1	74.2
2016-02-16	14060.0	1499.0	50.0	11911.0	14010.0	650.0	0.0	33.7	64.8	54.1	74.2
2016-02-23	14034.0	1464.0	50.0	11920.0	13984.0	650.0	0.0	33.8	62.4	55.3	74.9
2016-03-01	14299.0	1464.0	50.0	12125.0	14249.0	710.0	0.0	34.5	60.7	54.1	75.3
2016-03-08	13890.0	1320.0	0.0	11810.0	13815.0	760.0	75.0	37.7	63.5	57.7	76.6
2016-03-15	14101.0	1320.0	0.0	12019.0	14086.0	762.0	15.0	37.1	61.5	55.5	74.3
2016-03-22	14161.0	1380.0	0.0	12019.0	14146.0	762.0	15.0	37.4	61.6	55.7	74.4
2016-03-29	14136.0	1370.0	0.0	12004.0	14121.0	762.0	15.0	37.4	61.5	55.5	74.3
2016-04-05	13142.0	1281.0	0.0	11134.0	13127.0	727.0	15.0	37.8	63.0	57.4	75.3
2016-04-12	14227.0	1281.0	0.0	12139.0	14082.0	807.0	145.0	35.2	66.6	57.2	78.0
2016-04-19	14117.0	1281.0	0.0	12029.0	13972.0	807.0	145.0	35.4	66.3	56.7	77.7
2016-04-26	13769.0	1281.0	0.0	11674.0	13624.0	814.0	145.0	35.3	64.0	54.2	75.7
2016-05-03	14279.0	1281.0	0.0	12284.0	14259.0	714.0	20.0	34.6	63.8	55.4	75.1
2016-05-10	13382.0	1097.0	0.0	11454.0	13298.0	807.0	60.0	33.0	65.9	53.4	76.3
2016-05-17	14137.0	1097.0	0.0	12949.0	14058.0	67.0	55.0	32.4	61.2	53.7	70.6
2016-05-24	14587.0	1057.0	0.0	13429.0	14498.0	67.0	55.0	32.3	60.4	52.4	69.9
2016-05-31	14582.0	1097.0	0.0	13384.0	14493.0	67.0	55.0	32.2	59.1	52.1	68.7
2016-06-07	13741.0	1043.0	0.0	12604.0	13650.0	45.0	42.0	31.9	59.7	52.3	67.4
2016-06-14	13856.0	1043.0	0.0	12719.0	13765.0	45.0	42.0	31.6	60.0	52.9	67.7
2016-06-21	14236.0	1043.0	0.0	13099.0	14145.0	45.0	42.0	32.0	61.9	53.8	70.3
2016-06-28	14796.0	1038.0	0.0	13664.0	14705.0	45.0	42.0	35.6	58.2	59.8	68.8
2016-07-05	14746.0	1038.0	0.0	13559.0	14589.0	100.0	108.0	35.8	57.2	59.3	68.2
2016-07-12	13921.0	1069.0	0.0	12804.0	13303.0	30.0	600.0	35.4	57.5	58.3	65.7
2016-07-19	14562.0	1069.0	0.0	13445.0	14544.0	30.0	0.0	35.9	63.3	57.8	70.2
2016-07-26	14564.0	1069.0	0.0	13447.0	14546.0	30.0	0.0	36.3	63.7	58.3	70.2
2016-08-02	14589.0	1069.0	0.0	13427.0	14503.0	75.0	68.0	36.2	63.2	57.9	69.5
2016-08-09	13440.0	1025.0	0.0	12372.0	13422.0	25.0	0.0	37.3	64.1	56.5	70.1
2016-08-16	13500.0	1025.0	0.0	12432.0	13482.0	25.0	0.0	37.0	61.9	56.2	69.7
2016-08-23	13745.0	1025.0	0.0	12677.0	13727.0	25.0	0.0	37.3	61.5	55.8	69.3
2016-08-30	13710.0	1025.0	0.0	12642.0	13692.0	25.0	0.0	36.8	61.2	54.8	69.0
2016-09-06	12674.0	941.0	0.0	11695.0	12632.0	20.0	24.0	36.2	59.4	55.0	67.9
2016-09-13	13289.0	941.0	0.0	12310.0	13247.0	20.0	24.0	36.8	56.1	54.2	64.4
2016-09-20	13489.0	941.0	0.0	12510.0	13447.0	20.0	24.0	36.1	59.5	55.4	67.7
2016-09-27	14274.0	1001.0	0.0	13235.0	14227.0	20.0	29.0	34.5	56.7	53.7	65.6
2016-10-04	14799.0	1021.0	0.0	13660.0	14454.0	100.0	327.0	35.4	56.2	53.9	63.5
2016-10-11	14035.0	1037.0	0.0	12965.0	13999.0	15.0	18.0	37.2	60.8	56.5	69.5
2016-10-18	14435.0	1057.0	0.0	13345.0	14399.0	15.0	18.0	36.3	58.8	55.1	67.2
2016-10-25	14443.0	1117.0	0.0	13305.0	14417.0	15.0	20.0	36.7	58.2	55.2	66.7
2016-11-01	14623.0	967.0	0.0	13635.0	14597.0	15.0	20.0	36.1	57.2	54.9	66.9
2016-11-08	13963.0	1003.0	0.0	12950.0	13943.0	10.0	20.0	36.2	58.4	56.3	68.3
2016-11-15	14544.0	1053.0	0.0	13475.0	14518.0	10.0	20.0	35.1	58.6	56.5	68.5
2016-11-22	14249.0	753.0	0.0	13465.0	14208.0	10.0	20.0	35.4	57.3	55.6	67.4
2016-11-29	13889.0	753.0	0.0	13105.0	13848.0	10.0	20.0	34.5	53.4	52.7	64.5
2016-12-06	13260.0	749.0	0.0	12485.0	13239.0	5.0	0.0	36.0	52.4	55.0	63.6
2016-12-13	13154.0	749.0	0.0	12379.0	13133.0	5.0	0.0	36.9	51.6	55.9	62.9
2016-12-20	13104.0	759.0	0.0	12319.0	13083.0	5.0	0.0	37.0	47.5	56.2	62.1
2016-12-27	12954.0	699.0	0.0	12229.0	12933.0	5.0	0.0	37.4	47.0	55.7	61.8
2017-01-03	13064.0	689.0	0.0	12349.0	13043.0	5.0	0.0	39.4	46.5	56.1	61.4
2017-01-10	13424.0	755.0	0.0	12669.0	13420.0	0.0	4.0	38.5	47.1	56.1	60.7
2017-01-17	13399.0	755.0	0.0	12644.0	13395.0	0.0	4.0	38.5	47.0	56.0	60.6
2017-01-24	13664.0	755.0	0.0	12909.0	13660.0	0.0	4.0	39.2	47.3	56.3	61.0
2017-01-31	13309.0	755.0	0.0	12474.0	13230.0	80.0	79.0	35.9	48.0	55.1	62.0
