2014-10-21	52002.0	5339.0	6385.0	43069.0	42145.0	931.0	809.0	36.5	54.3	54.0	64.7
2014-10-28	53146.0	5933.0	6817.0	43552.0	42851.0	972.0	789.0	35.5	54.2	52.0	63.5
2014-11-04	54014.0	6252.0	6153.0	44189.0	44424.0	906.0	770.0	36.8	54.1	52.7	63.5
2014-11-11	51464.0	5596.0	6285.0	42602.0	42027.0	858.0	744.0	38.2	56.6	54.1	65.4
2014-11-18	51290.0	5209.0	5853.0	42999.0	42811.0	689.0	233.0	34.7	55.9	52.0	64.4
2014-11-25	52125.0	5039.0	6103.0	43806.0	43653.0	1100.0	189.0	33.5	54.9	50.1	63.5
2014-12-02	53986.0	5061.0	5593.0	45645.0	46024.0	1100.0	189.0	37.1	57.1	52.9	65.7
2014-12-09	52003.0	4785.0	5081.0	43964.0	44462.0	1006.0	212.0	38.4	59.3	55.9	67.5
2014-12-16	53669.0	4796.0	5125.0	45571.0	45951.0	962.0	253.0	39.4	57.4	55.6	66.2
2014-12-23	54566.0	4729.0	5269.0	46592.0	46717.0	962.0	297.0	40.9	57.2	55.6	65.8
2014-12-30	54824.0	4496.0	5269.0	47042.0	46934.0	962.0	297.0	39.9	57.0	54.4	65.5
2015-01-06	55638.0	4073.0	5269.0	48259.0	47579.0	769.0	253.0	39.7	57.3	54.4	65.8
2015-01-13	52479.0	4151.0	5014.0	45414.0	45065.0	723.0	209.0	39.9	59.2	57.7	67.8
2015-01-20	52851.0	3761.0	5054.0	46113.0	45209.0	640.0	251.0	38.0	58.9	56.3	67.4
2015-01-27	52440.0	3781.0	5142.0	45682.0	44710.0	640.0	251.0	38.3	58.3	55.8	67.0
2015-02-03	52658.0	3615.0	5124.0	45990.0	44848.0	618.0	251.0	36.8	58.1	53.4	66.6
2015-02-10	50243.0	2921.0	5105.0	44406.0	42632.0	640.0	230.0	36.9	60.1	53.2	68.1
2015-02-17	50033.0	2965.0	4121.0	44240.0	43448.0	552.0	188.0	36.9	58.8	53.1	67.4
2015-02-24	51467.0	2693.0	2912.0	45305.0	45494.0	574.0	166.0	36.7	55.0	52.6	65.2
2015-03-03	51665.0	2753.0	3082.0	45375.0	45412.0	554.0	188.0	37.7	54.9	53.5	64.9
2015-03-10	47307.0	3038.0	3198.0	41134.0	41316.0	558.0	216.0	40.5	56.5	57.0	67.1
2015-03-17	47951.0	2928.0	3259.0	41800.0	41833.0	558.0	194.0	40.3	55.7	56.1	65.6
2015-03-24	48509.0	2560.0	3195.0	42358.0	42151.0	622.0	194.0	39.2	54.4	54.5	64.3
2015-03-31	48526.0	2259.0	3129.0	42309.0	41889.0	708.0	258.0	39.1	54.4	54.2	64.4
2015-04-07	46650.0	2695.0	2645.0	40523.0	41045.0	666.0	194.0	39.0	52.8	55.1	62.9
2015-04-14	47149.0	2695.0	2772.0	40941.0	41461.0	747.0	150.0	40.7	52.1	56.9	61.6
2015-04-21	47909.0	2529.0	2415.0	41681.0	42394.0	747.0	148.0	42.5	48.2	58.8	58.7
2015-04-28	47567.0	2533.0	2460.0	41043.0	41525.0	939.0	530.0	43.0	47.4	57.7	57.7
2015-05-05	47819.0	2463.0	2600.0	41295.0	41543.0	939.0	554.0	44.0	44.1	57.8	54.3
2015-05-12	45826.0	2933.0	2650.0	39365.0	40058.0	876.0	466.0	44.7	46.0	58.3	57.5
2015-05-19	46364.0	2804.0	2604.0	40245.0	40917.0	556.0	84.0	45.0	46.2	58.0	58.0
2015-05-26	47603.0	2782.0	2647.0	41398.0	41623.0	642.0	552.0	44.5	45.6	56.8	56.9
2015-06-02	50272.0	2805.0	2433.0	43895.0	44356.0	685.0	596.0	45.6	46.1	57.6	58.8
2015-06-09	48575.0	2705.0	2622.0	42558.0	42750.0	665.0	556.0	46.0	48.4	58.4	61.5
2015-06-16	48332.0	2769.0	2390.0	42272.0	42693.0	600.0	558.0	46.6	49.2	58.9	62.5
2015-06-23	50087.0	2769.0	2433.0	44048.0	44274.0	600.0	710.0	48.6	49.8	58.9	61.8
2015-06-30	51768.0	3006.0	2389.0	45428.0	45914.0	600.0	731.0	47.4	52.7	59.5	62.4
2015-07-07	51386.0	2661.0	2389.0	45334.0	45647.0	941.0	900.0	48.2	54.3	61.6	65.0
2015-07-14	52195.0	2597.0	2580.0	46143.0	46201.0	941.0	900.0	48.7	54.4	62.2	64.9
2015-07-21	52389.0	2490.0	2580.0	46337.0	46290.0	941.0	898.0	48.9	54.4	63.3	65.4
2015-07-28	52243.0	2490.0	2437.0	46169.0	46479.0	963.0	706.0	49.5	54.2	63.8	65.6
2015-08-04	52808.0	2223.0	2131.0	46989.0	47384.0	1009.0	706.0	49.5	54.4	63.7	65.8
2015-08-11	49245.0	2412.0	1989.0	43762.0	44226.0	614.0	573.0	49.9	55.2	64.1	67.0
2015-08-18	49747.0	2304.0	2240.0	44732.0	44837.0	614.0	573.0	51.9	55.2	66.0	67.6
2015-08-25	49961.0	2304.0	2135.0	44926.0	45093.0	634.0	636.0	51.7	55.0	66.5	67.9
2015-09-01	49670.0	2302.0	1881.0	44615.0	44991.0	676.0	721.0	51.2	54.7	63.1	67.7
2015-09-08	47116.0	1989.0	1798.0	42183.0	42223.0	867.0	1018.0	52.3	55.1	63.9	68.1
2015-09-15	45891.0	783.0	2053.0	43943.0	42564.0	867.0	976.0	55.3	56.6	68.0	70.1
2015-09-22	46549.0	865.0	2437.0	44645.0	42880.0	741.0	934.0	55.2	55.7	71.5	71.8
2015-09-29	47795.0	909.0	2523.0	45548.0	44018.0	1040.0	956.0	55.1	54.2	72.4	70.0
2015-10-06	44701.0	701.0	1826.0	42683.0	41281.0	1040.0	1317.0	53.6	54.9	72.1	70.3
2015-10-13	45314.0	824.0	1826.0	43153.0	41894.0	1060.0	1317.0	52.5	55.1	69.9	70.2
2015-10-20	45583.0	802.0	1826.0	43612.0	42374.0	892.0	1106.0	50.7	56.1	69.4	71.2
