2014-10-21	17978.0	1383.0	0.0	14929.0	15887.0	1108.0	1533.0	30.8	39.8	47.9	47.2
2014-10-28	18057.0	1402.0	82.0	15266.0	15890.0	871.0	1567.0	30.1	37.9	47.6	45.9
2014-11-04	17568.0	1061.0	79.0	14972.0	15358.0	891.0	1487.0	29.0	38.5	46.2	47.7
2014-11-11	16744.0	1122.0	79.0	14178.0	14649.0	846.0	1418.0	30.3	37.4	45.9	46.1
2014-11-18	16492.0	1147.0	79.0	13923.0	14441.0	868.0	1418.0	30.6	37.6	46.0	48.3
2014-11-25	16834.0	1204.0	79.0	14544.0	15055.0	551.0	1165.0	30.3	38.4	46.1	49.1
2014-12-02	16922.0	1268.0	79.0	14569.0	15163.0	570.0	1165.0	30.4	38.2	46.0	48.9
2014-12-09	16203.0	1173.0	79.0	14048.0	14737.0	551.0	956.0	29.4	39.8	44.7	50.1
2014-12-16	16277.0	1214.0	38.0	14057.0	14892.0	595.0	936.0	29.5	36.1	42.6	46.3
2014-12-23	17154.0	1359.0	120.0	14833.0	15728.0	551.0	895.0	28.8	35.1	41.1	44.8
2014-12-30	17298.0	1359.0	120.0	14999.0	15872.0	529.0	895.0	28.3	35.1	40.9	44.5
2015-01-06	17404.0	1594.0	38.0	14850.0	16040.0	549.0	915.0	28.4	36.0	41.7	45.4
2015-01-13	16763.0	1909.0	38.0	13958.0	14976.0	529.0	1382.0	31.7	35.9	43.3	44.0
2015-01-20	17797.0	1935.0	38.0	14944.0	15970.0	551.0	1422.0	30.0	33.2	43.1	42.6
2015-01-27	18081.0	1855.0	0.0	15310.0	16314.0	551.0	1402.0	30.0	32.7	43.2	43.2
2015-02-03	18645.0	1811.0	61.0	15896.0	16856.0	551.0	1341.0	29.1	34.6	44.3	44.4
2015-02-10	17622.0	1551.0	104.0	15173.0	15872.0	595.0	1343.0	27.3	34.6	43.9	43.6
2015-02-17	17451.0	953.0	60.0	15578.0	15745.0	595.0	1321.0	23.7	30.2	40.5	41.2
2015-02-24	16689.0	632.0	60.0	15093.0	14939.0	595.0	1321.0	23.8	32.2	37.5	41.5
2015-03-03	17312.0	654.0	38.0	15694.0	15562.0	595.0	1343.0	23.8	34.3	39.6	45.4
2015-03-10	16367.0	636.0	38.0	14743.0	14609.0	659.0	1391.0	27.6	35.4	45.5	47.5
2015-03-17	16488.0	636.0	18.0	14842.0	14750.0	681.0	1391.0	27.4	34.6	45.1	47.0
2015-03-24	16699.0	636.0	18.0	15053.0	14940.0	681.0	1412.0	26.7	36.4	43.6	46.8
2015-03-31	16986.0	636.0	18.0	15294.0	15249.0	727.0	1390.0	27.1	34.8	44.1	45.1
2015-04-07	17558.0	636.0	38.0	15910.0	15801.0	683.0	1390.0	26.7	32.3	43.1	43.0
2015-04-14	17857.0	636.0	18.0	16213.0	15997.0	701.0	1535.0	31.0	31.8	46.5	40.6
2015-04-21	17595.0	636.0	18.0	15991.0	15714.0	661.0	1556.0	29.7	29.6	46.0	39.2
2015-04-28	17836.0	636.0	38.0	16234.0	15916.0	659.0	1575.0	29.3	30.5	45.4	40.4
2015-05-05	17658.0	636.0	98.0	15908.0	15656.0	807.0	1597.0	31.2	31.0	45.4	40.2
2015-05-12	17088.0	636.0	98.0	15407.0	15174.0	782.0	1553.0	32.0	31.3	47.8	41.6
2015-05-19	18376.0	636.0	76.0	16822.0	16420.0	633.0	1595.0	29.6	40.9	45.3	49.6
2015-05-26	18979.0	636.0	76.0	17383.0	17022.0	675.0	1596.0	27.7	40.6	42.6	46.2
2015-06-02	19143.0	636.0	76.0	17525.0	17164.0	697.0	1618.0	27.0	39.8	42.8	47.7
2015-06-09	18687.0	660.0	0.0	17104.0	16972.0	682.0	1474.0	28.2	39.4	42.7	49.5
2015-06-16	18980.0	660.0	0.0	17418.0	17244.0	661.0	1495.0	28.8	38.2	43.2	48.3
2015-06-23	19042.0	660.0	0.0	17434.0	17218.0	707.0	1583.0	28.8	38.7	43.1	47.7
2015-06-30	18919.0	637.0	0.0	17820.0	17372.0	198.0	1283.0	28.7	39.5	43.3	48.9
2015-07-07	19620.0	637.0	0.0	18479.0	18136.0	240.0	1220.0	28.7	41.0	45.7	51.9
2015-07-14	18868.0	726.0	0.0	17579.0	17538.0	432.0	1199.0	29.0	42.4	47.1	54.2
2015-07-21	19381.0	726.0	42.0	18220.0	18118.0	304.0	1090.0	28.1	42.6	45.8	56.7
2015-07-28	19467.0	726.0	42.0	18240.0	17947.0	370.0	1347.0	27.5	43.4	45.4	57.2
2015-08-04	19405.0	726.0	42.0	18199.0	17821.0	349.0	1411.0	27.2	43.6	45.3	56.8
2015-08-11	17822.0	611.0	42.0	16846.0	16332.0	234.0	1317.0	28.5	45.6	47.5	55.7
2015-08-18	18097.0	611.0	42.0	17100.0	16566.0	255.0	1358.0	28.1	46.5	48.3	56.1
2015-08-25	18099.0	611.0	42.0	17102.0	16527.0	255.0	1399.0	28.0	46.8	48.3	56.1
2015-09-01	17766.0	611.0	42.0	16855.0	16491.0	169.0	1102.0	27.9	47.1	46.3	56.6
2015-09-08	17825.0	611.0	0.0	16914.0	16550.0	169.0	1144.0	27.8	45.3	46.2	56.3
2015-09-15	16210.0	0.0	0.0	16039.0	15170.0	171.0	1040.0	29.9	47.7	49.4	55.1
2015-09-22	16902.0	0.0	0.0	16285.0	15819.0	617.0	1083.0	28.4	45.2	46.8	53.3
2015-09-29	16799.0	0.0	0.0	16204.0	15971.0	595.0	828.0	28.7	43.4	46.6	52.2
2015-10-06	17178.0	0.0	126.0	16585.0	16243.0	593.0	809.0	27.8	41.9	44.8	49.5
2015-10-13	16608.0	0.0	126.0	15994.0	15460.0	614.0	1022.0	28.0	45.6	46.9	52.9
2015-10-20	17803.0	0.0	126.0	17209.0	16635.0	594.0	1042.0	29.6	47.1	48.3	55.4
2015-10-27	17723.0	0.0	126.0	17065.0	16597.0	658.0	1000.0	29.2	46.8	47.5	55.7
2015-11-03	17994.0	0.0	126.0	17189.0	16827.0	805.0	1041.0	28.8	47.0	47.3	55.3
2015-11-10	18110.0	0.0	82.0	17792.0	17075.0	274.0	909.0	32.4	50.4	52.3	59.3
2015-11-17	18535.0	0.0	82.0	18174.0	17053.0	317.0	1356.0	35.9	54.8	55.3	63.9
2015-11-24	18917.0	110.0	82.0	18552.0	17667.0	211.0	1124.0	36.1	53.4	55.4	63.2
2015-12-01	19021.0	110.0	82.0	18656.0	17771.0	211.0	1124.0	35.7	52.5	55.1	61.9
2015-12-08	18074.0	170.0	82.0	17645.0	17056.0	193.0	870.0	37.1	53.5	55.4	65.0
2015-12-15	18814.0	170.0	82.0	18212.0	17963.0	366.0	703.0	34.9	51.4	53.5	63.0
2015-12-22	19645.0	170.0	82.0	19043.0	18794.0	366.0	703.0	35.2	48.9	53.3	62.3
2015-12-29	19671.0	230.0	82.0	18988.0	18820.0	387.0	703.0	36.0	49.3	53.5	62.8
2016-01-05	19579.0	230.0	82.0	18896.0	18428.0	387.0	1003.0	35.3	50.0	53.8	63.7
2016-01-12	18699.0	163.0	126.0	18218.0	17722.0	318.0	851.0	39.2	56.0	59.6	68.3
2016-01-19	18892.0	163.0	126.0	18411.0	17935.0	318.0	831.0	41.4	57.5	61.2	69.8
2016-01-26	18914.0	163.0	211.0	18647.0	17872.0	104.0	831.0	40.6	56.1	59.8	68.5
2016-02-02	19685.0	163.0	211.0	19375.0	18559.0	147.0	915.0	38.8	59.7	59.5	70.8
2016-02-09	19665.0	63.0	211.0	19475.0	18599.0	127.0	855.0	38.0	58.7	58.0	69.4
2016-02-16	21202.0	63.0	211.0	21012.0	20136.0	127.0	855.0	38.8	56.6	57.2	66.4
2016-02-23	21710.0	63.0	213.0	21455.0	20644.0	150.0	811.0	39.1	56.9	56.2	66.6
2016-03-01	22506.0	82.0	211.0	22253.0	21440.0	127.0	811.0	36.1	50.7	57.9	68.0
2016-03-08	21492.0	215.0	126.0	21149.0	20488.0	128.0	878.0	36.0	52.7	57.7	69.1
2016-03-15	22530.0	215.0	126.0	22166.0	21612.0	149.0	792.0	35.0	53.1	56.5	68.8
2016-03-22	23553.0	215.0	126.0	22996.0	22635.0	342.0	792.0	32.6	51.8	52.5	65.0
2016-03-29	24121.0	215.0	126.0	23566.0	23203.0	340.0	792.0	34.1	52.6	53.9	65.3
2016-04-05	25288.0	215.0	212.0	24732.0	24284.0	341.0	792.0	33.3	52.5	53.7	64.0
2016-04-12	24385.0	938.0	126.0	22169.0	23156.0	1278.0	1103.0	31.8	52.4	50.8	64.3
2016-04-19	24430.0	1001.0	126.0	22151.0	23137.0	1278.0	1167.0	29.9	51.4	48.5	61.8
2016-04-26	24499.0	1319.0	126.0	22113.0	23185.0	1067.0	1188.0	30.5	52.3	49.2	61.2
2016-05-03	24722.0	1450.0	211.0	22162.0	23429.0	1110.0	1082.0	29.0	50.7	46.9	59.8
2016-05-10	25015.0	861.0	211.0	23983.0	23997.0	150.0	786.0	32.8	47.0	53.2	60.2
2016-05-17	25122.0	929.0	274.0	24022.0	24041.0	150.0	786.0	33.0	47.4	53.2	59.9
2016-05-24	24931.0	928.0	274.0	23832.0	24020.0	150.0	616.0	32.6	47.7	53.0	60.1
2016-05-31	25151.0	1101.0	274.0	23836.0	24197.0	150.0	616.0	31.8	47.5	51.9	59.9
2016-06-07	25339.0	1079.0	189.0	23749.0	24173.0	447.0	913.0	32.8	47.3	52.4	59.5
2016-06-14	23803.0	929.0	252.0	22573.0	22847.0	258.0	661.0	32.8	47.9	54.0	60.7
2016-06-21	23273.0	908.0	294.0	22020.0	22188.0	258.0	704.0	32.4	47.2	53.2	60.5
2016-06-28	22475.0	845.0	274.0	21242.0	21453.0	301.0	661.0	35.4	49.0	56.9	63.7
2016-07-05	23003.0	845.0	354.0	21770.0	21901.0	301.0	661.0	34.7	48.2	54.7	60.0
2016-07-12	22180.0	668.0	524.0	19907.0	20764.0	1562.0	849.0	36.9	51.4	56.3	64.0
2016-07-19	22583.0	450.0	709.0	21733.0	21158.0	320.0	636.0	37.0	50.7	57.7	63.6
2016-07-26	23090.0	215.0	791.0	22240.0	21325.0	320.0	659.0	34.0	45.0	53.3	57.5
2016-08-02	23242.0	215.0	837.0	22392.0	21477.0	320.0	613.0	34.1	44.7	53.8	57.1
2016-08-09	22186.0	115.0	1000.0	21556.0	20394.0	280.0	557.0	35.5	44.6	56.0	57.2
2016-08-16	22312.0	115.0	1021.0	21682.0	20499.0	280.0	557.0	35.3	44.6	55.6	57.1
2016-08-23	22206.0	115.0	1042.0	21298.0	20372.0	579.0	578.0	38.0	44.8	55.9	57.4
2016-08-30	22252.0	115.0	1126.0	21365.0	20334.0	558.0	578.0	37.1	44.2	54.8	57.0
2016-09-06	21939.0	115.0	1126.0	21052.0	20021.0	558.0	578.0	37.5	45.1	55.6	56.6
2016-09-13	20560.0	0.0	1026.0	19923.0	18710.0	469.0	656.0	39.0	47.0	59.6	59.9
2016-09-20	20412.0	0.0	1047.0	19817.0	18542.0	448.0	676.0	38.5	47.9	59.8	61.2
2016-09-27	20748.0	0.0	1170.0	20215.0	18819.0	386.0	612.0	36.4	45.9	56.9	61.3
2016-10-04	21696.0	0.0	1170.0	21142.0	19851.0	407.0	528.0	36.5	45.7	58.9	60.7
2016-10-11	20976.0	295.0	1128.0	20152.0	19428.0	424.0	315.0	36.1	42.6	56.6	61.3
2016-10-18	21040.0	549.0	1128.0	20004.0	19492.0	382.0	315.0	37.8	41.0	57.3	60.6
2016-10-25	20858.0	631.0	1128.0	19781.0	19310.0	362.0	336.0	36.9	39.7	57.1	58.3
2016-11-01	20840.0	568.0	1023.0	19597.0	19313.0	486.0	315.0	38.1	42.1	57.6	60.8
2016-11-08	20275.0	610.0	1065.0	19054.0	18854.0	506.0	251.0	38.6	41.7	58.7	60.5
2016-11-15	20108.0	713.0	1065.0	18866.0	18728.0	424.0	210.0	35.8	42.1	56.5	61.9
2016-11-22	19797.0	754.0	1107.0	18556.0	18417.0	424.0	210.0	36.1	42.8	58.6	62.0
2016-11-29	20366.0	735.0	1107.0	19039.0	18965.0	487.0	189.0	35.6	41.9	57.9	60.8
2016-12-06	21409.0	696.0	1149.0	20205.0	19732.0	445.0	465.0	36.1	42.2	59.8	60.3
2016-12-13	20548.0	736.0	1149.0	19326.0	18912.0	402.0	403.0	38.4	42.9	62.5	61.9
2016-12-20	21154.0	777.0	1086.0	19850.0	19561.0	443.0	423.0	36.6	41.3	59.3	59.8
2016-12-27	21083.0	736.0	1063.0	19820.0	19513.0	443.0	423.0	36.3	40.6	59.0	59.5
2017-01-03	20888.0	715.0	1000.0	19583.0	19318.0	443.0	423.0	37.3	38.5	57.8	57.6
2017-01-10	20808.0	1171.0	142.0	18858.0	20181.0	674.0	380.0	36.7	39.2	54.2	57.4
2017-01-17	20456.0	1317.0	82.0	18400.0	19849.0	634.0	420.0	37.5	40.0	55.5	59.3
2017-01-24	20569.0	1392.0	82.0	18692.0	19939.0	380.0	443.0	39.3	39.7	56.2	59.9
2017-01-31	20334.0	1336.0	84.0	18389.0	19619.0	423.0	445.0	37.4	38.8	54.9	59.3
