2014-10-21	31665.0	200.0	1535.0	31345.0	30070.0	120.0	60.0	36.9	68.8	57.4	75.1
2014-10-28	30785.0	200.0	1535.0	30465.0	29190.0	120.0	60.0	36.3	68.5	55.7	73.7
2014-11-04	33290.0	200.0	1535.0	32900.0	31685.0	190.0	70.0	36.7	69.8	57.1	75.6
2014-11-11	29585.0	200.0	1455.0	29195.0	28060.0	190.0	70.0	36.5	68.9	58.0	76.4
2014-11-18	33060.0	200.0	1455.0	32650.0	31535.0	210.0	70.0	32.5	70.6	53.6	77.7
2014-11-25	33545.0	200.0	1455.0	33075.0	32020.0	270.0	70.0	32.0	70.4	52.7	77.3
2014-12-02	35435.0	200.0	1455.0	34965.0	33910.0	270.0	70.0	35.4	72.0	55.0	78.6
2014-12-09	33705.0	200.0	1375.0	33355.0	32270.0	150.0	60.0	33.1	74.0	54.4	81.2
2014-12-16	41990.0	100.0	1375.0	41600.0	40590.0	290.0	25.0	43.4	80.4	63.2	86.2
2014-12-23	44130.0	100.0	1375.0	43740.0	42730.0	290.0	25.0	47.5	80.3	66.3	85.8
2014-12-30	44330.0	100.0	1375.0	43940.0	42930.0	290.0	25.0	47.3	79.9	65.7	85.4
2015-01-06	44720.0	100.0	1375.0	44330.0	43320.0	290.0	25.0	47.5	80.1	65.8	85.5
2015-01-13	44190.0	100.0	1305.0	43800.0	42860.0	290.0	25.0	50.4	78.6	69.5	84.3
2015-01-20	43870.0	600.0	80.0	42980.0	43765.0	290.0	25.0	51.3	82.8	69.6	86.1
2015-01-27	44345.0	600.0	80.0	43455.0	44240.0	290.0	25.0	50.8	82.6	68.8	86.0
2015-02-03	44475.0	650.0	80.0	43535.0	44370.0	290.0	25.0	50.8	82.7	68.7	86.0
2015-02-10	40350.0	600.0	0.0	39535.0	40315.0	215.0	35.0	49.9	81.9	67.5	84.8
2015-02-17	40605.0	600.0	0.0	39950.0	40605.0	55.0	0.0	49.5	81.7	67.0	84.6
2015-02-24	45700.0	600.0	0.0	45030.0	45700.0	70.0	0.0	51.5	83.4	69.5	86.0
2015-03-03	46485.0	600.0	0.0	45800.0	46485.0	85.0	0.0	54.2	87.4	71.8	88.7
2015-03-10	44320.0	500.0	0.0	43560.0	44215.0	260.0	105.0	59.1	87.4	74.1	89.6
2015-03-17	46430.0	500.0	0.0	45590.0	46340.0	340.0	90.0	56.8	87.7	71.2	88.9
2015-03-24	47580.0	500.0	0.0	46645.0	47490.0	435.0	90.0	57.0	86.5	71.1	88.6
2015-03-31	49120.0	500.0	0.0	48475.0	49030.0	145.0	90.0	55.2	86.9	69.2	88.9
2015-04-07	45945.0	1250.0	0.0	44580.0	45870.0	115.0	75.0	57.5	86.4	71.6	88.5
2015-04-14	46780.0	1595.0	0.0	45085.0	46705.0	100.0	75.0	56.9	86.6	71.0	88.7
2015-04-21	48745.0	1595.0	0.0	47050.0	48670.0	100.0	75.0	54.7	86.4	68.7	88.1
2015-04-28	49905.0	1595.0	0.0	48210.0	49830.0	100.0	75.0	54.6	85.1	68.3	87.4
2015-05-05	51120.0	1595.0	0.0	49425.0	51025.0	100.0	95.0	54.5	86.6	68.3	87.2
2015-05-12	47300.0	1545.0	0.0	45675.0	47225.0	80.0	75.0	57.7	86.7	72.2	87.3
2015-05-19	48445.0	1570.0	0.0	46795.0	48370.0	80.0	75.0	57.0	87.0	71.5	87.2
2015-05-26	48505.0	1570.0	0.0	46855.0	48430.0	80.0	75.0	56.6	87.0	71.0	87.2
2015-06-02	50025.0	1570.0	0.0	48375.0	49950.0	80.0	75.0	56.6	87.7	70.8	87.9
2015-06-09	47470.0	1375.0	0.0	46025.0	47395.0	70.0	75.0	57.3	87.4	70.9	88.2
2015-06-16	49640.0	1435.0	0.0	48135.0	49565.0	70.0	75.0	55.4	88.3	69.3	89.0
2015-06-23	50360.0	1435.0	0.0	48855.0	50285.0	70.0	75.0	54.6	88.5	68.3	89.2
2015-06-30	51280.0	1435.0	0.0	49775.0	51205.0	70.0	75.0	54.6	88.2	68.1	89.0
2015-07-07	47470.0	1260.0	0.0	46150.0	47410.0	60.0	60.0	55.5	88.3	69.0	88.9
2015-07-14	48445.0	1260.0	0.0	47125.0	48385.0	60.0	60.0	54.4	88.3	69.1	89.1
2015-07-21	48505.0	1260.0	0.0	47185.0	48445.0	60.0	60.0	54.3	88.3	69.0	89.1
2015-07-28	48990.0	1260.0	0.0	47665.0	48945.0	65.0	45.0	53.2	88.2	67.9	89.0
2015-08-04	49710.0	1120.0	0.0	48385.0	49665.0	205.0	45.0	52.4	88.4	67.8	89.2
2015-08-11	47830.0	1070.0	0.0	46705.0	47800.0	55.0	30.0	53.6	86.9	69.2	88.5
2015-08-18	48430.0	1070.0	0.0	47305.0	48400.0	55.0	30.0	52.3	86.4	68.4	87.9
2015-08-25	49410.0	1070.0	0.0	48290.0	49410.0	50.0	0.0	51.3	86.6	68.8	88.0
2015-09-01	49650.0	1080.0	0.0	48520.0	49650.0	50.0	0.0	51.0	86.6	68.6	88.1
2015-09-08	45300.0	910.0	0.0	44350.0	45300.0	40.0	0.0	54.0	86.9	70.1	88.7
2015-09-15	47790.0	760.0	0.0	46990.0	47790.0	40.0	0.0	56.4	90.5	73.5	92.2
2015-09-22	50680.0	760.0	0.0	49880.0	50680.0	40.0	0.0	53.0	92.2	73.5	93.8
2015-09-29	50480.0	760.0	0.0	49680.0	50480.0	40.0	0.0	52.5	92.8	72.8	94.0
2015-10-06	46210.0	650.0	0.0	45530.0	46180.0	30.0	30.0	56.2	92.4	74.5	93.3
2015-10-13	46410.0	650.0	0.0	45730.0	46380.0	30.0	30.0	54.9	92.4	73.2	93.3
2015-10-20	48040.0	660.0	0.0	47350.0	48040.0	30.0	0.0	53.2	91.9	72.9	92.8
2015-10-27	48390.0	960.0	0.0	47400.0	48390.0	30.0	0.0	50.3	92.2	70.3	93.2
2015-11-03	48660.0	880.0	0.0	47650.0	48660.0	130.0	0.0	50.1	92.2	70.2	93.2
2015-11-10	43980.0	910.0	0.0	43050.0	43980.0	20.0	0.0	53.2	92.7	71.2	93.6
2015-11-17	44380.0	910.0	0.0	43450.0	44380.0	20.0	0.0	52.7	92.7	71.2	93.6
2015-11-24	49630.0	1030.0	0.0	48580.0	49630.0	20.0	0.0	55.6	93.3	72.8	94.0
2015-12-01	49715.0	1030.0	0.0	48665.0	49715.0	20.0	0.0	55.5	93.2	72.7	93.9
2015-12-08	46720.0	910.0	0.0	45800.0	46720.0	10.0	0.0	61.1	93.8	76.6	94.2
2015-12-15	47695.0	910.0	0.0	46775.0	47695.0	10.0	0.0	60.0	92.7	75.1	93.0
2015-12-22	49945.0	910.0	0.0	49025.0	49945.0	10.0	0.0	57.2	91.1	71.7	91.2
2015-12-29	49945.0	910.0	0.0	49025.0	49945.0	10.0	0.0	57.2	91.1	71.6	91.2
2016-01-05	50040.0	910.0	0.0	49120.0	50040.0	10.0	0.0	57.0	91.2	71.4	91.3
2016-01-12	45765.0	1285.0	0.0	44050.0	45455.0	120.0	0.0	59.9	91.2	74.2	91.3
2016-01-19	47520.0	1385.0	0.0	45705.0	47210.0	120.0	0.0	57.7	91.7	74.1	91.7
2016-01-26	48645.0	1385.0	0.0	46830.0	48335.0	120.0	0.0	56.3	92.0	73.4	92.0
2016-02-02	49080.0	1845.0	0.0	46835.0	48800.0	120.0	0.0	55.7	92.4	72.7	92.4
2016-02-09	44575.0	2150.0	0.0	42095.0	44325.0	110.0	30.0	54.8	91.8	71.8	91.8
2016-02-16	45235.0	2150.0	0.0	42755.0	44985.0	110.0	30.0	54.2	91.9	71.0	91.9
2016-02-23	46575.0	1215.0	0.0	44930.0	46530.0	430.0	45.0	52.7	92.3	69.2	92.3
2016-03-01	47275.0	1215.0	0.0	45630.0	47230.0	430.0	45.0	51.9	92.4	68.4	92.4
2016-03-08	42625.0	1180.0	0.0	41025.0	42580.0	420.0	45.0	50.7	91.7	67.1	91.8
2016-03-15	42907.0	1180.0	0.0	41305.0	42847.0	422.0	60.0	50.4	91.8	66.5	91.8
2016-03-22	43142.0	1180.0	0.0	41540.0	43082.0	422.0	60.0	50.3	91.8	66.4	91.9
2016-03-29	43650.0	1190.0	0.0	42358.0	43605.0	102.0	45.0	49.7	91.9	65.9	92.0
2016-04-05	38900.0	1060.0	0.0	37748.0	38855.0	92.0	45.0	50.5	91.1	65.9	91.3
2016-04-12	40430.0	1070.0	0.0	39348.0	40400.0	12.0	30.0	50.1	91.4	64.9	91.9
2016-04-19	43410.0	1055.0	0.0	42343.0	43380.0	12.0	30.0	51.0	91.6	65.4	92.0
2016-04-26	53097.0	1065.0	0.0	52032.0	53097.0	0.0	0.0	54.2	92.6	69.9	93.4
2016-05-03	53987.0	1065.0	0.0	52922.0	53987.0	0.0	0.0	53.2	92.7	69.9	93.5
2016-05-10	49917.0	945.0	0.0	48652.0	49912.0	320.0	5.0	54.6	92.6	71.6	93.2
2016-05-17	49967.0	945.0	0.0	48702.0	49962.0	320.0	5.0	54.6	92.5	71.7	93.2
2016-05-24	51122.0	945.0	0.0	49857.0	51117.0	320.0	5.0	53.6	92.6	73.1	93.3
2016-05-31	51432.0	985.0	0.0	50092.0	51427.0	355.0	5.0	53.1	92.5	73.1	93.2
2016-06-07	47385.0	880.0	0.0	46150.0	47385.0	355.0	0.0	54.1	91.7	74.2	92.9
2016-06-14	47585.0	880.0	0.0	46350.0	47585.0	355.0	0.0	53.9	91.8	73.9	92.9
2016-06-21	51830.0	880.0	0.0	50595.0	51830.0	355.0	0.0	56.3	92.3	75.0	93.2
2016-06-28	51875.0	880.0	0.0	50640.0	51875.0	355.0	0.0	56.4	92.3	75.3	93.2
2016-07-05	52325.0	900.0	0.0	50670.0	52325.0	755.0	0.0	55.9	92.3	73.7	93.2
2016-07-12	47925.0	815.0	0.0	46480.0	47925.0	630.0	0.0	55.3	91.9	74.2	92.8
2016-07-19	47895.0	815.0	0.0	47050.0	47895.0	30.0	0.0	55.1	91.8	74.1	92.8
2016-07-26	47985.0	815.0	0.0	47140.0	47985.0	30.0	0.0	54.9	91.7	74.3	92.6
2016-08-02	54045.0	815.0	0.0	52320.0	54045.0	910.0	0.0	57.6	95.4	77.9	96.2
2016-08-09	48940.0	700.0	0.0	48215.0	48940.0	25.0	0.0	58.5	95.6	80.1	96.1
2016-08-16	50165.0	700.0	0.0	49440.0	50165.0	25.0	0.0	57.8	95.7	79.4	96.2
2016-08-23	50840.0	700.0	0.0	50115.0	50840.0	25.0	0.0	55.5	94.6	76.9	95.1
2016-08-30	52150.0	760.0	0.0	51365.0	52150.0	25.0	0.0	56.4	94.8	77.2	95.3
2016-09-06	46960.0	665.0	0.0	46275.0	46960.0	20.0	0.0	56.5	94.7	77.6	94.8
2016-09-13	47205.0	665.0	0.0	46520.0	47205.0	20.0	0.0	52.4	94.6	77.2	94.7
2016-09-20	47265.0	665.0	0.0	46580.0	47265.0	20.0	0.0	52.4	94.6	77.1	94.7
2016-09-27	47615.0	665.0	0.0	46930.0	47615.0	20.0	0.0	52.0	94.6	76.8	94.7
2016-10-04	48085.0	665.0	0.0	46445.0	48055.0	975.0	30.0	49.5	93.8	74.3	93.9
2016-10-11	43685.0	585.0	0.0	43085.0	43655.0	15.0	30.0	47.2	93.3	72.4	93.3
2016-10-18	44470.0	585.0	0.0	43870.0	44440.0	15.0	30.0	46.4	93.3	71.0	93.3
2016-10-25	44520.0	585.0	0.0	43920.0	44490.0	15.0	30.0	46.3	93.3	70.9	93.3
2016-11-01	45350.0	765.0	0.0	44570.0	45320.0	15.0	30.0	45.4	93.3	69.6	93.3
2016-11-08	43165.0	720.0	0.0	42420.0	43155.0	25.0	10.0	50.0	89.6	71.3	89.6
2016-11-15	44545.0	780.0	0.0	43740.0	44535.0	25.0	10.0	50.4	89.5	71.7	89.8
2016-11-22	44840.0	780.0	0.0	44035.0	44830.0	25.0	10.0	50.2	89.2	71.6	89.4
2016-11-29	45600.0	780.0	0.0	44810.0	45600.0	10.0	0.0	50.3	88.9	71.3	89.6
2016-12-06	42490.0	755.0	0.0	41730.0	42490.0	5.0	0.0	51.0	88.7	70.8	88.8
2016-12-13	43550.0	815.0	0.0	42730.0	43550.0	5.0	0.0	49.7	91.9	69.1	91.9
2016-12-20	46990.0	865.0	0.0	46120.0	46990.0	5.0	0.0	49.6	93.2	69.3	93.2
2016-12-27	47500.0	865.0	0.0	46630.0	47500.0	5.0	0.0	49.1	93.4	68.6	93.4
2017-01-03	48455.0	925.0	0.0	47425.0	48455.0	105.0	0.0	48.1	93.5	67.2	93.5
2017-01-10	44875.0	850.0	0.0	43885.0	44875.0	140.0	0.0	49.2	94.0	70.1	94.0
2017-01-17	45090.0	850.0	0.0	44100.0	45090.0	140.0	0.0	50.8	95.0	71.6	95.1
2017-01-24	47215.0	865.0	0.0	46040.0	47025.0	310.0	190.0	48.8	94.9	72.2	94.9
2017-01-31	47660.0	865.0	0.0	46485.0	47470.0	310.0	190.0	48.5	95.0	71.6	95.0
