2013-05-07	946087.0	84688.0	213878.0	585898.0	456369.0	651.0	990.0	25.7	25.4	32.8	38.1
2013-05-14	962947.0	61332.0	194808.0	594238.0	460411.0	951.0	1302.0	25.7	25.5	32.2	36.7
2013-05-21	966135.0	57602.0	163699.0	583872.0	477466.0	951.0	1260.0	25.0	26.6	31.8	35.9
2013-05-28	1064158.0	126939.0	214330.0	605948.0	518918.0	22723.0	22362.0	26.4	25.6	32.8	34.5
2013-06-11	879091.0	71992.0	133253.0	536208.0	474887.0	1015.0	1075.0	23.6	31.0	31.2	37.5
2013-06-18	894203.0	83284.0	141873.0	545053.0	486702.0	1313.0	1075.0	24.3	32.3	32.3	39.4
2013-06-25	814694.0	99278.0	143612.0	486241.0	441816.0	976.0	1067.0	28.6	35.1	35.5	42.3
2013-07-02	828147.0	110827.0	155480.0	487668.0	442612.0	1092.0	1495.0	28.2	34.7	36.0	42.5
2013-07-09	830898.0	118407.0	154145.0	483501.0	447656.0	935.0	1042.0	29.0	35.1	37.3	42.8
2013-07-16	856401.0	125126.0	157782.0	496964.0	464193.0	935.0	1050.0	28.7	35.1	37.8	43.1
2013-07-23	870094.0	132216.0	159591.0	502032.0	474463.0	677.0	871.0	30.1	35.7	39.2	43.8
2013-07-30	801083.0	103444.0	147819.0	481971.0	437156.0	961.0	1401.0	29.9	36.4	38.9	43.2
2013-08-06	802642.0	99981.0	151217.0	482166.0	430917.0	1504.0	1517.0	29.7	35.6	38.2	43.2
2013-08-13	816039.0	84906.0	174717.0	504210.0	414383.0	977.0	993.0	28.7	34.8	38.2	43.1
2013-08-20	832942.0	71672.0	173469.0	526343.0	424432.0	889.0	1003.0	28.9	32.6	38.2	41.3
2013-08-27	888862.0	117948.0	175400.0	540957.0	483031.0	2152.0	2626.0	27.9	30.0	34.9	39.7
2013-09-03	774685.0	88291.0	165467.0	493616.0	416007.0	1250.0	1683.0	32.1	32.4	40.0	42.4
2013-09-10	776758.0	83003.0	165041.0	499276.0	416805.0	856.0	1289.0	31.9	32.1	39.5	41.7
2013-09-17	775973.0	82572.0	163683.0	500098.0	419187.0	356.0	156.0	31.8	32.2	39.4	41.6
2013-09-24	788444.0	79387.0	167905.0	507104.0	418870.0	440.0	156.0	31.1	31.5	38.3	40.6
2013-10-01	690230.0	63824.0	102779.0	448782.0	409523.0	908.0	1212.0	29.0	30.2	37.0	38.0
2013-10-08	696776.0	64096.0	116092.0	463451.0	411151.0	908.0	1212.0	29.2	29.4	36.9	38.1
2013-10-15	719289.0	68409.0	122062.0	468158.0	414201.0	908.0	1212.0	28.5	29.2	36.5	38.3
2013-10-22	713186.0	62814.0	116595.0	469916.0	416127.0	724.0	732.0	28.9	30.0	36.8	38.5
2013-10-29	672959.0	59599.0	104551.0	447890.0	402591.0	709.0	1056.0	29.0	29.9	36.9	39.7
2013-11-05	687897.0	64939.0	108686.0	451040.0	406930.0	849.0	1212.0	27.8	29.4	36.2	38.8
2013-11-12	693108.0	67193.0	116878.0	452215.0	402491.0	693.0	732.0	28.2	29.0	37.0	39.0
2013-11-19	700509.0	65996.0	126497.0	460021.0	399546.0	837.0	811.0	28.8	29.2	37.8	39.1
2013-11-26	659491.0	54068.0	103765.0	422402.0	372552.0	466.0	619.0	26.9	27.7	34.2	34.4
2013-12-03	663044.0	48763.0	101199.0	425043.0	372648.0	956.0	915.0	26.8	27.0	34.0	33.7
2013-12-10	714848.0	54353.0	121215.0	446949.0	381032.0	1612.0	667.0	27.0	26.2	34.2	32.8
2013-12-17	780088.0	87650.0	171355.0	484475.0	400579.0	512.0	703.0	28.6	23.0	37.2	33.0
2013-12-24	804391.0	84449.0	168636.0	491775.0	407491.0	768.0	865.0	27.2	21.8	34.7	31.6
2014-01-07	710869.0	77611.0	175770.0	459347.0	360998.0	512.0	702.0	31.1	30.6	38.7	40.7
2014-01-14	712990.0	77832.0	161534.0	446566.0	362748.0	562.0	678.0	30.4	29.2	37.0	38.3
2014-01-21	722391.0	84426.0	157062.0	446579.0	373827.0	562.0	678.0	30.6	28.4	38.3	37.8
2014-01-28	660369.0	55461.0	119423.0	421896.0	358450.0	618.0	102.0	31.8	27.4	38.3	37.9
2014-02-04	661598.0	60164.0	101328.0	401949.0	361113.0	802.0	474.0	31.5	27.9	38.4	36.8
2014-02-11	666280.0	62738.0	113189.0	407362.0	356893.0	1032.0	1050.0	31.5	29.3	38.5	37.3
2014-02-18	698162.0	37844.0	129676.0	453422.0	361772.0	848.0	666.0	32.8	22.2	38.3	31.1
2014-02-25	866454.0	125331.0	214816.0	511584.0	423069.0	3098.0	2128.0	24.5	22.0	31.6	31.8
2014-03-04	606130.0	52189.0	79468.0	386330.0	359259.0	848.0	640.0	31.4	30.3	36.9	38.9
2014-03-11	627517.0	44562.0	89940.0	407738.0	362448.0	848.0	760.0	32.6	30.0	38.3	38.8
2014-03-18	703152.0	52302.0	122503.0	438120.0	368007.0	848.0	760.0	33.4	28.7	39.4	37.3
2014-03-25	724543.0	63585.0	119602.0	452392.0	396363.0	472.0	484.0	30.7	26.5	36.7	34.2
2014-04-01	624242.0	49563.0	108806.0	415238.0	355535.0	474.0	934.0	37.0	30.9	44.2	39.0
2014-04-08	624276.0	50333.0	105008.0	412734.0	357911.0	474.0	622.0	36.8	30.2	44.0	38.3
2014-04-15	624305.0	50757.0	107071.0	414447.0	357985.0	474.0	622.0	37.0	30.0	44.2	38.5
2014-04-22	654770.0	61692.0	118122.0	420019.0	363441.0	474.0	622.0	36.6	29.2	44.1	37.5
2014-04-29	610141.0	42984.0	100747.0	408711.0	351117.0	208.0	39.0	37.3	30.4	44.6	39.4
2014-05-06	613891.0	43539.0	94934.0	405841.0	354269.0	438.0	615.0	36.1	30.4	43.5	38.3
2014-05-13	615980.0	41160.0	95662.0	409407.0	354728.0	438.0	615.0	36.0	30.6	43.4	39.5
2014-05-20	641464.0	69800.0	109835.0	401867.0	361655.0	438.0	615.0	31.6	30.1	41.1	39.1
2014-05-27	687484.0	107730.0	138358.0	409597.0	378510.0	480.0	939.0	30.5	28.6	42.2	37.7
2014-06-03	604445.0	57917.0	96319.0	388742.0	350134.0	402.0	608.0	32.5	30.5	42.6	39.2
2014-06-10	609381.0	57242.0	99461.0	394368.0	351943.0	402.0	608.0	32.2	30.6	42.0	39.7
2014-06-17	617659.0	60662.0	96901.0	394695.0	358250.0	402.0	608.0	30.7	30.1	40.8	38.3
2014-06-24	633081.0	71197.0	95168.0	399597.0	376250.0	1396.0	772.0	29.4	28.7	39.4	36.2
2014-07-01	599393.0	63907.0	112576.0	383640.0	335042.0	315.0	244.0	33.9	31.2	43.5	39.1
2014-07-08	605374.0	72609.0	122941.0	380795.0	330188.0	366.0	641.0	35.3	30.8	44.2	40.5
2014-07-15	608142.0	57107.0	110394.0	381420.0	327858.0	366.0	641.0	30.8	29.6	39.6	38.0
2014-07-22	625454.0	47473.0	103831.0	389088.0	332789.0	166.0	107.0	29.9	28.9	36.8	36.3
2014-07-29	576419.0	61836.0	133923.0	378374.0	306359.0	130.0	58.0	33.1	31.4	41.9	42.7
2014-08-05	589769.0	67746.0	148690.0	386900.0	305682.0	360.0	634.0	33.4	32.7	41.9	43.4
2014-08-12	593981.0	73358.0	149666.0	387056.0	310820.0	130.0	58.0	32.3	31.3	41.5	43.0
2014-08-19	585538.0	69164.0	151415.0	384721.0	302710.0	298.0	58.0	34.2	32.8	43.0	43.5
2014-08-26	613567.0	73575.0	150611.0	383590.0	308485.0	28999.0	27068.0	33.2	30.4	39.8	41.7
2014-09-02	564229.0	69264.0	151257.0	366260.0	284176.0	492.0	583.0	34.6	34.4	43.0	44.4
2014-09-09	583689.0	65922.0	145210.0	369316.0	289937.0	492.0	583.0	32.5	32.8	40.6	42.8
2014-09-16	593801.0	70779.0	142647.0	366127.0	294394.0	262.0	127.0	31.0	32.6	38.6	42.1
2014-09-23	607270.0	81047.0	148549.0	366947.0	299700.0	262.0	7.0	31.9	31.6	40.0	42.1
2014-09-30	522799.0	68911.0	102140.0	309565.0	274802.0	540.0	2074.0	27.5	32.6	36.8	41.2
2014-10-07	532813.0	70574.0	102444.0	316242.0	284144.0	600.0	828.0	27.8	30.9	37.6	39.9
2014-10-14	544072.0	72538.0	105469.0	316358.0	283107.0	368.0	688.0	27.6	31.9	36.7	39.5
2014-10-21	559460.0	86271.0	118222.0	315570.0	283125.0	238.0	732.0	27.2	32.2	36.9	39.8
2014-10-28	525790.0	97792.0	128351.0	297364.0	266211.0	242.0	836.0	26.8	35.9	38.6	43.0
2014-11-04	564644.0	116385.0	140323.0	306462.0	281930.0	242.0	836.0	26.0	35.1	35.0	42.2
2014-11-11	592415.0	113847.0	144018.0	313204.0	282439.0	242.0	836.0	25.8	33.0	34.3	41.0
2014-11-18	595210.0	121234.0	156595.0	319009.0	283054.0	242.0	836.0	27.3	35.1	34.9	43.0
2014-11-25	504711.0	117607.0	113619.0	267699.0	271425.0	20.0	282.0	28.0	34.8	38.4	41.5
2014-12-02	493410.0	121523.0	111810.0	266594.0	275592.0	181.0	896.0	25.3	34.3	36.1	42.2
2014-12-09	498771.0	122169.0	111162.0	267887.0	278179.0	181.0	896.0	24.5	32.5	35.6	41.4
2014-12-16	499566.0	120409.0	102335.0	267073.0	284870.0	43.0	320.0	23.2	32.3	34.5	39.8
2014-12-23	515769.0	134424.0	101856.0	268144.0	300035.0	43.0	720.0	22.7	30.8	35.5	38.6
2014-12-30	467054.0	114054.0	100413.0	254209.0	267305.0	65.0	610.0	27.3	34.2	38.6	42.3
2015-01-06	480246.0	124293.0	98746.0	255886.0	280820.0	65.0	678.0	26.6	32.7	37.5	42.1
2015-01-13	502220.0	141818.0	97080.0	257148.0	301341.0	65.0	610.0	27.2	32.2	37.6	42.1
2015-01-20	520730.0	138567.0	96611.0	259155.0	300566.0	65.0	610.0	25.6	29.7	34.9	40.1
2015-01-27	592048.0	143272.0	108276.0	267125.0	328579.0	36323.0	9865.0	25.6	28.2	33.7	38.8
2015-02-03	571771.0	170623.0	129216.0	250197.0	291084.0	55.0	575.0	26.5	33.8	35.6	42.8
2015-02-10	576587.0	177471.0	143093.0	255532.0	289424.0	85.0	571.0	26.5	33.7	35.5	44.3
2015-02-17	585209.0	174471.0	147391.0	263117.0	289755.0	129.0	571.0	25.9	33.9	34.6	43.4
2015-02-24	668287.0	167696.0	87428.0	292992.0	323316.0	30036.0	79980.0	27.9	22.7	36.4	29.4
2015-03-03	456844.0	116707.0	90069.0	242232.0	268577.0	154.0	447.0	31.8	29.1	40.7	39.0
2015-03-10	456280.0	110642.0	82953.0	242689.0	270084.0	154.0	448.0	30.1	29.1	39.1	38.5
2015-03-17	454891.0	104397.0	79012.0	245772.0	270863.0	154.0	448.0	29.8	28.5	37.8	38.4
2015-03-24	458216.0	99918.0	75624.0	249655.0	273655.0	154.0	448.0	29.8	27.8	38.0	37.7
2015-03-31	406172.0	104871.0	77856.0	223105.0	249148.0	44.0	1016.0	32.8	28.6	40.6	39.5
2015-04-07	412056.0	108327.0	86720.0	224652.0	245287.0	44.0	1016.0	32.4	29.8	40.0	40.8
2015-04-14	455027.0	141085.0	125910.0	229639.0	243394.0	44.0	1464.0	28.8	34.7	39.3	46.0
2015-04-21	470676.0	136161.0	132510.0	237981.0	240212.0	44.0	1464.0	27.9	33.3	37.1	45.4
2015-04-28	406672.0	124000.0	105558.0	206712.0	225256.0	583.0	481.0	29.8	31.3	38.6	41.9
2015-05-05	417487.0	126087.0	105965.0	203907.0	224972.0	6694.0	5751.0	28.2	30.1	36.9	42.0
2015-05-12	412290.0	120815.0	100114.0	206418.0	227112.0	474.0	481.0	25.0	29.2	36.4	40.8
2015-05-19	433341.0	115361.0	98934.0	209991.0	226028.0	31.0	421.0	20.3	27.9	32.2	38.4
2015-05-26	460048.0	104405.0	100161.0	228972.0	242333.0	22368.0	13251.0	20.1	23.2	31.5	33.3
2015-06-02	393690.0	104399.0	79077.0	194558.0	219837.0	431.0	474.0	20.0	25.7	31.3	36.0
2015-06-09	407274.0	110724.0	75660.0	192975.0	227656.0	31.0	414.0	18.0	24.6	29.2	35.1
2015-06-16	429865.0	111790.0	80719.0	202266.0	232954.0	31.0	414.0	18.1	21.7	29.1	31.6
2015-06-23	441334.0	115403.0	85369.0	207678.0	237329.0	31.0	414.0	17.0	21.8	27.7	31.9
2015-06-30	397884.0	108868.0	75468.0	191897.0	225074.0	244.0	467.0	17.3	25.2	29.5	35.2
2015-07-07	402859.0	109998.0	75759.0	194826.0	228842.0	244.0	467.0	17.4	24.7	29.4	34.7
2015-07-14	407094.0	114357.0	82334.0	197494.0	229294.0	244.0	467.0	17.4	26.3	30.0	36.2
2015-07-21	416856.0	112288.0	85963.0	203662.0	229764.0	244.0	467.0	15.7	26.9	28.4	36.2
2015-07-28	444219.0	112271.0	71628.0	205424.0	248067.0	14918.0	12918.0	16.3	21.4	26.4	33.3
2015-08-04	362812.0	94605.0	71681.0	179991.0	202691.0	236.0	460.0	19.7	26.1	31.0	36.4
2015-08-11	359098.0	92058.0	66807.0	180463.0	205566.0	312.0	460.0	19.7	26.1	30.2	36.7
2015-08-18	363926.0	100376.0	75905.0	179027.0	203436.0	430.0	492.0	17.5	26.7	29.0	36.9
2015-08-25	374187.0	103397.0	76522.0	192968.0	219605.0	194.0	432.0	20.8	25.3	31.7	35.6
2015-09-01	326468.0	97229.0	62277.0	161800.0	196381.0	22.0	393.0	25.0	25.2	34.7	36.7
2015-09-08	337414.0	104297.0	68046.0	164428.0	200308.0	22.0	393.0	27.3	26.4	36.3	38.8
2015-09-15	358488.0	128349.0	73280.0	165366.0	220064.0	22.0	393.0	32.8	28.0	41.7	43.1
2015-09-22	382508.0	156729.0	86649.0	166321.0	236030.0	22.0	393.0	38.0	28.7	47.9	45.4
2015-09-29	316145.0	129136.0	54803.0	138472.0	212441.0	22.0	386.0	40.2	31.3	50.7	48.6
2015-10-06	378404.0	171547.0	76258.0	149976.0	244985.0	106.0	386.0	48.9	35.0	56.8	49.8
2015-10-13	391842.0	182242.0	87333.0	154188.0	248733.0	106.0	470.0	50.8	36.5	58.4	51.8
2015-10-20	396364.0	183130.0	86279.0	155848.0	252349.0	120.0	470.0	50.4	35.8	57.7	50.9
2015-10-27	437304.0	187965.0	137340.0	184057.0	233448.0	9225.0	10459.0	47.9	39.5	55.7	53.2
2015-11-03	361134.0	170552.0	79250.0	132677.0	223908.0	308.0	379.0	54.3	36.8	62.2	54.1
2015-11-10	391622.0	175572.0	97052.0	151018.0	229435.0	308.0	411.0	52.9	35.3	60.4	52.0
2015-11-17	398204.0	180670.0	92967.0	147348.0	235020.0	348.0	379.0	53.0	34.9	60.1	51.0
2015-11-24	471371.0	145809.0	45125.0	146245.0	270794.0	45534.0	21669.0	28.8	26.0	36.3	36.7
2015-12-01	388606.0	201540.0	89074.0	120756.0	232922.0	224.0	524.0	58.1	42.7	65.0	56.5
2015-12-08	458741.0	250596.0	141158.0	142471.0	251909.0	372.0	372.0	61.8	47.8	68.8	60.0
2015-12-15	500417.0	280677.0	171802.0	154267.0	263235.0	465.0	372.0	61.9	47.0	68.9	60.2
2015-12-22	518665.0	281753.0	170717.0	155594.0	266207.0	43.0	466.0	60.4	45.7	67.0	59.4
2015-12-29	330695.0	193472.0	64735.0	98326.0	226728.0	100.0	435.0	51.9	41.3	62.3	58.0
2016-01-05	333170.0	198580.0	68089.0	98530.0	228944.0	358.0	435.0	53.0	41.8	63.3	58.8
2016-01-12	331554.0	185290.0	66774.0	105764.0	224103.0	358.0	535.0	52.1	41.4	61.6	57.8
2016-01-19	347246.0	192724.0	76584.0	108957.0	224916.0	358.0	539.0	53.5	39.5	62.6	57.9
2016-01-26	351955.0	156716.0	57137.0	118996.0	210973.0	1971.0	9573.0	43.4	34.7	50.5	47.4
2016-02-02	278121.0	141545.0	57557.0	97719.0	181352.0	53.0	408.0	50.2	39.6	59.4	60.1
2016-02-09	286897.0	152593.0	59459.0	97641.0	190710.0	349.0	414.0	49.3	40.3	59.0	60.8
2016-02-16	308284.0	165864.0	76572.0	105144.0	194137.0	341.0	640.0	54.1	39.1	62.2	61.4
2016-02-23	370105.0	189173.0	92027.0	118804.0	215907.0	409.0	452.0	50.8	36.6	56.7	58.0
2016-03-01	297700.0	154220.0	71484.0	89101.0	173665.0	2236.0	408.0	50.1	34.9	58.0	55.1
2016-03-08	314228.0	161632.0	73608.0	90059.0	179911.0	2236.0	408.0	49.3	33.8	57.3	52.6
2016-03-15	320047.0	172198.0	78167.0	86287.0	182146.0	2236.0	408.0	50.5	34.1	58.2	52.8
2016-03-22	321563.0	161130.0	83787.0	98918.0	175859.0	6.0	408.0	48.5	29.4	55.6	49.9
2016-03-29	270105.0	122967.0	60728.0	89308.0	153223.0	2412.0	736.0	42.4	33.4	51.4	49.8
2016-04-05	268623.0	120393.0	61134.0	91422.0	152345.0	2436.0	772.0	41.6	33.5	50.7	50.5
2016-04-12	265238.0	111945.0	53252.0	92052.0	152459.0	2586.0	872.0	39.2	32.6	48.1	48.9
2016-04-19	265005.0	104132.0	49566.0	98720.0	154976.0	2562.0	872.0	36.2	33.4	45.0	49.0
2016-04-26	309969.0	90857.0	27400.0	120863.0	179813.0	1431.0	5938.0	21.8	25.3	28.9	34.0
2016-05-03	226615.0	68716.0	44105.0	103010.0	129466.0	2510.0	665.0	25.2	30.1	38.5	45.9
2016-05-10	226815.0	65082.0	40417.0	105343.0	131853.0	2510.0	665.0	23.7	30.2	36.3	45.6
2016-05-17	234239.0	63956.0	42805.0	111875.0	134895.0	2510.0	641.0	23.8	31.2	34.5	47.0
2016-05-24	255656.0	69051.0	50705.0	126220.0	146707.0	2434.0	293.0	21.6	31.5	34.4	46.8
2016-05-31	215113.0	53677.0	31340.0	105976.0	130053.0	2350.0	610.0	24.3	29.1	35.2	43.5
2016-06-07	223797.0	53382.0	38013.0	117707.0	134924.0	2350.0	502.0	25.1	28.1	36.3	43.3
2016-06-14	223689.0	59604.0	46713.0	117439.0	132418.0	2350.0	262.0	27.2	31.9	38.5	46.2
2016-06-21	232691.0	68507.0	61176.0	122059.0	131562.0	2434.0	262.0	31.3	31.7	41.8	46.5
2016-06-28	202432.0	39664.0	41847.0	125057.0	125043.0	2324.0	155.0	27.2	34.6	39.7	49.4
2016-07-05	204442.0	41408.0	44577.0	126101.0	125101.0	2324.0	155.0	27.3	35.0	39.7	50.2
2016-07-12	206332.0	42676.0	47463.0	127797.0	125179.0	2324.0	155.0	27.3	34.5	40.1	50.9
2016-07-19	209182.0	44932.0	49787.0	128317.0	125693.0	2386.0	155.0	27.2	34.4	39.9	50.6
2016-07-26	258027.0	62053.0	34743.0	136983.0	161044.0	6442.0	9691.0	25.1	31.1	33.8	41.5
2016-08-02	194508.0	44589.0	46656.0	120380.0	120419.0	2230.0	124.0	27.5	40.5	40.2	52.6
2016-08-09	202439.0	49895.0	53201.0	122946.0	121746.0	2230.0	124.0	25.6	38.4	39.1	54.6
2016-08-16	210995.0	47757.0	57174.0	128250.0	120957.0	2278.0	154.0	25.8	37.5	39.1	53.0
2016-08-23	217176.0	54708.0	61581.0	129339.0	124590.0	2278.0	154.0	26.3	38.2	39.2	53.2
2016-08-30	180193.0	56364.0	59586.0	109689.0	108564.0	2220.0	123.0	36.6	49.7	48.2	60.7
2016-09-06	190311.0	59252.0	66782.0	117426.0	111993.0	2220.0	123.0	36.4	50.1	48.2	60.2
2016-09-13	196315.0	58564.0	73649.0	121899.0	108911.0	2220.0	123.0	32.7	51.3	43.3	58.2
2016-09-20	201570.0	60634.0	78397.0	123615.0	107949.0	2220.0	123.0	32.1	52.1	43.9	59.0
2016-09-27	248766.0	106935.0	85200.0	127883.0	138410.0	5036.0	16244.0	37.3	52.0	46.9	59.9
2016-10-04	173519.0	57464.0	58969.0	105255.0	105898.0	2210.0	62.0	44.5	54.7	54.2	65.7
2016-10-11	203566.0	75097.0	85084.0	119085.0	111246.0	2210.0	62.0	43.2	57.3	55.9	69.3
2016-10-18	211396.0	77501.0	86185.0	122296.0	115604.0	2054.0	62.0	43.6	57.4	56.7	69.3
2016-10-25	285909.0	110767.0	122968.0	143745.0	133408.0	2054.0	190.0	37.5	40.9	50.0	57.7
2016-11-01	211130.0	77628.0	94507.0	121559.0	106748.0	2128.0	60.0	42.8	55.1	56.8	68.5
2016-11-08	199707.0	65376.0	64521.0	116149.0	119072.0	2128.0	60.0	41.5	46.4	54.1	59.9
2016-11-15	211597.0	66714.0	63073.0	120245.0	125904.0	2128.0	110.0	41.1	37.9	53.1	54.9
2016-11-22	237149.0	72327.0	69106.0	137492.0	142288.0	2054.0	479.0	36.9	34.9	47.1	51.5
2016-11-29	189547.0	62906.0	66104.0	113317.0	111725.0	2054.0	448.0	44.5	48.1	58.1	62.9
2016-12-06	214638.0	83678.0	85450.0	114754.0	114466.0	2054.0	570.0	49.1	53.1	59.8	67.5
2016-12-13	240477.0	95514.0	106701.0	128050.0	118397.0	2054.0	520.0	48.4	54.5	60.7	69.0
2016-12-20	254220.0	99412.0	118310.0	136439.0	119075.0	2054.0	520.0	47.5	54.5	61.0	68.7
2016-12-27	356350.0	95272.0	92676.0	146176.0	158189.0	86020.0	76603.0	31.0	33.2	39.3	44.2
2017-01-03	212656.0	79934.0	77769.0	112856.0	116591.0	2054.0	484.0	49.6	52.3	60.3	64.3
2017-01-10	218358.0	75537.0	72118.0	117737.0	122726.0	2054.0	484.0	47.1	48.3	59.1	61.1
2017-01-17	228402.0	78557.0	81400.0	124697.0	123424.0	2054.0	484.0	43.7	48.7	55.2	60.3
2017-01-24	245739.0	85098.0	86215.0	133789.0	134198.0	2054.0	528.0	39.9	48.7	50.6	59.9
2017-01-31	223195.0	64237.0	91439.0	138998.0	113418.0	2070.0	448.0	42.1	58.8	56.2	70.1
