2014-10-21	396894.0	72844.0	9968.0	297481.0	360357.0	0.0	0.0	42.3	44.9	56.4	55.5
2014-10-28	409564.0	77579.0	9551.0	306250.0	374278.0	0.0	0.0	42.0	43.8	55.8	54.9
2014-11-04	413250.0	78386.0	0.0	308491.0	386877.0	0.0	0.0	42.3	43.7	56.0	54.5
2014-11-11	388737.0	77679.0	0.0	286605.0	364284.0	0.0	0.0	44.2	44.2	60.2	56.0
2014-11-18	390679.0	76109.0	0.0	289357.0	365466.0	0.0	0.0	42.9	44.1	59.0	55.6
2014-11-25	397278.0	77618.0	0.0	294447.0	372065.0	0.0	0.0	40.1	43.4	55.6	54.1
2014-12-02	399581.0	77650.0	0.0	296326.0	373976.0	0.0	0.0	40.1	43.2	54.9	53.8
2014-12-09	378229.0	87155.0	0.0	272975.0	360130.0	0.0	0.0	42.7	44.2	57.5	54.5
2014-12-16	381364.0	87155.0	0.0	276501.0	363656.0	0.0	0.0	43.2	43.6	57.2	54.2
2014-12-23	383644.0	87915.0	0.0	278021.0	365936.0	0.0	0.0	43.1	43.2	57.1	53.3
2014-12-30	384396.0	90635.0	0.0	276053.0	366688.0	0.0	0.0	43.8	43.2	57.7	53.2
2015-01-06	383256.0	94660.0	0.0	270888.0	365548.0	0.0	0.0	44.2	43.1	58.0	53.1
2015-01-13	361269.0	87539.0	0.0	251366.0	338905.0	0.0	0.0	40.1	42.3	55.7	52.6
2015-01-20	380173.0	86539.0	0.0	271270.0	357809.0	0.0	0.0	37.6	40.2	54.6	52.6
2015-01-27	388300.0	87011.0	0.0	278925.0	365936.0	0.0	0.0	37.8	39.4	54.9	52.2
2015-02-03	408252.0	87787.0	0.0	298101.0	385888.0	0.0	0.0	37.5	40.6	54.7	51.2
2015-02-10	385202.0	78064.0	0.0	285182.0	363246.0	0.0	0.0	34.7	40.2	52.5	51.6
2015-02-17	394277.0	80044.0	0.0	292277.0	372321.0	0.0	0.0	37.9	39.3	55.0	50.2
2015-02-24	397800.0	80501.0	0.0	295343.0	375844.0	0.0	0.0	37.3	40.0	54.3	50.9
2015-03-03	400920.0	81269.0	0.0	297695.0	378964.0	0.0	0.0	38.2	37.9	55.5	50.1
2015-03-10	380224.0	73757.0	0.0	284127.0	357884.0	0.0	0.0	37.3	37.8	54.4	51.8
2015-03-17	395402.0	72893.0	0.0	300169.0	373062.0	0.0	0.0	35.2	36.0	50.6	49.5
2015-03-24	393720.0	68013.0	0.0	303367.0	371380.0	0.0	0.0	34.0	36.2	48.2	48.7
2015-03-31	397984.0	65748.0	1984.0	309528.0	373292.0	0.0	0.0	32.7	35.9	47.3	46.4
2015-04-07	375246.0	62969.0	2777.0	290749.0	350941.0	0.0	0.0	33.1	36.1	47.7	46.5
2015-04-14	380480.0	62969.0	3201.0	295983.0	355751.0	0.0	0.0	32.7	35.9	47.9	47.1
2015-04-21	380944.0	63762.0	2417.0	295654.0	356999.0	0.0	0.0	32.4	36.2	47.8	47.9
2015-04-28	380929.0	63954.0	0.0	293030.0	356984.0	0.0	0.0	31.2	35.9	46.8	48.2
2015-05-05	381400.0	66275.0	0.0	292373.0	359016.0	368.0	0.0	32.3	36.7	47.6	48.7
2015-05-12	370715.0	68566.0	0.0	283390.0	351956.0	0.0	0.0	32.1	39.1	49.0	52.1
2015-05-19	379633.0	68566.0	0.0	292308.0	360874.0	0.0	0.0	33.3	38.2	49.6	50.7
2015-05-26	382960.0	68566.0	0.0	295635.0	364201.0	0.0	0.0	34.7	37.6	52.0	49.3
2015-06-02	385550.0	65134.0	368.0	300114.0	364880.0	0.0	0.0	35.2	37.4	51.6	49.3
2015-06-09	361782.0	60942.0	368.0	282234.0	342808.0	0.0	0.0	34.4	38.8	52.5	51.7
2015-06-16	363302.0	57814.0	368.0	286882.0	344328.0	0.0	0.0	34.1	38.6	51.7	51.2
2015-06-23	368220.0	59774.0	368.0	290624.0	350030.0	0.0	0.0	32.5	36.2	50.1	48.5
2015-06-30	371285.0	61704.0	368.0	291759.0	353095.0	0.0	0.0	32.5	36.2	50.0	48.3
2015-07-07	352971.0	51077.0	0.0	278816.0	329893.0	0.0	0.0	33.4	36.8	49.2	49.1
2015-07-14	353454.0	52212.0	0.0	280874.0	333086.0	0.0	0.0	31.7	36.7	47.0	49.0
2015-07-21	361618.0	47140.0	0.0	291015.0	338155.0	0.0	0.0	30.7	36.1	46.3	48.4
2015-07-28	364730.0	48300.0	408.0	293743.0	341635.0	0.0	0.0	30.3	35.6	45.6	47.9
2015-08-04	367773.0	50626.0	1192.0	294467.0	343901.0	0.0	0.0	30.3	35.4	45.8	47.3
2015-08-11	342772.0	49559.0	1576.0	272469.0	320452.0	0.0	0.0	32.0	38.7	49.3	50.3
2015-08-18	344377.0	49980.0	1576.0	273653.0	322057.0	0.0	0.0	32.2	38.0	48.9	48.1
2015-08-25	350290.0	53973.0	1576.0	275573.0	327970.0	0.0	0.0	32.2	37.5	49.6	47.2
2015-09-01	355048.0	53598.0	2344.0	280706.0	331960.0	0.0	0.0	32.6	36.9	51.3	46.4
2015-09-08	330576.0	43974.0	1936.0	263074.0	305112.0	0.0	0.0	35.9	37.4	54.1	49.9
2015-09-15	344987.0	14408.0	1936.0	318382.0	330854.0	0.0	0.0	38.6	38.8	55.3	49.9
2015-09-22	345019.0	14801.0	2320.0	318405.0	330886.0	0.0	0.0	38.5	39.0	55.6	50.3
2015-09-29	342692.0	34770.0	2320.0	304754.0	337204.0	0.0	0.0	38.9	41.5	60.1	55.0
2015-10-06	319372.0	29471.0	3104.0	287509.0	313876.0	0.0	0.0	41.9	41.9	65.8	57.6
2015-10-13	317760.0	26270.0	3104.0	289098.0	312264.0	0.0	0.0	41.8	42.4	64.6	57.1
2015-10-20	328382.0	25870.0	3104.0	299304.0	322070.0	0.0	0.0	40.9	43.3	64.4	57.2
2015-10-27	336259.0	27453.0	2712.0	305598.0	330339.0	0.0	0.0	40.1	41.7	59.6	55.6
2015-11-03	331105.0	32133.0	4280.0	296165.0	324018.0	0.0	0.0	41.8	39.7	59.0	56.0
2015-11-10	346404.0	26221.0	25728.0	317816.0	318309.0	0.0	0.0	40.2	37.9	59.6	55.6
2015-11-17	352755.0	24653.0	25728.0	325303.0	324228.0	0.0	0.0	40.5	37.3	59.0	54.7
2015-11-24	362105.0	30060.0	25728.0	329630.0	333962.0	0.0	0.0	40.2	37.6	59.7	53.5
2015-12-01	363265.0	33572.0	25728.0	327686.0	335530.0	0.0	0.0	40.8	37.7	61.8	54.4
2015-12-08	341693.0	33090.0	26528.0	306596.0	313158.0	0.0	0.0	43.6	40.1	65.4	58.7
2015-12-15	343750.0	31506.0	26528.0	310237.0	315215.0	0.0	0.0	40.0	40.4	61.6	57.4
2015-12-22	363654.0	32546.0	26528.0	329101.0	335119.0	0.0	0.0	35.4	39.0	57.7	58.0
2015-12-29	367289.0	32546.0	26528.0	332736.0	338754.0	0.0	0.0	35.1	39.7	58.1	58.5
2016-01-05	371499.0	28986.0	26528.0	336945.0	339403.0	0.0	0.0	35.2	39.3	57.5	58.2
2016-01-12	351589.0	29099.0	24543.0	316481.0	321037.0	0.0	0.0	37.1	40.2	57.4	59.3
2016-01-19	379517.0	26059.0	24543.0	345169.0	346685.0	0.0	0.0	37.3	41.3	55.8	57.0
2016-01-26	386772.0	30003.0	26175.0	348888.0	352716.0	0.0	0.0	36.8	40.4	55.0	55.4
2016-02-02	383068.0	30044.0	25791.0	344383.0	348636.0	0.0	0.0	38.3	37.8	53.6	52.9
2016-02-09	354710.0	28404.0	24559.0	318529.0	322374.0	0.0	0.0	38.8	35.7	53.7	50.6
2016-02-16	359758.0	26884.0	24559.0	322817.0	325142.0	0.0	0.0	39.6	36.0	53.5	50.7
2016-02-23	355428.0	32329.0	24559.0	313042.0	320812.0	0.0	0.0	40.1	36.4	54.3	51.1
2016-03-01	352336.0	37138.0	24559.0	309462.0	322041.0	0.0	0.0	39.5	37.0	54.6	51.8
2016-03-08	328904.0	39538.0	21495.0	286654.0	304697.0	0.0	0.0	39.8	35.8	55.1	50.5
2016-03-15	340020.0	25492.0	21495.0	307426.0	311423.0	0.0	0.0	40.3	35.3	52.6	51.3
2016-03-22	339308.0	23465.0	21870.0	307514.0	309109.0	0.0	0.0	39.5	36.3	52.6	51.4
2016-03-29	350093.0	27114.0	21894.0	317075.0	322295.0	0.0	0.0	38.3	36.9	53.4	51.5
2016-04-05	359366.0	23914.0	21510.0	329548.0	331952.0	0.0	0.0	38.7	34.7	52.6	50.1
2016-04-12	337149.0	21013.0	19635.0	310232.0	311610.0	0.0	0.0	39.3	34.4	52.5	49.4
2016-04-19	339929.0	9499.0	28347.0	320900.0	302052.0	0.0	0.0	41.2	31.1	53.4	46.0
2016-04-26	342002.0	7427.0	26763.0	325436.0	306100.0	0.0	0.0	40.8	30.9	52.2	45.1
2016-05-03	361157.0	7042.0	23205.0	341447.0	325284.0	0.0	0.0	41.3	29.2	52.0	44.6
2016-05-10	336244.0	5506.0	20540.0	318094.0	303060.0	0.0	0.0	39.8	29.1	52.3	46.3
2016-05-17	360727.0	24263.0	31673.0	330249.0	322839.0	0.0	0.0	38.6	33.1	54.8	50.5
2016-05-24	367274.0	29535.0	30905.0	331049.0	329679.0	0.0	0.0	39.0	34.7	55.2	51.5
2016-05-31	372299.0	31167.0	30905.0	333674.0	333936.0	0.0	0.0	40.2	36.7	56.7	53.4
2016-06-07	341682.0	38678.0	27233.0	298722.0	310167.0	0.0	0.0	42.8	40.3	61.6	59.6
2016-06-14	349698.0	35870.0	26417.0	309546.0	318999.0	0.0	0.0	41.1	41.0	61.6	61.0
2016-06-21	354207.0	40370.0	26417.0	310755.0	324708.0	0.0	0.0	42.1	43.1	62.5	61.2
2016-06-28	371863.0	49404.0	26417.0	320915.0	343902.0	0.0	0.0	44.1	44.6	63.6	61.9
2016-07-05	369471.0	46524.0	22745.0	321363.0	345142.0	0.0	0.0	43.3	44.4	62.9	61.3
2016-07-12	348663.0	44708.0	19057.0	288289.0	326503.0	12563.0	0.0	43.4	44.9	62.5	62.2
2016-07-19	352877.0	38567.0	19057.0	311591.0	331101.0	0.0	0.0	40.1	44.4	61.8	61.5
2016-07-26	362765.0	50335.0	19057.0	309711.0	340989.0	0.0	0.0	42.3	45.6	63.3	62.3
2016-08-02	366653.0	52639.0	19057.0	311295.0	344877.0	0.0	0.0	42.6	46.2	63.5	62.7
2016-08-09	329789.0	50486.0	17361.0	274623.0	307748.0	0.0	0.0	42.4	46.3	63.6	64.5
2016-08-16	340080.0	55982.0	17361.0	279033.0	317654.0	0.0	0.0	42.0	46.8	62.4	64.3
2016-08-23	341609.0	55601.0	17361.0	279803.0	318043.0	0.0	0.0	41.8	46.6	62.3	64.0
2016-08-30	340048.0	54380.0	17361.0	280618.0	317637.0	0.0	0.0	41.8	46.7	62.7	64.2
2016-09-06	340842.0	54018.0	17361.0	276868.0	315781.0	4136.0	1880.0	47.5	46.5	65.1	63.9
2016-09-13	309493.0	51597.0	15105.0	253231.0	289723.0	0.0	0.0	47.9	47.8	66.7	66.2
2016-09-20	318462.0	57441.0	15105.0	257526.0	299862.0	0.0	0.0	49.3	46.8	66.1	64.5
2016-09-27	320071.0	53946.0	15921.0	262230.0	300255.0	0.0	0.0	47.9	46.5	64.8	64.1
2016-10-04	324039.0	54354.0	15921.0	265790.0	304223.0	0.0	0.0	47.9	46.3	65.0	63.7
2016-10-11	296087.0	52924.0	13233.0	240403.0	280094.0	0.0	0.0	50.9	49.2	66.9	67.6
2016-10-18	304379.0	56876.0	13618.0	245143.0	288401.0	0.0	0.0	50.7	50.6	67.3	68.7
2016-10-25	309829.0	41903.0	14340.0	264318.0	291881.0	0.0	0.0	48.0	50.6	66.0	67.4
2016-11-01	312237.0	44244.0	13932.0	264785.0	295097.0	0.0	0.0	49.1	50.7	65.6	67.4
2016-11-08	303149.0	54668.0	10260.0	246881.0	291289.0	0.0	0.0	52.3	53.1	66.1	67.7
2016-11-15	307714.0	54530.0	9500.0	250824.0	295854.0	0.0	0.0	52.8	53.5	66.7	68.1
2016-11-22	306090.0	53346.0	9500.0	251184.0	295030.0	0.0	0.0	52.5	53.4	66.7	68.0
2016-11-29	317419.0	61106.0	9100.0	254753.0	306759.0	0.0	0.0	53.0	56.0	67.7	70.2
2016-12-06	293267.0	34219.0	4880.0	256697.0	286036.0	0.0	0.0	49.0	54.9	66.1	69.4
2016-12-13	303493.0	24033.0	4480.0	275909.0	295462.0	0.0	0.0	49.1	61.5	67.2	75.4
2016-12-20	300772.0	33783.0	4480.0	265438.0	294741.0	0.0	0.0	48.3	57.5	65.3	71.2
2016-12-27	300444.0	35367.0	4480.0	263526.0	294413.0	0.0	0.0	47.9	56.8	64.9	70.5
2017-01-03	300117.0	35367.0	4480.0	263199.0	294086.0	0.0	0.0	47.9	56.8	65.0	70.7
2017-01-10	281447.0	38854.0	400.0	241042.0	279496.0	0.0	0.0	52.3	50.9	69.8	66.9
2017-01-17	287272.0	39214.0	400.0	246507.0	285321.0	0.0	0.0	53.3	49.9	70.6	68.0
2017-01-24	289663.0	40832.0	400.0	247280.0	287712.0	0.0	0.0	53.6	50.5	70.8	68.4
2017-01-31	302643.0	41975.0	400.0	259117.0	300692.0	0.0	0.0	55.8	50.7	71.4	67.8
