2014-10-21	28229.0	6365.0	156.0	20148.0	26227.0	208.0	338.0	38.8	36.2	58.6	52.1
2014-10-28	28802.0	6248.0	127.0	20702.0	26715.0	252.0	360.0	37.6	37.3	57.9	52.5
2014-11-04	29042.0	6149.0	127.0	21583.0	27661.0	416.0	360.0	37.2	37.5	57.1	51.5
2014-11-11	26310.0	6123.0	110.0	19179.0	24997.0	142.0	337.0	41.7	37.6	60.2	51.7
2014-11-18	26417.0	5729.0	88.0	19680.0	25126.0	142.0	337.0	42.0	37.6	59.9	51.6
2014-11-25	26928.0	5965.0	0.0	19892.0	25703.0	227.0	381.0	41.6	38.5	59.8	52.2
2014-12-02	27268.0	5728.0	69.0	20469.0	25933.0	142.0	337.0	42.8	38.5	60.4	51.5
2014-12-09	25759.0	6035.0	26.0	18892.0	24621.0	126.0	406.0	43.8	38.1	63.6	53.2
2014-12-16	25970.0	6332.0	4.0	18850.0	24898.0	126.0	406.0	43.0	37.5	63.4	52.2
2014-12-23	26044.0	6181.0	4.0	19035.0	24932.0	126.0	406.0	42.8	37.3	63.0	51.8
2014-12-30	26066.0	6137.0	4.0	19057.0	24910.0	126.0	406.0	42.8	37.3	62.9	51.8
2015-01-06	25937.0	5856.0	84.0	19319.0	24701.0	126.0	516.0	43.5	37.6	63.6	52.0
2015-01-13	24117.0	5361.0	146.0	17869.0	22399.0	126.0	811.0	41.2	37.0	59.8	53.0
2015-01-20	24184.0	5248.0	146.0	18044.0	22655.0	41.0	532.0	41.5	37.0	59.8	52.5
2015-01-27	24459.0	5330.0	146.0	18178.0	22611.0	102.0	853.0	40.5	35.7	58.9	50.5
2015-02-03	25021.0	5434.0	168.0	18676.0	23150.0	102.0	894.0	39.7	34.6	57.6	47.5
2015-02-10	23563.0	5293.0	168.0	17315.0	21756.0	189.0	873.0	38.6	34.1	57.6	47.7
2015-02-17	23591.0	5273.0	168.0	17341.0	21740.0	211.0	917.0	38.5	33.2	56.9	44.8
2015-02-24	23736.0	4997.0	168.0	17762.0	21907.0	211.0	895.0	38.9	34.5	56.5	46.1
2015-03-03	24192.0	5059.0	208.0	18196.0	22297.0	211.0	961.0	38.6	33.9	56.4	45.6
2015-03-10	23283.0	4804.0	291.0	17532.0	21275.0	195.0	965.0	36.6	35.1	55.9	48.0
2015-03-17	24229.0	4890.0	291.0	18359.0	22427.0	228.0	759.0	34.6	34.6	50.7	42.5
2015-03-24	24645.0	4953.0	313.0	18745.0	22961.0	195.0	619.0	34.8	34.3	51.2	42.3
2015-03-31	24969.0	4993.0	486.0	18941.0	23068.0	217.0	597.0	34.5	34.3	49.7	42.9
2015-04-07	22858.0	4838.0	357.0	16902.0	21153.0	388.0	618.0	35.7	34.3	48.8	43.1
2015-04-14	23266.0	4901.0	507.0	17398.0	21644.0	193.0	341.0	35.2	33.5	47.7	42.2
2015-04-21	23329.0	5047.0	487.0	17271.0	21747.0	237.0	321.0	36.8	34.2	48.9	43.2
2015-04-28	23925.0	4831.0	531.0	18083.0	22299.0	237.0	321.0	36.4	35.7	50.9	45.2
2015-05-05	23795.0	4746.0	1099.0	17933.0	21496.0	215.0	299.0	36.7	36.0	51.9	45.7
2015-05-12	22874.0	4110.0	1118.0	17628.0	20301.0	193.0	512.0	37.1	35.3	54.1	44.6
2015-05-19	23452.0	4182.0	948.0	18052.0	20925.0	193.0	554.0	38.4	34.7	55.3	45.6
2015-05-26	23691.0	4050.0	937.0	18550.0	21429.0	215.0	449.0	40.1	34.5	57.0	47.0
2015-06-02	24216.0	3924.0	826.0	19006.0	21892.0	259.0	471.0	39.7	33.7	55.8	47.7
2015-06-09	23005.0	3748.0	986.0	18030.0	20559.0	260.0	493.0	39.5	34.6	56.5	49.4
2015-06-16	23384.0	3393.0	993.0	18533.0	20635.0	260.0	558.0	39.2	34.3	57.1	48.0
2015-06-23	23234.0	3591.0	886.0	18292.0	20783.0	260.0	474.0	39.4	35.3	58.0	49.3
2015-06-30	24328.0	3697.0	930.0	19315.0	22179.0	375.0	278.0	37.2	37.8	55.6	51.2
2015-07-07	23658.0	3771.0	879.0	18808.0	21706.0	218.0	212.0	34.8	38.7	53.6	53.5
2015-07-14	24105.0	4022.0	1026.0	19025.0	22027.0	218.0	212.0	33.9	38.8	53.8	54.0
2015-07-21	24390.0	3827.0	1114.0	19481.0	22200.0	218.0	212.0	33.5	38.6	53.3	53.3
2015-07-28	24855.0	3807.0	988.0	19880.0	22726.0	239.0	212.0	32.7	38.0	51.6	52.2
2015-08-04	25171.0	3698.0	986.0	20261.0	22957.0	239.0	255.0	33.4	38.2	51.7	51.9
2015-08-11	22947.0	3560.0	804.0	18449.0	21162.0	147.0	190.0	34.7	41.7	54.8	54.9
2015-08-18	23076.0	3716.0	849.0	18445.0	21227.0	126.0	211.0	35.3	43.8	57.6	57.4
2015-08-25	23520.0	4142.0	806.0	18464.0	21673.0	126.0	253.0	34.8	43.5	58.4	58.1
2015-09-01	24226.0	4484.0	617.0	18702.0	22441.0	127.0	255.0	34.4	43.1	58.8	57.5
2015-09-08	22509.0	4215.0	556.0	17358.0	20825.0	107.0	299.0	35.2	44.4	61.4	60.7
2015-09-15	23957.0	2837.0	845.0	20693.0	22471.0	85.0	299.0	38.7	41.9	65.1	59.3
2015-09-22	23942.0	3197.0	862.0	20271.0	22478.0	107.0	235.0	38.8	42.3	65.1	60.1
2015-09-29	24210.0	2751.0	788.0	20922.0	22756.0	148.0	277.0	37.7	42.1	66.1	59.6
2015-10-06	22850.0	2820.0	619.0	19601.0	21736.0	168.0	234.0	43.0	42.1	70.4	62.1
2015-10-13	23323.0	3020.0	665.0	19832.0	22102.0	170.0	255.0	42.3	41.9	69.7	61.4
2015-10-20	24480.0	3564.0	749.0	20424.0	23069.0	170.0	340.0	42.8	42.7	70.9	61.6
2015-10-27	25035.0	4444.0	781.0	20004.0	23094.0	192.0	765.0	46.3	41.2	69.1	58.8
2015-11-03	24806.0	4648.0	784.0	19550.0	22862.0	213.0	765.0	47.4	39.9	67.6	58.6
2015-11-10	25860.0	4770.0	2206.0	20527.0	22413.0	234.0	912.0	46.8	37.2	71.0	57.4
2015-11-17	27293.0	5210.0	2199.0	21559.0	24164.0	188.0	594.0	46.6	35.5	69.0	55.3
2015-11-24	27939.0	5308.0	2376.0	22028.0	24530.0	188.0	618.0	46.7	36.0	68.7	55.0
2015-12-01	27760.0	5296.0	2545.0	21905.0	24270.0	210.0	596.0	47.7	36.2	69.4	55.0
2015-12-08	26480.0	5164.0	2523.0	20829.0	23043.0	170.0	597.0	49.6	35.8	71.8	55.3
2015-12-15	25867.0	5422.0	2477.0	20023.0	22540.0	127.0	555.0	46.4	37.3	71.0	56.3
2015-12-22	25719.0	5019.0	2477.0	20214.0	22415.0	170.0	511.0	47.4	34.8	72.4	54.5
2015-12-29	25944.0	5101.0	2390.0	20357.0	22727.0	170.0	511.0	47.8	34.5	72.5	53.4
2016-01-05	26398.0	5406.0	2602.0	20507.0	23436.0	169.0	44.0	47.7	34.0	72.1	53.2
2016-01-12	25883.0	5122.0	2281.0	20235.0	23092.0	82.0	66.0	49.3	34.1	72.9	53.9
2016-01-19	27031.0	5396.0	2218.0	21212.0	24385.0	82.0	87.0	50.0	36.1	71.9	54.1
2016-01-26	27144.0	5534.0	2219.0	21126.0	24522.0	146.0	65.0	49.3	36.9	71.1	54.6
2016-02-02	27368.0	5511.0	2523.0	21247.0	24358.0	188.0	65.0	51.8	35.5	71.2	53.2
2016-02-09	25661.0	4651.0	2245.0	20417.0	22927.0	169.0	65.0	52.6	35.0	72.1	52.0
2016-02-16	25812.0	4762.0	2203.0	20499.0	23120.0	127.0	65.0	51.1	33.9	73.4	50.3
2016-02-23	26244.0	4791.0	2096.0	20858.0	23636.0	148.0	65.0	51.8	33.7	73.5	50.1
2016-03-01	27218.0	5261.0	1991.0	21449.0	24781.0	127.0	65.0	50.0	34.2	71.4	50.3
2016-03-08	25163.0	4777.0	1334.0	19727.0	23253.0	127.0	44.0	49.0	35.7	72.8	51.6
2016-03-15	25957.0	4357.0	1355.0	20960.0	23981.0	42.0	23.0	45.3	34.6	70.0	50.5
2016-03-22	26002.0	4508.0	1424.0	20811.0	23957.0	106.0	44.0	45.7	35.3	70.3	51.1
2016-03-29	27547.0	4695.0	1445.0	21721.0	25054.0	127.0	44.0	44.9	35.7	67.8	51.7
2016-04-05	27846.0	3971.0	1445.0	22702.0	25226.0	106.0	108.0	45.3	34.7	67.5	50.6
2016-04-12	26416.0	3549.0	1251.0	21694.0	24034.0	106.0	64.0	42.9	37.9	64.1	52.3
2016-04-19	26430.0	2784.0	1469.0	22033.0	23347.0	106.0	107.0	40.3	36.0	61.1	49.5
2016-04-26	27040.0	2576.0	1577.0	22555.0	23617.0	106.0	43.0	37.4	36.9	58.5	49.0
2016-05-03	29083.0	2114.0	1636.0	24649.0	25231.0	147.0	43.0	42.8	38.4	60.1	50.0
2016-05-10	27377.0	1426.0	1319.0	23586.0	23776.0	126.0	43.0	43.6	39.9	58.1	51.7
2016-05-17	27756.0	1582.0	2266.0	23684.0	23083.0	126.0	43.0	43.2	39.8	58.8	52.4
2016-05-24	28893.0	1630.0	2327.0	24332.0	23718.0	126.0	43.0	41.6	40.8	59.2	52.7
2016-05-31	29533.0	1358.0	2413.0	25096.0	24124.0	126.0	43.0	43.3	42.0	60.7	53.6
2016-06-07	28013.0	2031.0	2118.0	23344.0	23107.0	105.0	255.0	42.0	42.4	60.9	54.2
2016-06-14	27756.0	1610.0	2118.0	23381.0	22723.0	105.0	255.0	43.1	42.9	61.1	54.6
2016-06-21	28285.0	1844.0	2137.0	23945.0	23502.0	105.0	255.0	44.5	43.4	63.5	54.4
2016-06-28	28482.0	1762.0	2157.0	24222.0	23698.0	126.0	255.0	44.6	43.2	63.5	54.2
2016-07-05	28737.0	1785.0	2157.0	24477.0	23976.0	126.0	255.0	44.2	43.7	63.0	54.6
2016-07-12	26404.0	1896.0	1980.0	20814.0	21943.0	1552.0	339.0	42.8	44.0	60.5	55.7
2016-07-19	26799.0	2121.0	2208.0	22753.0	22516.0	126.0	276.0	40.5	44.2	62.8	55.9
2016-07-26	27222.0	2375.0	2406.0	23181.0	23021.0	126.0	255.0	41.2	44.8	64.3	56.6
2016-08-02	28246.0	1735.0	2536.0	24230.0	23300.0	126.0	255.0	42.8	43.8	63.4	55.6
2016-08-09	25925.0	1451.0	1954.0	22235.0	21623.0	106.0	215.0	41.7	45.1	61.9	56.0
2016-08-16	26472.0	2170.0	2270.0	22147.0	21938.0	106.0	215.0	39.7	45.0	61.8	56.4
2016-08-23	26909.0	2639.0	2413.0	22371.0	22551.0	106.0	152.0	39.6	45.4	63.1	57.3
2016-08-30	26977.0	2599.0	2350.0	22457.0	22660.0	106.0	152.0	39.3	45.4	63.1	57.2
2016-09-06	27124.0	2994.0	2226.0	21853.0	22879.0	543.0	285.0	44.7	45.2	64.4	56.7
2016-09-13	25200.0	3357.0	1875.0	20159.0	21618.0	83.0	106.0	45.0	45.9	63.9	57.6
2016-09-20	25884.0	3538.0	1917.0	20662.0	22281.0	83.0	85.0	46.6	44.9	63.5	57.3
2016-09-27	26036.0	4046.0	2107.0	20602.0	22518.0	62.0	85.0	48.1	44.9	65.1	57.9
2016-10-04	26314.0	4194.0	2172.0	20689.0	22688.0	62.0	85.0	48.1	45.0	65.1	57.8
2016-10-11	24415.0	4206.0	1690.0	18861.0	21353.0	104.0	128.0	50.4	45.8	68.1	58.8
2016-10-18	24694.0	4487.0	1732.0	18903.0	21634.0	83.0	107.0	52.2	46.2	68.5	59.7
2016-10-25	25964.0	4398.0	2084.0	19965.0	22255.0	83.0	107.0	50.6	43.9	67.2	58.9
2016-11-01	26366.0	4570.0	2084.0	20319.0	22719.0	83.0	169.0	50.9	43.3	65.7	58.3
2016-11-08	25817.0	4334.0	2018.0	19367.0	22339.0	868.0	212.0	49.1	43.2	63.1	57.3
2016-11-15	26388.0	4421.0	2018.0	19766.0	22867.0	889.0	191.0	48.3	42.4	61.0	55.3
2016-11-22	26386.0	4313.0	1931.0	19788.0	22890.0	868.0	148.0	47.2	41.1	59.9	54.1
2016-11-29	26770.0	4682.0	1931.0	19951.0	23422.0	868.0	148.0	47.5	43.4	60.3	56.0
2016-12-06	24446.0	3895.0	1573.0	18317.0	21381.0	847.0	105.0	47.3	44.6	61.2	57.2
2016-12-13	24888.0	3805.0	1573.0	18827.0	21801.0	847.0	105.0	47.6	48.3	60.1	60.5
2016-12-20	25653.0	3831.0	1614.0	19395.0	22354.0	847.0	105.0	45.1	44.6	58.8	56.7
2016-12-27	25783.0	3963.0	1614.0	19352.0	22443.0	847.0	105.0	45.7	44.7	57.6	57.0
2017-01-03	25849.0	4364.0	1635.0	19122.0	22593.0	847.0	105.0	48.0	44.3	58.7	57.0
2017-01-10	23865.0	4801.0	1205.0	17055.0	20955.0	805.0	501.0	50.2	43.4	62.7	57.1
2017-01-17	24450.0	4994.0	1503.0	17320.0	21222.0	828.0	417.0	50.6	43.8	62.6	58.3
2017-01-24	25656.0	6059.0	1341.0	17604.0	22733.0	851.0	440.0	52.5	46.6	64.3	59.6
2017-01-31	26811.0	6044.0	1452.0	18606.0	23615.0	834.0	417.0	52.6	46.0	63.9	58.8
