2014-10-21	478180.0	8164.0	1894.0	448454.0	454724.0	0.0	0.0	48.7	65.4	63.9	72.7
2014-10-28	487655.0	7011.0	1894.0	457929.0	463046.0	0.0	0.0	48.0	65.6	63.6	71.9
2014-11-04	550530.0	6251.0	0.0	521564.0	527815.0	0.0	0.0	46.8	69.1	63.6	74.6
2014-11-11	547317.0	5459.0	0.0	520271.0	525730.0	0.0	0.0	48.9	73.3	66.4	77.3
2014-11-18	546027.0	2305.0	0.0	522135.0	524440.0	0.0	0.0	48.4	73.0	64.4	74.8
2014-11-25	546419.0	2305.0	0.0	522527.0	524832.0	0.0	0.0	48.8	73.8	65.4	75.2
2014-12-02	575551.0	3098.0	0.0	550866.0	553964.0	0.0	0.0	52.6	74.7	66.0	76.0
2014-12-09	557310.0	3524.0	0.0	533042.0	536566.0	0.0	0.0	57.7	80.3	71.1	81.4
2014-12-16	541030.0	3876.0	0.0	516410.0	520286.0	0.0	0.0	57.0	74.4	69.7	76.6
2014-12-23	556748.0	3876.0	0.0	532128.0	536004.0	0.0	0.0	54.0	72.8	68.8	75.4
2014-12-30	555172.0	3484.0	0.0	530944.0	534428.0	0.0	0.0	53.7	72.6	68.6	75.2
2015-01-06	552099.0	3092.0	0.0	528263.0	531355.0	0.0	0.0	53.7	72.0	68.2	74.7
2015-01-13	535659.0	426.0	0.0	514921.0	515347.0	0.0	0.0	58.6	75.5	73.2	80.1
2015-01-20	549233.0	0.0	5859.0	532455.0	526596.0	0.0	0.0	57.9	73.1	72.1	78.0
2015-01-27	561157.0	0.0	5507.0	544379.0	538872.0	0.0	0.0	59.0	72.9	72.3	77.7
2015-02-03	577027.0	0.0	5077.0	560249.0	555172.0	0.0	0.0	58.2	72.0	71.3	76.1
2015-02-10	547834.0	0.0	5893.0	532280.0	526387.0	0.0	0.0	58.4	71.6	70.6	75.4
2015-02-17	548628.0	0.0	5893.0	533074.0	527181.0	0.0	0.0	58.3	71.3	70.6	75.1
2015-02-24	558296.0	0.0	5893.0	542742.0	536849.0	0.0	0.0	57.4	69.6	69.6	73.4
2015-03-03	572245.0	0.0	6629.0	556691.0	550062.0	0.0	0.0	55.2	69.0	70.1	73.7
2015-03-10	511755.0	0.0	7333.0	497257.0	489924.0	0.0	0.0	57.7	74.5	73.6	79.2
2015-03-17	529261.0	0.0	7333.0	514763.0	507430.0	0.0	0.0	55.9	72.3	71.2	76.8
2015-03-24	540240.0	0.0	7333.0	525742.0	518409.0	0.0	0.0	55.3	73.7	71.2	78.1
2015-03-31	545656.0	1952.0	7333.0	529206.0	523825.0	0.0	0.0	54.7	74.0	70.3	78.2
2015-04-07	511241.0	0.0	12476.0	497203.0	484727.0	0.0	0.0	56.5	78.3	73.7	82.6
2015-04-14	512000.0	0.0	12476.0	497962.0	485486.0	0.0	0.0	56.4	77.6	73.4	81.9
2015-04-21	512951.0	0.0	12476.0	498913.0	486437.0	0.0	0.0	56.0	77.2	72.9	81.4
2015-04-28	512263.0	0.0	12476.0	498225.0	485749.0	0.0	0.0	56.1	76.8	73.0	81.0
2015-05-05	514119.0	0.0	13580.0	500081.0	487605.0	1104.0	0.0	55.5	75.1	72.4	79.6
2015-05-12	529855.0	0.0	14316.0	518393.0	504077.0	0.0	0.0	60.6	81.1	76.0	85.3
2015-05-19	539120.0	0.0	14316.0	527658.0	513342.0	0.0	0.0	60.0	79.7	74.9	83.9
2015-05-26	538016.0	0.0	14316.0	526554.0	512238.0	0.0	0.0	59.9	79.6	74.7	83.8
2015-06-02	545008.0	0.0	14316.0	533546.0	519230.0	0.0	0.0	59.9	79.1	74.8	83.3
2015-06-09	537896.0	0.0	16012.0	528130.0	512118.0	0.0	0.0	61.0	80.2	76.2	84.5
2015-06-16	533192.0	0.0	16012.0	523426.0	507414.0	0.0	0.0	60.9	79.9	76.1	84.2
2015-06-23	530432.0	0.0	16012.0	520666.0	504654.0	0.0	0.0	60.5	79.3	75.6	83.7
2015-06-30	534338.0	0.0	16012.0	524572.0	508560.0	0.0	0.0	60.1	79.0	75.5	83.4
2015-07-07	510294.0	0.0	15644.0	501632.0	485988.0	0.0	0.0	61.1	80.3	76.7	84.8
2015-07-14	511566.0	0.0	15644.0	502904.0	487260.0	0.0	0.0	61.1	80.2	76.8	84.7
2015-07-21	516270.0	0.0	15644.0	507608.0	491964.0	0.0	0.0	61.3	80.4	77.0	84.8
2015-07-28	518934.0	0.0	15644.0	510272.0	494628.0	0.0	0.0	61.1	80.0	76.6	84.4
2015-08-04	524454.0	0.0	14892.0	515792.0	500148.0	0.0	752.0	59.4	80.0	75.6	83.4
2015-08-11	483592.0	0.0	15644.0	476058.0	460414.0	0.0	0.0	60.7	81.4	77.0	85.0
2015-08-18	485128.0	0.0	15644.0	477594.0	461950.0	0.0	0.0	60.6	80.7	75.9	84.5
2015-08-25	492880.0	0.0	15644.0	485346.0	469702.0	0.0	0.0	59.2	78.1	74.2	81.9
2015-09-01	494032.0	0.0	15644.0	486498.0	470854.0	0.0	0.0	59.6	77.8	74.6	81.6
2015-09-08	470008.0	0.0	15644.0	463698.0	448054.0	0.0	0.0	58.2	81.0	74.8	84.6
2015-09-15	444945.0	768.0	3138.0	444177.0	441807.0	0.0	0.0	59.8	80.8	76.2	84.3
2015-09-22	452078.0	768.0	3138.0	451310.0	448940.0	0.0	0.0	57.9	77.3	74.0	80.9
2015-09-29	471284.0	768.0	3138.0	470516.0	468146.0	0.0	0.0	59.7	77.6	76.2	81.5
2015-10-06	427909.0	0.0	2370.0	427909.0	425539.0	0.0	0.0	60.3	81.5	79.4	85.0
2015-10-13	434993.0	0.0	2370.0	434993.0	432623.0	0.0	0.0	59.4	80.0	78.1	83.5
2015-10-20	436989.0	0.0	2370.0	436989.0	434619.0	0.0	0.0	57.3	77.2	75.7	81.0
2015-10-27	451137.0	0.0	2370.0	451137.0	448767.0	0.0	0.0	55.1	75.0	72.8	78.6
2015-11-03	456586.0	0.0	1586.0	456586.0	454216.0	0.0	784.0	57.1	76.4	73.6	80.0
2015-11-10	415818.0	0.0	1586.0	415818.0	414232.0	0.0	0.0	59.4	79.2	77.1	82.9
2015-11-17	420914.0	0.0	1586.0	420914.0	419328.0	0.0	0.0	59.8	78.4	77.3	82.2
2015-11-24	388803.0	0.0	1586.0	388803.0	387217.0	0.0	0.0	56.4	76.5	75.2	80.6
2015-12-01	388803.0	0.0	1586.0	388803.0	387217.0	0.0	0.0	56.4	76.5	75.2	80.6
2015-12-08	333366.0	0.0	784.0	333366.0	332582.0	0.0	0.0	63.0	79.3	78.9	83.5
2015-12-15	333366.0	0.0	784.0	333366.0	332582.0	0.0	0.0	63.0	78.1	78.9	83.3
2015-12-22	327785.0	0.0	784.0	327785.0	327001.0	0.0	0.0	64.3	74.8	80.2	82.2
2015-12-29	346569.0	0.0	784.0	346569.0	345785.0	0.0	0.0	60.8	75.5	75.8	80.5
2016-01-05	347345.0	0.0	784.0	347345.0	346561.0	0.0	0.0	60.9	75.3	75.8	80.3
2016-01-12	325249.0	0.0	0.0	325249.0	325249.0	0.0	0.0	64.7	77.5	81.3	83.8
2016-01-19	340800.0	0.0	759.0	340800.0	340041.0	0.0	0.0	63.1	71.6	74.6	77.3
2016-01-26	343413.0	0.0	759.0	343413.0	342654.0	0.0	0.0	62.9	69.6	74.7	75.7
2016-02-02	344163.0	0.0	759.0	344163.0	343404.0	0.0	0.0	62.9	69.8	74.8	75.6
2016-02-09	327202.0	0.0	759.0	327202.0	326443.0	0.0	0.0	62.5	71.1	75.3	76.7
2016-02-16	350969.0	0.0	759.0	350969.0	350210.0	0.0	0.0	59.6	66.8	72.9	73.1
2016-02-23	354873.0	0.0	759.0	354873.0	354114.0	0.0	0.0	59.1	65.7	71.1	71.9
2016-03-01	357119.0	0.0	759.0	357119.0	356360.0	0.0	0.0	56.2	64.5	67.9	69.5
2016-03-08	343678.0	0.0	759.0	343678.0	342919.0	0.0	0.0	55.0	64.0	65.9	68.1
2016-03-15	349280.0	0.0	759.0	349280.0	348521.0	0.0	0.0	54.8	63.9	66.4	68.1
2016-03-22	350096.0	0.0	759.0	350096.0	349337.0	0.0	0.0	55.1	64.0	66.3	68.1
2016-03-29	351329.0	0.0	759.0	351329.0	350570.0	0.0	0.0	55.3	63.5	66.4	67.8
2016-04-05	323653.0	0.0	384.0	323653.0	323269.0	0.0	0.0	56.6	67.4	68.7	70.5
2016-04-12	359087.0	0.0	384.0	359087.0	358703.0	0.0	0.0	61.4	69.2	72.3	72.6
2016-04-19	360940.0	0.0	384.0	360940.0	360556.0	0.0	0.0	61.2	68.2	71.9	72.8
2016-04-26	331244.0	0.0	384.0	331244.0	330860.0	0.0	0.0	56.4	61.4	68.4	68.5
2016-05-03	330226.0	0.0	384.0	330226.0	329842.0	0.0	0.0	56.2	62.9	66.6	68.8
2016-05-10	311449.0	0.0	0.0	311449.0	311449.0	0.0	0.0	54.2	63.8	64.6	69.1
2016-05-17	320441.0	0.0	384.0	320441.0	320057.0	0.0	0.0	55.7	64.6	65.7	69.7
2016-05-24	316569.0	0.0	384.0	316569.0	316185.0	0.0	0.0	55.2	63.4	65.2	69.1
2016-05-31	316569.0	0.0	384.0	316569.0	316185.0	0.0	0.0	54.8	63.3	65.1	69.1
2016-06-07	293297.0	0.0	384.0	293297.0	292913.0	0.0	0.0	53.1	65.5	63.9	71.8
2016-06-14	292497.0	0.0	384.0	292497.0	292113.0	0.0	0.0	53.2	64.6	64.1	70.9
2016-06-21	293257.0	0.0	19184.0	293257.0	274073.0	0.0	0.0	53.1	61.3	63.7	69.6
2016-06-28	294057.0	0.0	19184.0	294057.0	274873.0	0.0	0.0	53.2	61.4	64.0	69.7
2016-07-05	289729.0	0.0	19184.0	289729.0	270545.0	0.0	0.0	53.8	60.9	64.0	69.2
2016-07-12	295485.0	0.0	19184.0	291555.0	266933.0	3930.0	9368.0	58.9	65.4	68.1	72.7
2016-07-19	297411.0	760.0	19184.0	296651.0	278227.0	0.0	0.0	59.1	65.6	68.3	73.6
2016-07-26	296210.0	760.0	19184.0	295450.0	277026.0	0.0	0.0	59.5	65.5	68.7	73.5
2016-08-02	283957.0	760.0	19184.0	283197.0	264773.0	0.0	0.0	56.2	54.1	63.5	66.6
2016-08-09	268693.0	760.0	19184.0	267933.0	249509.0	0.0	0.0	56.1	55.0	64.2	67.7
2016-08-16	280703.0	760.0	20385.0	279943.0	260318.0	0.0	0.0	58.8	52.2	66.2	66.1
2016-08-23	285383.0	760.0	20385.0	284623.0	264998.0	0.0	0.0	57.9	50.9	65.1	64.6
2016-08-30	284967.0	760.0	20385.0	284207.0	264582.0	0.0	0.0	57.9	48.0	65.9	64.4
2016-09-06	276022.0	760.0	20385.0	275262.0	255637.0	0.0	0.0	59.8	49.0	67.8	66.0
2016-09-13	277598.0	760.0	20385.0	276838.0	257213.0	0.0	0.0	58.1	48.7	68.2	65.7
2016-09-20	290534.0	1576.0	20385.0	288958.0	270149.0	0.0	0.0	57.5	48.3	67.5	66.1
2016-09-27	290126.0	1576.0	20385.0	288550.0	269741.0	0.0	0.0	58.6	49.3	69.1	67.1
2016-10-04	298166.0	1576.0	20385.0	295822.0	277781.0	768.0	0.0	59.5	51.6	71.1	69.2
2016-10-11	285182.0	1576.0	20001.0	283606.0	265181.0	0.0	0.0	61.7	52.6	73.1	71.2
2016-10-18	296843.0	1576.0	20001.0	295267.0	276842.0	0.0	0.0	60.8	51.8	71.6	69.8
2016-10-25	303861.0	3152.0	20001.0	300709.0	283860.0	0.0	0.0	59.4	50.9	69.9	68.6
2016-11-01	304269.0	3152.0	20001.0	301117.0	284268.0	0.0	0.0	59.8	50.8	70.2	68.2
2016-11-08	283869.0	3152.0	19593.0	280717.0	264276.0	0.0	0.0	60.9	52.5	71.0	69.5
2016-11-15	302904.0	7008.0	19593.0	295896.0	283311.0	0.0	0.0	60.0	49.7	69.4	65.2
2016-11-22	324086.0	7008.0	19593.0	317078.0	304493.0	0.0	0.0	65.4	54.3	74.2	69.0
2016-11-29	328415.0	7008.0	19593.0	321407.0	308822.0	0.0	0.0	66.2	56.2	74.9	70.6
2016-12-06	315453.0	7008.0	19208.0	308445.0	296245.0	0.0	0.0	67.6	57.1	75.4	71.4
2016-12-13	315453.0	7768.0	19208.0	307685.0	296245.0	0.0	0.0	67.4	56.5	75.4	71.4
2016-12-20	308701.0	7008.0	19208.0	301693.0	289493.0	0.0	0.0	68.0	53.5	76.1	69.3
2016-12-27	307181.0	7008.0	19208.0	300173.0	287973.0	0.0	0.0	68.3	53.3	76.5	69.8
2017-01-03	311522.0	7008.0	16100.0	300998.0	292314.0	408.0	0.0	67.1	53.8	75.5	69.1
2017-01-10	295938.0	3504.0	15692.0	289326.0	277138.0	0.0	0.0	70.2	54.6	77.1	69.7
2017-01-17	300652.0	3504.0	15692.0	294040.0	281852.0	0.0	0.0	70.6	55.3	77.5	70.2
2017-01-24	299950.0	2448.0	15692.0	294394.0	281150.0	0.0	0.0	70.9	53.0	77.3	69.5
2017-01-31	303070.0	2448.0	15692.0	297514.0	284270.0	0.0	0.0	70.2	54.1	76.6	68.8
