2014-10-21	49591.0	12910.0	0.0	35175.0	47659.0	382.0	808.0	43.5	81.4	66.5	84.3
2014-10-28	49325.0	12125.0	0.0	35654.0	47375.0	382.0	786.0	42.5	81.6	65.0	84.5
2014-11-04	50121.0	10351.0	0.0	37264.0	47170.0	341.0	786.0	41.5	79.8	63.2	82.6
2014-11-11	49346.0	10075.0	0.0	36651.0	46669.0	445.0	502.0	43.0	81.9	63.8	83.9
2014-11-18	48072.0	9988.0	0.0	35445.0	45313.0	341.0	461.0	44.4	79.5	63.3	82.0
2014-11-25	48815.0	9966.0	0.0	36188.0	46034.0	341.0	461.0	44.2	78.4	63.3	81.9
2014-12-02	52405.0	9444.0	0.0	40170.0	49577.0	405.0	442.0	47.3	80.4	65.9	83.7
2014-12-09	51956.0	9255.0	0.0	39856.0	49074.0	386.0	423.0	49.6	79.1	66.7	82.1
2014-12-16	50484.0	9119.0	0.0	38395.0	47520.0	450.0	444.0	50.6	77.3	67.3	80.2
2014-12-23	50891.0	8916.0	0.0	38648.0	47570.0	471.0	465.0	50.3	76.3	66.5	79.1
2014-12-30	50827.0	9108.0	0.0	38392.0	47527.0	471.0	444.0	50.7	76.4	66.4	79.3
2015-01-06	51038.0	9196.0	0.0	38475.0	47698.0	491.0	464.0	50.6	76.2	66.2	79.1
2015-01-13	49381.0	8751.0	0.0	37329.0	46043.0	405.0	442.0	50.7	77.3	67.0	80.6
2015-01-20	49457.0	8688.0	0.0	37593.0	46160.0	361.0	482.0	50.5	77.7	66.7	81.0
2015-01-27	49509.0	8688.0	0.0	37389.0	46232.0	617.0	462.0	50.5	77.2	67.1	80.9
2015-02-03	49918.0	7531.0	0.0	38955.0	46641.0	617.0	462.0	51.0	77.5	67.5	80.8
2015-02-10	47911.0	7468.0	0.0	37322.0	45073.0	704.0	421.0	50.9	78.1	67.6	82.4
2015-02-17	48117.0	7300.0	0.0	37759.0	45173.0	491.0	377.0	51.0	77.8	67.3	82.1
2015-02-24	48402.0	6838.0	0.0	38249.0	45201.0	471.0	357.0	50.1	75.7	66.1	80.1
2015-03-03	47830.0	7164.0	0.0	37438.0	44629.0	384.0	357.0	49.8	75.4	65.3	79.3
2015-03-10	44751.0	7128.0	0.0	34526.0	41788.0	431.0	297.0	54.1	78.2	69.7	81.8
2015-03-17	44795.0	6864.0	0.0	34834.0	41832.0	431.0	297.0	54.3	77.8	69.2	81.5
2015-03-24	45560.0	6506.0	0.0	35809.0	42449.0	431.0	297.0	53.0	75.4	66.7	79.5
2015-03-31	45910.0	6458.0	0.0	35923.0	42493.0	431.0	319.0	52.4	74.3	65.8	78.6
2015-04-07	43718.0	6094.0	216.0	34152.0	40201.0	556.0	385.0	52.1	75.4	66.6	79.6
2015-04-14	43951.0	6050.0	216.0	34490.0	40390.0	451.0	385.0	51.0	74.5	66.0	78.9
2015-04-21	44525.0	6050.0	216.0	35064.0	40944.0	451.0	405.0	52.8	74.4	67.5	78.9
2015-04-28	44761.0	6050.0	216.0	35300.0	41222.0	451.0	363.0	53.1	73.7	67.8	79.0
2015-05-05	44981.0	6050.0	260.0	35476.0	41442.0	539.0	363.0	53.0	73.1	67.6	78.8
2015-05-12	45793.0	5918.0	260.0	36728.0	42367.0	451.0	470.0	55.1	74.1	70.1	79.0
2015-05-19	46163.0	5852.0	282.0	37098.0	42649.0	451.0	470.0	55.2	73.6	70.1	78.5
2015-05-26	46273.0	5808.0	282.0	37208.0	42759.0	451.0	426.0	55.4	73.3	70.1	78.2
2015-06-02	46460.0	5808.0	282.0	37185.0	42968.0	661.0	404.0	56.0	74.3	70.6	78.3
2015-06-09	45313.0	5768.0	346.0	36463.0	41508.0	496.0	873.0	55.3	74.2	71.4	78.3
2015-06-16	45684.0	5768.0	346.0	36878.0	41791.0	452.0	961.0	55.5	74.1	71.5	77.8
2015-06-23	45304.0	5768.0	346.0	36498.0	41455.0	452.0	917.0	55.7	70.6	71.8	75.7
2015-06-30	45264.0	5745.0	438.0	36458.0	41323.0	475.0	917.0	54.4	69.4	70.6	74.6
2015-07-07	42670.0	5283.0	394.0	34720.0	39249.0	323.0	683.0	54.3	71.1	70.3	74.5
2015-07-14	42867.0	5304.0	394.0	34917.0	39467.0	323.0	683.0	54.3	71.2	70.2	74.6
2015-07-21	42972.0	5304.0	394.0	35022.0	39572.0	323.0	683.0	54.1	70.9	70.0	74.3
2015-07-28	43462.0	5304.0	394.0	35512.0	40062.0	323.0	683.0	53.9	71.0	69.6	74.3
2015-08-04	43928.0	4922.0	325.0	36232.0	40145.0	323.0	1007.0	54.1	70.1	68.8	73.1
2015-08-11	40512.0	4347.0	233.0	33598.0	37074.0	254.0	892.0	55.5	73.4	70.2	76.2
2015-08-18	40533.0	4347.0	233.0	33661.0	37095.0	212.0	892.0	55.6	73.4	70.3	76.3
2015-08-25	39980.0	3243.0	233.0	34086.0	36458.0	254.0	892.0	57.8	72.3	69.9	75.4
2015-09-01	39980.0	2479.0	233.0	34850.0	36457.0	254.0	893.0	57.9	72.1	71.0	75.3
2015-09-08	36982.0	1402.0	170.0	33097.0	33627.0	191.0	893.0	61.7	76.3	77.5	79.2
2015-09-15	34810.0	1758.0	383.0	32627.0	33853.0	170.0	319.0	68.4	79.4	82.0	84.8
2015-09-22	34937.0	1648.0	383.0	32949.0	34002.0	85.0	297.0	68.2	76.9	81.4	84.1
2015-09-29	34871.0	1648.0	679.0	33073.0	33621.0	150.0	571.0	70.9	76.1	82.2	84.1
2015-10-06	32285.0	636.0	553.0	31563.0	31244.0	86.0	488.0	73.0	76.4	84.6	83.7
2015-10-13	32580.0	636.0	553.0	31858.0	31539.0	86.0	488.0	73.7	76.7	84.8	84.0
2015-10-20	32964.0	636.0	553.0	32242.0	31923.0	86.0	488.0	72.9	76.4	84.6	83.6
2015-10-27	33243.0	636.0	553.0	32521.0	32243.0	86.0	447.0	72.8	77.3	84.3	83.2
2015-11-03	33898.0	636.0	509.0	33176.0	32856.0	86.0	533.0	69.5	74.2	80.0	80.1
2015-11-10	32536.0	636.0	377.0	31836.0	31692.0	64.0	467.0	66.7	76.8	79.3	82.0
2015-11-17	32493.0	636.0	377.0	31793.0	31649.0	64.0	467.0	65.2	75.9	78.4	81.3
2015-11-24	30927.0	636.0	377.0	30227.0	30103.0	64.0	447.0	63.2	73.2	77.1	79.0
2015-12-01	30968.0	781.0	377.0	30145.0	30144.0	42.0	447.0	63.0	73.0	76.6	78.7
2015-12-08	27982.0	740.0	217.0	27220.0	27340.0	22.0	425.0	61.7	71.9	75.7	78.0
2015-12-15	27900.0	719.0	217.0	27159.0	27258.0	22.0	425.0	61.5	71.8	75.7	78.1
2015-12-22	28708.0	740.0	217.0	27607.0	27938.0	361.0	553.0	59.9	69.7	72.9	76.1
2015-12-29	30212.0	740.0	217.0	29111.0	29442.0	361.0	553.0	56.9	66.6	69.3	72.2
2016-01-05	30296.0	740.0	217.0	29195.0	29549.0	361.0	530.0	56.8	66.4	68.9	72.3
2016-01-12	28204.0	739.0	0.0	26853.0	27613.0	612.0	591.0	57.0	72.5	71.9	77.8
2016-01-19	28568.0	739.0	0.0	27574.0	28018.0	255.0	550.0	56.3	71.9	71.7	77.2
2016-01-26	28483.0	739.0	42.0	27744.0	27891.0	0.0	550.0	57.1	71.5	72.5	76.8
2016-02-02	28737.0	760.0	42.0	27936.0	28103.0	41.0	592.0	56.9	70.7	71.1	76.1
2016-02-09	27793.0	680.0	384.0	27072.0	26748.0	41.0	661.0	56.6	70.9	70.5	76.5
2016-02-16	29204.0	701.0	384.0	28462.0	28136.0	41.0	684.0	54.0	70.2	69.3	75.6
2016-02-23	29516.0	722.0	560.0	28753.0	28249.0	41.0	707.0	55.2	69.5	69.9	75.2
2016-03-01	29752.0	722.0	560.0	28966.0	28550.0	64.0	642.0	55.8	69.5	69.9	75.9
2016-03-08	28538.0	596.0	497.0	27878.0	27614.0	64.0	427.0	55.4	70.3	71.2	76.5
2016-03-15	28497.0	659.0	497.0	27774.0	27593.0	64.0	407.0	55.1	70.1	71.0	76.4
2016-03-22	28666.0	659.0	497.0	27943.0	27762.0	64.0	407.0	56.4	70.9	71.9	77.2
2016-03-29	29133.0	701.0	497.0	28325.0	28125.0	107.0	511.0	55.5	71.1	70.5	77.6
2016-04-05	26988.0	655.0	84.0	26249.0	26037.0	84.0	867.0	54.0	72.8	70.7	78.2
2016-04-12	28683.0	741.0	84.0	27858.0	27732.0	84.0	867.0	56.9	74.2	72.1	79.4
2016-04-19	28192.0	953.0	84.0	27155.0	27198.0	84.0	910.0	57.9	73.2	71.1	78.2
2016-04-26	25613.0	848.0	84.0	24724.0	24914.0	41.0	615.0	55.7	70.3	69.6	76.3
2016-05-03	25754.0	762.0	84.0	24908.0	25055.0	84.0	615.0	54.1	69.8	68.5	74.7
2016-05-10	23985.0	531.0	0.0	23307.0	23539.0	147.0	446.0	53.6	71.0	68.3	75.2
2016-05-17	24514.0	531.0	0.0	23836.0	24047.0	147.0	467.0	54.5	71.6	68.2	74.6
2016-05-24	24345.0	660.0	129.0	23497.0	23749.0	188.0	467.0	52.4	71.2	67.1	74.2
2016-05-31	24304.0	660.0	129.0	23456.0	23708.0	188.0	467.0	52.5	71.2	67.2	74.3
2016-06-07	22456.0	575.0	129.0	21608.0	21880.0	273.0	447.0	51.5	72.4	67.6	75.9
2016-06-14	22519.0	575.0	129.0	21714.0	21943.0	230.0	447.0	50.6	71.7	66.6	75.2
2016-06-21	22581.0	618.0	1147.0	21775.0	21030.0	188.0	404.0	51.6	69.3	67.4	73.9
2016-06-28	22414.0	618.0	1147.0	21649.0	20822.0	147.0	445.0	52.0	69.0	67.4	73.6
2016-07-05	22474.0	655.0	1147.0	21649.0	20839.0	170.0	488.0	52.2	69.0	67.4	73.4
2016-07-12	22486.0	611.0	1147.0	21728.0	19616.0	147.0	1723.0	55.0	67.3	69.2	70.1
2016-07-19	22758.0	611.0	1147.0	22000.0	21123.0	147.0	488.0	54.8	72.4	69.4	76.3
2016-07-26	22741.0	611.0	1173.0	21983.0	21083.0	127.0	465.0	57.4	72.7	68.9	76.5
2016-08-02	21683.0	611.0	1173.0	20925.0	20023.0	127.0	467.0	58.6	67.3	70.6	75.9
2016-08-09	21192.0	411.0	1133.0	20612.0	19652.0	169.0	407.0	60.9	67.7	72.8	75.9
2016-08-16	21109.0	411.0	1133.0	20529.0	19569.0	169.0	407.0	61.1	66.6	73.1	75.0
2016-08-23	21172.0	411.0	1133.0	20634.0	19632.0	127.0	407.0	60.9	64.9	72.8	73.5
2016-08-30	20855.0	390.0	1133.0	20338.0	19315.0	127.0	407.0	61.9	63.3	74.3	72.8
2016-09-06	19444.0	252.0	1018.0	19088.0	17922.0	104.0	504.0	61.6	64.7	74.2	74.1
2016-09-13	19361.0	252.0	1018.0	19005.0	17880.0	104.0	463.0	61.8	63.8	74.8	73.5
2016-09-20	19593.0	252.0	1018.0	19196.0	18112.0	145.0	463.0	61.0	62.5	73.0	72.1
2016-09-27	19717.0	334.0	1018.0	19320.0	18236.0	63.0	463.0	61.0	62.4	72.9	72.2
2016-10-04	20309.0	438.0	1018.0	19808.0	18786.0	63.0	505.0	61.5	62.6	73.4	72.3
2016-10-11	18927.0	375.0	1018.0	18065.0	17488.0	487.0	421.0	61.0	63.1	73.5	72.8
2016-10-18	21042.0	890.0	0.0	18647.0	19603.0	487.0	421.0	53.1	61.8	63.2	67.4
2016-10-25	20918.0	806.0	86.0	18586.0	19393.0	508.0	421.0	53.4	61.7	63.6	66.9
2016-11-01	20903.0	763.0	474.0	18614.0	18990.0	508.0	421.0	52.9	60.3	62.6	66.8
2016-11-08	20250.0	661.0	732.0	18043.0	18121.0	528.0	379.0	47.5	55.0	57.3	62.8
2016-11-15	20272.0	784.0	732.0	17901.0	18143.0	569.0	379.0	47.5	54.4	57.2	62.6
2016-11-22	21375.0	784.0	732.0	19045.0	19205.0	528.0	420.0	51.2	56.4	60.0	64.2
2016-11-29	21483.0	805.0	732.0	19132.0	19313.0	528.0	420.0	51.0	56.9	60.0	64.8
2016-12-06	20326.0	742.0	732.0	18101.0	18218.0	444.0	337.0	50.0	54.9	59.3	63.9
2016-12-13	20306.0	783.0	732.0	18040.0	18198.0	444.0	337.0	49.5	54.5	58.9	63.8
2016-12-20	20369.0	783.0	732.0	18124.0	18261.0	423.0	337.0	49.9	52.6	58.9	62.7
2016-12-27	20664.0	783.0	732.0	18419.0	18556.0	423.0	337.0	50.6	53.3	59.5	63.2
2017-01-03	20641.0	783.0	732.0	18396.0	17725.0	423.0	1145.0	50.7	52.5	59.5	60.5
2017-01-10	19132.0	622.0	732.0	16581.0	16321.0	911.0	1061.0	52.1	54.4	61.9	63.6
2017-01-17	19368.0	582.0	562.0	16733.0	16603.0	911.0	1061.0	52.8	52.3	61.6	61.4
2017-01-24	19540.0	582.0	606.0	16882.0	16709.0	934.0	1083.0	53.7	52.5	62.0	61.7
2017-01-31	19882.0	582.0	606.0	17244.0	17031.0	914.0	1103.0	53.5	52.3	62.1	61.1
