2014-10-21	12000.0	2623.0	449.0	8992.0	11109.0	131.0	188.0	48.5	51.0	67.6	66.8
2014-10-28	12445.0	2639.0	487.0	9361.0	11475.0	150.0	188.0	49.1	48.6	68.3	64.8
2014-11-04	12461.0	2658.0	210.0	9593.0	11708.0	131.0	464.0	48.9	46.3	68.4	62.5
2014-11-11	11473.0	2021.0	164.0	9244.0	11003.0	85.0	183.0	48.5	48.9	65.9	62.2
2014-11-18	11671.0	1955.0	164.0	9398.0	11113.0	85.0	161.0	47.3	49.0	65.9	63.5
2014-11-25	11534.0	1889.0	164.0	9245.0	10913.0	167.0	224.0	46.1	50.5	66.3	66.2
2014-12-02	11600.0	1889.0	164.0	9292.0	10751.0	186.0	452.0	46.2	48.3	66.3	64.1
2014-12-09	10355.0	1400.0	224.0	8502.0	9695.0	189.0	172.0	51.9	56.5	71.5	71.9
2014-12-16	11015.0	1482.0	164.0	9080.0	10417.0	211.0	192.0	48.8	53.1	70.5	68.4
2014-12-23	11843.0	1419.0	224.0	9949.0	11226.0	189.0	107.0	50.1	48.9	70.7	70.7
2014-12-30	12223.0	1674.0	520.0	10074.0	11310.0	189.0	107.0	52.5	47.4	72.4	69.3
2015-01-06	11709.0	1288.0	542.0	9943.0	10474.0	82.0	297.0	51.8	47.7	71.4	68.8
2015-01-13	12155.0	1550.0	542.0	10215.0	11052.0	126.0	297.0	53.1	47.1	70.6	67.2
2015-01-20	12818.0	1484.0	586.0	10878.0	11605.0	126.0	297.0	51.8	47.7	69.8	64.1
2015-01-27	12949.0	1484.0	586.0	10965.0	11736.0	170.0	297.0	47.5	48.7	67.7	66.8
2015-02-03	13391.0	1528.0	586.0	11257.0	11797.0	298.0	700.0	47.0	46.5	65.5	64.9
2015-02-10	12658.0	1211.0	501.0	10794.0	11398.0	301.0	407.0	44.6	46.8	63.2	68.7
2015-02-17	12721.0	1255.0	501.0	10857.0	11505.0	301.0	407.0	44.1	47.1	62.8	68.7
2015-02-24	12739.0	1277.0	501.0	10963.0	11587.0	213.0	365.0	44.5	46.4	62.9	67.9
2015-03-03	12805.0	1321.0	501.0	10987.0	11373.0	233.0	667.0	43.9	44.5	63.0	64.6
2015-03-10	12198.0	1164.0	381.0	10513.0	10740.0	257.0	813.0	47.8	47.5	67.2	67.7
2015-03-17	12507.0	1205.0	126.0	10781.0	11260.0	257.0	857.0	42.7	49.3	62.9	65.0
2015-03-24	13631.0	1205.0	167.0	11902.0	12129.0	260.0	1071.0	45.7	50.7	62.7	65.4
2015-03-31	13741.0	1205.0	167.0	11968.0	12195.0	260.0	1071.0	42.4	50.3	59.7	64.7
2015-04-07	13087.0	1293.0	0.0	11143.0	11782.0	497.0	1151.0	40.5	50.4	60.8	64.8
2015-04-14	13281.0	1293.0	0.0	11337.0	11996.0	497.0	1131.0	37.4	49.3	56.1	62.1
2015-04-21	13045.0	1231.0	0.0	11314.0	11782.0	346.0	1109.0	37.3	51.6	55.3	64.1
2015-04-28	13158.0	1147.0	0.0	11338.0	11789.0	475.0	1171.0	37.6	51.3	55.1	63.6
2015-05-05	12316.0	1431.0	0.0	10366.0	11253.0	475.0	1019.0	37.6	48.1	55.5	65.2
2015-05-12	12055.0	1431.0	0.0	10086.0	11164.0	494.0	847.0	37.2	49.7	55.2	67.3
2015-05-19	12247.0	1299.0	0.0	10278.0	11224.0	494.0	847.0	39.7	48.2	56.7	65.4
2015-05-26	12292.0	1299.0	0.0	10342.0	11269.0	475.0	847.0	40.2	47.8	57.4	64.5
2015-06-02	12250.0	1299.0	0.0	10086.0	10963.0	689.0	1111.0	39.2	46.5	56.9	62.8
2015-06-09	11880.0	1279.0	0.0	9539.0	10746.0	886.0	958.0	38.3	47.7	55.5	64.2
2015-06-16	12414.0	1191.0	0.0	10289.0	11155.0	758.0	1083.0	38.0	44.3	56.6	59.5
2015-06-23	12252.0	1191.0	0.0	10361.0	11161.0	524.0	915.0	36.8	45.2	54.4	58.9
2015-06-30	11754.0	1101.0	0.0	10128.0	11134.0	391.0	486.0	36.4	42.3	55.1	58.3
2015-07-07	11441.0	1076.0	0.0	9946.0	10566.0	285.0	741.0	43.8	40.2	61.5	56.9
2015-07-14	11334.0	1076.0	0.0	9881.0	10714.0	243.0	486.0	47.5	39.4	62.7	59.0
2015-07-21	11711.0	1120.0	0.0	10256.0	10814.0	201.0	763.0	50.5	34.4	65.3	54.9
2015-07-28	12497.0	1056.0	0.0	11108.0	11558.0	157.0	763.0	45.6	32.9	61.2	51.3
2015-08-04	12902.0	1077.0	0.0	11492.0	11942.0	157.0	784.0	46.3	34.3	61.2	51.9
2015-08-11	12324.0	1126.0	0.0	11072.0	11331.0	42.0	909.0	51.7	36.6	66.3	55.0
2015-08-18	13039.0	1208.0	0.0	11705.0	12088.0	42.0	867.0	53.3	37.0	67.7	54.7
2015-08-25	13446.0	1208.0	232.0	12112.0	12408.0	42.0	722.0	52.9	35.2	67.6	52.4
2015-09-01	13637.0	1186.0	232.0	12325.0	12599.0	42.0	722.0	50.4	35.3	64.7	52.7
2015-09-08	12061.0	950.0	232.0	11067.0	11210.0	21.0	596.0	56.1	35.1	67.4	52.9
2015-09-15	12611.0	602.0	0.0	11965.0	11888.0	21.0	700.0	58.1	36.2	69.6	55.2
2015-09-22	12287.0	309.0	113.0	11705.0	11244.0	43.0	700.0	53.9	32.6	66.2	51.3
2015-09-29	12899.0	329.0	223.0	12318.0	12002.0	22.0	444.0	51.3	31.4	60.8	50.3
2015-10-06	12292.0	308.0	348.0	11817.0	11335.0	22.0	464.0	52.0	38.6	64.9	56.6
2015-10-13	13904.0	208.0	411.0	13572.0	13029.0	42.0	382.0	54.2	42.1	66.4	57.7
2015-10-20	14560.0	208.0	641.0	14228.0	13435.0	42.0	402.0	49.8	38.8	61.6	54.3
2015-10-27	14135.0	187.0	514.0	13763.0	13076.0	62.0	422.0	48.6	38.0	59.5	52.6
2015-11-03	14279.0	168.0	454.0	13844.0	13302.0	82.0	338.0	44.8	37.6	56.2	51.6
2015-11-10	13972.0	83.0	587.0	13603.0	12799.0	60.0	360.0	48.0	40.1	59.8	54.9
2015-11-17	15659.0	83.0	546.0	15290.0	14506.0	60.0	381.0	44.2	41.1	57.5	55.6
2015-11-24	15743.0	14.0	758.0	15520.0	14432.0	60.0	404.0	43.5	41.3	57.1	57.3
2015-12-01	16019.0	14.0	754.0	15796.0	14778.0	60.0	338.0	44.7	41.9	58.1	57.6
2015-12-08	15363.0	0.0	1060.0	15300.0	13985.0	0.0	255.0	47.7	44.6	64.3	61.5
2015-12-15	14811.0	0.0	1100.0	14748.0	13373.0	0.0	275.0	49.3	42.8	62.6	58.9
2015-12-22	14762.0	0.0	1120.0	14699.0	13304.0	0.0	275.0	50.8	43.3	65.3	59.8
2015-12-29	14867.0	0.0	1099.0	14804.0	13430.0	0.0	275.0	50.5	42.9	65.4	59.8
2016-01-05	14763.0	0.0	1099.0	14700.0	13306.0	0.0	295.0	50.3	43.2	64.6	58.8
2016-01-12	14212.0	258.0	1095.0	13891.0	12716.0	0.0	338.0	50.3	43.5	62.0	60.2
2016-01-19	15335.0	172.0	1242.0	15034.0	13672.0	66.0	358.0	52.8	48.4	63.9	63.6
2016-01-26	15416.0	172.0	1263.0	15181.0	13775.0	0.0	315.0	53.6	48.2	63.1	62.6
2016-02-02	16489.0	151.0	1416.0	16233.0	14652.0	0.0	316.0	53.0	41.7	62.4	57.6
2016-02-09	15650.0	151.0	1296.0	15373.0	13970.0	21.0	279.0	52.6	42.3	62.4	58.7
2016-02-16	15817.0	151.0	1208.0	15497.0	14225.0	64.0	279.0	53.8	39.8	63.8	56.7
2016-02-23	17181.0	170.0	1418.0	16861.0	15336.0	85.0	362.0	49.9	37.2	59.5	54.7
2016-03-01	18379.0	193.0	1840.0	17952.0	16177.0	171.0	299.0	54.1	38.7	65.2	53.6
2016-03-08	18174.0	214.0	2120.0	17853.0	15673.0	86.0	360.0	56.1	39.7	67.1	56.2
2016-03-15	19027.0	365.0	2183.0	18555.0	16525.0	86.0	298.0	53.7	36.6	64.1	51.2
2016-03-22	19031.0	344.0	2311.0	18580.0	16401.0	86.0	298.0	53.0	37.0	63.0	51.0
2016-03-29	18952.0	365.0	2269.0	18480.0	16385.0	107.0	298.0	53.8	37.8	62.4	52.1
2016-04-05	17363.0	365.0	2019.0	16636.0	14753.0	321.0	550.0	54.4	40.1	60.9	55.2
2016-04-12	17855.0	365.0	2232.0	17191.0	15073.0	299.0	550.0	53.1	41.7	60.5	57.4
2016-04-19	18288.0	429.0	2340.0	17516.0	15419.0	343.0	529.0	49.1	40.9	58.0	56.8
2016-04-26	18478.0	451.0	2447.0	17791.0	15649.0	129.0	275.0	52.9	42.9	64.5	58.4
2016-05-03	20156.0	281.0	2635.0	19321.0	16843.0	172.0	296.0	56.9	41.5	67.9	59.0
2016-05-10	19183.0	110.0	2758.0	18433.0	15703.0	215.0	297.0	59.1	40.3	70.8	56.9
2016-05-17	19297.0	68.0	2847.0	18503.0	15558.0	258.0	424.0	59.1	40.3	71.3	56.5
2016-05-24	19446.0	24.0	3113.0	18719.0	15271.0	236.0	595.0	58.2	38.9	70.1	54.0
2016-05-31	19510.0	0.0	3305.0	18934.0	15227.0	171.0	573.0	59.0	39.8	69.9	55.0
2016-06-07	18082.0	0.0	2987.0	17548.0	14180.0	150.0	531.0	61.2	40.7	70.9	55.6
2016-06-14	18343.0	0.0	2901.0	17743.0	14461.0	150.0	531.0	57.5	40.8	66.9	53.6
2016-06-21	18662.0	0.0	3010.0	17851.0	14691.0	381.0	531.0	54.4	40.2	61.9	52.5
2016-06-28	19328.0	0.0	2981.0	18448.0	15274.0	381.0	574.0	51.5	39.0	61.0	50.4
2016-07-05	19300.0	0.0	3004.0	18334.0	15137.0	513.0	706.0	51.0	39.0	60.4	50.4
2016-07-12	17961.0	215.0	2543.0	16940.0	13759.0	507.0	1360.0	52.5	39.4	62.8	50.2
2016-07-19	18003.0	129.0	2593.0	17154.0	14498.0	381.0	573.0	52.5	39.7	63.4	52.5
2016-07-26	18456.0	176.0	2802.0	17690.0	14767.0	212.0	509.0	51.6	39.0	61.8	51.4
2016-08-02	18372.0	179.0	2659.0	17323.0	14643.0	372.0	572.0	48.5	39.2	58.9	51.6
2016-08-09	17110.0	199.0	2240.0	16112.0	13879.0	341.0	533.0	50.6	37.3	59.5	50.4
2016-08-16	17980.0	157.0	2282.0	17045.0	14665.0	278.0	533.0	52.2	36.2	60.0	49.8
2016-08-23	17917.0	136.0	2366.0	16961.0	14497.0	299.0	533.0	50.6	35.5	58.7	49.3
2016-08-30	18044.0	136.0	2407.0	17129.0	14624.0	299.0	533.0	50.8	35.1	58.8	48.1
2016-09-06	17048.0	230.0	1895.0	16248.0	14328.0	251.0	506.0	55.1	32.6	60.4	45.6
2016-09-13	17308.0	230.0	1874.0	16508.0	14588.0	251.0	527.0	49.3	32.0	55.2	41.8
2016-09-20	17394.0	188.0	1874.0	16594.0	14632.0	251.0	527.0	50.5	31.3	56.4	43.5
2016-09-27	17282.0	272.0	1874.0	16419.0	14562.0	272.0	527.0	50.8	32.0	55.9	42.6
2016-10-04	17788.0	540.0	1935.0	16468.0	14838.0	461.0	696.0	47.2	29.3	53.5	40.4
2016-10-11	16460.0	416.0	1724.0	15601.0	14036.0	187.0	444.0	49.7	29.2	54.8	40.2
2016-10-18	15685.0	395.0	1639.0	14803.0	13302.0	208.0	465.0	51.4	30.7	57.5	42.3
2016-10-25	16036.0	480.0	1740.0	15007.0	13532.0	229.0	444.0	52.8	31.0	60.4	44.2
2016-11-01	15889.0	501.0	1823.0	14798.0	13302.0	270.0	444.0	51.8	29.8	61.0	43.5
2016-11-08	15196.0	479.0	1783.0	14171.0	12928.0	249.0	188.0	52.4	28.8	63.9	47.6
2016-11-15	15503.0	643.0	1742.0	14273.0	13213.0	290.0	251.0	51.2	29.1	63.0	48.1
2016-11-22	15802.0	686.0	1782.0	14508.0	13367.0	290.0	335.0	51.2	29.3	63.0	48.3
2016-11-29	15720.0	604.0	1782.0	14508.0	13285.0	290.0	335.0	51.5	29.8	62.9	49.3
2016-12-06	14437.0	498.0	1654.0	13413.0	12213.0	249.0	293.0	52.6	31.1	65.3	51.2
2016-12-13	14324.0	498.0	1740.0	13363.0	12141.0	272.0	252.0	51.6	31.8	64.7	52.4
2016-12-20	14604.0	625.0	1803.0	13476.0	12317.0	312.0	293.0	50.0	31.1	64.5	50.3
2016-12-27	14351.0	584.0	1803.0	13264.0	12064.0	312.0	293.0	48.7	30.4	64.0	50.0
2017-01-03	14566.0	481.0	1803.0	13540.0	12216.0	354.0	356.0	48.9	30.4	64.0	49.7
2017-01-10	13479.0	580.0	1530.0	12437.0	11233.0	292.0	546.0	50.8	34.5	67.4	55.2
2017-01-17	13731.0	600.0	1530.0	12669.0	11442.0	292.0	589.0	52.3	35.5	68.7	55.9
2017-01-24	14106.0	520.0	1490.0	12869.0	11837.0	547.0	609.0	51.2	36.1	65.2	55.5
2017-01-31	14644.0	520.0	1490.0	13407.0	12375.0	547.0	609.0	47.6	35.1	62.1	53.7
