2014-10-21	22000.0	0.0	1814.0	20268.0	18478.0	24.0	0.0	53.7	33.1	59.3	56.7
2014-10-28	21875.0	0.0	1914.0	20219.0	18353.0	48.0	0.0	55.1	33.0	60.7	57.4
2014-11-04	21215.0	0.0	1752.0	19559.0	17855.0	48.0	0.0	56.7	35.4	61.7	59.3
2014-11-11	21548.0	0.0	1648.0	19892.0	18292.0	48.0	0.0	55.4	33.9	60.4	57.0
2014-11-18	21526.0	0.0	1468.0	19870.0	18450.0	48.0	0.0	55.3	32.9	59.7	55.4
2014-11-25	21783.0	307.0	1569.0	19743.0	18529.0	48.0	0.0	55.0	33.4	58.6	55.1
2014-12-02	20776.0	307.0	1767.0	18958.0	17522.0	24.0	0.0	55.4	34.8	59.0	56.5
2014-12-09	21186.0	307.0	1998.0	19392.0	17701.0	0.0	0.0	53.3	34.7	56.5	55.9
2014-12-16	22055.0	307.0	1974.0	20287.0	18620.0	0.0	0.0	49.8	33.9	52.7	52.0
2014-12-23	22235.0	0.0	1484.0	20464.0	18980.0	0.0	0.0	43.4	31.8	47.8	47.8
2014-12-30	22259.0	0.0	1584.0	20564.0	18980.0	0.0	0.0	43.4	32.2	47.8	47.7
2015-01-06	20264.0	0.0	1609.0	18620.0	17011.0	0.0	0.0	47.4	36.7	51.1	52.2
2015-01-13	21637.0	0.0	2162.0	20123.0	17985.0	24.0	0.0	40.7	35.5	46.4	48.5
2015-01-20	21559.0	0.0	2364.0	20199.0	17859.0	24.0	0.0	41.0	35.7	46.7	48.8
2015-01-27	21332.0	0.0	1906.0	19998.0	18116.0	24.0	0.0	40.0	33.4	45.0	46.5
2015-02-03	20807.0	0.0	1751.0	19422.0	17695.0	24.0	0.0	39.5	34.1	45.4	45.9
2015-02-10	21116.0	0.0	1777.0	19755.0	17978.0	0.0	0.0	38.3	33.0	43.9	44.7
2015-02-17	21655.0	0.0	1161.0	19909.0	18748.0	0.0	0.0	33.8	28.0	39.2	39.3
2015-02-24	22990.0	123.0	0.0	21346.0	21469.0	0.0	0.0	35.6	28.8	39.6	39.4
2015-03-03	22756.0	743.0	0.0	20804.0	21547.0	0.0	0.0	37.6	31.7	43.2	42.3
2015-03-10	22833.0	666.0	0.0	20881.0	21547.0	0.0	0.0	37.2	31.6	43.1	42.2
2015-03-17	23050.0	558.0	0.0	21179.0	21737.0	0.0	0.0	40.5	33.6	46.2	45.2
2015-03-24	23563.0	558.0	0.0	21692.0	22250.0	0.0	0.0	40.6	34.8	47.1	46.2
2015-03-31	23846.0	558.0	0.0	21975.0	22533.0	0.0	0.0	37.7	34.0	44.9	46.2
2015-04-07	22879.0	714.0	0.0	21008.0	21722.0	0.0	0.0	38.9	36.0	46.7	47.7
2015-04-14	23186.0	714.0	0.0	21315.0	22029.0	0.0	0.0	38.4	34.8	44.9	46.3
2015-04-21	23569.0	714.0	0.0	21698.0	22412.0	0.0	0.0	39.7	34.5	46.2	47.0
2015-04-28	23672.0	714.0	0.0	21801.0	22515.0	0.0	0.0	39.5	35.6	46.2	47.2
2015-05-05	23638.0	584.0	0.0	21975.0	22559.0	0.0	0.0	38.5	35.1	45.4	46.1
2015-05-12	23873.0	584.0	0.0	22210.0	22794.0	0.0	0.0	40.1	33.8	45.8	45.3
2015-05-19	24158.0	584.0	0.0	22495.0	23079.0	0.0	0.0	40.7	32.8	46.2	44.3
2015-05-26	24574.0	584.0	0.0	22911.0	23495.0	0.0	0.0	41.5	34.0	46.9	45.0
2015-06-02	23624.0	534.0	0.0	22086.0	22620.0	0.0	0.0	39.4	35.5	45.1	45.2
2015-06-09	24220.0	534.0	0.0	22682.0	23166.0	0.0	50.0	40.4	36.2	45.9	46.6
2015-06-16	24142.0	534.0	0.0	22604.0	23088.0	0.0	50.0	40.4	37.6	45.9	47.0
2015-06-23	24371.0	534.0	0.0	22833.0	23367.0	0.0	0.0	40.8	38.6	46.8	47.5
2015-06-30	24374.0	534.0	0.0	22836.0	23370.0	0.0	0.0	40.2	35.8	46.5	46.3
2015-07-07	23127.0	482.0	0.0	21771.0	22253.0	0.0	0.0	38.0	33.0	45.5	43.9
2015-07-14	23281.0	482.0	0.0	21925.0	22407.0	0.0	0.0	38.1	32.8	45.8	43.4
2015-07-21	23255.0	482.0	0.0	21899.0	22381.0	0.0	0.0	38.8	32.9	46.7	43.3
2015-07-28	23182.0	482.0	0.0	21826.0	22308.0	0.0	0.0	37.9	32.1	46.2	43.4
2015-08-04	21095.0	430.0	0.0	19895.0	20325.0	0.0	0.0	34.0	32.7	41.6	41.6
2015-08-11	20944.0	430.0	0.0	19744.0	20174.0	0.0	0.0	33.2	31.9	40.8	41.9
2015-08-18	21106.0	430.0	0.0	19906.0	20336.0	0.0	0.0	32.9	31.3	40.6	41.6
2015-08-25	21059.0	430.0	0.0	19859.0	20289.0	0.0	0.0	31.7	31.1	39.4	41.6
2015-09-01	18509.0	404.0	0.0	17439.0	17843.0	0.0	0.0	34.3	31.6	41.1	41.0
2015-09-08	18817.0	404.0	0.0	17747.0	18151.0	0.0	0.0	34.0	31.1	41.7	39.9
2015-09-15	18058.0	50.0	0.0	17908.0	17958.0	0.0	0.0	35.6	30.9	42.2	39.8
2015-09-22	18135.0	50.0	0.0	17985.0	18035.0	0.0	0.0	35.4	31.2	42.0	40.3
2015-09-29	18520.0	50.0	0.0	18370.0	18420.0	0.0	0.0	34.0	31.4	40.2	40.0
2015-10-06	17145.0	0.0	0.0	17145.0	17145.0	0.0	0.0	33.6	30.9	38.9	38.4
2015-10-13	17633.0	26.0	0.0	17607.0	17633.0	0.0	0.0	33.2	31.2	40.0	39.2
2015-10-20	17683.0	78.0	0.0	17605.0	17683.0	0.0	0.0	33.5	31.1	40.3	40.4
2015-10-27	17349.0	78.0	0.0	17271.0	17349.0	0.0	0.0	38.5	33.9	45.1	45.2
2015-11-03	16076.0	78.0	0.0	15998.0	16076.0	0.0	0.0	38.1	34.9	43.6	43.0
2015-11-10	16304.0	78.0	0.0	16226.0	16304.0	0.0	0.0	37.8	35.1	43.8	43.0
2015-11-17	16588.0	78.0	0.0	16510.0	16588.0	0.0	0.0	39.8	34.3	45.7	44.0
2015-11-24	16485.0	78.0	0.0	16407.0	16485.0	0.0	0.0	40.1	33.6	44.9	42.4
2015-12-01	16355.0	78.0	0.0	16277.0	16355.0	0.0	0.0	43.1	34.0	47.7	44.5
2015-12-08	17048.0	78.0	0.0	16970.0	17048.0	0.0	0.0	46.8	37.6	51.2	47.5
2015-12-15	17683.0	78.0	0.0	17605.0	17683.0	0.0	0.0	46.4	37.1	50.5	47.1
2015-12-22	17988.0	153.0	0.0	17835.0	17988.0	0.0	0.0	45.6	36.8	49.6	46.2
2015-12-29	17936.0	153.0	0.0	17783.0	17936.0	0.0	0.0	45.8	37.0	49.9	46.7
2016-01-05	16912.0	25.0	0.0	16887.0	16912.0	0.0	0.0	46.4	38.2	50.7	47.6
2016-01-12	18171.0	25.0	0.0	18146.0	18171.0	0.0	0.0	52.1	40.8	56.2	53.1
2016-01-19	18709.0	25.0	0.0	18684.0	18709.0	0.0	0.0	51.8	40.5	57.2	53.3
2016-01-26	19064.0	75.0	26.0	18989.0	19038.0	0.0	0.0	50.5	39.6	56.1	53.2
2016-02-02	18674.0	125.0	26.0	18549.0	18648.0	0.0	0.0	46.9	37.3	53.9	52.1
2016-02-09	19832.0	125.0	26.0	19707.0	19806.0	0.0	0.0	43.4	35.8	50.1	49.2
2016-02-16	20095.0	125.0	26.0	19970.0	20069.0	0.0	0.0	43.7	36.0	50.7	49.8
2016-02-23	20427.0	229.0	0.0	20198.0	20427.0	0.0	0.0	43.8	36.8	51.5	51.0
2016-03-01	20015.0	334.0	0.0	19681.0	20015.0	0.0	0.0	41.0	36.8	49.6	50.9
2016-03-08	19789.0	438.0	0.0	19351.0	19789.0	0.0	0.0	40.6	35.1	49.6	51.7
2016-03-15	20560.0	619.0	0.0	19941.0	20560.0	0.0	0.0	42.3	36.4	51.3	53.6
2016-03-22	21619.0	619.0	0.0	21000.0	21619.0	0.0	0.0	43.3	33.9	50.8	51.8
2016-03-29	21464.0	749.0	0.0	20715.0	21464.0	0.0	0.0	43.0	33.9	51.2	49.9
2016-04-05	20401.0	648.0	182.0	19753.0	20219.0	0.0	0.0	40.3	36.0	48.1	46.4
2016-04-12	21065.0	648.0	486.0	20417.0	20579.0	0.0	0.0	40.3	34.9	47.7	46.8
2016-04-19	21168.0	752.0	486.0	20416.0	20682.0	0.0	0.0	40.1	34.8	47.8	47.4
2016-04-26	23097.0	596.0	511.0	22501.0	22586.0	0.0	0.0	47.5	38.7	53.1	52.6
2016-05-03	22450.0	414.0	511.0	22036.0	21939.0	0.0	0.0	50.6	41.9	57.5	58.4
2016-05-10	23650.0	414.0	511.0	23236.0	23139.0	0.0	0.0	52.8	43.3	59.2	59.6
2016-05-17	24188.0	570.0	511.0	23618.0	23677.0	0.0	0.0	54.5	42.0	60.9	57.5
2016-05-24	24447.0	364.0	511.0	24083.0	23936.0	0.0	0.0	59.0	42.3	64.7	60.5
2016-05-31	25116.0	390.0	511.0	24701.0	24605.0	25.0	0.0	59.4	41.6	65.3	61.3
2016-06-07	24822.0	390.0	511.0	24432.0	24311.0	0.0	0.0	58.7	40.7	63.5	59.6
2016-06-14	24999.0	694.0	511.0	24305.0	24488.0	0.0	0.0	57.8	41.3	63.2	60.1
2016-06-21	25280.0	694.0	972.0	24586.0	24308.0	0.0	0.0	57.1	41.4	62.8	59.4
2016-06-28	25636.0	694.0	972.0	24942.0	24664.0	0.0	0.0	57.1	43.1	63.2	60.3
2016-07-05	23612.0	304.0	790.0	23308.0	22822.0	0.0	0.0	58.2	43.2	63.1	59.1
2016-07-12	23684.0	304.0	790.0	23380.0	22894.0	0.0	0.0	58.3	43.3	63.2	59.1
2016-07-19	24088.0	304.0	844.0	23784.0	23244.0	0.0	0.0	57.2	40.6	61.9	55.7
2016-07-26	24938.0	304.0	1214.0	24634.0	23724.0	0.0	0.0	55.2	41.2	59.8	54.7
2016-08-02	23936.0	304.0	1064.0	23632.0	22872.0	0.0	0.0	57.0	44.2	60.9	56.9
2016-08-09	24723.0	304.0	1139.0	24188.0	23353.0	0.0	0.0	53.9	44.2	60.3	56.5
2016-08-16	25054.0	459.0	909.0	24134.0	23684.0	0.0	0.0	53.1	44.5	59.8	57.1
2016-08-23	27094.0	967.0	834.0	25868.0	26001.0	0.0	0.0	48.3	50.2	61.0	63.3
2016-08-30	27809.0	1226.0	859.0	26324.0	26691.0	0.0	0.0	46.8	50.5	60.8	63.0
2016-09-06	27634.0	1550.0	610.0	24775.0	25715.0	0.0	0.0	45.2	48.2	58.1	60.3
2016-09-13	28015.0	1931.0	610.0	24802.0	26123.0	0.0	0.0	45.7	47.7	59.0	60.3
2016-09-20	28398.0	2059.0	614.0	25088.0	26533.0	0.0	0.0	49.5	46.3	60.9	58.9
2016-09-27	28378.0	2239.0	614.0	24915.0	26540.0	0.0	0.0	51.3	45.6	61.2	59.3
2016-10-04	27726.0	3283.0	465.0	22913.0	25731.0	0.0	0.0	54.8	49.0	64.9	63.5
2016-10-11	28012.0	3460.0	465.0	23022.0	26017.0	0.0	0.0	55.3	49.3	65.5	64.0
2016-10-18	28114.0	3485.0	465.0	23099.0	26119.0	0.0	0.0	54.6	49.5	65.3	63.9
2016-10-25	28601.0	3485.0	465.0	23586.0	26606.0	0.0	0.0	53.7	50.6	65.8	64.9
2016-11-01	25623.0	2912.0	413.0	21181.0	23680.0	0.0	0.0	49.6	51.0	64.2	64.5
2016-11-08	26688.0	2912.0	414.0	21940.0	24438.0	0.0	0.0	47.8	48.3	59.6	61.4
2016-11-15	25437.0	2598.0	414.0	21003.0	23187.0	0.0	0.0	48.6	43.4	59.4	58.4
2016-11-22	25459.0	2495.0	414.0	21128.0	23209.0	0.0	0.0	48.2	43.5	60.0	58.7
2016-11-29	25683.0	2313.0	440.0	21534.0	23407.0	0.0	0.0	46.4	41.7	59.7	59.8
2016-12-06	24209.0	1661.0	546.0	20712.0	21827.0	0.0	0.0	45.6	42.8	60.8	60.0
2016-12-13	24427.0	1713.0	697.0	20722.0	21738.0	0.0	0.0	45.3	41.8	61.1	60.1
2016-12-20	24450.0	1636.0	697.0	20822.0	21761.0	0.0	0.0	44.8	41.8	61.1	60.0
2016-12-27	24680.0	1713.0	697.0	20975.0	21991.0	0.0	0.0	44.5	41.7	60.4	60.1
2017-01-03	23688.0	1686.0	463.0	20010.0	21233.0	0.0	0.0	46.2	46.1	62.6	62.5
2017-01-10	22357.0	1022.0	463.0	19215.0	19774.0	0.0	0.0	44.5	43.8	59.6	60.5
2017-01-17	22406.0	997.0	487.0	19313.0	19823.0	0.0	0.0	43.3	43.4	58.5	59.4
2017-01-24	22869.0	998.0	487.0	19800.0	20311.0	0.0	0.0	43.0	42.3	58.0	57.4
2017-01-31	22866.0	998.0	538.0	19697.0	20257.0	100.0	0.0	43.3	42.3	58.4	58.1
