2014-10-21	18970.0	50.0	1800.0	18920.0	16960.0	0.0	210.0	53.5	79.3	69.2	86.4
2014-10-28	19130.0	50.0	1800.0	19080.0	17120.0	0.0	210.0	53.6	79.4	70.6	86.5
2014-11-04	22500.0	100.0	5400.0	22400.0	16890.0	0.0	210.0	49.9	82.6	70.1	87.1
2014-11-11	22375.0	100.0	6000.0	22275.0	16175.0	0.0	200.0	49.3	83.9	71.9	87.9
2014-11-18	24715.0	100.0	6000.0	24615.0	18635.0	0.0	80.0	49.9	75.2	67.1	83.6
2014-11-25	24715.0	100.0	6000.0	24615.0	18635.0	0.0	80.0	49.9	75.2	67.1	83.7
2014-12-02	24715.0	100.0	6000.0	24615.0	18635.0	0.0	80.0	49.9	74.4	67.1	83.7
2014-12-09	24455.0	100.0	5600.0	24355.0	18785.0	0.0	70.0	51.3	73.0	68.5	84.6
2014-12-16	25355.0	100.0	5400.0	25255.0	19885.0	0.0	70.0	52.8	72.8	69.6	85.1
2014-12-23	25255.0	100.0	5000.0	25155.0	20185.0	0.0	70.0	52.6	72.7	69.5	85.1
2014-12-30	25375.0	100.0	4700.0	25275.0	20605.0	0.0	70.0	52.3	72.4	68.8	84.7
2015-01-06	24095.0	0.0	4700.0	24095.0	19335.0	0.0	60.0	53.1	73.3	70.5	86.4
2015-01-13	24070.0	0.0	4650.0	24070.0	19360.0	0.0	60.0	53.0	73.1	70.4	86.2
2015-01-20	24070.0	0.0	100.0	24070.0	23910.0	0.0	60.0	53.0	73.1	70.4	86.2
2015-01-27	24300.0	0.0	100.0	24220.0	24140.0	80.0	60.0	52.3	73.4	70.5	86.4
2015-02-03	24430.0	0.0	100.0	24350.0	24270.0	80.0	60.0	51.7	73.2	70.0	85.9
2015-02-10	23555.0	0.0	0.0	23475.0	23500.0	80.0	55.0	51.3	74.8	70.8	86.5
2015-02-17	24635.0	0.0	0.0	24555.0	24580.0	80.0	55.0	52.4	75.3	71.0	87.1
2015-02-24	25455.0	0.0	0.0	25375.0	25400.0	80.0	55.0	52.8	76.1	70.8	87.5
2015-03-03	25475.0	0.0	0.0	25395.0	25420.0	80.0	55.0	52.8	76.1	70.8	87.6
2015-03-10	23895.0	0.0	0.0	23685.0	23845.0	210.0	50.0	54.8	77.3	71.7	88.7
2015-03-17	26041.0	0.0	0.0	25831.0	25991.0	210.0	50.0	46.8	73.3	62.3	83.8
2015-03-24	26541.0	0.0	0.0	26331.0	26491.0	210.0	50.0	46.7	72.0	61.9	84.1
2015-03-31	26541.0	0.0	0.0	26331.0	26491.0	210.0	50.0	46.5	71.6	61.7	83.9
2015-04-07	25681.0	0.0	0.0	25486.0	25636.0	195.0	45.0	47.2	71.3	62.8	83.7
2015-04-14	25731.0	100.0	0.0	25436.0	25686.0	195.0	45.0	46.6	71.0	62.1	83.7
2015-04-21	25771.0	100.0	0.0	25476.0	25726.0	195.0	45.0	46.3	70.8	62.0	83.5
2015-04-28	26071.0	100.0	0.0	25776.0	26026.0	195.0	45.0	46.5	69.8	62.0	82.4
2015-05-05	24681.0	50.0	0.0	24631.0	24641.0	0.0	40.0	45.3	70.8	62.5	81.8
2015-05-12	24781.0	0.0	100.0	24781.0	24641.0	0.0	40.0	45.7	70.0	62.9	81.3
2015-05-19	24481.0	0.0	100.0	24481.0	24341.0	0.0	40.0	45.0	69.2	62.5	80.7
2015-05-26	25731.0	0.0	100.0	25731.0	25631.0	0.0	0.0	48.5	69.7	65.2	81.4
2015-06-02	26146.0	0.0	150.0	26146.0	25996.0	0.0	0.0	48.3	69.6	64.6	81.1
2015-06-09	25431.0	0.0	150.0	25431.0	25281.0	0.0	0.0	48.2	65.5	63.3	75.8
2015-06-16	25886.0	0.0	150.0	25886.0	25736.0	0.0	0.0	45.8	63.0	60.6	72.4
2015-06-23	26036.0	50.0	150.0	25986.0	25886.0	0.0	0.0	45.2	62.7	59.8	71.6
2015-06-30	27116.0	100.0	150.0	27016.0	26966.0	0.0	0.0	45.4	63.6	59.5	71.6
2015-07-07	25166.0	100.0	0.0	25066.0	25166.0	0.0	0.0	46.1	62.3	59.6	70.3
2015-07-14	25896.0	250.0	0.0	25646.0	25896.0	0.0	0.0	45.4	62.9	59.9	70.9
2015-07-21	25871.0	250.0	0.0	25621.0	25871.0	0.0	0.0	45.2	65.2	59.9	73.2
2015-07-28	26936.0	250.0	0.0	26686.0	26936.0	0.0	0.0	45.1	65.7	59.6	73.7
2015-08-04	28451.0	250.0	0.0	28201.0	28451.0	0.0	0.0	44.9	70.7	64.2	77.9
2015-08-11	25586.0	200.0	0.0	25386.0	25586.0	0.0	0.0	50.3	72.7	68.0	79.6
2015-08-18	26126.0	200.0	0.0	25926.0	26126.0	0.0	0.0	49.5	73.1	68.0	79.8
2015-08-25	25964.0	200.0	0.0	25764.0	25964.0	0.0	0.0	49.6	72.6	68.2	79.4
2015-09-01	25929.0	200.0	0.0	25729.0	25929.0	0.0	0.0	49.1	71.9	67.9	78.3
2015-09-08	22599.0	150.0	0.0	22449.0	22599.0	0.0	0.0	55.9	74.2	74.1	82.6
2015-09-15	23954.0	400.0	0.0	23554.0	23954.0	0.0	0.0	53.5	73.7	71.2	82.2
2015-09-22	24459.0	400.0	0.0	24059.0	24459.0	0.0	0.0	52.6	72.6	71.9	83.0
2015-09-29	24784.0	400.0	0.0	24384.0	24784.0	0.0	0.0	52.7	72.9	72.0	83.2
2015-10-06	23394.0	350.0	0.0	22924.0	23394.0	120.0	0.0	55.5	74.3	74.4	85.7
2015-10-13	23559.0	250.0	50.0	23194.0	23409.0	15.0	0.0	55.1	73.6	74.3	83.9
2015-10-20	24019.0	250.0	50.0	23669.0	23869.0	0.0	0.0	55.4	70.8	74.4	84.2
2015-10-27	24819.0	250.0	50.0	24469.0	24669.0	0.0	0.0	53.6	68.6	72.0	81.5
2015-11-03	24939.0	250.0	100.0	24589.0	24739.0	0.0	0.0	53.2	68.4	71.5	81.0
2015-11-10	23004.0	250.0	225.0	22754.0	22779.0	0.0	0.0	53.8	68.6	73.0	81.9
2015-11-17	23059.0	250.0	225.0	22809.0	22834.0	0.0	0.0	53.4	68.4	72.6	81.7
2015-11-24	23364.0	250.0	225.0	23114.0	23139.0	0.0	0.0	53.2	66.8	72.6	80.6
2015-12-01	23314.0	250.0	225.0	23064.0	23089.0	0.0	0.0	53.1	66.9	72.8	80.7
2015-12-08	21349.0	250.0	75.0	21099.0	21274.0	0.0	0.0	55.6	63.8	75.3	82.0
2015-12-15	21449.0	250.0	75.0	21199.0	21374.0	0.0	0.0	55.4	64.0	75.0	82.1
2015-12-22	21649.0	550.0	75.0	21099.0	21574.0	0.0	0.0	52.2	64.5	72.3	82.2
2015-12-29	21834.0	550.0	75.0	21284.0	21759.0	0.0	0.0	52.2	64.3	72.2	81.8
2016-01-05	21934.0	600.0	75.0	21334.0	21859.0	0.0	0.0	51.9	64.5	71.9	81.7
2016-01-12	19969.0	700.0	0.0	19149.0	19969.0	120.0	0.0	55.1	65.8	72.9	84.7
2016-01-19	20149.0	700.0	0.0	19329.0	20149.0	120.0	0.0	56.3	66.6	73.8	84.9
2016-01-26	20714.0	700.0	0.0	19894.0	20714.0	120.0	0.0	57.2	67.1	74.2	85.1
2016-02-02	21189.0	700.0	0.0	20369.0	21189.0	120.0	0.0	56.6	67.9	73.4	85.4
2016-02-09	21309.0	700.0	50.0	20489.0	21259.0	120.0	0.0	63.0	71.6	77.8	86.4
2016-02-16	21774.0	700.0	50.0	20954.0	21724.0	120.0	0.0	63.7	72.3	78.2	86.8
2016-02-23	20274.0	700.0	50.0	19454.0	20224.0	120.0	0.0	62.5	67.8	77.0	85.8
2016-03-01	20484.0	700.0	50.0	19664.0	20434.0	120.0	0.0	63.1	67.1	77.4	85.0
2016-03-08	17708.0	700.0	50.0	16888.0	17648.0	120.0	10.0	61.4	65.9	76.4	84.3
2016-03-15	19543.0	750.0	50.0	18673.0	19483.0	120.0	10.0	54.9	61.8	72.0	77.9
2016-03-22	21203.0	750.0	50.0	20333.0	21143.0	120.0	10.0	59.6	65.5	75.6	81.0
2016-03-29	22603.0	850.0	50.0	21633.0	22543.0	120.0	10.0	61.1	67.7	76.6	81.7
2016-04-05	21227.0	825.0	0.0	20282.0	21227.0	120.0	0.0	62.5	70.4	78.0	84.8
2016-04-12	20792.0	825.0	0.0	19847.0	20792.0	120.0	0.0	59.5	68.0	75.5	82.5
2016-04-19	21962.0	825.0	0.0	21017.0	21962.0	120.0	0.0	62.7	70.7	77.9	84.5
2016-04-26	22872.0	825.0	0.0	21927.0	22872.0	120.0	0.0	62.5	72.0	76.8	84.2
2016-05-03	25329.0	950.0	0.0	24259.0	25329.0	120.0	0.0	64.9	75.5	78.8	87.1
2016-05-10	24179.0	975.0	0.0	23084.0	24179.0	120.0	0.0	63.1	77.1	76.9	87.2
2016-05-17	24106.0	975.0	0.0	23011.0	24106.0	120.0	0.0	64.5	73.8	78.3	86.6
2016-05-24	24681.0	1050.0	200.0	23511.0	24481.0	120.0	0.0	64.0	72.6	77.4	85.2
2016-05-31	24931.0	1100.0	200.0	23711.0	24731.0	120.0	0.0	64.1	72.7	77.4	85.3
2016-06-07	23406.0	1075.0	200.0	22211.0	23206.0	120.0	0.0	65.8	73.1	77.7	84.7
2016-06-14	23506.0	1175.0	200.0	22211.0	23306.0	120.0	0.0	66.4	73.3	78.7	85.0
2016-06-21	23506.0	1175.0	200.0	22211.0	23306.0	120.0	0.0	66.4	73.3	78.7	85.0
2016-06-28	23706.0	1175.0	200.0	22411.0	23506.0	120.0	0.0	66.5	72.6	78.7	84.3
2016-07-05	23731.0	1175.0	200.0	21981.0	23281.0	575.0	250.0	64.3	72.5	76.5	83.1
2016-07-12	22071.0	950.0	100.0	21001.0	21971.0	120.0	0.0	66.3	73.8	78.7	84.3
2016-07-19	22191.0	900.0	100.0	21121.0	22041.0	120.0	0.0	66.6	73.4	78.7	84.3
2016-07-26	22146.0	900.0	100.0	21076.0	21996.0	120.0	0.0	62.7	69.5	74.8	80.4
2016-08-02	22146.0	900.0	100.0	20441.0	21946.0	755.0	50.0	60.4	69.5	72.2	80.2
2016-08-09	20506.0	475.0	0.0	19861.0	20456.0	120.0	0.0	63.2	69.0	73.5	79.1
2016-08-16	20506.0	475.0	0.0	19861.0	20456.0	120.0	0.0	63.2	69.0	73.5	79.1
2016-08-23	20731.0	625.0	0.0	19936.0	20681.0	120.0	0.0	60.9	67.4	72.1	77.9
2016-08-30	20956.0	625.0	0.0	20161.0	20906.0	120.0	0.0	58.8	67.5	71.3	77.9
2016-09-06	19046.0	200.0	0.0	18676.0	18996.0	120.0	0.0	60.2	64.5	71.1	74.1
2016-09-13	19871.0	200.0	0.0	19501.0	19821.0	120.0	0.0	60.7	63.0	72.3	73.2
2016-09-20	19896.0	200.0	0.0	19526.0	19846.0	120.0	0.0	60.7	62.9	72.3	73.1
2016-09-27	20041.0	500.0	0.0	19371.0	19991.0	120.0	0.0	46.3	60.8	62.6	68.2
2016-10-04	20111.0	500.0	0.0	19036.0	19711.0	525.0	350.0	44.7	60.5	60.7	68.0
2016-10-11	19518.0	375.0	0.0	18958.0	19468.0	135.0	0.0	50.0	64.6	65.6	72.0
2016-10-18	19708.0	375.0	0.0	19148.0	19658.0	135.0	0.0	50.2	65.2	65.7	72.5
2016-10-25	20228.0	375.0	0.0	19668.0	20178.0	135.0	0.0	52.0	66.5	67.1	73.9
2016-11-01	20553.0	375.0	0.0	19988.0	20503.0	140.0	0.0	52.2	65.0	67.0	73.7
2016-11-08	18768.0	350.0	0.0	18233.0	18718.0	135.0	0.0	52.8	66.8	66.9	74.1
2016-11-15	18775.0	350.0	50.0	18240.0	18675.0	135.0	0.0	53.5	66.8	67.5	74.0
2016-11-22	18310.0	350.0	50.0	17770.0	18210.0	140.0	0.0	48.5	63.0	63.0	70.5
2016-11-29	18310.0	350.0	50.0	17770.0	18210.0	140.0	0.0	48.5	63.0	63.0	70.5
2016-12-06	18010.0	525.0	150.0	17305.0	17810.0	130.0	0.0	57.8	64.2	67.8	71.7
2016-12-13	18220.0	525.0	150.0	17520.0	18020.0	125.0	0.0	56.0	62.9	65.8	70.6
2016-12-20	18520.0	425.0	150.0	17880.0	18320.0	165.0	0.0	54.7	62.4	64.4	70.0
2016-12-27	19365.0	425.0	225.0	18725.0	19090.0	165.0	0.0	52.5	59.3	61.7	66.6
2017-01-03	21115.0	425.0	225.0	20470.0	20840.0	170.0	0.0	53.1	60.1	61.6	66.1
2017-01-10	19630.0	420.0	175.0	19015.0	19425.0	165.0	0.0	55.3	60.9	64.2	66.4
2017-01-17	19540.0	420.0	175.0	18925.0	19335.0	165.0	0.0	56.2	62.1	65.1	67.3
2017-01-24	20635.0	420.0	175.0	20020.0	20430.0	165.0	0.0	59.8	60.5	68.2	69.8
2017-01-31	20890.0	420.0	175.0	20215.0	20685.0	225.0	0.0	59.6	60.1	67.9	69.5
