2014-10-21	161735.0	20424.0	7391.0	131455.0	144606.0	1097.0	979.0	40.8	63.5	59.2	71.8
2014-10-28	163715.0	20914.0	8196.0	133295.0	146156.0	1092.0	949.0	40.4	62.7	59.0	71.5
2014-11-04	166548.0	20187.0	4833.0	136717.0	152021.0	603.0	653.0	39.0	62.3	57.1	70.9
2014-11-11	159713.0	20487.0	2975.0	130568.0	147974.0	806.0	912.0	38.7	64.0	57.3	72.9
2014-11-18	163233.0	19815.0	2900.0	134345.0	151100.0	827.0	987.0	38.7	62.7	57.2	71.1
2014-11-25	163092.0	19813.0	3458.0	135189.0	151374.0	177.0	347.0	39.6	64.8	58.9	72.7
2014-12-02	163685.0	20633.0	4231.0	135381.0	151763.0	122.0	142.0	39.9	63.3	58.9	71.0
2014-12-09	151882.0	20936.0	4569.0	124259.0	140616.0	120.0	130.0	37.9	62.6	59.1	70.9
2014-12-16	156487.0	20716.0	4933.0	128954.0	144722.0	115.0	130.0	38.4	62.6	60.1	71.2
2014-12-23	158092.0	21130.0	7261.0	130377.0	144226.0	118.0	138.0	39.5	60.4	62.3	69.9
2014-12-30	158390.0	21141.0	7220.0	130417.0	144332.0	140.0	146.0	39.5	60.5	62.4	70.0
2015-01-06	152037.0	23174.0	8035.0	123149.0	138386.0	229.0	131.0	40.3	61.8	63.0	72.6
2015-01-13	153970.0	24264.0	8425.0	123992.0	139935.0	234.0	130.0	39.6	63.1	62.2	73.0
2015-01-20	156311.0	24137.0	8462.0	126217.0	142010.0	262.0	144.0	38.3	60.7	60.8	70.9
2015-01-27	158653.0	24547.0	8510.0	127996.0	144103.0	250.0	180.0	38.4	61.0	60.4	71.2
2015-02-03	161484.0	24812.0	8900.0	130622.0	146547.0	303.0	290.0	37.0	58.7	57.6	68.8
2015-02-10	155000.0	21107.0	8020.0	127546.0	140664.0	230.0	199.0	35.7	59.0	56.0	67.2
2015-02-17	157460.0	20054.0	8335.0	130415.0	141820.0	241.0	555.0	34.5	60.4	55.5	68.3
2015-02-24	155715.0	20342.0	8091.0	128386.0	140725.0	268.0	180.0	35.4	61.8	56.8	69.2
2015-03-03	156895.0	20631.0	7371.0	129238.0	142626.0	311.0	183.0	35.7	61.1	57.3	68.0
2015-03-10	149241.0	19949.0	7061.0	123082.0	136182.0	315.0	103.0	34.1	61.2	55.7	68.0
2015-03-17	151576.0	19315.0	6957.0	126218.0	138788.0	320.0	108.0	32.8	60.6	54.8	67.7
2015-03-24	153407.0	19290.0	6782.0	127580.0	140299.0	319.0	108.0	31.9	59.3	54.0	67.0
2015-03-31	155125.0	18630.0	6462.0	129883.0	142216.0	369.0	204.0	32.8	58.3	54.6	67.7
2015-04-07	149296.0	17761.0	5861.0	124998.0	136987.0	229.0	140.0	31.9	56.9	53.4	66.3
2015-04-14	150359.0	17731.0	5915.0	126012.0	137892.0	204.0	140.0	31.9	56.6	52.2	65.6
2015-04-21	150594.0	18406.0	6514.0	122795.0	134787.0	3546.0	3446.0	31.2	55.2	48.3	62.4
2015-04-28	152147.0	18331.0	6295.0	127637.0	139850.0	327.0	150.0	30.2	56.5	47.9	64.1
2015-05-05	144018.0	17587.0	4471.0	119676.0	133035.0	328.0	85.0	29.4	58.0	47.2	64.1
2015-05-12	146954.0	17342.0	4226.0	122421.0	135730.0	278.0	85.0	28.9	58.2	46.9	63.0
2015-05-19	147461.0	17202.0	4043.0	122702.0	136039.0	279.0	101.0	28.5	57.9	46.9	63.2
2015-05-26	148184.0	17417.0	4191.0	123575.0	137070.0	379.0	110.0	28.4	59.3	46.9	64.7
2015-06-02	148547.0	17717.0	4783.0	124421.0	137573.0	298.0	80.0	29.4	58.5	47.8	65.3
2015-06-09	143309.0	17678.0	4888.0	119804.0	132780.0	257.0	71.0	28.0	57.2	45.5	63.9
2015-06-16	148123.0	19828.0	4788.0	122357.0	137358.0	261.0	300.0	28.6	56.9	45.9	63.8
2015-06-23	148823.0	19610.0	4356.0	123274.0	138589.0	271.0	210.0	28.3	56.0	45.6	62.9
2015-06-30	148383.0	19608.0	5171.0	124408.0	138861.0	246.0	230.0	28.5	55.1	47.2	62.4
2015-07-07	141544.0	18715.0	5426.0	118783.0	132085.0	209.0	196.0	28.8	52.9	47.0	60.2
2015-07-14	142009.0	20019.0	5467.0	118298.0	132817.0	209.0	242.0	27.4	52.2	46.0	59.7
2015-07-21	145434.0	19730.0	6016.0	121988.0	135618.0	221.0	305.0	27.0	51.0	44.3	59.4
2015-07-28	146329.0	19246.0	6741.0	122988.0	135501.0	209.0	201.0	27.1	50.8	44.5	59.7
2015-08-04	147909.0	17989.0	6652.0	125682.0	136958.0	327.0	388.0	27.3	50.4	44.6	59.8
2015-08-11	141307.0	16629.0	7061.0	120755.0	130296.0	213.0	240.0	26.3	50.0	43.7	59.0
2015-08-18	141561.0	16900.0	6253.0	120756.0	131373.0	186.0	216.0	26.5	50.5	43.6	59.3
2015-08-25	142423.0	16486.0	6238.0	121636.0	131854.0	380.0	410.0	26.9	50.5	44.0	58.4
2015-09-01	145252.0	18655.0	6645.0	122549.0	134541.0	197.0	215.0	27.3	50.3	45.2	58.7
2015-09-08	138633.0	17418.0	5932.0	117393.0	128882.0	173.0	170.0	28.2	50.3	45.5	58.3
2015-09-15	140558.0	15977.0	6416.0	121341.0	130898.0	183.0	187.0	27.5	50.4	45.5	59.3
2015-09-22	144896.0	15860.0	9071.0	125587.0	132090.0	187.0	473.0	27.2	48.6	45.0	57.7
2015-09-29	147741.0	16177.0	9600.0	128024.0	134670.0	157.0	88.0	27.3	47.6	44.9	57.1
2015-10-06	148929.0	18558.0	11442.0	126663.0	133835.0	125.0	69.0	28.1	48.0	44.4	57.5
2015-10-13	150457.0	18291.0	12033.0	127811.0	134140.0	147.0	76.0	28.5	48.6	43.8	58.6
2015-10-20	148974.0	18701.0	12061.0	125693.0	132487.0	205.0	51.0	29.4	50.9	44.7	60.4
2015-10-27	152765.0	18612.0	13613.0	129388.0	134512.0	197.0	72.0	30.3	51.1	44.9	60.0
2015-11-03	155525.0	17434.0	13292.0	132580.0	136765.0	187.0	144.0	31.7	50.0	45.6	59.6
2015-11-10	150619.0	16265.0	13326.0	128776.0	132011.0	368.0	72.0	31.1	49.1	44.0	58.8
2015-11-17	149594.0	16350.0	13362.0	127806.0	130891.0	157.0	60.0	29.1	47.9	42.2	57.9
2015-11-24	153360.0	15896.0	12845.0	131673.0	134824.0	645.0	545.0	28.5	46.4	41.5	56.7
2015-12-01	153598.0	15814.0	13015.0	132497.0	135249.0	183.0	230.0	28.6	46.7	41.8	56.8
2015-12-08	149788.0	14474.0	14385.0	129854.0	130097.0	221.0	67.0	29.2	45.0	42.2	55.6
2015-12-15	152250.0	12029.0	14592.0	133274.0	130861.0	213.0	63.0	30.2	45.1	42.2	55.3
2015-12-22	154370.0	7352.0	13590.0	137936.0	131878.0	230.0	50.0	30.0	45.4	42.0	54.4
2015-12-29	154751.0	7341.0	13770.0	138314.0	132091.0	240.0	34.0	30.3	44.9	42.1	54.4
2016-01-05	156112.0	7302.0	13617.0	139455.0	132872.0	379.0	647.0	30.6	44.2	42.0	53.5
2016-01-12	148477.0	6014.0	13517.0	134163.0	126829.0	270.0	101.0	30.2	44.8	41.2	53.7
2016-01-19	148714.0	5654.0	13710.0	134114.0	126283.0	255.0	30.0	30.2	44.2	40.5	53.2
2016-01-26	150129.0	6433.0	14027.0	135284.0	127906.0	236.0	20.0	30.3	45.7	40.8	53.8
2016-02-02	153495.0	8318.0	13738.0	136400.0	131146.0	423.0	257.0	30.8	46.5	41.3	55.0
2016-02-09	154580.0	8455.0	10844.0	137312.0	135012.0	117.0	28.0	33.7	49.8	46.2	56.7
2016-02-16	157660.0	6655.0	11720.0	141758.0	136766.0	106.0	33.0	34.5	49.4	47.0	56.8
2016-02-23	161715.0	7247.0	15006.0	145670.0	138045.0	171.0	37.0	35.8	46.8	47.7	55.6
2016-03-01	166183.0	7030.0	15844.0	149008.0	140351.0	185.0	28.0	35.8	45.9	47.4	54.4
2016-03-08	157035.0	7836.0	12414.0	141727.0	137307.0	168.0	10.0	37.3	47.2	49.1	57.0
2016-03-15	162201.0	8465.0	14634.0	145989.0	139937.0	172.0	55.0	36.6	48.0	49.2	57.3
2016-03-22	164112.0	8637.0	14435.0	147766.0	142094.0	164.0	38.0	36.3	48.7	49.2	57.9
2016-03-29	168649.0	8801.0	12833.0	150601.0	146722.0	179.0	26.0	35.7	48.8	49.3	58.3
2016-04-05	161902.0	8362.0	11119.0	144937.0	142314.0	158.0	24.0	36.4	50.2	50.5	59.9
2016-04-12	166114.0	8196.0	12963.0	148390.0	143687.0	108.0	44.0	36.3	48.7	50.6	59.1
2016-04-19	170706.0	9789.0	18067.0	154000.0	145951.0	263.0	34.0	36.0	50.8	50.0	60.9
2016-04-26	172898.0	10648.0	19123.0	155785.0	147376.0	94.0	28.0	35.8	51.1	50.0	61.6
2016-05-03	182047.0	9061.0	13208.0	158419.0	154337.0	214.0	149.0	34.6	50.9	48.3	59.1
2016-05-10	174915.0	9108.0	13636.0	154488.0	150094.0	162.0	28.0	36.4	52.4	49.8	60.9
2016-05-17	176351.0	9825.0	12850.0	154498.0	151770.0	328.0	31.0	36.1	52.0	49.6	59.7
2016-05-24	176721.0	9011.0	13616.0	156611.0	152081.0	109.0	34.0	36.4	50.4	49.9	58.5
2016-05-31	177316.0	8753.0	14096.0	157363.0	152081.0	92.0	31.0	37.1	49.7	50.4	57.7
2016-06-07	171672.0	8827.0	14497.0	152096.0	146470.0	66.0	22.0	36.0	49.7	49.7	58.1
2016-06-14	177095.0	10389.0	16994.0	155981.0	149419.0	74.0	31.0	34.9	49.5	49.7	57.9
2016-06-21	175325.0	10170.0	16278.0	154236.0	148281.0	179.0	26.0	35.1	50.2	49.8	57.6
2016-06-28	178411.0	11110.0	17210.0	156031.0	150218.0	308.0	21.0	33.8	48.8	48.3	56.2
2016-07-05	178994.0	11363.0	17998.0	155983.0	147915.0	934.0	2367.0	34.2	47.6	48.3	55.2
2016-07-12	174448.0	11214.0	16433.0	151333.0	146328.0	1287.0	1073.0	34.9	50.1	49.1	57.5
2016-07-19	172808.0	11073.0	16677.0	151966.0	146417.0	83.0	28.0	35.4	51.3	49.9	58.6
2016-07-26	176368.0	8653.0	18662.0	157358.0	147362.0	71.0	58.0	35.0	48.1	49.4	55.9
2016-08-02	175939.0	8425.0	18249.0	156530.0	145399.0	1218.0	2525.0	35.4	47.4	49.8	55.1
2016-08-09	172812.0	8511.0	18974.0	155884.0	145454.0	65.0	32.0	38.2	47.9	52.5	55.7
2016-08-16	175662.0	8976.0	18453.0	157471.0	148030.0	65.0	29.0	36.1	48.3	50.8	55.7
2016-08-23	179578.0	9384.0	18569.0	158510.0	149364.0	71.0	32.0	35.8	48.8	50.4	55.8
2016-08-30	180850.0	9454.0	17685.0	159386.0	151180.0	67.0	42.0	35.9	49.1	50.4	56.1
2016-09-06	174173.0	9804.0	16430.0	153369.0	146759.0	68.0	52.0	36.2	49.2	51.3	56.3
2016-09-13	180560.0	11300.0	17709.0	158703.0	152328.0	88.0	54.0	35.7	50.1	50.5	57.3
2016-09-20	182119.0	11132.0	17717.0	159931.0	153353.0	73.0	66.0	35.9	50.7	50.3	57.7
2016-09-27	184182.0	9870.0	18769.0	162775.0	153912.0	226.0	190.0	36.4	48.9	51.0	56.2
2016-10-04	185754.0	10326.0	19219.0	162975.0	152791.0	1153.0	2444.0	36.4	47.2	49.7	55.0
2016-10-11	183498.0	11543.0	17720.0	161200.0	155027.0	98.0	94.0	37.1	51.3	50.5	58.8
2016-10-18	185518.0	10647.0	17254.0	164230.0	157631.0	56.0	48.0	35.5	50.6	49.7	58.1
2016-10-25	185969.0	10131.0	19782.0	165424.0	155782.0	64.0	55.0	34.3	48.4	49.2	55.6
2016-11-01	190783.0	8974.0	21164.0	171298.0	159100.0	52.0	60.0	35.6	48.2	50.1	55.7
2016-11-08	186114.0	8412.0	20843.0	167424.0	154980.0	34.0	47.0	37.4	47.8	51.5	55.5
2016-11-15	188574.0	8638.0	20790.0	169542.0	157362.0	27.0	55.0	37.7	48.6	51.6	55.8
2016-11-22	188889.0	9499.0	19032.0	169603.0	160061.0	48.0	57.0	36.4	48.7	50.7	55.2
2016-11-29	190124.0	10466.0	19457.0	170014.0	161021.0	53.0	55.0	35.2	48.8	50.6	55.4
2016-12-06	183536.0	10384.0	19863.0	164719.0	155261.0	51.0	30.0	36.6	48.8	51.9	56.8
2016-12-13	186407.0	9310.0	19093.0	166715.0	157138.0	226.0	20.0	36.7	49.1	52.6	56.8
2016-12-20	190469.0	10850.0	23146.0	170304.0	157978.0	29.0	59.0	36.9	48.3	52.5	55.0
2016-12-27	190216.0	13293.0	23710.0	168754.0	158330.0	33.0	40.0	38.0	50.7	52.6	57.0
2017-01-03	186968.0	12307.0	23615.0	165958.0	154884.0	274.0	40.0	36.9	50.5	51.9	56.6
2017-01-10	180384.0	11950.0	23210.0	160562.0	149294.0	28.0	36.0	36.8	52.9	53.4	59.8
2017-01-17	182316.0	10985.0	23076.0	162715.0	150610.0	27.0	41.0	36.9	53.8	53.0	60.6
2017-01-24	184581.0	10825.0	22776.0	163481.0	151522.0	27.0	35.0	36.2	53.7	53.2	60.5
2017-01-31	190107.0	10649.0	24644.0	169343.0	155341.0	37.0	44.0	35.3	53.3	52.6	60.8
