2014-10-28	5458.0	325.0	1914.0	4328.0	3522.0	805.0	22.0	52.0	68.8	66.4	84.1
2014-11-04	5458.0	164.0	1914.0	4420.0	3522.0	874.0	22.0	52.0	68.8	66.4	84.1
2016-09-27	9862.0	65.0	0.0	8826.0	9399.0	908.0	400.0	58.8	72.6	76.2	85.5
2016-10-04	9862.0	44.0	0.0	8763.0	9273.0	971.0	505.0	58.2	70.7	75.5	84.2
2016-10-25	9751.0	124.0	0.0	8635.0	9267.0	845.0	337.0	61.6	73.4	79.3	87.5
2016-11-01	9960.0	145.0	0.0	8823.0	9476.0	866.0	358.0	61.1	73.5	79.1	87.6
2016-11-08	9687.0	187.0	0.0	8634.0	9245.0	782.0	358.0	61.3	74.3	80.1	88.3
2016-11-15	9790.0	187.0	0.0	8778.0	9307.0	741.0	399.0	62.2	73.9	80.6	87.8
2016-11-22	9813.0	187.0	0.0	8801.0	9330.0	741.0	399.0	62.5	73.1	80.9	88.0
2016-11-29	9813.0	187.0	0.0	8801.0	9372.0	741.0	357.0	62.5	72.9	80.9	87.9
2016-12-06	9414.0	250.0	0.0	8507.0	9016.0	636.0	377.0	64.2	74.5	82.3	88.4
2016-12-13	9377.0	336.0	0.0	8384.0	8979.0	636.0	377.0	64.5	73.4	82.3	89.7
2016-12-20	9040.0	399.0	0.0	7984.0	8642.0	636.0	377.0	61.2	69.2	79.8	88.2
2016-12-27	9210.0	399.0	0.0	8111.0	8749.0	679.0	440.0	59.6	69.1	79.0	87.0
2017-01-03	9298.0	399.0	0.0	8053.0	8815.0	825.0	462.0	59.5	69.1	78.7	86.7
