2013-05-07	24520.0	558.0	558.0	21603.0	22916.0	2359.0	1046.0	75.8	62.5	81.7	78.7
2013-05-14	25420.0	558.0	558.0	22503.0	23816.0	2359.0	1046.0	72.5	60.3	78.4	76.0
2013-05-21	28856.0	558.0	918.0	25939.0	26892.0	2359.0	1046.0	67.7	53.1	71.1	69.0
2013-05-28	31346.0	558.0	1158.0	28219.0	29592.0	2569.0	596.0	68.6	57.9	75.9	75.5
2013-12-24	25753.0	1240.0	930.0	23130.0	23775.0	1383.0	1048.0	71.6	71.8	83.9	84.7
2014-01-07	16484.0	1240.0	341.0	14481.0	15436.0	763.0	707.0	72.2	74.5	83.9	84.0
2014-01-14	21804.0	2528.0	1685.0	18345.0	19188.0	931.0	931.0	69.5	77.9	87.0	86.7
2014-01-21	22448.0	2528.0	1685.0	18821.0	20180.0	1099.0	583.0	67.0	76.7	85.0	85.4
2014-01-28	23596.0	2752.0	1853.0	19835.0	20973.0	1009.0	770.0	59.2	77.7	78.7	86.3
2014-02-04	24996.0	3744.0	1629.0	20215.0	22485.0	1037.0	882.0	56.6	78.0	78.9	86.1
2014-02-11	17556.0	2690.0	1474.0	13636.0	15516.0	1230.0	566.0	53.2	80.9	76.1	87.0
2014-02-18	19199.0	3741.0	1598.0	13577.0	16849.0	1881.0	752.0	43.3	69.8	61.4	75.0
2014-02-25	21555.0	5260.0	451.0	13078.0	19416.0	2163.0	634.0	40.0	63.6	56.4	71.0
2014-03-04	22047.0	5694.0	451.0	13229.0	17970.0	2070.0	2572.0	40.2	55.0	55.8	62.3
2014-03-25	16297.0	4805.0	0.0	9274.0	15376.0	2001.0	704.0	43.5	74.0	60.5	78.4
2014-04-01	16657.0	4805.0	0.0	9428.0	15886.0	2207.0	554.0	42.6	73.8	59.4	78.8
2014-07-22	16247.0	1829.0	0.0	13492.0	15759.0	926.0	488.0	51.1	79.7	75.1	87.0
2014-07-29	22415.0	2666.0	0.0	19007.0	21927.0	742.0	488.0	34.3	59.2	57.3	67.0
2014-08-05	14944.0	1209.0	0.0	13241.0	14642.0	494.0	302.0	41.6	62.0	63.6	72.4
2014-08-12	17424.0	1209.0	0.0	15721.0	17122.0	494.0	302.0	40.2	64.6	62.5	70.3
2014-08-19	24211.0	1209.0	0.0	22206.0	23909.0	796.0	302.0	39.2	64.3	59.0	68.1
2014-08-26	24871.0	1209.0	0.0	22866.0	24299.0	796.0	572.0	37.9	63.1	59.6	70.5
2014-09-02	26379.0	1209.0	0.0	24254.0	25747.0	916.0	632.0	39.5	64.9	60.8	72.0
2014-09-23	26354.0	248.0	0.0	24949.0	25567.0	1157.0	787.0	39.8	56.6	61.3	68.7
2014-09-30	27121.0	248.0	0.0	25654.0	26365.0	1219.0	756.0	39.6	54.0	61.1	66.5
2014-10-07	23225.0	248.0	0.0	22118.0	22799.0	859.0	426.0	45.8	60.7	68.6	73.1
2014-10-14	27165.0	488.0	0.0	25818.0	26739.0	859.0	426.0	38.0	57.9	59.3	66.2
2014-10-21	28245.0	488.0	0.0	26687.0	27699.0	1070.0	546.0	36.2	59.1	58.0	67.1
2014-10-28	29775.0	788.0	210.0	27737.0	29109.0	1250.0	456.0	33.4	60.0	53.9	66.7
2014-11-04	29775.0	788.0	0.0	26497.0	29319.0	2490.0	456.0	33.4	60.0	53.9	69.0
2014-11-18	23973.0	540.0	0.0	22590.0	23365.0	843.0	608.0	54.8	74.2	77.3	86.3
2014-11-25	26763.0	540.0	310.0	25527.0	25535.0	696.0	918.0	59.7	72.9	79.1	84.3
2014-12-02	28003.0	300.0	310.0	26677.0	26775.0	1026.0	918.0	61.5	74.4	80.0	85.3
2014-12-09	21771.0	428.0	558.0	20881.0	20227.0	462.0	986.0	57.8	68.2	82.8	88.4
2014-12-16	23569.0	676.0	806.0	22493.0	21777.0	400.0	986.0	51.8	65.2	76.2	86.9
2014-12-23	25119.0	645.0	961.0	23857.0	23079.0	617.0	1079.0	46.8	67.4	71.8	87.4
2014-12-30	25622.0	707.0	961.0	24267.0	23520.0	648.0	1141.0	46.6	66.3	70.4	86.0
2015-01-06	18089.0	707.0	651.0	16585.0	16619.0	797.0	819.0	52.1	66.7	70.6	87.8
2015-01-13	20205.0	707.0	1211.0	18533.0	18327.0	965.0	667.0	57.9	68.1	74.3	87.0
2015-01-20	21773.0	707.0	1211.0	19989.0	19615.0	1077.0	947.0	54.8	69.0	73.9	86.0
2015-01-27	25693.0	875.0	1827.0	23601.0	22891.0	1217.0	975.0	51.1	65.4	68.5	80.5
2015-02-03	26230.0	372.0	1827.0	24300.0	21912.0	1558.0	2491.0	51.6	64.7	69.9	80.3
2015-02-10	17979.0	0.0	1176.0	17289.0	16293.0	690.0	510.0	41.0	65.9	62.2	80.3
2015-02-17	18630.0	0.0	1176.0	17847.0	16944.0	783.0	510.0	35.9	63.6	56.3	75.9
2015-02-24	20273.0	0.0	1176.0	19273.0	18401.0	1000.0	696.0	38.9	66.4	61.0	78.1
2015-03-03	20513.0	0.0	1176.0	18281.0	18641.0	2232.0	696.0	36.3	66.8	57.7	78.4
2015-03-10	17125.0	0.0	0.0	16081.0	16877.0	1044.0	248.0	51.6	82.1	68.4	84.3
2015-06-23	22095.0	0.0	1670.0	21552.0	20185.0	543.0	240.0	72.6	79.4	87.8	92.8
2015-06-30	23087.0	0.0	2223.0	22296.0	20774.0	791.0	90.0	68.7	75.6	86.2	91.1
2015-07-07	17681.0	0.0	2077.0	17340.0	15542.0	341.0	62.0	72.9	78.1	87.6	91.1
2015-07-14	19231.0	0.0	2077.0	18890.0	17092.0	341.0	62.0	75.1	74.7	88.6	90.5
2015-07-21	19450.0	0.0	2077.0	19109.0	17280.0	341.0	93.0	71.4	74.2	88.7	90.0
2015-07-28	21093.0	0.0	2046.0	20318.0	18954.0	775.0	93.0	62.5	78.8	84.0	93.7
2015-08-04	21372.0	0.0	2387.0	20597.0	18892.0	775.0	93.0	61.8	77.8	83.9	93.5
2015-08-25	21635.0	390.0	341.0	20360.0	20568.0	885.0	726.0	55.5	64.1	69.7	74.8
2015-09-01	21695.0	390.0	611.0	20210.0	20568.0	1095.0	516.0	54.4	63.7	68.3	74.8
2015-09-08	15774.0	390.0	270.0	14630.0	14994.0	754.0	510.0	59.3	65.4	69.3	73.0
2015-09-15	17448.0	390.0	270.0	16304.0	16668.0	754.0	510.0	54.6	67.3	66.7	74.2
2015-09-29	23152.0	390.0	270.0	21971.0	21972.0	791.0	910.0	60.6	67.2	75.2	77.0
2015-10-20	21202.0	1590.0	810.0	19151.0	20361.0	461.0	31.0	51.9	59.3	67.7	71.0
2015-10-27	24652.0	1530.0	1740.0	22421.0	22611.0	701.0	301.0	50.5	55.0	63.4	65.6
2015-11-03	24652.0	1530.0	1740.0	22421.0	22551.0	701.0	361.0	50.2	55.5	63.1	65.8
2015-11-24	26238.0	3714.0	2267.0	22098.0	22932.0	426.0	1039.0	59.9	72.5	84.1	87.6
2015-12-01	26858.0	3714.0	2267.0	22687.0	23583.0	457.0	1008.0	60.3	73.1	83.9	87.8
2015-12-22	26676.0	1533.0	527.0	24895.0	25498.0	248.0	651.0	65.8	73.7	83.8	83.5
2015-12-29	27513.0	1440.0	527.0	25825.0	25901.0	248.0	1085.0	63.8	70.8	81.1	79.6
2016-01-05	27745.0	1440.0	527.0	26057.0	26133.0	248.0	1085.0	64.9	70.2	81.2	79.5
2016-01-26	25882.0	744.0	1015.0	24840.0	24137.0	298.0	730.0	59.2	64.3	75.0	77.1
2016-04-26	23970.0	1340.0	279.0	21651.0	23084.0	979.0	607.0	52.1	69.2	75.7	78.9
2016-05-03	23846.0	1340.0	279.0	21651.0	22929.0	855.0	638.0	52.1	69.0	76.2	78.8
2016-05-24	23252.0	620.0	279.0	22140.0	22725.0	492.0	248.0	57.4	72.3	79.3	85.6
2016-05-31	23642.0	620.0	0.0	22440.0	23394.0	582.0	248.0	56.9	69.1	75.1	81.0
2016-06-07	17430.0	0.0	0.0	17220.0	17370.0	210.0	60.0	52.7	67.4	69.8	76.2
2016-06-14	18732.0	0.0	0.0	18274.0	18672.0	458.0	60.0	53.8	68.3	69.8	78.5
2016-06-21	23258.0	0.0	0.0	22676.0	22948.0	582.0	310.0	53.0	70.3	68.5	80.8
2016-06-28	27567.0	0.0	0.0	26950.0	27381.0	617.0	186.0	56.0	69.3	71.7	83.9
2016-07-05	27567.0	0.0	0.0	26710.0	27381.0	857.0	186.0	56.0	69.3	71.7	83.9
2016-07-12	18063.0	0.0	0.0	17288.0	17877.0	775.0	186.0	50.8	76.3	70.6	83.7
2016-07-19	20698.0	0.0	0.0	19799.0	20512.0	899.0	186.0	58.6	77.4	76.5	90.3
2016-07-26	24201.0	0.0	0.0	23333.0	24077.0	868.0	124.0	55.6	75.3	73.9	88.5
2016-08-02	24325.0	0.0	0.0	23457.0	24077.0	868.0	248.0	55.7	74.9	74.0	88.0
2016-09-27	21674.0	0.0	0.0	19446.0	20758.0	2228.0	916.0	61.9	72.5	81.6	89.1
2016-10-04	22055.0	0.0	660.0	20106.0	20727.0	1949.0	668.0	63.9	71.1	83.2	88.7
2016-10-18	19157.0	0.0	660.0	17044.0	18342.0	2113.0	155.0	72.7	74.5	85.5	89.1
2016-10-25	24655.0	0.0	810.0	22697.0	22971.0	1958.0	874.0	58.6	64.0	72.8	76.2
2016-11-01	24805.0	0.0	810.0	22817.0	23151.0	1988.0	844.0	56.3	63.4	71.7	75.5
2016-11-22	28288.0	0.0	1864.0	26671.0	25301.0	1617.0	1123.0	74.3	62.9	85.3	79.7
2016-11-29	28443.0	0.0	1864.0	26826.0	25425.0	1617.0	1154.0	73.9	62.9	84.8	79.6
2016-12-20	24766.0	0.0	1488.0	22696.0	22534.0	2070.0	744.0	72.1	65.1	81.9	82.9
2016-12-27	28741.0	0.0	1004.0	26295.0	26850.0	2210.0	651.0	71.3	63.5	85.6	85.3
2017-01-03	29337.0	186.0	594.0	26388.0	27477.0	2024.0	527.0	69.6	64.4	84.4	86.0
2017-01-24	27597.0	217.0	296.0	25349.0	26609.0	1659.0	320.0	62.0	54.0	87.7	84.4
2017-01-31	29333.0	189.0	352.0	26441.0	28317.0	2303.0	264.0	60.0	51.4	84.0	78.1
