2014-12-23	6345.0	75.0	0.0	6140.0	6315.0	130.0	30.0	52.3	52.2	69.1	71.2
2014-12-30	6345.0	75.0	0.0	6140.0	6315.0	130.0	30.0	52.3	52.2	69.1	71.2
2015-01-06	6445.0	75.0	0.0	6240.0	6415.0	130.0	30.0	48.4	51.4	68.0	70.1
2015-01-13	6285.0	75.0	0.0	5960.0	6235.0	250.0	50.0	50.8	54.4	71.0	73.6
2015-01-20	6340.0	75.0	0.0	6135.0	6340.0	130.0	0.0	50.4	53.9	70.3	72.1
2015-01-27	6340.0	75.0	0.0	6135.0	6340.0	130.0	0.0	50.4	53.9	70.3	72.1
2015-02-03	6945.0	375.0	0.0	6440.0	6920.0	130.0	25.0	48.7	53.2	71.9	74.0
2015-02-10	7195.0	375.0	0.0	6695.0	7185.0	125.0	10.0	52.1	52.5	75.4	76.8
2015-02-17	7375.0	375.0	0.0	6875.0	7375.0	125.0	0.0	49.2	50.2	71.9	73.8
2015-02-24	7865.0	375.0	0.0	7355.0	7850.0	135.0	15.0	47.5	58.5	69.5	75.9
2015-03-03	8090.0	675.0	0.0	7290.0	8070.0	125.0	20.0	43.4	56.9	67.9	72.5
2015-03-10	7890.0	975.0	0.0	6795.0	7870.0	120.0	20.0	48.0	61.2	74.0	80.2
2015-03-17	8325.0	975.0	0.0	7230.0	8305.0	120.0	20.0	45.4	58.4	69.4	77.4
2015-03-24	8985.0	975.0	0.0	7470.0	8950.0	540.0	35.0	45.1	54.1	66.6	78.6
2015-03-31	9795.0	975.0	0.0	7615.0	9760.0	1205.0	35.0	41.1	56.3	58.3	76.2
2015-04-07	9580.0	975.0	0.0	7190.0	9520.0	1415.0	60.0	40.1	57.9	57.5	76.8
2015-04-14	9691.0	975.0	0.0	7600.0	9596.0	1116.0	95.0	39.6	54.4	56.8	73.1
2015-04-21	9706.0	975.0	0.0	7615.0	9611.0	1116.0	95.0	39.6	54.1	56.7	72.0
2015-04-28	9706.0	975.0	0.0	7615.0	9611.0	1116.0	95.0	39.6	54.0	56.7	71.9
2015-05-05	10156.0	975.0	0.0	8040.0	10061.0	1141.0	95.0	41.7	54.5	60.7	69.7
2015-05-12	9751.0	975.0	0.0	7420.0	9616.0	1356.0	135.0	43.1	57.5	62.3	73.2
2015-05-19	9716.0	975.0	0.0	7410.0	9581.0	1331.0	135.0	43.2	56.7	61.7	72.4
2015-05-26	9752.0	975.0	0.0	7410.0	9617.0	1367.0	135.0	43.1	56.4	61.4	72.5
2015-06-02	10247.0	975.0	0.0	7880.0	10087.0	1392.0	160.0	38.1	56.4	55.8	69.2
2015-06-09	10267.0	2102.0	0.0	8045.0	10187.0	120.0	80.0	43.9	59.6	70.1	74.8
2015-06-16	10267.0	2042.0	0.0	8105.0	10207.0	120.0	60.0	43.4	58.4	69.5	73.6
2015-06-23	11042.0	2042.0	0.0	8880.0	10982.0	120.0	60.0	42.8	62.3	67.8	75.5
2015-06-30	11057.0	2042.0	0.0	8895.0	10997.0	120.0	60.0	42.7	62.0	67.7	75.2
2015-07-07	10767.0	2027.0	0.0	8620.0	10707.0	120.0	60.0	43.0	64.5	70.0	77.2
2015-07-14	10767.0	2027.0	0.0	8620.0	10707.0	120.0	60.0	43.0	64.5	70.0	77.2
2015-07-21	11192.0	2027.0	0.0	9045.0	11132.0	120.0	60.0	44.9	65.0	71.1	78.0
2015-07-28	11812.0	2027.0	0.0	9665.0	11752.0	120.0	60.0	42.8	66.2	67.4	75.5
2015-08-04	12112.0	1937.0	0.0	9965.0	12052.0	210.0	60.0	44.2	67.0	67.4	76.1
2015-08-11	11887.0	1957.0	0.0	9750.0	11827.0	180.0	60.0	44.4	70.4	69.8	79.7
2015-08-18	12451.0	1957.0	0.0	10314.0	12391.0	180.0	60.0	42.4	67.2	69.2	79.1
2015-08-25	12826.0	2032.0	0.0	10614.0	12751.0	180.0	75.0	40.2	65.1	67.7	76.6
2015-09-01	13021.0	2127.0	0.0	10714.0	13001.0	180.0	20.0	40.5	64.2	67.6	75.5
2015-09-08	12526.0	2037.0	0.0	10319.0	12506.0	170.0	20.0	41.2	66.9	69.5	78.3
2015-09-15	12781.0	1062.0	0.0	11489.0	12701.0	230.0	80.0	42.7	65.3	69.8	79.1
2015-09-22	12856.0	1082.0	0.0	11544.0	12776.0	230.0	80.0	42.5	60.3	69.4	77.0
2015-09-29	13101.0	1202.0	0.0	11669.0	13101.0	230.0	0.0	42.6	58.4	69.0	74.8
2015-10-06	13300.0	1091.0	0.0	12049.0	13229.0	160.0	71.0	41.1	62.2	67.1	78.4
2015-10-13	13120.0	1115.0	0.0	11845.0	13049.0	160.0	71.0	41.8	63.0	66.8	76.8
2015-10-20	13850.0	1120.0	0.0	12390.0	13779.0	340.0	71.0	39.7	62.8	64.9	75.9
2015-10-27	13693.0	965.0	0.0	12380.0	13614.0	340.0	71.0	39.9	61.6	64.4	74.9
2015-11-03	14190.0	1005.0	0.0	12645.0	14119.0	540.0	71.0	40.5	60.3	65.0	74.3
2015-11-10	13810.0	975.0	0.0	12325.0	13754.0	510.0	56.0	41.5	60.9	66.3	76.6
2015-11-17	14785.0	1035.0	0.0	13630.0	14729.0	120.0	56.0	42.0	63.4	65.7	78.9
2015-11-24	15395.0	935.0	0.0	14340.0	15395.0	120.0	0.0	42.6	61.6	64.1	76.8
2015-12-01	15420.0	935.0	0.0	14365.0	15420.0	120.0	0.0	42.6	61.4	64.0	76.5
2015-12-08	15329.0	910.0	0.0	14299.0	15329.0	120.0	0.0	47.4	61.7	68.0	78.2
2015-12-15	15869.0	910.0	0.0	14839.0	15869.0	120.0	0.0	49.6	60.6	68.1	77.1
2015-12-22	15849.0	940.0	0.0	14789.0	15849.0	120.0	0.0	49.7	60.3	68.4	77.0
2015-12-29	15899.0	940.0	0.0	14839.0	15899.0	120.0	0.0	49.5	60.1	68.1	76.3
2016-01-05	15954.0	995.0	0.0	14839.0	15954.0	120.0	0.0	49.3	60.0	68.3	75.9
2016-01-12	15220.0	810.0	0.0	14269.0	15199.0	120.0	0.0	50.6	61.8	69.1	79.2
2016-01-19	15275.0	890.0	0.0	14259.0	15269.0	120.0	0.0	50.6	61.7	69.6	79.2
2016-01-26	15570.0	890.0	0.0	14554.0	15564.0	120.0	0.0	49.6	57.1	68.2	74.4
2016-02-02	15630.0	890.0	0.0	14614.0	15624.0	120.0	0.0	49.4	56.9	67.9	74.2
2016-02-09	14524.0	537.0	0.0	13339.0	14473.0	630.0	33.0	50.2	57.1	67.5	74.7
2016-02-16	15544.0	537.0	0.0	14359.0	15493.0	630.0	33.0	46.5	59.6	65.1	75.6
2016-02-23	15503.0	537.0	0.0	14228.0	15332.0	720.0	153.0	46.7	57.2	64.5	73.8
2016-03-01	15488.0	537.0	0.0	14213.0	15317.0	720.0	153.0	46.7	57.3	64.5	73.5
2016-03-08	14554.0	429.0	0.0	13335.0	14384.0	770.0	150.0	46.2	59.3	64.8	75.2
2016-03-15	14641.0	429.0	0.0	13410.0	14459.0	782.0	162.0	45.9	58.1	64.4	74.2
2016-03-22	14726.0	489.0	0.0	14005.0	14544.0	212.0	162.0	45.2	57.6	63.6	73.6
2016-03-29	14784.0	479.0	0.0	14073.0	14602.0	212.0	162.0	44.2	56.5	62.5	72.4
2016-04-05	14181.0	451.0	0.0	13608.0	14122.0	102.0	39.0	43.8	58.3	62.6	73.1
2016-04-12	15046.0	441.0	0.0	14483.0	14987.0	102.0	39.0	41.3	61.7	60.9	75.0
2016-04-19	15136.0	441.0	0.0	14573.0	15077.0	102.0	39.0	41.1	59.6	59.3	72.9
2016-04-26	15300.0	431.0	0.0	14733.0	15227.0	109.0	46.0	40.5	56.5	59.5	72.4
2016-05-03	15265.0	431.0	0.0	14698.0	15192.0	109.0	46.0	40.6	60.7	59.6	74.5
2016-05-10	14745.0	418.0	0.0	14215.0	14689.0	87.0	31.0	39.5	64.4	60.1	77.2
2016-05-17	15125.0	418.0	0.0	14595.0	15069.0	87.0	31.0	38.1	64.3	59.5	76.8
2016-05-24	16405.0	418.0	0.0	15875.0	16349.0	87.0	31.0	37.8	64.6	57.2	76.1
2016-05-31	16809.0	438.0	0.0	16245.0	16739.0	87.0	31.0	38.3	64.6	57.2	75.8
2016-06-07	16152.0	445.0	0.0	15365.0	16064.0	310.0	56.0	38.3	66.9	57.1	77.3
2016-06-14	16203.0	465.0	0.0	15410.0	16129.0	310.0	56.0	38.1	66.7	57.7	77.1
2016-06-21	16548.0	465.0	0.0	15635.0	16354.0	430.0	176.0	37.3	65.1	56.4	74.9
2016-06-28	16623.0	465.0	0.0	15710.0	16429.0	430.0	176.0	37.6	64.8	56.5	75.0
2016-07-05	16637.0	445.0	0.0	15520.0	16291.0	640.0	314.0	37.6	64.5	56.5	74.1
2016-07-12	16104.0	442.0	0.0	14890.0	13639.0	740.0	2433.0	37.4	54.3	55.8	60.6
2016-07-19	16409.0	442.0	0.0	15195.0	16209.0	740.0	168.0	38.5	68.5	57.7	75.8
2016-07-26	16409.0	442.0	0.0	15195.0	16209.0	740.0	168.0	39.0	68.5	58.2	75.8
2016-08-02	16709.0	442.0	0.0	15495.0	16356.0	740.0	321.0	36.7	67.3	57.3	74.2
2016-08-09	15829.0	449.0	0.0	14645.0	15644.0	710.0	160.0	37.2	69.8	57.8	75.9
2016-08-16	16084.0	449.0	150.0	14900.0	15749.0	710.0	160.0	36.6	68.3	56.9	74.5
2016-08-23	16209.0	449.0	150.0	15025.0	15874.0	710.0	160.0	37.1	68.1	57.3	74.2
2016-08-30	16149.0	449.0	150.0	14945.0	15819.0	730.0	155.0	37.0	68.1	56.9	74.2
2016-09-06	15344.0	436.0	150.0	14190.0	15029.0	700.0	147.0	37.9	68.2	57.8	74.3
2016-09-13	15959.0	436.0	150.0	14805.0	15644.0	700.0	147.0	36.4	65.1	55.6	70.9
2016-09-20	16218.0	436.0	150.0	15324.0	15918.0	440.0	132.0	37.3	67.4	57.0	74.1
2016-09-27	16976.0	496.0	150.0	16034.0	16683.0	440.0	137.0	35.8	64.7	55.1	72.9
2016-10-04	17506.0	516.0	150.0	16544.0	17035.0	440.0	315.0	37.3	64.5	55.8	70.7
2016-10-11	16923.0	573.0	150.0	16314.0	16753.0	30.0	14.0	39.3	69.2	57.1	74.1
2016-10-18	17298.0	573.0	150.0	16689.0	17128.0	30.0	14.0	40.1	69.0	57.6	73.8
2016-10-25	17289.0	613.0	150.0	16644.0	17123.0	30.0	14.0	40.2	69.2	57.5	73.9
2016-11-01	16681.0	463.0	150.0	16134.0	16463.0	30.0	14.0	39.7	67.5	56.9	72.5
2016-11-08	15873.0	465.0	100.0	15334.0	15713.0	20.0	6.0	40.6	70.4	57.6	73.7
2016-11-15	16403.0	465.0	100.0	15874.0	16259.0	20.0	0.0	39.3	69.3	56.2	73.6
2016-11-22	16738.0	465.0	100.0	16209.0	16594.0	20.0	0.0	40.0	69.3	56.8	73.7
2016-11-29	16943.0	465.0	100.0	16414.0	16799.0	20.0	0.0	42.3	69.8	58.8	74.2
2016-12-06	17051.0	427.0	50.0	16544.0	16931.0	10.0	0.0	40.8	71.9	59.3	75.8
2016-12-13	17101.0	427.0	50.0	16594.0	16981.0	10.0	0.0	42.5	72.4	60.9	76.0
2016-12-20	17355.0	407.0	50.0	16884.0	17251.0	10.0	0.0	42.6	73.1	60.5	77.1
2016-12-27	17355.0	407.0	50.0	16884.0	17226.0	10.0	25.0	42.6	71.2	59.3	75.2
2017-01-03	17325.0	407.0	50.0	16854.0	17171.0	10.0	50.0	42.6	69.0	59.5	73.4
2017-01-10	16425.0	419.0	0.0	15614.0	16138.0	350.0	245.0	43.3	69.4	59.3	72.2
2017-01-17	16480.0	419.0	0.0	15689.0	16188.0	330.0	250.0	43.1	69.5	59.1	72.3
2017-01-24	16824.0	404.0	0.0	16024.0	16519.0	341.0	250.0	43.3	70.6	59.5	73.7
2017-01-31	17131.0	419.0	0.0	16324.0	16814.0	341.0	270.0	42.5	71.0	58.4	73.3
