2015-01-20	18610.0	10450.0	7905.0	7405.0	9981.0	40.0	9.0	77.8	57.1	78.9	75.8
2015-01-27	18760.0	10700.0	7205.0	7185.0	10736.0	65.0	9.0	79.4	59.4	81.7	80.7
2015-02-03	14075.0	6110.0	4299.0	7134.0	8981.0	36.0	0.0	79.7	65.6	81.2	80.1
2015-02-10	15060.0	7095.0	4245.0	7119.0	9976.0	41.0	34.0	76.2	61.3	77.9	77.2
2015-02-17	15525.0	7646.0	4411.0	7000.0	10299.0	64.0	0.0	74.8	59.9	77.8	76.7
2015-02-24	15926.0	8046.0	4582.0	7019.0	10539.0	66.0	10.0	74.0	58.5	76.9	74.8
2015-03-03	19675.0	10246.0	4828.0	8652.0	14152.0	92.0	10.0	63.6	47.9	70.7	63.5
2015-03-10	19165.0	10746.0	4880.0	7713.0	13682.0	103.0	0.0	66.8	44.4	72.2	64.3
2015-03-17	19170.0	10746.0	4881.0	7713.0	13687.0	109.0	0.0	66.8	44.4	72.1	64.3
2015-03-24	19712.0	11096.0	4701.0	7635.0	14159.0	129.0	0.0	66.5	43.0	70.4	62.2
2015-03-31	12545.0	5288.0	2789.0	6589.0	9156.0	68.0	0.0	70.5	45.3	78.0	67.3
2015-04-07	12685.0	5518.0	2889.0	6516.0	9196.0	51.0	0.0	72.8	47.6	80.2	68.9
2015-04-14	12985.0	5742.0	3014.0	6591.0	9371.0	52.0	0.0	73.4	47.6	80.6	68.5
2015-04-21	13460.0	6207.0	3604.0	6714.0	9371.0	54.0	0.0	74.9	48.0	81.9	70.4
2015-04-28	11717.0	4486.0	2853.0	6714.0	8429.0	82.0	0.0	78.2	60.5	88.8	83.9
2015-05-05	13943.0	5026.0	3284.0	8464.0	10259.0	53.0	0.0	71.0	52.3	81.1	76.0
2015-05-12	15800.0	5555.0	3386.0	9254.0	11463.0	41.0	1.0	64.4	45.6	73.2	67.5
2015-05-19	21750.0	6413.0	3643.0	12331.0	15156.0	56.0	1.0	44.3	33.1	53.6	48.6
2015-05-26	22998.0	6960.0	3693.0	12832.0	16154.0	55.0	0.0	42.4	32.7	52.0	47.1
2015-06-02	19591.0	8097.0	3750.0	11058.0	15454.0	49.0	0.0	52.5	47.2	67.8	64.6
2015-06-09	21881.0	9242.0	3886.0	12206.0	17616.0	54.0	0.0	51.0	42.4	62.6	58.7
2015-06-16	24900.0	11215.0	5671.0	11617.0	17230.0	1069.0	1000.0	49.1	43.0	61.4	56.9
2015-06-23	25980.0	12040.0	5946.0	12787.0	18935.0	54.0	0.0	50.1	44.1	62.0	57.5
2015-06-30	20940.0	10191.0	5367.0	10673.0	15552.0	55.0	0.0	54.5	46.5	71.6	64.4
2015-07-07	21766.0	10238.0	5898.0	11462.0	15852.0	50.0	0.0	53.2	45.4	68.9	65.3
2015-07-14	22679.0	10918.0	6063.0	11680.0	16595.0	60.0	0.0	54.1	44.7	68.4	64.0
2015-07-21	23818.0	11243.0	6347.0	12044.0	17000.0	60.0	0.0	54.0	42.7	66.3	62.1
2015-07-28	25751.0	11483.0	6407.0	13482.0	18623.0	65.0	0.0	50.4	40.3	62.8	59.5
2015-08-04	24302.0	8429.0	5422.0	14927.0	17979.0	45.0	0.0	44.0	42.9	58.2	59.4
2015-08-11	24917.0	8509.0	5587.0	15152.0	18124.0	50.0	0.0	42.3	42.1	58.3	58.2
2015-08-18	25243.0	8593.0	5753.0	15289.0	18194.0	65.0	0.0	41.9	41.9	58.2	57.7
2015-08-25	24194.0	8983.0	4678.0	13830.0	18205.0	70.0	0.0	44.9	45.9	61.8	60.0
2015-09-01	23031.0	9796.0	3215.0	12664.0	19305.0	60.0	0.0	50.2	57.2	66.2	70.3
2015-09-08	25567.0	12427.0	3225.0	12064.0	21331.0	65.0	0.0	45.2	53.1	62.7	65.0
2015-09-15	25393.0	12427.0	3001.0	11880.0	21381.0	75.0	0.0	45.1	54.2	63.9	65.9
2015-09-22	25673.0	13105.0	2680.0	11497.0	22012.0	90.0	0.0	42.4	54.8	63.9	70.1
2015-09-29	20645.0	9011.0	3551.0	11154.0	16664.0	50.0	0.0	53.1	61.4	70.4	74.5
2015-10-06	21979.0	9461.0	3660.0	11768.0	17639.0	70.0	0.0	54.2	58.9	71.9	75.6
2015-10-13	23202.0	9426.0	3760.0	12681.0	18402.0	55.0	0.0	55.2	57.5	70.1	73.7
2015-10-20	23835.0	9388.0	3760.0	13187.0	18875.0	60.0	0.0	54.1	55.9	67.5	71.6
2015-10-27	25185.0	9605.0	3760.0	14205.0	20115.0	65.0	0.0	52.2	52.8	63.2	67.7
2015-11-03	21197.0	9007.0	4017.0	11625.0	16660.0	45.0	0.0	66.2	71.9	80.3	84.6
2015-11-10	23039.0	8452.0	3696.0	13042.0	17848.0	50.0	0.0	64.6	65.0	72.9	76.7
2015-11-17	24148.0	8241.0	3777.0	13723.0	18227.0	40.0	0.0	63.6	62.5	71.4	74.3
2015-11-24	25856.0	8327.0	4294.0	15322.0	19395.0	40.0	0.0	51.5	50.2	59.7	60.6
2015-12-01	23079.0	8668.0	3995.0	13041.0	17754.0	40.0	0.0	51.4	55.4	60.9	65.2
2015-12-08	25920.0	10906.0	3880.0	13654.0	20725.0	45.0	0.0	50.5	59.1	64.3	70.3
2015-12-15	27883.0	11284.0	3787.0	15222.0	22743.0	44.0	20.0	52.0	60.9	64.4	71.4
2015-12-22	30816.0	11744.0	3762.0	16715.0	24745.0	63.0	15.0	43.8	53.2	55.0	63.4
2015-12-29	14866.0	4220.0	3930.0	9701.0	10016.0	25.0	0.0	48.8	55.8	58.4	63.0
2016-01-05	15036.0	4370.0	3957.0	9676.0	10116.0	27.0	0.0	47.6	55.5	58.5	62.4
2016-01-12	16687.0	3150.0	4958.0	12346.0	10566.0	28.0	0.0	42.9	53.4	56.4	62.1
2016-01-19	17048.0	3725.0	5158.0	12131.0	10727.0	29.0	0.0	44.8	52.3	54.9	62.0
2016-01-26	17474.0	4474.0	5908.0	11781.0	10402.0	55.0	0.0	43.7	54.9	57.3	67.5
2016-02-02	9560.0	3848.0	1592.0	5428.0	7693.0	9.0	0.0	70.4	78.3	89.7	95.0
2016-02-09	9716.0	3998.0	1442.0	5427.0	7999.0	16.0	0.0	69.3	80.4	88.7	95.3
2016-02-16	9859.0	3879.0	1453.0	5487.0	7931.0	18.0	0.0	70.2	78.0	84.7	92.7
2016-02-23	12000.0	4214.0	1780.0	6658.0	9114.0	22.0	0.0	64.8	69.4	76.7	84.0
2016-03-01	10255.0	4930.0	831.0	5103.0	9224.0	22.0	0.0	67.0	83.1	86.1	92.2
2016-03-08	10255.0	4930.0	881.0	5103.0	9174.0	22.0	0.0	67.0	82.6	86.1	92.2
2016-03-15	10330.0	5030.0	931.0	5078.0	9199.0	22.0	0.0	67.4	82.5	86.5	92.0
2016-03-22	10478.0	5006.0	1006.0	5248.0	9272.0	24.0	0.0	66.8	80.7	85.5	91.3
2016-03-29	10176.0	4781.0	727.0	5171.0	9248.0	24.0	1.0	68.9	84.0	86.7	92.1
2016-04-05	10296.0	4901.0	717.0	5171.0	9378.0	24.0	1.0	68.1	84.3	87.6	92.2
2016-04-12	10262.0	4916.0	606.0	5171.0	9480.0	0.0	1.0	64.2	83.3	85.4	91.9
2016-04-19	10262.0	4916.0	606.0	5171.0	9480.0	0.0	1.0	64.2	83.3	86.0	91.9
2016-04-26	10137.0	5016.0	606.0	4946.0	9355.0	0.0	1.0	60.8	81.1	83.4	90.1
2016-05-03	9762.0	4691.0	431.0	4896.0	9155.0	0.0	1.0	65.7	85.0	85.5	92.6
2016-05-10	9812.0	4691.0	181.0	4896.0	9405.0	0.0	1.0	64.8	86.6	84.6	92.1
2016-05-17	9412.0	4291.0	181.0	4896.0	9005.0	0.0	1.0	63.3	86.1	83.9	91.7
2016-05-24	9437.0	4291.0	181.0	4911.0	9030.0	10.0	1.0	63.2	83.2	83.7	88.9
2016-05-31	8667.0	3796.0	131.0	4636.0	8310.0	10.0	1.0	64.5	86.0	86.9	91.0
2016-06-07	8667.0	3796.0	131.0	4636.0	8310.0	10.0	1.0	64.5	86.0	86.9	91.0
2016-06-14	8667.0	3796.0	131.0	4636.0	8310.0	10.0	1.0	64.5	86.0	86.9	91.0
2016-06-21	8624.0	3171.0	531.0	5218.0	7867.0	10.0	1.0	64.8	74.6	81.8	84.0
2016-06-28	6849.0	2546.0	581.0	4118.0	6092.0	10.0	1.0	64.1	79.1	82.7	85.7
2016-07-05	6749.0	2446.0	581.0	4118.0	5992.0	10.0	1.0	65.1	80.3	82.4	85.5
2016-07-12	6749.0	2396.0	531.0	4118.0	5992.0	10.0	1.0	65.1	80.3	81.7	84.8
2016-07-19	6749.0	2271.0	531.0	4243.0	5992.0	10.0	1.0	65.1	80.3	82.4	84.8
2016-07-26	6799.0	2300.0	510.0	4243.0	6042.0	10.0	1.0	64.6	79.7	81.8	84.6
2016-08-09	6628.0	1961.0	581.0	4482.0	5871.0	10.0	1.0	64.7	82.2	84.2	86.6
2016-08-16	6628.0	1961.0	581.0	4482.0	5871.0	10.0	1.0	64.7	82.2	84.2	86.6
2016-08-23	6578.0	1832.0	581.0	4636.0	5921.0	35.0	1.0	65.5	82.8	84.1	87.5
2016-08-30	6478.0	1736.0	606.0	4497.0	5646.0	20.0	1.0	66.8	83.7	83.5	88.4
2016-09-06	6478.0	1736.0	606.0	4497.0	5646.0	20.0	1.0	66.8	83.7	83.5	88.4
2016-09-13	6503.0	1736.0	606.0	4522.0	5671.0	20.0	1.0	66.9	83.3	83.1	88.1
2016-09-20	6503.0	1736.0	606.0	4522.0	5671.0	20.0	1.0	66.9	83.3	83.1	88.1
2016-10-11	6451.0	1661.0	583.0	4622.0	5719.0	20.0	1.0	65.2	84.0	83.4	89.2
2016-10-18	6400.0	1661.0	583.0	4571.0	5668.0	20.0	1.0	65.7	84.7	84.1	89.9
2016-10-25	6275.0	1586.0	458.0	4531.0	5668.0	10.0	1.0	67.0	86.4	84.0	89.7
2016-11-01	6122.0	1711.0	476.0	4401.0	5645.0	10.0	1.0	69.0	88.5	88.4	92.2
2016-12-20	6097.0	1701.0	435.0	4386.0	5645.0	10.0	17.0	77.4	88.9	88.9	91.9
