2015-03-17	17722.0	3132.0	300.0	14440.0	17272.0	0.0	0.0	77.5	85.0	85.0	86.7
2015-03-24	18362.0	3407.0	250.0	14755.0	17912.0	0.0	0.0	71.6	83.6	82.4	85.7
2015-04-14	17417.0	4382.0	400.0	12935.0	16917.0	0.0	0.0	73.0	89.5	85.8	91.8
2015-04-21	17942.0	3907.0	200.0	13285.0	16992.0	0.0	0.0	69.4	86.7	81.4	87.8
2015-05-05	20574.0	4657.0	100.0	15067.0	19624.0	0.0	0.0	64.7	80.3	78.9	82.7
2015-05-12	21999.0	4582.0	600.0	16292.0	20274.0	0.0	0.0	67.1	78.5	80.5	86.0
2015-05-19	22899.0	5132.0	900.0	16642.0	20874.0	0.0	0.0	67.3	77.6	81.1	86.6
2015-05-26	22526.0	5334.0	1050.0	16067.0	20351.0	0.0	0.0	66.6	78.4	80.6	86.6
2015-06-02	20201.0	5659.0	1450.0	14342.0	18551.0	0.0	0.0	74.9	86.6	90.5	97.8
2015-06-09	20981.0	5659.0	1905.0	15022.0	18776.0	0.0	0.0	74.4	85.4	89.9	96.8
2015-06-16	22026.0	4926.0	1672.0	16567.0	19846.0	25.0	0.0	73.9	84.3	88.2	94.3
2015-06-23	22572.0	4926.0	2072.0	17165.0	20044.0	25.0	0.0	72.1	82.3	86.4	93.8
2015-06-30	20959.0	5399.0	1997.0	15227.0	18629.0	0.0	0.0	72.7	88.4	91.5	98.2
2015-07-07	21826.0	5299.0	1897.0	16227.0	19629.0	0.0	0.0	71.2	84.9	89.2	95.6
2015-07-14	21651.0	4699.0	1547.0	16557.0	19709.0	0.0	0.0	71.9	85.6	90.1	94.3
2015-07-21	21751.0	4749.0	1547.0	16657.0	19859.0	0.0	0.0	69.8	84.0	88.0	92.6
2015-07-28	22451.0	4224.0	1417.0	17752.0	20559.0	0.0	0.0	71.6	83.7	88.1	92.0
2015-08-04	21451.0	3899.0	1167.0	16927.0	19659.0	0.0	0.0	76.4	86.6	91.8	94.5
2015-08-11	21726.0	3759.0	1267.0	17092.0	19584.0	0.0	0.0	74.3	85.5	91.6	93.3
2015-08-18	24701.0	3326.0	2034.0	19832.0	21124.0	0.0	0.0	68.2	77.3	86.8	85.9
2015-08-25	25556.0	3226.0	2699.0	20987.0	21514.0	0.0	0.0	67.3	73.3	85.5	84.2
2015-09-01	25005.0	3669.0	2767.0	20286.0	21188.0	0.0	0.0	67.5	73.3	85.8	84.6
2015-09-08	26072.0	4289.0	2867.0	19481.0	20903.0	0.0	0.0	64.9	68.0	79.7	78.9
2015-09-15	31389.0	3841.0	2099.0	21173.0	22915.0	0.0	0.0	52.0	56.0	63.7	63.9
2015-09-22	31449.0	3344.0	2107.0	21348.0	22585.0	0.0	0.0	53.4	56.6	65.4	65.1
2015-09-29	28734.0	5104.0	1527.0	19613.0	23190.0	0.0	0.0	56.3	67.6	76.4	78.3
2015-10-06	29579.0	5454.0	2232.0	20028.0	23250.0	0.0	0.0	54.0	64.4	75.0	74.9
2015-10-13	29629.0	5454.0	2282.0	20078.0	23250.0	0.0	0.0	54.1	64.3	75.1	74.8
2015-10-20	29729.0	5954.0	2382.0	19978.0	23550.0	0.0	0.0	50.9	67.3	72.1	75.1
2015-10-27	29704.0	6054.0	2432.0	19928.0	23550.0	0.0	0.0	50.5	66.8	71.9	74.9
2015-11-03	39271.0	4914.0	2432.0	25765.0	28287.0	5040.0	5000.0	40.0	49.2	54.9	55.3
2015-11-10	45188.0	3379.0	3367.0	30757.0	30769.0	7500.0	7500.0	40.2	42.6	50.1	49.3
2015-11-17	49362.0	2996.0	7432.0	35202.0	30766.0	7500.0	7500.0	39.0	42.9	50.4	51.0
2015-11-24	50065.0	3146.0	8205.0	36305.0	31246.0	7500.0	7500.0	39.3	42.0	49.3	50.9
2015-12-01	41755.0	3246.0	6255.0	34720.0	24211.0	1300.0	8800.0	68.3	47.7	78.1	56.7
2015-12-08	46923.0	3310.0	6830.0	37959.0	26939.0	3100.0	10600.0	59.7	43.4	73.3	55.7
2015-12-15	45315.0	3525.0	5090.0	35691.0	26676.0	3650.0	11100.0	49.8	41.7	65.0	51.6
2015-12-22	47300.0	3375.0	5568.0	36976.0	28283.0	4600.0	11100.0	52.1	42.8	65.4	52.3
2016-01-26	30026.0	1615.0	2370.0	27435.0	26660.0	1.0	21.0	81.4	88.5	91.7	92.8
