2015-07-07	67188.0	0.0	0.0	62936.0	58522.0	4252.0	8666.0	70.7	77.3	85.0	84.9
2015-07-14	67524.0	0.0	0.0	63300.0	58368.0	4224.0	9156.0	69.9	76.1	84.1	83.6
2015-07-21	73466.0	2072.0	0.0	66444.0	69466.0	4950.0	4000.0	65.1	77.4	77.6	90.3
2015-07-28	74074.0	2072.0	0.0	67052.0	70074.0	4950.0	4000.0	64.6	77.6	77.8	90.4
2015-08-04	78758.0	2072.0	0.0	72780.0	74758.0	3906.0	4000.0	62.1	78.2	76.2	90.0
2015-08-11	74928.0	2072.0	0.0	68472.0	71027.0	4384.0	3901.0	65.9	79.7	78.9	90.4
2015-08-18	76603.0	2134.0	0.0	67295.0	72456.0	7174.0	4147.0	64.4	79.6	78.0	90.5
2015-08-25	76874.0	2134.0	0.0	68023.0	72729.0	6717.0	4145.0	64.2	79.9	77.7	90.8
2015-09-01	77726.0	2134.0	0.0	68935.0	73641.0	6657.0	4085.0	63.8	79.7	77.1	90.4
2015-09-08	72850.0	2134.0	0.0	65722.0	69307.0	4994.0	3543.0	66.6	79.4	79.9	90.6
2015-09-15	79366.0	2134.0	0.0	72514.0	76465.0	4718.0	2901.0	66.7	80.7	81.4	94.1
2015-09-22	80980.0	2134.0	0.0	72091.0	76891.0	6755.0	4089.0	66.7	79.4	81.5	92.5
2015-09-29	85345.0	2258.0	0.0	75968.0	81408.0	7119.0	3937.0	64.2	79.5	79.4	92.4
2015-10-13	83180.0	3404.0	0.0	73821.0	78800.0	5955.0	4380.0	64.7	74.3	81.0	92.1
2015-10-20	84250.0	3404.0	0.0	74659.0	79870.0	6187.0	4380.0	64.9	74.6	81.1	92.2
2015-10-27	87923.0	3404.0	0.0	80735.0	85821.0	3784.0	2102.0	62.3	72.4	78.7	91.5
2015-11-03	91858.0	3404.0	0.0	84028.0	89483.0	4426.0	2375.0	59.6	67.7	75.8	86.7
2015-11-10	87008.0	3164.0	0.0	77019.0	83261.0	6825.0	3747.0	61.9	68.3	76.7	87.5
2015-11-17	91317.0	4020.0	0.0	79057.0	84333.0	8240.0	6984.0	60.5	69.3	77.2	86.5
2015-11-24	91700.0	4082.0	0.0	83341.0	86399.0	4277.0	5301.0	60.0	68.8	76.5	85.4
2015-12-01	93470.0	4082.0	0.0	84778.0	88169.0	4610.0	5301.0	61.2	70.0	77.4	86.5
2015-12-08	88750.0	3772.0	0.0	76610.0	82112.0	8368.0	6638.0	62.1	70.7	77.9	87.3
2015-12-15	91091.0	3772.0	0.0	78649.0	84453.0	8670.0	6638.0	62.8	71.0	77.7	87.2
2015-12-22	92488.0	3772.0	0.0	80489.0	86188.0	8227.0	6300.0	61.5	71.7	76.1	87.7
2015-12-29	94378.0	3834.0	0.0	82317.0	88020.0	8227.0	6358.0	60.2	71.2	75.2	87.0
2016-01-05	93880.0	3834.0	0.0	84393.0	88950.0	5653.0	4930.0	60.8	73.3	76.3	86.1
2016-01-12	88292.0	3412.0	0.0	79700.0	83737.0	5180.0	4555.0	62.4	74.1	79.0	87.6
2016-01-19	89368.0	3412.0	0.0	80625.0	86730.0	5331.0	2638.0	62.2	74.1	78.6	87.2
2016-01-26	90093.0	3441.0	0.0	81263.0	87515.0	5389.0	2578.0	61.8	73.5	78.0	86.5
2016-02-02	93197.0	3441.0	0.0	83579.0	89977.0	6177.0	3220.0	62.1	71.6	78.4	85.7
2016-02-09	88526.0	3072.0	0.0	79778.0	85768.0	5676.0	2758.0	64.1	73.3	80.3	88.0
2016-02-16	88958.0	3072.0	0.0	79778.0	86200.0	6108.0	2758.0	63.7	72.9	80.0	88.1
2016-02-23	90679.0	3072.0	0.0	80888.0	87462.0	6719.0	3217.0	61.6	71.5	78.3	87.1
2016-03-01	95480.0	3072.0	0.0	85689.0	91804.0	6719.0	3676.0	61.8	72.0	77.6	87.2
2016-03-08	91783.0	2712.0	0.0	81907.0	88514.0	7164.0	3269.0	63.5	73.8	79.8	88.8
2016-03-15	93369.0	2712.0	0.0	84330.0	88212.0	6327.0	5157.0	63.3	71.9	79.3	86.6
2016-03-22	95479.0	2712.0	0.0	87050.0	90108.0	5717.0	5371.0	62.4	72.1	78.2	86.2
2016-03-29	97286.0	2712.0	0.0	88858.0	91855.0	5716.0	5431.0	60.8	71.0	77.8	85.1
2016-04-05	91239.0	2362.0	0.0	83890.0	85583.0	4987.0	5656.0	60.4	72.0	77.0	85.8
2016-04-12	93410.0	2362.0	0.0	83948.0	87783.0	7100.0	5627.0	59.5	72.4	75.8	86.0
2016-04-19	96848.0	2362.0	0.0	87784.0	93998.0	6702.0	2850.0	57.5	71.3	75.3	85.4
2016-04-26	99939.0	2362.0	0.0	89468.0	96843.0	8109.0	3096.0	57.2	72.0	75.4	84.8
2016-05-03	101697.0	2727.0	0.0	90647.0	98571.0	8323.0	3126.0	56.4	71.7	75.0	84.5
2016-05-10	94620.0	2367.0	0.0	84570.0	91959.0	7683.0	2661.0	57.6	71.5	75.2	84.3
2016-05-17	96810.0	2367.0	0.0	86030.0	91127.0	8413.0	5683.0	57.1	69.9	74.3	84.3
2016-05-24	98035.0	2876.0	0.0	87960.0	92596.0	7199.0	5439.0	56.8	69.8	74.0	84.5
2016-05-31	98517.0	2876.0	0.0	88442.0	93078.0	7199.0	5439.0	56.4	69.3	73.5	84.0
2016-06-07	92048.0	2697.0	0.0	80500.0	87437.0	8851.0	4611.0	58.4	70.7	75.4	86.1
2016-06-14	92630.0	2697.0	0.0	80686.0	87957.0	9247.0	4673.0	58.0	70.5	75.0	85.9
2016-06-21	92845.0	2697.0	0.0	80994.0	88079.0	9154.0	4766.0	57.7	70.0	74.6	85.3
2016-06-28	96574.0	2697.0	0.0	83672.0	91458.0	10205.0	5116.0	58.1	70.9	74.3	85.9
2016-07-05	98493.0	2294.0	0.0	83929.0	93255.0	12270.0	5238.0	58.0	71.2	73.9	86.2
2016-07-12	92643.0	2294.0	0.0	79891.0	88235.0	10458.0	4408.0	60.8	73.0	75.9	87.6
2016-07-19	96520.0	2294.0	0.0	82032.0	92481.0	12194.0	4039.0	59.5	75.6	74.1	89.6
2016-07-26	99265.0	2294.0	0.0	86032.0	94950.0	10939.0	4315.0	57.8	74.9	73.6	89.3
2016-08-02	102243.0	1891.0	0.0	89640.0	97563.0	10712.0	4680.0	58.3	73.7	73.6	87.9
2016-08-09	96703.0	1891.0	0.0	84046.0	95246.0	10766.0	1457.0	60.8	77.3	76.6	90.2
2016-08-16	100855.0	1891.0	0.0	86625.0	99464.0	12339.0	1391.0	60.0	76.6	74.0	89.1
2016-08-23	112169.0	4307.0	0.0	97002.0	110472.0	10860.0	1697.0	55.4	77.6	72.2	89.1
2016-08-30	119642.0	4487.0	0.0	103352.0	117885.0	11803.0	1757.0	54.8	78.2	71.1	89.9
2016-09-06	112683.0	6087.0	0.0	96504.0	111269.0	10092.0	1414.0	58.0	79.8	74.7	90.3
2016-09-13	118040.0	6087.0	0.0	102149.0	116993.0	9804.0	1047.0	56.3	76.6	70.9	89.1
2016-09-20	122992.0	6087.0	0.0	107648.0	121945.0	9257.0	1047.0	54.7	74.8	69.3	87.4
2016-09-27	123837.0	6087.0	0.0	108173.0	121739.0	9577.0	2098.0	54.7	74.2	68.2	86.0
2016-10-04	124932.0	6188.0	0.0	106914.0	122666.0	11830.0	2266.0	54.4	75.3	67.8	87.0
2016-10-11	117349.0	6188.0	0.0	93494.0	112938.0	17667.0	4411.0	55.8	77.1	69.4	88.3
2016-10-18	121959.0	6188.0	0.0	101986.0	117170.0	13785.0	4789.0	54.5	75.7	67.6	86.9
2016-10-25	123719.0	6188.0	0.0	104220.0	121276.0	13311.0	2443.0	54.3	74.0	67.7	86.2
2016-11-01	123944.0	6188.0	0.0	104413.0	119796.0	13343.0	4148.0	54.7	73.3	68.0	85.0
2016-11-08	120046.0	4948.0	0.0	101300.0	115308.0	13798.0	4738.0	54.6	76.2	69.7	87.8
2016-11-15	123263.0	5007.0	0.0	103552.0	116398.0	14704.0	6865.0	53.7	73.3	69.0	85.4
2016-11-22	125925.0	5007.0	0.0	105056.0	119001.0	15862.0	6924.0	53.0	73.5	68.4	85.6
2016-11-29	126840.0	5311.0	0.0	105224.0	120375.0	16305.0	6465.0	52.6	73.4	67.9	86.1
2016-12-06	124086.0	4747.0	0.0	100114.0	116465.0	19225.0	7621.0	50.9	73.6	66.3	86.2
2016-12-13	125979.0	5445.0	0.0	100726.0	119450.0	19808.0	6529.0	50.3	74.0	65.6	86.8
2016-12-20	126925.0	5466.0	0.0	101364.0	120261.0	20095.0	6664.0	50.7	73.7	65.2	86.4
2016-12-27	127781.0	5466.0	0.0	102189.0	121089.0	20126.0	6692.0	50.3	73.5	65.3	86.5
2017-01-03	128568.0	5280.0	0.0	102873.0	122570.0	20415.0	5998.0	50.2	74.0	65.4	87.1
2017-01-10	123666.0	4214.0	0.0	99900.0	117587.0	19552.0	6079.0	49.0	71.0	64.2	84.3
2017-01-17	126520.0	4214.0	0.0	102292.0	120446.0	20014.0	6074.0	48.7	69.9	64.2	84.6
2017-01-24	129855.0	4214.0	0.0	112109.0	123960.0	13532.0	5895.0	48.1	70.2	64.2	84.4
2017-01-31	132918.0	4214.0	0.0	115234.0	126823.0	13470.0	6095.0	47.4	70.4	64.8	84.6
