2015-08-04	72398.0	0.0	2078.0	66908.0	64368.0	3411.0	3873.0	42.0	63.3	61.9	71.0
2015-08-11	65558.0	21.0	2109.0	60391.0	58822.0	3378.0	2859.0	45.4	65.6	63.8	71.9
2015-08-18	66533.0	0.0	372.0	60505.0	60614.0	3712.0	3231.0	43.8	64.3	61.9	70.6
2015-08-25	66466.0	0.0	1559.0	60512.0	60502.0	4353.0	2804.0	44.0	56.5	61.8	67.8
2015-09-01	69400.0	29.0	695.0	62830.0	62770.0	4355.0	3749.0	43.7	57.1	60.8	69.5
2015-09-08	62242.0	207.0	0.0	55837.0	57065.0	5096.0	4075.0	51.2	58.6	66.5	73.6
2015-09-15	62455.0	0.0	97.0	56356.0	57338.0	4759.0	3680.0	50.1	57.0	65.4	72.0
2015-09-22	62188.0	0.0	64.0	55688.0	54673.0	4792.0	5743.0	49.3	54.6	69.1	69.8
2015-09-29	62800.0	0.0	1239.0	56945.0	54386.0	5035.0	6355.0	50.1	53.9	69.1	68.3
2015-10-06	56757.0	0.0	437.0	51666.0	49650.0	4271.0	5850.0	53.6	54.8	72.8	69.0
2015-10-13	58490.0	0.0	499.0	53498.0	51268.0	4240.0	5971.0	51.9	53.6	72.8	68.5
2015-10-20	59897.0	0.0	680.0	54900.0	52302.0	4335.0	6253.0	50.8	50.4	71.8	66.8
2015-10-27	62561.0	0.0	2626.0	57743.0	54176.0	3792.0	4733.0	51.1	53.6	71.5	71.6
2015-11-03	65674.0	0.0	3477.0	60856.0	56009.0	3853.0	5223.0	49.6	53.3	72.2	70.3
2015-11-10	63198.0	0.0	2825.0	58824.0	54685.0	3541.0	4855.0	51.6	58.1	76.0	73.9
2015-11-17	66489.0	0.0	2430.0	61888.0	58452.0	3746.0	4752.0	49.1	53.7	71.2	68.0
2015-11-24	68735.0	258.0	0.0	62717.0	61225.0	4548.0	6298.0	48.1	56.3	70.0	69.5
2015-12-01	69867.0	289.0	0.0	63982.0	62993.0	4415.0	5693.0	48.1	56.1	70.2	69.0
2015-12-08	65509.0	768.0	0.0	60253.0	59835.0	3909.0	5095.0	50.9	60.5	73.8	72.7
2015-12-15	68336.0	0.0	944.0	63586.0	61950.0	3399.0	4091.0	45.4	55.7	68.8	66.0
2015-12-22	70639.0	0.0	2202.0	65680.0	63072.0	3962.0	4368.0	44.3	54.0	67.2	65.1
2015-12-29	73570.0	267.0	1083.0	67974.0	67219.0	4086.0	4025.0	41.0	53.4	62.8	63.5
2016-01-05	75935.0	550.0	2005.0	70010.0	68713.0	4210.0	4052.0	42.4	53.5	63.7	63.2
2016-01-12	74902.0	1834.0	922.0	68313.0	69395.0	3698.0	3528.0	46.0	53.0	66.4	64.4
2016-01-19	76757.0	2817.0	2742.0	68820.0	69189.0	3813.0	3519.0	42.6	49.5	64.0	63.8
2016-01-26	79191.0	1526.0	4750.0	71953.0	69453.0	4281.0	3557.0	42.0	48.8	63.8	64.0
2016-02-02	79746.0	729.0	4750.0	72433.0	69914.0	5059.0	3557.0	41.7	49.2	63.7	64.1
2016-02-09	76171.0	862.0	4835.0	67723.0	66391.0	6312.0	3671.0	45.5	51.3	66.0	66.4
2016-02-16	78234.0	949.0	4835.0	69602.0	68206.0	6409.0	3919.0	44.9	50.5	65.4	64.9
2016-02-23	78732.0	182.0	5026.0	70114.0	67791.0	6376.0	3855.0	44.3	49.8	65.5	64.0
2016-03-01	78644.0	597.0	5017.0	69384.0	67758.0	6808.0	4014.0	43.8	50.0	64.7	64.1
2016-03-08	73054.0	681.0	5083.0	63594.0	62817.0	7301.0	3676.0	46.7	53.9	67.2	68.3
2016-03-15	76978.0	321.0	5693.0	67348.0	65687.0	7753.0	4042.0	42.9	53.2	67.1	69.3
2016-03-22	77030.0	198.0	6029.0	66498.0	65323.0	8668.0	4012.0	41.9	53.0	66.1	68.8
2016-03-29	79540.0	2409.0	7662.0	67389.0	65661.0	7355.0	3830.0	39.9	52.3	63.6	67.6
2016-04-05	72047.0	2274.0	5989.0	61668.0	60866.0	6359.0	3446.0	42.5	55.3	68.1	70.1
2016-04-12	73788.0	3010.0	7280.0	62952.0	61595.0	6359.0	3446.0	41.2	56.2	64.2	69.7
2016-04-19	74368.0	2823.0	7589.0	63353.0	61990.0	6483.0	3080.0	41.4	56.6	64.3	70.6
2016-04-26	75026.0	2739.0	8641.0	64950.0	61401.0	6235.0	3882.0	42.1	53.6	63.7	67.0
2016-05-03	74413.0	2799.0	8581.0	64704.0	61038.0	5808.0	3692.0	42.8	52.7	63.4	65.0
2016-05-10	71496.0	3465.0	7441.0	60601.0	57420.0	6373.0	5578.0	43.4	52.6	64.5	65.8
2016-05-17	72797.0	3465.0	9989.0	61484.0	57518.0	7103.0	4545.0	44.1	52.0	64.7	65.3
2016-05-24	74427.0	3645.0	9632.0	62720.0	59261.0	7317.0	4789.0	43.2	52.5	65.0	64.1
2016-05-31	78187.0	3645.0	11410.0	66569.0	61399.0	7106.0	4511.0	40.7	49.4	61.7	65.1
2016-06-07	75026.0	3165.0	11224.0	64922.0	57089.0	5802.0	5576.0	40.7	53.3	63.0	68.2
2016-06-14	77380.0	3345.0	12797.0	66505.0	57620.0	6414.0	5847.0	39.9	51.5	61.4	66.2
2016-06-21	78729.0	3712.0	13044.0	68317.0	58636.0	5533.0	5882.0	38.4	51.4	59.8	65.8
2016-06-28	78814.0	4442.0	5842.0	67169.0	66481.0	6199.0	5487.0	38.7	50.1	60.0	66.4
2016-07-05	78474.0	4570.0	5933.0	66918.0	65740.0	6261.0	6076.0	38.9	50.1	59.9	66.5
2016-07-12	70806.0	3810.0	3688.0	60207.0	61049.0	5966.0	5246.0	38.3	51.6	60.2	67.1
2016-07-19	70643.0	4264.0	4091.0	60672.0	60689.0	5058.0	5214.0	38.4	51.1	59.9	67.5
2016-07-26	72648.0	4832.0	4122.0	61957.0	62815.0	4934.0	4786.0	38.7	51.4	59.8	67.0
2016-08-02	73030.0	4624.0	3395.0	61679.0	62810.0	5116.0	5214.0	38.3	50.9	59.5	65.8
2016-08-09	66222.0	5212.0	1518.0	54802.0	59327.0	4795.0	3964.0	39.3	52.1	59.9	70.5
2016-08-16	67202.0	5213.0	1700.0	55598.0	59032.0	4979.0	5058.0	38.4	52.9	60.6	69.8
2016-08-23	69170.0	5517.0	2210.0	57805.0	60672.0	4436.0	4876.0	37.8	53.3	60.0	68.0
2016-08-30	68361.0	4297.0	3050.0	57270.0	58950.0	5371.0	4938.0	38.8	53.9	61.8	67.6
2016-09-06	62919.0	3863.0	1420.0	53683.0	56732.0	4346.0	3740.0	41.0	55.7	65.7	72.5
2016-09-13	63739.0	3499.0	1575.0	54143.0	56541.0	5070.0	4596.0	41.4	52.8	65.8	69.2
2016-09-20	64528.0	3864.0	1637.0	55034.0	57797.0	4704.0	4168.0	40.3	50.4	64.4	68.5
2016-09-27	65207.0	3029.0	55.0	55801.0	59284.0	4824.0	4315.0	39.6	48.5	62.8	65.7
2016-10-04	69230.0	375.0	0.0	61966.0	63141.0	4960.0	4160.0	41.0	49.2	62.4	66.2
2016-10-11	64857.0	695.0	0.0	58129.0	59232.0	5878.0	5470.0	44.0	51.6	66.9	69.2
2016-10-18	67504.0	1534.0	210.0	61152.0	60968.0	3087.0	4595.0	42.5	51.1	64.5	68.0
2016-10-25	70472.0	1534.0	510.0	63850.0	63032.0	3357.0	5199.0	43.4	51.0	64.4	68.1
2016-11-01	69811.0	1504.0	1292.0	63688.0	61999.0	3268.0	5169.0	42.6	48.6	63.5	66.6
2016-11-08	65548.0	1875.0	0.0	59555.0	59089.0	2906.0	5247.0	45.0	50.9	65.8	69.4
2016-11-15	65275.0	1515.0	235.0	59394.0	58273.0	3030.0	5431.0	44.8	52.0	65.3	68.2
2016-11-22	66623.0	1394.0	0.0	60122.0	59654.0	3452.0	5314.0	43.7	53.0	63.9	67.7
2016-11-29	67771.0	571.0	0.0	61275.0	61924.0	5546.0	5468.0	45.2	51.4	65.5	68.4
2016-12-06	65701.0	726.0	382.0	59499.0	59961.0	4071.0	3953.0	47.3	49.7	67.0	69.0
2016-12-13	70302.0	1848.0	22.0	61363.0	64410.0	5562.0	4341.0	46.3	50.9	65.4	69.6
2016-12-20	70549.0	1288.0	0.0	62237.0	64838.0	5654.0	4341.0	46.5	51.3	64.8	69.4
2016-12-27	70987.0	699.0	0.0	63094.0	64566.0	5685.0	4912.0	45.8	49.8	64.8	67.6
2017-01-03	74309.0	724.0	248.0	68390.0	67831.0	3680.0	4715.0	46.0	49.9	64.4	64.8
2017-01-10	72423.0	674.0	0.0	68098.0	64716.0	1591.0	5647.0	44.7	53.8	67.7	68.0
2017-01-17	73800.0	0.0	154.0	70300.0	65007.0	1504.0	6643.0	49.5	55.7	72.9	70.0
2017-01-24	76885.0	368.0	0.0	73946.0	70994.0	1477.0	4797.0	47.5	56.7	76.9	72.7
2017-01-31	78423.0	492.0	0.0	75277.0	72168.0	1561.0	5162.0	48.4	57.3	77.2	73.0
