2015-10-27	45053.0	802.0	1699.0	43061.0	42226.0	913.0	851.0	51.3	55.5	68.7	70.1
2015-11-03	45066.0	843.0	1699.0	43096.0	42217.0	850.0	873.0	50.2	55.4	67.7	69.7
2015-11-10	42902.0	906.0	1347.0	40935.0	40496.0	806.0	804.0	47.9	56.0	65.7	70.3
2015-11-17	43200.0	865.0	1347.0	41059.0	40753.0	1021.0	845.0	47.2	54.6	64.7	68.6
2015-11-24	43099.0	549.0	1347.0	41296.0	40652.0	999.0	845.0	47.6	55.3	64.7	68.3
2015-12-01	43007.0	506.0	1347.0	41204.0	40582.0	999.0	780.0	47.3	55.5	64.7	68.6
2015-12-08	41082.0	446.0	1027.0	39336.0	38629.0	1002.0	1128.0	46.0	55.9	64.7	68.9
2015-12-15	40990.0	446.0	924.0	39201.0	38558.0	1045.0	1210.0	44.8	57.7	63.5	68.7
2015-12-22	40973.0	345.0	924.0	39562.0	38755.0	768.0	996.0	44.5	57.5	64.4	69.7
2015-12-29	41112.0	345.0	416.0	39407.0	39128.0	788.0	996.0	44.6	57.1	64.0	70.4
2016-01-05	41415.0	408.0	416.0	39603.0	39178.0	855.0	1272.0	44.9	57.1	64.3	70.9
2016-01-12	39283.0	295.0	319.0	37416.0	37379.0	1298.0	1311.0	45.6	58.5	65.9	75.1
2016-01-19	39581.0	316.0	65.0	37460.0	37635.0	1277.0	1353.0	44.9	58.0	64.5	74.4
2016-01-26	39543.0	252.0	65.0	37443.0	38021.0	1277.0	886.0	45.5	55.3	64.4	69.1
2016-02-02	39952.0	234.0	65.0	37892.0	38430.0	1277.0	908.0	44.3	54.3	63.2	68.3
2016-02-09	38677.0	193.0	25.0	36861.0	36975.0	1094.0	1148.0	45.6	54.9	63.8	68.4
2016-02-16	39225.0	375.0	0.0	37179.0	37461.0	1117.0	1210.0	46.4	53.6	64.7	68.5
2016-02-23	39121.0	717.0	0.0	36864.0	37465.0	1072.0	1188.0	45.5	53.0	63.9	67.5
2016-03-01	39162.0	929.0	0.0	36759.0	37527.0	1006.0	1167.0	45.6	53.8	64.1	67.6
2016-03-08	37293.0	1287.0	0.0	34423.0	35185.0	1178.0	1703.0	43.3	54.1	61.7	66.2
2016-03-15	37042.0	1185.0	84.0	34318.0	35214.0	1134.0	1339.0	41.5	53.7	59.9	65.3
2016-03-22	37770.0	1207.0	168.0	35024.0	35880.0	1156.0	1339.0	42.4	54.0	60.9	66.2
2016-03-29	37900.0	1294.0	63.0	35131.0	36095.0	1114.0	1381.0	43.8	53.7	60.4	67.1
2016-04-05	35987.0	1403.0	63.0	33441.0	34533.0	828.0	1076.0	42.9	55.1	60.8	68.9
2016-04-12	37605.0	1107.0	63.0	35269.0	36108.0	871.0	1076.0	44.8	54.5	62.7	70.2
2016-04-19	37699.0	997.0	63.0	35429.0	36158.0	871.0	1076.0	46.9	53.2	64.2	70.4
2016-04-26	38298.0	953.0	63.0	36263.0	36778.0	680.0	1055.0	45.0	51.3	63.2	69.4
2016-05-03	39515.0	953.0	145.0	37375.0	38335.0	785.0	633.0	47.1	50.4	63.6	69.0
2016-05-10	39429.0	909.0	82.0	36948.0	37948.0	702.0	529.0	47.4	49.5	63.5	68.4
2016-05-17	40192.0	972.0	82.0	37711.0	38752.0	702.0	551.0	46.7	50.2	63.7	69.4
2016-05-24	40371.0	1020.0	107.0	37951.0	38823.0	532.0	573.0	46.5	48.7	63.2	69.7
2016-05-31	40519.0	1405.0	85.0	37990.0	39226.0	489.0	573.0	47.0	48.8	63.2	69.7
2016-06-07	39030.0	1470.0	85.0	36413.0	37821.0	554.0	531.0	46.2	48.0	62.5	68.9
2016-06-14	39733.0	1554.0	85.0	37075.0	38524.0	511.0	531.0	45.5	47.8	61.5	68.4
2016-06-21	38287.0	1614.0	82.0	35500.0	37037.0	640.0	635.0	43.8	53.6	58.7	69.1
2016-06-28	39069.0	1594.0	469.0	36325.0	37412.0	597.0	635.0	44.2	52.5	59.4	68.1
2016-07-05	39228.0	1720.0	469.0	36421.0	37654.0	574.0	592.0	44.3	52.6	59.0	68.0
2016-07-12	37902.0	1587.0	469.0	35382.0	36438.0	464.0	526.0	46.1	54.2	59.7	69.8
2016-07-19	36521.0	1286.0	387.0	34005.0	34801.0	464.0	567.0	46.8	57.1	61.2	69.9
2016-07-26	36297.0	1309.0	387.0	33803.0	34577.0	337.0	485.0	46.6	56.1	61.1	69.8
2016-08-02	35532.0	1334.0	387.0	32848.0	33814.0	504.0	485.0	45.2	58.4	61.5	71.6
2016-08-09	33379.0	1018.0	207.0	31130.0	31923.0	427.0	445.0	43.6	55.5	60.8	68.8
2016-08-16	34007.0	1018.0	207.0	31800.0	32551.0	385.0	445.0	44.1	55.8	61.0	68.7
2016-08-23	34191.0	1018.0	207.0	31963.0	32735.0	406.0	445.0	44.0	55.1	60.5	67.9
2016-08-30	34650.0	1186.0	207.0	32296.0	33215.0	385.0	445.0	42.1	55.7	60.0	67.8
2016-09-06	31471.0	729.0	42.0	29373.0	30186.0	650.0	524.0	43.2	55.5	61.7	69.1
2016-09-13	31955.0	751.0	42.0	30069.0	30904.0	671.0	545.0	42.0	56.7	60.9	69.4
2016-09-20	32203.0	815.0	164.0	30337.0	31305.0	842.0	525.0	41.1	55.6	58.1	67.2
2016-09-27	32844.0	795.0	205.0	31019.0	31926.0	821.0	504.0	40.7	55.3	57.5	67.4
2016-10-04	33119.0	794.0	246.0	31294.0	32159.0	821.0	504.0	40.5	54.8	57.6	66.8
2016-10-11	32034.0	773.0	370.0	30440.0	31076.0	674.0	441.0	39.4	55.4	56.2	67.2
2016-10-18	32474.0	920.0	390.0	30712.0	31517.0	674.0	399.0	40.4	55.3	56.8	68.7
2016-10-25	32135.0	899.0	390.0	30394.0	31178.0	674.0	399.0	38.4	55.2	56.4	68.3
2016-11-01	31794.0	920.0	104.0	30074.0	31186.0	674.0	378.0	39.9	57.2	57.8	70.8
2016-11-08	29026.0	857.0	42.0	27007.0	28523.0	1078.0	377.0	41.8	57.4	60.4	70.6
2016-11-15	28933.0	754.0	43.0	26890.0	28367.0	1164.0	398.0	43.1	57.2	62.1	71.1
2016-11-22	30209.0	754.0	43.0	28188.0	29664.0	1142.0	377.0	42.7	55.9	61.0	70.9
2016-11-29	30081.0	754.0	145.0	28102.0	29558.0	1141.0	294.0	42.8	56.1	61.0	70.2
2016-12-06	27400.0	919.0	145.0	25488.0	26920.0	951.0	293.0	43.0	56.0	61.2	70.1
2016-12-13	27978.0	919.0	166.0	26128.0	27497.0	889.0	273.0	40.1	52.6	55.9	66.7
2016-12-20	26905.0	919.0	166.0	24991.0	26403.0	953.0	294.0	39.9	48.2	54.2	63.5
2016-12-27	27157.0	919.0	166.0	25266.0	26676.0	930.0	273.0	37.9	48.2	52.7	63.7
2017-01-03	27463.0	899.0	166.0	25592.0	26982.0	930.0	273.0	37.9	48.8	52.9	64.1
2017-01-10	25490.0	835.0	264.0	23981.0	24974.0	674.0	252.0	37.7	48.1	51.7	61.4
2017-01-17	24735.0	715.0	344.0	23855.0	24096.0	165.0	295.0	36.5	47.6	52.3	60.7
2017-01-24	24537.0	712.0	344.0	23657.0	23918.0	145.0	252.0	37.8	49.4	51.7	59.6
2017-01-31	24637.0	735.0	344.0	23757.0	24041.0	145.0	252.0	37.7	50.9	52.4	61.0
