2015-12-15	7465.0	0.0	300.0	7405.0	7095.0	60.0	70.0	36.8	52.1	59.0	64.8
2015-12-22	7565.0	0.0	300.0	7480.0	7195.0	85.0	70.0	37.0	52.4	58.9	65.6
2015-12-29	7525.0	0.0	300.0	7440.0	7155.0	85.0	70.0	36.5	52.0	58.5	65.3
2016-01-05	7525.0	0.0	300.0	7430.0	7155.0	95.0	70.0	36.5	52.2	58.5	65.4
2016-02-23	7220.0	0.0	300.0	7160.0	6865.0	60.0	55.0	34.7	53.3	54.2	60.8
2016-03-01	7360.0	0.0	300.0	7300.0	7005.0	60.0	55.0	32.3	50.2	50.6	59.4
2016-03-08	6945.0	0.0	300.0	6885.0	6595.0	60.0	50.0	32.0	53.3	51.5	61.6
2016-03-15	6945.0	0.0	300.0	6885.0	6595.0	60.0	50.0	32.0	53.3	51.5	61.6
2016-03-22	6945.0	0.0	300.0	6885.0	6595.0	60.0	50.0	32.0	53.3	51.5	61.6
2016-03-29	6945.0	0.0	300.0	6885.0	6595.0	60.0	50.0	32.0	53.3	51.5	61.6
