2015-12-22	18092.0	6375.0	510.0	11370.0	17490.0	255.0	0.0	56.2	85.1	79.5	96.5
2015-12-29	18092.0	6375.0	510.0	11370.0	17490.0	255.0	0.0	56.2	85.1	79.5	96.5
2016-01-05	18092.0	6375.0	510.0	11370.0	17490.0	255.0	0.0	56.2	85.1	79.5	96.5
2016-01-12	17340.0	6375.0	510.0	10455.0	16830.0	510.0	0.0	58.8	86.8	82.4	98.5
2016-01-19	17340.0	6375.0	510.0	10965.0	16830.0	0.0	0.0	58.8	86.8	82.4	98.5
2016-01-26	17340.0	6375.0	510.0	10965.0	16830.0	0.0	0.0	58.8	86.8	82.4	98.5
2016-02-02	17340.0	6375.0	510.0	10965.0	16830.0	0.0	0.0	58.8	86.8	82.4	98.5
2016-02-09	15980.0	5875.0	470.0	10105.0	15510.0	0.0	0.0	58.8	86.8	82.4	98.5
2016-02-16	15980.0	5875.0	470.0	10105.0	15510.0	0.0	0.0	58.8	86.8	82.4	98.5
2016-02-23	15980.0	5875.0	470.0	10105.0	15510.0	0.0	0.0	58.8	86.8	82.4	98.5
2016-03-01	15980.0	5875.0	470.0	10105.0	15510.0	0.0	0.0	58.8	86.8	82.4	98.5
2016-03-08	14552.0	5350.0	428.0	9202.0	14124.0	0.0	0.0	58.8	86.8	82.4	98.5
2016-03-15	14552.0	5350.0	428.0	9202.0	14124.0	0.0	0.0	58.8	86.8	82.4	98.5
2016-03-22	14552.0	5350.0	428.0	9202.0	14124.0	0.0	0.0	58.8	86.8	82.4	98.5
2016-03-29	14552.0	5350.0	428.0	9202.0	14124.0	0.0	0.0	58.8	86.8	82.4	98.5
2016-04-05	12988.0	4775.0	382.0	8213.0	12606.0	0.0	0.0	58.8	86.8	82.4	98.5
2016-04-12	12988.0	4775.0	382.0	8213.0	12606.0	0.0	0.0	58.8	86.8	82.4	98.5
2016-04-19	12988.0	4775.0	382.0	8213.0	12606.0	0.0	0.0	58.8	86.8	82.4	98.5
2016-04-26	12988.0	4775.0	382.0	8213.0	12606.0	0.0	0.0	58.8	86.8	82.4	98.5
2016-05-03	12988.0	4775.0	382.0	8213.0	12606.0	0.0	0.0	58.8	86.8	82.4	98.5
2016-05-10	11560.0	4250.0	340.0	7310.0	11220.0	0.0	0.0	58.8	86.8	82.4	98.5
2016-05-17	11560.0	4250.0	340.0	7310.0	11220.0	0.0	0.0	58.8	86.8	82.4	98.5
2016-05-24	11560.0	4250.0	340.0	7310.0	11220.0	0.0	0.0	58.8	86.8	82.4	98.5
2016-05-31	11560.0	4250.0	340.0	7310.0	11220.0	0.0	0.0	58.8	86.8	82.4	98.5
2016-06-07	10132.0	3725.0	298.0	6407.0	9834.0	0.0	0.0	58.8	86.8	82.4	98.5
2016-06-14	10132.0	3725.0	298.0	6407.0	9834.0	0.0	0.0	58.8	86.8	82.4	98.5
2016-06-21	10132.0	3725.0	298.0	6407.0	9834.0	0.0	0.0	58.8	86.8	82.4	98.5
2016-06-28	10132.0	3725.0	298.0	6407.0	9834.0	0.0	0.0	58.8	86.8	82.4	98.5
2016-07-05	10132.0	3175.0	254.0	5461.0	8382.0	1496.0	1496.0	50.1	74.0	70.2	84.0
2016-07-12	8636.0	3175.0	254.0	5461.0	8382.0	0.0	0.0	58.8	86.8	82.4	98.5
2016-07-19	8636.0	3175.0	254.0	5461.0	8382.0	0.0	0.0	58.8	86.8	82.4	98.5
2016-07-26	8636.0	3175.0	254.0	5461.0	8382.0	0.0	0.0	58.8	86.8	82.4	98.5
2016-08-02	8636.0	3095.0	254.0	5421.0	8282.0	120.0	100.0	58.8	85.6	81.4	97.4
2016-08-09	7276.0	2675.0	214.0	4578.0	7062.0	23.0	0.0	58.8	86.8	82.4	98.5
2016-08-16	7276.0	2675.0	214.0	4578.0	7062.0	23.0	0.0	58.8	86.8	82.4	98.5
2016-08-23	7276.0	2675.0	214.0	4578.0	7062.0	23.0	0.0	58.8	86.8	82.4	98.5
2016-08-30	7276.0	2675.0	214.0	4578.0	7062.0	23.0	0.0	58.8	86.8	82.4	98.5
2016-09-06	5712.0	2100.0	168.0	3612.0	5544.0	0.0	0.0	58.8	86.8	82.4	98.5
2016-09-13	5712.0	2100.0	168.0	3612.0	5544.0	0.0	0.0	58.8	86.8	82.4	98.5
2016-09-20	5712.0	2100.0	168.0	3612.0	5544.0	0.0	0.0	58.8	86.8	82.4	98.5
2016-09-27	5712.0	2100.0	168.0	3612.0	5544.0	0.0	0.0	58.8	86.8	82.4	98.5
2016-10-04	5712.0	2016.0	168.0	3570.0	5439.0	126.0	105.0	58.8	84.9	80.9	96.7
2016-10-11	4284.0	1575.0	126.0	2709.0	4158.0	0.0	0.0	58.8	86.8	82.4	98.5
2016-10-18	4242.0	1575.0	126.0	2667.0	4116.0	0.0	0.0	59.4	87.6	83.2	99.5
2016-10-25	4242.0	1575.0	126.0	2667.0	4116.0	0.0	0.0	59.4	87.6	83.2	99.5
2016-11-01	4242.0	1575.0	126.0	2667.0	4116.0	0.0	0.0	59.4	87.6	83.2	99.5
2016-11-08	2814.0	1050.0	84.0	1764.0	2730.0	0.0	0.0	59.7	88.1	83.6	100.0
2016-11-15	2814.0	1050.0	84.0	1764.0	2730.0	0.0	0.0	59.7	88.1	83.6	100.0
2016-11-22	2814.0	1050.0	84.0	1764.0	2730.0	0.0	0.0	59.7	88.1	83.6	100.0
2016-11-29	2814.0	1050.0	84.0	1764.0	2730.0	0.0	0.0	59.7	88.1	83.6	100.0
2016-12-06	1407.0	525.0	42.0	882.0	1365.0	0.0	0.0	59.7	88.1	83.6	100.0
2016-12-13	1407.0	525.0	42.0	882.0	1365.0	0.0	0.0	59.7	88.1	83.6	100.0
2016-12-20	1407.0	525.0	42.0	882.0	1365.0	0.0	0.0	59.7	88.1	83.6	100.0
2016-12-27	11821.0	4547.0	1270.0	6957.0	9493.0	275.0	1016.0	54.4	77.7	79.7	85.9
2017-01-03	11821.0	4547.0	1270.0	6957.0	9493.0	275.0	1016.0	54.4	77.7	79.7	85.9
