2016-02-02	9790.0	1425.0	8255.0	7370.0	500.0	0.0	40.0	78.6	71.2	88.3	83.0
2016-02-09	11235.0	1525.0	9700.0	8715.0	500.0	0.0	40.0	78.7	70.1	89.4	84.2
2016-02-16	11335.0	775.0	9900.0	9665.0	500.0	0.0	40.0	80.0	67.6	90.3	84.3
2016-02-23	11835.0	1275.0	10400.0	9665.0	500.0	0.0	40.0	76.6	67.7	90.7	85.0
2016-03-01	11235.0	2350.0	9800.0	7990.0	500.0	0.0	40.0	71.6	68.2	90.3	84.2
2016-03-08	11235.0	2350.0	9800.0	7990.0	500.0	0.0	40.0	71.6	68.2	90.3	84.2
2016-03-15	11585.0	2650.0	10100.0	7990.0	500.0	0.0	40.0	71.1	68.9	90.1	84.9
2016-03-22	11585.0	2650.0	10100.0	7990.0	500.0	0.0	40.0	71.1	68.9	90.1	84.9
2016-03-29	11585.0	2650.0	10100.0	7990.0	500.0	0.0	40.0	71.1	66.8	90.1	84.0
2016-04-05	12460.0	3250.0	10975.0	8265.0	500.0	0.0	40.0	70.9	68.3	90.8	85.2
2016-04-12	14460.0	3800.0	12675.0	9415.0	500.0	0.0	40.0	68.0	70.6	86.2	85.1
2016-04-19	15460.0	4200.0	13175.0	9515.0	500.0	0.0	40.0	64.3	70.6	83.5	83.2
2016-04-26	16660.0	4350.0	13825.0	10015.0	500.0	0.0	40.0	61.3	73.6	80.5	83.8
2016-05-03	16670.0	4860.0	13835.0	10015.0	1000.0	0.0	40.0	58.3	72.9	77.5	84.0
2016-05-10	16670.0	4760.0	13835.0	10115.0	1000.0	0.0	40.0	58.3	72.9	77.5	84.0
2016-05-17	16520.0	4810.0	13885.0	10115.0	1000.0	0.0	40.0	58.8	73.8	78.5	84.7
2016-05-24	16520.0	4810.0	13885.0	10115.0	1000.0	0.0	40.0	58.8	73.8	78.5	84.7
2016-05-31	16520.0	4810.0	13885.0	10115.0	1000.0	0.0	40.0	58.8	73.8	78.5	84.7
2016-06-07	16720.0	5010.0	14085.0	10115.0	1000.0	0.0	40.0	58.1	71.7	78.7	84.2
2016-06-14	17320.0	5510.0	14385.0	9915.0	1000.0	0.0	40.0	56.8	71.0	74.9	83.0
2016-06-21	17770.0	6010.0	14835.0	9865.0	1000.0	0.0	40.0	56.5	70.6	73.0	82.8
2016-06-28	17770.0	6010.0	14435.0	10715.0	2250.0	0.0	40.0	56.5	70.9	73.0	82.8
2016-07-05	17920.0	6160.0	14585.0	10715.0	2250.0	0.0	40.0	56.0	71.1	73.2	83.0
2016-07-12	18620.0	4310.0	14785.0	12865.0	2350.0	0.0	40.0	55.3	69.5	73.1	81.5
2016-07-19	19420.0	4260.0	15035.0	13365.0	2550.0	0.0	40.0	57.1	67.7	74.2	78.9
2016-07-26	19870.0	4460.0	15135.0	13615.0	2900.0	0.0	40.0	58.6	69.4	73.6	80.1
2016-08-02	20220.0	4560.0	15485.0	13865.0	2900.0	0.0	40.0	58.8	70.0	74.1	80.5
2016-08-09	20520.0	4760.0	15685.0	13965.0	3000.0	0.0	40.0	59.9	68.9	75.4	79.8
2016-08-16	20720.0	4760.0	15685.0	14165.0	3200.0	0.0	40.0	60.3	68.9	75.7	80.0
2016-08-23	20720.0	4760.0	15685.0	14165.0	3200.0	0.0	40.0	60.3	68.9	75.7	80.0
2016-08-30	21420.0	4590.0	16235.0	15015.0	3250.0	20.0	140.0	61.3	66.6	77.6	79.7
2016-09-06	21920.0	4690.0	16835.0	15415.0	3250.0	20.0	40.0	62.2	67.8	78.1	80.6
2016-09-13	22895.0	5040.0	17985.0	16115.0	3150.0	20.0	40.0	64.8	65.6	81.3	80.5
2016-09-20	24295.0	5390.0	18585.0	17165.0	3950.0	20.0	40.0	62.1	63.9	81.3	80.5
2016-09-27	24445.0	5390.0	18735.0	17315.0	3950.0	20.0	40.0	61.8	64.1	81.4	80.6
2016-10-04	25495.0	5990.0	19135.0	17765.0	4600.0	20.0	40.0	61.4	64.6	81.0	83.8
2016-10-11	27145.0	5990.0	17085.0	20815.0	9700.0	20.0	40.0	63.8	63.4	82.2	84.2
2016-10-18	27715.0	6235.0	17380.0	21265.0	10100.0	20.0	40.0	65.0	63.2	82.6	84.0
2016-10-25	27915.0	6235.0	17380.0	21465.0	10300.0	20.0	40.0	65.3	62.8	82.7	84.1
2016-11-01	28215.0	6435.0	17230.0	21565.0	10750.0	20.0	40.0	65.3	63.9	82.7	85.0
2016-11-08	29130.0	6700.0	18065.0	22215.0	10870.0	20.0	0.0	66.4	62.2	83.9	84.6
2016-11-15	30130.0	7124.0	18765.0	22815.0	11194.0	20.0	0.0	65.5	61.5	83.4	84.5
2016-11-22	30230.0	6724.0	18865.0	23315.0	11194.0	20.0	0.0	66.9	60.9	85.7	84.2
2016-11-29	30110.0	6824.0	18745.0	23195.0	11294.0	20.0	0.0	66.8	61.5	85.7	84.9
2016-12-06	30760.0	5734.0	19545.0	24935.0	11144.0	20.0	0.0	66.3	62.6	85.5	86.5
2016-12-13	31410.0	5934.0	19645.0	25385.0	11694.0	20.0	0.0	66.4	62.0	85.3	86.5
2016-12-20	31410.0	5934.0	19645.0	25385.0	11694.0	20.0	0.0	66.4	62.0	85.3	86.5
2016-12-27	31860.0	6184.0	19645.0	25585.0	12144.0	20.0	0.0	66.1	62.1	85.0	86.7
2017-01-03	32159.0	6234.0	19695.0	25885.0	12444.0	20.0	0.0	66.1	62.4	85.3	87.1
2017-01-10	32810.0	6284.0	19445.0	26285.0	13144.0	20.0	0.0	65.1	63.6	85.2	88.0
2017-01-17	31509.0	6784.0	18345.0	24685.0	13144.0	20.0	0.0	61.7	66.2	84.5	88.1
2017-01-24	31410.0	8535.0	18896.0	22535.0	12194.0	20.0	0.0	65.6	68.0	87.8	85.8
2017-01-31	34760.0	9484.0	21545.0	25135.0	13094.0	20.0	0.0	61.3	63.2	86.5	85.2
