2016-02-02	9225.0	1575.0	7050.0	7050.0	1575.0	0.0	0.0	67.8	66.7	85.4	88.3
2016-02-09	10695.0	2495.0	7970.0	7600.0	2125.0	0.0	0.0	61.7	68.7	80.1	89.9
2016-02-16	10795.0	2495.0	7470.0	7600.0	2625.0	0.0	0.0	61.1	72.7	79.4	89.1
2016-02-23	10795.0	2545.0	7270.0	7250.0	2525.0	0.0	0.0	57.9	68.1	78.9	83.3
2016-03-01	10845.0	2595.0	7170.0	7250.0	2675.0	0.0	0.0	57.6	66.4	78.6	83.4
2016-03-08	10845.0	2845.0	7120.0	7000.0	2725.0	0.0	0.0	55.3	65.0	76.3	83.4
2016-03-15	11695.0	3545.0	6820.0	7000.0	3725.0	0.0	0.0	51.3	65.6	72.4	83.3
2016-03-22	11645.0	3645.0	7020.0	7000.0	3625.0	0.0	0.0	51.5	64.2	73.0	84.5
2016-03-29	11645.0	3645.0	7020.0	7000.0	3625.0	0.0	0.0	51.5	64.2	73.0	84.5
2016-04-05	11745.0	3645.0	7120.0	7100.0	3625.0	0.0	0.0	51.9	62.8	73.2	84.7
2016-04-12	11845.0	3745.0	7120.0	7100.0	3725.0	0.0	0.0	51.5	62.3	73.4	84.8
2016-04-19	11945.0	3745.0	7020.0	7200.0	3925.0	0.0	0.0	51.9	63.4	73.7	84.9
2016-04-26	11945.0	3745.0	7020.0	7200.0	3925.0	0.0	0.0	51.9	63.4	73.7	84.9
2016-05-03	12145.0	3770.0	6920.0	7375.0	4225.0	0.0	0.0	52.5	64.8	74.5	85.2
2016-05-10	12295.0	3920.0	6920.0	7375.0	4375.0	0.0	0.0	51.9	65.3	74.8	85.4
2016-05-17	12195.0	3820.0	6920.0	7375.0	4275.0	0.0	0.0	52.3	65.0	74.6	85.2
2016-05-24	12195.0	3820.0	6920.0	7375.0	4275.0	0.0	0.0	52.3	65.0	74.6	85.2
2016-05-31	12195.0	3820.0	6920.0	7375.0	4275.0	0.0	0.0	52.3	65.0	74.6	85.2
2016-06-07	12345.0	3970.0	6920.0	7375.0	4425.0	0.0	0.0	51.6	65.4	74.9	85.4
2016-06-14	12595.0	4120.0	6920.0	7475.0	4675.0	0.0	0.0	51.4	66.1	73.8	85.7
2016-06-21	13620.0	4620.0	7470.0	8350.0	5500.0	0.0	0.0	52.1	61.9	73.8	81.5
2016-06-28	14420.0	5420.0	7770.0	8400.0	6050.0	0.0	0.0	55.0	61.5	77.3	84.6
2016-07-05	14570.0	5520.0	7770.0	8450.0	6200.0	0.0	0.0	55.4	60.9	77.6	84.7
2016-07-12	15820.0	4570.0	7770.0	9500.0	7450.0	1150.0	0.0	53.7	61.2	76.2	85.9
2016-07-19	16035.0	4735.0	7870.0	10700.0	7565.0	0.0	0.0	54.2	61.7	79.5	86.1
2016-07-26	16235.0	4935.0	7870.0	10700.0	7765.0	0.0	0.0	54.8	62.2	79.7	86.3
2016-08-02	17585.0	6085.0	7520.0	10900.0	9465.0	0.0	0.0	55.4	65.6	81.3	86.8
2016-08-09	17585.0	6085.0	7420.0	10900.0	9565.0	0.0	0.0	55.4	64.8	81.3	85.6
2016-08-16	17585.0	6085.0	7420.0	10900.0	9565.0	0.0	0.0	55.4	64.8	81.3	85.6
2016-08-23	17785.0	6285.0	7320.0	10900.0	9865.0	0.0	0.0	55.9	64.6	81.5	84.7
2016-08-30	17785.0	6285.0	7820.0	10900.0	9365.0	0.0	0.0	55.3	63.8	80.9	86.4
2016-09-06	16965.0	6715.0	6800.0	9650.0	9565.0	0.0	0.0	50.6	68.9	77.5	88.4
2016-09-13	16965.0	6715.0	6800.0	9650.0	9565.0	0.0	0.0	50.6	68.9	77.5	88.4
2016-09-20	16835.0	6685.0	6870.0	9550.0	9365.0	0.0	0.0	50.4	68.3	78.6	87.9
2016-09-27	16885.0	6835.0	6820.0	9450.0	9465.0	0.0	0.0	50.9	67.5	79.0	87.3
2016-10-04	16885.0	6835.0	6820.0	9450.0	9465.0	0.0	0.0	50.9	67.5	79.0	87.3
2016-10-11	16885.0	6835.0	6820.0	9450.0	9465.0	0.0	0.0	50.9	67.5	79.0	86.7
2016-10-18	18191.0	7965.0	6900.0	9276.0	10341.0	0.0	0.0	51.5	69.5	79.8	90.4
2016-10-25	18391.0	7865.0	6700.0	9126.0	10291.0	0.0	0.0	50.9	69.8	78.9	88.0
2016-11-01	19141.0	8465.0	7200.0	9276.0	10541.0	0.0	0.0	49.7	70.0	77.1	88.5
2016-11-08	19716.0	8365.0	7450.0	9951.0	10866.0	0.0	0.0	49.0	70.3	77.4	88.8
2016-11-15	20216.0	8210.0	7050.0	10606.0	11766.0	0.0	0.0	51.7	71.8	80.1	88.6
2016-11-22	20116.0	8410.0	6950.0	10306.0	11766.0	0.0	0.0	51.8	72.2	79.3	88.6
2016-11-29	20116.0	8410.0	6950.0	10306.0	11766.0	0.0	0.0	51.8	72.2	79.3	88.6
2016-12-06	20516.0	8160.0	6800.0	10956.0	12316.0	0.0	0.0	52.3	73.2	79.4	88.8
2016-12-13	20766.0	8360.0	6800.0	11006.0	12566.0	0.0	0.0	51.6	73.0	78.5	88.4
2016-12-20	20766.0	8360.0	6800.0	11006.0	12566.0	0.0	0.0	51.6	73.0	78.5	88.4
2016-12-27	20766.0	8360.0	6800.0	11006.0	12566.0	0.0	0.0	51.6	73.0	78.5	88.4
2017-01-03	20816.0	8360.0	6800.0	11056.0	12616.0	0.0	0.0	51.5	73.1	78.8	88.5
2017-01-10	22066.0	7860.0	6850.0	13056.0	14066.0	0.0	0.0	50.3	75.8	78.8	89.4
2017-01-17	22216.0	8060.0	6850.0	13006.0	14216.0	0.0	0.0	50.8	75.5	79.2	89.0
2017-01-24	22216.0	7960.0	6850.0	13106.0	14216.0	0.0	0.0	50.4	75.5	78.8	89.0
2017-01-31	21866.0	8060.0	9900.0	13106.0	11266.0	0.0	0.0	50.2	64.8	79.3	90.9
