2016-02-09	21975.0	10700.0	18045.0	10125.0	2430.0	0.0	350.0	76.7	76.9	90.1	92.8
2016-02-16	25525.0	13600.0	21295.0	11075.0	3030.0	0.0	350.0	77.2	76.8	91.1	94.6
2016-02-23	25375.0	13450.0	21145.0	11075.0	3030.0	0.0	350.0	78.4	76.9	92.4	95.0
2016-03-01	25575.0	13650.0	21295.0	11075.0	3080.0	0.0	350.0	77.8	81.3	91.7	95.0
2016-03-08	25575.0	13650.0	21295.0	11075.0	3080.0	0.0	350.0	77.8	81.3	91.7	95.0
2016-03-15	26075.0	14150.0	21795.0	11075.0	3080.0	0.0	350.0	76.3	83.2	91.9	95.1
2016-03-22	26975.0	14750.0	22695.0	11375.0	3080.0	0.0	350.0	76.0	84.5	91.0	95.3
2016-03-29	26975.0	14750.0	22695.0	11375.0	3080.0	0.0	350.0	76.0	84.5	91.0	95.3
2016-04-05	27675.0	14950.0	23395.0	11875.0	3080.0	0.0	350.0	75.2	83.8	90.2	95.4
2016-04-12	28625.0	15750.0	24345.0	12025.0	3080.0	0.0	350.0	73.4	84.4	88.0	95.5
2016-04-19	28825.0	15950.0	24345.0	12025.0	3080.0	0.0	550.0	72.9	83.8	87.4	94.9
2016-04-26	29425.0	16350.0	25495.0	12225.0	3080.0	0.0	0.0	72.0	83.1	86.7	95.0
2016-05-03	29925.0	16350.0	25995.0	12725.0	3080.0	0.0	0.0	72.5	83.4	86.9	95.1
2016-05-10	30425.0	16250.0	26395.0	13325.0	3180.0	0.0	0.0	71.0	84.0	85.5	95.2
2016-05-17	30425.0	16250.0	26395.0	13325.0	3180.0	0.0	0.0	71.0	84.0	85.5	95.2
2016-05-24	30425.0	16250.0	26395.0	13325.0	3180.0	0.0	0.0	71.0	84.0	85.5	95.2
2016-05-31	30425.0	16250.0	26395.0	13325.0	3180.0	0.0	0.0	71.0	84.0	85.5	95.2
2016-06-07	30525.0	16350.0	26495.0	13325.0	3180.0	0.0	0.0	71.1	83.7	85.5	95.2
2016-06-14	31225.0	17350.0	26045.0	12825.0	4130.0	0.0	0.0	66.6	80.4	82.5	93.2
2016-06-21	31425.0	17550.0	26245.0	12825.0	4130.0	0.0	0.0	65.9	79.6	81.6	92.9
2016-06-28	31725.0	17850.0	25395.0	13225.0	5680.0	0.0	0.0	65.2	79.7	80.9	93.0
2016-07-05	31925.0	17550.0	25545.0	13725.0	5730.0	0.0	0.0	65.5	79.9	81.0	93.0
2016-07-12	32325.0	16950.0	25945.0	14725.0	5730.0	0.0	0.0	64.8	79.4	81.1	92.3
2016-07-19	32525.0	17050.0	26145.0	14825.0	5730.0	0.0	0.0	64.7	79.2	80.9	92.4
2016-07-26	32875.0	16850.0	26645.0	15375.0	5580.0	0.0	0.0	63.3	77.0	80.3	91.0
2016-08-02	32975.0	16950.0	26745.0	15375.0	5580.0	0.0	0.0	63.1	77.1	80.1	91.0
2016-08-09	33425.0	17400.0	26945.0	15375.0	5830.0	0.0	0.0	61.9	76.6	80.2	90.7
2016-08-16	33625.0	17400.0	26945.0	15575.0	6030.0	0.0	0.0	62.2	76.2	80.3	90.7
2016-08-23	33625.0	17400.0	26945.0	15575.0	6030.0	0.0	0.0	62.2	76.2	80.3	90.7
2016-08-30	33775.0	17500.0	27345.0	15625.0	5780.0	0.0	0.0	63.1	75.0	81.6	89.9
2016-09-06	33775.0	17500.0	27745.0	15625.0	5380.0	0.0	0.0	64.2	75.0	82.8	90.0
2016-09-13	34275.0	17900.0	29145.0	15725.0	4480.0	0.0	0.0	67.1	75.0	85.9	92.2
2016-09-20	34800.0	18550.0	29170.0	15600.0	4980.0	0.0	0.0	66.7	74.3	85.5	92.5
2016-09-27	34935.0	17910.0	29189.0	16075.0	4796.0	0.0	0.0	67.0	74.0	85.7	92.0
2016-10-04	34150.0	17700.0	28364.0	15600.0	4936.0	0.0	0.0	66.7	73.4	85.6	92.3
2016-10-11	34650.0	17900.0	11710.0	15900.0	22090.0	0.0	0.0	67.2	73.7	87.3	92.5
2016-10-18	34350.0	18300.0	11660.0	15200.0	21840.0	0.0	0.0	69.5	74.2	88.9	93.1
2016-10-25	34460.0	18420.0	11670.0	15200.0	21950.0	0.0	0.0	69.3	74.0	88.6	92.3
2016-11-01	34260.0	18510.0	11660.0	15150.0	22000.0	0.0	0.0	69.6	74.6	88.8	92.9
2016-11-08	34610.0	18810.0	12110.0	15200.0	21900.0	0.0	0.0	68.8	73.8	88.6	93.3
2016-11-15	34460.0	18660.0	11910.0	15200.0	21950.0	0.0	0.0	69.1	72.7	88.4	92.6
2016-11-22	34110.0	18910.0	11910.0	14600.0	21600.0	0.0	0.0	68.0	73.2	88.1	93.2
2016-11-29	34110.0	18910.0	11910.0	14600.0	21600.0	0.0	0.0	68.0	73.2	88.1	93.2
2016-12-06	33960.0	17960.0	11910.0	15400.0	21450.0	0.0	0.0	68.3	73.5	89.7	93.6
2016-12-13	33510.0	18010.0	11410.0	14900.0	21500.0	0.0	0.0	67.7	74.5	89.4	93.4
2016-12-20	33510.0	18010.0	11410.0	14900.0	21500.0	0.0	0.0	67.7	74.5	89.4	93.4
2016-12-27	33210.0	17960.0	11310.0	14650.0	21300.0	0.0	0.0	67.8	75.1	89.3	94.1
2017-01-03	33510.0	17960.0	11610.0	14950.0	21300.0	0.0	0.0	67.1	75.7	89.4	94.1
2017-01-10	33310.0	17760.0	11410.0	14950.0	21300.0	0.0	0.0	66.6	74.6	89.0	92.8
2017-01-17	33210.0	17760.0	11410.0	14850.0	21200.0	0.0	0.0	67.0	74.8	89.5	93.1
2017-01-24	34260.0	17710.0	11110.0	15950.0	22550.0	0.0	0.0	64.9	72.5	89.9	91.8
2017-01-31	34180.0	17830.0	11280.0	15750.0	22300.0	0.0	0.0	65.7	73.2	90.2	93.1
