2016-02-09	5890.0	2925.0	3170.0	2525.0	2300.0	20.0	0.0	52.5	64.5	70.4	81.8
2016-02-16	5990.0	3025.0	3070.0	2525.0	2500.0	20.0	0.0	51.7	67.6	70.9	82.1
2016-02-23	6440.0	3375.0	3070.0	2625.0	2950.0	20.0	0.0	54.0	66.0	72.9	82.6
2016-03-01	6440.0	3375.0	3020.0	2625.0	3000.0	20.0	0.0	54.0	69.1	72.9	82.6
2016-03-08	6800.0	3325.0	3120.0	3135.0	3360.0	20.0	0.0	54.9	67.1	75.5	85.0
2016-03-15	6900.0	3275.0	3520.0	3285.0	3060.0	20.0	0.0	56.3	70.0	75.9	85.9
2016-03-22	6900.0	3275.0	3320.0	3085.0	3060.0	20.0	0.0	53.4	71.4	73.0	84.5
2016-03-29	6900.0	3275.0	3320.0	3085.0	3060.0	20.0	0.0	53.4	71.4	73.0	84.5
2016-04-05	6600.0	3275.0	3470.0	2935.0	2760.0	20.0	0.0	53.6	68.6	74.0	84.5
2016-04-12	6650.0	3275.0	3320.0	2835.0	2810.0	20.0	0.0	51.7	68.9	72.0	82.4
2016-04-19	7400.0	4025.0	3570.0	3035.0	3510.0	20.0	0.0	58.9	61.9	74.1	80.8
2016-04-26	7400.0	4025.0	3570.0	3035.0	3510.0	20.0	0.0	58.9	61.9	74.1	80.8
2016-05-03	8550.0	4325.0	4270.0	3885.0	3960.0	20.0	0.0	64.4	58.0	77.6	84.0
2016-05-10	8800.0	4425.0	4520.0	4035.0	3960.0	20.0	0.0	65.2	59.2	78.2	84.4
2016-05-17	9300.0	4425.0	4970.0	4535.0	4010.0	20.0	0.0	64.4	61.4	77.3	85.3
2016-05-24	9300.0	4325.0	4970.0	4635.0	4010.0	20.0	0.0	63.5	61.4	77.3	85.3
2016-05-31	9400.0	4325.0	5070.0	4735.0	4010.0	20.0	0.0	63.1	61.8	77.5	85.4
2016-06-07	9850.0	4425.0	5170.0	5085.0	4360.0	20.0	0.0	63.8	58.6	77.5	83.0
2016-06-14	9950.0	4425.0	5220.0	5185.0	4410.0	20.0	0.0	64.2	58.9	77.7	83.2
2016-06-21	9950.0	4425.0	5470.0	5185.0	4160.0	20.0	0.0	64.2	61.0	77.7	83.7
2016-06-28	10000.0	4425.0	3620.0	5235.0	6060.0	20.0	0.0	64.4	62.2	77.9	83.8
2016-07-05	10600.0	5125.0	4170.0	5135.0	6110.0	20.0	0.0	60.2	63.9	76.7	84.7
2016-07-12	11300.0	4725.0	4770.0	6035.0	6210.0	220.0	0.0	62.7	65.2	78.2	84.8
2016-07-19	11700.0	4825.0	4770.0	6535.0	6610.0	20.0	0.0	64.0	64.8	78.9	85.3
2016-07-26	12450.0	5025.0	4970.0	7085.0	7160.0	20.0	0.0	66.1	66.9	80.2	86.2
2016-08-02	14050.0	5325.0	6370.0	8385.0	7360.0	20.0	0.0	65.7	68.9	79.3	86.0
2016-08-09	14150.0	5575.0	6220.0	8235.0	7610.0	20.0	0.0	66.0	67.3	79.4	84.3
2016-08-16	14150.0	5575.0	6220.0	8235.0	7610.0	20.0	0.0	66.0	67.3	79.4	84.3
2016-08-23	14050.0	5575.0	5420.0	8135.0	8310.0	20.0	0.0	62.9	64.3	76.4	81.4
2016-08-30	14450.0	5475.0	5370.0	8635.0	8760.0	20.0	0.0	61.8	63.9	76.0	80.5
2016-09-06	14400.0	5775.0	5370.0	8285.0	8710.0	20.0	0.0	59.6	66.2	75.7	82.8
2016-09-13	14550.0	5775.0	5370.0	8435.0	8860.0	20.0	0.0	59.0	66.5	74.9	83.0
2016-09-20	15050.0	6275.0	5370.0	8435.0	9360.0	20.0	0.0	57.7	67.6	75.8	83.6
2016-09-27	15400.0	8025.0	6320.0	7185.0	8910.0	20.0	0.0	58.7	72.3	80.6	89.2
2016-10-04	15150.0	8025.0	6320.0	6935.0	8660.0	20.0	0.0	59.3	71.8	80.3	89.0
2016-10-11	15800.0	8225.0	6770.0	7185.0	8660.0	20.0	0.0	58.4	71.7	79.8	88.2
2016-10-18	17350.0	8125.0	8020.0	8935.0	9060.0	20.0	0.0	66.5	79.7	86.0	95.0
2016-10-25	17900.0	8025.0	8520.0	9585.0	9110.0	20.0	0.0	66.1	79.2	85.1	94.6
2016-11-01	17780.0	8275.0	8520.0	9285.0	9060.0	20.0	0.0	64.6	78.9	85.3	94.1
2016-11-08	17730.0	8225.0	8420.0	9285.0	9110.0	20.0	0.0	62.2	78.8	84.1	94.1
2016-11-15	16705.0	7750.0	7920.0	8735.0	8585.0	20.0	0.0	60.6	78.7	83.3	94.3
2016-11-22	16550.0	7800.0	7965.0	8530.0	8385.0	20.0	0.0	60.9	78.5	83.1	94.3
2016-11-29	16150.0	7500.0	7915.0	8430.0	8035.0	20.0	0.0	60.4	78.0	82.7	94.1
2016-12-06	15550.0	7250.0	7365.0	8080.0	7985.0	20.0	0.0	62.4	77.2	86.7	93.9
2016-12-13	15370.0	7250.0	7165.0	7900.0	8005.0	20.0	0.0	63.1	75.8	87.7	92.7
2016-12-20	15370.0	7250.0	7165.0	7900.0	8005.0	20.0	0.0	63.1	75.8	87.7	92.7
2016-12-27	15070.0	7250.0	7165.0	7600.0	7705.0	20.0	0.0	63.7	75.3	88.8	92.6
2017-01-03	15020.0	7200.0	7015.0	7600.0	7805.0	20.0	0.0	63.6	73.6	88.4	91.3
2017-01-10	15270.0	7550.0	6165.0	7500.0	8905.0	20.0	0.0	63.5	66.8	87.3	90.5
2017-01-17	15270.0	7550.0	6165.0	7500.0	8905.0	20.0	0.0	63.5	66.8	87.3	90.5
2017-01-24	15220.0	7450.0	5965.0	7550.0	9055.0	20.0	0.0	64.1	66.7	87.3	90.5
2017-01-31	15120.0	7500.0	6215.0	7600.0	8905.0	20.0	0.0	63.8	67.1	86.8	91.1
