2016-02-16	6975.0	4425.0	5175.0	2450.0	1700.0	0.0	0.0	78.5	72.4	95.7	94.3
2016-02-23	7475.0	4925.0	5675.0	2450.0	1700.0	0.0	0.0	73.2	74.2	96.0	94.7
2016-03-01	7625.0	3900.0	5825.0	3625.0	1700.0	0.0	0.0	73.8	80.7	95.4	96.1
2016-03-08	7625.0	3900.0	5825.0	3625.0	1700.0	0.0	0.0	73.8	80.7	95.4	96.1
2016-03-15	7825.0	4100.0	6025.0	3625.0	1700.0	0.0	0.0	73.2	82.4	95.5	97.1
2016-03-22	8225.0	4500.0	6025.0	3625.0	2100.0	0.0	0.0	74.5	83.3	95.7	97.3
2016-04-12	10650.0	6025.0	8550.0	4525.0	2000.0	0.0	0.0	73.0	70.0	93.9	97.5
2016-04-19	11150.0	6575.0	8900.0	4475.0	2150.0	0.0	0.0	70.0	69.1	94.6	93.5
2016-04-26	11600.0	6825.0	9350.0	4675.0	2150.0	0.0	0.0	71.6	70.3	95.3	93.8
2016-05-03	11510.0	6725.0	9210.0	4675.0	2200.0	10.0	0.0	73.0	69.6	96.9	93.3
2016-05-10	11610.0	6725.0	9310.0	4775.0	2200.0	10.0	0.0	72.4	69.0	96.0	92.5
2016-05-17	11860.0	6875.0	9360.0	4775.0	2300.0	10.0	0.0	73.6	73.9	96.1	91.0
2016-05-24	11860.0	6875.0	9360.0	4775.0	2300.0	10.0	0.0	73.6	73.9	96.1	91.0
2016-05-31	11860.0	6875.0	9110.0	4775.0	2550.0	10.0	0.0	73.6	76.0	96.1	92.2
2016-06-07	11860.0	6875.0	9110.0	4775.0	2550.0	10.0	0.0	73.6	76.0	96.1	92.2
2016-06-14	12910.0	7425.0	9560.0	4975.0	2850.0	10.0	0.0	68.4	71.7	89.1	90.5
2016-06-21	13810.0	8225.0	9710.0	5075.0	3600.0	10.0	0.0	66.1	67.1	88.3	91.2
2016-06-28	13810.0	8225.0	8260.0	5075.0	5050.0	10.0	0.0	66.1	67.1	88.3	91.2
2016-07-05	13960.0	8225.0	8160.0	5075.0	5150.0	10.0	0.0	65.4	67.4	87.4	92.0
2016-07-12	13960.0	6225.0	8160.0	7075.0	5150.0	10.0	0.0	65.4	67.4	87.4	92.0
2016-07-19	14160.0	6425.0	8160.0	7075.0	5350.0	10.0	0.0	64.4	66.5	87.6	92.1
2016-07-26	14910.0	6825.0	8610.0	7425.0	5650.0	10.0	0.0	63.5	64.5	87.2	92.5
2016-08-02	15110.0	7025.0	8610.0	7425.0	5850.0	10.0	0.0	62.7	64.9	87.4	92.6
2016-08-09	15210.0	7025.0	8610.0	7525.0	5950.0	10.0	0.0	63.0	65.2	87.4	92.6
2016-08-16	15410.0	7025.0	8610.0	7725.0	6150.0	10.0	0.0	63.4	64.3	87.6	92.7
2016-08-23	15410.0	7025.0	8610.0	7725.0	6150.0	10.0	0.0	63.4	64.3	87.6	92.7
2016-08-30	15560.0	7075.0	8660.0	7825.0	6250.0	10.0	0.0	63.5	64.3	88.7	92.5
2016-09-06	15560.0	7075.0	8660.0	7825.0	6250.0	10.0	0.0	63.5	64.3	88.7	92.5
2016-09-13	15560.0	6075.0	8660.0	8825.0	6250.0	10.0	0.0	69.9	64.3	88.7	92.5
2016-09-20	16110.0	6625.0	8610.0	9075.0	7100.0	10.0	0.0	69.1	67.1	87.8	95.2
2016-09-27	16110.0	6625.0	7810.0	9075.0	7900.0	10.0	0.0	69.1	67.1	87.8	95.2
2016-10-04	16810.0	6975.0	8260.0	9425.0	8150.0	10.0	0.0	70.6	64.9	88.6	93.3
2016-10-11	17610.0	3400.0	8460.0	13800.0	8750.0	10.0	0.0	74.7	64.8	91.4	93.6
2016-10-18	17810.0	3300.0	8660.0	14100.0	8750.0	10.0	0.0	75.5	64.0	91.5	93.1
2016-10-25	17810.0	3300.0	8660.0	14100.0	8750.0	10.0	0.0	75.5	64.0	91.5	93.1
2016-11-01	18110.0	3400.0	8860.0	14300.0	8850.0	10.0	0.0	75.4	63.5	91.7	92.2
2016-11-08	18485.0	3525.0	9185.0	14500.0	8900.0	60.0	0.0	73.8	62.5	91.2	91.6
2016-11-15	18085.0	3625.0	9135.0	14000.0	8550.0	60.0	0.0	72.7	63.0	91.0	91.7
2016-11-22	18435.0	3425.0	9035.0	14400.0	8850.0	60.0	0.0	71.3	66.7	91.4	91.6
2016-11-29	18435.0	3425.0	9155.0	14400.0	8730.0	60.0	0.0	71.3	67.3	91.4	91.4
2016-12-06	18523.0	3263.0	9243.0	14625.0	8705.0	60.0	0.0	70.9	66.8	91.4	90.3
2016-12-13	18823.0	3363.0	9493.0	14875.0	8755.0	10.0	0.0	69.7	67.1	89.7	89.2
2016-12-20	18878.0	3418.0	9548.0	14875.0	8755.0	10.0	0.0	69.5	66.9	89.7	88.9
2016-12-27	19278.0	3563.0	9948.0	15130.0	8755.0	10.0	0.0	67.3	67.6	87.8	87.7
2017-01-03	19878.0	3663.0	11748.0	15630.0	7555.0	10.0	0.0	67.8	71.3	88.2	90.6
2017-01-10	21748.0	3663.0	14048.0	17400.0	7025.0	10.0	0.0	69.8	74.8	89.2	91.5
2017-01-17	23678.0	4713.0	15148.0	18280.0	7855.0	10.0	0.0	68.1	71.3	89.5	86.6
2017-01-24	25640.0	5113.0	16498.0	19780.0	8405.0	10.0	0.0	68.8	69.9	90.2	85.2
2017-01-31	28578.0	8013.0	16548.0	19880.0	11355.0	10.0	0.0	63.6	64.4	87.8	87.4
