2016-05-03	8745.0	1585.0	7464.0	6960.0	1081.0	0.0	0.0	71.0	83.4	88.0	91.4
2016-05-10	8745.0	1585.0	7464.0	6960.0	1081.0	0.0	0.0	71.0	83.4	88.0	91.4
2016-05-17	8745.0	1585.0	7464.0	6960.0	1081.0	0.0	0.0	71.0	83.4	88.0	91.4
2016-05-24	8745.0	1585.0	7464.0	6960.0	1081.0	0.0	0.0	71.0	83.4	88.0	91.4
2016-05-31	8745.0	1585.0	7464.0	6960.0	1081.0	0.0	0.0	71.0	83.4	88.0	91.4
2016-06-07	8745.0	1585.0	7464.0	6960.0	1081.0	0.0	0.0	71.0	83.4	88.0	91.4
2016-06-14	9495.0	2135.0	7564.0	6960.0	1531.0	0.0	0.0	64.7	79.4	81.0	85.6
2016-06-21	9696.0	2336.0	7765.0	6960.0	1531.0	0.0	0.0	63.4	79.8	79.4	85.9
2016-06-28	8725.0	2375.0	7104.0	6350.0	1621.0	0.0	0.0	70.2	83.7	89.7	94.0
2016-07-05	8734.0	2384.0	7113.0	6350.0	1621.0	0.0	0.0	70.2	83.6	89.7	94.0
2016-07-12	8907.0	2209.0	7086.0	6698.0	1821.0	0.0	0.0	71.1	84.1	90.2	94.4
