2012-10-16	155509.0	2739.0	3330.0	146376.0	145379.0	2200.0	2606.0	41.2	31.6	50.8	44.0
2012-10-23	155247.0	2438.0	3599.0	146552.0	145005.0	2033.0	2419.0	40.1	32.4	50.8	44.1
2012-10-30	153452.0	4035.0	3561.0	143240.0	143442.0	2275.0	2547.0	40.1	33.0	49.9	43.6
2012-11-06	132074.0	1862.0	0.0	124382.0	125380.0	2712.0	3576.0	43.1	32.4	54.1	43.6
2012-11-13	129065.0	1476.0	693.0	122361.0	120926.0	2221.0	4439.0	40.8	32.2	52.6	42.2
2012-11-20	142998.0	1423.0	523.0	136488.0	136043.0	1723.0	3068.0	41.6	35.0	54.8	44.6
2012-11-27	143062.0	1503.0	7.0	135348.0	136070.0	2325.0	3099.0	43.1	37.2	56.0	46.1
2012-12-04	148238.0	3156.0	0.0	136912.0	139963.0	4904.0	5009.0	41.1	36.8	52.4	45.0
2012-12-11	150935.0	5915.0	0.0	138782.0	145440.0	3502.0	2759.0	49.0	47.1	61.8	56.2
2012-12-18	155560.0	5325.0	0.0	143147.0	148877.0	3345.0	2940.0	52.5	44.9	62.4	57.6
2012-12-24	152080.0	5550.0	0.0	139538.0	145336.0	3961.0	3713.0	51.9	45.1	62.1	57.3
2012-12-31	157999.0	6717.0	0.0	145146.0	151547.0	3115.0	3431.0	48.5	41.2	60.3	54.3
2013-01-08	145739.0	3389.0	0.0	138697.0	141116.0	203.0	1173.0	42.8	40.0	58.1	53.4
2013-01-15	153060.0	2769.0	280.0	145759.0	149095.0	962.0	115.0	44.8	39.3	57.5	51.4
2013-01-22	158335.0	6113.0	0.0	146848.0	154017.0	2342.0	1286.0	42.0	39.1	55.5	51.4
2013-01-29	161700.0	11345.0	0.0	145207.0	158408.0	3716.0	1860.0	41.6	39.1	55.7	51.0
2013-02-05	150042.0	11749.0	0.0	134580.0	146210.0	2467.0	2586.0	39.2	40.7	52.6	54.4
2013-02-12	156135.0	10317.0	0.0	141014.0	150847.0	2294.0	2778.0	39.7	40.7	52.0	54.5
2013-02-19	156203.0	11472.0	0.0	139416.0	150440.0	2845.0	3293.0	36.6	41.1	49.1	54.9
2013-02-26	159717.0	13051.0	0.0	141728.0	153256.0	2687.0	4210.0	35.1	41.6	48.3	55.0
2013-03-05	144708.0	11805.0	0.0	127741.0	138974.0	3081.0	3653.0	37.9	41.0	52.2	53.7
2013-03-12	157202.0	12990.0	0.0	138975.0	151259.0	3053.0	3759.0	36.3	38.8	49.4	51.5
2013-03-19	165407.0	16458.0	0.0	144115.0	160375.0	3751.0	3949.0	39.2	39.4	52.8	52.8
2013-03-26	171445.0	17716.0	0.0	149669.0	167368.0	3298.0	3315.0	38.5	37.8	52.8	53.6
2013-04-02	179086.0	12568.0	0.0	161708.0	173128.0	3264.0	4412.0	40.7	36.7	53.3	52.3
2013-04-09	180213.0	6734.0	0.0	169044.0	176296.0	3086.0	2568.0	51.5	39.9	63.3	56.0
2013-04-16	186822.0	5150.0	0.0	174428.0	180947.0	3542.0	2173.0	50.7	40.0	61.5	55.9
2013-04-23	186926.0	4000.0	0.0	173041.0	180344.0	5247.0	1944.0	49.0	37.5	60.4	52.6
2013-04-30	188218.0	5192.0	0.0	174474.0	182759.0	5067.0	1974.0	47.7	38.2	59.3	52.9
2013-05-07	178900.0	5152.0	72.0	166389.0	173653.0	4221.0	2037.0	50.5	39.0	60.8	54.5
2013-05-14	180337.0	4477.0	0.0	167638.0	172809.0	4461.0	3767.0	49.9	37.9	60.8	53.2
2013-05-21	182316.0	4914.0	0.0	168830.0	173983.0	4465.0	4226.0	49.3	36.9	59.6	51.5
2013-05-28	181964.0	6431.0	0.0	167205.0	173702.0	4323.0	4257.0	47.6	36.9	58.4	51.4
2013-06-11	181904.0	6851.0	0.0	166192.0	173418.0	4024.0	3649.0	47.6	35.1	56.5	48.3
2013-06-18	182962.0	5705.0	0.0	168799.0	174844.0	3806.0	3466.0	47.8	35.0	56.1	47.9
2013-06-25	186355.0	6399.0	0.0	172079.0	178961.0	3951.0	3468.0	47.8	35.5	56.5	48.5
2013-07-02	188552.0	6452.0	0.0	175051.0	180281.0	3864.0	5086.0	46.4	34.7	55.2	47.1
2013-07-09	175411.0	4332.0	217.0	164577.0	168833.0	3367.0	3226.0	47.7	35.3	55.6	47.5
2013-07-16	178348.0	3775.0	455.0	167088.0	170248.0	3277.0	3437.0	48.3	35.3	56.3	47.6
2013-07-23	182119.0	3470.0	455.0	170375.0	172947.0	3236.0	3679.0	51.0	34.1	58.3	48.0
2013-07-30	183088.0	4868.0	455.0	170013.0	174176.0	3308.0	3558.0	49.9	35.2	57.3	47.8
2013-08-06	177048.0	5641.0	238.0	163893.0	168591.0	2822.0	3527.0	48.9	36.9	56.7	48.9
2013-08-13	179854.0	4896.0	238.0	164215.0	170825.0	4966.0	3014.0	46.3	37.3	54.2	49.2
2013-08-20	179385.0	5216.0	1320.0	163186.0	169412.0	5406.0	3076.0	45.7	37.5	53.6	48.3
2013-08-27	181104.0	7120.0	210.0	165056.0	171803.0	3885.0	4048.0	45.4	37.2	53.0	48.2
2013-09-03	179957.0	7587.0	537.0	163497.0	170084.0	3565.0	4028.0	42.1	36.1	50.4	46.6
2013-09-10	166250.0	7047.0	749.0	151236.0	157263.0	3457.0	3728.0	44.7	37.0	52.7	47.2
2013-09-17	169412.0	5681.0	964.0	156777.0	160366.0	2892.0	4020.0	44.7	36.9	52.6	45.8
2013-09-24	171928.0	8282.0	443.0	156191.0	165884.0	3021.0	1167.0	43.6	38.0	51.7	47.1
2013-10-01	172876.0	8930.0	1053.0	156923.0	167024.0	3158.0	934.0	42.3	38.7	50.5	48.1
2013-10-08	161417.0	5540.0	1177.0	148142.0	155374.0	4526.0	1657.0	44.9	38.7	52.0	47.7
2013-10-15	166804.0	3890.0	2543.0	154137.0	157637.0	4174.0	2021.0	44.8	38.4	51.7	47.3
2013-10-22	170286.0	4222.0	3726.0	157811.0	156693.0	3319.0	4933.0	44.8	37.6	51.5	46.5
2013-10-29	175743.0	3362.0	3410.0	164755.0	164251.0	3441.0	3897.0	44.7	37.7	51.4	47.7
2013-11-05	160021.0	2717.0	1863.0	150211.0	151230.0	3977.0	3812.0	43.6	39.3	51.2	47.5
2013-11-12	163382.0	6618.0	2427.0	149872.0	153668.0	3141.0	3536.0	41.5	39.6	49.7	47.3
2013-11-19	161503.0	7827.0	3127.0	147916.0	151633.0	3128.0	4111.0	42.2	38.5	51.1	46.5
2013-11-26	165910.0	6550.0	666.0	151031.0	156273.0	4203.0	4845.0	40.8	39.2	50.9	47.8
2013-12-03	167058.0	7726.0	2009.0	151897.0	156402.0	4203.0	5415.0	40.9	40.4	52.6	49.1
2013-12-10	162458.0	12382.0	1085.0	143987.0	154297.0	3393.0	4380.0	39.9	46.5	51.3	53.9
2013-12-17	171318.0	13175.0	0.0	151010.0	163067.0	4121.0	5239.0	40.4	45.6	52.1	53.1
2013-12-24	174016.0	13916.0	0.0	153031.0	166434.0	4600.0	5113.0	42.6	44.8	54.3	54.1
2014-01-07	171389.0	15536.0	1726.0	149096.0	159083.0	4048.0	7871.0	49.8	45.3	63.9	60.2
2014-01-14	175305.0	15326.0	1506.0	151801.0	162368.0	5458.0	8711.0	49.9	46.3	64.5	60.4
2014-01-21	181640.0	13340.0	1074.0	161628.0	172872.0	4605.0	5627.0	50.1	47.8	64.0	59.5
2014-01-28	184215.0	14766.0	3256.0	161453.0	175661.0	5649.0	2951.0	53.5	47.0	66.0	60.4
2014-02-04	186693.0	13088.0	4569.0	165780.0	176026.0	5311.0	3584.0	54.1	44.7	66.6	59.0
2014-02-11	168439.0	13347.0	3744.0	147029.0	157820.0	5069.0	3881.0	56.1	51.4	70.9	68.7
2014-02-18	169363.0	12779.0	3473.0	146951.0	159555.0	6229.0	2931.0	55.9	50.8	70.5	68.4
2014-02-25	157193.0	16069.0	3749.0	132528.0	148391.0	6413.0	2870.0	51.9	51.9	68.3	68.2
2014-03-04	158736.0	17456.0	2992.0	131617.0	149085.0	7142.0	4138.0	50.6	52.8	66.6	69.3
2014-03-11	149191.0	16464.0	3240.0	121939.0	139841.0	8787.0	4109.0	53.7	55.2	71.0	71.3
2014-03-18	146329.0	13366.0	3387.0	122175.0	137552.0	8530.0	3132.0	52.0	56.1	69.5	72.9
2014-03-25	148043.0	12072.0	3357.0	123727.0	139425.0	9923.0	2940.0	52.1	55.1	69.2	71.8
2014-04-01	146662.0	14031.0	2193.0	122041.0	137206.0	9021.0	5694.0	53.6	53.9	70.9	70.9
2014-04-08	132556.0	11306.0	1953.0	108767.0	125911.0	10757.0	2966.0	54.4	53.9	69.8	71.8
2014-04-15	133072.0	7379.0	1953.0	113198.0	125407.0	9752.0	2969.0	55.2	52.9	69.7	70.7
2014-04-22	135369.0	4049.0	1953.0	119131.0	127721.0	9638.0	3144.0	55.8	52.5	67.4	70.0
2014-04-29	138933.0	4123.0	2604.0	124556.0	131682.0	8717.0	3110.0	51.1	48.4	62.9	65.5
2014-05-06	129660.0	2233.0	2139.0	117218.0	123297.0	8677.0	2692.0	49.7	47.7	62.2	64.3
2014-05-13	128779.0	2604.0	2139.0	115499.0	121608.0	8935.0	3291.0	48.3	47.4	61.6	63.8
2014-05-20	129359.0	4326.0	2139.0	114482.0	121961.0	9197.0	3905.0	46.0	46.4	60.4	62.8
2014-05-27	130394.0	5249.0	2139.0	115242.0	122896.0	8859.0	4315.0	45.5	46.6	60.6	63.0
2014-06-03	135589.0	4805.0	2170.0	120582.0	127193.0	8804.0	4828.0	37.9	38.8	52.6	54.6
2014-06-10	127287.0	4784.0	1930.0	112726.0	120255.0	8558.0	3883.0	39.8	38.2	50.9	53.1
2014-06-17	127036.0	6231.0	1930.0	112248.0	119419.0	7675.0	4805.0	38.9	37.3	51.2	52.2
2014-06-24	128396.0	6969.0	1930.0	114751.0	120198.0	5802.0	5394.0	39.6	38.8	52.6	54.5
2014-07-01	130312.0	5840.0	1930.0	117710.0	122848.0	5743.0	4515.0	40.0	38.8	52.0	53.6
2014-07-08	114054.0	4339.0	1651.0	102388.0	107544.0	6526.0	4058.0	41.2	38.1	51.4	51.8
2014-07-15	118926.0	5240.0	1651.0	108356.0	112728.0	4586.0	3803.0	41.4	39.3	51.5	51.9
2014-07-22	120964.0	5911.0	1682.0	109621.0	114682.0	4624.0	3792.0	41.1	39.1	52.3	51.8
2014-07-29	122347.0	6881.0	1681.0	110139.0	116581.0	4759.0	3517.0	42.5	40.0	53.8	52.4
2014-08-05	113820.0	2329.0	1433.0	104294.0	107699.0	5537.0	3028.0	43.0	39.6	50.4	48.8
2014-08-12	113818.0	3781.0	1463.0	104183.0	107914.0	4452.0	3039.0	44.6	39.5	51.4	49.0
2014-08-19	114360.0	3278.0	1403.0	105179.0	108804.0	4733.0	2983.0	45.5	40.7	52.5	51.4
2014-08-26	116621.0	4175.0	1643.0	107245.0	110783.0	4392.0	3386.0	46.6	40.7	53.7	51.1
2014-09-02	119583.0	4400.0	1434.0	109888.0	113502.0	4542.0	3894.0	46.4	41.1	53.9	51.0
2014-09-09	104219.0	3019.0	1477.0	96526.0	99281.0	3825.0	2612.0	46.7	42.9	53.0	50.8
2014-09-16	105673.0	3286.0	821.0	97571.0	101141.0	3791.0	2686.0	45.8	42.5	51.4	50.1
2014-09-23	105871.0	2790.0	908.0	98097.0	100726.0	4126.0	3379.0	45.5	42.4	50.8	50.4
2014-09-30	106507.0	3226.0	665.0	97818.0	100501.0	4504.0	4382.0	40.2	38.0	45.7	46.2
2014-10-07	88870.0	3715.0	1143.0	78226.0	83365.0	6488.0	3921.0	33.7	38.5	41.8	47.5
2014-10-14	89676.0	2989.0	1172.0	79519.0	83809.0	6394.0	3921.0	36.6	37.7	43.6	46.9
2014-10-21	95716.0	4676.0	263.0	83813.0	91094.0	6393.0	3525.0	34.2	36.6	43.6	49.2
2014-10-28	99788.0	7227.0	535.0	84918.0	94397.0	6862.0	4075.0	29.5	33.9	43.0	46.3
2014-11-04	103360.0	8881.0	0.0	86101.0	98303.0	7403.0	4082.0	30.0	33.3	43.3	46.5
2014-11-11	95283.0	4679.0	0.0	84067.0	90122.0	5112.0	3736.0	33.3	34.5	43.4	47.5
2014-11-18	98038.0	4865.0	0.0	86582.0	92340.0	5052.0	4159.0	33.9	33.7	44.2	45.8
2014-11-25	101385.0	4027.0	0.0	90739.0	95239.0	4908.0	4435.0	35.3	32.0	45.3	44.3
2014-12-02	102962.0	5510.0	0.0	90399.0	96745.0	5930.0	5094.0	33.2	31.0	44.5	42.8
2014-12-09	94881.0	5529.0	0.0	82321.0	89295.0	6107.0	4662.0	31.0	30.0	42.5	43.1
2014-12-16	95675.0	6614.0	0.0	82071.0	90830.0	5965.0	3820.0	29.4	29.5	41.2	42.5
2014-12-23	95917.0	8600.0	0.0	80636.0	90598.0	5829.0	4467.0	31.1	29.5	42.8	43.5
2014-12-30	94580.0	8989.0	0.0	79092.0	89667.0	5830.0	4244.0	29.7	29.5	42.4	43.0
2015-01-06	87275.0	8728.0	0.0	72713.0	82767.0	5158.0	3832.0	27.1	29.9	40.3	42.1
2015-01-13	86707.0	10018.0	0.0	71101.0	81753.0	4468.0	3834.0	26.8	28.0	39.7	40.0
2015-01-20	89435.0	12519.0	0.0	71221.0	84244.0	4659.0	4155.0	29.4	26.4	41.2	37.6
2015-01-27	93508.0	14967.0	1603.0	72223.0	87028.0	4647.0	3206.0	29.1	29.7	42.9	41.0
2015-02-03	100691.0	16412.0	928.0	76553.0	93436.0	4991.0	3592.0	28.0	30.0	40.2	41.3
2015-02-10	102550.0	14088.0	3463.0	81681.0	93369.0	4899.0	3836.0	25.9	30.4	41.1	43.0
2015-02-17	104055.0	13262.0	3310.0	83272.0	95446.0	5015.0	2793.0	25.8	30.8	41.1	43.9
2015-02-24	111267.0	15670.0	3034.0	87208.0	102802.0	5965.0	3007.0	27.7	30.6	42.5	43.0
2015-03-03	113850.0	16837.0	4869.0	88401.0	103499.0	6536.0	3406.0	29.1	28.7	45.5	41.0
2015-03-10	109087.0	16729.0	6487.0	85533.0	97148.0	5332.0	3959.0	31.9	30.8	49.8	44.7
2015-03-17	111334.0	16693.0	6214.0	87089.0	99343.0	5701.0	3926.0	31.5	30.3	49.0	44.6
2015-03-24	115219.0	20646.0	4444.0	88222.0	104695.0	4811.0	4540.0	29.4	31.3	47.8	46.6
2015-03-31	119094.0	21482.0	4592.0	91364.0	108149.0	4962.0	5067.0	29.4	32.8	48.3	47.5
2015-04-07	113643.0	16170.0	3834.0	89952.0	104263.0	5859.0	3884.0	31.8	33.3	51.0	50.4
2015-04-14	116081.0	16255.0	3343.0	92431.0	108149.0	5717.0	2911.0	30.3	33.6	49.0	49.2
2015-04-21	119448.0	15846.0	3127.0	96170.0	110816.0	5508.0	3581.0	31.2	35.9	48.8	50.1
2015-04-28	121387.0	15487.0	3000.0	98231.0	112935.0	5857.0	3640.0	30.9	36.7	47.9	49.4
2015-05-05	111508.0	13166.0	1550.0	89692.0	104643.0	6272.0	2937.0	34.9	37.6	50.9	52.7
2015-05-12	115510.0	12393.0	1884.0	95386.0	108700.0	5651.0	2846.0	38.1	38.7	53.4	54.1
2015-05-19	117889.0	14230.0	2898.0	97128.0	110770.0	4318.0	2008.0	37.4	34.5	52.2	51.7
2015-05-26	118454.0	16047.0	2726.0	96609.0	111360.0	3870.0	2440.0	37.5	34.7	51.4	52.5
2015-06-02	123211.0	18005.0	3215.0	98736.0	114775.0	3922.0	2673.0	36.9	34.2	52.8	52.3
2015-06-09	116273.0	16252.0	2799.0	92548.0	107476.0	4217.0	2742.0	40.5	42.4	57.1	56.4
2015-06-16	114291.0	13643.0	3851.0	93712.0	105222.0	4369.0	2651.0	38.8	41.7	56.3	56.1
2015-06-23	118195.0	9471.0	4704.0	103001.0	109182.0	3580.0	2166.0	38.7	46.6	56.6	58.8
2015-06-30	123378.0	9909.0	3269.0	107751.0	114123.0	4263.0	4531.0	40.2	44.4	57.3	56.3
2015-07-07	108247.0	5965.0	1990.0	97532.0	101026.0	3931.0	4412.0	43.1	46.3	60.8	56.9
2015-07-14	115341.0	5732.0	1929.0	104405.0	108186.0	3931.0	3953.0	44.0	46.0	62.2	56.1
2015-07-21	121782.0	4943.0	1085.0	110933.0	115636.0	3622.0	2777.0	43.7	44.3	63.0	55.7
2015-07-28	129284.0	5978.0	218.0	117219.0	122899.0	4551.0	4631.0	45.2	44.2	63.7	56.1
2015-08-04	133969.0	5944.0	485.0	121817.0	127069.0	4792.0	4999.0	45.0	43.4	63.0	56.5
2015-08-11	117041.0	2741.0	515.0	108362.0	110718.0	4196.0	4066.0	46.1	45.0	64.0	55.7
2015-08-18	120495.0	3458.0	2170.0	111353.0	114367.0	4120.0	2394.0	46.5	43.8	63.8	55.2
2015-08-25	125802.0	6521.0	1629.0	113992.0	118702.0	4244.0	4426.0	45.5	40.3	60.2	51.7
2015-09-01	127444.0	5620.0	217.0	114311.0	121125.0	5895.0	4484.0	45.8	41.5	59.3	53.0
2015-09-08	111336.0	2595.0	217.0	101268.0	105780.0	6284.0	4150.0	50.7	46.6	67.2	61.4
2015-09-15	112439.0	1980.0	279.0	103082.0	106797.0	6072.0	4058.0	51.9	46.0	68.6	61.8
2015-09-22	113469.0	3995.0	279.0	100308.0	107968.0	8093.0	4149.0	49.4	44.8	65.1	61.0
2015-09-29	118116.0	3291.0	279.0	105458.0	111547.0	7649.0	4572.0	49.5	42.2	64.1	58.5
2015-10-06	100603.0	2453.0	569.0	88305.0	92450.0	6842.0	4581.0	54.0	49.5	72.3	67.4
2015-10-13	104597.0	3667.0	20.0	91470.0	97415.0	6390.0	4092.0	53.9	48.6	72.8	67.0
2015-10-20	109100.0	4341.0	111.0	97339.0	103599.0	5157.0	3127.0	52.4	48.3	71.0	68.3
2015-10-27	113117.0	4421.0	111.0	101286.0	108562.0	5305.0	2339.0	52.8	49.1	71.5	68.1
2015-11-03	120397.0	4618.0	26.0	107553.0	115808.0	5871.0	2208.0	50.3	48.6	69.9	66.3
2015-11-10	104034.0	3238.0	57.0	91829.0	97901.0	6255.0	3364.0	52.1	49.6	71.4	67.6
2015-11-17	107651.0	3901.0	0.0	94215.0	101687.0	6259.0	2688.0	51.3	47.1	69.6	65.8
2015-11-24	111659.0	3197.0	0.0	99110.0	105207.0	6138.0	3238.0	52.4	45.5	69.0	64.9
2015-12-01	113806.0	741.0	0.0	103363.0	108073.0	7701.0	3732.0	51.6	44.5	66.8	63.9
2015-12-08	105231.0	558.0	982.0	93908.0	99464.0	8853.0	2873.0	52.0	46.5	71.9	65.6
2015-12-15	111059.0	17.0	0.0	100737.0	104708.0	8790.0	4836.0	49.2	46.4	67.6	64.6
2015-12-22	107698.0	766.0	1170.0	97350.0	100826.0	8395.0	4515.0	47.7	42.1	63.5	59.3
2015-12-29	109447.0	637.0	1351.0	98533.0	102126.0	7462.0	3155.0	49.6	42.1	63.8	60.0
2016-01-05	112486.0	852.0	1752.0	101064.0	105123.0	7759.0	2800.0	49.1	42.8	63.0	60.5
2016-01-12	119054.0	2261.0	3069.0	107103.0	109792.0	5720.0	2223.0	49.9	41.2	64.1	55.3
2016-01-19	118405.0	2399.0	2770.0	103329.0	108072.0	8234.0	3120.0	49.7	40.0	60.7	57.3
2016-01-26	119666.0	5648.0	2679.0	101902.0	110045.0	8415.0	3241.0	51.7	39.3	61.4	56.3
2016-02-02	137137.0	4365.0	2861.0	119933.0	128265.0	9969.0	3141.0	53.4	37.3	63.6	57.7
2016-02-09	142855.0	1747.0	6473.0	127983.0	128615.0	9746.0	4388.0	47.4	35.1	56.7	54.0
2016-02-16	147820.0	2902.0	7213.0	131506.0	132650.0	9433.0	3978.0	46.8	35.6	56.7	55.0
2016-02-23	153103.0	6163.0	7958.0	134499.0	137131.0	9322.0	4895.0	47.3	33.2	53.9	52.3
2016-03-01	159640.0	3942.0	11711.0	141579.0	139558.0	9763.0	4015.0	46.3	27.7	52.5	46.4
2016-03-08	148295.0	2944.0	9956.0	129889.0	128444.0	11661.0	6094.0	44.4	29.6	50.8	46.4
2016-03-15	153584.0	2678.0	9651.0	135417.0	133504.0	10840.0	5780.0	44.6	28.6	51.3	45.5
2016-03-22	157213.0	4739.0	9286.0	139706.0	138953.0	8492.0	4698.0	41.9	26.2	48.4	43.6
2016-03-29	154348.0	3570.0	9710.0	138592.0	135550.0	8019.0	4921.0	38.9	25.7	45.9	41.6
2016-04-05	135563.0	1618.0	8354.0	124651.0	120594.0	5903.0	3224.0	34.1	27.9	44.0	43.0
2016-04-12	139789.0	1995.0	10904.0	128853.0	122071.0	5411.0	3284.0	32.9	25.6	41.4	36.6
2016-04-19	142330.0	2231.0	11514.0	131383.0	124134.0	5625.0	3591.0	33.2	24.3	41.8	34.8
2016-04-26	146465.0	2317.0	12179.0	134082.0	126893.0	6621.0	3948.0	32.4	25.1	40.9	35.4
2016-05-03	147124.0	2710.0	7239.0	133751.0	128453.0	7204.0	7973.0	30.3	24.8	39.1	33.0
2016-05-10	135788.0	732.0	7345.0	126064.0	120144.0	5821.0	5128.0	36.7	29.2	46.1	38.4
2016-05-17	140973.0	732.0	6805.0	131545.0	127376.0	5091.0	3187.0	39.7	29.0	49.6	39.5
2016-05-24	147673.0	1821.0	5541.0	136895.0	134851.0	5532.0	3856.0	43.1	33.0	53.2	44.1
2016-05-31	148215.0	2396.0	5772.0	137271.0	135967.0	4976.0	2904.0	43.4	33.0	53.7	44.5
2016-06-07	135317.0	458.0	4959.0	126851.0	124134.0	5486.0	3702.0	52.8	40.1	63.2	53.1
2016-06-14	140304.0	287.0	5269.0	129006.0	127274.0	8782.0	5532.0	55.1	41.8	64.7	54.3
2016-06-21	145841.0	280.0	5982.0	134894.0	130933.0	8055.0	6314.0	57.9	42.6	65.8	55.1
2016-06-28	154578.0	872.0	7171.0	142946.0	137642.0	7610.0	6615.0	58.6	44.6	66.0	56.5
2016-07-05	148981.0	1252.0	6441.0	138943.0	131431.0	6487.0	8810.0	58.3	41.7	66.0	55.2
2016-07-12	130116.0	1089.0	7623.0	121793.0	115153.0	6173.0	6279.0	57.2	38.2	64.4	51.6
2016-07-19	128954.0	740.0	5294.0	120536.0	115372.0	6423.0	7033.0	53.5	37.4	63.0	49.4
2016-07-26	133067.0	1833.0	4074.0	123165.0	121097.0	5896.0	5723.0	52.0	37.5	61.9	48.3
2016-08-02	136850.0	2117.0	5653.0	126445.0	122739.0	5896.0	6066.0	51.9	37.3	61.7	47.2
2016-08-09	125070.0	1253.0	5650.0	115115.0	111836.0	6448.0	5330.0	52.7	38.2	62.3	47.7
2016-08-16	124914.0	1182.0	5441.0	115814.0	112363.0	5695.0	4887.0	55.8	37.4	63.7	48.9
2016-08-23	126267.0	601.0	5427.0	117103.0	113451.0	6081.0	4907.0	52.8	35.6	61.8	47.6
2016-08-30	129946.0	2510.0	4949.0	118980.0	116973.0	5792.0	5360.0	49.8	35.7	60.2	47.4
2016-09-06	121386.0	970.0	4053.0	113065.0	108617.0	4751.0	6116.0	54.8	39.5	65.5	51.6
2016-09-13	122278.0	1262.0	3927.0	112773.0	109259.0	4585.0	5434.0	53.7	39.7	63.3	52.3
2016-09-20	122315.0	1816.0	3586.0	112211.0	110286.0	4432.0	4587.0	51.7	39.5	60.5	52.4
2016-09-27	123394.0	2444.0	2997.0	111811.0	112221.0	5669.0	4706.0	50.0	39.4	59.8	52.1
2016-10-04	124786.0	2447.0	1980.0	115121.0	115243.0	5908.0	6253.0	49.2	39.1	59.8	51.6
2016-10-11	111819.0	2886.0	270.0	103443.0	106144.0	4981.0	4896.0	55.1	41.2	64.0	55.8
2016-10-18	111689.0	2071.0	270.0	104975.0	108528.0	4044.0	2292.0	55.4	41.2	64.0	55.0
2016-10-25	110598.0	2471.0	536.0	102391.0	106887.0	4921.0	2360.0	55.0	41.8	64.9	55.0
2016-11-01	112116.0	1511.0	536.0	105121.0	108541.0	4393.0	1948.0	56.5	40.2	66.8	54.2
2016-11-08	105774.0	165.0	292.0	100411.0	101745.0	4671.0	3210.0	60.9	41.1	69.9	55.6
2016-11-15	109862.0	563.0	292.0	104855.0	106022.0	4134.0	3238.0	62.8	40.5	71.3	56.4
2016-11-22	121297.0	745.0	292.0	115832.0	116932.0	4100.0	3453.0	61.0	40.5	70.1	56.3
2016-11-29	123656.0	1396.0	292.0	117893.0	119396.0	3995.0	3596.0	60.0	40.8	69.5	55.8
2016-12-06	109708.0	134.0	0.0	106479.0	105979.0	2847.0	3481.0	59.2	40.1	70.6	55.3
2016-12-13	109937.0	0.0	0.0	105436.0	106732.0	4501.0	3205.0	60.7	40.7	70.6	55.4
2016-12-20	109401.0	838.0	0.0	104544.0	105842.0	4019.0	3559.0	58.1	40.0	68.0	53.9
2016-12-27	107656.0	879.0	0.0	102679.0	101824.0	4094.0	5828.0	57.2	39.7	67.0	54.0
2017-01-03	107442.0	799.0	0.0	102753.0	103838.0	3731.0	3445.0	56.2	39.5	65.4	53.2
2017-01-10	103384.0	539.0	0.0	98977.0	99864.0	3744.0	3396.0	60.4	41.5	66.5	54.3
2017-01-17	105048.0	405.0	0.0	100664.0	101400.0	3944.0	3613.0	59.9	41.1	66.0	53.9
2017-01-24	106947.0	1222.0	0.0	102157.0	103261.0	3568.0	3686.0	59.7	39.6	65.3	52.3
2017-01-31	107132.0	1812.0	0.0	101802.0	103570.0	3518.0	3562.0	59.4	38.4	64.4	51.6
