2013-05-07	88267.0	2130.0	0.0	78527.0	76030.0	3237.0	7864.0	57.2	33.0	59.7	47.5
2013-05-14	89319.0	2282.0	0.0	79150.0	76409.0	3275.0	8298.0	56.5	32.4	58.9	45.6
2013-05-21	91768.0	6321.0	0.0	77961.0	81141.0	3699.0	6840.0	58.1	33.8	60.6	46.9
2013-05-28	92375.0	5555.0	0.0	79402.0	81475.0	3417.0	6899.0	57.2	33.7	60.3	46.8
2013-06-11	86673.0	3614.0	0.0	75996.0	73761.0	2643.0	8492.0	54.4	34.5	61.2	47.5
2013-06-18	89395.0	2143.0	0.0	79003.0	75695.0	2559.0	8010.0	52.2	32.9	57.5	45.6
2013-06-25	87467.0	3899.0	0.0	77661.0	76726.0	2074.0	6908.0	52.9	35.4	59.9	48.3
2013-07-02	88962.0	3907.0	0.0	78588.0	76583.0	2603.0	8515.0	52.6	34.5	60.9	47.6
2013-07-09	81754.0	3715.0	0.0	71969.0	70693.0	2247.0	7238.0	54.8	35.9	62.0	49.6
2013-07-16	86123.0	3929.0	0.0	75893.0	72525.0	2405.0	9702.0	54.6	34.4	62.1	47.1
2013-07-23	88383.0	6663.0	0.0	76628.0	78860.0	2405.0	6836.0	55.4	33.5	63.2	47.1
2013-07-30	89734.0	7710.0	0.0	75831.0	78833.0	3082.0	7790.0	55.1	32.4	63.9	46.0
2013-08-06	82500.0	4622.0	153.0	70057.0	71497.0	4369.0	7398.0	54.0	34.0	64.4	47.9
2013-08-13	82971.0	4508.0	148.0	71751.0	72134.0	3241.0	7218.0	53.6	33.2	63.9	47.1
2013-08-20	85009.0	4524.0	423.0	72961.0	73731.0	3384.0	6715.0	50.9	32.5	63.1	46.0
2013-08-27	86421.0	3439.0	1620.0	73377.0	72377.0	4718.0	7537.0	48.2	33.8	62.0	46.8
2013-09-03	87904.0	3377.0	2048.0	75010.0	73179.0	4687.0	7847.0	48.1	32.8	61.8	45.7
2013-09-10	81034.0	3227.0	1956.0	68968.0	65924.0	4597.0	8912.0	50.1	34.3	61.2	46.4
2013-09-17	80401.0	3551.0	464.0	67797.0	65868.0	4907.0	9923.0	48.9	34.4	59.6	46.6
2013-09-24	81122.0	3612.0	87.0	69272.0	66857.0	4120.0	10060.0	50.3	35.6	60.5	47.6
2013-10-01	82607.0	3389.0	2106.0	71067.0	68093.0	4013.0	8270.0	50.4	35.5	60.4	47.7
2013-10-08	78446.0	2788.0	5077.0	66306.0	60552.0	5583.0	9048.0	54.1	33.2	62.6	48.9
2013-10-15	83145.0	4775.0	10196.0	69115.0	59912.0	6010.0	9792.0	50.3	27.7	57.9	43.4
2013-10-22	85493.0	5200.0	10838.0	70771.0	61259.0	6390.0	10264.0	48.1	28.2	56.2	43.1
2013-10-29	88226.0	3229.0	11270.0	76731.0	63703.0	4491.0	9478.0	44.4	28.4	53.4	42.9
2013-11-05	84421.0	3654.0	12310.0	72636.0	59668.0	4683.0	8995.0	46.2	30.9	56.2	46.3
2013-11-12	87123.0	2085.0	12276.0	77391.0	60664.0	3957.0	10493.0	45.8	30.8	56.7	46.9
2013-11-19	91982.0	3823.0	12701.0	82921.0	62864.0	2520.0	13699.0	46.7	29.6	57.0	42.7
2013-11-26	90348.0	2990.0	11814.0	81675.0	64254.0	2605.0	11202.0	43.8	30.9	53.1	42.7
2013-12-03	89311.0	1641.0	11241.0	81148.0	62424.0	2481.0	11605.0	43.8	29.3	52.8	40.8
2013-12-10	84235.0	2525.0	10455.0	75384.0	57696.0	2843.0	12601.0	45.0	32.2	59.5	45.8
2013-12-17	87477.0	5327.0	10117.0	76181.0	61360.0	2784.0	12815.0	42.8	30.9	55.5	43.8
2013-12-24	88797.0	6662.0	10122.0	76447.0	62290.0	2846.0	13543.0	43.9	32.4	58.1	46.7
2014-01-07	85005.0	4372.0	10021.0	75304.0	60220.0	2768.0	12203.0	47.4	32.9	60.5	49.6
2014-01-14	85903.0	3250.0	11716.0	77085.0	59584.0	2886.0	11921.0	46.2	33.5	59.6	48.4
2014-01-21	85543.0	3009.0	11351.0	76681.0	59797.0	3500.0	12042.0	46.5	29.3	59.9	46.9
2014-01-28	85304.0	5358.0	10711.0	74787.0	60748.0	2753.0	11439.0	41.1	28.5	55.1	47.1
2014-02-04	95516.0	9076.0	17043.0	81333.0	68050.0	3241.0	8557.0	42.0	32.9	57.1	51.2
2014-02-11	84931.0	6562.0	14395.0	73662.0	61194.0	3595.0	8230.0	45.4	33.2	59.2	53.6
2014-02-18	85299.0	5907.0	13443.0	74504.0	62867.0	3311.0	7412.0	45.5	31.9	58.5	52.0
2014-02-25	85829.0	3153.0	14420.0	76657.0	61807.0	3767.0	7350.0	51.1	32.6	61.9	53.1
2014-03-04	85488.0	3735.0	12494.0	75355.0	62761.0	4195.0	8030.0	52.7	36.9	69.7	59.6
2014-03-11	82555.0	38.0	14770.0	73742.0	56727.0	6830.0	9113.0	53.3	37.9	71.9	60.0
2014-03-18	81714.0	38.0	14585.0	73346.0	56049.0	6147.0	8897.0	52.4	34.0	70.7	57.5
2014-03-25	84773.0	158.0	18122.0	74152.0	55524.0	8603.0	9267.0	53.0	31.5	70.6	53.8
2014-04-01	87504.0	2842.0	21982.0	76404.0	55012.0	7101.0	9353.0	53.3	30.7	71.2	53.6
2014-04-08	80721.0	2782.0	19328.0	70678.0	50774.0	6114.0	9472.0	54.0	31.7	74.1	55.6
2014-04-15	81728.0	2782.0	18477.0	71064.0	51582.0	6146.0	9933.0	52.5	30.3	74.2	54.7
2014-04-22	82567.0	2782.0	17221.0	72632.0	54780.0	5877.0	9290.0	48.7	34.8	70.0	55.3
2014-04-29	82780.0	2813.0	17103.0	71977.0	55109.0	6588.0	9166.0	49.2	34.9	70.6	55.9
2014-05-06	74255.0	2418.0	12305.0	65972.0	51814.0	4314.0	8585.0	47.7	34.9	67.6	55.6
2014-05-13	75952.0	2169.0	13697.0	67791.0	50637.0	3892.0	9518.0	48.0	36.0	66.3	56.1
2014-05-20	77324.0	2079.0	14602.0	69353.0	51304.0	3896.0	9422.0	48.0	36.0	65.0	56.6
2014-05-27	76866.0	2247.0	14128.0	68846.0	50843.0	3627.0	9749.0	47.4	35.6	64.2	56.8
2014-06-03	78151.0	2369.0	12194.0	68368.0	52784.0	5023.0	10782.0	46.2	33.6	63.0	57.2
2014-06-10	70332.0	2489.0	6482.0	60614.0	52896.0	4125.0	7850.0	46.0	34.2	63.4	54.9
2014-06-17	69759.0	1895.0	6348.0	60219.0	52010.0	4094.0	7850.0	47.0	35.0	64.1	55.6
2014-06-24	69902.0	1895.0	6210.0	59116.0	51770.0	5098.0	8129.0	46.1	33.4	62.0	54.3
2014-07-01	69838.0	1895.0	6554.0	59737.0	51634.0	4895.0	8339.0	46.0	33.5	62.2	53.8
2014-07-08	68276.0	1678.0	4129.0	57527.0	52579.0	4867.0	7364.0	42.7	32.8	56.0	51.9
2014-07-15	68963.0	1875.0	3411.0	57545.0	53633.0	5144.0	7520.0	45.7	34.7	59.5	54.4
2014-07-22	70433.0	1678.0	2726.0	59543.0	55365.0	3957.0	7087.0	41.9	32.4	55.1	51.6
2014-07-29	70705.0	1846.0	3225.0	60062.0	54574.0	3895.0	8004.0	43.2	32.2	58.0	52.9
2014-08-05	64021.0	1585.0	2035.0	52700.0	49751.0	5001.0	7500.0	45.2	33.6	56.9	54.3
2014-08-12	64416.0	2453.0	1098.0	53331.0	51288.0	4494.0	7892.0	42.9	33.3	54.6	54.0
2014-08-19	64436.0	2087.0	2615.0	53921.0	51625.0	3943.0	5711.0	41.4	33.7	53.3	53.1
2014-08-26	64501.0	2087.0	2439.0	54829.0	51713.0	4857.0	7621.0	43.4	33.8	54.6	53.2
2014-09-02	66155.0	2273.0	1422.0	57610.0	53674.0	3174.0	7961.0	40.6	33.6	51.4	51.8
2014-09-09	58560.0	1240.0	1224.0	50252.0	48285.0	3495.0	5478.0	41.0	33.7	51.8	51.5
2014-09-16	57640.0	1429.0	536.0	48149.0	45323.0	3603.0	7322.0	37.2	33.8	47.1	46.4
2014-09-23	59467.0	309.0	232.0	50052.0	47752.0	4798.0	7175.0	38.3	33.8	47.1	47.4
2014-09-30	62544.0	529.0	1306.0	52655.0	50055.0	5660.0	7483.0	39.9	34.5	48.6	47.4
2014-10-07	56545.0	1248.0	362.0	46560.0	46855.0	5683.0	6274.0	46.6	35.9	55.2	50.0
2014-10-14	58273.0	1907.0	801.0	47963.0	47704.0	6051.0	7416.0	46.9	34.8	57.5	50.2
2014-10-21	63947.0	0.0	2590.0	54359.0	50796.0	6209.0	7182.0	50.4	32.6	59.2	48.5
2014-10-28	67198.0	1439.0	2560.0	57308.0	54751.0	5602.0	7038.0	51.5	33.8	60.3	50.1
2014-11-04	69735.0	2705.0	5204.0	59462.0	54824.0	5514.0	7653.0	52.7	35.9	63.3	52.3
2014-11-11	69577.0	2548.0	3790.0	59729.0	56139.0	5006.0	7354.0	56.4	35.2	69.2	54.1
2014-11-18	73582.0	904.0	5540.0	63776.0	57071.0	5978.0	8047.0	58.2	38.6	69.3	56.2
2014-11-25	73886.0	1729.0	6014.0	63718.0	57395.0	6195.0	8233.0	56.2	38.7	69.2	56.2
2014-12-02	74113.0	2483.0	6132.0	63819.0	56892.0	6043.0	9321.0	56.2	38.4	70.1	56.0
2014-12-09	74428.0	2275.0	5924.0	65830.0	51185.0	4849.0	15845.0	60.1	41.3	73.6	58.6
2014-12-16	79853.0	1646.0	7645.0	72206.0	55400.0	4403.0	15210.0	61.8	40.7	75.5	57.9
2014-12-23	81696.0	0.0	8645.0	74403.0	56756.0	5151.0	14153.0	62.0	43.6	75.9	59.0
2014-12-30	81805.0	0.0	9169.0	74471.0	57246.0	5272.0	13328.0	62.0	44.4	75.8	60.1
2015-01-06	75336.0	0.0	7280.0	68836.0	53276.0	4343.0	12623.0	62.3	43.0	76.2	59.6
2015-01-13	78657.0	256.0	7521.0	71203.0	57832.0	5031.0	11137.0	61.8	45.4	75.0	61.0
2015-01-20	81203.0	0.0	6921.0	74257.0	60667.0	4037.0	10706.0	60.9	44.0	73.5	58.7
2015-01-27	83024.0	706.0	6044.0	74599.0	63613.0	5482.0	11130.0	59.4	47.0	72.9	57.5
2015-02-03	84261.0	270.0	5207.0	75804.0	61736.0	5744.0	14875.0	58.8	42.1	73.1	53.0
2015-02-10	79110.0	2103.0	3750.0	70345.0	62747.0	4661.0	10612.0	58.4	45.3	73.5	57.7
2015-02-17	81874.0	1217.0	4641.0	71655.0	65070.0	6770.0	9931.0	56.5	44.5	70.4	57.1
2015-02-24	82893.0	0.0	5288.0	73777.0	65534.0	6352.0	9307.0	56.5	47.4	70.4	59.8
2015-03-03	83544.0	0.0	5344.0	74574.0	61743.0	6260.0	13747.0	56.4	43.9	70.2	56.0
2015-03-10	75505.0	0.0	3246.0	63884.0	53815.0	8866.0	15689.0	55.1	47.1	68.8	58.0
2015-03-17	77809.0	0.0	3772.0	67120.0	54829.0	7872.0	16391.0	54.3	49.6	69.8	59.4
2015-03-24	78957.0	555.0	2954.0	67252.0	56334.0	8213.0	16732.0	54.0	50.0	68.9	59.7
2015-03-31	79773.0	615.0	3208.0	66674.0	56913.0	9444.0	16612.0	53.4	52.8	69.0	60.0
2015-04-07	74271.0	1236.0	2627.0	63785.0	53174.0	6445.0	15665.0	52.1	54.9	68.5	60.0
2015-04-14	75801.0	2105.0	2379.0	66657.0	57645.0	4156.0	12894.0	51.1	53.5	66.9	60.2
2015-04-21	78864.0	1342.0	2289.0	69892.0	59896.0	4368.0	13417.0	52.4	53.8	68.0	60.2
2015-04-28	79591.0	1466.0	2868.0	70846.0	61070.0	4156.0	12530.0	52.5	54.3	67.9	60.7
2015-05-05	75233.0	2135.0	4547.0	66569.0	56075.0	3809.0	11891.0	53.1	54.1	67.5	60.6
2015-05-12	75631.0	2135.0	4393.0	68555.0	57629.0	2310.0	10978.0	52.5	51.3	67.3	59.8
2015-05-19	78233.0	2163.0	3978.0	70053.0	60540.0	3099.0	10797.0	51.7	51.6	65.9	60.3
2015-05-26	78967.0	1923.0	4452.0	70914.0	60326.0	3066.0	11125.0	52.5	51.0	65.8	59.5
2015-06-02	82296.0	1872.0	3479.0	71281.0	63855.0	5895.0	11714.0	52.0	46.0	65.3	57.7
2015-06-09	76382.0	1352.0	2404.0	65492.0	62512.0	6106.0	8034.0	51.2	49.2	65.1	59.8
2015-06-16	78565.0	1260.0	2359.0	68038.0	65194.0	6199.0	7944.0	53.3	50.4	66.1	61.4
2015-06-23	83144.0	1319.0	4284.0	73531.0	67266.0	5470.0	8770.0	54.1	50.9	66.4	60.6
2015-06-30	82530.0	947.0	4407.0	73165.0	67347.0	5346.0	7704.0	54.5	48.6	66.8	60.7
2015-07-07	73767.0	629.0	2937.0	65379.0	60615.0	4740.0	7196.0	53.1	45.2	66.3	57.9
2015-07-14	77094.0	751.0	3589.0	68278.0	62984.0	5168.0	7624.0	53.4	47.0	67.6	59.1
2015-07-21	77717.0	323.0	3279.0	68824.0	63657.0	5427.0	7638.0	53.9	46.1	67.5	58.1
2015-07-28	81386.0	323.0	3302.0	72531.0	66740.0	5389.0	8201.0	55.4	48.6	69.1	60.2
2015-08-04	82094.0	751.0	4309.0	73761.0	66226.0	5293.0	9270.0	57.1	51.2	70.5	61.5
2015-08-11	72258.0	526.0	2440.0	63407.0	55953.0	5622.0	11162.0	55.7	49.8	67.1	57.9
2015-08-18	73437.0	98.0	2770.0	64645.0	55705.0	5532.0	11800.0	55.7	50.0	67.2	56.6
2015-08-25	74927.0	374.0	2074.0	66081.0	59755.0	5582.0	10208.0	56.1	50.9	66.9	58.6
2015-09-01	77027.0	625.0	720.0	67267.0	61690.0	5705.0	11187.0	54.9	51.2	65.9	56.9
2015-09-08	67491.0	1708.0	0.0	58016.0	53563.0	5632.0	11793.0	53.8	48.1	65.2	55.1
2015-09-15	70035.0	1609.0	240.0	61028.0	55622.0	5018.0	11793.0	52.4	48.3	66.3	55.1
2015-09-22	70492.0	1241.0	277.0	60668.0	57047.0	6229.0	10814.0	49.4	47.2	61.9	53.9
2015-09-29	72150.0	1204.0	678.0	61921.0	57567.0	6512.0	11392.0	49.4	47.6	62.7	53.9
2015-10-06	64748.0	4131.0	240.0	52079.0	53245.0	7468.0	10193.0	49.6	48.3	64.4	59.1
2015-10-13	67380.0	4804.0	0.0	53693.0	56625.0	7603.0	9475.0	49.7	46.6	64.9	58.2
2015-10-20	68195.0	2941.0	1354.0	56465.0	54002.0	7290.0	11340.0	52.3	48.3	70.3	58.8
2015-10-27	67547.0	3421.0	2912.0	55375.0	52865.0	7449.0	10468.0	51.1	47.3	69.7	58.5
2015-11-03	65659.0	2387.0	3096.0	54704.0	50434.0	7233.0	10794.0	54.0	44.2	66.8	55.1
2015-11-10	59166.0	1788.0	19.0	50095.0	48931.0	5596.0	8529.0	54.7	46.4	64.4	56.8
2015-11-17	61396.0	3072.0	383.0	51165.0	51659.0	6005.0	8200.0	53.6	45.5	65.5	56.7
2015-11-24	62211.0	2231.0	760.0	50555.0	52364.0	8183.0	7845.0	52.0	43.9	62.4	55.1
2015-12-01	62336.0	2170.0	1928.0	50494.0	49916.0	8581.0	9401.0	55.0	45.6	65.3	57.8
2015-12-08	57344.0	2438.0	907.0	43750.0	47444.0	9862.0	7699.0	55.8	49.0	64.4	59.3
2015-12-15	60261.0	2419.0	0.0	45764.0	51356.0	10568.0	7395.0	56.7	43.3	62.0	57.4
2015-12-22	64729.0	0.0	1163.0	51847.0	53248.0	10206.0	7642.0	55.6	40.0	63.9	56.4
2015-12-29	70603.0	0.0	3641.0	58491.0	56694.0	10086.0	8242.0	57.5	37.9	66.7	54.7
2016-01-05	72388.0	0.0	2968.0	61397.0	58390.0	8492.0	8531.0	55.4	38.1	68.3	54.6
2016-01-12	70480.0	0.0	2730.0	59117.0	56489.0	9412.0	9310.0	59.5	39.5	68.6	58.8
2016-01-19	78605.0	0.0	2737.0	66411.0	65735.0	9528.0	7467.0	55.8	39.1	67.3	56.5
2016-01-26	85025.0	571.0	5261.0	72685.0	70912.0	9225.0	6308.0	55.5	30.9	67.8	51.2
2016-02-02	89541.0	0.0	6224.0	77290.0	74444.0	10118.0	6740.0	54.2	30.1	67.3	48.9
2016-02-09	85404.0	0.0	6391.0	74485.0	70781.0	9510.0	6823.0	50.6	32.1	68.2	48.5
2016-02-16	87378.0	0.0	5486.0	76250.0	74307.0	9601.0	6058.0	49.8	33.3	67.6	50.3
2016-02-23	90158.0	0.0	4385.0	79100.0	77274.0	8863.0	6304.0	50.2	34.9	66.6	51.4
2016-03-01	92253.0	0.0	4386.0	80543.0	79146.0	9546.0	6557.0	49.2	37.0	67.9	53.3
2016-03-08	83403.0	684.0	2614.0	71332.0	72750.0	9335.0	5987.0	48.8	37.6	66.9	56.4
2016-03-15	83401.0	266.0	2160.0	71541.0	73023.0	9419.0	6043.0	46.4	35.8	62.1	53.0
2016-03-22	85123.0	385.0	1916.0	72681.0	74464.0	9767.0	6453.0	46.0	34.2	60.8	51.9
2016-03-29	86428.0	22.0	2558.0	73355.0	74704.0	10309.0	6424.0	47.9	34.6	62.0	53.1
2016-04-05	80869.0	1341.0	620.0	69420.0	72389.0	8194.0	5946.0	46.8	38.1	63.5	57.9
2016-04-12	84679.0	1214.0	620.0	74101.0	76422.0	7619.0	5892.0	45.9	39.8	61.6	57.3
2016-04-19	85903.0	1462.0	620.0	75178.0	76764.0	7453.0	6709.0	46.6	40.6	62.0	58.0
2016-04-26	88990.0	910.0	558.0	77612.0	78460.0	8093.0	7597.0	46.3	40.0	61.2	57.8
2016-05-03	91423.0	1081.0	947.0	82304.0	80886.0	6152.0	7704.0	45.6	41.3	62.7	60.3
2016-05-10	82542.0	1130.0	620.0	72936.0	72910.0	7224.0	7760.0	49.6	48.9	67.3	68.8
2016-05-17	83747.0	1589.0	620.0	73222.0	72652.0	7315.0	8854.0	50.1	48.6	67.5	68.3
2016-05-24	84361.0	417.0	1032.0	74940.0	72706.0	7272.0	8891.0	51.5	49.7	69.6	69.8
2016-05-31	84845.0	1331.0	1104.0	76738.0	73671.0	5781.0	9075.0	50.9	50.5	69.3	70.4
2016-06-07	78280.0	1417.0	1632.0	70666.0	67043.0	5416.0	8824.0	52.9	55.2	75.8	75.3
2016-06-14	79083.0	662.0	1347.0	72004.0	68249.0	5261.0	8331.0	59.2	56.2	77.6	76.5
2016-06-21	81657.0	1776.0	620.0	73723.0	70650.0	4809.0	9038.0	58.2	54.3	75.9	74.4
2016-06-28	86083.0	930.0	2035.0	78813.0	73551.0	5227.0	9384.0	62.5	56.4	79.5	74.9
2016-07-05	86608.0	930.0	1921.0	79375.0	74014.0	5382.0	9752.0	62.7	57.6	79.9	75.9
2016-07-12	74004.0	0.0	1253.0	68573.0	64509.0	4518.0	7329.0	63.5	56.4	80.1	77.3
2016-07-19	74762.0	0.0	1993.0	69482.0	65505.0	4487.0	6471.0	64.1	56.5	80.1	77.2
2016-07-26	77274.0	0.0	3441.0	71928.0	67519.0	4469.0	5437.0	65.3	54.7	80.6	74.7
2016-08-02	82480.0	0.0	4501.0	74089.0	71441.0	7876.0	6023.0	65.6	55.6	78.9	74.3
2016-08-09	72740.0	0.0	3838.0	63541.0	62825.0	8536.0	5414.0	61.3	49.7	74.7	70.1
2016-08-16	73990.0	0.0	4085.0	64389.0	63278.0	8878.0	5904.0	61.0	50.2	73.9	70.0
2016-08-23	74286.0	0.0	4894.0	64871.0	63771.0	8966.0	5172.0	61.5	49.4	74.1	68.5
2016-08-30	76978.0	0.0	6305.0	67963.0	65631.0	8566.0	4593.0	61.5	48.0	74.5	66.9
2016-09-06	71328.0	842.0	1872.0	60982.0	64416.0	8700.0	4236.0	63.7	51.5	75.8	71.3
2016-09-13	71944.0	842.0	1835.0	61290.0	64664.0	9155.0	4788.0	64.6	51.7	76.6	71.4
2016-09-20	73012.0	842.0	1391.0	62560.0	64620.0	8270.0	5661.0	62.3	48.6	74.1	67.9
2016-09-27	75463.0	842.0	3873.0	65316.0	65439.0	8451.0	5297.0	61.5	47.5	74.9	67.0
2016-10-04	77948.0	1152.0	3437.0	67416.0	67603.0	8271.0	5799.0	61.1	46.1	74.1	65.1
2016-10-11	71629.0	647.0	2509.0	61712.0	63394.0	8345.0	4801.0	63.6	49.4	76.3	68.7
2016-10-18	72827.0	240.0	3124.0	63726.0	64398.0	8448.0	4892.0	64.7	49.0	78.1	67.6
2016-10-25	74084.0	450.0	2927.0	64415.0	65285.0	8151.0	4804.0	64.3	49.5	77.0	67.6
2016-11-01	73630.0	566.0	2287.0	63774.0	65097.0	8062.0	5018.0	64.5	50.3	76.4	68.1
2016-11-08	66599.0	307.0	435.0	56858.0	59894.0	7848.0	4684.0	64.1	53.5	75.8	70.2
2016-11-15	69213.0	3.0	193.0	57618.0	61900.0	9675.0	5203.0	61.8	51.5	74.3	71.2
2016-11-22	72751.0	0.0	1111.0	61452.0	64596.0	9647.0	5392.0	58.7	42.5	72.7	68.9
2016-11-29	77168.0	1094.0	990.0	65110.0	67548.0	9585.0	7251.0	55.3	41.3	68.4	67.2
2016-12-06	70324.0	264.0	1033.0	58034.0	61264.0	10536.0	6537.0	54.7	39.2	64.3	62.6
2016-12-13	78580.0	0.0	2551.0	67871.0	68410.0	9481.0	6391.0	49.0	45.1	70.3	67.7
2016-12-20	87473.0	0.0	2389.0	77797.0	76099.0	8541.0	7850.0	50.6	44.1	73.2	66.8
2016-12-27	89673.0	0.0	2634.0	79796.0	77571.0	8634.0	8225.0	51.3	43.6	73.7	66.8
2017-01-03	89886.0	0.0	3189.0	80188.0	77526.0	8684.0	8157.0	52.9	43.5	75.1	67.8
2017-01-10	83484.0	0.0	2114.0	77205.0	73688.0	5100.0	6503.0	51.8	42.9	75.6	67.8
2017-01-17	84895.0	39.0	1178.0	78108.0	75825.0	5283.0	6427.0	51.5	42.7	74.8	68.6
2017-01-24	87622.0	0.0	2215.0	81290.0	78245.0	5227.0	6057.0	51.7	43.2	76.4	70.9
2017-01-31	92870.0	0.0	2417.0	86441.0	82803.0	5581.0	6802.0	52.0	44.5	75.5	70.8
