2013-05-07	134596.0	3619.0	0.0	129881.0	129294.0	608.0	4814.0	78.5	63.4	91.7	81.0
2013-05-14	140056.0	7579.0	600.0	131351.0	134124.0	608.0	4814.0	71.7	61.0	84.7	77.8
2013-05-21	166470.0	9379.0	1320.0	155935.0	159848.0	668.0	4814.0	72.0	64.3	85.8	78.6
2013-05-28	198040.0	16579.0	5640.0	179945.0	187218.0	1028.0	4694.0	68.9	54.2	80.4	66.9
2013-06-11	151701.0	372.0	611.0	150781.0	146948.0	548.0	4142.0	78.3	66.7	88.6	81.5
2013-06-18	166861.0	9424.0	8175.0	156827.0	154544.0	610.0	4142.0	74.9	59.9	84.9	75.7
2013-06-25	191569.0	9579.0	8051.0	181279.0	178663.0	432.0	4576.0	68.2	53.9	81.4	68.4
2013-07-02	200249.0	16585.0	8516.0	178272.0	186599.0	5392.0	5134.0	64.6	51.2	76.2	66.3
2013-07-09	147795.0	4960.0	580.0	142349.0	143135.0	486.0	4080.0	75.9	63.6	86.2	79.0
2013-07-16	151136.0	6200.0	580.0	144175.0	147080.0	761.0	3476.0	75.5	61.4	85.6	76.9
2013-07-23	166506.0	5596.0	5456.0	159065.0	156250.0	521.0	3476.0	70.8	55.7	80.8	71.6
2013-07-30	186783.0	16723.0	9672.0	168054.0	172466.0	1209.0	3848.0	60.9	50.2	74.3	65.8
2013-08-06	143038.0	10083.0	0.0	131831.0	139075.0	575.0	3414.0	74.2	62.6	84.6	78.4
2013-08-13	145968.0	15243.0	0.0	129541.0	142005.0	635.0	3414.0	70.6	61.4	82.0	76.8
2013-08-20	144998.0	17463.0	0.0	126351.0	141035.0	635.0	3414.0	72.4	60.2	83.9	75.7
2013-08-27	160982.0	30979.0	0.0	128887.0	156809.0	1055.0	4112.0	62.9	53.7	74.4	67.7
2013-09-03	178227.0	43057.0	8610.0	134237.0	165055.0	933.0	4562.0	55.5	47.8	66.6	62.5
2013-09-10	141788.0	30539.0	10013.0	110370.0	128109.0	879.0	3666.0	68.4	58.5	82.0	76.6
2013-09-17	145032.0	36425.0	10013.0	107809.0	131933.0	798.0	3086.0	67.0	56.6	80.2	75.2
2013-09-24	163746.0	39980.0	8153.0	122620.0	152753.0	1146.0	2840.0	59.1	48.5	71.4	67.5
2013-10-01	185898.0	53978.0	7843.0	129849.0	173722.0	1291.0	3553.0	53.3	42.2	65.7	58.9
2013-10-08	134893.0	40238.0	0.0	94082.0	131299.0	573.0	3594.0	68.1	55.7	81.4	74.2
2013-10-15	141952.0	45526.0	2370.0	95703.0	136416.0	723.0	3166.0	60.9	52.9	73.2	70.5
2013-10-22	165719.0	56766.0	5040.0	108562.0	158117.0	391.0	2562.0	51.2	48.1	68.4	69.1
2013-10-29	207517.0	74766.0	8850.0	131550.0	195715.0	1201.0	2952.0	43.0	40.8	56.8	55.3
2013-11-05	129240.0	35886.0	0.0	92960.0	125915.0	394.0	3325.0	72.8	58.2	88.7	80.8
2013-11-12	134309.0	40970.0	5084.0	92492.0	126415.0	847.0	2810.0	70.4	55.4	87.9	77.2
2013-11-19	145252.0	49960.0	5084.0	94383.0	137786.0	909.0	2382.0	62.4	52.8	79.6	73.6
2013-11-26	178739.0	66452.0	5456.0	111025.0	170281.0	1262.0	3002.0	44.7	42.4	58.6	60.4
2013-12-03	178801.0	66452.0	5456.0	111149.0	170498.0	1200.0	2847.0	44.6	42.4	58.6	60.4
2013-12-10	124044.0	34555.0	2480.0	87914.0	118580.0	1575.0	2984.0	69.4	55.0	86.5	75.5
2013-12-17	138213.0	37655.0	2480.0	99343.0	130795.0	1215.0	4938.0	70.7	57.6	88.5	77.8
2013-12-24	149568.0	37184.0	4588.0	109551.0	139106.0	1531.0	4572.0	57.7	48.8	76.0	67.5
2014-01-14	119600.0	25475.0	4280.0	92097.0	106823.0	908.0	7377.0	74.4	58.5	89.2	77.2
2014-01-21	123715.0	26844.0	2824.0	92004.0	110246.0	1171.0	6949.0	72.3	57.9	83.9	74.2
2014-01-28	152161.0	43318.0	3804.0	106260.0	141935.0	1183.0	5022.0	54.3	47.4	69.1	63.6
2014-02-04	152127.0	41996.0	4196.0	106138.0	139921.0	2621.0	6638.0	52.0	43.0	67.2	59.4
2014-02-11	111861.0	15390.0	6020.0	92376.0	96639.0	2235.0	7342.0	75.1	55.7	82.5	72.3
2014-02-18	116259.0	10705.0	6795.0	99727.0	99687.0	1690.0	5640.0	67.4	54.4	77.5	68.6
2014-02-25	129343.0	15293.0	8413.0	107214.0	109587.0	2674.0	7181.0	59.1	46.8	73.0	58.6
2014-03-04	142858.0	15716.0	4817.0	118729.0	123160.0	1895.0	8363.0	47.8	41.9	60.8	52.8
2014-03-11	94438.0	6059.0	8480.0	84502.0	77285.0	2065.0	6861.0	81.4	61.7	89.8	79.8
2014-03-18	95066.0	5517.0	10760.0	84173.0	77405.0	3564.0	5089.0	81.0	60.9	87.8	79.9
2014-03-25	107351.0	8689.0	12342.0	94517.0	87958.0	1665.0	4571.0	68.6	51.6	76.6	68.2
2014-04-01	122462.0	9785.0	15360.0	108939.0	100528.0	1606.0	4442.0	63.4	43.6	70.9	58.5
2014-04-15	94432.0	0.0	3768.0	90415.0	84567.0	2293.0	4373.0	79.9	52.3	82.3	71.0
2014-04-22	100517.0	3968.0	3768.0	92315.0	90559.0	2510.0	4466.0	73.5	51.2	80.5	70.5
2014-04-29	124078.0	15221.0	5318.0	106099.0	113382.0	1840.0	4460.0	60.4	45.1	72.6	63.5
2014-05-13	89380.0	0.0	3954.0	87315.0	81016.0	1147.0	3492.0	78.3	57.5	86.0	75.8
2014-05-20	112000.0	3000.0	3354.0	106905.0	102381.0	1177.0	5347.0	75.4	55.6	83.2	72.5
2014-05-27	119827.0	9090.0	3534.0	109200.0	109909.0	799.0	5646.0	69.0	52.4	78.6	68.4
2014-06-03	132535.0	9750.0	3534.0	120318.0	122475.0	1729.0	5788.0	62.7	49.5	72.4	64.6
2014-06-10	100867.0	166.0	1840.0	96956.0	91019.0	1933.0	6196.0	75.1	56.8	84.4	73.7
2014-06-17	106571.0	2398.0	4444.0	100242.0	94150.0	2119.0	6165.0	70.0	53.7	79.2	68.3
2014-06-24	115457.0	6995.0	4340.0	106109.0	104945.0	1801.0	5620.0	62.2	51.3	76.9	68.7
2014-07-01	129563.0	13826.0	2575.0	112186.0	118935.0	1482.0	5984.0	55.6	47.5	73.0	66.0
2014-07-08	92745.0	0.0	3100.0	91304.0	82876.0	889.0	6217.0	70.9	56.5	83.1	75.3
2014-07-15	93966.0	0.0	3100.0	91855.0	84097.0	1559.0	6217.0	70.0	56.7	82.9	75.6
2014-07-22	97425.0	5332.0	3100.0	90106.0	87676.0	1435.0	6097.0	62.0	55.2	76.1	72.2
2014-07-29	114655.0	11041.0	2779.0	100893.0	104284.0	949.0	5820.0	55.8	48.5	69.4	67.6
2014-08-05	100993.0	6340.0	1446.0	92155.0	91923.0	912.0	6038.0	67.5	56.9	81.5	74.3
2014-08-12	101054.0	9238.0	1446.0	89196.0	91923.0	1034.0	6099.0	69.7	55.9	79.2	73.3
2014-08-19	103329.0	9718.0	4476.0	91381.0	91948.0	1304.0	5979.0	68.8	55.9	78.9	69.7
2014-08-26	111953.0	12120.0	4044.0	96993.0	100320.0	1302.0	6051.0	65.3	47.1	75.2	60.3
2014-09-02	123459.0	11910.0	6234.0	108170.0	110227.0	1841.0	5460.0	58.1	40.4	67.9	53.4
2014-09-09	93520.0	9838.0	1626.0	81417.0	85834.0	1459.0	5254.0	63.9	48.2	72.5	62.1
2014-09-16	96584.0	12318.0	1626.0	82001.0	88898.0	1459.0	5254.0	59.1	45.8	67.9	58.4
2014-09-23	103428.0	14079.0	1626.0	86844.0	95438.0	1699.0	5558.0	53.5	42.7	61.6	50.8
2014-09-30	131738.0	17086.0	8295.0	113556.0	117348.0	1096.0	6095.0	50.3	33.6	62.2	43.8
2014-10-07	83876.0	10458.0	1812.0	72372.0	77331.0	1046.0	4733.0	65.5	50.7	69.7	62.6
2014-10-14	90487.0	14678.0	1812.0	74763.0	83942.0	1046.0	4733.0	63.3	49.6	70.3	64.6
2014-10-21	99507.0	16718.0	5412.0	81683.0	89302.0	1106.0	4793.0	64.7	47.2	73.6	65.3
2014-10-28	118159.0	22744.0	4110.0	92953.0	107462.0	1010.0	5135.0	54.2	39.8	65.6	58.0
2014-11-04	128637.0	27082.0	0.0	94984.0	116884.0	5119.0	10301.0	50.7	42.4	65.5	58.2
2014-11-11	87673.0	16814.0	1452.0	67961.0	80442.0	2898.0	5779.0	69.0	51.7	73.2	67.5
2014-11-18	94800.0	19972.0	2692.0	72023.0	86388.0	2805.0	5720.0	61.3	50.6	72.9	66.6
2014-11-25	122724.0	15787.0	5203.0	102092.0	111713.0	3946.0	4909.0	57.5	37.9	63.3	55.0
2014-12-02	122341.0	12240.0	4211.0	101195.0	111330.0	8007.0	5901.0	55.9	39.0	62.9	56.3
2014-12-16	91245.0	15132.0	0.0	71710.0	85061.0	3659.0	5440.0	65.4	56.6	75.2	72.1
2014-12-23	103234.0	19473.0	1457.0	82559.0	96232.0	830.0	5173.0	59.3	55.3	71.3	69.6
2014-12-30	112599.0	23689.0	1457.0	84712.0	105566.0	3826.0	5204.0	51.4	48.7	64.9	64.8
2015-01-20	82811.0	16404.0	0.0	62917.0	77185.0	3118.0	5254.0	65.0	58.2	75.8	73.1
2015-01-27	102686.0	17132.0	1148.0	80574.0	95525.0	4440.0	5473.0	57.6	45.1	71.4	64.6
2015-02-03	110614.0	18980.0	1148.0	85617.0	101657.0	5141.0	6933.0	51.3	41.5	66.8	62.0
2015-02-17	76849.0	12160.0	0.0	62362.0	72257.0	2327.0	4592.0	69.2	50.3	74.8	67.7
2015-02-24	91191.0	10919.0	651.0	76550.0	84322.0	2854.0	5350.0	61.2	44.0	74.1	63.0
2015-03-03	112835.0	14593.0	0.0	90754.0	106276.0	6372.0	5443.0	44.3	38.8	61.1	60.0
2015-03-24	86978.0	3784.0	0.0	80909.0	82827.0	2285.0	4151.0	60.0	45.0	68.9	66.4
2015-03-31	105650.0	6214.0	1950.0	96851.0	98649.0	2585.0	5051.0	43.0	41.8	57.1	59.2
2015-04-28	106984.0	8361.0	9579.0	94097.0	92545.0	3348.0	3682.0	32.0	42.7	45.5	57.7
2015-05-19	79948.0	13288.0	0.0	64922.0	76772.0	1738.0	3176.0	58.7	56.7	72.3	73.2
2015-05-26	87356.0	9568.0	330.0	75174.0	83400.0	2614.0	3626.0	49.5	53.6	61.9	64.8
2015-06-02	87782.0	6268.0	2315.0	77610.0	79836.0	3904.0	5631.0	47.0	53.5	62.0	65.8
2015-06-23	90258.0	9517.0	0.0	78603.0	86782.0	1642.0	2980.0	51.4	59.2	65.1	73.4
2015-06-30	107103.0	10732.0	2449.0	92782.0	98946.0	1853.0	3972.0	35.9	53.1	50.9	64.0
2015-07-14	68607.0	4749.0	0.0	61843.0	67078.0	2015.0	1529.0	53.6	60.4	69.9	75.1
2015-07-21	77842.0	4749.0	558.0	71016.0	75232.0	2077.0	2052.0	58.6	62.6	73.2	76.3
2015-07-28	96683.0	8713.0	2914.0	85579.0	92147.0	2391.0	1622.0	47.3	49.1	60.8	66.6
2015-08-04	104221.0	8152.0	4526.0	94550.0	96217.0	1519.0	3478.0	39.4	46.9	51.7	60.7
2015-08-11	67186.0	3416.0	0.0	63374.0	65692.0	396.0	1494.0	54.0	61.7	67.3	74.5
2015-08-18	72180.0	3386.0	0.0	68246.0	70566.0	548.0	1614.0	47.2	55.9	63.8	71.1
2015-08-25	89479.0	3829.0	990.0	84527.0	86844.0	1123.0	1645.0	52.0	57.6	65.5	75.4
2015-09-01	106871.0	6313.0	4140.0	99218.0	100228.0	1340.0	2503.0	50.0	51.9	60.8	67.8
2015-09-08	61832.0	2036.0	0.0	58761.0	59355.0	1035.0	2477.0	55.1	59.9	67.1	69.3
2015-09-15	67289.0	2036.0	0.0	62477.0	66185.0	2776.0	1104.0	49.0	58.3	57.4	64.3
2015-09-22	79727.0	3783.0	0.0	72894.0	78623.0	3050.0	1104.0	48.8	57.4	57.4	67.7
2015-09-29	104609.0	5324.0	6365.0	95997.0	95817.0	2678.0	1817.0	45.8	50.2	53.9	63.4
2015-10-06	59189.0	2322.0	0.0	53756.0	58275.0	3111.0	914.0	58.5	65.7	73.4	78.0
2015-10-13	60307.0	2322.0	0.0	54508.0	59393.0	3477.0	914.0	51.4	64.5	69.1	76.6
2015-10-20	65360.0	882.0	0.0	60267.0	62856.0	2711.0	1004.0	59.5	59.0	70.0	71.1
2015-10-27	92854.0	4470.0	5448.0	84313.0	84508.0	2049.0	876.0	49.7	45.5	59.5	59.8
2015-11-03	106898.0	6978.0	2820.0	95441.0	94498.0	2979.0	8080.0	45.1	45.4	55.0	59.0
2015-11-10	65921.0	6066.0	0.0	57760.0	63899.0	2095.0	2022.0	54.4	60.6	73.2	72.9
2015-11-17	69920.0	6662.0	0.0	61015.0	69269.0	2243.0	651.0	49.2	58.0	69.2	72.4
2015-11-24	94956.0	22823.0	12710.0	70806.0	81378.0	1327.0	868.0	42.7	46.4	58.3	60.5
2015-12-01	99971.0	24621.0	14291.0	72683.0	83007.0	2667.0	2673.0	42.0	44.0	56.6	56.8
2015-12-08	58701.0	1960.0	0.0	52903.0	57237.0	3838.0	1464.0	54.0	61.5	68.9	73.7
2015-12-15	64120.0	5060.0	0.0	56686.0	62164.0	2374.0	1956.0	46.2	60.4	61.5	70.4
2015-12-22	77528.0	12128.0	3022.0	63539.0	73843.0	1861.0	663.0	30.4	57.3	49.8	69.3
2015-12-29	102080.0	18886.0	7626.0	81867.0	93311.0	1327.0	1143.0	34.5	49.5	50.1	62.6
2016-01-05	102540.0	7075.0	6634.0	82048.0	94019.0	13417.0	1887.0	24.9	49.3	39.5	61.1
2016-01-12	61258.0	1712.0	0.0	56531.0	59646.0	3015.0	1612.0	40.2	62.4	60.3	70.8
2016-01-19	64448.0	2727.0	0.0	58445.0	64089.0	3276.0	359.0	37.0	59.1	55.4	68.7
2016-01-26	77049.0	4699.0	841.0	70095.0	75733.0	2255.0	475.0	32.6	58.2	49.2	68.8
2016-02-02	84978.0	1857.0	578.0	79451.0	81980.0	3293.0	2043.0	31.3	53.8	46.4	66.9
2016-02-09	62433.0	4812.0	0.0	55781.0	62195.0	1840.0	238.0	33.0	62.6	51.5	70.2
2016-02-16	62433.0	4812.0	0.0	55781.0	62195.0	1840.0	238.0	33.0	62.6	51.5	70.2
2016-02-23	83916.0	8841.0	148.0	71575.0	81508.0	1788.0	548.0	26.7	65.0	44.1	72.8
2016-03-01	107847.0	24467.0	775.0	81796.0	105253.0	1584.0	1819.0	24.3	57.9	40.0	67.1
2016-03-08	64660.0	8912.0	0.0	54253.0	64426.0	1495.0	234.0	39.2	68.6	57.4	75.8
2016-03-15	71463.0	12602.0	660.0	57160.0	70205.0	1701.0	598.0	35.6	65.2	53.6	73.6
2016-03-22	81401.0	11072.0	780.0	69994.0	80387.0	335.0	234.0	36.8	64.5	54.0	73.8
2016-03-29	110651.0	15422.0	9060.0	92748.0	99463.0	2121.0	1768.0	29.0	52.1	44.2	63.7
2016-04-05	51515.0	1472.0	0.0	46808.0	51101.0	3235.0	414.0	36.5	62.5	57.4	75.5
2016-04-12	55545.0	3332.0	0.0	49282.0	54579.0	2931.0	966.0	33.8	59.4	52.7	68.8
2016-04-19	60750.0	3580.0	1674.0	54363.0	57986.0	2807.0	1090.0	30.8	54.3	51.3	66.5
2016-04-26	98984.0	4922.0	19933.0	90262.0	77341.0	3800.0	1710.0	48.7	46.5	58.8	61.2
2016-05-03	123922.0	9610.0	12650.0	111951.0	94308.0	1586.0	16189.0	43.7	33.8	54.9	47.1
2016-05-10	48735.0	3798.0	0.0	42982.0	47931.0	1955.0	804.0	34.5	62.5	57.4	68.6
2016-05-17	54135.0	6738.0	0.0	45202.0	53639.0	2195.0	496.0	30.4	58.9	50.8	68.5
2016-05-24	84699.0	31031.0	8550.0	52997.0	75263.0	671.0	886.0	36.9	54.4	52.7	65.9
2016-05-31	109997.0	38269.0	11220.0	70945.0	97613.0	783.0	1164.0	33.6	39.5	47.4	55.3
2016-06-07	44481.0	3198.0	0.0	39748.0	43155.0	1535.0	1326.0	39.1	66.0	60.9	72.8
2016-06-14	46899.0	3198.0	0.0	42902.0	45573.0	799.0	1326.0	35.8	65.2	55.2	71.0
2016-06-21	54511.0	7042.0	248.0	46391.0	52627.0	1078.0	1636.0	30.5	55.5	47.1	64.6
2016-06-28	89665.0	20217.0	3441.0	65991.0	84479.0	3457.0	1745.0	38.2	40.1	52.3	54.7
2016-07-05	90822.0	12064.0	2604.0	66618.0	85574.0	12140.0	2644.0	39.0	40.8	49.6	55.2
2016-07-12	42331.0	2392.0	0.0	38439.0	41012.0	1500.0	1319.0	36.2	62.8	55.1	68.5
2016-07-19	46803.0	3384.0	1612.0	41919.0	43841.0	1500.0	1350.0	37.0	62.4	53.8	72.6
2016-07-26	67603.0	3973.0	7347.0	63047.0	59820.0	583.0	436.0	36.9	54.7	53.5	71.8
2016-08-02	86100.0	10266.0	3949.0	72962.0	67715.0	2872.0	14436.0	33.7	36.1	54.9	47.5
2016-08-09	43932.0	1916.0	0.0	40950.0	41791.0	1066.0	2141.0	40.9	59.0	56.2	68.1
2016-08-16	46934.0	9776.0	0.0	36580.0	44793.0	578.0	2141.0	43.0	53.2	61.1	62.0
2016-08-23	57464.0	13862.0	2552.0	42780.0	52711.0	822.0	2201.0	42.9	46.9	58.6	59.7
2016-08-30	79932.0	15572.0	8972.0	63117.0	70355.0	1243.0	605.0	33.3	38.4	50.2	52.5
2016-09-06	32434.0	806.0	992.0	30889.0	29455.0	739.0	1987.0	47.3	48.1	60.2	62.4
2016-09-13	41674.0	2542.0	1240.0	38207.0	39303.0	925.0	1131.0	39.8	39.3	56.7	55.1
2016-09-20	42573.0	5084.0	1240.0	36533.0	40202.0	956.0	1131.0	40.3	40.9	57.2	55.4
2016-09-27	67703.0	7223.0	9579.0	59214.0	56671.0	1266.0	1453.0	34.4	35.6	49.0	52.7
2016-10-04	99138.0	11470.0	3503.0	79799.0	84026.0	7869.0	11609.0	43.7	36.0	56.9	51.5
2016-10-11	65460.0	6582.0	0.0	58300.0	63597.0	578.0	1863.0	57.5	60.4	77.4	71.3
2016-10-18	72770.0	6582.0	3120.0	65610.0	68523.0	578.0	1127.0	48.9	54.1	69.0	67.2
2016-10-25	100140.0	9732.0	8580.0	89110.0	89743.0	1298.0	1817.0	38.5	53.0	61.3	65.8
2016-11-01	115629.0	18532.0	6750.0	94689.0	107138.0	1898.0	1231.0	31.9	42.7	50.1	54.4
2016-11-08	80131.0	16622.0	0.0	63171.0	78056.0	338.0	2075.0	57.8	53.6	69.3	65.8
2016-11-15	84868.0	18668.0	0.0	66048.0	81633.0	152.0	3235.0	58.1	52.5	69.7	64.0
2016-11-22	108095.0	26697.0	2325.0	81060.0	104241.0	338.0	1529.0	51.6	48.0	71.1	61.1
2016-11-29	126532.0	36617.0	10478.0	88969.0	113582.0	946.0	2472.0	45.2	42.5	63.9	56.1
2016-12-06	88211.0	15940.0	6200.0	70361.0	78019.0	1910.0	3992.0	64.4	56.8	75.9	68.4
2016-12-13	94488.0	16560.0	6200.0	76378.0	85645.0	1550.0	2643.0	60.8	53.7	70.5	65.6
2016-12-20	100152.0	16343.0	6200.0	82135.0	91002.0	1674.0	2950.0	59.1	51.3	69.4	65.7
2016-12-27	115842.0	25005.0	8432.0	88645.0	104851.0	2192.0	2559.0	54.9	46.1	67.6	61.3
2017-01-03	131271.0	31407.0	11129.0	99365.0	116343.0	499.0	3799.0	47.2	44.2	59.1	60.7
2017-01-10	80866.0	7078.0	0.0	72393.0	77190.0	1395.0	3676.0	57.7	58.3	71.1	67.9
2017-01-17	83524.0	7526.0	0.0	74603.0	79848.0	1395.0	3676.0	54.6	57.5	69.9	67.2
2017-01-24	89432.0	15030.0	0.0	72839.0	85056.0	1563.0	4376.0	48.1	54.3	65.2	63.7
2017-01-31	123888.0	34300.0	504.0	89287.0	120254.0	301.0	3130.0	40.7	41.5	55.7	52.3
