2013-05-07	53810.0	0.0	1080.0	53687.0	51676.0	123.0	1054.0	57.2	41.3	71.0	58.2
2013-05-14	54320.0	0.0	0.0	54197.0	53266.0	123.0	1054.0	56.1	41.5	71.1	58.2
2013-05-21	55580.0	0.0	0.0	55457.0	54406.0	123.0	1174.0	52.7	40.7	67.3	56.2
2013-05-28	59630.0	960.0	0.0	58243.0	58096.0	427.0	1534.0	48.3	36.9	63.5	53.7
2013-06-11	43676.0	960.0	0.0	42445.0	43071.0	271.0	605.0	47.5	41.8	60.3	56.4
2013-06-18	45939.0	960.0	0.0	44708.0	45210.0	271.0	729.0	50.2	41.2	62.5	55.7
2013-06-25	55611.0	960.0	0.0	54194.0	54569.0	457.0	1042.0	50.7	35.4	61.9	52.1
2013-07-02	55239.0	960.0	0.0	52886.0	54143.0	1393.0	1096.0	45.5	34.1	58.1	50.2
2013-07-09	40569.0	0.0	0.0	40322.0	40073.0	247.0	496.0	57.9	36.8	65.8	51.8
2013-07-16	41437.0	0.0	0.0	41190.0	40755.0	247.0	682.0	58.3	35.6	66.7	50.2
2013-07-23	45374.0	0.0	0.0	45096.0	44754.0	278.0	620.0	60.1	33.3	70.9	51.3
2013-07-30	49435.0	496.0	0.0	48878.0	49032.0	61.0	403.0	54.5	33.3	68.1	48.9
2013-08-06	31397.0	310.0	0.0	30964.0	31242.0	123.0	155.0	61.3	33.1	68.4	51.4
2013-08-13	35093.0	310.0	0.0	34660.0	34938.0	123.0	155.0	61.7	31.7	68.0	48.0
2013-08-20	35873.0	310.0	0.0	35256.0	35718.0	307.0	155.0	60.3	31.6	66.4	46.2
2013-08-27	44813.0	310.0	0.0	44230.0	44328.0	273.0	485.0	52.6	36.2	66.3	50.7
2013-09-03	46073.0	310.0	0.0	45550.0	45588.0	213.0	485.0	52.6	36.2	66.6	52.4
2013-09-10	35448.0	0.0	0.0	35327.0	34994.0	121.0	454.0	49.2	35.4	62.8	51.7
2013-09-17	36409.0	0.0	0.0	36288.0	35955.0	121.0	454.0	51.2	34.7	63.7	50.5
2013-09-24	44066.0	0.0	372.0	43821.0	42992.0	245.0	702.0	50.1	30.8	63.0	46.7
2013-10-01	43694.0	0.0	372.0	43388.0	42496.0	306.0	826.0	51.2	31.6	63.4	47.6
2013-10-08	28388.0	0.0	372.0	28017.0	27123.0	371.0	893.0	62.9	43.2	71.6	58.7
2013-10-15	29918.0	0.0	372.0	29547.0	28687.0	371.0	859.0	59.7	42.2	71.8	57.1
2013-10-22	34898.0	0.0	372.0	34407.0	33457.0	491.0	1069.0	63.1	45.4	76.3	61.0
2013-10-29	42206.0	0.0	372.0	41475.0	40281.0	731.0	1553.0	57.7	44.2	73.5	57.3
2013-11-05	25793.0	0.0	0.0	25342.0	24953.0	451.0	840.0	64.9	52.8	78.4	67.4
2013-11-12	25917.0	0.0	0.0	25466.0	25077.0	451.0	840.0	65.1	52.5	78.6	67.0
2013-11-19	25421.0	0.0	0.0	24970.0	24581.0	451.0	840.0	62.9	51.0	78.1	65.6
2013-11-26	32451.0	368.0	0.0	31409.0	31564.0	674.0	887.0	59.7	51.0	79.9	68.6
2013-12-03	32451.0	368.0	0.0	31409.0	31564.0	674.0	887.0	59.7	51.0	79.9	68.6
2013-12-10	22583.0	248.0	0.0	21541.0	21870.0	794.0	713.0	47.4	52.4	67.5	65.6
2013-12-17	24047.0	248.0	0.0	22819.0	23396.0	980.0	651.0	60.7	53.6	81.2	71.1
2013-12-24	27736.0	882.0	0.0	26110.0	26961.0	744.0	775.0	56.7	48.6	77.4	67.3
2014-01-07	18412.0	634.0	0.0	17282.0	18102.0	496.0	310.0	52.1	66.0	78.6	83.5
2014-01-14	20520.0	634.0	0.0	19390.0	20210.0	496.0	310.0	53.2	64.7	75.9	82.0
2014-01-21	21192.0	0.0	0.0	20510.0	20882.0	682.0	310.0	55.7	62.1	79.6	78.9
2014-01-28	30264.0	392.0	0.0	28994.0	29814.0	878.0	450.0	59.0	50.0	77.8	70.8
2014-02-04	32996.0	616.0	0.0	30042.0	30794.0	2338.0	2202.0	56.3	46.9	73.5	66.9
2014-02-11	23665.0	616.0	0.0	21393.0	21617.0	1656.0	2048.0	60.8	51.8	79.9	67.4
2014-02-18	24843.0	616.0	0.0	22261.0	22711.0	1966.0	2132.0	58.5	46.9	74.7	61.7
2014-02-25	29152.0	802.0	0.0	26198.0	26633.0	2152.0	2519.0	62.8	47.3	77.9	68.1
2014-03-04	29028.0	802.0	0.0	26446.0	26881.0	1780.0	2147.0	63.5	47.6	78.9	69.4
2014-03-11	26528.0	0.0	0.0	24603.0	24727.0	1925.0	1801.0	71.1	73.1	81.3	85.3
2014-03-18	32311.0	0.0	0.0	30446.0	30396.0	1865.0	1915.0	74.7	71.5	84.3	84.5
2014-03-25	40121.0	0.0	0.0	38348.0	37966.0	1773.0	2155.0	72.2	65.2	83.4	76.4
2014-04-01	43701.0	0.0	24.0	41897.0	40856.0	1618.0	2635.0	71.1	65.8	83.4	78.6
2014-04-08	34060.0	0.0	210.0	31746.0	31060.0	2314.0	2790.0	78.7	71.6	89.4	80.8
2014-04-15	34956.0	0.0	210.0	32522.0	31740.0	2434.0	3006.0	82.6	70.4	89.7	80.2
2014-04-22	40349.0	0.0	210.0	37999.0	37312.0	2350.0	2827.0	78.1	66.7	89.1	78.2
2014-04-29	45053.0	0.0	210.0	42424.0	42853.0	2629.0	1990.0	74.2	61.1	87.3	77.4
2014-05-06	33323.0	0.0	0.0	30753.0	31993.0	2570.0	1330.0	81.2	71.4	90.5	87.0
2014-05-13	34403.0	0.0	0.0	31833.0	32953.0	2570.0	1450.0	81.8	70.3	90.8	86.3
2014-05-20	38717.0	0.0	0.0	36177.0	37207.0	2540.0	1510.0	79.6	62.5	90.3	79.3
2014-05-27	45957.0	0.0	0.0	44363.0	43916.0	1594.0	2041.0	72.5	54.9	84.7	74.5
2014-06-03	48243.0	0.0	0.0	46529.0	46228.0	1714.0	2015.0	72.4	56.1	85.0	74.8
2014-06-10	39626.0	0.0	0.0	38505.0	38357.0	1121.0	1269.0	77.4	62.6	89.2	78.6
2014-06-17	40990.0	0.0	0.0	39989.0	39901.0	1001.0	1089.0	74.6	58.8	87.5	75.6
2014-06-24	46283.0	0.0	0.0	44976.0	45184.0	1307.0	1099.0	70.2	52.2	87.7	69.8
2014-07-01	50096.0	0.0	0.0	49183.0	49121.0	913.0	975.0	69.4	51.7	88.5	69.2
2014-07-08	35486.0	0.0	0.0	35053.0	34744.0	433.0	742.0	77.3	58.1	95.4	77.2
2014-07-15	39756.0	0.0	0.0	39292.0	38859.0	464.0	897.0	72.2	52.5	86.5	71.0
2014-07-22	43352.0	0.0	0.0	42764.0	42207.0	588.0	1145.0	70.6	48.5	86.2	66.8
2014-07-29	48746.0	310.0	0.0	47817.0	47599.0	619.0	1147.0	67.6	47.5	91.2	71.3
2014-08-05	34489.0	217.0	0.0	33870.0	33842.0	402.0	647.0	77.2	54.8	92.5	73.4
2014-08-12	34429.0	217.0	0.0	33810.0	33782.0	402.0	647.0	77.1	51.8	91.1	70.7
2014-08-19	36889.0	217.0	0.0	36270.0	36242.0	402.0	647.0	71.0	44.8	84.0	65.2
2014-08-26	44795.0	97.0	0.0	44002.0	43938.0	576.0	737.0	63.4	39.0	77.1	58.5
2014-09-02	48667.0	7.0	0.0	47874.0	47446.0	576.0	1011.0	55.7	36.4	72.6	57.6
2014-09-09	33508.0	0.0	210.0	32788.0	32964.0	720.0	334.0	62.3	43.3	76.3	63.6
2014-09-16	37520.0	0.0	210.0	36676.0	36976.0	844.0	334.0	66.0	45.9	78.3	66.1
2014-09-23	43565.0	0.0	210.0	42721.0	42897.0	844.0	458.0	65.3	41.8	79.4	63.5
2014-09-30	46684.0	0.0	148.0	45433.0	45923.0	1189.0	551.0	63.0	36.8	76.5	59.2
2014-10-07	31027.0	0.0	0.0	30221.0	30686.0	806.0	341.0	71.9	40.3	82.2	60.8
2014-10-14	33871.0	0.0	0.0	33189.0	33530.0	682.0	341.0	72.7	39.9	82.3	62.1
2014-10-21	36241.0	0.0	0.0	35469.0	35900.0	772.0	341.0	59.8	38.5	76.3	60.5
2014-10-28	65202.0	480.0	6280.0	63830.0	58191.0	892.0	731.0	67.9	49.6	80.3	67.3
2014-11-04	66759.0	480.0	6280.0	64493.0	58849.0	1786.0	1630.0	66.0	49.6	80.4	65.4
2014-11-11	51476.0	480.0	6280.0	50212.0	44562.0	784.0	634.0	66.2	58.3	79.1	73.6
2014-11-18	57003.0	480.0	6280.0	55795.0	49903.0	728.0	820.0	68.4	53.0	79.5	69.1
2014-11-25	62447.0	638.0	6280.0	60470.0	54882.0	1249.0	1195.0	68.5	50.0	80.8	67.5
2014-12-02	62447.0	638.0	5500.0	59480.0	54282.0	2239.0	2575.0	68.5	48.8	80.8	65.3
2014-12-09	52290.0	589.0	5500.0	51019.0	45736.0	682.0	1054.0	79.3	60.3	90.6	77.1
2014-12-16	56330.0	589.0	5500.0	55059.0	49497.0	682.0	1333.0	76.1	56.6	89.6	73.6
2014-12-23	64655.0	1054.0	5500.0	62826.0	58194.0	775.0	961.0	60.7	46.5	76.5	66.3
2014-12-30	65046.0	1302.0	5500.0	63279.0	58492.0	465.0	1054.0	65.1	47.9	80.8	68.3
2015-01-06	56671.0	806.0	7820.0	55338.0	47859.0	279.0	744.0	68.2	54.4	81.3	72.9
2015-01-13	57371.0	806.0	7820.0	56038.0	48559.0	279.0	744.0	67.4	54.9	80.3	73.2
2015-01-20	60115.0	806.0	7820.0	58782.0	51191.0	279.0	856.0	64.0	51.1	78.7	69.4
2015-01-27	67373.0	806.0	7652.0	66027.0	57685.0	124.0	1620.0	62.3	42.1	75.2	60.7
2015-02-03	68909.0	806.0	6356.0	67731.0	60459.0	372.0	2094.0	48.2	31.3	61.7	51.8
2015-02-10	43502.0	0.0	6356.0	43120.0	36168.0	382.0	978.0	66.3	46.0	84.4	65.3
2015-02-17	44618.0	0.0	6356.0	44050.0	37160.0	568.0	1102.0	65.2	46.0	83.4	66.0
2015-02-24	56753.0	0.0	6356.0	56210.0	49109.0	543.0	1288.0	57.7	45.3	79.6	65.1
2015-03-03	58086.0	0.0	6635.0	57061.0	49501.0	1025.0	1950.0	57.8	44.3	79.2	64.3
2015-03-10	51678.0	0.0	6755.0	51213.0	43939.0	465.0	984.0	54.4	38.2	72.5	59.3
2015-03-17	61992.0	0.0	6755.0	61527.0	53583.0	465.0	1654.0	49.0	32.1	66.6	50.7
2015-03-24	72148.0	0.0	8375.0	71593.0	62769.0	555.0	1004.0	49.7	29.2	64.5	46.4
2015-03-31	72786.0	0.0	8255.0	72231.0	62923.0	555.0	1608.0	49.8	29.0	63.8	45.5
2015-04-07	55385.0	0.0	7976.0	55295.0	46144.0	90.0	1265.0	70.2	37.8	81.1	59.6
2015-04-14	57721.0	0.0	7736.0	57631.0	48720.0	90.0	1265.0	69.9	38.7	82.3	59.7
2015-04-21	62494.0	0.0	7736.0	62311.0	52873.0	183.0	1885.0	67.6	37.0	84.5	59.7
2015-04-28	73036.0	0.0	7457.0	72450.0	63196.0	307.0	2104.0	65.4	33.3	79.3	54.6
2015-05-05	54406.0	279.0	5636.0	53786.0	47626.0	341.0	1144.0	71.1	41.1	82.6	63.8
2015-05-12	58158.0	279.0	5636.0	57538.0	50372.0	341.0	2150.0	67.9	38.7	85.8	61.6
2015-05-19	60986.0	249.0	5636.0	60186.0	53020.0	521.0	2300.0	68.3	38.7	83.7	60.8
2015-05-26	64976.0	279.0	5636.0	64360.0	56532.0	337.0	2808.0	65.6	35.5	80.8	58.4
2015-06-02	68764.0	279.0	4892.0	67655.0	59494.0	830.0	4378.0	67.1	35.9	81.0	58.3
2015-06-09	56542.0	0.0	4892.0	56118.0	49872.0	424.0	1778.0	74.1	41.2	88.8	63.1
2015-06-16	58712.0	0.0	4892.0	58378.0	52100.0	334.0	1720.0	74.6	40.0	89.2	62.4
2015-06-23	62432.0	0.0	4892.0	61974.0	55479.0	458.0	2061.0	73.4	37.4	85.9	58.4
2015-06-30	63455.0	0.0	4892.0	62845.0	56467.0	610.0	2096.0	68.8	29.9	81.4	53.3
2015-07-07	45495.0	0.0	3872.0	45061.0	40637.0	434.0	986.0	71.0	33.0	82.6	55.4
2015-07-14	47510.0	0.0	3872.0	47076.0	42528.0	434.0	1110.0	69.4	34.1	81.7	55.6
2015-07-21	50791.0	0.0	3872.0	50233.0	45995.0	558.0	924.0	68.6	34.1	80.9	54.3
2015-07-28	53798.0	0.0	3872.0	52806.0	48630.0	992.0	1296.0	65.4	34.2	81.2	56.2
2015-08-04	54356.0	0.0	2725.0	53767.0	49560.0	589.0	2071.0	64.8	33.0	80.7	53.6
2015-08-11	37798.0	0.0	2725.0	37519.0	34273.0	279.0	800.0	71.5	43.9	87.5	65.3
2015-08-18	41810.0	0.0	2725.0	41351.0	38529.0	459.0	556.0	69.8	46.4	88.0	66.8
2015-08-25	45658.0	0.0	2725.0	45169.0	42350.0	489.0	583.0	64.4	40.1	79.7	61.6
2015-09-01	48044.0	0.0	2725.0	47675.0	44496.0	369.0	823.0	64.6	41.2	80.0	62.5
2015-09-08	31738.0	0.0	1764.0	31528.0	29312.0	210.0	662.0	70.4	47.4	84.9	66.0
2015-09-15	34922.0	0.0	1764.0	34712.0	32496.0	210.0	662.0	72.2	49.0	87.4	67.4
2015-09-22	62680.0	0.0	1640.0	62408.0	60254.0	272.0	786.0	76.9	52.0	85.4	66.3
2015-09-29	69030.0	0.0	1888.0	68634.0	66015.0	396.0	1127.0	78.3	48.4	85.6	64.0
2015-10-06	68886.0	0.0	868.0	68452.0	67151.0	434.0	867.0	88.3	66.2	92.4	79.1
2015-10-13	71554.0	0.0	868.0	70880.0	69639.0	674.0	1047.0	89.0	63.7	92.9	79.7
2015-10-20	79940.0	0.0	868.0	79450.0	78267.0	490.0	805.0	89.2	57.0	93.5	72.7
2015-10-27	85970.0	0.0	1258.0	85090.0	83549.0	640.0	923.0	85.1	54.5	89.9	68.2
2015-11-03	90008.0	424.0	630.0	88948.0	87287.0	396.0	1851.0	82.9	55.4	88.1	68.8
2015-11-10	73407.0	300.0	0.0	72657.0	72506.0	210.0	661.0	87.0	66.2	92.6	80.8
2015-11-17	75670.0	300.0	0.0	74858.0	74859.0	272.0	571.0	84.8	62.4	90.3	76.6
2015-11-24	83389.0	2501.0	124.0	80588.0	82231.0	60.0	794.0	81.4	58.5	88.4	73.6
2015-12-01	84369.0	3338.0	0.0	80545.0	83304.0	246.0	825.0	79.3	57.5	87.3	73.3
2015-12-08	68117.0	2883.0	0.0	64583.0	67044.0	651.0	1073.0	83.9	68.9	92.6	82.3
2015-12-15	71542.0	3007.0	0.0	67884.0	70407.0	651.0	1135.0	86.2	65.1	93.9	80.2
2015-12-22	73309.0	3007.0	0.0	69837.0	72143.0	465.0	1166.0	81.0	61.8	91.6	78.3
2015-12-29	76823.0	3255.0	279.0	72669.0	75161.0	744.0	1228.0	76.2	58.5	87.3	74.8
2016-01-05	76979.0	3255.0	310.0	72825.0	74914.0	744.0	1600.0	75.7	56.5	87.7	73.7
2016-01-12	60197.0	248.0	465.0	59267.0	58694.0	682.0	1038.0	77.6	66.4	88.0	80.1
2016-01-19	62474.0	248.0	465.0	61544.0	61277.0	682.0	732.0	71.0	62.1	83.0	76.1
2016-01-26	67625.0	567.0	552.0	66210.0	66080.0	848.0	993.0	69.0	55.7	82.6	72.6
2016-02-02	68472.0	596.0	552.0	67028.0	66753.0	848.0	1167.0	68.1	54.0	81.7	71.9
2016-02-09	53584.0	348.0	0.0	52768.0	52586.0	468.0	998.0	71.7	58.7	79.9	72.5
2016-02-16	53336.0	348.0	0.0	52458.0	52214.0	530.0	1122.0	74.6	60.4	83.0	74.3
2016-02-23	61276.0	509.0	765.0	59635.0	59286.0	1045.0	1138.0	58.7	47.1	73.3	63.5
2016-03-01	62107.0	509.0	372.0	60342.0	60489.0	1169.0	1159.0	59.6	47.7	73.8	64.9
2016-03-08	53173.0	248.0	372.0	51815.0	52367.0	1110.0	434.0	62.6	50.6	71.7	66.4
2016-03-15	65205.0	248.0	372.0	63729.0	63971.0	1228.0	862.0	68.5	48.7	76.5	66.3
2016-03-22	71477.0	248.0	372.0	70305.0	70491.0	924.0	614.0	69.1	44.9	77.1	65.6
2016-03-29	72309.0	248.0	372.0	71386.0	70993.0	675.0	944.0	63.5	41.7	75.4	62.7
2016-04-05	57638.0	0.0	0.0	56408.0	57068.0	1230.0	570.0	73.5	51.8	83.0	72.3
2016-04-12	60340.0	0.0	0.0	59950.0	59770.0	390.0	570.0	74.0	49.5	83.8	72.0
2016-04-19	61599.0	0.0	0.0	61209.0	60905.0	390.0	694.0	72.7	48.5	82.9	72.2
2016-04-26	67689.0	806.0	0.0	66821.0	67046.0	62.0	643.0	63.1	40.2	77.1	64.6
2016-05-03	69001.0	806.0	0.0	67801.0	68057.0	394.0	944.0	59.5	37.0	73.9	61.1
2016-05-10	54431.0	806.0	0.0	52587.0	53749.0	1038.0	682.0	54.7	35.7	66.1	56.0
2016-05-17	57721.0	1046.0	0.0	55637.0	57039.0	1038.0	682.0	45.6	35.6	58.9	55.1
2016-05-24	60979.0	806.0	0.0	59295.0	60425.0	878.0	554.0	41.7	35.9	56.4	55.4
2016-05-31	63455.0	896.0	0.0	62286.0	62905.0	243.0	520.0	39.1	34.6	54.4	53.3
2016-06-07	51243.0	0.0	0.0	50665.0	51003.0	578.0	240.0	39.2	39.0	56.6	55.1
2016-06-14	52607.0	0.0	0.0	52029.0	52367.0	578.0	240.0	39.4	40.0	56.6	55.9
2016-06-21	53661.0	0.0	0.0	53083.0	53359.0	578.0	302.0	37.6	39.6	54.7	56.3
2016-06-28	61563.0	0.0	0.0	60643.0	59801.0	920.0	1762.0	33.2	36.3	50.2	52.5
2016-07-05	61563.0	0.0	0.0	60643.0	59801.0	920.0	1762.0	33.2	36.3	50.2	52.5
2016-07-12	52810.0	0.0	0.0	52190.0	51288.0	620.0	1522.0	39.2	39.9	58.8	57.8
2016-07-19	54865.0	0.0	0.0	54245.0	53343.0	620.0	1522.0	39.3	42.0	59.9	58.4
2016-07-26	59472.0	0.0	0.0	58604.0	57795.0	868.0	1677.0	42.1	39.4	60.5	57.5
2016-08-02	59638.0	0.0	0.0	58677.0	57806.0	961.0	1832.0	44.0	33.4	62.1	54.5
2016-08-09	39787.0	0.0	0.0	38567.0	37893.0	1220.0	1894.0	61.6	47.0	83.3	68.2
2016-08-16	40474.0	0.0	0.0	39254.0	38580.0	1220.0	1894.0	62.5	49.2	83.2	70.0
2016-08-23	42274.0	0.0	0.0	41174.0	40380.0	1100.0	1894.0	63.0	46.9	83.9	69.4
2016-08-30	48394.0	0.0	687.0	47993.0	45673.0	308.0	1941.0	58.5	43.8	79.2	63.8
2016-09-06	33824.0	0.0	780.0	33764.0	30736.0	60.0	2308.0	61.7	53.0	85.3	70.1
2016-09-13	34836.0	0.0	780.0	34776.0	31748.0	60.0	2308.0	59.9	51.5	82.8	68.1
2016-09-20	40514.0	0.0	780.0	40454.0	37576.0	60.0	2158.0	54.3	54.3	78.8	71.5
2016-09-27	46969.0	0.0	780.0	46878.0	43509.0	91.0	2680.0	52.9	48.4	75.7	64.4
2016-10-04	47940.0	0.0	718.0	47787.0	44785.0	91.0	2375.0	51.2	49.1	74.3	64.9
2016-10-11	38307.0	0.0	0.0	37662.0	36072.0	645.0	2235.0	64.8	53.2	81.1	74.3
2016-10-18	47325.0	240.0	0.0	46500.0	44275.0	585.0	3050.0	70.1	54.3	83.3	75.7
2016-10-25	52515.0	602.0	0.0	50910.0	49256.0	1003.0	3259.0	58.9	49.3	74.0	68.3
2016-11-01	51705.0	692.0	0.0	50161.0	48566.0	852.0	3139.0	56.9	45.6	71.4	65.9
2016-11-08	43983.0	630.0	0.0	42569.0	41377.0	784.0	2606.0	64.5	53.4	76.2	74.7
2016-11-15	45161.0	630.0	0.0	43561.0	42555.0	970.0	2606.0	55.9	53.3	70.9	74.1
2016-11-22	48907.0	630.0	0.0	47543.0	47085.0	734.0	1822.0	54.4	49.9	70.7	72.5
2016-11-29	51552.0	1095.0	0.0	49843.0	49848.0	614.0	1704.0	50.6	49.7	67.7	71.0
2016-12-06	35376.0	279.0	0.0	34353.0	32936.0	744.0	2440.0	52.8	57.3	73.0	73.1
2016-12-13	39384.0	279.0	0.0	38547.0	36944.0	558.0	2440.0	52.0	61.6	77.4	77.4
2016-12-20	44676.0	682.0	0.0	43591.0	42484.0	403.0	2192.0	53.7	67.1	78.4	81.0
2016-12-27	56531.0	806.0	0.0	54981.0	54339.0	744.0	2192.0	54.3	68.2	76.5	79.8
2017-01-03	57554.0	341.0	0.0	56562.0	55269.0	651.0	2285.0	55.1	67.9	77.2	79.3
2017-01-10	44317.0	0.0	0.0	43914.0	41765.0	403.0	2552.0	63.8	73.6	87.9	86.3
2017-01-17	45185.0	0.0	0.0	44484.0	42633.0	701.0	2552.0	64.0	72.5	88.3	85.5
2017-01-24	51527.0	0.0	0.0	51062.0	49223.0	465.0	2304.0	57.0	63.9	78.3	79.2
2017-01-31	52007.0	0.0	277.0	51334.0	49087.0	642.0	2612.0	55.3	65.0	75.5	76.8
