2013-05-07	89543.0	699.0	3208.0	80792.0	81773.0	7110.0	3620.0	56.2	56.1	64.8	64.3
2013-05-14	94760.0	813.0	2876.0	85288.0	88494.0	7079.0	1810.0	55.2	56.1	64.7	66.0
2013-05-21	94972.0	507.0	2041.0	85376.0	88346.0	7505.0	3001.0	55.1	57.5	64.8	67.3
2013-05-28	96197.0	427.0	2131.0	86450.0	89431.0	7746.0	3061.0	53.4	57.6	63.2	67.3
2013-06-11	89472.0	472.0	1854.0	80562.0	84433.0	6906.0	1653.0	57.8	55.8	64.0	65.2
2013-06-18	89844.0	472.0	1607.0	80934.0	84867.0	6906.0	1838.0	57.7	55.9	63.8	65.2
2013-06-25	92060.0	1087.0	1235.0	82569.0	87307.0	7061.0	2175.0	56.7	56.7	62.8	65.6
2013-07-02	91347.0	0.0	1029.0	82806.0	85337.0	6685.0	3125.0	52.2	54.3	59.0	63.5
2013-07-09	84438.0	0.0	551.0	76979.0	78392.0	5215.0	3251.0	51.3	55.6	59.1	64.2
2013-07-16	98359.0	0.0	2551.0	89325.0	90740.0	7190.0	3224.0	38.9	50.5	54.6	60.0
2013-07-23	111767.0	0.0	3070.0	102267.0	104226.0	8017.0	2988.0	47.4	57.4	62.3	68.7
2013-07-30	111803.0	0.0	5426.0	102879.0	102681.0	7565.0	2337.0	44.1	52.4	58.9	63.6
2013-08-06	103109.0	0.0	4402.0	94027.0	95270.0	7788.0	2143.0	48.2	52.8	60.0	64.4
2013-08-13	104912.0	0.0	3634.0	95831.0	98026.0	7517.0	1688.0	48.3	52.7	59.9	64.2
2013-08-20	107749.0	0.0	3289.0	98366.0	101062.0	7731.0	1746.0	49.5	53.5	61.7	64.7
2013-08-27	108471.0	0.0	3375.0	99036.0	101644.0	7851.0	1868.0	50.5	51.3	61.7	62.3
2013-09-03	112311.0	0.0	1529.0	102940.0	105494.0	7911.0	3828.0	49.9	48.9	60.8	60.3
2013-09-10	108094.0	0.0	3503.0	101779.0	100095.0	5335.0	3516.0	53.2	50.3	64.5	62.4
2013-09-17	113861.0	260.0	3373.0	107732.0	106174.0	4153.0	2598.0	56.7	58.0	70.7	70.5
2013-09-24	116260.0	28.0	2573.0	110605.0	108470.0	3436.0	3026.0	55.4	56.3	70.3	69.0
2013-10-01	117832.0	257.0	2183.0	110240.0	109373.0	4847.0	3788.0	54.6	49.9	68.7	62.5
2013-10-08	113197.0	930.0	2843.0	106229.0	103827.0	4320.0	4809.0	57.2	52.9	72.5	66.1
2013-10-15	111381.0	988.0	2352.0	103994.0	101109.0	4320.0	5841.0	54.2	41.1	71.4	56.8
2013-10-22	116033.0	827.0	3544.0	109120.0	101737.0	4440.0	9106.0	55.0	37.9	72.1	53.8
2013-10-29	118968.0	1571.0	3664.0	111631.0	104264.0	4470.0	9744.0	52.0	37.5	69.1	52.4
2013-11-05	117426.0	1416.0	5778.0	110576.0	98079.0	3900.0	12035.0	51.3	37.6	67.9	52.2
2013-11-12	116087.0	659.0	1712.0	105782.0	97516.0	7774.0	14987.0	48.3	35.8	61.5	47.6
2013-11-19	115518.0	0.0	628.0	105142.0	99948.0	7774.0	12340.0	40.2	36.8	56.1	49.3
2013-11-26	112570.0	0.0	2567.0	102613.0	95682.0	7598.0	11962.0	44.5	37.8	58.5	49.7
2013-12-03	114559.0	18.0	991.0	103895.0	98567.0	8274.0	12629.0	46.4	38.0	59.7	50.7
2013-12-10	113439.0	1066.0	3112.0	101405.0	98449.0	8379.0	9289.0	49.4	39.1	60.6	53.3
2013-12-17	114470.0	462.0	1855.0	103031.0	101335.0	8558.0	8861.0	48.8	40.1	60.7	55.1
2013-12-24	113875.0	173.0	2111.0	102473.0	100201.0	8527.0	8861.0	50.5	40.8	61.3	54.2
2014-01-07	111244.0	501.0	1367.0	100601.0	97894.0	7979.0	9820.0	47.9	42.5	59.3	56.0
2014-01-14	111721.0	1366.0	0.0	100833.0	96916.0	7737.0	13020.0	47.9	42.6	58.2	55.9
2014-01-21	110048.0	0.0	176.0	100547.0	95197.0	7678.0	12852.0	47.3	43.1	59.6	56.0
2014-01-28	112552.0	1938.0	0.0	101144.0	99614.0	7863.0	11331.0	46.7	42.0	56.6	54.4
2014-02-04	112279.0	404.0	0.0	102881.0	98109.0	7287.0	12463.0	44.7	43.0	58.7	54.7
2014-02-11	107360.0	0.0	446.0	100192.0	91267.0	5568.0	14047.0	44.6	43.5	59.5	53.4
2014-02-18	110609.0	0.0	4654.0	104668.0	90859.0	5568.0	14723.0	42.6	42.5	57.5	52.8
2014-02-25	111182.0	0.0	4212.0	104516.0	92098.0	5753.0	13959.0	42.6	41.9	56.9	49.5
2014-03-04	109425.0	0.0	4831.0	100983.0	90508.0	7385.0	13029.0	40.2	42.2	53.6	49.8
2014-03-11	104101.0	0.0	4979.0	97665.0	85674.0	5439.0	12451.0	42.6	43.3	56.7	52.0
2014-03-18	102911.0	0.0	4557.0	96543.0	85518.0	5439.0	11907.0	43.1	43.3	56.0	51.8
2014-03-25	102420.0	0.0	3325.0	92842.0	84787.0	7973.0	12703.0	43.8	43.5	56.0	50.8
2014-04-01	103284.0	0.0	3508.0	93147.0	85059.0	8213.0	12793.0	44.2	41.8	57.0	49.2
2014-04-08	97498.0	216.0	1840.0	88451.0	81994.0	6819.0	11652.0	46.2	45.4	59.4	52.7
2014-04-15	100596.0	0.0	2546.0	90412.0	85361.0	8351.0	10856.0	45.1	45.1	56.4	52.2
2014-04-22	100962.0	0.0	3131.0	91024.0	85356.0	8291.0	10828.0	44.4	45.3	55.8	52.0
2014-04-29	103308.0	0.0	4952.0	93270.0	86122.0	8384.0	10580.0	45.8	44.8	57.9	54.3
2014-05-06	94313.0	0.0	1887.0	85415.0	80957.0	7244.0	9815.0	47.8	44.6	58.0	53.1
2014-05-13	96128.0	0.0	1841.0	87926.0	83084.0	6416.0	9417.0	45.6	44.5	55.7	52.5
2014-05-20	103263.0	0.0	1490.0	95576.0	92502.0	5791.0	7375.0	45.9	43.7	54.4	52.4
2014-05-27	107308.0	0.0	2084.0	99005.0	93754.0	5640.0	8807.0	47.6	43.0	57.2	54.3
2014-06-03	110306.0	205.0	2738.0	99587.0	94783.0	7113.0	9384.0	45.7	40.9	58.3	53.0
2014-06-10	99712.0	209.0	710.0	92477.0	88001.0	4347.0	8322.0	51.6	42.3	64.7	56.0
2014-06-17	100197.0	1189.0	997.0	91850.0	87729.0	4378.0	8691.0	50.8	42.2	63.8	55.8
2014-06-24	102544.0	846.0	2183.0	94265.0	89078.0	4409.0	8259.0	48.6	42.4	62.5	55.3
2014-07-01	104105.0	610.0	3198.0	96395.0	88979.0	4194.0	9022.0	48.0	41.7	63.3	55.4
2014-07-08	95324.0	702.0	415.0	88156.0	83676.0	3612.0	8379.0	48.7	42.0	64.0	55.4
2014-07-15	96200.0	175.0	291.0	89219.0	84021.0	3804.0	8886.0	49.9	42.3	65.0	54.9
2014-07-22	103311.0	626.0	741.0	96362.0	91829.0	3318.0	7736.0	51.6	41.6	65.4	56.0
2014-07-29	105351.0	719.0	1329.0	98322.0	94579.0	3502.0	6635.0	51.6	41.5	64.6	55.3
2014-08-05	96926.0	1040.0	242.0	90642.0	87396.0	3120.0	7164.0	51.5	40.6	65.7	56.6
2014-08-12	97519.0	60.0	1456.0	91563.0	86125.0	3182.0	7224.0	51.3	40.4	65.3	54.9
2014-08-19	99382.0	60.0	1437.0	92770.0	87075.0	3726.0	8044.0	51.1	39.6	64.5	55.6
2014-08-26	101716.0	0.0	2392.0	95554.0	89362.0	3515.0	7315.0	51.4	37.9	61.4	52.7
2014-09-02	100088.0	0.0	3304.0	95126.0	88236.0	3515.0	7101.0	51.8	38.5	62.1	52.5
2014-09-09	93983.0	856.0	1720.0	89283.0	84197.0	2432.0	6654.0	52.8	38.9	63.9	54.8
2014-09-16	101675.0	46.0	1000.0	95669.0	91852.0	3590.0	6453.0	53.9	37.5	65.1	53.7
2014-09-23	104462.0	0.0	2100.0	100947.0	94098.0	1946.0	6695.0	49.5	35.8	63.1	52.3
2014-09-30	107011.0	0.0	3590.0	102866.0	94411.0	2132.0	6997.0	50.5	34.5	62.8	50.3
2014-10-07	104280.0	814.0	1450.0	99848.0	94400.0	2477.0	7289.0	50.5	35.3	61.0	52.0
2014-10-14	106164.0	338.0	512.0	101418.0	97640.0	2477.0	6081.0	49.7	35.3	60.5	51.7
2014-10-21	108680.0	0.0	1864.0	103158.0	97425.0	2537.0	6406.0	48.0	31.2	58.9	46.5
2014-10-28	109354.0	0.0	2444.0	103578.0	96905.0	2539.0	6768.0	44.1	29.8	55.7	44.0
2014-11-04	112164.0	0.0	2432.0	105692.0	99825.0	3267.0	6702.0	43.4	30.1	55.6	44.0
2014-11-11	107083.0	1528.0	1157.0	100945.0	97181.0	2632.0	6767.0	47.2	32.5	59.9	47.9
2014-11-18	109665.0	474.0	2255.0	103868.0	97282.0	2663.0	7468.0	49.1	32.1	61.5	46.5
2014-11-25	110658.0	0.0	3842.0	104472.0	98078.0	3119.0	5671.0	48.3	30.7	60.5	44.2
2014-12-02	109684.0	0.0	3842.0	101471.0	97150.0	5146.0	5625.0	48.8	31.1	58.4	44.2
2014-12-09	98370.0	1290.0	1784.0	93084.0	87919.0	2638.0	7309.0	53.7	34.5	64.9	49.9
2014-12-16	101181.0	321.0	1244.0	96485.0	89758.0	2398.0	8202.0	54.7	34.9	65.6	49.2
2014-12-23	103767.0	0.0	3234.0	98277.0	92546.0	3343.0	5840.0	55.3	34.5	65.8	48.3
2014-12-30	104771.0	0.0	3104.0	99698.0	94346.0	2887.0	5135.0	54.8	36.4	66.2	49.3
2015-01-06	97974.0	468.0	555.0	91554.0	88601.0	3762.0	6628.0	56.2	38.7	66.0	52.5
2015-01-13	100063.0	0.0	373.0	93933.0	90179.0	4634.0	8015.0	56.4	40.8	66.3	54.8
2015-01-20	105264.0	0.0	3005.0	99177.0	93465.0	4434.0	7141.0	56.5	40.9	66.8	53.9
2015-01-27	116899.0	0.0	5661.0	111359.0	101981.0	3868.0	7585.0	58.6	41.1	69.9	55.6
2015-02-03	118752.0	0.0	5100.0	108932.0	102665.0	7790.0	8957.0	57.9	41.5	69.4	57.0
2015-02-10	115598.0	0.0	1912.0	107349.0	103033.0	5164.0	7568.0	59.3	43.8	71.9	58.9
2015-02-17	115071.0	0.0	2282.0	106713.0	102461.0	5164.0	7134.0	59.6	43.4	71.9	58.8
2015-02-24	120881.0	0.0	5283.0	112873.0	106404.0	5594.0	6780.0	57.8	44.0	70.5	58.3
2015-03-03	125569.0	0.0	5477.0	115381.0	110644.0	7918.0	7178.0	56.2	45.7	68.5	60.5
2015-03-10	116165.0	0.0	4094.0	106005.0	103294.0	8357.0	6974.0	60.2	49.3	74.3	64.8
2015-03-17	118054.0	0.0	4490.0	107471.0	104458.0	8387.0	6910.0	60.5	49.1	74.4	64.7
2015-03-24	120113.0	0.0	5992.0	110439.0	104892.0	7625.0	7180.0	60.7	48.1	74.1	65.0
2015-03-31	121674.0	0.0	5572.0	112934.0	107029.0	6768.0	7101.0	61.3	49.3	74.3	65.5
2015-04-07	112989.0	0.0	2683.0	103099.0	101031.0	7496.0	6881.0	63.0	49.2	72.9	66.2
2015-04-14	111628.0	0.0	2011.0	100678.0	99803.0	7465.0	6329.0	61.8	48.4	71.8	65.2
2015-04-21	112093.0	0.0	2405.0	101164.0	99647.0	7341.0	6453.0	62.2	46.6	71.6	63.9
2015-04-28	115115.0	0.0	2310.0	103010.0	101829.0	8041.0	6912.0	63.9	46.5	72.6	64.1
2015-05-05	107451.0	0.0	2466.0	96624.0	94757.0	6899.0	6300.0	58.1	43.9	68.1	60.4
2015-05-12	109735.0	0.0	3774.0	98676.0	95959.0	7357.0	6300.0	57.8	43.9	68.8	60.5
2015-05-19	107269.0	0.0	3864.0	96210.0	93985.0	7357.0	5718.0	57.5	44.0	69.1	60.4
2015-05-26	109507.0	0.0	4608.0	98739.0	95346.0	7297.0	6082.0	58.7	44.0	69.7	60.8
2015-06-02	111657.0	0.0	3062.0	99600.0	97488.0	8060.0	7110.0	56.8	42.9	67.2	59.4
2015-06-09	108568.0	0.0	1404.0	97085.0	96733.0	7575.0	6523.0	57.7	39.9	67.7	59.5
2015-06-16	109601.0	0.0	1218.0	97932.0	97766.0	7575.0	6523.0	57.9	39.9	67.8	59.9
2015-06-23	109630.0	0.0	2027.0	98025.0	97418.0	7577.0	6157.0	58.6	39.2	68.4	59.9
2015-06-30	110803.0	0.0	2455.0	99364.0	97808.0	7515.0	6616.0	57.3	39.0	67.4	58.0
2015-07-07	100944.0	0.0	1784.0	90557.0	90153.0	7009.0	5629.0	58.6	38.9	67.8	58.8
2015-07-14	103200.0	0.0	1996.0	92931.0	92402.0	7009.0	5542.0	57.5	37.4	65.8	54.2
2015-07-21	103928.0	0.0	2428.0	94544.0	92545.0	6095.0	5666.0	57.2	37.5	65.8	54.5
2015-07-28	106131.0	0.0	1824.0	96366.0	92959.0	6095.0	7678.0	55.8	36.5	64.2	52.9
2015-08-04	106692.0	0.0	2321.0	95758.0	91519.0	7145.0	9063.0	55.5	37.0	62.9	51.7
2015-08-11	97862.0	275.0	635.0	85905.0	84596.0	7529.0	8478.0	57.8	37.5	64.4	52.8
2015-08-18	98893.0	279.0	5309.0	86657.0	82606.0	7928.0	6949.0	57.4	35.1	63.9	50.6
2015-08-25	99989.0	159.0	5985.0	87968.0	83333.0	7833.0	6642.0	56.5	34.3	62.9	49.5
2015-09-01	101220.0	0.0	4724.0	89280.0	84525.0	7963.0	7994.0	56.9	35.0	63.3	48.8
2015-09-08	94965.0	0.0	3970.0	83221.0	79328.0	7908.0	7831.0	57.7	33.9	63.5	48.4
2015-09-15	96130.0	19.0	3989.0	84485.0	80136.0	7539.0	7918.0	54.6	34.5	64.7	49.0
2015-09-22	96990.0	267.0	4357.0	85314.0	80938.0	7570.0	7856.0	53.9	33.5	63.9	48.2
2015-09-29	99489.0	362.0	6322.0	87329.0	80837.0	8054.0	8586.0	54.2	31.9	64.5	48.4
2015-10-06	92641.0	2113.0	5136.0	80203.0	75748.0	7575.0	9007.0	54.2	33.2	65.2	49.3
2015-10-13	97186.0	2096.0	7276.0	83978.0	78644.0	8451.0	8605.0	53.8	30.9	63.2	46.5
2015-10-20	99149.0	1552.0	8346.0	88831.0	80759.0	6103.0	7381.0	52.1	30.2	62.4	45.9
2015-10-27	99628.0	442.0	8074.0	90086.0	80606.0	6133.0	7981.0	50.9	30.4	61.2	44.7
2015-11-03	99300.0	1149.0	8582.0	90272.0	80813.0	6319.0	8345.0	50.9	30.3	61.2	45.0
2015-11-10	95391.0	1059.0	8457.0	86920.0	77949.0	6059.0	7632.0	53.5	30.5	63.7	47.1
2015-11-17	102270.0	0.0	10085.0	93941.0	80384.0	6210.0	9682.0	53.9	29.8	64.9	46.3
2015-11-24	105758.0	0.0	11967.0	97398.0	80466.0	6241.0	11206.0	52.8	28.3	63.5	44.4
2015-12-01	106813.0	0.0	12006.0	98667.0	81025.0	5911.0	11547.0	55.1	28.3	65.1	45.1
2015-12-08	100804.0	500.0	10469.0	90975.0	75352.0	7315.0	12969.0	56.9	30.8	67.8	48.3
2015-12-15	101204.0	500.0	10299.0	91849.0	77987.0	6918.0	10981.0	57.5	31.5	68.5	49.5
2015-12-22	102209.0	615.0	9844.0	93860.0	79960.0	5702.0	10373.0	56.5	30.1	66.9	46.1
2015-12-29	104115.0	167.0	10918.0	96810.0	81010.0	5440.0	10489.0	56.6	29.4	66.8	45.2
2016-01-05	107622.0	0.0	12516.0	99920.0	82056.0	5724.0	11072.0	56.7	29.3	66.9	45.7
2016-01-12	103296.0	0.0	14434.0	95436.0	77533.0	6743.0	10212.0	60.0	31.9	69.6	52.1
2016-01-19	104235.0	536.0	14928.0	96234.0	78878.0	6553.0	9517.0	60.8	31.1	70.2	52.5
2016-01-26	111270.0	155.0	16146.0	101856.0	84128.0	8106.0	9843.0	61.6	30.9	70.4	53.7
2016-02-02	118683.0	0.0	14396.0	109256.0	90879.0	8085.0	12066.0	64.7	34.9	71.8	56.3
2016-02-09	112332.0	0.0	15206.0	102663.0	85487.0	8828.0	10798.0	65.8	35.3	74.8	57.5
2016-02-16	113020.0	0.0	15605.0	103835.0	85863.0	8344.0	10711.0	65.4	34.4	74.4	56.4
2016-02-23	120469.0	0.0	16744.0	110493.0	94373.0	9101.0	8477.0	62.7	32.7	72.5	52.6
2016-03-01	123178.0	0.0	20273.0	112949.0	92698.0	9347.0	9325.0	62.5	33.2	72.3	52.7
2016-03-08	114919.0	0.0	18658.0	103151.0	88823.0	10809.0	6479.0	64.1	36.5	73.1	56.0
2016-03-15	116747.0	0.0	18632.0	105199.0	90319.0	10411.0	6659.0	66.3	34.5	75.2	53.2
2016-03-22	123107.0	0.0	22494.0	113547.0	94125.0	8955.0	5883.0	63.2	36.0	74.3	54.0
2016-03-29	124481.0	0.0	22982.0	114793.0	95213.0	9165.0	5763.0	62.6	36.8	74.0	53.2
2016-04-05	115704.0	0.0	21790.0	106904.0	86976.0	8277.0	6415.0	63.1	39.0	75.6	55.3
2016-04-12	116373.0	0.0	21397.0	107573.0	88038.0	8277.0	6415.0	62.7	39.5	75.0	55.5
2016-04-19	116481.0	0.0	19846.0	107619.0	89635.0	8339.0	6477.0	62.7	38.1	75.0	54.6
2016-04-26	117577.0	2889.0	21586.0	105362.0	89281.0	8645.0	6029.0	60.8	38.4	72.8	53.6
2016-05-03	118830.0	2889.0	20283.0	107682.0	92078.0	7668.0	5878.0	60.3	37.6	73.0	53.3
2016-05-10	109950.0	2889.0	17406.0	99328.0	86050.0	7036.0	5797.0	62.3	37.9	75.6	54.7
2016-05-17	111158.0	2889.0	17286.0	100536.0	87258.0	7036.0	5917.0	61.7	37.5	75.9	54.1
2016-05-24	114136.0	2889.0	17256.0	102736.0	89148.0	7814.0	7035.0	59.6	36.7	73.6	53.1
2016-05-31	114591.0	0.0	17859.0	106110.0	88970.0	7634.0	6915.0	59.4	36.4	73.3	53.0
2016-06-07	106532.0	0.0	17461.0	97508.0	81800.0	8250.0	6497.0	60.2	36.2	74.2	53.3
2016-06-14	106333.0	0.0	16645.0	96919.0	82489.0	8612.0	6397.0	59.8	35.9	73.8	53.7
2016-06-21	106566.0	0.0	14673.0	97121.0	84353.0	8643.0	6738.0	59.6	36.0	73.7	54.4
2016-06-28	105705.0	0.0	11037.0	96719.0	87525.0	8060.0	6217.0	60.0	39.0	75.1	57.6
2016-07-05	105705.0	0.0	11037.0	96719.0	86998.0	8060.0	6744.0	60.0	39.0	75.1	57.6
2016-07-12	97561.0	0.0	4663.0	89075.0	85022.0	7560.0	6950.0	57.8	39.1	73.7	56.2
2016-07-19	99744.0	0.0	2469.0	90837.0	89517.0	7981.0	6832.0	55.3	39.2	69.9	55.8
2016-07-26	102036.0	0.0	4230.0	94369.0	90614.0	6772.0	6297.0	53.2	39.6	67.0	55.4
2016-08-02	102567.0	0.0	4264.0	95705.0	90263.0	5897.0	7075.0	53.0	39.9	65.8	55.1
2016-08-09	92740.0	0.0	3123.0	86883.0	83442.0	5146.0	5464.0	55.7	39.0	65.3	55.4
2016-08-16	91712.0	0.0	3123.0	85683.0	82424.0	5318.0	5454.0	57.7	35.4	66.0	52.1
2016-08-23	93272.0	0.0	3123.0	87365.0	83549.0	5196.0	5889.0	56.9	35.4	65.1	51.8
2016-08-30	94756.0	0.0	4279.0	89033.0	83799.0	4828.0	5783.0	55.7	34.6	63.9	50.8
2016-09-06	83514.0	0.0	2357.0	78139.0	74299.0	4422.0	5905.0	61.4	34.2	69.6	51.6
2016-09-13	83354.0	0.0	167.0	75034.0	75013.0	6327.0	6181.0	61.7	34.8	69.7	52.5
2016-09-20	83207.0	54.0	217.0	74643.0	74563.0	6722.0	6639.0	62.7	36.3	70.7	53.4
2016-09-27	86821.0	33.0	1967.0	77443.0	75442.0	6325.0	6392.0	62.6	37.0	70.4	53.4
2016-10-04	87905.0	0.0	2949.0	78475.0	75363.0	6725.0	6888.0	61.8	36.6	70.1	52.8
2016-10-11	80131.0	459.0	2092.0	72930.0	67450.0	4496.0	8343.0	67.2	37.8	75.8	55.9
2016-10-18	81941.0	339.0	2152.0	75397.0	70129.0	4765.0	8220.0	67.8	39.2	76.1	56.9
2016-10-25	84049.0	0.0	3593.0	79473.0	72079.0	3465.0	7266.0	66.1	37.7	75.2	55.3
2016-11-01	85745.0	0.0	3960.0	80992.0	73738.0	3858.0	7152.0	67.0	38.4	75.5	55.9
2016-11-08	79095.0	0.0	2286.0	74969.0	70677.0	3231.0	5237.0	64.3	34.6	72.3	53.5
2016-11-15	79491.0	0.0	2313.0	74945.0	71795.0	3544.0	4381.0	62.8	33.9	71.8	52.5
2016-11-22	81996.0	0.0	3938.0	78239.0	72650.0	2964.0	4615.0	61.0	32.5	70.5	50.8
2016-11-29	83014.0	0.0	4000.0	78301.0	73684.0	3843.0	4460.0	60.3	32.7	69.6	51.1
2016-12-06	79111.0	219.0	2493.0	74051.0	68579.0	4109.0	7307.0	63.2	41.8	74.6	59.7
2016-12-13	85340.0	0.0	1696.0	80403.0	75573.0	4115.0	7249.0	56.0	35.4	65.9	51.4
2016-12-20	90593.0	0.0	2648.0	84379.0	81794.0	5482.0	5419.0	54.4	41.0	64.8	57.5
2016-12-27	101670.0	0.0	3981.0	95320.0	91054.0	5618.0	5903.0	48.6	44.0	62.2	56.6
2017-01-03	101657.0	0.0	4437.0	95165.0	92928.0	5844.0	3644.0	48.4	43.8	62.0	56.3
2017-01-10	85334.0	0.0	1894.0	79944.0	79228.0	4802.0	3624.0	46.0	39.5	59.0	52.1
2017-01-17	87139.0	0.0	2964.0	83106.0	78694.0	3682.0	5130.0	42.1	38.0	56.3	49.8
2017-01-24	92496.0	0.0	4935.0	88656.0	84289.0	3440.0	2872.0	43.4	35.8	56.5	47.9
2017-01-31	94997.0	0.0	4162.0	91184.0	86196.0	3462.0	4288.0	45.4	39.8	59.0	50.9
