2013-05-07	134638.0	1398.0	1504.0	127363.0	128118.0	3236.0	2375.0	63.8	55.1	73.0	69.1
2013-05-14	135151.0	1398.0	951.0	125319.0	128785.0	5486.0	2467.0	61.9	54.3	70.9	68.8
2013-05-21	134907.0	1460.0	1095.0	125501.0	128918.0	5459.0	2407.0	61.4	54.3	70.5	68.1
2013-05-28	136168.0	1460.0	1039.0	126861.0	130180.0	5335.0	2437.0	62.2	55.6	71.0	68.8
2013-06-11	129919.0	800.0	2046.0	121714.0	123720.0	5451.0	2199.0	60.8	56.4	68.9	68.5
2013-06-18	129455.0	800.0	1005.0	120446.0	123310.0	5819.0	2750.0	58.0	57.9	68.8	69.9
2013-06-25	130536.0	800.0	1246.0	125123.0	124729.0	2894.0	2842.0	58.3	59.1	70.2	71.2
2013-07-02	131170.0	800.0	167.0	125316.0	125501.0	3059.0	3507.0	57.1	58.1	68.2	69.1
2013-07-09	123193.0	542.0	0.0	114803.0	118322.0	6022.0	3045.0	59.0	59.6	67.6	70.6
2013-07-16	128642.0	0.0	61.0	120939.0	122458.0	5636.0	4056.0	56.9	57.4	66.1	66.7
2013-07-23	127542.0	218.0	314.0	118432.0	120708.0	6333.0	3961.0	54.3	52.6	62.5	63.0
2013-07-30	125391.0	128.0	333.0	117676.0	119415.0	5206.0	3262.0	47.8	48.8	58.0	60.0
2013-08-06	116618.0	0.0	891.0	110583.0	111041.0	4518.0	3169.0	48.2	51.6	60.7	63.5
2013-08-13	117657.0	0.0	290.0	111447.0	112596.0	4458.0	3019.0	48.3	50.8	60.5	63.9
2013-08-20	117593.0	0.0	749.0	111084.0	112134.0	4818.0	3019.0	47.0	50.0	59.7	63.0
2013-08-27	120715.0	0.0	1214.0	113685.0	114240.0	5185.0	3416.0	45.2	51.2	57.8	62.6
2013-09-03	123375.0	0.0	2336.0	117152.0	115608.0	5086.0	4294.0	46.0	50.6	58.7	63.1
2013-09-10	116005.0	0.0	2085.0	109905.0	108005.0	4361.0	4176.0	46.5	48.3	60.3	61.4
2013-09-17	117624.0	0.0	2019.0	111423.0	109742.0	3933.0	3595.0	43.9	46.4	53.9	57.1
2013-09-24	116027.0	107.0	685.0	108351.0	108325.0	4023.0	3471.0	39.6	44.2	48.6	53.6
2013-10-01	113152.0	0.0	2926.0	107216.0	105338.0	4090.0	3042.0	40.1	39.6	48.7	54.2
2013-10-08	104531.0	0.0	1848.0	97811.0	97254.0	5026.0	3735.0	38.9	44.2	49.5	55.7
2013-10-15	105933.0	0.0	3955.0	100819.0	98060.0	4470.0	3274.0	38.1	42.4	49.3	51.1
2013-10-22	107260.0	0.0	2254.0	101381.0	100441.0	4349.0	3035.0	38.0	41.4	48.0	51.0
2013-10-29	107073.0	167.0	706.0	101158.0	101178.0	4289.0	3730.0	38.2	41.3	46.8	50.3
2013-11-05	101895.0	1136.0	0.0	94037.0	95951.0	5374.0	4596.0	41.8	48.7	50.1	54.6
2013-11-26	104807.0	2944.0	661.0	94641.0	98664.0	5949.0	4209.0	38.6	51.2	49.6	55.4
2013-12-03	103409.0	3068.0	661.0	93361.0	97235.0	5707.0	4240.0	42.0	54.1	53.3	57.0
2014-01-14	120318.0	730.0	2354.0	111902.0	115124.0	7116.0	2270.0	57.0	69.0	70.0	79.7
2014-01-21	123095.0	799.0	2354.0	114577.0	118220.0	7244.0	2046.0	57.5	70.1	70.0	80.0
2014-01-28	131764.0	621.0	2748.0	122439.0	124836.0	7892.0	3368.0	56.9	68.0	72.6	78.5
2014-02-04	134273.0	336.0	3407.0	123692.0	127057.0	9407.0	2971.0	57.7	70.9	74.1	80.5
2014-02-11	124083.0	86.0	3213.0	114656.0	116579.0	8420.0	3370.0	57.3	72.3	76.0	82.3
2014-02-18	123763.0	0.0	3608.0	115291.0	115425.0	7785.0	4043.0	57.2	71.3	76.0	80.8
2014-02-25	120642.0	0.0	4262.0	111573.0	112616.0	8520.0	3215.0	58.1	70.6	75.0	80.4
2014-03-04	123717.0	0.0	3012.0	112132.0	116031.0	10340.0	3429.0	56.1	68.5	72.0	78.1
2014-03-11	114798.0	0.0	4381.0	105902.0	107396.0	8260.0	2385.0	56.4	69.4	73.2	79.2
2014-03-18	115759.0	0.0	4284.0	106586.0	107079.0	8018.0	3241.0	56.9	68.7	72.7	79.3
2014-03-25	115632.0	0.0	4272.0	107187.0	106712.0	7836.0	4039.0	58.6	68.6	73.7	78.4
2014-04-01	116321.0	0.0	3626.0	107928.0	109903.0	7620.0	2019.0	59.4	67.9	74.6	78.9
2014-04-08	112313.0	0.0	5480.0	103421.0	103611.0	7721.0	2051.0	57.9	67.8	73.6	79.2
2014-04-15	115682.0	0.0	8808.0	107027.0	103859.0	7569.0	1929.0	55.6	66.0	72.6	77.3
2014-04-22	117722.0	0.0	9451.0	109296.0	105268.0	7476.0	2053.0	56.7	66.9	73.1	78.1
2014-04-29	117839.0	0.0	10455.0	111347.0	103360.0	5435.0	2967.0	56.5	63.9	74.1	76.7
2014-05-06	113432.0	592.0	9984.0	105930.0	99706.0	6035.0	2867.0	55.7	66.5	72.8	76.7
2014-05-13	117266.0	1529.0	10960.0	109092.0	102829.0	6035.0	2867.0	55.3	65.6	72.0	76.1
2014-05-20	124047.0	1374.0	11328.0	115062.0	108313.0	6831.0	3626.0	52.4	66.1	69.2	76.4
2014-05-27	127172.0	1455.0	13318.0	118632.0	110149.0	6065.0	2685.0	49.6	68.1	70.2	76.6
2014-06-03	128576.0	852.0	14091.0	119337.0	109974.0	7121.0	3245.0	48.4	65.9	69.6	74.4
2014-06-10	128302.0	372.0	15127.0	121171.0	109300.0	5831.0	2947.0	52.6	68.6	72.5	75.9
2014-06-17	130295.0	372.0	20054.0	123594.0	106796.0	5831.0	2947.0	52.7	67.2	72.6	74.8
2014-06-24	133468.0	372.0	20589.0	126274.0	108486.0	6137.0	3708.0	53.4	67.0	72.9	74.9
2014-07-01	133799.0	372.0	19661.0	126093.0	109022.0	6137.0	3919.0	52.3	66.9	72.0	74.0
2014-07-08	124688.0	372.0	17353.0	117779.0	102614.0	5486.0	3670.0	56.4	71.1	75.1	78.6
2014-07-15	127578.0	372.0	18763.0	120483.0	103969.0	5486.0	3609.0	57.3	71.4	75.2	78.8
2014-07-22	133863.0	372.0	19480.0	126810.0	109733.0	5610.0	3579.0	60.1	73.3	76.8	80.7
2014-07-29	134314.0	372.0	19644.0	126976.0	111313.0	5426.0	1817.0	60.1	73.0	76.1	80.9
2014-08-05	127723.0	1242.0	18322.0	120537.0	106694.0	4775.0	1538.0	64.1	74.8	78.3	82.5
2014-08-12	123033.0	372.0	20475.0	116183.0	99347.0	4775.0	1508.0	64.9	75.4	79.2	83.1
2014-08-19	118254.0	372.0	21863.0	112255.0	94066.0	4715.0	1413.0	63.1	72.4	78.3	80.4
2014-08-26	120390.0	444.0	23364.0	112805.0	94193.0	5477.0	1169.0	61.9	72.6	76.9	80.8
2014-09-02	120865.0	412.0	24187.0	113027.0	93866.0	5711.0	1097.0	63.2	72.5	77.5	80.4
2014-09-09	114073.0	0.0	24682.0	107606.0	86748.0	5201.0	1377.0	67.0	75.9	80.2	84.6
2014-09-16	118291.0	0.0	24837.0	111360.0	90775.0	5843.0	1591.0	65.9	74.1	77.7	82.6
2014-09-23	119891.0	0.0	26127.0	111204.0	91103.0	7332.0	1306.0	65.9	73.7	77.5	81.8
2014-09-30	120215.0	0.0	27610.0	112363.0	90442.0	7181.0	1492.0	66.7	73.3	78.8	82.2
2014-10-07	118414.0	0.0	28009.0	109348.0	87326.0	8549.0	2562.0	73.1	75.5	84.3	87.1
2014-10-14	118660.0	0.0	25289.0	110275.0	89156.0	7388.0	3218.0	73.2	75.1	85.8	88.0
2014-10-21	122570.0	0.0	25726.0	114030.0	92228.0	7388.0	3464.0	72.2	72.9	85.8	88.1
2014-10-28	129454.0	459.0	22835.0	119385.0	101914.0	7419.0	2514.0	60.2	70.3	79.7	88.4
2014-11-04	131929.0	0.0	22427.0	121813.0	105847.0	7795.0	1334.0	58.3	70.8	77.0	87.9
2014-11-11	122930.0	1001.0	13478.0	113274.0	107481.0	7843.0	1159.0	60.9	69.6	77.7	89.3
2014-11-18	119614.0	1645.0	10786.0	108001.0	105823.0	9284.0	2321.0	61.3	69.0	78.1	89.0
2014-11-25	121319.0	2795.0	12006.0	109089.0	107451.0	8915.0	1342.0	63.1	69.7	79.0	88.8
2014-12-02	123359.0	1998.0	11828.0	109790.0	109669.0	11051.0	1342.0	62.2	68.0	77.8	88.3
2014-12-09	119367.0	1529.0	12096.0	108332.0	105467.0	9097.0	1395.0	64.7	68.8	81.5	89.1
2014-12-16	122661.0	1537.0	12305.0	111512.0	108477.0	9004.0	1271.0	63.7	67.1	80.1	88.4
2014-12-23	121509.0	475.0	10968.0	111423.0	108211.0	8552.0	1271.0	63.1	66.0	79.9	87.6
2014-12-30	121258.0	627.0	10090.0	111153.0	108971.0	8552.0	1271.0	62.6	65.5	79.1	87.4
2015-01-06	114915.0	110.0	9473.0	106401.0	103419.0	7590.0	1209.0	63.5	65.4	79.1	87.3
2015-01-13	112637.0	571.0	8828.0	103484.0	98494.0	7708.0	4441.0	63.1	65.3	78.2	86.1
2015-01-20	110046.0	736.0	7578.0	100763.0	97697.0	7789.0	4013.0	60.0	65.2	76.6	85.9
2015-01-27	113186.0	732.0	7684.0	103945.0	103096.0	7587.0	1484.0	57.6	65.1	75.1	84.6
2015-02-03	109979.0	151.0	7674.0	101129.0	99851.0	7752.0	1507.0	58.2	65.1	75.8	84.5
2015-02-10	107166.0	803.0	8498.0	98226.0	94983.0	7500.0	3048.0	56.2	63.5	74.3	84.7
2015-02-17	107389.0	37.0	8802.0	98683.0	94246.0	7409.0	3081.0	56.0	62.3	73.9	84.3
2015-02-24	106936.0	1048.0	8036.0	97321.0	94355.0	7441.0	3419.0	54.0	60.4	71.6	81.9
2015-03-03	108920.0	282.0	8159.0	99897.0	97126.0	7472.0	2366.0	55.2	57.0	71.9	78.2
2015-03-10	104466.0	580.0	8035.0	96557.0	94420.0	6599.0	1281.0	57.0	58.4	73.8	79.6
2015-03-17	102914.0	640.0	8279.0	94950.0	92689.0	6599.0	1221.0	56.0	57.6	72.9	79.3
2015-03-24	105911.0	980.0	9462.0	98068.0	94181.0	6293.0	1698.0	51.4	52.6	68.7	74.5
2015-03-31	105191.0	558.0	9646.0	97523.0	93154.0	6293.0	1574.0	51.3	52.2	68.7	74.7
2015-04-07	97933.0	673.0	9346.0	90685.0	86447.0	5937.0	1502.0	57.7	55.5	74.2	78.1
2015-04-14	103429.0	1102.0	10679.0	96139.0	90020.0	5937.0	2479.0	60.4	56.6	76.2	78.0
2015-04-21	104258.0	1290.0	10677.0	97116.0	91529.0	5452.0	1652.0	59.5	57.6	75.6	78.7
2015-04-28	105721.0	396.0	9722.0	99298.0	93432.0	5389.0	1929.0	60.4	57.0	76.4	76.6
2015-05-05	103540.0	0.0	10459.0	97892.0	90055.0	4798.0	2176.0	62.1	55.5	77.0	76.0
2015-05-12	106419.0	501.0	11469.0	100605.0	91891.0	4830.0	2576.0	62.1	54.7	76.7	74.8
2015-05-19	108650.0	976.0	11283.0	102930.0	94476.0	4096.0	2243.0	61.3	52.0	75.8	72.0
2015-05-26	111682.0	0.0	11366.0	106564.0	97051.0	4309.0	2456.0	60.5	51.1	75.7	71.1
2015-06-02	117550.0	0.0	12317.0	111801.0	100591.0	5192.0	4085.0	62.3	52.4	77.7	70.1
2015-06-09	112261.0	482.0	13129.0	102494.0	95597.0	8935.0	3185.0	65.9	53.3	78.0	70.9
2015-06-16	111401.0	515.0	13160.0	102337.0	94709.0	8416.0	3399.0	66.6	53.4	78.5	71.2
2015-06-23	114136.0	47.0	12022.0	104642.0	97264.0	8176.0	3579.0	61.1	54.6	76.9	71.7
2015-06-30	118779.0	693.0	11135.0	109554.0	102298.0	7137.0	3951.0	57.5	52.1	74.5	69.6
2015-07-07	111466.0	65.0	9598.0	104015.0	96893.0	6112.0	3701.0	61.4	56.2	77.8	73.5
2015-07-14	117150.0	214.0	12468.0	109908.0	100490.0	6112.0	3276.0	63.8	54.8	78.5	72.9
2015-07-21	119537.0	1473.0	2602.0	110584.0	111466.0	6910.0	4899.0	60.5	54.0	76.4	73.6
2015-07-28	123025.0	371.0	2323.0	115359.0	115694.0	6631.0	4344.0	58.4	53.3	74.5	71.8
2015-08-04	124955.0	163.0	3641.0	116646.0	117903.0	7087.0	2352.0	57.9	52.4	73.3	70.6
2015-08-11	115931.0	79.0	4098.0	108458.0	108459.0	6403.0	2383.0	60.5	58.6	76.3	73.4
2015-08-18	116659.0	228.0	4040.0	108923.0	109346.0	6465.0	2230.0	59.4	57.1	75.0	71.8
2015-08-25	117623.0	519.0	2974.0	108948.0	110260.0	7429.0	3662.0	58.8	56.1	74.2	71.1
2015-09-01	117984.0	1439.0	2544.0	109305.0	111334.0	6944.0	3810.0	58.2	55.6	72.7	70.6
2015-09-08	108918.0	0.0	792.0	101825.0	101788.0	6479.0	5724.0	62.3	61.3	78.7	75.1
2015-09-15	109140.0	1356.0	775.0	100929.0	102994.0	6720.0	5236.0	60.9	61.1	77.1	74.5
2015-09-22	110289.0	1229.0	1081.0	101515.0	104011.0	6262.0	3914.0	62.3	60.8	77.4	74.6
2015-09-29	112575.0	445.0	0.0	104475.0	106288.0	7016.0	5648.0	62.5	59.8	77.2	73.8
2015-10-06	106082.0	0.0	9.0	97095.0	100849.0	8133.0	4370.0	66.7	65.8	82.4	81.1
2015-10-13	106964.0	0.0	552.0	98287.0	101951.0	7823.0	3607.0	65.0	64.9	81.0	81.1
2015-10-20	108766.0	0.0	1182.0	101849.0	103319.0	6427.0	3775.0	61.6	64.4	79.5	78.9
2015-10-27	110928.0	181.0	2051.0	102044.0	104873.0	7074.0	2375.0	61.9	62.9	77.8	76.8
2015-11-03	115135.0	0.0	2478.0	106712.0	109085.0	7196.0	2345.0	60.7	60.0	75.4	76.0
2015-11-10	109279.0	0.0	1941.0	100842.0	103726.0	7332.0	2507.0	61.9	63.9	75.8	80.1
2015-11-17	111027.0	0.0	2397.0	104303.0	105777.0	6164.0	2293.0	62.2	63.1	75.6	80.6
2015-11-24	113424.0	89.0	1321.0	106254.0	108679.0	6288.0	2631.0	60.3	62.4	73.9	80.7
2015-12-01	114931.0	453.0	893.0	107255.0	110472.0	6288.0	2631.0	60.1	62.2	73.7	80.6
2015-12-08	108074.0	0.0	955.0	101495.0	104284.0	6065.0	2321.0	63.7	64.8	77.2	85.2
2015-12-15	111475.0	0.0	810.0	105070.0	106908.0	6402.0	3754.0	63.6	58.9	76.4	80.1
2015-12-22	114602.0	1120.0	353.0	107758.0	110165.0	5060.0	3420.0	63.0	58.2	75.4	80.1
2015-12-29	114490.0	98.0	0.0	107380.0	109760.0	6505.0	4223.0	63.4	60.3	76.5	82.5
2016-01-05	116465.0	871.0	0.0	109192.0	111674.0	5060.0	3449.0	62.7	60.4	77.2	83.4
2016-01-12	114720.0	0.0	471.0	107332.0	110803.0	7352.0	3410.0	65.6	62.1	79.6	85.7
2016-01-19	114366.0	1734.0	0.0	105553.0	110196.0	6323.0	3414.0	62.6	61.9	77.1	85.3
2016-01-26	119199.0	666.0	699.0	110562.0	114125.0	6825.0	3229.0	63.2	61.4	76.4	84.0
2016-02-02	130283.0	1532.0	2583.0	119965.0	123044.0	8786.0	4656.0	63.8	61.5	75.0	82.4
2016-02-09	131231.0	4660.0	730.0	118683.0	125061.0	6661.0	4213.0	65.7	63.4	77.2	83.4
2016-02-16	131034.0	1732.0	999.0	121390.0	125025.0	7087.0	4185.0	67.8	63.7	78.3	83.7
2016-02-23	131657.0	217.0	1317.0	125102.0	126241.0	4797.0	2558.0	69.0	64.1	80.3	83.9
2016-03-01	132442.0	1712.0	1083.0	124352.0	127278.0	5161.0	2864.0	68.2	64.9	78.9	84.5
2016-03-08	126706.0	946.0	1004.0	116305.0	120853.0	8124.0	3518.0	71.4	65.1	82.4	85.6
2016-03-15	125509.0	2081.0	2135.0	114174.0	119496.0	7588.0	2212.0	69.0	64.3	80.2	84.8
2016-03-22	128338.0	2571.0	1890.0	116657.0	122533.0	7679.0	2484.0	67.8	64.5	79.4	84.7
2016-03-29	130019.0	1865.0	1920.0	118770.0	123632.0	7707.0	2790.0	68.7	65.2	80.0	84.6
2016-04-05	120793.0	1507.0	1651.0	111541.0	115669.0	6196.0	1924.0	67.7	64.6	78.2	83.9
2016-04-12	123001.0	1336.0	2356.0	112939.0	116738.0	6743.0	1924.0	67.1	63.6	77.5	81.8
2016-04-19	123413.0	1501.0	1866.0	113404.0	117644.0	6622.0	2017.0	67.0	63.4	77.0	81.6
2016-04-26	123582.0	1970.0	1744.0	112325.0	118275.0	8308.0	2584.0	65.2	61.7	75.4	82.7
2016-05-03	121679.0	1723.0	1772.0	111447.0	116587.0	7623.0	2434.0	65.3	60.6	75.7	81.8
2016-05-10	112014.0	330.0	1044.0	103131.0	107651.0	7738.0	2504.0	61.4	57.1	72.7	79.1
2016-05-17	110637.0	395.0	1293.0	102007.0	106302.0	7685.0	2492.0	58.1	56.9	72.0	78.4
2016-05-24	112986.0	1779.0	1477.0	103823.0	108422.0	6729.0	2432.0	55.8	54.6	69.4	76.0
2016-05-31	112995.0	2051.0	1076.0	104356.0	109045.0	6146.0	2432.0	54.8	54.9	68.5	76.4
2016-06-07	102217.0	1064.0	279.0	95082.0	99851.0	5810.0	1826.0	55.3	53.7	67.6	76.3
2016-06-14	107022.0	1769.0	279.0	99077.0	104470.0	5928.0	2025.0	55.1	51.2	66.1	73.9
2016-06-21	108907.0	2047.0	279.0	100578.0	106538.0	6227.0	2035.0	52.5	50.2	64.2	71.2
2016-06-28	111190.0	1804.0	248.0	103132.0	107406.0	5866.0	3148.0	52.9	49.1	64.3	69.6
2016-07-05	111025.0	1528.0	248.0	103168.0	106798.0	5817.0	3467.0	52.5	48.7	64.1	68.2
2016-07-12	100551.0	1114.0	248.0	94108.0	97734.0	5274.0	2514.0	50.9	49.6	61.3	69.1
2016-07-19	103328.0	1021.0	0.0	97102.0	100735.0	5150.0	2538.0	48.4	49.4	60.8	69.0
2016-07-26	106155.0	1292.0	0.0	99465.0	103321.0	5398.0	2834.0	49.8	48.2	61.5	67.7
2016-08-02	108315.0	1412.0	0.0	101381.0	105481.0	5522.0	2834.0	51.7	49.5	62.4	68.8
2016-08-09	101421.0	330.0	0.0	95201.0	98590.0	5890.0	2831.0	54.4	50.8	63.7	67.6
2016-08-16	102020.0	330.0	0.0	95550.0	99097.0	6140.0	2923.0	54.7	48.4	63.0	65.5
2016-08-23	103479.0	1328.0	0.0	96532.0	100950.0	5619.0	2529.0	54.5	46.8	61.7	63.6
2016-08-30	105964.0	1545.0	0.0	98792.0	102884.0	5627.0	3080.0	53.2	46.5	60.5	62.8
2016-09-06	98079.0	763.0	0.0	91974.0	96048.0	5342.0	2031.0	55.5	46.8	62.6	61.4
2016-09-13	99092.0	1424.0	0.0	92078.0	97302.0	5373.0	1573.0	57.5	47.5	64.7	62.2
2016-09-20	106776.0	1012.0	347.0	99885.0	104529.0	5519.0	1540.0	57.5	50.9	66.3	64.0
2016-09-27	110155.0	1384.0	310.0	103476.0	107712.0	5295.0	2133.0	56.5	50.4	67.3	64.2
2016-10-04	113556.0	1012.0	1341.0	106582.0	110412.0	5962.0	1803.0	56.1	50.0	66.5	64.8
2016-10-11	104817.0	671.0	193.0	98166.0	102145.0	5778.0	2277.0	58.2	52.0	69.3	68.2
2016-10-18	108884.0	671.0	0.0	103775.0	107342.0	4438.0	1542.0	55.4	51.8	68.5	67.7
2016-10-25	110072.0	1017.0	0.0	104809.0	108615.0	4209.0	1420.0	56.7	53.3	69.1	68.9
2016-11-01	115519.0	2170.0	0.0	109135.0	114066.0	4214.0	1453.0	54.9	53.1	69.0	69.9
2016-11-08	108427.0	1474.0	0.0	101374.0	107217.0	5579.0	1210.0	55.3	51.2	66.9	65.9
2016-11-15	112692.0	1232.0	0.0	106648.0	109753.0	4750.0	2877.0	47.9	49.5	58.7	60.5
2016-11-22	118853.0	2507.0	0.0	112000.0	116035.0	4346.0	2818.0	44.7	51.5	54.8	61.8
2016-11-29	118236.0	2411.0	0.0	111479.0	115452.0	4346.0	2784.0	44.7	50.9	54.1	61.6
2016-12-06	108774.0	1664.0	0.0	100753.0	107473.0	6202.0	1146.0	46.7	54.3	56.4	65.0
2016-12-13	105643.0	844.0	248.0	97536.0	103989.0	7263.0	1406.0	49.3	56.4	62.6	68.7
2016-12-20	104229.0	844.0	636.0	95783.0	101999.0	7276.0	1268.0	49.6	56.6	64.6	69.5
2016-12-27	103498.0	956.0	723.0	95087.0	101128.0	7206.0	1398.0	50.2	56.3	65.1	69.6
2017-01-03	104695.0	956.0	714.0	98188.0	102497.0	5318.0	1251.0	50.4	55.5	66.2	70.4
2017-01-10	103831.0	553.0	619.0	97283.0	101742.0	5545.0	1020.0	55.2	56.0	68.2	72.1
2017-01-17	107388.0	553.0	836.0	100896.0	104931.0	5939.0	1621.0	58.2	55.4	70.5	72.2
2017-01-24	113537.0	581.0	835.0	106936.0	111142.0	5964.0	1504.0	54.3	55.9	66.1	72.0
2017-01-31	115282.0	581.0	1015.0	108281.0	112753.0	6420.0	1514.0	54.5	56.1	66.3	73.2
