2013-05-07	270189.0	25065.0	9596.0	237463.0	253848.0	6150.0	5234.0	34.6	36.5	53.2	56.6
2013-05-14	273888.0	23407.0	8534.0	242562.0	257004.0	6157.0	6588.0	34.0	35.1	51.3	54.5
2013-05-21	278062.0	20578.0	10715.0	247831.0	259186.0	6926.0	5434.0	32.7	33.0	48.7	51.9
2013-05-28	275591.0	17569.0	8035.0	248159.0	254982.0	5927.0	8638.0	32.2	33.1	48.4	51.6
2013-06-11	258205.0	15947.0	9993.0	234245.0	240821.0	6114.0	5492.0	36.4	35.6	54.1	53.5
2013-06-18	274636.0	12902.0	11890.0	251476.0	254692.0	7539.0	5335.0	36.0	38.2	52.9	56.6
2013-06-25	284149.0	8599.0	11588.0	262302.0	260727.0	7632.0	6218.0	36.8	40.2	52.9	57.9
2013-07-02	296599.0	10959.0	12894.0	270737.0	274276.0	9221.0	3747.0	43.0	40.5	56.8	58.4
2013-07-09	286267.0	13252.0	11806.0	262572.0	268483.0	7905.0	3440.0	47.5	40.9	61.3	58.6
2013-07-16	299686.0	13911.0	9595.0	274273.0	284306.0	9602.0	3885.0	47.2	39.3	60.8	56.9
2013-07-23	310626.0	12326.0	11925.0	287401.0	292173.0	8724.0	4353.0	47.0	38.7	60.5	56.2
2013-07-30	314745.0	8692.0	9225.0	291355.0	294462.0	8348.0	4708.0	47.0	39.2	59.4	56.6
2013-08-06	304165.0	12777.0	9682.0	282178.0	288807.0	7746.0	4212.0	47.6	41.6	61.1	59.4
2013-08-13	310459.0	12036.0	6655.0	288374.0	297195.0	7678.0	4238.0	47.4	42.6	60.8	60.1
2013-08-20	311517.0	11073.0	4882.0	288553.0	297414.0	8618.0	5948.0	45.7	41.5	59.2	59.0
2013-08-27	310123.0	3744.0	5519.0	289970.0	290956.0	8762.0	6001.0	46.9	40.6	60.0	58.4
2013-09-03	312185.0	5806.0	6114.0	290879.0	293668.0	9157.0	6060.0	47.0	40.6	60.5	58.4
2013-09-10	299436.0	6145.0	6044.0	284265.0	284350.0	6180.0	6196.0	48.8	42.5	61.9	60.7
2013-09-17	306763.0	4384.0	6630.0	291626.0	289541.0	6241.0	6080.0	48.4	42.8	61.7	60.5
2013-09-24	308206.0	1134.0	7790.0	291798.0	284356.0	6731.0	7517.0	48.1	42.9	61.9	60.3
2013-10-01	310124.0	19.0	11795.0	291787.0	280922.0	9577.0	8666.0	48.2	42.2	61.9	59.5
2013-10-08	293795.0	189.0	6470.0	275421.0	269458.0	11200.0	10882.0	49.8	43.4	63.5	61.4
2013-10-15	302256.0	5773.0	7593.0	276486.0	278923.0	11783.0	7526.0	49.7	43.3	61.3	61.9
2013-10-22	300947.0	2546.0	8078.0	277124.0	274628.0	11723.0	8687.0	52.3	44.7	63.7	62.9
2013-10-29	312407.0	2446.0	10556.0	289994.0	285268.0	9986.0	6602.0	52.2	45.7	63.5	63.7
2013-11-05	298388.0	2440.0	18762.0	278701.0	268365.0	11459.0	5473.0	51.1	44.1	63.1	62.8
2013-11-12	296249.0	5584.0	21029.0	274395.0	264084.0	11928.0	6794.0	48.9	41.8	60.9	61.4
2013-11-19	287512.0	4840.0	18743.0	267031.0	258450.0	11095.0	5773.0	46.7	39.2	61.4	59.5
2013-11-26	290295.0	4326.0	16936.0	268324.0	260351.0	11690.0	7053.0	44.9	39.3	59.9	59.8
2013-12-03	295725.0	5032.0	20120.0	271871.0	264487.0	14134.0	6430.0	44.7	41.8	59.0	60.6
2013-12-10	291131.0	4844.0	24264.0	267411.0	256952.0	14980.0	6019.0	40.8	42.6	55.0	61.4
2013-12-17	286734.0	3047.0	23654.0	264650.0	252914.0	15131.0	6260.0	41.1	40.7	55.2	59.9
2013-12-24	280187.0	4174.0	23588.0	258227.0	247177.0	14168.0	5804.0	41.8	41.1	54.0	60.8
2014-01-07	272794.0	3374.0	34660.0	253437.0	225944.0	13994.0	10201.0	42.9	39.6	55.3	62.2
2014-01-14	274089.0	3794.0	30769.0	249366.0	230538.0	17400.0	9253.0	41.4	39.9	54.0	58.4
2014-01-21	279502.0	7708.0	29861.0	252049.0	239360.0	16873.0	7409.0	40.4	41.0	52.9	60.5
2014-01-28	285023.0	4853.0	33316.0	257866.0	240686.0	18254.0	6971.0	40.8	41.8	52.9	61.2
2014-02-04	291243.0	5480.0	35729.0	262536.0	243811.0	19085.0	7561.0	40.4	41.1	52.4	60.1
2014-02-11	283496.0	1957.0	38354.0	256893.0	230775.0	19929.0	9650.0	41.0	41.1	53.2	61.2
2014-02-18	288846.0	2541.0	38997.0	264536.0	233846.0	16707.0	10941.0	40.9	41.1	52.9	60.7
2014-02-25	288341.0	807.0	43348.0	263781.0	227770.0	17125.0	10595.0	41.0	41.7	53.0	61.8
2014-03-04	294832.0	0.0	51347.0	267751.0	225600.0	19792.0	10596.0	40.7	42.9	52.6	63.1
2014-03-11	291349.0	2806.0	55402.0	260398.0	217664.0	22476.0	12614.0	41.7	44.2	53.2	64.8
2014-03-18	290783.0	2690.0	56301.0	262558.0	217655.0	20137.0	11429.0	41.4	45.3	53.8	65.0
2014-03-25	294140.0	2141.0	57650.0	265359.0	218447.0	19604.0	11007.0	44.8	46.1	56.8	65.0
2014-04-01	296992.0	3527.0	59756.0	266935.0	218873.0	20227.0	12060.0	44.5	47.2	56.6	65.5
2014-04-08	276678.0	2437.0	49999.0	245475.0	209572.0	22437.0	10778.0	44.8	47.2	58.3	66.3
2014-04-15	273824.0	3980.0	50753.0	242712.0	207405.0	22090.0	10624.0	45.8	47.0	58.4	67.5
2014-04-22	277644.0	0.0	51740.0	252253.0	207094.0	17875.0	11294.0	46.1	47.2	58.9	67.2
2014-04-29	279360.0	1929.0	53820.0	252317.0	208499.0	19156.0	11083.0	45.8	47.9	58.7	68.0
2014-05-06	263915.0	2609.0	46127.0	239517.0	202222.0	17525.0	11302.0	46.7	47.7	60.0	68.5
2014-05-13	267237.0	3065.0	47050.0	246329.0	205208.0	14888.0	12024.0	47.5	47.1	60.8	67.6
2014-05-20	269612.0	917.0	45844.0	251264.0	207094.0	13270.0	12513.0	47.5	47.4	61.0	67.8
2014-05-27	272660.0	240.0	44630.0	252742.0	208878.0	13260.0	12734.0	46.5	47.2	60.1	67.4
2014-06-03	274468.0	0.0	46602.0	252754.0	211252.0	14855.0	9755.0	46.5	48.6	60.4	68.9
2014-06-10	257500.0	1655.0	36091.0	238523.0	206073.0	13605.0	11619.0	46.8	49.7	61.6	70.4
2014-06-17	261162.0	832.0	37797.0	240625.0	206020.0	13438.0	11078.0	45.5	49.0	60.1	69.2
2014-06-24	261891.0	900.0	38077.0	240830.0	206123.0	13209.0	10739.0	43.9	48.2	58.5	68.0
2014-07-01	271459.0	434.0	35598.0	247249.0	212947.0	12819.0	11957.0	42.9	45.1	56.0	64.0
2014-07-08	249646.0	2694.0	34356.0	229456.0	199174.0	12590.0	11210.0	46.6	47.7	60.6	68.0
2014-07-15	248340.0	198.0	33402.0	229945.0	197295.0	12598.0	12044.0	46.8	47.1	60.9	67.3
2014-07-22	247423.0	0.0	33439.0	229216.0	196337.0	12727.0	12167.0	44.2	43.5	58.4	64.3
2014-07-29	247155.0	0.0	30967.0	231264.0	199006.0	8806.0	10097.0	42.4	39.4	56.1	60.8
2014-08-05	231612.0	0.0	26899.0	219573.0	190594.0	7137.0	9217.0	42.5	38.4	55.7	62.0
2014-08-12	236007.0	27.0	25406.0	223356.0	195924.0	7229.0	9282.0	41.7	37.0	54.7	60.3
2014-08-19	236385.0	853.0	24612.0	223281.0	197041.0	7287.0	9768.0	40.7	41.9	54.1	64.9
2014-08-26	241119.0	1328.0	26510.0	227225.0	201362.0	7437.0	8118.0	41.0	41.4	54.4	64.4
2014-09-02	242921.0	1445.0	25441.0	226406.0	204064.0	10098.0	8444.0	41.5	42.3	54.9	66.4
2014-09-09	225636.0	2572.0	18610.0	210226.0	196209.0	9734.0	7713.0	44.0	43.9	57.1	67.9
2014-09-16	225471.0	2932.0	17158.0	210037.0	198324.0	9857.0	7344.0	43.8	44.8	57.1	67.9
2014-09-23	230829.0	3765.0	18876.0	213753.0	202138.0	10813.0	7317.0	42.4	42.7	54.6	64.7
2014-09-30	235759.0	3954.0	18547.0	217034.0	206552.0	11147.0	7036.0	41.8	43.9	54.0	65.3
2014-10-07	219736.0	2786.0	11735.0	200759.0	197535.0	11591.0	5866.0	43.0	46.3	56.9	66.1
2014-10-14	220912.0	2365.0	10551.0	199127.0	199087.0	14802.0	6656.0	42.9	45.8	57.3	65.4
2014-10-21	221263.0	1868.0	10855.0	201591.0	198516.0	12700.0	6788.0	42.7	45.6	57.2	64.9
2014-10-28	224116.0	1406.0	13820.0	205991.0	199672.0	11840.0	5745.0	40.9	44.7	55.3	63.6
2014-11-04	227772.0	413.0	13381.0	208731.0	199260.0	12742.0	9245.0	41.6	44.2	55.8	63.2
2014-11-11	212961.0	2862.0	10303.0	190202.0	191885.0	15688.0	6564.0	40.7	43.9	55.2	62.7
2014-11-18	213573.0	5928.0	10700.0	189148.0	193498.0	15588.0	6466.0	39.7	43.9	54.6	62.5
2014-11-25	214143.0	3425.0	10700.0	193214.0	193191.0	13441.0	6189.0	39.0	43.0	54.0	61.8
2014-12-02	212102.0	1002.0	10933.0	192607.0	187722.0	13453.0	8407.0	39.8	42.1	55.0	61.2
2014-12-09	202984.0	5899.0	11162.0	182835.0	184351.0	12313.0	5534.0	42.1	43.9	56.6	62.6
2014-12-16	208442.0	3559.0	11128.0	189154.0	188488.0	12266.0	5363.0	42.7	42.3	56.9	62.4
2014-12-23	209167.0	3695.0	12721.0	189006.0	188208.0	12844.0	4616.0	42.8	41.7	56.6	61.9
2014-12-30	207487.0	3757.0	13659.0	187354.0	185880.0	12653.0	4225.0	42.7	41.7	57.4	62.1
2015-01-06	195348.0	2402.0	11342.0	177227.0	177238.0	11922.0	2971.0	44.7	43.9	58.3	63.6
2015-01-13	203034.0	4836.0	12198.0	183227.0	184247.0	12144.0	3762.0	41.7	44.0	56.1	64.1
2015-01-20	207508.0	1748.0	12412.0	188806.0	187917.0	13533.0	3758.0	41.2	44.0	55.4	64.4
2015-01-27	211895.0	899.0	13852.0	193797.0	190112.0	13753.0	4485.0	42.2	44.0	56.6	64.7
2015-02-03	218735.0	2332.0	14046.0	197570.0	195363.0	15816.0	6309.0	41.8	45.7	56.7	65.4
2015-02-10	204986.0	3646.0	12940.0	182361.0	183761.0	16065.0	5371.0	42.7	46.8	57.9	67.0
2015-02-17	205430.0	2090.0	11708.0	184386.0	185046.0	15296.0	5018.0	42.3	47.1	58.2	66.6
2015-02-24	211365.0	2818.0	11498.0	189108.0	189197.0	15936.0	7167.0	41.8	46.2	57.9	65.4
2015-03-03	214633.0	3998.0	11234.0	192064.0	193460.0	14738.0	6106.0	41.6	45.6	58.4	64.2
2015-03-10	202432.0	1838.0	11883.0	184733.0	177845.0	12898.0	9741.0	41.4	45.5	58.7	63.9
2015-03-17	203486.0	3450.0	14041.0	179040.0	177372.0	18232.0	9309.0	42.1	46.5	59.1	65.0
2015-03-24	204703.0	2698.0	17670.0	181680.0	174707.0	17958.0	9959.0	43.8	46.5	61.6	64.9
2015-03-31	205809.0	4604.0	21145.0	181670.0	174213.0	17351.0	8267.0	42.0	45.8	60.0	64.3
2015-04-07	193566.0	4235.0	16966.0	171162.0	167063.0	16115.0	7483.0	41.5	47.7	59.8	65.0
2015-04-14	197190.0	3499.0	18973.0	176681.0	170408.0	15089.0	5888.0	41.0	46.6	59.3	63.6
2015-04-21	199441.0	1390.0	18122.0	181643.0	173466.0	13330.0	4775.0	41.6	46.5	59.9	62.0
2015-04-28	197580.0	1471.0	18537.0	178860.0	168920.0	13390.0	6264.0	41.1	47.1	60.4	61.1
2015-05-05	186970.0	1611.0	20776.0	163928.0	157762.0	17635.0	4636.0	42.6	48.5	62.0	61.4
2015-05-12	185217.0	2755.0	19713.0	162760.0	158783.0	17390.0	4409.0	42.8	49.2	61.5	62.1
2015-05-19	189888.0	2115.0	19490.0	168371.0	163407.0	16567.0	4156.0	41.8	49.5	60.2	61.9
2015-05-26	192253.0	2989.0	20980.0	172804.0	164940.0	14009.0	3882.0	42.5	49.0	61.2	64.7
2015-06-02	195473.0	3274.0	20305.0	172720.0	167570.0	16278.0	4397.0	41.3	48.7	59.2	63.7
2015-06-09	180561.0	4067.0	13354.0	159230.0	160974.0	14608.0	3577.0	40.1	49.1	58.4	65.6
2015-06-16	181968.0	2391.0	14039.0	162027.0	161825.0	14416.0	2970.0	41.7	48.9	60.2	66.2
2015-06-23	183160.0	2419.0	14197.0	161924.0	160746.0	14604.0	4004.0	40.5	48.6	58.2	64.5
2015-06-30	191545.0	3216.0	17886.0	170834.0	166697.0	14226.0	3693.0	41.4	48.8	58.5	66.0
2015-07-07	180639.0	4159.0	14695.0	160944.0	160303.0	13262.0	3367.0	40.5	49.6	57.1	67.3
2015-07-14	185011.0	4572.0	15033.0	165937.0	163442.0	11433.0	3467.0	39.3	48.7	56.6	67.2
2015-07-21	189989.0	5019.0	15166.0	169676.0	167699.0	12257.0	4087.0	37.0	50.0	54.4	68.1
2015-07-28	197970.0	4897.0	16236.0	177862.0	174074.0	12318.0	4767.0	33.1	45.6	49.8	64.6
2015-08-04	200069.0	4284.0	16688.0	179690.0	174710.0	12878.0	5454.0	33.0	49.4	49.6	63.3
2015-08-11	189262.0	3261.0	15798.0	171527.0	165430.0	11753.0	5313.0	34.4	50.8	50.5	65.3
2015-08-18	190802.0	2433.0	16079.0	174129.0	166189.0	11091.0	5385.0	34.2	49.3	49.9	64.0
2015-08-25	194123.0	2258.0	16928.0	178204.0	168922.0	10989.0	5601.0	31.0	48.2	46.5	62.3
2015-09-01	196809.0	2716.0	18293.0	181093.0	170640.0	10690.0	5566.0	31.1	47.6	45.7	62.2
2015-09-08	179594.0	1931.0	14944.0	163913.0	157524.0	11830.0	5206.0	42.1	49.5	55.0	65.3
2015-09-15	182071.0	1931.0	17015.0	166367.0	157943.0	11858.0	5198.0	41.6	48.3	54.5	64.7
2015-09-22	183373.0	1843.0	16304.0	166641.0	159085.0	12224.0	5319.0	40.7	46.6	53.8	62.5
2015-09-29	184363.0	1874.0	16190.0	167174.0	158100.0	12035.0	6793.0	40.1	46.5	53.1	61.9
2015-10-06	167002.0	1336.0	16448.0	151371.0	144244.0	13421.0	5436.0	44.3	49.5	57.9	68.0
2015-10-13	167915.0	175.0	16094.0	152898.0	144845.0	13448.0	5582.0	43.9	49.2	57.2	67.2
2015-10-20	168092.0	1022.0	15997.0	151313.0	144605.0	13820.0	5553.0	43.2	50.2	57.4	68.0
2015-10-27	170548.0	502.0	15733.0	153172.0	146313.0	14462.0	6090.0	43.1	49.3	57.1	66.9
2015-11-03	172172.0	0.0	20575.0	153931.0	141619.0	15785.0	7522.0	42.4	45.6	56.2	62.7
2015-11-10	161425.0	327.0	18344.0	145169.0	134660.0	14437.0	6929.0	42.9	47.9	57.0	64.5
2015-11-17	162636.0	0.0	17552.0	146431.0	134807.0	14425.0	8497.0	42.4	46.7	57.4	62.4
2015-11-24	160569.0	0.0	17631.0	143960.0	132018.0	15026.0	9337.0	42.1	46.7	57.5	61.8
2015-12-01	160514.0	0.0	16208.0	143759.0	131988.0	14913.0	10476.0	41.5	46.7	57.1	61.5
2015-12-08	143923.0	0.0	7215.0	124701.0	123630.0	17312.0	11168.0	40.6	51.2	56.2	64.6
2015-12-15	140950.0	0.0	7200.0	122082.0	120934.0	17168.0	11116.0	42.3	51.8	58.5	64.8
2015-12-22	141154.0	0.0	7596.0	121691.0	119700.0	17885.0	12280.0	42.5	51.7	57.8	64.9
2015-12-29	140574.0	496.0	8033.0	120336.0	119355.0	18346.0	11790.0	40.9	52.0	55.9	65.4
2016-01-05	141290.0	1085.0	9192.0	120216.0	118283.0	18392.0	12218.0	40.5	51.9	55.1	65.2
2016-01-12	132217.0	0.0	7149.0	111841.0	110978.0	18261.0	11975.0	34.6	52.8	51.7	64.2
2016-01-19	130417.0	0.0	6783.0	110790.0	108757.0	17073.0	12323.0	30.4	53.7	47.9	66.0
2016-01-26	133930.0	0.0	13163.0	114398.0	105219.0	17296.0	13312.0	30.8	52.2	48.9	66.5
2016-02-02	140988.0	1080.0	13800.0	120062.0	111232.0	18351.0	14461.0	30.6	49.9	47.3	63.9
2016-02-09	133503.0	1814.0	10942.0	111309.0	106790.0	16863.0	12254.0	30.1	48.0	45.3	62.1
2016-02-16	138192.0	1873.0	10511.0	113954.0	111138.0	17098.0	11276.0	25.9	45.8	40.5	58.4
2016-02-23	138653.0	2925.0	11688.0	117157.0	114288.0	15349.0	9455.0	24.1	43.0	38.2	56.4
2016-03-01	148152.0	3270.0	12363.0	123201.0	122217.0	16673.0	8564.0	24.3	42.4	38.7	55.0
2016-03-08	139689.0	3534.0	12080.0	115805.0	114901.0	19116.0	11474.0	28.1	45.5	42.4	58.2
2016-03-15	143973.0	3304.0	13880.0	120526.0	120162.0	18839.0	8627.0	25.7	44.4	39.4	57.7
2016-03-22	148310.0	2078.0	14183.0	125180.0	123588.0	19579.0	9066.0	24.6	43.3	38.5	56.2
2016-03-29	154525.0	1466.0	16757.0	132855.0	126363.0	18013.0	9214.0	24.2	42.3	37.4	54.0
2016-04-05	142159.0	2438.0	13041.0	121781.0	116322.0	15774.0	10630.0	25.3	42.4	39.3	54.6
2016-04-12	141717.0	1619.0	13343.0	122234.0	116041.0	15775.0	10244.0	23.3	37.7	37.2	49.9
2016-04-19	144414.0	2123.0	13967.0	123843.0	117442.0	16225.0	10782.0	24.6	37.0	38.9	50.2
2016-04-26	144328.0	1689.0	16863.0	127288.0	115126.0	13354.0	10342.0	26.6	36.4	41.5	50.3
2016-05-03	142466.0	443.0	15584.0	124195.0	113812.0	14339.0	9581.0	23.6	36.1	37.7	47.0
2016-05-10	131900.0	0.0	13719.0	113136.0	105481.0	15489.0	9425.0	25.1	33.1	40.2	48.9
2016-05-17	133221.0	631.0	14940.0	113030.0	106174.0	16540.0	9087.0	25.6	33.6	39.6	49.2
2016-05-24	136145.0	0.0	15913.0	114835.0	104394.0	17381.0	11909.0	24.2	31.8	38.7	47.3
2016-05-31	137146.0	0.0	15303.0	116713.0	106874.0	16381.0	10917.0	23.6	30.2	36.7	45.7
2016-06-07	124804.0	2864.0	11938.0	103954.0	100041.0	16572.0	11411.0	25.2	32.2	39.5	49.5
2016-06-14	121290.0	2592.0	11160.0	100800.0	101173.0	16434.0	7493.0	25.6	31.6	39.2	48.0
2016-06-21	120424.0	2372.0	9650.0	99583.0	100285.0	16757.0	8777.0	26.2	30.6	39.9	47.1
2016-06-28	120744.0	1441.0	9372.0	100666.0	99971.0	16305.0	9069.0	25.5	30.6	39.3	46.2
2016-07-05	118450.0	1383.0	6158.0	97156.0	99943.0	17552.0	9990.0	24.7	30.8	38.7	43.9
2016-07-12	106956.0	2084.0	1831.0	87587.0	94337.0	15649.0	9152.0	23.7	30.7	39.0	43.1
2016-07-19	110530.0	1286.0	1831.0	91659.0	97824.0	15765.0	9055.0	23.7	31.3	40.2	44.9
2016-07-26	115122.0	34.0	2142.0	96301.0	101517.0	15877.0	8553.0	23.3	28.7	38.9	41.2
2016-08-02	112422.0	1539.0	217.0	89076.0	100333.0	18883.0	8948.0	21.7	29.1	36.8	43.0
2016-08-09	103600.0	2943.0	0.0	83897.0	90835.0	15072.0	11077.0	21.6	29.1	37.9	44.0
2016-08-16	105388.0	1924.0	0.0	87936.0	94134.0	13760.0	9486.0	21.8	28.5	37.9	43.1
2016-08-23	108206.0	1329.0	0.0	90222.0	96099.0	14200.0	9652.0	22.9	28.9	37.8	45.9
2016-08-30	116751.0	975.0	4168.0	97775.0	100155.0	14798.0	9225.0	24.8	29.2	38.5	44.3
2016-09-06	105334.0	2608.0	868.0	85523.0	92389.0	16186.0	11060.0	24.2	32.1	39.3	47.6
2016-09-13	107419.0	2914.0	434.0	88718.0	94857.0	14938.0	11279.0	24.0	34.1	40.5	50.0
2016-09-20	110335.0	2657.0	248.0	95362.0	97879.0	10902.0	10794.0	24.0	31.1	39.8	48.3
2016-09-27	115469.0	2061.0	2769.0	100024.0	101216.0	12116.0	10216.0	24.5	34.3	40.1	47.7
2016-10-04	129545.0	595.0	2589.0	111968.0	113287.0	14850.0	11537.0	33.5	35.4	47.9	50.1
2016-10-11	121289.0	517.0	452.0	103508.0	106649.0	15499.0	12423.0	37.8	39.7	53.8	57.6
2016-10-18	124441.0	0.0	1933.0	108887.0	110532.0	14193.0	10615.0	38.8	40.2	55.2	57.4
2016-10-25	127549.0	0.0	4785.0	112398.0	111257.0	14154.0	10510.0	38.5	39.1	53.9	55.5
2016-11-01	132884.0	0.0	6647.0	117301.0	114850.0	14598.0	10402.0	37.6	40.3	53.1	55.6
2016-11-08	128748.0	0.0	2208.0	112475.0	114331.0	15198.0	11134.0	35.9	44.3	49.9	58.3
2016-11-15	130930.0	0.0	1405.0	115854.0	118026.0	13883.0	10306.0	37.4	45.6	51.5	59.4
2016-11-22	141854.0	2210.0	2671.0	125705.0	128629.0	12840.0	9455.0	34.8	41.5	47.6	56.7
2016-11-29	145487.0	2220.0	4119.0	128915.0	128848.0	12840.0	11008.0	33.8	39.9	46.4	55.2
2016-12-06	132356.0	0.0	1864.0	114581.0	118454.0	16204.0	10467.0	34.7	45.1	48.5	60.1
2016-12-13	131403.0	0.0	963.0	113422.0	117493.0	16290.0	11256.0	35.0	47.9	49.2	62.9
2016-12-20	132176.0	0.0	1134.0	114668.0	118447.0	16386.0	11473.0	35.1	48.7	50.2	63.6
2016-12-27	136830.0	0.0	2859.0	118590.0	120994.0	16758.0	11495.0	36.6	50.9	51.0	65.2
2017-01-03	140174.0	301.0	5086.0	121453.0	122455.0	17127.0	11340.0	36.7	48.9	50.8	64.2
2017-01-10	129706.0	0.0	1444.0	112052.0	116875.0	16122.0	9855.0	36.2	51.2	51.1	66.5
2017-01-17	133926.0	474.0	712.0	113643.0	121991.0	18553.0	9967.0	35.2	55.5	50.4	69.2
2017-01-24	140219.0	0.0	2272.0	123441.0	125961.0	14662.0	9870.0	36.5	55.1	51.0	70.0
2017-01-31	143672.0	23.0	3568.0	124821.0	128290.0	16834.0	9820.0	36.2	58.0	51.3	71.2
