2013-05-07	37468.0	8974.0	0.0	26588.0	36544.0	1906.0	924.0	58.4	61.4	73.3	81.4
2013-05-14	39268.0	9544.0	0.0	27668.0	38164.0	2056.0	1104.0	53.1	56.1	71.6	77.1
2013-05-21	44048.0	9694.0	0.0	32242.0	42674.0	2112.0	1374.0	42.5	51.3	58.9	67.4
2013-05-28	46572.0	10234.0	0.0	34286.0	45414.0	1932.0	1038.0	42.7	52.7	58.3	67.6
2013-06-11	33306.0	3720.0	0.0	28250.0	32458.0	1336.0	848.0	50.3	55.6	66.9	76.9
2013-06-18	37376.0	3720.0	0.0	32531.0	36218.0	1125.0	1158.0	47.6	48.5	70.1	71.9
2013-06-25	40538.0	4339.0	0.0	34611.0	38859.0	1588.0	1679.0	47.0	51.5	64.2	71.1
2013-07-02	40879.0	4432.0	0.0	33984.0	38956.0	2463.0	1923.0	46.6	51.1	64.3	71.4
2013-07-09	30247.0	620.0	0.0	28272.0	28804.0	1355.0	1443.0	68.9	58.8	84.5	79.0
2013-07-16	32696.0	651.0	651.0	30659.0	31187.0	1386.0	858.0	68.1	57.6	84.2	78.0
2013-07-23	41035.0	2015.0	31.0	37045.0	39216.0	1355.0	1168.0	68.4	60.2	82.9	79.6
2013-07-30	41498.0	2325.0	31.0	37043.0	39586.0	1510.0	1261.0	66.2	59.5	81.9	79.0
2013-08-06	28272.0	2274.0	0.0	24271.0	26856.0	1231.0	920.0	65.7	64.5	86.7	84.4
2013-08-13	28662.0	2694.0	0.0	24181.0	27246.0	1291.0	920.0	61.3	62.0	80.8	82.8
2013-08-20	29862.0	2994.0	0.0	24841.0	28236.0	1531.0	1130.0	56.6	60.9	76.9	80.6
2013-08-27	36852.0	2244.0	260.0	32764.0	34266.0	1038.0	1520.0	54.9	60.0	74.3	78.8
2013-09-03	38692.0	2244.0	260.0	34604.0	36106.0	1038.0	1520.0	57.2	61.9	75.6	79.8
2013-09-10	21859.0	1190.0	570.0	20003.0	20149.0	666.0	1140.0	49.9	62.5	74.4	82.0
2013-09-17	29951.0	1314.0	570.0	27847.0	28421.0	790.0	960.0	43.2	59.1	71.9	79.6
2013-09-24	37305.0	1321.0	360.0	34767.0	35651.0	1007.0	1084.0	46.5	60.1	72.7	76.6
2013-10-01	37336.0	1314.0	384.0	34767.0	35682.0	1069.0	1084.0	46.5	59.9	72.6	76.4
2013-10-08	24976.0	1313.0	0.0	22733.0	24666.0	930.0	310.0	53.4	71.9	75.3	84.3
2013-10-15	30148.0	1313.0	0.0	27815.0	29838.0	1020.0	310.0	47.3	70.4	76.0	84.3
2013-10-22	34680.0	1313.0	899.0	32227.0	33380.0	1109.0	370.0	44.8	66.9	75.0	80.8
2013-10-29	38443.0	1313.0	4589.0	35878.0	33423.0	1221.0	400.0	44.2	68.7	72.8	82.2
2013-11-05	23625.0	600.0	4620.0	22210.0	18435.0	815.0	570.0	62.2	77.6	85.8	88.8
2013-11-12	25883.0	600.0	4620.0	24464.0	20689.0	819.0	574.0	56.7	74.6	81.6	89.6
2013-11-19	29312.0	600.0	3814.0	26900.0	23932.0	1006.0	760.0	53.5	65.5	74.6	83.3
2013-11-26	29994.0	600.0	3039.0	26838.0	24643.0	975.0	731.0	51.7	62.2	70.9	78.4
2013-12-03	29994.0	600.0	3039.0	26838.0	24643.0	975.0	731.0	51.7	62.2	70.9	78.4
2013-12-10	21382.0	1581.0	0.0	18945.0	21041.0	856.0	341.0	57.6	75.3	83.7	89.9
2013-12-17	27067.0	3596.0	0.0	22646.0	26726.0	825.0	341.0	54.9	74.9	79.9	87.4
2013-12-24	30268.0	4030.0	0.0	25072.0	29524.0	1166.0	744.0	51.7	70.5	77.0	84.2
2014-01-07	22347.0	3039.0	0.0	18564.0	21708.0	744.0	639.0	56.3	74.7	80.3	92.4
2014-01-14	28170.0	3039.0	0.0	24129.0	27363.0	1002.0	807.0	59.5	75.1	84.5	91.4
2014-01-21	30592.0	3711.0	0.0	25795.0	29505.0	1086.0	1087.0	58.4	74.3	86.2	91.0
2014-01-28	33298.0	6153.0	0.0	25841.0	32664.0	1304.0	634.0	49.4	69.3	75.6	82.9
2014-02-04	35937.0	6153.0	0.0	28480.0	35303.0	1304.0	634.0	47.1	71.5	71.3	81.0
2014-02-11	26586.0	3611.0	0.0	21661.0	25998.0	1314.0	588.0	44.8	71.8	68.5	81.4
2014-02-18	30980.0	7206.0	0.0	23131.0	30504.0	643.0	476.0	38.4	66.3	59.5	78.9
2014-02-25	32375.0	7165.0	310.0	24477.0	31320.0	733.0	745.0	39.6	68.3	59.9	78.1
2014-03-04	32290.0	7165.0	310.0	23888.0	31235.0	1237.0	745.0	33.4	59.5	53.1	69.3
2014-03-11	24000.0	4403.0	310.0	19256.0	23132.0	341.0	558.0	41.5	69.9	70.4	80.6
2014-03-18	26076.0	4579.0	310.0	20792.0	25058.0	581.0	584.0	40.0	71.2	66.8	81.1
2014-03-25	33861.0	7910.0	310.0	25337.0	32183.0	490.0	1244.0	54.5	74.1	74.7	84.0
2014-04-01	34011.0	7880.0	310.0	25277.0	32243.0	730.0	1334.0	54.2	74.4	74.7	84.4
2014-04-08	23666.0	5336.0	0.0	17154.0	22034.0	1176.0	1632.0	56.4	78.7	84.7	89.8
2014-04-15	28463.0	5708.0	0.0	21086.0	26831.0	1669.0	1632.0	62.6	76.9	86.8	90.7
2014-04-22	33158.0	7630.0	620.0	24197.0	31262.0	1269.0	1214.0	52.8	76.5	80.3	88.8
2014-04-29	36433.0	8767.0	620.0	26696.0	35085.0	970.0	728.0	54.4	72.4	77.5	86.5
2014-05-06	25389.0	4295.0	620.0	20542.0	24335.0	552.0	434.0	56.0	67.2	85.4	85.4
2014-05-13	27995.0	4475.0	1348.0	22668.0	26213.0	852.0	434.0	57.9	66.8	84.0	87.2
2014-05-20	33965.0	6275.0	3868.0	26838.0	29759.0	852.0	338.0	61.0	62.3	82.1	83.9
2014-05-27	37250.0	7235.0	3868.0	28864.0	32802.0	1151.0	580.0	59.8	60.2	78.2	82.5
2014-06-03	41090.0	7235.0	5108.0	31836.0	35402.0	2019.0	580.0	59.0	60.9	76.0	82.1
2014-06-10	30697.0	3887.0	4426.0	24586.0	25877.0	2224.0	394.0	58.7	59.9	75.7	79.4
2014-06-17	35583.0	5747.0	4705.0	27823.0	30357.0	2013.0	521.0	56.8	61.2	73.5	77.8
2014-06-24	37195.0	6460.0	4891.0	28504.0	31876.0	2231.0	428.0	53.8	59.0	70.2	76.9
2014-07-01	37195.0	6429.0	4891.0	28411.0	31876.0	2355.0	428.0	53.9	59.1	70.3	77.0
2014-07-08	24900.0	3159.0	1891.0	19862.0	22761.0	1879.0	248.0	52.5	62.1	71.1	79.6
2014-07-15	27289.0	3407.0	1891.0	22003.0	25150.0	1879.0	248.0	49.0	57.7	69.5	74.4
2014-07-22	31966.0	3531.0	1519.0	26091.0	29579.0	1972.0	496.0	48.9	56.9	68.3	75.7
2014-07-29	35128.0	4647.0	1519.0	27734.0	32586.0	2375.0	651.0	49.1	59.4	66.6	77.2
2014-08-05	23638.0	2136.0	0.0	19844.0	23020.0	1658.0	618.0	39.5	62.0	64.2	81.4
2014-08-12	26458.0	2436.0	0.0	22546.0	25932.0	1476.0	526.0	42.3	65.2	67.4	82.5
2014-08-19	30338.0	3036.0	0.0	25736.0	29812.0	1566.0	526.0	44.1	68.6	62.7	80.7
2014-08-26	34130.0	4716.0	0.0	27668.0	33034.0	1746.0	1096.0	48.4	67.0	69.0	81.5
2014-09-02	35400.0	4964.0	492.0	28660.0	34145.0	1776.0	763.0	47.3	65.3	70.6	81.4
2014-09-09	23744.0	3877.0	678.0	18039.0	22436.0	1828.0	630.0	59.1	69.7	71.0	79.1
2014-09-16	26565.0	3939.0	957.0	20736.0	25098.0	1890.0	510.0	57.3	73.0	71.2	81.9
2014-09-23	30595.0	4001.0	0.0	24642.0	29650.0	1952.0	945.0	56.5	70.9	76.9	81.4
2014-09-30	32657.0	4684.0	0.0	25898.0	32173.0	2045.0	454.0	54.8	70.6	74.5	81.7
2014-10-07	20087.0	1984.0	0.0	16292.0	19500.0	1811.0	587.0	57.2	74.3	74.1	84.1
2014-10-14	24587.0	1984.0	1200.0	20732.0	22800.0	1871.0	587.0	47.0	53.9	60.8	67.0
2014-10-21	28367.0	2464.0	780.0	23732.0	26919.0	2171.0	668.0	44.1	51.5	56.5	62.2
2014-10-28	32447.0	2524.0	1918.0	27752.0	29679.0	2109.0	788.0	43.8	51.5	56.7	62.7
2014-11-04	32447.0	2524.0	2158.0	26884.0	29679.0	2977.0	548.0	43.8	51.5	56.7	65.4
2014-11-11	19644.0	480.0	2220.0	17462.0	17124.0	1702.0	300.0	69.3	67.2	83.9	86.7
2014-11-18	23767.0	480.0	2778.0	21395.0	20441.0	1892.0	548.0	63.5	63.1	81.2	84.1
2014-11-25	27692.0	976.0	3096.0	24309.0	23955.0	2407.0	641.0	60.7	58.9	80.3	79.7
2014-12-02	30296.0	1460.0	3096.0	26789.0	25179.0	2047.0	2021.0	60.3	55.3	77.7	72.3
2014-12-09	18056.0	980.0	1116.0	15228.0	16475.0	1848.0	465.0	51.4	57.2	69.8	73.3
2014-12-16	19668.0	980.0	1116.0	16468.0	17901.0	2220.0	651.0	46.9	57.7	66.2	74.6
2014-12-23	23140.0	980.0	837.0	19537.0	21280.0	2344.0	744.0	51.5	53.9	68.2	72.6
2014-12-30	23202.0	980.0	775.0	19537.0	21342.0	2344.0	744.0	51.4	54.0	68.0	72.7
2015-01-06	12504.0	825.0	0.0	9570.0	12194.0	2109.0	310.0	58.9	65.1	73.6	80.3
2015-01-13	13064.0	825.0	0.0	10018.0	12754.0	2221.0	310.0	55.5	64.9	71.2	79.4
2015-01-20	15724.0	825.0	0.0	12454.0	15106.0	2445.0	618.0	51.8	66.3	70.7	80.2
2015-01-27	18128.0	1142.0	0.0	15180.0	17625.0	1778.0	475.0	49.1	63.9	63.5	78.8
2015-02-03	21786.0	1142.0	0.0	18838.0	21283.0	1778.0	475.0	48.3	66.1	68.3	82.4
2015-02-10	16888.0	364.0	248.0	15006.0	16180.0	1518.0	460.0	64.3	65.7	80.4	86.7
2015-02-17	16733.0	364.0	248.0	14727.0	16149.0	1642.0	336.0	61.6	64.7	79.5	85.8
2015-02-24	18837.0	426.0	803.0	16463.0	17633.0	1948.0	401.0	60.8	64.6	79.3	87.7
2015-03-03	21210.0	364.0	865.0	18612.0	20056.0	2234.0	289.0	62.4	64.7	79.3	88.9
2015-03-17	19122.0	0.0	1347.0	17719.0	15021.0	1403.0	2754.0	59.3	58.7	83.7	79.5
2015-03-24	25544.0	0.0	1737.0	23992.0	20906.0	1552.0	2901.0	62.8	52.4	83.2	76.1
2015-03-31	26636.0	0.0	1737.0	25084.0	21998.0	1552.0	2901.0	60.3	53.7	81.1	75.0
2015-04-07	18049.0	0.0	900.0	16413.0	14558.0	1636.0	2591.0	61.4	52.0	82.4	70.8
2015-04-14	19847.0	0.0	900.0	18087.0	16356.0	1760.0	2591.0	61.3	51.4	84.9	75.0
2015-04-21	22978.0	0.0	1179.0	21888.0	21037.0	1090.0	762.0	58.9	51.5	83.1	73.6
2015-04-28	26380.0	0.0	1737.0	25317.0	24005.0	1063.0	638.0	53.0	52.4	78.1	71.9
2015-05-05	16000.0	0.0	837.0	14955.0	14915.0	1045.0	248.0	65.8	55.9	79.2	75.3
2015-05-12	18070.0	0.0	867.0	17485.0	16955.0	585.0	248.0	63.9	60.8	80.9	77.3
2015-05-19	21400.0	1580.0	587.0	18775.0	19895.0	735.0	608.0	50.3	57.1	73.0	75.3
2015-05-26	22720.0	2090.0	707.0	19828.0	20915.0	492.0	788.0	47.0	48.4	63.1	63.3
2015-06-02	22720.0	2090.0	707.0	18619.0	20915.0	1701.0	788.0	47.0	48.4	59.1	63.3
2015-06-09	16748.0	1160.0	2208.0	14108.0	12400.0	240.0	900.0	53.3	45.7	75.9	68.2
2015-06-16	22587.0	1780.0	3312.0	19447.0	17255.0	120.0	780.0	38.8	47.8	61.5	68.5
2015-06-23	28880.0	2685.0	3312.0	25306.0	24354.0	337.0	662.0	45.6	59.2	65.0	72.7
2015-06-30	29283.0	2685.0	3312.0	25309.0	24633.0	737.0	786.0	44.3	57.8	62.8	72.1
2015-07-07	22204.0	837.0	3684.0	20747.0	18334.0	620.0	186.0	46.4	65.6	69.2	82.2
2015-07-14	25583.0	1209.0	3684.0	23785.0	21713.0	589.0	186.0	48.4	62.0	73.2	76.7
2015-07-21	36354.0	1426.0	3498.0	34157.0	32391.0	740.0	434.0	58.7	55.3	79.7	73.2
2015-07-28	47954.0	3193.0	3498.0	43990.0	44115.0	771.0	341.0	56.0	61.9	78.5	79.9
2015-08-04	48254.0	3193.0	3498.0	44290.0	44415.0	771.0	341.0	56.0	61.6	78.2	79.2
2015-08-11	36360.0	2356.0	2010.0	33699.0	34195.0	305.0	155.0	54.5	58.1	72.8	78.9
2015-08-18	37320.0	2416.0	2010.0	34299.0	35155.0	605.0	155.0	50.9	60.5	72.9	82.1
2015-08-25	43528.0	2776.0	2010.0	40357.0	41243.0	395.0	275.0	50.2	60.7	72.3	79.2
2015-09-01	44298.0	2746.0	2010.0	41126.0	42013.0	426.0	275.0	50.1	61.0	72.4	79.2
2015-09-08	24241.0	210.0	1080.0	23491.0	22921.0	540.0	240.0	60.8	60.4	83.5	85.6
2015-09-15	30379.0	0.0	1242.0	29629.0	28687.0	540.0	240.0	59.3	65.9	86.4	86.1
2015-09-22	35730.0	490.0	1831.0	34391.0	33449.0	639.0	240.0	57.2	67.2	82.2	84.8
2015-09-29	38086.0	738.0	2079.0	36650.0	35464.0	488.0	333.0	52.4	65.0	81.3	83.6
2015-10-06	24256.0	558.0	1209.0	23326.0	22954.0	372.0	93.0	53.9	59.2	78.7	84.8
2015-10-13	27316.0	558.0	1209.0	26386.0	26014.0	372.0	93.0	52.2	53.3	72.1	76.1
2015-10-20	27894.0	558.0	1359.0	26784.0	26442.0	552.0	93.0	54.1	58.9	78.5	81.7
2015-10-27	32112.0	558.0	1269.0	31002.0	30569.0	552.0	274.0	51.5	63.3	77.7	80.3
2015-11-03	33536.0	310.0	1329.0	32426.0	31933.0	800.0	274.0	49.7	56.9	74.7	76.4
2015-11-10	19028.0	0.0	0.0	18337.0	18758.0	691.0	270.0	65.2	62.1	85.2	76.6
2015-11-17	21229.0	0.0	1488.0	20377.0	19351.0	852.0	390.0	66.3	56.6	86.0	73.4
2015-11-24	25011.0	0.0	3344.0	24675.0	21149.0	336.0	518.0	63.6	50.8	82.1	67.1
2015-12-01	25073.0	0.0	3437.0	24675.0	21118.0	398.0	518.0	63.4	50.2	81.5	66.5
2015-12-08	18315.0	0.0	3317.0	18067.0	14750.0	248.0	248.0	76.9	56.0	90.1	76.5
2015-12-15	21663.0	0.0	3317.0	21353.0	17912.0	310.0	434.0	73.4	51.7	86.8	71.8
2015-12-22	22965.0	0.0	3193.0	22717.0	19276.0	124.0	372.0	68.4	51.5	83.0	69.2
2015-12-29	24391.0	0.0	3131.0	23802.0	20578.0	403.0	496.0	59.0	48.4	73.5	63.8
2016-01-05	25335.0	0.0	3131.0	24746.0	21522.0	403.0	496.0	59.7	47.6	74.5	63.8
2016-01-12	21480.0	0.0	0.0	20767.0	21174.0	713.0	306.0	51.7	64.3	73.1	78.7
2016-01-19	25976.0	0.0	0.0	25147.0	25670.0	829.0	306.0	41.1	55.4	63.8	73.2
2016-01-26	31051.0	1015.0	0.0	29306.0	30484.0	730.0	567.0	41.1	56.5	62.6	73.4
2016-02-02	40399.0	1015.0	0.0	38654.0	39832.0	730.0	567.0	45.7	51.6	67.2	74.5
2016-02-09	37817.0	1015.0	0.0	36003.0	37498.0	799.0	319.0	61.2	50.9	74.1	77.4
2016-02-16	42612.0	1015.0	343.0	40647.0	41708.0	921.0	532.0	63.0	48.2	73.9	73.3
2016-02-23	46986.0	1015.0	1226.0	44618.0	45137.0	1324.0	594.0	64.4	45.5	72.6	70.8
2016-03-01	49626.0	1015.0	2395.0	47258.0	46608.0	1324.0	594.0	66.2	45.6	73.6	69.5
2016-03-15	40337.0	0.0	1944.0	39022.0	37785.0	1315.0	608.0	81.6	53.4	87.8	83.3
2016-03-22	41447.0	0.0	1944.0	40163.0	39198.0	1284.0	305.0	79.8	51.0	87.6	80.4
2016-03-29	43937.0	0.0	1794.0	42262.0	41566.0	1675.0	577.0	77.7	51.1	87.6	80.6
2016-04-05	36807.0	0.0	1050.0	35752.0	35304.0	1055.0	453.0	79.0	50.3	91.7	82.8
2016-04-12	49035.0	0.0	1050.0	47164.0	47532.0	1871.0	453.0	46.6	38.4	65.0	64.9
2016-04-19	49159.0	0.0	1050.0	47226.0	47656.0	1933.0	453.0	46.0	38.3	64.3	64.2
2016-04-26	54367.0	651.0	1666.0	51654.0	52242.0	2062.0	459.0	38.3	41.1	57.9	61.0
2016-05-03	56299.0	651.0	1306.0	54341.0	54174.0	1307.0	819.0	38.2	39.3	58.7	60.2
2016-05-10	42679.0	651.0	496.0	41021.0	41784.0	1007.0	399.0	39.8	33.8	53.5	52.3
2016-05-17	47893.0	1603.0	608.0	44431.0	46638.0	1611.0	399.0	36.7	32.8	49.9	52.8
2016-05-24	50323.0	2113.0	758.0	45485.0	48918.0	2477.0	399.0	38.5	35.3	51.1	55.4
2016-05-31	51777.0	1543.0	758.0	47659.0	50372.0	2327.0	399.0	40.2	34.8	52.9	56.5
2016-06-07	40063.0	1452.0	480.0	36203.0	38798.0	2408.0	785.0	49.1	45.8	63.6	67.2
2016-06-14	45999.0	4180.0	449.0	39436.0	44734.0	2352.0	785.0	48.1	51.3	64.4	70.9
2016-06-21	50509.0	5761.0	449.0	42179.0	48876.0	2538.0	1153.0	43.4	51.1	60.8	68.7
2016-06-28	52768.0	4153.0	914.0	45978.0	51580.0	2637.0	274.0	41.6	49.3	58.6	65.4
2016-07-05	53388.0	4153.0	914.0	46234.0	52200.0	3001.0	274.0	41.7	49.9	58.5	65.2
2016-07-12	40770.0	3193.0	434.0	35888.0	39968.0	1689.0	368.0	49.1	62.7	71.2	79.8
2016-07-19	45885.0	3596.0	434.0	40569.0	45207.0	1720.0	244.0	44.9	52.6	63.2	72.6
2016-07-26	49946.0	5394.0	434.0	42491.0	49020.0	2061.0	492.0	39.1	56.5	62.1	73.7
2016-08-02	50380.0	3534.0	434.0	42801.0	49299.0	4045.0	647.0	38.8	56.9	61.5	73.9
2016-08-09	39946.0	2410.0	0.0	35797.0	39392.0	1739.0	554.0	43.7	56.2	66.8	76.9
2016-08-16	44184.0	3868.0	0.0	38697.0	43630.0	1619.0	554.0	42.1	57.7	66.0	76.2
2016-08-23	45024.0	4828.0	0.0	38367.0	44470.0	1829.0	554.0	36.2	56.9	60.1	70.9
2016-08-30	47586.0	5620.0	0.0	40317.0	47032.0	1649.0	554.0	35.1	55.2	58.5	72.1
2016-09-06	34473.0	3332.0	0.0	29781.0	33628.0	1360.0	845.0	47.9	64.8	71.3	82.2
2016-09-13	36643.0	4666.0	0.0	30797.0	35798.0	1180.0	845.0	47.5	67.1	70.9	80.7
2016-09-20	40755.0	4540.0	0.0	33795.0	40574.0	2420.0	181.0	44.5	64.2	68.6	78.0
2016-09-27	41185.0	4778.0	279.0	34074.0	40663.0	2333.0	243.0	42.1	62.3	70.2	82.4
2016-10-04	41905.0	4898.0	0.0	34674.0	41662.0	2333.0	243.0	41.7	63.0	70.7	82.7
2016-10-11	33475.0	3818.0	0.0	25989.0	33262.0	3668.0	213.0	49.2	65.4	73.9	83.4
2016-10-18	36835.0	3938.0	0.0	29169.0	36622.0	3728.0	213.0	45.5	66.6	67.9	81.9
2016-10-25	40678.0	4208.0	0.0	33716.0	40375.0	2754.0	303.0	38.0	60.9	60.6	78.9
2016-11-01	40918.0	4456.0	0.0	33588.0	40615.0	2874.0	303.0	37.3	60.8	59.8	78.9
2016-11-08	29358.0	2906.0	0.0	24369.0	28816.0	2083.0	542.0	43.0	58.3	61.1	75.0
2016-11-15	30226.0	3278.0	0.0	24710.0	29985.0	2238.0	241.0	42.0	54.6	62.0	74.4
2016-11-22	33822.0	3991.0	0.0	27364.0	33426.0	2467.0	396.0	36.1	54.4	56.4	74.0
2016-11-29	33853.0	3991.0	0.0	27488.0	33395.0	2374.0	458.0	36.2	54.2	56.5	73.8
2016-12-06	20073.0	1991.0	0.0	15461.0	19549.0	2621.0	524.0	40.0	63.3	65.2	85.8
2016-12-13	20104.0	2127.0	0.0	15325.0	19642.0	2652.0	462.0	40.8	65.2	66.8	87.7
2016-12-20	21189.0	2015.0	0.0	16435.0	20631.0	2739.0	558.0	41.0	64.3	68.2	87.6
2016-12-27	22834.0	2232.0	0.0	17336.0	22121.0	3266.0	713.0	42.2	65.2	67.8	86.0
2017-01-03	23668.0	2573.0	0.0	17860.0	22924.0	3111.0	620.0	42.5	69.1	69.0	87.6
2017-01-10	15701.0	1302.0	0.0	12019.0	14845.0	2380.0	856.0	48.7	77.9	72.4	89.3
2017-01-17	15629.0	1302.0	0.0	11879.0	14717.0	2448.0	912.0	48.0	79.1	71.9	90.5
2017-01-24	15797.0	1358.0	0.0	12131.0	14735.0	2308.0	1062.0	44.5	68.3	67.0	83.0
2017-01-31	16954.0	1638.0	336.0	14190.0	15506.0	1070.0	1056.0	41.2	65.1	62.8	78.6
