2013-05-07	58847.0	279.0	0.0	56693.0	57119.0	1875.0	1728.0	55.0	64.2	71.3	74.0
2013-05-14	58847.0	279.0	0.0	56693.0	56969.0	1875.0	1878.0	54.9	64.8	71.2	74.6
2013-05-21	58967.0	279.0	0.0	56813.0	57121.0	1875.0	1846.0	54.8	63.3	70.5	73.0
2013-05-28	60647.0	279.0	0.0	58495.0	58656.0	1873.0	1991.0	52.7	62.7	69.3	72.3
2013-06-11	55088.0	0.0	0.0	53438.0	53504.0	1650.0	1584.0	56.0	65.3	70.7	73.6
2013-06-18	55088.0	0.0	0.0	53438.0	53504.0	1650.0	1584.0	56.0	65.3	70.7	73.6
2013-06-25	57723.0	0.0	372.0	56131.0	55581.0	1592.0	1770.0	52.9	64.3	68.0	73.3
2013-07-02	58033.0	0.0	589.0	56069.0	54952.0	1964.0	2492.0	52.6	62.6	67.9	71.6
2013-07-09	51433.0	0.0	589.0	49645.0	49612.0	1788.0	1232.0	58.9	68.1	72.3	76.3
2013-07-16	51433.0	0.0	589.0	49645.0	49612.0	1788.0	1232.0	58.9	68.5	72.3	76.6
2013-07-23	52289.0	0.0	589.0	50352.0	50220.0	1937.0	1480.0	55.3	68.5	69.7	76.0
2013-07-30	55885.0	0.0	589.0	54409.0	54366.0	1476.0	930.0	51.8	64.5	68.6	73.5
2013-08-06	48290.0	0.0	0.0	46696.0	47577.0	1594.0	713.0	59.9	68.5	72.4	76.4
2013-08-13	48290.0	0.0	0.0	46696.0	47577.0	1594.0	713.0	59.9	68.5	72.4	76.4
2013-08-20	49040.0	904.0	0.0	46486.0	48147.0	1650.0	893.0	59.1	68.0	71.7	75.8
2013-08-27	51590.0	1624.0	0.0	48556.0	50732.0	1410.0	858.0	54.4	57.4	66.5	66.2
2013-09-03	52040.0	1294.0	0.0	49066.0	51182.0	1680.0	858.0	53.6	56.4	66.0	65.7
2013-09-10	43546.0	840.0	0.0	41216.0	42822.0	1490.0	724.0	62.6	61.6	68.6	70.4
2013-09-17	45499.0	840.0	0.0	43165.0	44651.0	1494.0	848.0	59.6	59.8	65.2	66.1
2013-09-24	47576.0	964.0	282.0	45267.0	46259.0	1255.0	945.0	52.2	54.8	59.0	61.5
2013-10-01	47948.0	1212.0	282.0	45699.0	46476.0	947.0	1100.0	51.6	53.8	59.1	60.6
2013-10-08	39938.0	372.0	372.0	38642.0	38885.0	924.0	681.0	69.5	69.0	75.0	76.3
2013-10-15	41558.0	372.0	372.0	40202.0	40566.0	984.0	620.0	68.6	67.0	73.9	75.3
2013-10-22	43658.0	372.0	792.0	42122.0	42246.0	1164.0	620.0	69.8	64.6	75.0	72.9
2013-10-29	46028.0	820.0	792.0	44350.0	44406.0	796.0	768.0	64.1	60.2	71.0	68.6
2013-11-05	41572.0	510.0	420.0	39602.0	40822.0	1460.0	330.0	69.7	62.1	81.2	79.9
2013-11-12	42378.0	510.0	420.0	40408.0	41628.0	1460.0	330.0	69.5	60.8	80.3	78.2
2013-11-19	42564.0	417.0	420.0	40594.0	41721.0	1460.0	330.0	69.1	60.3	80.1	77.7
2013-11-26	46966.0	1316.0	1784.0	44035.0	44228.0	1584.0	923.0	61.1	51.9	74.5	69.5
2013-12-03	46966.0	1316.0	1784.0	44035.0	44228.0	1584.0	923.0	61.1	51.9	74.5	69.5
2013-12-10	40707.0	837.0	1364.0	38425.0	38568.0	1445.0	775.0	70.0	57.8	78.6	75.7
2013-12-17	40509.0	837.0	1364.0	38692.0	38370.0	980.0	775.0	67.0	57.8	76.6	75.8
2013-12-24	43578.0	1085.0	1364.0	42152.0	40881.0	310.0	1302.0	62.0	54.0	73.7	71.5
2014-01-07	37304.0	279.0	0.0	35369.0	36529.0	1656.0	775.0	71.5	62.4	82.2	82.8
2014-01-14	41808.0	279.0	0.0	39817.0	40921.0	1712.0	887.0	75.1	62.3	84.0	84.4
2014-01-21	42628.0	1991.0	0.0	38813.0	41573.0	1824.0	1055.0	73.7	61.3	85.6	85.2
2014-01-28	44308.0	2047.0	0.0	40017.0	42973.0	2244.0	1335.0	70.0	58.2	81.7	82.3
2014-02-04	44868.0	2047.0	0.0	40773.0	43853.0	2048.0	1015.0	68.7	57.4	81.5	81.2
2014-02-11	41688.0	2624.0	0.0	36773.0	41184.0	2291.0	504.0	72.6	57.4	85.5	84.4
2014-02-18	42308.0	2624.0	0.0	37238.0	41618.0	2446.0	690.0	72.4	54.8	85.3	81.9
2014-02-25	44075.0	2934.0	0.0	39124.0	43370.0	2017.0	705.0	67.7	59.8	81.2	81.2
2014-03-04	44292.0	2934.0	0.0	39518.0	42909.0	1840.0	1383.0	67.4	59.0	80.8	80.1
2014-03-11	39864.0	2878.0	0.0	35299.0	39306.0	1687.0	558.0	74.3	63.9	85.0	85.7
2014-03-18	40810.0	2878.0	0.0	36245.0	40252.0	1687.0	558.0	74.3	64.8	84.8	86.1
2014-03-25	45868.0	5550.0	0.0	37696.0	44792.0	2622.0	1076.0	73.9	64.0	83.2	85.1
2014-04-01	46866.0	5670.0	0.0	38328.0	45672.0	2868.0	1194.0	72.0	64.4	82.0	84.2
2014-04-08	41534.0	5980.0	0.0	32664.0	40686.0	2890.0	848.0	80.1	67.1	88.5	90.0
2014-04-15	42026.0	5980.0	0.0	33156.0	41178.0	2890.0	848.0	80.3	67.6	88.6	91.6
2014-04-22	42026.0	4771.0	0.0	34545.0	41142.0	2710.0	884.0	77.4	63.3	86.5	87.3
2014-04-29	43638.0	5918.0	0.0	34638.0	42599.0	3082.0	1039.0	73.1	60.3	82.5	82.5
2014-05-06	37284.0	4238.0	0.0	30587.0	36545.0	2459.0	739.0	75.7	63.5	84.7	84.8
2014-05-13	37794.0	4238.0	0.0	31011.0	36965.0	2545.0	829.0	74.7	62.5	83.5	84.8
2014-05-20	38936.0	3518.0	0.0	32966.0	38047.0	2332.0	769.0	71.0	59.6	80.3	83.9
2014-05-27	40916.0	3278.0	0.0	34892.0	39457.0	2386.0	1099.0	67.7	57.0	75.5	80.5
2014-06-03	41906.0	2798.0	0.0	34496.0	39967.0	3772.0	1099.0	67.5	58.7	75.2	82.2
2014-06-10	36543.0	1620.0	0.0	31315.0	34947.0	2768.0	756.0	70.2	65.1	78.0	82.6
2014-06-17	36977.0	1620.0	0.0	31625.0	35257.0	2892.0	880.0	69.4	65.4	75.8	81.5
2014-06-24	41960.0	1620.0	0.0	35775.0	40328.0	3725.0	792.0	61.2	64.4	72.4	78.2
2014-07-01	44027.0	1775.0	0.0	38357.0	42116.0	3055.0	1071.0	58.6	64.8	70.3	78.0
2014-07-08	49947.0	2615.0	0.0	44967.0	49050.0	2365.0	897.0	69.4	73.5	78.1	86.6
2014-07-15	52107.0	2615.0	186.0	46822.0	50962.0	2608.0	897.0	66.5	73.4	77.1	86.0
2014-07-22	53471.0	2615.0	186.0	48983.0	52543.0	1811.0	680.0	64.6	72.0	75.6	84.2
2014-07-29	55269.0	2367.0	0.0	50967.0	54186.0	1935.0	1083.0	63.3	71.4	75.4	84.9
2014-08-05	44822.0	1468.0	0.0	42225.0	44018.0	1129.0	804.0	72.3	73.3	83.9	87.1
2014-08-12	45182.0	1468.0	0.0	42585.0	44378.0	1129.0	804.0	72.3	73.4	84.0	87.2
2014-08-19	45782.0	1468.0	0.0	43005.0	44978.0	1309.0	804.0	71.0	73.0	82.6	86.8
2014-08-26	50252.0	2038.0	0.0	46575.0	49212.0	1639.0	1040.0	69.0	64.4	81.1	81.1
2014-09-02	50732.0	2038.0	0.0	47175.0	49538.0	1519.0	1194.0	68.6	64.6	80.6	81.1
2014-09-09	40905.0	1790.0	0.0	37999.0	40393.0	1116.0	512.0	77.2	67.6	84.7	86.2
2014-09-16	40905.0	1790.0	0.0	37999.0	40393.0	1116.0	512.0	77.2	67.6	84.7	86.2
2014-09-23	36694.0	2038.0	0.0	33600.0	36176.0	1056.0	518.0	64.3	70.7	78.4	85.8
2014-09-30	40104.0	1914.0	0.0	37071.0	39462.0	1119.0	642.0	67.5	70.5	81.4	86.8
2014-10-07	30174.0	744.0	0.0	28516.0	29802.0	914.0	372.0	74.6	82.6	86.7	89.6
2014-10-14	30722.0	744.0	0.0	29064.0	30412.0	914.0	310.0	73.2	80.1	86.0	87.5
2014-10-21	30962.0	744.0	0.0	29244.0	30532.0	974.0	430.0	72.5	78.5	85.3	86.1
2014-10-28	35954.0	984.0	0.0	33606.0	35436.0	1364.0	518.0	65.3	63.3	78.5	79.3
2014-11-04	36136.0	210.0	0.0	33293.0	35618.0	2633.0	518.0	61.5	63.1	74.8	79.7
2014-11-18	29602.0	210.0	0.0	26687.0	27730.0	2705.0	1872.0	67.5	63.4	76.1	79.7
2014-11-25	31016.0	210.0	0.0	27882.0	29834.0	2924.0	1182.0	67.3	62.9	76.8	78.5
2014-12-02	31016.0	210.0	0.0	27072.0	29834.0	3734.0	1182.0	65.5	62.9	75.0	78.5
2014-12-09	26967.0	0.0	0.0	24635.0	26347.0	2332.0	620.0	72.1	66.8	81.6	83.1
2014-12-16	28803.0	0.0	0.0	26068.0	27693.0	2735.0	1110.0	69.0	59.4	77.2	76.4
2014-12-23	30614.0	0.0	0.0	27792.0	29516.0	2822.0	1098.0	65.8	58.6	76.6	74.9
2014-12-30	32186.0	0.0	0.0	29240.0	31119.0	2946.0	1067.0	64.7	57.4	74.9	73.5
2015-01-06	27153.0	0.0	0.0	24935.0	26179.0	2218.0	974.0	68.8	60.9	79.8	80.4
2015-01-13	27349.0	0.0	0.0	25233.0	26375.0	2116.0	974.0	67.9	60.9	78.9	80.2
2015-01-20	30953.0	0.0	0.0	28893.0	29951.0	2060.0	1002.0	58.1	65.9	71.5	76.2
2015-01-27	34709.0	0.0	448.0	32098.0	33078.0	2611.0	1183.0	55.4	63.9	71.3	74.1
2015-02-03	41101.0	0.0	392.0	37442.0	39554.0	3659.0	1155.0	61.3	57.8	72.4	76.3
2015-02-10	40074.0	0.0	392.0	38002.0	39178.0	2072.0	504.0	71.1	57.5	76.0	78.2
2015-02-17	40353.0	0.0	392.0	38250.0	39364.0	2103.0	597.0	70.0	57.1	76.2	78.1
2015-02-24	44166.0	0.0	268.0	41729.0	42942.0	2065.0	584.0	64.8	58.2	72.7	80.2
2015-03-03	44941.0	228.0	248.0	41641.0	43779.0	2680.0	522.0	63.7	57.4	71.9	80.5
2015-03-10	40225.0	620.0	248.0	38402.0	39516.0	1203.0	461.0	66.0	64.7	79.7	86.5
2015-03-17	40405.0	620.0	248.0	38582.0	39696.0	1203.0	461.0	65.7	64.4	79.3	86.6
2015-03-24	41695.0	620.0	248.0	39932.0	41051.0	1143.0	396.0	64.2	63.4	77.5	86.4
2015-03-31	44155.0	620.0	248.0	42033.0	43301.0	1502.0	606.0	59.1	63.8	73.9	82.5
2015-04-07	40422.0	0.0	0.0	37712.0	39822.0	2710.0	600.0	61.9	59.1	74.4	83.1
2015-04-14	40484.0	0.0	0.0	38142.0	39086.0	2342.0	1398.0	61.8	59.0	74.4	81.2
2015-04-21	40895.0	0.0	0.0	39289.0	40047.0	1606.0	848.0	61.4	60.2	73.8	82.7
2015-04-28	51184.0	0.0	465.0	49082.0	49375.0	2102.0	1344.0	52.2	67.3	76.4	84.5
2015-05-05	45976.0	0.0	465.0	43551.0	44736.0	2425.0	775.0	57.6	70.0	81.3	88.0
2015-05-12	46276.0	240.0	465.0	43671.0	45036.0	2365.0	775.0	57.2	70.0	80.8	88.0
2015-05-19	50386.0	0.0	465.0	47751.0	49086.0	2635.0	835.0	54.1	67.8	79.6	88.9
2015-05-26	51646.0	0.0	855.0	49227.0	50268.0	2419.0	523.0	55.6	66.0	77.5	85.6
2015-06-02	53436.0	0.0	855.0	51017.0	51630.0	2419.0	951.0	54.3	68.9	77.9	87.8
2015-06-09	47236.0	0.0	390.0	44800.0	46426.0	2436.0	420.0	54.2	73.6	77.3	87.9
2015-06-16	47639.0	0.0	390.0	45110.0	46705.0	2529.0	544.0	53.7	73.0	77.3	87.7
2015-06-23	52659.0	0.0	1940.0	50406.0	50171.0	2253.0	548.0	52.8	66.3	76.3	83.6
2015-06-30	54172.0	0.0	2591.0	51392.0	50971.0	2780.0	610.0	50.7	66.4	74.4	83.0
2015-07-07	43762.0	0.0	2201.0	40902.0	41189.0	2860.0	372.0	50.8	67.6	76.3	82.3
2015-07-14	43886.0	0.0	2201.0	41088.0	41313.0	2798.0	372.0	51.1	67.7	76.5	82.4
2015-07-21	44904.0	0.0	2201.0	41708.0	42207.0	3196.0	496.0	52.7	68.5	75.3	82.9
2015-07-28	49282.0	0.0	3286.0	45650.0	44694.0	3136.0	806.0	48.9	65.4	69.8	83.4
2015-08-04	52489.0	0.0	3286.0	48857.0	47715.0	3136.0	992.0	46.2	66.6	73.6	84.2
2015-08-11	42535.0	496.0	1581.0	39862.0	40179.0	2177.0	775.0	45.7	64.8	74.1	83.7
2015-08-18	46805.0	496.0	1581.0	44132.0	44449.0	2177.0	775.0	49.0	63.8	72.8	82.4
2015-08-25	49175.0	2116.0	2121.0	44792.0	46223.0	2267.0	831.0	46.5	60.6	70.8	80.0
2015-09-01	50913.0	2476.0	2121.0	45902.0	47541.0	2535.0	1251.0	47.5	59.2	69.3	78.0
2015-09-08	39598.0	1980.0	540.0	35920.0	38398.0	1698.0	660.0	49.8	60.5	72.8	77.7
2015-09-15	40112.0	1980.0	540.0	36434.0	38788.0	1698.0	784.0	50.1	59.7	72.9	77.4
2015-09-22	42914.0	1980.0	540.0	38991.0	41743.0	1943.0	631.0	46.8	60.4	70.8	76.1
2015-09-29	48539.0	2476.0	540.0	44393.0	46252.0	1670.0	1747.0	42.1	58.9	67.0	72.7
2015-10-06	40468.0	496.0	0.0	38842.0	39011.0	1130.0	1457.0	47.1	61.6	68.3	76.1
2015-10-13	41076.0	496.0	0.0	39450.0	39619.0	1130.0	1457.0	46.7	61.6	68.1	75.9
2015-10-20	42586.0	496.0	0.0	40900.0	40983.0	1190.0	1603.0	46.5	59.6	67.8	74.0
2015-10-27	50157.0	916.0	300.0	47841.0	48022.0	1400.0	1835.0	43.4	58.1	66.1	72.7
2015-11-03	50871.0	856.0	300.0	48981.0	49222.0	1034.0	1349.0	42.8	59.3	64.9	71.6
2015-11-10	41435.0	360.0	300.0	38612.0	40133.0	2463.0	1002.0	45.2	63.8	69.6	72.0
2015-11-17	41075.0	360.0	300.0	38436.0	39680.0	2279.0	1095.0	47.1	65.3	71.6	74.0
2015-11-24	47593.0	360.0	796.0	44551.0	45485.0	2682.0	1312.0	47.2	69.0	73.1	77.3
2015-12-01	47531.0	360.0	796.0	44489.0	45423.0	2682.0	1312.0	47.6	69.2	73.5	77.6
2015-12-08	40233.0	0.0	496.0	38394.0	38447.0	1839.0	1290.0	53.3	75.6	76.2	80.3
2015-12-15	40574.0	0.0	496.0	38735.0	39431.0	1839.0	647.0	52.7	74.9	75.9	80.7
2015-12-22	48742.0	0.0	806.0	46444.0	46789.0	2298.0	1147.0	61.6	76.9	80.2	81.8
2015-12-29	49672.0	0.0	899.0	47250.0	47843.0	2422.0	930.0	60.4	76.3	78.6	81.6
2016-01-05	49672.0	0.0	310.0	47281.0	47843.0	2391.0	1519.0	60.4	76.3	78.6	81.6
2016-01-12	41010.0	0.0	310.0	39180.0	39646.0	1830.0	1054.0	70.1	82.8	85.7	88.6
2016-01-19	40923.0	0.0	635.0	38912.0	39327.0	2011.0	961.0	69.1	83.0	84.5	88.8
2016-01-26	47141.0	0.0	1534.0	45862.0	44724.0	1279.0	883.0	61.3	75.0	80.2	86.2
2016-02-02	47616.0	0.0	1276.0	46250.0	45112.0	1366.0	1228.0	61.4	75.5	80.8	86.0
2016-02-09	42446.0	0.0	1276.0	40875.0	40586.0	1571.0	584.0	69.6	75.6	86.3	90.0
2016-02-16	43091.0	0.0	1276.0	41334.0	41293.0	1757.0	522.0	69.1	74.5	86.6	91.4
2016-02-23	49091.0	0.0	1276.0	46658.0	46950.0	2433.0	865.0	67.0	77.4	84.4	93.6
2016-03-01	50390.0	0.0	1276.0	47802.0	48721.0	2588.0	393.0	65.6	76.4	83.4	92.4
2016-03-08	48160.0	0.0	0.0	46405.0	47420.0	1755.0	740.0	61.7	80.3	87.3	95.2
2016-03-15	49704.0	0.0	0.0	47829.0	48964.0	1875.0	740.0	65.2	79.7	90.0	94.9
2016-03-22	61034.0	0.0	0.0	58669.0	60204.0	2365.0	830.0	62.8	78.9	86.5	95.6
2016-03-29	65920.0	0.0	960.0	63349.0	63950.0	2571.0	1010.0	58.8	77.5	83.7	92.8
2016-04-05	59177.0	0.0	960.0	57045.0	57579.0	2132.0	638.0	66.5	80.6	89.9	94.4
2016-04-12	60231.0	0.0	960.0	58099.0	58633.0	2132.0	638.0	66.3	79.2	90.0	95.2
2016-04-19	60355.0	0.0	1208.0	58223.0	58509.0	2132.0	638.0	68.0	77.8	90.3	94.8
2016-04-26	62966.0	0.0	1208.0	60617.0	60963.0	2349.0	795.0	63.2	76.6	86.0	93.2
2016-05-03	63214.0	0.0	1208.0	60927.0	61180.0	2287.0	826.0	63.0	76.6	86.0	92.9
2016-05-10	53570.0	0.0	248.0	51478.0	52524.0	2092.0	798.0	61.7	76.9	87.3	95.3
2016-05-17	53807.0	0.0	248.0	52087.0	53191.0	1720.0	368.0	60.3	75.6	86.7	94.2
2016-05-24	55225.0	0.0	248.0	53883.0	54703.0	1342.0	274.0	58.5	73.3	85.0	92.4
2016-05-31	56245.0	0.0	818.0	54168.0	55089.0	2077.0	338.0	57.5	73.5	83.3	90.9
2016-06-07	45968.0	0.0	480.0	44480.0	45308.0	1488.0	180.0	57.2	73.9	81.8	90.8
2016-06-14	45906.0	0.0	480.0	44418.0	45246.0	1488.0	180.0	55.0	74.2	79.4	89.5
2016-06-21	47363.0	0.0	914.0	45937.0	46269.0	1426.0	180.0	54.9	70.6	79.1	87.3
2016-06-28	48882.0	217.0	1255.0	47321.0	47323.0	1344.0	304.0	53.6	68.7	76.3	84.0
2016-07-05	48913.0	217.0	1255.0	46087.0	47354.0	2609.0	304.0	52.8	68.7	74.6	83.9
2016-07-12	39505.0	217.0	1240.0	37841.0	38017.0	1447.0	248.0	56.2	69.0	79.5	85.7
2016-07-19	39629.0	217.0	1240.0	37841.0	38141.0	1571.0	248.0	55.5	66.8	78.8	85.4
2016-07-26	42636.0	217.0	1209.0	41154.0	41365.0	1265.0	62.0	53.0	64.4	74.1	82.9
2016-08-02	47790.0	217.0	1209.0	45347.0	46209.0	2226.0	372.0	49.1	62.2	70.7	79.1
2016-08-09	39275.0	0.0	434.0	38382.0	38657.0	893.0	184.0	48.3	63.1	75.4	80.2
2016-08-16	41328.0	0.0	434.0	40435.0	40710.0	893.0	184.0	47.9	63.6	74.6	79.2
2016-08-23	41478.0	0.0	434.0	40439.0	40860.0	1039.0	184.0	48.0	63.6	72.1	79.0
2016-08-30	48877.0	330.0	434.0	47692.0	48199.0	855.0	244.0	49.7	63.3	71.7	80.6
2016-09-06	38205.0	330.0	0.0	36995.0	38023.0	880.0	182.0	52.6	66.0	77.5	84.7
2016-09-13	38199.0	330.0	0.0	36989.0	38017.0	880.0	182.0	52.9	64.9	76.7	86.5
2016-09-20	38261.0	330.0	0.0	36927.0	38079.0	1004.0	182.0	52.7	66.7	78.5	88.9
2016-09-27	40493.0	423.0	0.0	38296.0	39691.0	1774.0	802.0	48.3	66.3	72.6	86.5
2016-10-04	40338.0	423.0	0.0	37526.0	39846.0	2389.0	492.0	48.0	66.6	71.7	86.9
2016-10-11	31278.0	0.0	0.0	30596.0	29967.0	682.0	1311.0	53.3	70.3	77.5	88.9
2016-10-18	32428.0	0.0	0.0	31142.0	31056.0	1286.0	1372.0	55.4	69.4	76.5	89.2
2016-10-25	34018.0	0.0	0.0	32552.0	33342.0	1466.0	676.0	51.7	65.1	72.5	90.9
2016-11-01	34739.0	633.0	0.0	32913.0	33943.0	1193.0	796.0	51.7	65.2	71.5	90.7
2016-11-08	25532.0	602.0	0.0	24326.0	25139.0	604.0	393.0	62.0	73.0	83.8	95.6
2016-11-15	26524.0	602.0	434.0	25256.0	25790.0	666.0	300.0	59.5	65.5	80.6	84.8
2016-11-22	30120.0	1005.0	2108.0	28170.0	27307.0	945.0	705.0	52.1	58.1	73.2	77.9
2016-11-29	30523.0	1036.0	2108.0	28542.0	27524.0	945.0	891.0	53.9	58.0	73.6	80.9
2016-12-06	23533.0	403.0	2108.0	22088.0	20712.0	1042.0	713.0	57.4	65.4	78.4	81.9
2016-12-13	23936.0	403.0	2108.0	22491.0	21115.0	1042.0	713.0	55.0	64.3	77.3	82.5
2016-12-20	24432.0	403.0	2108.0	22584.0	21580.0	1445.0	744.0	53.9	59.9	75.2	82.4
2016-12-27	26509.0	403.0	2108.0	24475.0	23905.0	1631.0	496.0	51.2	57.9	72.9	83.6
2017-01-03	26881.0	403.0	2108.0	24847.0	23967.0	1631.0	806.0	50.9	58.0	71.4	84.1
2017-01-10	17147.0	0.0	0.0	16198.0	16868.0	949.0	279.0	57.7	67.7	79.6	88.8
2017-01-17	17975.0	0.0	0.0	17082.0	16756.0	893.0	1219.0	60.6	63.8	79.5	83.9
2017-01-24	19305.0	0.0	0.0	18300.0	17974.0	1005.0	1331.0	54.5	70.6	77.2	84.6
2017-01-31	21349.0	497.0	0.0	19784.0	19682.0	1068.0	1667.0	52.2	67.8	73.1	83.3
