2013-05-07	78184.0	0.0	0.0	71910.0	75339.0	6274.0	2845.0	52.9	36.3	66.6	58.4
2013-05-14	81532.0	0.0	0.0	74528.0	78687.0	7004.0	2845.0	54.0	39.3	67.1	60.5
2013-05-21	85218.0	0.0	0.0	79614.0	81529.0	5604.0	3689.0	54.3	39.5	67.7	62.1
2013-05-28	85158.0	0.0	0.0	79554.0	81529.0	5604.0	3629.0	53.8	39.5	67.1	62.2
2013-06-11	82383.0	0.0	0.0	78686.0	80582.0	3697.0	1801.0	51.1	39.4	64.8	60.9
2013-06-18	87045.0	0.0	0.0	82070.0	85244.0	4975.0	1801.0	45.9	39.6	60.6	59.4
2013-06-25	90590.0	0.0	0.0	83425.0	88066.0	7165.0	2524.0	27.2	37.7	43.6	49.5
2013-07-02	98723.0	0.0	0.0	94599.0	94204.0	4124.0	4519.0	28.8	34.9	46.7	48.2
2013-07-09	89866.0	0.0	0.0	86889.0	86370.0	2977.0	3496.0	29.3	35.6	50.0	53.3
2013-07-16	92978.0	0.0	0.0	90001.0	89696.0	2977.0	3282.0	31.3	37.0	51.6	55.0
2013-07-23	92947.0	0.0	0.0	90272.0	89237.0	2675.0	3710.0	31.3	36.0	51.5	54.5
2013-07-30	94453.0	0.0	0.0	91408.0	90473.0	3045.0	3980.0	31.2	35.6	50.6	55.6
2013-08-06	87287.0	0.0	0.0	85042.0	83555.0	2245.0	3732.0	32.0	38.4	52.2	58.8
2013-08-13	87376.0	0.0	0.0	85131.0	83644.0	2245.0	3732.0	32.1	38.5	52.3	58.1
2013-08-20	87740.0	0.0	0.0	85433.0	83706.0	2307.0	4034.0	32.0	38.4	52.1	58.0
2013-08-27	89114.0	0.0	0.0	87109.0	86142.0	2005.0	2972.0	31.7	37.9	52.2	58.2
2013-09-03	89780.0	0.0	0.0	87775.0	86808.0	2005.0	2972.0	32.2	37.7	52.5	58.5
2013-09-10	82958.0	0.0	0.0	80827.0	78248.0	2131.0	4710.0	35.0	42.4	57.1	62.7
2013-09-17	82972.0	0.0	0.0	80841.0	78262.0	2131.0	4710.0	35.0	42.5	57.1	62.7
2013-09-24	83100.0	0.0	0.0	80365.0	78994.0	2735.0	4106.0	35.0	42.4	55.5	61.9
2013-10-01	84365.0	0.0	0.0	81357.0	82566.0	3008.0	1799.0	35.2	42.4	55.8	62.3
2013-10-08	76410.0	0.0	0.0	71516.0	71609.0	4894.0	4801.0	39.4	49.7	59.9	67.6
2013-10-15	78767.0	0.0	0.0	73813.0	74026.0	4954.0	4741.0	35.5	51.4	55.9	68.8
2013-10-22	79345.0	0.0	0.0	74023.0	74604.0	5322.0	4741.0	36.1	52.5	56.3	69.7
2013-10-29	80196.0	0.0	0.0	75302.0	74997.0	4894.0	5199.0	37.2	52.5	57.4	70.0
2013-11-05	75990.0	0.0	0.0	71396.0	70939.0	4594.0	5051.0	37.7	53.1	59.3	68.5
2013-11-12	76835.0	0.0	0.0	71827.0	71444.0	5008.0	5391.0	34.6	51.4	57.0	68.9
2013-11-19	79573.0	0.0	0.0	75288.0	76890.0	4285.0	2683.0	33.4	51.0	56.7	69.7
2013-11-26	81319.0	0.0	0.0	74543.0	78641.0	6776.0	2678.0	33.2	51.1	57.7	69.1
2013-12-03	82489.0	0.0	0.0	75713.0	79811.0	6776.0	2678.0	33.6	52.0	57.6	69.4
2013-12-10	79821.0	0.0	0.0	73231.0	76491.0	6590.0	3330.0	35.2	52.1	59.1	70.3
2013-12-17	82675.0	0.0	0.0	76299.0	79345.0	6376.0	3330.0	36.4	53.3	60.4	71.5
2013-12-24	83221.0	0.0	0.0	76783.0	79922.0	6438.0	3299.0	36.1	53.8	60.4	71.7
2014-01-07	76728.0	0.0	0.0	70491.0	73956.0	6237.0	2772.0	36.7	53.9	62.3	71.8
2014-01-14	79148.0	0.0	0.0	72911.0	76348.0	6237.0	2800.0	38.8	54.1	63.7	71.6
2014-01-21	79324.0	0.0	0.0	73087.0	76524.0	6237.0	2800.0	38.3	54.1	63.7	72.1
2014-01-28	79772.0	0.0	0.0	75956.0	77056.0	3816.0	2716.0	37.2	53.7	62.4	71.6
2014-02-04	80456.0	0.0	0.0	76640.0	77585.0	3816.0	2871.0	37.6	53.1	62.6	71.6
2014-02-11	74717.0	0.0	0.0	68385.0	72057.0	6332.0	2660.0	38.8	54.6	64.8	71.9
2014-02-18	76293.0	0.0	0.0	70023.0	73906.0	6270.0	2387.0	39.7	54.5	65.3	71.8
2014-02-25	75986.0	0.0	0.0	68950.0	73512.0	7036.0	2474.0	39.1	54.4	63.0	70.7
2014-03-04	76680.0	0.0	0.0	69216.0	73530.0	7464.0	3150.0	39.3	52.0	61.2	67.3
2014-03-11	73933.0	0.0	0.0	66059.0	70975.0	7874.0	2958.0	39.5	48.3	60.2	66.4
2014-03-18	80873.0	0.0	0.0	74361.0	77087.0	6512.0	3786.0	37.4	41.8	57.4	61.1
2014-03-25	83834.0	0.0	0.0	77364.0	80204.0	6470.0	3630.0	36.7	43.8	57.0	60.9
2014-04-01	87762.0	0.0	1472.0	80872.0	83022.0	6890.0	3268.0	35.1	42.5	54.0	58.5
2014-04-08	85364.0	0.0	1472.0	80230.0	81136.0	5134.0	2756.0	35.4	40.9	54.2	58.5
2014-04-15	86195.0	0.0	1472.0	80968.0	81967.0	5227.0	2756.0	35.4	41.0	54.3	58.2
2014-04-22	87568.0	0.0	1472.0	82341.0	83340.0	5227.0	2756.0	34.9	40.4	53.5	60.2
2014-04-29	89162.0	0.0	1472.0	83507.0	84934.0	5655.0	2756.0	34.3	39.6	52.9	62.0
2014-05-06	83675.0	0.0	1224.0	78609.0	79974.0	5066.0	2477.0	34.9	40.9	53.6	62.2
2014-05-13	86919.0	0.0	1224.0	81702.0	83218.0	5217.0	2477.0	34.2	42.2	51.4	65.0
2014-05-20	86517.0	0.0	1224.0	82096.0	83672.0	4421.0	1621.0	34.7	42.6	51.9	65.8
2014-05-27	86412.0	0.0	1224.0	81991.0	83567.0	4421.0	1621.0	34.7	42.6	52.0	65.8
2014-06-03	89395.0	0.0	1044.0	84670.0	85223.0	4725.0	3128.0	34.1	41.9	51.7	65.8
2014-06-10	83559.0	0.0	984.0	79500.0	81011.0	4059.0	1564.0	35.0	43.3	52.5	68.5
2014-06-17	84664.0	0.0	984.0	80605.0	82116.0	4059.0	1564.0	35.5	46.0	52.5	66.1
2014-06-24	83521.0	0.0	984.0	79462.0	80911.0	4059.0	1626.0	36.0	46.6	52.0	67.0
2014-07-01	83339.0	0.0	984.0	79218.0	80729.0	4121.0	1626.0	36.0	46.7	52.1	67.1
2014-07-08	77757.0	0.0	736.0	73857.0	75612.0	3900.0	1409.0	37.1	48.0	53.6	68.1
2014-07-15	78422.0	0.0	736.0	74231.0	76277.0	4191.0	1409.0	37.3	48.2	53.5	68.5
2014-07-22	78616.0	0.0	488.0	75248.0	76719.0	3368.0	1409.0	37.2	48.4	53.5	68.5
2014-07-29	80661.0	0.0	488.0	76990.0	78764.0	3671.0	1409.0	37.2	47.5	54.8	67.2
2014-08-05	75882.0	0.0	488.0	71394.0	74140.0	4488.0	1254.0	38.9	49.7	56.6	69.0
2014-08-12	77098.0	0.0	488.0	73737.0	75356.0	3361.0	1254.0	38.7	49.0	56.5	67.9
2014-08-19	77435.0	0.0	488.0	73532.0	75445.0	3903.0	1502.0	40.4	48.9	59.5	67.8
2014-08-26	77586.0	0.0	488.0	73683.0	75596.0	3903.0	1502.0	40.3	48.8	59.4	67.7
2014-09-02	77948.0	0.0	488.0	73315.0	76262.0	4633.0	1198.0	40.1	51.4	58.7	68.3
2014-09-09	77042.0	0.0	248.0	73462.0	75746.0	3580.0	1048.0	40.8	50.7	60.3	67.6
2014-09-16	78574.0	0.0	248.0	74660.0	76881.0	3914.0	1445.0	40.5	50.1	60.0	68.7
2014-09-23	78909.0	0.0	248.0	75026.0	76757.0	3883.0	1904.0	40.4	49.9	60.3	68.2
2014-09-30	81519.0	0.0	0.0	77358.0	79094.0	4161.0	2425.0	38.8	45.3	56.6	65.0
2014-10-07	80872.0	0.0	0.0	75413.0	76662.0	5459.0	4210.0	38.0	45.5	58.6	65.2
2014-10-14	81402.0	0.0	0.0	75732.0	77072.0	5670.0	4330.0	37.7	45.1	57.7	63.5
2014-10-21	82158.0	0.0	0.0	77528.0	78316.0	4630.0	3842.0	37.6	44.5	56.8	64.0
2014-10-28	82362.0	0.0	0.0	79435.0	78490.0	2927.0	3872.0	42.9	42.8	60.3	63.5
2014-11-04	82182.0	0.0	0.0	79255.0	75956.0	2927.0	6226.0	42.8	41.6	60.2	59.5
2014-11-11	78698.0	0.0	0.0	74875.0	73686.0	3823.0	5012.0	42.2	43.0	59.3	60.7
2014-11-18	82370.0	0.0	0.0	78516.0	78214.0	3854.0	4156.0	40.3	42.5	58.5	58.3
2014-11-25	82872.0	0.0	0.0	79803.0	79200.0	3069.0	3672.0	39.8	42.0	57.8	57.9
2014-12-02	83195.0	0.0	0.0	80126.0	78376.0	3069.0	4819.0	39.3	41.1	57.5	56.5
2014-12-09	78045.0	0.0	0.0	73669.0	73940.0	4376.0	4105.0	39.7	39.3	57.3	55.5
2014-12-16	78997.0	0.0	0.0	75837.0	74830.0	3160.0	4167.0	40.1	38.5	58.4	53.5
2014-12-23	78969.0	0.0	0.0	75809.0	74802.0	3160.0	4167.0	40.2	38.5	58.5	53.4
2014-12-30	79053.0	0.0	0.0	75893.0	74830.0	3160.0	4223.0	40.5	38.7	58.7	53.4
2015-01-06	77410.0	0.0	0.0	74409.0	73138.0	3001.0	4272.0	38.8	39.8	57.6	54.3
2015-01-13	94136.0	0.0	0.0	88025.0	89958.0	6111.0	4178.0	42.7	44.2	60.7	62.3
2015-01-20	95351.0	0.0	0.0	89544.0	91173.0	5807.0	4178.0	42.9	45.6	61.0	64.7
2015-01-27	99055.0	0.0	0.0	94166.0	95733.0	4889.0	3322.0	42.7	46.8	61.6	66.6
2015-02-03	97433.0	0.0	0.0	90399.0	92116.0	7034.0	5317.0	40.9	49.5	61.8	68.8
2015-02-10	94048.0	0.0	0.0	86497.0	89159.0	7551.0	4889.0	41.5	49.3	60.6	68.9
2015-02-17	95484.0	0.0	0.0	87595.0	92034.0	7889.0	3450.0	42.2	49.3	60.5	69.2
2015-02-24	96983.0	0.0	0.0	89065.0	93470.0	7918.0	3513.0	41.9	49.0	60.0	69.3
2015-03-03	99667.0	1712.0	0.0	89428.0	95541.0	8527.0	4126.0	40.8	49.1	57.8	68.6
2015-03-10	97621.0	2996.0	0.0	83297.0	92047.0	11328.0	5574.0	39.1	43.3	55.9	64.2
2015-03-17	100065.0	2996.0	0.0	86811.0	93877.0	10258.0	6188.0	38.1	42.7	54.5	62.0
2015-03-24	99821.0	2996.0	0.0	87300.0	94293.0	9525.0	5528.0	38.2	42.7	55.0	62.3
2015-03-31	100928.0	2996.0	0.0	87533.0	94594.0	10399.0	6334.0	37.6	42.3	55.1	62.6
2015-04-07	90947.0	2576.0	0.0	78608.0	84937.0	9763.0	6010.0	37.4	43.0	56.4	63.2
2015-04-14	91252.0	2576.0	0.0	78392.0	84330.0	10284.0	6922.0	36.8	42.9	55.7	63.0
2015-04-21	91252.0	2576.0	0.0	78547.0	85000.0	10129.0	6252.0	36.8	43.9	55.7	63.5
2015-04-28	93079.0	2576.0	0.0	80710.0	85821.0	9793.0	7258.0	37.3	42.2	57.0	62.1
2015-05-05	83876.0	2142.0	0.0	72923.0	76174.0	8811.0	7702.0	36.6	42.1	58.1	61.4
2015-05-12	83653.0	2142.0	0.0	72795.0	75649.0	8716.0	8004.0	35.7	42.3	57.0	61.6
2015-05-19	84629.0	2142.0	0.0	74383.0	75769.0	8104.0	8860.0	35.3	41.1	56.4	59.9
2015-05-26	83586.0	1836.0	0.0	73526.0	74606.0	8224.0	8980.0	34.9	41.6	55.5	58.9
2015-06-02	86354.0	1836.0	0.0	76114.0	75003.0	8404.0	11351.0	31.7	42.5	51.8	57.0
2015-06-09	79257.0	1476.0	0.0	69770.0	68685.0	8011.0	10572.0	29.6	40.6	48.8	55.0
2015-06-16	78366.0	984.0	0.0	70351.0	67115.0	7031.0	11251.0	28.3	41.2	46.4	56.5
2015-06-23	81056.0	984.0	0.0	74348.0	70657.0	5724.0	10399.0	27.9	43.5	44.9	58.0
2015-06-30	81180.0	984.0	0.0	74503.0	70719.0	5693.0	10461.0	27.8	43.5	44.7	57.4
2015-07-07	72524.0	736.0	0.0	66480.0	61361.0	5308.0	11163.0	27.9	43.7	45.2	56.5
2015-07-14	73882.0	736.0	0.0	67838.0	62719.0	5308.0	11163.0	28.3	45.9	46.3	58.4
2015-07-21	74068.0	736.0	0.0	67962.0	62905.0	5370.0	11163.0	28.4	46.0	46.3	58.5
2015-07-28	79718.0	0.0	0.0	73849.0	69291.0	5869.0	10427.0	33.9	50.1	50.0	61.7
2015-08-04	81481.0	0.0	0.0	73207.0	71482.0	8274.0	9999.0	37.2	52.6	52.5	63.4
2015-08-11	72123.0	0.0	0.0	63119.0	59692.0	9004.0	12431.0	40.4	54.4	56.4	62.7
2015-08-18	72781.0	0.0	0.0	64175.0	60778.0	8606.0	12003.0	41.1	54.1	56.1	62.4
2015-08-25	73967.0	0.0	0.0	65243.0	62541.0	8724.0	11426.0	39.2	53.3	54.9	61.0
2015-09-01	74954.0	0.0	0.0	67388.0	63528.0	7566.0	11426.0	38.4	52.3	54.5	59.9
2015-09-08	66827.0	0.0	0.0	60412.0	55517.0	6415.0	11310.0	44.4	53.4	61.4	61.0
2015-09-15	68361.0	0.0	0.0	61416.0	56580.0	6945.0	11781.0	43.0	52.8	60.6	60.2
2015-09-22	70466.0	0.0	0.0	63673.0	59082.0	6793.0	11384.0	41.0	51.1	59.9	59.6
2015-09-29	74562.0	0.0	0.0	68561.0	66198.0	6001.0	8364.0	44.1	53.7	63.7	63.3
2015-10-27	75277.0	0.0	0.0	63762.0	67256.0	11515.0	8021.0	48.1	60.2	66.4	72.7
2015-11-03	76284.0	0.0	0.0	64740.0	68049.0	11544.0	8235.0	47.4	60.1	65.5	72.4
2015-11-10	72358.0	0.0	0.0	61084.0	63716.0	11274.0	8642.0	49.7	60.8	67.2	73.3
2015-11-17	73850.0	0.0	0.0	62024.0	65231.0	11826.0	8619.0	48.7	61.7	67.3	74.1
2015-11-24	75004.0	0.0	0.0	64196.0	66674.0	10808.0	8330.0	47.4	59.7	65.0	72.3
2015-12-01	78388.0	0.0	0.0	67190.0	69537.0	11198.0	8851.0	47.7	58.9	63.6	71.5
2015-12-08	73555.0	0.0	0.0	61845.0	64479.0	11710.0	9076.0	52.1	60.6	66.8	73.3
2015-12-15	77011.0	0.0	0.0	65334.0	67935.0	11677.0	9076.0	53.4	60.7	65.8	72.8
2015-12-22	77715.0	0.0	0.0	67687.0	68761.0	10028.0	8954.0	54.7	59.9	66.5	71.9
2015-12-29	77839.0	0.0	0.0	67811.0	68885.0	10028.0	8954.0	54.6	59.9	66.1	71.5
2016-01-05	77901.0	0.0	0.0	67659.0	68947.0	10242.0	8954.0	54.5	60.0	65.8	72.5
2016-01-12	77952.0	0.0	0.0	67164.0	69476.0	10788.0	8476.0	57.3	63.4	70.4	76.2
2016-01-19	80318.0	0.0	0.0	71799.0	72028.0	8519.0	8290.0	56.6	64.5	71.9	76.8
2016-01-26	80808.0	0.0	0.0	73122.0	72942.0	7686.0	7866.0	57.4	65.6	73.3	78.1
2016-02-02	83134.0	0.0	0.0	73346.0	74748.0	9788.0	8386.0	57.3	67.0	73.6	79.2
2016-02-09	85699.0	0.0	0.0	75792.0	76624.0	9907.0	9075.0	56.3	62.9	72.4	75.1
2016-02-16	85973.0	0.0	0.0	75852.0	76684.0	10121.0	9289.0	56.1	62.6	71.8	74.4
2016-02-23	88173.0	0.0	0.0	78043.0	78916.0	10130.0	9257.0	52.6	61.3	70.7	73.6
2016-03-01	90915.0	0.0	0.0	78643.0	82426.0	12272.0	8489.0	50.7	57.7	68.2	71.2
2016-03-08	88218.0	0.0	0.0	76551.0	76199.0	11667.0	12019.0	53.5	57.6	72.1	71.7
2016-03-15	89103.0	0.0	0.0	77501.0	76593.0	11602.0	12510.0	53.9	57.5	72.3	71.5
2016-03-22	90931.0	0.0	0.0	79299.0	78267.0	11632.0	12664.0	52.6	58.6	70.6	72.2
2016-03-29	93299.0	0.0	0.0	84129.0	82131.0	9170.0	11168.0	51.3	56.8	70.3	69.4
2016-04-05	86667.0	0.0	0.0	77940.0	74869.0	8727.0	11798.0	52.5	56.7	71.7	69.8
2016-04-12	90812.0	0.0	860.0	81410.0	79831.0	9402.0	10121.0	50.7	54.2	69.2	69.2
2016-04-19	90227.0	0.0	860.0	80825.0	79246.0	9402.0	10121.0	51.0	54.8	69.6	69.8
2016-04-26	91086.0	0.0	0.0	79453.0	81263.0	11633.0	9823.0	50.4	54.7	68.7	69.6
2016-05-03	91302.0	0.0	302.0	80248.0	82428.0	10744.0	8262.0	50.3	54.7	68.6	69.5
2016-05-10	87597.0	0.0	0.0	77208.0	78904.0	10389.0	8693.0	50.2	54.0	68.2	68.4
2016-05-17	88515.0	0.0	0.0	78738.0	79150.0	9777.0	9365.0	49.7	54.0	67.5	68.1
2016-05-24	90962.0	0.0	0.0	80885.0	80722.0	10077.0	10240.0	48.6	53.4	65.9	67.5
2016-05-31	91027.0	0.0	0.0	81312.0	81736.0	9715.0	9291.0	48.3	54.3	65.6	67.3
2016-06-07	85479.0	0.0	0.0	76791.0	78055.0	8688.0	7424.0	49.2	54.5	66.1	68.9
2016-06-14	86276.0	0.0	0.0	77525.0	78361.0	8751.0	7915.0	48.8	55.8	65.5	68.7
2016-06-21	86648.0	0.0	0.0	77897.0	78609.0	8751.0	8039.0	48.6	56.1	65.2	68.8
2016-06-28	86586.0	0.0	0.0	77835.0	78547.0	8751.0	8039.0	48.5	56.1	65.2	68.8
2016-07-05	84470.0	0.0	0.0	74160.0	76922.0	10310.0	7548.0	45.5	56.4	61.4	67.4
2016-07-12	78375.0	0.0	0.0	71103.0	71420.0	7272.0	6955.0	47.1	59.3	63.9	70.8
2016-07-19	78865.0	0.0	0.0	72419.0	71910.0	6446.0	6955.0	46.5	59.2	63.3	71.2
2016-07-26	78865.0	0.0	0.0	72419.0	73494.0	6446.0	5371.0	46.1	59.2	62.9	71.4
2016-08-02	79170.0	0.0	0.0	70706.0	73494.0	8464.0	5676.0	45.5	59.0	61.2	71.1
2016-08-09	73319.0	0.0	0.0	66764.0	66803.0	6555.0	6516.0	48.9	61.7	65.3	72.1
2016-08-16	74240.0	0.0	0.0	68143.0	67817.0	6097.0	6423.0	48.1	60.9	64.3	71.0
2016-08-23	75276.0	0.0	0.0	69607.0	69248.0	5669.0	6028.0	45.6	60.6	61.6	70.4
2016-08-30	78975.0	0.0	0.0	73125.0	73311.0	5850.0	5664.0	40.0	58.9	57.3	67.3
2016-09-06	83640.0	0.0	0.0	77478.0	78512.0	6162.0	5128.0	32.7	54.5	49.4	62.3
2016-09-13	83950.0	0.0	0.0	77772.0	78822.0	6178.0	5128.0	32.5	54.2	49.2	62.4
2016-09-20	84871.0	0.0	0.0	79940.0	79619.0	4931.0	5252.0	31.9	53.8	48.2	62.3
2016-09-27	87045.0	0.0	0.0	82108.0	83133.0	4937.0	3912.0	31.8	56.0	48.1	64.7
2016-10-04	88691.0	0.0	0.0	82214.0	84748.0	6477.0	3943.0	33.1	58.4	47.5	66.8
2016-10-11	79172.0	0.0	0.0	77454.0	73907.0	1718.0	5265.0	35.5	64.1	51.2	71.0
2016-10-18	79232.0	0.0	0.0	77514.0	73847.0	1718.0	5385.0	35.5	63.9	51.1	70.9
2016-10-25	81292.0	0.0	0.0	78971.0	76853.0	2321.0	4439.0	34.0	62.4	49.3	70.0
2016-11-01	83220.0	0.0	0.0	80227.0	78995.0	2993.0	4225.0	33.2	62.4	48.7	69.3
2016-11-08	77978.0	0.0	0.0	75254.0	73257.0	2724.0	4721.0	33.8	64.6	50.6	70.1
2016-11-15	81633.0	0.0	0.0	77317.0	75832.0	4316.0	5801.0	33.5	64.5	50.9	70.3
2016-11-22	90042.0	0.0	0.0	87476.0	87334.0	2566.0	2708.0	35.4	71.3	53.9	78.0
2016-11-29	94936.0	0.0	0.0	92100.0	92160.0	2836.0	2776.0	36.1	68.2	56.1	75.1
2016-12-06	93264.0	0.0	0.0	88402.0	88274.0	4862.0	4990.0	34.4	69.6	56.4	76.5
2016-12-13	95909.0	0.0	0.0	91864.0	91983.0	4045.0	3926.0	34.2	70.2	55.9	76.6
2016-12-20	98469.0	0.0	0.0	94424.0	94543.0	4045.0	3926.0	33.6	66.7	55.7	74.3
2016-12-27	98106.0	0.0	0.0	94089.0	94450.0	4017.0	3656.0	33.7	67.6	55.9	75.2
2017-01-03	98106.0	0.0	0.0	94089.0	94450.0	4017.0	3656.0	34.0	67.6	56.1	75.5
2017-01-10	92618.0	0.0	0.0	88065.0	88409.0	4553.0	4209.0	34.3	68.5	57.7	76.6
2017-01-17	95468.0	0.0	0.0	90696.0	91743.0	4772.0	3725.0	34.8	70.1	58.4	78.4
2017-01-24	96749.0	0.0	0.0	92693.0	94758.0	4056.0	1991.0	35.0	72.6	60.5	81.4
2017-01-31	100251.0	0.0	0.0	96195.0	97404.0	4056.0	2847.0	34.2	72.5	59.5	79.8
