2012-10-16	697383.0	829.0	3869.0	676526.0	677410.0	5082.0	1158.0	25.8	37.9	40.8	51.1
2012-10-23	706245.0	0.0	3699.0	683508.0	684404.0	8116.0	3521.0	26.0	38.2	40.3	51.1
2012-10-30	720137.0	0.0	3368.0	697557.0	698047.0	8175.0	4317.0	26.2	37.9	40.2	51.1
2012-11-06	691796.0	1696.0	378.0	669224.0	674168.0	9760.0	6134.0	26.9	38.1	41.7	51.7
2012-11-13	696413.0	1530.0	423.0	675833.0	680132.0	8653.0	5461.0	26.2	39.2	41.1	52.6
2012-11-20	707763.0	1949.0	22.0	686794.0	692493.0	7638.0	3866.0	26.2	39.6	40.7	52.9
2012-11-27	714171.0	2875.0	0.0	692411.0	697958.0	7756.0	5084.0	25.9	40.1	39.9	53.4
2012-12-04	699355.0	1564.0	54.0	680796.0	685308.0	7364.0	4362.0	24.9	38.3	39.2	52.6
2012-12-11	711887.0	2723.0	862.0	688727.0	696529.0	10525.0	4584.0	25.4	40.1	40.5	53.0
2012-12-18	691503.0	3015.0	1002.0	667975.0	677060.0	10295.0	3223.0	26.6	41.5	42.4	54.8
2012-12-24	701161.0	3749.0	671.0	677205.0	687203.0	10114.0	3194.0	25.8	41.4	41.4	54.7
2012-12-31	711912.0	4512.0	671.0	686749.0	697696.0	10301.0	3195.0	24.9	40.8	39.3	54.4
2013-01-08	678684.0	2616.0	672.0	656845.0	665167.0	8942.0	2564.0	23.7	41.7	40.2	55.5
2013-01-15	702695.0	5602.0	1994.0	676367.0	686931.0	10901.0	3945.0	26.4	40.4	42.6	54.9
2013-01-22	725999.0	885.0	1647.0	704103.0	710366.0	9804.0	2779.0	28.9	39.7	44.5	54.4
2013-01-29	749413.0	0.0	2837.0	724842.0	731165.0	13084.0	3924.0	27.4	39.1	42.9	53.0
2013-02-05	749551.0	1083.0	3162.0	723907.0	731663.0	12554.0	2719.0	26.5	38.4	43.4	52.1
2013-02-12	763935.0	834.0	1013.0	735376.0	748217.0	16052.0	3032.0	25.7	37.6	42.4	51.6
2013-02-19	792666.0	1449.0	922.0	766021.0	778137.0	12511.0	922.0	24.5	36.3	41.3	50.3
2013-02-26	817358.0	3077.0	1320.0	791455.0	802301.0	10888.0	1799.0	25.1	35.5	41.4	50.4
2013-03-05	786175.0	2882.0	0.0	758461.0	773362.0	12414.0	395.0	24.0	36.3	40.7	50.1
2013-03-12	799125.0	1868.0	1337.0	780743.0	789129.0	8753.0	898.0	24.1	35.5	41.4	49.3
2013-03-19	804634.0	1758.0	701.0	783002.0	792523.0	10872.0	2408.0	23.8	36.6	41.9	49.6
2013-03-26	808823.0	2055.0	2238.0	787833.0	795065.0	10639.0	3224.0	23.8	37.5	41.7	50.3
2013-04-02	750145.0	2821.0	4438.0	729608.0	736061.0	11862.0	3792.0	24.9	37.1	43.3	50.5
2013-04-09	763743.0	8088.0	2010.0	737643.0	751931.0	11443.0	3233.0	25.9	37.3	42.0	50.1
2013-04-16	781119.0	5865.0	3083.0	757291.0	768160.0	11782.0	3695.0	25.7	36.4	41.7	48.6
2013-04-23	804772.0	3931.0	3240.0	780049.0	789774.0	12234.0	3200.0	26.1	35.9	43.3	48.1
2013-04-30	819663.0	3814.0	3367.0	793190.0	802275.0	12587.0	3949.0	25.9	34.8	43.1	47.0
2013-05-07	790044.0	3808.0	2433.0	764688.0	772889.0	11883.0	5057.0	29.3	35.5	47.1	48.1
2013-05-14	812462.0	3431.0	2162.0	780322.0	792146.0	16042.0	5487.0	30.6	34.8	48.3	47.7
2013-05-21	844377.0	2375.0	1213.0	814292.0	827517.0	14630.0	2567.0	31.3	35.4	48.5	48.8
2013-05-28	861203.0	1756.0	2049.0	832145.0	843366.0	13807.0	2293.0	31.0	35.0	48.3	48.5
2013-06-11	851550.0	3790.0	1800.0	826969.0	840358.0	13665.0	2266.0	28.2	34.0	44.9	46.8
2013-06-18	857705.0	2786.0	2518.0	834918.0	846259.0	12947.0	1874.0	26.4	33.8	43.3	46.6
2013-06-25	866705.0	2146.0	3154.0	842871.0	854492.0	15408.0	2779.0	26.8	33.4	43.6	46.6
2013-07-02	873409.0	443.0	1394.0	853620.0	859972.0	11629.0	4326.0	28.2	33.5	45.4	47.3
2013-07-09	832420.0	1041.0	1497.0	816873.0	824571.0	10028.0	1874.0	28.4	34.0	46.2	47.8
2013-07-16	840305.0	556.0	2092.0	827457.0	829584.0	5914.0	2251.0	29.2	34.1	48.0	47.7
2013-07-23	815770.0	434.0	3497.0	803281.0	803731.0	6348.0	2835.0	32.5	34.7	51.2	50.3
2013-07-30	834338.0	310.0	3345.0	822476.0	822528.0	6778.0	3691.0	32.5	36.4	52.3	51.3
2013-08-06	788038.0	403.0	2618.0	776794.0	778112.0	7005.0	3472.0	32.9	37.2	53.5	52.5
2013-08-13	794267.0	692.0	3833.0	783240.0	783580.0	5642.0	2161.0	34.1	36.9	52.9	52.4
2013-08-20	788290.0	1009.0	1994.0	776497.0	777950.0	5727.0	3289.0	34.4	37.6	52.7	53.8
2013-08-27	794122.0	794.0	2587.0	782961.0	783114.0	5785.0	3839.0	35.1	37.8	53.3	54.1
2013-09-03	815043.0	496.0	1917.0	803652.0	799730.0	5805.0	8306.0	35.5	38.5	54.3	54.0
2013-09-10	789428.0	1279.0	2127.0	778321.0	778339.0	5679.0	4813.0	35.9	39.3	55.8	55.1
2013-09-17	799686.0	2026.0	2040.0	785765.0	789541.0	7989.0	4199.0	36.9	38.9	56.2	54.4
2013-09-24	806383.0	4216.0	2862.0	790544.0	794507.0	5535.0	2926.0	38.2	38.8	57.5	54.8
2013-10-01	824312.0	7062.0	2098.0	804660.0	806488.0	4929.0	8065.0	38.9	39.8	57.2	55.1
2013-10-08	785979.0	8375.0	1307.0	764216.0	774592.0	7801.0	4493.0	39.1	40.8	58.3	56.4
2013-10-15	794037.0	7923.0	1565.0	773351.0	782700.0	7610.0	4619.0	39.2	40.6	57.5	55.9
2013-10-22	798830.0	10373.0	237.0	778637.0	789289.0	5228.0	4712.0	38.6	40.0	57.2	54.9
2013-10-29	807784.0	9682.0	1250.0	787824.0	795916.0	5348.0	5688.0	38.3	39.2	57.0	54.2
2013-11-05	755935.0	9117.0	905.0	738543.0	746681.0	5083.0	5157.0	38.4	40.9	58.0	55.7
2013-11-12	757342.0	9596.0	391.0	738840.0	747945.0	5147.0	5247.0	37.4	41.3	57.0	55.7
2013-11-19	763129.0	9960.0	960.0	744046.0	752217.0	4541.0	5370.0	36.1	41.3	55.7	56.8
2013-11-26	751974.0	13563.0	1122.0	729461.0	742151.0	5079.0	4830.0	35.4	39.0	54.3	54.6
2013-12-03	708927.0	14468.0	1018.0	685420.0	698803.0	5594.0	5661.0	35.9	40.5	54.4	55.6
2013-12-10	729039.0	16387.0	935.0	703053.0	718759.0	6636.0	6382.0	34.5	40.7	54.2	56.1
2013-12-17	735137.0	13110.0	992.0	709582.0	724195.0	8429.0	5934.0	34.6	40.4	54.4	56.2
2013-12-24	757138.0	17447.0	1902.0	729294.0	745568.0	6827.0	6098.0	36.4	40.6	55.3	56.5
2014-01-07	742335.0	25549.0	1999.0	707683.0	731460.0	6420.0	6193.0	38.5	41.6	57.0	57.6
2014-01-14	750583.0	29572.0	2678.0	712877.0	739395.0	6216.0	6592.0	37.0	41.7	54.8	57.8
2014-01-21	764211.0	30809.0	2033.0	721530.0	751804.0	7686.0	6188.0	36.9	41.6	54.5	58.4
2014-01-28	785317.0	37757.0	2620.0	738142.0	772251.0	6207.0	7235.0	37.8	40.8	55.8	59.2
2014-02-04	778770.0	44861.0	3468.0	725177.0	763421.0	4987.0	8136.0	37.5	41.3	55.7	58.9
2014-02-11	798145.0	48605.0	3142.0	741246.0	782182.0	5075.0	9602.0	37.7	42.4	56.2	60.1
2014-02-18	809873.0	47964.0	2983.0	751871.0	792532.0	5004.0	9324.0	37.0	42.5	55.4	60.2
2014-02-25	822507.0	49107.0	3768.0	757461.0	802789.0	7796.0	7807.0	38.7	41.9	56.2	60.5
2014-03-04	805786.0	48727.0	2308.0	738036.0	779041.0	6697.0	12111.0	38.4	43.6	55.3	62.1
2014-03-11	808940.0	48876.0	3217.0	741968.0	782633.0	5744.0	10738.0	38.8	42.6	55.7	61.8
2014-03-18	808374.0	51387.0	5015.0	737741.0	780092.0	6981.0	11002.0	39.5	42.2	56.4	61.2
2014-03-25	816370.0	52946.0	4532.0	742613.0	784091.0	6801.0	13737.0	39.7	42.5	56.4	61.7
2014-04-01	825220.0	52194.0	6110.0	753936.0	786385.0	4509.0	18144.0	40.3	42.5	56.6	60.9
2014-04-08	776216.0	55332.0	3874.0	702378.0	746474.0	4143.0	11505.0	39.2	42.7	56.8	61.3
2014-04-15	793103.0	72752.0	3246.0	704025.0	768918.0	3597.0	8210.0	39.9	42.4	57.8	61.3
2014-04-22	794322.0	71265.0	3025.0	707237.0	771433.0	3923.0	7967.0	40.4	43.0	58.7	62.0
2014-04-29	800529.0	70979.0	2863.0	713293.0	777189.0	3631.0	7851.0	39.1	42.8	57.1	61.9
2014-05-06	759970.0	68959.0	3260.0	675155.0	737025.0	4481.0	8310.0	36.8	43.0	55.0	60.8
2014-05-13	765495.0	73552.0	2826.0	676988.0	743545.0	4510.0	8679.0	36.8	42.3	54.8	59.8
2014-05-20	785172.0	76410.0	4097.0	695616.0	763364.0	3777.0	8342.0	35.4	42.6	53.2	59.3
2014-05-27	799650.0	77859.0	4792.0	709493.0	777594.0	3656.0	8622.0	34.3	41.6	51.6	57.6
2014-06-03	761486.0	72235.0	3922.0	675965.0	740742.0	3541.0	7077.0	34.4	41.2	50.8	56.3
2014-06-10	769665.0	71186.0	3827.0	684668.0	748309.0	3271.0	6989.0	34.0	40.6	50.6	56.1
2014-06-17	785361.0	64360.0	3140.0	704875.0	762259.0	3274.0	7110.0	32.9	39.7	49.0	56.4
2014-06-24	794743.0	61728.0	3005.0	715823.0	770924.0	3458.0	7080.0	32.6	39.0	47.3	56.1
2014-07-01	798494.0	61521.0	3010.0	719435.0	774602.0	5320.0	8664.0	33.2	38.5	47.7	55.3
2014-07-08	742679.0	55742.0	2572.0	671907.0	724969.0	3184.0	3292.0	33.9	38.6	48.0	54.3
2014-07-15	740801.0	60689.0	3128.0	665179.0	722543.0	3216.0	3413.0	35.2	38.9	49.5	54.6
2014-07-22	732740.0	64333.0	4259.0	654294.0	714170.0	2258.0	2456.0	36.0	38.9	50.3	53.5
2014-07-29	744361.0	62176.0	2987.0	668685.0	727731.0	2100.0	2243.0	35.8	38.4	50.2	53.5
2014-08-05	704515.0	58735.0	3095.0	633266.0	688863.0	1914.0	1957.0	36.1	38.1	51.1	53.0
2014-08-12	697916.0	61383.0	3105.0	623836.0	682952.0	2885.0	2047.0	34.8	38.4	49.9	53.7
2014-08-19	711469.0	65672.0	3613.0	633651.0	695543.0	2218.0	2385.0	34.7	41.2	49.5	57.4
2014-08-26	721866.0	71545.0	3862.0	637944.0	705577.0	2428.0	2478.0	35.8	41.0	50.2	58.1
2014-09-02	735150.0	73067.0	3044.0	649342.0	719876.0	2696.0	2185.0	35.4	40.4	49.6	58.5
2014-09-09	688243.0	64475.0	3610.0	611394.0	672609.0	2125.0	1775.0	35.4	41.2	49.2	60.1
2014-09-16	699455.0	62964.0	3295.0	623657.0	683680.0	2067.0	1713.0	35.3	41.2	49.4	60.3
2014-09-23	703705.0	62098.0	3268.0	627849.0	686524.0	2555.0	2710.0	35.0	40.7	49.2	60.5
2014-09-30	715377.0	64595.0	3543.0	636153.0	697261.0	3084.0	3028.0	34.4	40.4	49.1	60.6
2014-10-07	661012.0	48366.0	2434.0	598135.0	643132.0	2154.0	3089.0	31.8	41.3	47.0	59.4
2014-10-14	668314.0	41647.0	3265.0	611139.0	648914.0	3445.0	4052.0	30.2	40.8	46.6	59.0
2014-10-21	666641.0	23280.0	4139.0	624603.0	643017.0	2989.0	3716.0	28.3	41.2	44.9	57.9
2014-10-28	666320.0	18513.0	7406.0	626663.0	637470.0	3872.0	4172.0	29.7	41.4	46.3	58.4
2014-11-04	651867.0	11372.0	7767.0	618436.0	622614.0	4687.0	4114.0	27.6	42.2	45.1	58.4
2014-11-11	668442.0	12603.0	6960.0	632733.0	637110.0	5175.0	6441.0	29.6	42.6	47.5	59.1
2014-11-18	669767.0	11985.0	12454.0	638555.0	636425.0	4534.0	6195.0	30.2	43.8	49.2	60.4
2014-11-25	680870.0	12351.0	12250.0	649155.0	648383.0	4745.0	5618.0	29.3	43.6	48.6	60.0
2014-12-02	634276.0	12624.0	14459.0	602134.0	597866.0	4982.0	7415.0	28.2	43.9	46.5	58.7
2014-12-09	645541.0	14949.0	14998.0	610364.0	608089.0	5863.0	8089.0	27.4	43.3	46.9	59.7
2014-12-16	665484.0	16437.0	18181.0	626851.0	624148.0	7077.0	8036.0	27.1	43.5	48.1	61.6
2014-12-23	670781.0	15922.0	18463.0	631548.0	628472.0	7643.0	8178.0	26.5	42.4	48.2	60.6
2014-12-30	672773.0	14569.0	20434.0	631661.0	626517.0	8268.0	7547.0	26.5	42.5	48.1	59.9
2015-01-06	632455.0	18979.0	21216.0	588488.0	585624.0	7801.0	8428.0	25.8	42.6	46.9	60.2
2015-01-13	659474.0	20913.0	21384.0	614032.0	613696.0	7626.0	7491.0	26.5	42.2	47.4	58.6
2015-01-20	678650.0	30842.0	13865.0	623989.0	641581.0	8310.0	7695.0	27.1	42.8	47.2	59.9
2015-01-27	693791.0	38371.0	14716.0	630655.0	655158.0	9362.0	8514.0	28.1	43.8	47.8	61.3
2015-02-03	662271.0	40949.0	12160.0	599070.0	626330.0	8608.0	10137.0	28.8	43.9	48.4	60.8
2015-02-10	676804.0	40758.0	12908.0	613966.0	640489.0	7839.0	9166.0	28.3	43.4	48.2	60.6
2015-02-17	695970.0	43362.0	13380.0	629954.0	656556.0	8268.0	11648.0	27.1	43.6	45.9	60.2
2015-02-24	723125.0	45025.0	19601.0	659658.0	680563.0	6318.0	10837.0	27.4	43.7	46.3	62.1
2015-03-03	691479.0	52290.0	17321.0	618179.0	650745.0	8790.0	11193.0	28.6	41.5	46.3	59.4
2015-03-10	694934.0	54548.0	10487.0	620157.0	662713.0	9279.0	10784.0	27.5	43.5	45.2	60.7
2015-03-17	713542.0	57176.0	10725.0	635252.0	680587.0	9393.0	10509.0	28.2	43.9	44.5	59.7
2015-03-24	738347.0	63429.0	16041.0	655039.0	700395.0	8034.0	10066.0	30.2	43.2	46.4	59.0
2015-03-31	742317.0	65063.0	14986.0	655846.0	705511.0	9201.0	9613.0	30.6	42.3	47.3	58.1
2015-04-07	703539.0	67922.0	11232.0	618434.0	672853.0	8568.0	10839.0	32.6	43.5	49.7	59.0
2015-04-14	714450.0	70439.0	8850.0	626073.0	685606.0	8813.0	10869.0	34.0	42.4	50.5	57.8
2015-04-21	719673.0	70009.0	7816.0	632129.0	691826.0	7582.0	10078.0	33.6	42.4	50.1	58.2
2015-04-28	727988.0	67559.0	2500.0	642004.0	703296.0	5838.0	9605.0	32.7	41.9	49.2	57.6
2015-05-05	698231.0	65453.0	7433.0	610837.0	667479.0	7405.0	8783.0	32.3	43.4	48.5	59.2
2015-05-12	706999.0	68323.0	5170.0	620679.0	682206.0	6989.0	8615.0	33.1	43.2	49.5	60.1
2015-05-19	721753.0	68316.0	3088.0	633620.0	698389.0	7283.0	7742.0	32.8	44.0	49.5	62.1
2015-05-26	735214.0	67495.0	3113.0	647678.0	712966.0	7885.0	6979.0	33.0	45.5	49.8	62.9
2015-06-02	701900.0	68145.0	1641.0	614033.0	679507.0	7203.0	8233.0	33.4	46.0	49.9	63.0
2015-06-09	713682.0	67615.0	916.0	626310.0	693320.0	7228.0	6917.0	33.9	45.4	50.1	62.8
2015-06-16	717515.0	65094.0	1504.0	633213.0	697540.0	6960.0	6223.0	34.0	45.5	50.3	63.9
2015-06-23	717514.0	57558.0	861.0	640425.0	698407.0	7443.0	6158.0	32.4	45.6	49.6	63.9
2015-06-30	722055.0	57843.0	560.0	644910.0	703992.0	7655.0	5856.0	32.1	44.8	48.9	62.8
2015-07-07	664039.0	57366.0	1459.0	590229.0	647468.0	7032.0	5700.0	34.0	46.1	50.2	64.3
2015-07-14	669125.0	57279.0	1665.0	594789.0	652761.0	7359.0	5001.0	34.6	46.0	50.5	65.2
2015-07-21	676136.0	0.0	2588.0	665823.0	664299.0	6189.0	5125.0	34.0	45.9	49.6	65.4
2015-07-28	687143.0	1778.0	2033.0	674008.0	675805.0	6711.0	4659.0	33.4	45.9	49.1	66.0
2015-08-04	687907.0	4410.0	1387.0	674797.0	677386.0	5546.0	5980.0	33.3	45.0	49.5	65.4
2015-08-11	647470.0	6917.0	1208.0	631535.0	639154.0	5818.0	3908.0	33.9	45.0	50.3	64.9
2015-08-18	653889.0	7134.0	1708.0	638618.0	645834.0	5727.0	3937.0	33.1	44.9	49.7	63.7
2015-08-25	662487.0	7557.0	1270.0	645758.0	655514.0	7406.0	3937.0	32.6	44.0	49.3	63.2
2015-09-01	662087.0	7001.0	1194.0	642768.0	655100.0	10431.0	3906.0	32.2	43.9	49.8	63.2
2015-09-08	631173.0	8888.0	1014.0	611563.0	623706.0	7885.0	3616.0	32.5	43.7	50.7	63.2
2015-09-15	638983.0	8556.0	1211.0	619870.0	631359.0	7823.0	3679.0	33.0	42.8	51.7	63.7
2015-09-22	639635.0	5457.0	1860.0	623158.0	629318.0	7762.0	5199.0	33.1	41.9	51.7	63.0
2015-09-29	645714.0	9711.0	2599.0	622869.0	633659.0	8974.0	5296.0	31.3	40.8	50.0	61.8
2015-10-06	606373.0	9498.0	1736.0	585157.0	594380.0	6659.0	5198.0	31.8	41.0	50.5	61.9
2015-10-13	611659.0	9730.0	1669.0	589688.0	599949.0	6571.0	4371.0	31.1	40.4	49.7	60.8
2015-10-20	625085.0	6968.0	1657.0	605483.0	613513.0	5960.0	3241.0	32.2	39.7	50.0	60.0
2015-10-27	627843.0	1685.0	4521.0	615093.0	613722.0	5110.0	3645.0	31.8	38.2	49.1	58.3
2015-11-03	597997.0	1705.0	4053.0	585323.0	585107.0	6039.0	3907.0	33.2	40.2	50.1	61.7
2015-11-10	610526.0	2168.0	1543.0	595339.0	597278.0	6542.0	5228.0	33.5	40.0	50.6	62.6
2015-11-17	625245.0	1743.0	2135.0	609027.0	612449.0	7844.0	4030.0	32.8	39.0	51.6	63.3
2015-11-24	630612.0	3495.0	7176.0	613862.0	614763.0	8240.0	3658.0	32.0	38.0	50.7	61.9
2015-12-01	627799.0	1463.0	6365.0	613863.0	611660.0	8099.0	5400.0	31.6	38.4	50.6	61.2
2015-12-08	601135.0	8054.0	7435.0	578666.0	582618.0	9255.0	5922.0	31.8	39.2	48.5	61.0
2015-12-15	615907.0	7801.0	6983.0	592087.0	597243.0	10543.0	6205.0	30.1	40.1	48.5	61.3
2015-12-22	641996.0	6288.0	7424.0	617549.0	621267.0	9931.0	5077.0	30.2	41.9	49.0	64.8
2015-12-29	643326.0	1641.0	9729.0	625460.0	620480.0	7881.0	4773.0	30.2	42.7	49.1	65.8
2016-01-05	611145.0	240.0	8922.0	593072.0	587729.0	10126.0	6787.0	30.5	43.3	48.9	65.7
2016-01-12	646976.0	856.0	8761.0	623946.0	620275.0	9973.0	5739.0	30.8	43.9	49.8	67.8
2016-01-19	659863.0	4263.0	9013.0	632676.0	633460.0	10233.0	4699.0	31.2	43.3	49.4	68.0
2016-01-26	670287.0	1361.0	11880.0	647506.0	641154.0	9575.0	5408.0	31.8	43.2	49.9	68.1
2016-02-02	642551.0	0.0	14626.0	618579.0	607322.0	8223.0	4854.0	31.8	41.9	50.8	64.7
2016-02-09	654624.0	759.0	15125.0	625775.0	616787.0	12098.0	6720.0	31.9	40.5	51.5	64.5
2016-02-16	657542.0	1054.0	14801.0	628660.0	618890.0	11343.0	7366.0	31.6	38.5	51.0	63.4
2016-02-23	676256.0	4237.0	15013.0	642426.0	637121.0	12066.0	6595.0	30.7	38.0	51.2	63.9
2016-03-01	690429.0	6978.0	8792.0	654362.0	659035.0	9783.0	3296.0	30.3	39.8	49.8	66.5
2016-03-08	662693.0	8003.0	8622.0	625686.0	632184.0	10914.0	3797.0	29.5	41.5	50.9	67.6
2016-03-15	674295.0	6457.0	8793.0	639098.0	645258.0	12421.0	3925.0	29.3	40.9	49.4	67.4
2016-03-22	691700.0	5939.0	9334.0	660596.0	665438.0	11339.0	3102.0	29.1	41.2	49.5	68.0
2016-03-29	708954.0	4579.0	9919.0	680027.0	682921.0	12282.0	4048.0	28.8	41.0	49.8	67.1
2016-04-05	695334.0	189.0	9663.0	667769.0	669087.0	14154.0	3362.0	30.8	43.2	50.6	68.7
2016-04-12	719541.0	217.0	12645.0	693317.0	688948.0	12338.0	4279.0	31.2	42.0	51.4	67.1
2016-04-19	736965.0	217.0	14781.0	709451.0	704690.0	14222.0	4419.0	33.0	43.2	52.9	68.5
2016-04-26	778747.0	2101.0	18399.0	751454.0	741106.0	11722.0	5772.0	31.4	40.9	51.3	65.5
2016-05-03	753902.0	2815.0	18568.0	726057.0	716188.0	10485.0	4601.0	33.3	42.3	53.0	66.6
2016-05-10	773088.0	2662.0	19083.0	737133.0	730587.0	15003.0	5128.0	32.8	42.3	52.3	66.7
2016-05-17	787782.0	619.0	20476.0	752630.0	741126.0	15001.0	6648.0	31.9	41.7	50.0	66.7
2016-05-24	806844.0	3774.0	22618.0	768291.0	757773.0	14908.0	6582.0	31.7	42.0	49.2	67.1
2016-05-31	830438.0	2761.0	15970.0	796825.0	793369.0	14427.0	4674.0	31.2	42.7	48.8	67.9
2016-06-07	804243.0	923.0	14526.0	772027.0	767623.0	14464.0	5265.0	31.3	43.8	50.3	68.6
2016-06-14	809827.0	1703.0	10027.0	775055.0	776873.0	16267.0	6125.0	31.4	44.6	47.9	70.0
2016-06-21	821711.0	1553.0	10445.0	787919.0	788603.0	15029.0	5453.0	31.3	44.8	47.6	69.8
2016-06-28	841073.0	985.0	8307.0	820254.0	821947.0	14427.0	5412.0	30.9	44.4	46.3	70.3
2016-07-05	788671.0	1239.0	6213.0	768466.0	772274.0	14262.0	5480.0	31.9	45.6	49.1	71.6
2016-07-12	789268.0	959.0	4307.0	767288.0	773268.0	15668.0	6340.0	31.9	45.7	49.0	71.9
2016-07-19	793927.0	1339.0	2019.0	771080.0	778797.0	14535.0	6138.0	31.7	45.1	49.2	71.7
2016-07-26	803375.0	868.0	823.0	782379.0	790825.0	15474.0	7073.0	31.9	45.3	49.4	71.8
2016-08-02	820203.0	946.0	963.0	798492.0	799991.0	15444.0	13928.0	32.8	45.7	49.3	71.5
2016-08-09	769063.0	649.0	1408.0	752328.0	755332.0	11247.0	7484.0	33.1	46.2	49.3	71.7
2016-08-16	778088.0	481.0	4235.0	760799.0	762171.0	12291.0	7165.0	32.0	47.4	49.6	72.8
2016-08-23	787162.0	269.0	3827.0	769123.0	771439.0	12681.0	6807.0	31.9	48.8	49.2	73.4
2016-08-30	799907.0	210.0	1551.0	784175.0	789053.0	11361.0	5142.0	31.2	50.0	49.2	73.5
2016-09-06	766080.0	987.0	980.0	751229.0	756479.0	9962.0	4719.0	31.0	50.6	50.1	73.2
2016-09-13	789109.0	2380.0	1255.0	772210.0	779512.0	10532.0	4355.0	30.0	52.1	50.9	74.1
2016-09-20	810868.0	2535.0	1195.0	793759.0	801427.0	10228.0	3900.0	29.8	51.8	51.2	73.4
2016-09-27	837629.0	2628.0	1252.0	820033.0	827648.0	10071.0	3832.0	30.6	53.6	51.6	73.9
2016-10-04	794965.0	602.0	190.0	775159.0	784749.0	16774.0	7596.0	32.3	54.2	52.6	74.3
2016-10-11	817686.0	427.0	796.0	798054.0	806382.0	16443.0	7746.0	32.5	54.5	53.4	74.5
2016-10-18	860757.0	606.0	1275.0	845575.0	852879.0	13425.0	5452.0	32.8	55.0	53.7	74.5
2016-10-25	876432.0	606.0	1084.0	859215.0	866554.0	14488.0	6671.0	32.8	55.1	54.7	74.6
2016-11-01	871463.0	427.0	261.0	855263.0	858035.0	13824.0	11218.0	32.8	55.1	54.6	74.3
2016-11-08	826907.0	606.0	45.0	807513.0	818846.0	17595.0	6823.0	33.6	56.5	55.3	75.1
2016-11-15	838666.0	217.0	1428.0	819181.0	829417.0	17725.0	6278.0	33.5	56.4	55.2	74.9
2016-11-22	858985.0	217.0	1086.0	838984.0	850010.0	17175.0	5280.0	34.0	55.7	54.7	74.0
2016-11-29	873615.0	217.0	1508.0	852920.0	864033.0	17394.0	4990.0	33.6	57.4	54.3	75.3
2016-12-06	867002.0	453.0	547.0	845384.0	858163.0	17796.0	4923.0	34.4	58.3	55.6	76.6
2016-12-13	873373.0	4.0	692.0	852248.0	865277.0	17739.0	4022.0	34.4	58.6	54.8	76.6
2016-12-20	894856.0	267.0	982.0	873261.0	886281.0	18031.0	4296.0	35.5	58.6	55.5	76.5
2016-12-27	912636.0	17.0	739.0	890799.0	904209.0	18215.0	4083.0	34.7	58.7	55.2	77.4
2017-01-03	923450.0	18.0	470.0	902789.0	904174.0	17100.0	15263.0	35.0	57.1	54.8	75.7
2017-01-10	892744.0	0.0	524.0	873504.0	885297.0	15717.0	3400.0	35.8	58.1	54.4	75.5
2017-01-17	900296.0	0.0	712.0	883008.0	890653.0	13799.0	5442.0	35.6	58.0	54.3	75.4
2017-01-24	929323.0	0.0	529.0	910690.0	921414.0	14800.0	3547.0	37.0	56.6	55.2	74.1
2017-01-31	931071.0	0.0	970.0	912021.0	922572.0	14768.0	3247.0	36.7	56.1	54.5	73.9
