2013-05-07	82804.0	2142.0	15428.0	72533.0	61875.0	7168.0	4540.0	44.6	38.8	58.3	53.0
2013-05-14	84636.0	2173.0	13713.0	73781.0	66910.0	7842.0	3173.0	45.1	39.8	58.6	54.1
2013-05-21	84577.0	2173.0	13956.0	74225.0	67555.0	7249.0	2136.0	45.5	37.4	56.4	54.1
2013-05-28	88238.0	1835.0	16389.0	76669.0	67105.0	8956.0	3966.0	48.6	37.5	57.0	52.3
2013-06-11	93809.0	1535.0	15628.0	82732.0	72716.0	8427.0	4350.0	47.7	45.6	57.0	59.3
2013-06-18	95485.0	1535.0	14439.0	83948.0	74046.0	8732.0	5730.0	46.1	44.8	55.0	58.1
2013-06-25	97387.0	1535.0	17307.0	86565.0	74871.0	8554.0	4476.0	44.7	44.2	56.2	61.1
2013-07-02	100200.0	1535.0	16464.0	89013.0	78034.0	8309.0	4359.0	44.6	41.6	58.6	59.7
2013-07-09	93661.0	1163.0	17010.0	83434.0	72183.0	7839.0	3243.0	45.5	42.5	59.0	61.5
2013-07-16	94699.0	915.0	15902.0	86812.0	74571.0	5836.0	3090.0	47.0	41.3	59.7	62.1
2013-07-23	95364.0	915.0	16295.0	87169.0	74604.0	6270.0	3455.0	47.0	41.0	58.8	61.4
2013-07-30	93249.0	915.0	16074.0	84874.0	73134.0	6604.0	3185.0	48.9	40.1	60.7	58.3
2013-08-06	89762.0	791.0	16585.0	81747.0	69687.0	6538.0	2804.0	46.1	44.1	59.9	59.2
2013-08-13	90470.0	791.0	16492.0	82610.0	70939.0	6445.0	2415.0	46.6	43.5	58.2	59.5
2013-08-20	91790.0	791.0	15848.0	83076.0	71358.0	7244.0	3905.0	45.1	43.1	56.8	58.7
2013-08-27	93036.0	791.0	15179.0	82641.0	74410.0	8894.0	2737.0	45.7	44.3	57.0	60.6
2013-09-03	93494.0	791.0	14537.0	83069.0	74440.0	8924.0	3807.0	46.4	43.5	57.6	59.5
2013-09-10	89293.0	431.0	15707.0	78922.0	69154.0	9138.0	3630.0	47.2	43.4	58.3	58.0
2013-09-17	89572.0	431.0	15894.0	79415.0	69278.0	8956.0	3630.0	47.1	43.5	58.6	58.0
2013-09-24	91439.0	431.0	15654.0	80525.0	70539.0	9471.0	4234.0	44.9	42.1	57.3	57.1
2013-10-01	91375.0	431.0	19514.0	81655.0	69833.0	8609.0	1348.0	45.0	41.9	57.4	58.5
2013-10-08	87477.0	0.0	16587.0	79749.0	66193.0	7028.0	3997.0	42.9	44.7	54.9	60.0
2013-10-15	88579.0	0.0	17788.0	80296.0	66913.0	7609.0	3204.0	41.7	46.2	55.3	62.4
2013-10-22	92414.0	2132.0	16648.0	81230.0	71818.0	8221.0	3117.0	42.0	43.3	55.3	63.1
2013-10-29	94926.0	2436.0	14852.0	82984.0	75187.0	8507.0	3888.0	41.6	44.8	55.1	63.1
2013-11-05	89860.0	2407.0	13291.0	75930.0	71928.0	10307.0	3425.0	43.9	44.5	58.4	65.3
2013-11-12	95281.0	2438.0	11872.0	82047.0	79623.0	9694.0	2684.0	43.4	46.7	60.0	65.0
2013-11-19	101188.0	2438.0	12878.0	86185.0	82777.0	11341.0	4309.0	44.5	47.2	60.6	63.7
2013-11-26	101066.0	0.0	11120.0	89960.0	85048.0	10036.0	3828.0	46.3	49.7	62.0	65.8
2013-12-03	100132.0	0.0	8155.0	88271.0	86405.0	10067.0	3778.0	43.2	53.1	59.2	64.7
2013-12-10	95046.0	0.0	6718.0	81217.0	82805.0	11601.0	3295.0	43.8	55.5	59.8	66.2
2013-12-17	94205.0	0.0	6802.0	80472.0	82404.0	12066.0	3332.0	44.9	56.7	61.4	66.6
2013-12-24	93435.0	0.0	7137.0	79904.0	81919.0	12215.0	3063.0	45.3	57.7	61.4	67.0
2014-01-07	86785.0	0.0	6136.0	74322.0	76573.0	11263.0	2876.0	45.6	60.2	61.4	70.3
2014-01-14	92177.0	0.0	5772.0	78495.0	78536.0	11920.0	6107.0	44.0	60.6	58.7	70.1
2014-01-21	90225.0	0.0	6383.0	76982.0	76318.0	12136.0	6417.0	45.5	63.2	60.1	72.8
2014-01-28	90570.0	0.0	6155.0	77170.0	76921.0	12389.0	6483.0	46.0	63.5	60.1	73.6
2014-02-04	88960.0	0.0	5351.0	73673.0	75264.0	14031.0	7089.0	48.1	65.0	62.4	73.7
2014-02-11	82239.0	912.0	3616.0	69422.0	70036.0	9742.0	6424.0	49.1	66.3	62.1	75.9
2014-02-18	81641.0	912.0	3035.0	69850.0	70372.0	9069.0	6424.0	50.6	67.0	63.2	74.7
2014-02-25	81271.0	943.0	1490.0	67334.0	70372.0	11357.0	7772.0	51.1	67.7	63.3	75.3
2014-03-04	81081.0	1093.0	1883.0	68558.0	68922.0	10003.0	8849.0	52.2	68.0	64.8	75.3
2014-03-25	77996.0	1465.0	2037.0	64486.0	68766.0	11314.0	6462.0	52.9	65.2	63.9	75.2
2014-04-01	79157.0	2430.0	1257.0	65642.0	72755.0	10425.0	4485.0	52.9	64.6	65.9	76.7
2014-04-08	70309.0	2072.0	1178.0	58123.0	64429.0	9554.0	4142.0	55.5	62.4	67.8	74.7
2014-04-15	71561.0	0.0	2569.0	60396.0	63354.0	9699.0	4172.0	55.4	55.9	67.0	72.6
2014-04-22	71780.0	0.0	2510.0	60457.0	63658.0	9883.0	4172.0	55.2	55.9	66.8	72.8
2014-04-29	74970.0	0.0	5239.0	64112.0	66765.0	9604.0	1712.0	54.5	53.8	65.5	72.7
2014-05-06	70699.0	0.0	5374.0	60904.0	62333.0	8553.0	1750.0	53.3	53.0	65.0	71.3
2014-05-13	71069.0	0.0	4978.0	61164.0	63312.0	8876.0	1750.0	53.6	53.0	65.8	72.4
2014-05-20	72315.0	13.0	4929.0	62079.0	64106.0	9206.0	2263.0	53.3	53.1	66.3	72.3
2014-05-27	73202.0	0.0	5520.0	63601.0	64841.0	9023.0	2263.0	54.0	54.0	66.0	73.6
2014-06-03	74805.0	0.0	5640.0	64994.0	66144.0	9233.0	2443.0	53.1	54.2	66.1	73.4
2014-06-10	68801.0	0.0	5378.0	59777.0	60805.0	8631.0	2225.0	52.0	53.4	65.7	73.0
2014-06-17	68650.0	0.0	5205.0	59510.0	61097.0	8746.0	1954.0	52.2	54.8	66.3	74.5
2014-06-24	68880.0	0.0	5579.0	59969.0	60819.0	8626.0	2197.0	52.5	54.4	66.8	74.6
2014-07-01	69736.0	0.0	4906.0	60464.0	62017.0	8686.0	2227.0	51.9	54.3	66.2	74.6
2014-07-08	63829.0	0.0	5158.0	54888.0	56385.0	8941.0	2286.0	51.8	53.4	66.7	74.1
2014-07-15	64439.0	0.0	5680.0	56179.0	56513.0	8260.0	2246.0	51.8	53.7	66.7	73.7
2014-07-22	64901.0	0.0	5680.0	56430.0	56944.0	8471.0	2277.0	51.7	53.5	66.6	73.2
2014-07-29	65353.0	0.0	5956.0	56949.0	57303.0	8404.0	2094.0	51.6	53.5	65.7	73.1
2014-08-05	57882.0	0.0	5150.0	50398.0	50708.0	7484.0	2024.0	50.8	50.8	65.0	72.1
2014-08-12	58783.0	0.0	4999.0	51448.0	51700.0	7335.0	2084.0	50.7	48.3	64.7	71.2
2014-08-19	59130.0	0.0	4215.0	51717.0	52273.0	7289.0	2518.0	49.7	47.0	63.6	69.8
2014-08-26	59802.0	0.0	4215.0	52451.0	52914.0	7227.0	2549.0	49.1	46.2	62.9	68.3
2014-09-02	59923.0	0.0	4215.0	52787.0	53559.0	7012.0	2025.0	49.0	45.9	62.9	67.8
2014-09-09	53445.0	0.0	1012.0	45291.0	49174.0	7875.0	2980.0	47.7	49.7	60.2	65.0
2014-09-16	53939.0	0.0	1012.0	45754.0	49637.0	7906.0	3011.0	46.9	50.2	60.1	65.0
2014-09-23	56775.0	217.0	3376.0	50937.0	48947.0	5559.0	4390.0	45.5	48.8	62.5	66.3
2014-09-30	60499.0	217.0	2907.0	54327.0	51514.0	4885.0	5008.0	43.0	49.9	60.4	66.4
2014-10-07	54987.0	0.0	1932.0	48027.0	46114.0	5034.0	5015.0	40.5	49.8	57.6	64.1
2014-10-14	57606.0	0.0	1992.0	50388.0	48769.0	4864.0	4491.0	38.7	49.1	55.2	63.5
2014-10-21	58734.0	0.0	1564.0	50601.0	49624.0	5351.0	4764.0	38.5	49.6	56.9	62.9
2014-10-28	66293.0	1860.0	0.0	54109.0	56138.0	5978.0	5809.0	34.3	53.7	50.6	65.5
2014-11-04	67659.0	0.0	0.0	62286.0	59790.0	5373.0	7869.0	35.4	54.8	52.5	63.1
2014-11-11	64091.0	0.0	0.0	58002.0	58477.0	6089.0	5614.0	37.2	62.4	54.4	71.7
2014-11-18	66812.0	0.0	0.0	61089.0	61030.0	5723.0	5782.0	36.5	63.2	54.9	72.6
2014-11-25	69269.0	0.0	0.0	64715.0	63047.0	4554.0	6222.0	36.1	64.2	53.9	73.7
2014-12-02	71226.0	0.0	0.0	65345.0	64074.0	5881.0	7152.0	35.4	63.7	53.2	73.2
2014-12-09	68654.0	0.0	0.0	64217.0	63162.0	4437.0	5492.0	38.6	67.6	57.3	78.2
2014-12-16	70041.0	0.0	0.0	65132.0	66094.0	4909.0	3947.0	37.4	68.3	56.6	80.4
2014-12-23	74218.0	0.0	0.0	68983.0	68900.0	5235.0	5318.0	38.0	69.0	58.9	80.1
2014-12-30	74938.0	0.0	0.0	70541.0	69561.0	4397.0	5377.0	38.0	69.2	59.0	80.2
2015-01-06	76829.0	0.0	0.0	72381.0	74254.0	4448.0	2575.0	44.2	71.9	64.7	85.3
2015-01-13	79653.0	0.0	0.0	75536.0	74919.0	4117.0	4734.0	50.2	70.8	68.2	84.7
2015-01-20	82984.0	0.0	0.0	78662.0	79106.0	4322.0	3878.0	52.5	72.2	69.8	86.2
2015-01-27	83846.0	0.0	0.0	77302.0	80361.0	6544.0	3485.0	50.7	73.2	68.2	86.7
2015-02-03	86468.0	0.0	0.0	78580.0	81277.0	7888.0	5191.0	51.0	72.4	69.2	85.3
2015-02-10	87246.0	0.0	0.0	82452.0	83216.0	4794.0	4030.0	52.4	72.8	71.8	85.6
2015-02-17	88064.0	0.0	0.0	80116.0	82746.0	7948.0	5318.0	53.3	69.9	72.1	82.9
2015-02-24	89239.0	0.0	0.0	81204.0	85237.0	8035.0	4002.0	54.2	70.1	72.3	83.3
2015-03-03	96435.0	0.0	0.0	88829.0	89882.0	7606.0	6553.0	51.5	67.4	72.2	80.3
2015-03-10	89159.0	0.0	0.0	80563.0	83534.0	8596.0	5625.0	50.0	70.0	72.5	81.7
2015-03-17	88144.0	0.0	852.0	78940.0	81756.0	9204.0	5536.0	47.3	66.9	70.1	79.8
2015-03-24	91944.0	0.0	0.0	82981.0	84698.0	8963.0	7246.0	46.0	65.6	68.0	76.8
2015-03-31	93088.0	0.0	0.0	83681.0	84817.0	9407.0	8271.0	46.7	65.8	68.1	76.5
2015-04-07	85358.0	0.0	0.0	75788.0	76328.0	9570.0	9030.0	46.5	62.6	64.2	74.7
2015-04-14	86003.0	0.0	0.0	76384.0	79114.0	9619.0	6889.0	46.7	63.0	64.4	74.8
2015-04-21	85533.0	0.0	979.0	76101.0	78674.0	9432.0	5880.0	45.7	63.5	62.3	75.3
2015-04-28	88313.0	0.0	1959.0	75605.0	79924.0	12463.0	6185.0	44.2	63.8	60.7	76.0
2015-05-05	84740.0	0.0	885.0	73673.0	78009.0	11067.0	5846.0	42.5	61.0	57.5	76.0
2015-05-12	86921.0	0.0	947.0	76525.0	80371.0	10396.0	5603.0	42.0	65.1	59.2	78.3
2015-05-19	89083.0	0.0	1008.0	78262.0	84064.0	10821.0	4011.0	42.3	65.9	59.0	79.9
2015-05-26	90947.0	0.0	1067.0	79818.0	85653.0	11129.0	4227.0	42.7	65.6	58.8	80.1
2015-06-02	93315.0	0.0	1097.0	80944.0	87776.0	12371.0	4442.0	42.9	67.2	58.7	81.7
2015-06-09	88941.0	0.0	887.0	78697.0	85813.0	10244.0	2241.0	43.9	66.9	58.6	80.3
2015-06-16	89665.0	0.0	887.0	79511.0	86108.0	10154.0	2670.0	44.5	66.3	58.0	79.4
2015-06-23	91512.0	0.0	887.0	82031.0	88328.0	9481.0	2297.0	45.4	66.3	58.9	78.5
2015-06-30	94297.0	0.0	917.0	84876.0	91355.0	9421.0	2025.0	45.0	66.1	59.2	78.0
2015-07-07	82011.0	0.0	792.0	74586.0	78957.0	7425.0	2262.0	45.6	67.7	59.0	78.2
2015-07-14	81799.0	0.0	700.0	72467.0	78557.0	9332.0	2542.0	45.2	67.9	59.4	78.8
2015-07-21	83187.0	0.0	700.0	73918.0	79910.0	9269.0	2577.0	45.7	66.3	61.9	80.0
2015-07-28	83643.0	0.0	731.0	74281.0	80335.0	9362.0	2577.0	45.0	66.6	61.6	79.4
2015-08-04	85263.0	0.0	731.0	75718.0	82231.0	9545.0	2301.0	44.3	65.3	61.4	79.5
2015-08-11	71522.0	0.0	728.0	62847.0	68629.0	8675.0	2165.0	41.8	69.1	60.3	78.4
2015-08-18	71297.0	0.0	668.0	61704.0	68435.0	9593.0	2194.0	39.1	69.2	56.7	78.6
2015-08-25	73945.0	0.0	608.0	63651.0	70963.0	10294.0	2374.0	39.1	66.5	55.8	75.6
2015-09-01	74345.0	0.0	608.0	64702.0	71604.0	9643.0	2133.0	37.1	65.7	52.5	74.9
2015-09-08	64963.0	0.0	248.0	56275.0	62418.0	8688.0	2297.0	42.1	64.9	57.5	73.8
2015-09-15	67608.0	0.0	217.0	57402.0	64362.0	10206.0	3029.0	40.9	64.9	55.2	73.3
2015-09-22	70431.0	0.0	0.0	61858.0	66121.0	8573.0	4310.0	42.0	64.5	56.5	72.9
2015-09-29	72762.0	0.0	0.0	64342.0	69426.0	8420.0	3336.0	43.0	63.6	58.1	72.8
2015-10-06	71399.0	0.0	0.0	62230.0	68544.0	9169.0	2855.0	53.4	61.4	66.9	74.2
2015-10-13	73037.0	0.0	0.0	62981.0	70057.0	10056.0	2980.0	54.2	61.3	66.8	74.2
2015-10-20	75476.0	1712.0	0.0	63708.0	72009.0	10056.0	3467.0	53.3	60.9	66.4	75.0
2015-10-27	75850.0	1926.0	0.0	66860.0	74188.0	7064.0	1662.0	53.3	61.3	66.5	74.0
2015-11-03	77440.0	2354.0	0.0	67748.0	75809.0	7338.0	1631.0	52.5	60.8	66.5	73.7
2015-11-10	73722.0	2354.0	0.0	63773.0	71015.0	7595.0	2707.0	52.1	63.3	66.1	76.7
2015-11-17	72446.0	0.0	0.0	65004.0	68207.0	7442.0	4239.0	53.5	64.3	66.4	74.8
2015-11-24	75078.0	217.0	0.0	68212.0	69954.0	6649.0	5124.0	52.9	63.0	64.8	73.1
2015-12-01	75167.0	248.0	0.0	67811.0	70533.0	7108.0	4634.0	52.8	63.8	64.3	74.0
2015-12-08	72816.0	0.0	0.0	65696.0	68832.0	7120.0	3984.0	51.9	64.7	63.3	74.5
2015-12-15	72122.0	0.0	0.0	65005.0	68541.0	7117.0	3581.0	53.2	66.6	65.1	77.3
2015-12-22	74164.0	0.0	0.0	66383.0	70193.0	7781.0	3971.0	52.0	67.6	64.7	79.4
2015-12-29	75414.0	578.0	0.0	68269.0	72528.0	6567.0	2886.0	51.4	68.0	63.9	79.8
2016-01-05	76419.0	609.0	0.0	68939.0	73564.0	6871.0	2855.0	50.9	67.3	63.8	79.4
2016-01-12	76611.0	196.0	0.0	70036.0	73708.0	6147.0	2671.0	54.9	70.8	69.2	83.5
2016-01-19	79058.0	457.0	0.0	71670.0	75913.0	6699.0	2913.0	55.8	70.7	69.8	84.3
2016-01-26	79023.0	515.0	0.0	72275.0	75324.0	6001.0	3467.0	56.0	68.8	70.3	83.3
2016-02-02	82670.0	515.0	0.0	75410.0	79121.0	6513.0	3317.0	56.0	67.3	71.5	84.2
2016-02-09	83143.0	0.0	0.0	75696.0	79622.0	7447.0	3521.0	58.3	69.6	72.7	87.1
2016-02-16	84176.0	0.0	0.0	76457.0	80624.0	7719.0	3552.0	57.4	69.4	71.6	85.3
2016-02-23	86378.0	0.0	0.0	78568.0	83411.0	7810.0	2967.0	57.3	69.8	70.1	85.4
2016-03-01	88336.0	299.0	0.0	79248.0	85432.0	8575.0	2690.0	58.7	70.0	71.3	85.7
2016-03-08	87785.0	0.0	1413.0	77867.0	83756.0	9557.0	2255.0	59.6	71.6	72.5	86.4
2016-03-15	90680.0	0.0	1443.0	80792.0	86651.0	9557.0	2255.0	58.8	70.5	73.3	86.2
2016-03-22	92598.0	0.0	1259.0	83477.0	88266.0	8668.0	2620.0	59.7	69.7	72.7	85.7
2016-03-29	96136.0	0.0	1165.0	86708.0	91412.0	9034.0	3165.0	62.6	68.7	73.9	83.8
2016-04-05	89180.0	0.0	1317.0	80709.0	84477.0	8198.0	3113.0	63.2	68.7	74.0	83.6
2016-04-12	89887.0	0.0	1379.0	81354.0	85122.0	8260.0	3113.0	63.3	68.8	74.1	83.7
2016-04-19	91237.0	0.0	1195.0	82735.0	86534.0	8107.0	3113.0	63.6	69.2	74.4	84.0
2016-04-26	91967.0	0.0	1378.0	83617.0	87024.0	8107.0	3322.0	63.6	69.8	74.8	84.4
2016-05-03	93800.0	0.0	1500.0	85268.0	88550.0	8411.0	3629.0	63.6	70.1	74.6	84.6
2016-05-10	88241.0	0.0	1286.0	80400.0	83461.0	7568.0	3221.0	63.8	69.7	73.9	84.7
2016-05-17	89432.0	0.0	1316.0	81498.0	84528.0	7691.0	3345.0	64.1	70.0	74.0	84.9
2016-05-24	90797.0	330.0	1931.0	82470.0	85522.0	7874.0	3221.0	64.3	69.6	74.3	85.1
2016-05-31	92206.0	210.0	1962.0	83695.0	86592.0	8209.0	3560.0	64.2	68.9	74.3	85.1
2016-06-07	83460.0	0.0	2055.0	75012.0	78055.0	8387.0	3289.0	65.8	69.0	74.8	84.2
2016-06-14	85329.0	0.0	2024.0	78473.0	79800.0	6795.0	3444.0	66.0	69.4	75.3	84.1
2016-06-21	87948.0	0.0	465.0	78107.0	80519.0	9841.0	6964.0	64.3	69.0	74.0	83.0
2016-06-28	90587.0	626.0	465.0	80938.0	82890.0	8533.0	6742.0	62.9	67.6	73.9	81.8
2016-07-05	91231.0	626.0	465.0	79256.0	83840.0	10859.0	6436.0	60.4	68.2	71.6	82.3
2016-07-12	80781.0	990.0	0.0	72029.0	74017.0	7334.0	6336.0	64.1	69.4	74.4	81.3
2016-07-19	81820.0	629.0	0.0	73004.0	75581.0	7759.0	5811.0	64.2	68.4	74.8	81.2
2016-07-26	82517.0	629.0	0.0	73680.0	76047.0	7780.0	6042.0	62.7	67.6	73.3	80.0
2016-08-02	83004.0	717.0	0.0	71876.0	75953.0	9983.0	6623.0	59.6	67.5	70.1	79.1
2016-08-09	73794.0	359.0	0.0	66002.0	67884.0	7009.0	5486.0	64.7	69.0	74.0	78.2
2016-08-16	74043.0	329.0	0.0	66688.0	67828.0	6572.0	5761.0	64.2	67.6	74.0	76.6
2016-08-23	74194.0	329.0	0.0	66720.0	68099.0	6691.0	5641.0	63.9	67.6	73.6	76.5
2016-08-30	74434.0	299.0	0.0	67020.0	68280.0	6661.0	5700.0	63.8	67.0	73.6	75.9
2016-09-06	65845.0	242.0	0.0	59344.0	59807.0	5989.0	5768.0	66.1	67.1	76.0	74.7
2016-09-13	66334.0	0.0	513.0	60070.0	60112.0	6233.0	5678.0	66.1	67.0	76.3	73.8
2016-09-20	66790.0	0.0	513.0	60312.0	60199.0	6447.0	6047.0	65.2	66.9	75.1	73.7
2016-09-27	68932.0	0.0	513.0	62600.0	61606.0	6301.0	6782.0	63.8	64.6	73.7	71.3
2016-10-04	68808.0	0.0	269.0	60408.0	61482.0	8369.0	7026.0	60.7	64.5	70.7	71.2
2017-01-24	59518.0	0.0	0.0	53777.0	50466.0	5741.0	9052.0	57.9	57.0	69.1	63.7
2017-01-31	58267.0	0.0	0.0	51997.0	49437.0	6270.0	8830.0	53.9	58.4	64.9	62.1
