2013-05-07	14089.0	0.0	1395.0	13872.0	11952.0	217.0	742.0	62.4	67.2	90.3	85.1
2013-05-14	16519.0	0.0	1395.0	16302.0	14262.0	217.0	862.0	69.0	61.3	84.2	76.7
2013-05-21	19699.0	0.0	1395.0	19362.0	17112.0	337.0	1192.0	69.1	54.5	83.5	70.1
2013-05-28	24259.0	0.0	2718.0	23922.0	20418.0	337.0	1123.0	70.8	45.5	80.7	61.2
2013-06-11	16692.0	0.0	1380.0	16482.0	14262.0	210.0	1050.0	73.2	45.8	86.6	63.3
2013-06-18	19513.0	0.0	1380.0	19179.0	17021.0	334.0	1112.0	74.7	43.4	86.2	64.3
2013-06-25	23043.0	0.0	1380.0	22799.0	20325.0	244.0	1338.0	68.8	42.0	87.1	62.4
2013-07-02	23229.0	0.0	1287.0	22892.0	18558.0	244.0	3291.0	68.7	37.5	86.8	53.8
2013-08-27	16898.0	0.0	0.0	16224.0	16047.0	674.0	851.0	81.7	49.4	86.3	72.1
2013-09-03	17298.0	0.0	0.0	16534.0	16447.0	764.0	851.0	83.5	52.0	88.1	74.7
2013-11-26	16157.0	0.0	217.0	15547.0	13908.0	610.0	2032.0	81.3	61.4	93.3	81.3
2013-12-03	16157.0	0.0	217.0	15547.0	13908.0	610.0	2032.0	81.3	61.4	93.3	81.3
2013-12-17	14398.0	248.0	806.0	13964.0	11886.0	186.0	1706.0	57.8	37.2	74.2	59.1
2013-12-24	17374.0	589.0	1333.0	16537.0	13777.0	248.0	2264.0	59.9	32.3	70.6	55.2
2014-01-07	11174.0	589.0	1333.0	10523.0	8259.0	62.0	1582.0	67.3	39.9	80.4	57.6
2014-01-14	12238.0	813.0	1613.0	11363.0	9043.0	62.0	1582.0	55.5	36.4	71.5	54.7
2014-01-21	13078.0	869.0	1613.0	12091.0	9883.0	118.0	1582.0	60.5	33.4	75.1	56.8
2014-01-28	15682.0	869.0	1501.0	14471.0	12427.0	230.0	1642.0	62.3	36.3	75.8	56.9
2014-02-04	16650.0	869.0	1501.0	14583.0	12427.0	1086.0	2610.0	57.8	34.2	70.6	52.1
2014-02-25	14232.0	280.0	615.0	13331.0	11786.0	621.0	1831.0	70.9	53.1	89.0	70.2
2014-03-04	14232.0	280.0	615.0	12463.0	11848.0	1489.0	1769.0	68.9	53.5	82.9	70.6
2014-06-24	22801.0	0.0	1131.0	22253.0	20267.0	548.0	1403.0	83.1	63.6	95.0	87.4
2014-07-01	22863.0	0.0	883.0	22253.0	20670.0	610.0	1310.0	82.9	63.6	94.8	88.0
2014-07-29	23375.0	0.0	713.0	23131.0	21891.0	244.0	771.0	83.5	66.0	93.9	90.5
2014-09-02	22200.0	450.0	796.0	21626.0	20281.0	124.0	1123.0	84.1	62.7	97.3	88.3
2014-09-30	18294.0	667.0	672.0	17255.0	16776.0	372.0	846.0	78.6	55.7	91.6	78.2
2014-10-28	18324.0	217.0	372.0	17645.0	16742.0	462.0	1210.0	79.6	61.3	88.7	78.5
2014-11-04	18564.0	217.0	372.0	17885.0	15370.0	462.0	2822.0	79.9	59.9	91.7	76.5
2014-11-25	19279.0	0.0	341.0	18762.0	17100.0	517.0	1838.0	86.5	51.7	91.4	74.4
2014-12-02	19639.0	0.0	341.0	19122.0	17010.0	517.0	2288.0	87.8	52.6	93.8	74.8
2014-12-23	21084.0	0.0	310.0	20123.0	19224.0	930.0	1519.0	88.4	57.4	94.7	80.1
2014-12-30	21177.0	0.0	217.0	20123.0	19317.0	930.0	1519.0	88.0	55.4	94.3	79.0
2015-01-27	20528.0	0.0	184.0	20022.0	19335.0	382.0	885.0	81.1	59.0	95.0	79.1
2015-02-03	39490.0	0.0	268.0	38538.0	37971.0	828.0	1127.0	84.7	73.1	93.0	86.8
2015-02-10	33042.0	0.0	392.0	32678.0	31740.0	364.0	910.0	90.3	77.0	96.4	88.0
2015-02-17	33414.0	0.0	392.0	33050.0	32112.0	364.0	910.0	90.4	76.8	96.4	88.1
2015-02-24	37754.0	0.0	733.0	37328.0	36139.0	426.0	882.0	87.9	71.5	96.3	84.6
2015-03-03	37692.0	0.0	733.0	36604.0	36077.0	1088.0	882.0	88.0	71.4	95.2	84.6
2015-03-24	35200.0	0.0	341.0	34890.0	34397.0	310.0	462.0	93.0	78.1	99.1	92.0
2015-03-31	36310.0	0.0	671.0	35674.0	35177.0	636.0	462.0	91.4	76.1	96.8	89.4
2015-11-24	19742.0	1237.0	0.0	17346.0	18854.0	1036.0	765.0	80.9	49.7	86.8	74.2
2015-12-01	19742.0	1237.0	0.0	17346.0	18854.0	1036.0	765.0	80.9	49.7	86.8	74.2
2016-01-26	20172.0	1055.0	0.0	18842.0	19669.0	275.0	503.0	85.9	55.0	92.2	77.5
2016-02-02	20607.0	1171.0	0.0	19161.0	19988.0	275.0	619.0	86.4	53.9	93.0	76.4
2016-03-01	31831.0	406.0	661.0	31127.0	30439.0	153.0	586.0	91.2	71.2	94.3	84.5
2016-03-29	44680.0	0.0	716.0	44110.0	43270.0	480.0	604.0	95.5	81.4	98.6	91.9
2016-05-03	44031.0	0.0	403.0	43178.0	42629.0	853.0	999.0	92.9	83.9	95.4	91.4
2016-12-27	9140.0	868.0	0.0	7695.0	8396.0	577.0	744.0	47.6	64.4	72.7	81.7
2017-01-03	9543.0	1085.0	0.0	7881.0	8303.0	577.0	1240.0	46.9	62.3	72.8	79.9
