2013-05-07	418748.0	9683.0	0.0	399004.0	408687.0	0.0	0.0	55.7	59.7	71.0	71.7
2013-05-14	401661.0	1530.0	0.0	387133.0	388663.0	0.0	0.0	55.6	58.3	73.0	72.5
2013-05-21	412117.0	37.0	3123.0	397589.0	394503.0	0.0	0.0	57.6	57.6	72.5	71.5
2013-05-28	413029.0	37.0	4403.0	398501.0	394135.0	0.0	0.0	57.9	57.0	72.7	72.1
2013-06-11	390264.0	0.0	10147.0	381238.0	371091.0	0.0	0.0	54.0	54.6	70.5	70.0
2013-06-18	394240.0	0.0	12099.0	385214.0	373115.0	0.0	0.0	52.5	53.6	69.4	68.8
2013-06-25	400697.0	0.0	15356.0	391671.0	376315.0	0.0	0.0	51.9	53.6	68.5	68.2
2013-07-02	399442.0	0.0	15356.0	390416.0	375060.0	0.0	0.0	51.0	53.7	67.7	68.4
2013-07-09	393090.0	0.0	15356.0	384064.0	368708.0	0.0	0.0	49.3	52.7	66.3	67.7
2013-07-16	380655.0	0.0	16931.0	371941.0	355010.0	0.0	0.0	51.0	54.6	67.7	70.5
2013-07-23	376805.0	0.0	16931.0	368091.0	351160.0	0.0	0.0	51.6	54.9	68.4	71.4
2013-07-30	383841.0	0.0	17243.0	375127.0	357884.0	0.0	0.0	51.9	55.5	68.1	72.2
2013-08-06	391949.0	0.0	10362.0	378243.0	367881.0	0.0	0.0	52.3	56.4	67.0	71.0
2013-08-13	372398.0	0.0	7673.0	358733.0	351060.0	0.0	0.0	54.7	58.5	70.0	74.3
2013-08-20	364669.0	705.0	913.0	346124.0	345916.0	0.0	0.0	52.7	58.5	67.8	74.2
2013-08-27	345702.0	705.0	1234.0	327157.0	326628.0	0.0	0.0	50.1	61.3	66.0	73.9
2013-09-03	339953.0	1338.0	1876.0	321096.0	320558.0	0.0	0.0	48.1	59.6	64.8	73.2
2013-09-10	316241.0	6018.0	2500.0	297696.0	301214.0	0.0	0.0	49.5	61.6	66.0	75.6
2013-09-17	311109.0	3210.0	3124.0	295372.0	295458.0	0.0	0.0	49.6	60.7	66.3	74.9
2013-09-24	324449.0	0.0	27549.0	309976.0	282427.0	0.0	0.0	48.2	53.5	66.3	71.2
2013-10-01	341275.0	0.0	50452.0	328410.0	277958.0	0.0	0.0	48.8	57.2	69.1	72.6
2013-10-08	343660.0	0.0	53479.0	330818.0	277339.0	0.0	0.0	48.8	57.4	69.0	72.9
2013-10-15	315238.0	0.0	47414.0	300804.0	253390.0	0.0	0.0	49.4	58.5	69.5	73.8
2013-10-22	325886.0	0.0	56125.0	311452.0	255327.0	0.0	0.0	51.0	59.0	70.5	73.9
2013-10-29	327815.0	0.0	57817.0	313381.0	255564.0	0.0	0.0	51.0	59.0	70.6	74.3
2013-11-05	332874.0	0.0	58760.0	319383.0	260623.0	0.0	0.0	52.2	59.5	70.9	74.7
2013-11-12	306050.0	0.0	57544.0	295687.0	238143.0	0.0	0.0	53.9	62.4	72.0	76.4
2013-11-19	310996.0	0.0	55432.0	299025.0	243593.0	0.0	0.0	53.4	59.6	71.2	73.7
