2013-05-07	581172.0	73968.0	138003.0	505219.0	441184.0	0.0	0.0	40.8	47.4	64.9	63.1
2013-05-14	584523.0	69304.0	147731.0	511651.0	433224.0	0.0	0.0	40.1	48.0	64.0	63.0
2013-05-21	591908.0	69304.0	157133.0	519036.0	431207.0	0.0	0.0	40.4	49.3	64.6	63.3
2013-05-28	593041.0	69304.0	157092.0	520169.0	432381.0	0.0	0.0	40.2	49.1	64.5	63.5
2013-06-11	591984.0	45349.0	160083.0	536640.0	421906.0	0.0	0.0	42.1	48.3	62.7	61.7
2013-06-18	616888.0	49659.0	170195.0	557640.0	437104.0	0.0	0.0	43.9	50.1	64.8	62.8
2013-06-25	614559.0	54739.0	167418.0	550631.0	437952.0	0.0	0.0	44.4	49.5	65.2	62.4
2013-07-02	639071.0	59027.0	184996.0	570855.0	444886.0	0.0	0.0	43.7	50.4	65.6	63.6
2013-07-09	650376.0	49088.0	188861.0	590520.0	450747.0	0.0	0.0	45.4	49.8	63.5	61.4
2013-07-16	656486.0	49072.0	186493.0	596646.0	459225.0	0.0	0.0	49.3	49.8	65.9	62.9
2013-07-23	664427.0	45168.0	195901.0	609291.0	458558.0	0.0	0.0	48.5	49.9	63.9	64.5
2013-07-30	672982.0	45560.0	205305.0	617454.0	457709.0	0.0	0.0	48.1	50.9	62.9	64.6
2013-08-06	650606.0	46412.0	206080.0	593417.0	433749.0	0.0	0.0	47.9	51.7	62.4	64.2
2013-08-13	645092.0	39395.0	211935.0	595312.0	422772.0	0.0	0.0	46.4	52.6	61.2	65.2
2013-08-20	645077.0	39410.0	211135.0	596082.0	424357.0	0.0	0.0	45.2	52.5	60.4	65.0
2013-08-27	649029.0	39810.0	201775.0	598834.0	436869.0	0.0	0.0	44.6	53.6	59.5	66.2
2013-09-03	647404.0	34786.0	187335.0	602233.0	449684.0	0.0	0.0	45.6	51.7	60.4	65.1
2013-09-10	609297.0	30114.0	7065.0	568046.0	591095.0	0.0	0.0	49.0	51.0	63.3	63.6
2013-09-17	587578.0	20802.0	1550.0	552568.0	571820.0	0.0	0.0	48.5	50.9	60.8	63.0
2013-09-24	590482.0	22074.0	1550.0	553448.0	573972.0	0.0	0.0	47.8	48.5	60.4	60.4
2013-10-01	590545.0	23339.0	775.0	552303.0	574867.0	0.0	0.0	46.6	48.0	59.5	60.2
2013-10-08	567264.0	24483.0	0.0	531078.0	555561.0	0.0	0.0	48.3	48.8	61.8	61.0
2013-10-15	568006.0	26094.0	0.0	531820.0	557914.0	0.0	0.0	47.8	48.9	61.6	61.2
2013-10-22	554099.0	27318.0	0.0	517097.0	544415.0	0.0	0.0	46.5	47.4	60.0	59.7
2013-10-29	556332.0	26516.0	0.0	519330.0	545846.0	0.0	0.0	45.6	46.2	59.4	58.5
2013-11-05	549116.0	28841.0	0.0	510564.0	539029.0	0.0	376.0	42.4	41.6	53.5	54.7
2013-11-12	521920.0	31473.0	0.0	484496.0	515969.0	0.0	0.0	46.2	43.6	58.1	57.3
2013-11-19	531375.0	30249.0	0.0	495175.0	525424.0	0.0	0.0	44.2	41.5	55.5	55.4
