2013-05-07	1151360.0	0.0	0.0	1147680.0	1151360.0	3680.0	0.0	62.9	80.1	83.5	92.7
2013-05-14	1045600.0	0.0	0.0	1045600.0	1045600.0	0.0	0.0	63.3	80.5	85.0	93.6
2013-05-21	1053600.0	0.0	0.0	1053600.0	1053600.0	0.0	0.0	62.8	80.7	85.1	93.7
2013-05-28	1100400.0	0.0	0.0	1100400.0	1100400.0	0.0	0.0	64.4	81.1	85.8	94.0
2013-06-11	1067280.0	4000.0	0.0	1063280.0	1067280.0	0.0	0.0	67.1	82.7	86.5	94.7
2013-06-18	1086880.0	4000.0	0.0	1082880.0	1086880.0	0.0	0.0	65.9	84.1	84.9	94.4
2013-06-25	1141760.0	4000.0	0.0	1137760.0	1141760.0	0.0	0.0	62.7	84.2	84.3	93.6
2013-07-02	1145680.0	4000.0	0.0	1141680.0	1145680.0	0.0	0.0	62.5	84.3	84.0	93.7
2013-07-09	1019680.0	0.0	0.0	1019680.0	1019680.0	0.0	0.0	63.9	85.4	87.7	94.3
2013-07-16	1019680.0	0.0	0.0	1019680.0	1019680.0	0.0	0.0	63.9	85.4	87.7	94.3
2013-07-23	1019680.0	0.0	0.0	1019680.0	1019680.0	0.0	0.0	63.6	85.1	87.3	94.3
2013-07-30	1019680.0	0.0	3920.0	1019680.0	1015760.0	0.0	0.0	63.6	84.7	87.3	93.9
2013-08-06	1019680.0	0.0	3920.0	1019680.0	1015760.0	0.0	0.0	63.6	84.7	87.3	93.9
2013-08-13	884440.0	0.0	3920.0	884440.0	880520.0	0.0	0.0	64.0	83.7	88.2	93.6
2013-08-20	884440.0	0.0	3920.0	884440.0	880520.0	0.0	0.0	64.0	81.8	86.4	91.8
2013-08-27	904440.0	0.0	3920.0	904440.0	900520.0	0.0	0.0	62.6	82.2	84.5	92.0
2013-09-03	926440.0	0.0	3920.0	926440.0	922520.0	0.0	0.0	61.1	80.3	83.1	90.7
2013-09-10	818800.0	0.0	0.0	818800.0	818800.0	0.0	0.0	59.5	79.6	84.0	91.6
2013-09-17	837600.0	0.0	0.0	837600.0	837600.0	0.0	0.0	58.2	77.8	82.1	89.5
2013-09-24	880080.0	0.0	0.0	880080.0	880080.0	0.0	0.0	54.9	78.9	81.6	90.0
2013-10-01	902640.0	0.0	3760.0	902640.0	898880.0	0.0	0.0	54.8	79.0	81.2	89.9
2013-10-08	857520.0	0.0	3760.0	857520.0	853760.0	0.0	0.0	55.3	77.3	78.5	86.6
2013-10-15	904320.0	0.0	3760.0	904320.0	900560.0	0.0	0.0	57.6	78.5	79.6	87.3
2013-10-22	912320.0	0.0	7760.0	912320.0	904560.0	0.0	0.0	57.9	77.8	79.8	86.6
2013-10-29	932320.0	0.0	7760.0	932320.0	924560.0	0.0	0.0	57.1	76.1	79.8	84.7
2013-11-05	995120.0	0.0	7760.0	995120.0	987360.0	0.0	0.0	53.5	77.3	74.8	85.7
2013-11-12	844720.0	0.0	4000.0	844720.0	840720.0	0.0	0.0	58.0	76.1	80.4	88.3
2013-11-19	848800.0	0.0	4000.0	848800.0	844800.0	0.0	0.0	57.8	76.2	80.0	88.4
