2013-05-07	290520.0	17432.0	3528.0	268832.0	284208.0	1472.0	0.0	27.1	53.7	45.1	67.2
2013-05-14	285016.0	17144.0	3208.0	264736.0	278672.0	0.0	0.0	29.0	52.6	47.2	67.8
2013-05-21	281936.0	19912.0	3208.0	259288.0	275992.0	0.0	0.0	36.5	54.2	55.7	68.5
2013-05-28	294768.0	19864.0	3160.0	272520.0	289224.0	0.0	0.0	36.3	52.2	55.9	65.6
2013-06-11	287808.0	19120.0	3984.0	265552.0	280688.0	0.0	0.0	35.6	45.9	55.3	62.1
2013-06-18	286624.0	19120.0	3984.0	264368.0	279504.0	0.0	0.0	35.8	46.5	55.4	62.8
2013-06-25	303768.0	17936.0	3984.0	282696.0	296648.0	0.0	0.0	36.4	47.7	54.9	62.8
2013-07-02	309216.0	17936.0	3984.0	288144.0	302096.0	0.0	0.0	35.8	48.6	55.5	63.3
2013-07-09	290816.0	17936.0	4384.0	270544.0	284096.0	0.0	0.0	37.7	49.1	58.7	64.9
2013-07-16	297472.0	15976.0	4384.0	278384.0	289976.0	0.0	0.0	37.0	49.7	57.1	65.3
2013-07-23	296680.0	15584.0	4384.0	277984.0	289184.0	0.0	0.0	37.1	49.4	57.0	65.5
2013-07-30	293480.0	14784.0	3992.0	275576.0	286760.0	392.0	0.0	37.5	49.9	58.1	67.0
2013-08-06	295432.0	13544.0	3584.0	278752.0	288712.0	0.0	0.0	36.6	49.5	56.9	67.1
2013-08-13	298080.0	13552.0	2408.0	282192.0	293336.0	0.0	0.0	38.9	52.6	60.7	70.3
2013-08-20	299256.0	13552.0	2408.0	283768.0	294912.0	0.0	0.0	38.9	51.0	60.3	69.6
2013-08-27	298432.0	12744.0	2408.0	283752.0	294088.0	0.0	0.0	38.9	50.8	59.8	69.6
2013-09-03	297624.0	12336.0	2408.0	283352.0	293280.0	0.0	0.0	39.0	50.9	60.1	69.9
2013-09-10	290248.0	12336.0	2376.0	276728.0	286688.0	0.0	0.0	34.0	52.8	56.3	68.6
2013-09-17	291008.0	12336.0	2376.0	277488.0	287448.0	0.0	0.0	34.5	53.1	56.4	68.7
2013-09-24	291272.0	12712.0	2752.0	277376.0	287336.0	0.0	0.0	34.2	53.0	55.8	68.5
2013-10-01	292784.0	12336.0	2376.0	279264.0	289224.0	0.0	0.0	33.6	52.5	54.6	67.7
2013-10-08	271152.0	11128.0	1184.0	259248.0	269192.0	0.0	0.0	35.1	51.2	55.5	65.4
2013-10-15	273480.0	12256.0	1184.0	259648.0	270720.0	0.0	0.0	34.8	49.7	55.3	63.9
2013-10-22	282496.0	13480.0	1184.0	267856.0	280152.0	0.0	0.0	37.4	49.4	57.1	63.8
2013-10-29	294688.0	13480.0	1184.0	280048.0	292344.0	0.0	0.0	35.6	47.6	54.6	61.5
2013-11-05	298208.0	12664.0	1184.0	284384.0	295864.0	0.0	0.0	36.4	46.2	54.8	60.6
2013-11-12	282224.0	11160.0	808.0	269904.0	280256.0	0.0	0.0	41.7	49.8	60.4	66.3
2013-11-19	287120.0	9528.0	808.0	276432.0	285152.0	0.0	0.0	41.2	50.7	59.5	66.0
