2012-10-16	205147.0	4700.0	0.0	190770.0	199045.0	8985.0	5410.0	46.9	56.3	61.3	68.3
2012-10-23	204038.0	4443.0	0.0	188662.0	196799.0	9261.0	5567.0	45.0	55.2	59.8	66.3
2012-10-30	209148.0	5487.0	0.0	195456.0	202614.0	7483.0	5812.0	43.9	56.9	57.4	66.9
2012-11-06	196564.0	3421.0	0.0	183023.0	188990.0	9767.0	7221.0	48.0	59.8	61.1	70.3
2012-11-13	200377.0	880.0	1801.0	190291.0	187220.0	7207.0	9357.0	48.6	58.2	63.0	68.9
2012-11-20	201097.0	3299.0	3477.0	189908.0	186806.0	6288.0	9212.0	49.1	57.0	62.9	67.8
2012-11-27	200779.0	3504.0	3121.0	187059.0	189683.0	7920.0	5679.0	49.1	56.3	61.7	66.1
2012-12-04	197910.0	5665.0	2318.0	181433.0	187206.0	8566.0	6140.0	47.1	55.3	60.2	66.3
2012-12-11	183744.0	4753.0	3562.0	168795.0	171128.0	8106.0	6964.0	50.0	57.5	63.6	69.4
2012-12-18	192581.0	4070.0	3754.0	178124.0	180522.0	9458.0	7376.0	49.1	58.3	62.4	70.3
2012-12-24	197531.0	4070.0	2834.0	182482.0	186238.0	9604.0	7084.0	47.3	56.6	60.0	67.3
2012-12-31	199113.0	4240.0	1712.0	183722.0	188782.0	9483.0	6951.0	46.8	55.7	59.3	66.4
2013-01-08	183657.0	3202.0	1795.0	170797.0	174052.0	8378.0	6530.0	51.4	56.9	63.3	70.2
2013-01-15	189571.0	3668.0	4254.0	176457.0	178164.0	8796.0	6503.0	51.6	54.7	64.7	70.1
2013-01-22	193941.0	4058.0	2746.0	180000.0	182498.0	8393.0	7207.0	53.5	56.0	66.6	71.1
2013-01-29	201982.0	3874.0	3050.0	188136.0	190503.0	8240.0	6697.0	50.5	50.1	63.1	66.0
2013-02-05	198266.0	4089.0	4122.0	184813.0	186922.0	8532.0	6390.0	57.9	53.4	70.9	70.2
2013-02-12	201247.0	3934.0	3198.0	187031.0	189661.0	8777.0	6883.0	58.3	54.9	71.2	72.3
2013-02-19	200472.0	3384.0	2795.0	186343.0	188702.0	8808.0	7038.0	57.3	55.6	70.7	72.0
2013-02-26	203062.0	3350.0	2225.0	187172.0	191141.0	9970.0	7126.0	55.4	55.2	68.9	72.5
2013-03-05	190889.0	5302.0	2140.0	174839.0	179068.0	9389.0	8322.0	56.6	58.7	71.7	75.6
2013-03-12	196072.0	3852.0	3335.0	179114.0	179713.0	11034.0	10952.0	58.0	57.1	70.6	72.9
2013-03-19	206315.0	8166.0	3220.0	187402.0	191558.0	9409.0	10199.0	57.6	55.5	69.3	69.8
2013-03-26	217050.0	5676.0	3956.0	201506.0	202736.0	7634.0	8124.0	58.5	54.5	69.4	67.7
2013-04-02	232735.0	9261.0	3956.0	212646.0	217251.0	9049.0	9749.0	58.6	51.0	69.4	68.5
2013-04-09	216848.0	8771.0	4204.0	198974.0	201047.0	7458.0	9952.0	59.0	51.9	71.1	69.8
2013-04-16	226954.0	6874.0	4804.0	209628.0	209640.0	7755.0	9813.0	59.0	54.0	71.7	70.9
2013-04-23	240311.0	5894.0	4897.0	222176.0	220728.0	9210.0	11655.0	57.3	51.8	70.6	68.4
2013-04-30	243092.0	6415.0	5024.0	223228.0	223800.0	10558.0	11377.0	58.3	51.4	70.9	67.7
2013-05-07	238344.0	5125.0	4523.0	221272.0	220640.0	8750.0	9984.0	56.0	54.5	70.6	70.7
2013-05-14	258433.0	6111.0	4617.0	237541.0	241392.0	11972.0	9615.0	55.9	56.9	70.1	73.7
2013-05-21	259738.0	8425.0	4621.0	238400.0	243083.0	11356.0	10477.0	55.5	58.2	70.2	74.9
2013-05-28	265498.0	6454.0	4694.0	246757.0	246750.0	10038.0	11805.0	53.5	56.5	69.4	71.6
2013-06-11	243002.0	5369.0	3571.0	229282.0	229067.0	6255.0	8268.0	55.8	52.3	69.2	70.3
2013-06-18	246353.0	4515.0	2797.0	231404.0	231505.0	8247.0	9864.0	55.9	51.4	68.0	68.3
2013-06-25	249409.0	5208.0	2845.0	233915.0	236681.0	8351.0	7948.0	55.2	50.8	66.6	67.1
2013-07-02	253513.0	5162.0	2472.0	237244.0	241274.0	9074.0	7734.0	54.0	49.7	65.9	66.5
2013-07-09	237234.0	3622.0	2042.0	224265.0	226026.0	7097.0	6916.0	55.4	52.1	68.8	70.4
2013-07-16	237945.0	3587.0	1498.0	223635.0	227228.0	7892.0	6388.0	56.8	52.4	71.9	66.3
2013-07-23	248891.0	1832.0	1717.0	236316.0	235770.0	8197.0	8858.0	53.0	48.5	67.8	63.0
2013-07-30	255682.0	3512.0	0.0	241058.0	241356.0	8896.0	12110.0	53.3	46.3	68.4	61.5
2013-08-06	249432.0	2585.0	1868.0	236368.0	236157.0	8320.0	9248.0	52.3	45.5	68.4	61.1
2013-08-13	252909.0	1707.0	1654.0	240603.0	241831.0	8659.0	7484.0	51.7	45.1	68.5	61.7
2013-08-20	251259.0	588.0	578.0	238130.0	241134.0	9985.0	6991.0	50.4	44.5	67.5	61.1
2013-08-27	256136.0	1614.0	0.0	242055.0	246788.0	10481.0	7362.0	48.8	44.1	66.4	61.4
2013-09-03	258420.0	1545.0	0.0	244925.0	246841.0	9994.0	9623.0	47.8	44.5	66.0	61.6
2013-09-10	248071.0	3061.0	0.0	235405.0	237012.0	8629.0	10083.0	46.1	44.3	65.5	61.5
2013-09-17	255799.0	3242.0	809.0	245437.0	244203.0	5970.0	9637.0	44.9	43.0	64.3	60.3
2013-09-24	254260.0	2768.0	472.0	244351.0	242267.0	5078.0	9458.0	45.6	44.4	64.7	60.0
2013-10-01	251108.0	3697.0	0.0	239960.0	239452.0	6359.0	10564.0	46.9	42.9	65.7	60.5
2013-10-08	237487.0	2060.0	0.0	224452.0	228349.0	9350.0	7513.0	46.9	42.6	65.4	58.7
2013-10-15	236731.0	2022.0	0.0	225098.0	228566.0	8010.0	6564.0	46.3	43.0	63.1	58.0
2013-10-22	240782.0	1967.0	7036.0	227055.0	228732.0	10453.0	3707.0	47.5	42.7	64.7	57.2
2013-10-29	245612.0	2771.0	8502.0	232274.0	232039.0	8229.0	2733.0	47.0	42.2	63.7	56.3
2013-11-05	237213.0	1390.0	11029.0	224341.0	220427.0	9463.0	3738.0	47.5	42.5	65.1	58.2
2013-11-12	238278.0	8377.0	10029.0	219631.0	223546.0	7969.0	2402.0	42.9	42.8	61.9	59.5
2013-11-19	237726.0	6493.0	12587.0	224941.0	219414.0	3843.0	3276.0	40.7	43.4	60.4	59.6
2013-11-26	238919.0	4177.0	13673.0	226822.0	218830.0	4109.0	2605.0	43.3	42.7	61.0	59.8
2013-12-03	235624.0	4277.0	14121.0	224151.0	215814.0	4478.0	2971.0	40.2	43.3	59.3	58.5
2013-12-10	226669.0	5660.0	12866.0	210948.0	205111.0	7702.0	6333.0	43.7	43.5	59.9	60.1
2013-12-17	233506.0	7142.0	15359.0	217850.0	211745.0	6643.0	4531.0	41.3	43.1	58.2	58.5
2013-12-24	237391.0	11273.0	15167.0	218383.0	216191.0	6001.0	4299.0	40.9	43.4	59.2	60.1
2014-01-07	237582.0	17548.0	15143.0	212293.0	215881.0	6593.0	5410.0	46.0	41.4	63.7	59.4
2014-01-14	234164.0	16288.0	14758.0	208948.0	213095.0	8078.0	5461.0	42.7	43.2	58.1	61.0
2014-01-21	238384.0	16538.0	14758.0	214459.0	216942.0	6501.0	5798.0	41.4	42.5	56.2	59.4
2014-01-28	249718.0	21607.0	15142.0	220183.0	229291.0	7397.0	4754.0	41.6	41.5	55.5	58.4
2014-02-04	263436.0	24190.0	16455.0	231218.0	236627.0	6626.0	8952.0	42.1	40.0	56.1	56.9
2014-02-11	247375.0	22531.0	15142.0	214811.0	221295.0	8638.0	9543.0	42.5	39.6	57.6	56.3
2014-02-18	250150.0	26584.0	17160.0	214033.0	225156.0	8916.0	7217.0	42.3	39.3	57.5	56.8
2014-02-25	266683.0	33443.0	17652.0	224339.0	241486.0	8180.0	6824.0	39.5	38.9	55.3	57.9
2014-03-04	268995.0	32203.0	18175.0	228345.0	242921.0	7010.0	6462.0	39.8	40.3	55.3	57.5
2014-03-11	252072.0	28643.0	16369.0	209468.0	228337.0	12877.0	6282.0	41.2	40.9	57.3	60.3
2014-03-18	245488.0	28063.0	16369.0	203448.0	221253.0	12405.0	6294.0	36.7	41.4	52.7	58.8
2014-03-25	240974.0	26788.0	15573.0	198024.0	216658.0	14411.0	6992.0	35.0	40.3	52.3	57.1
2014-04-01	242794.0	26003.0	15573.0	201014.0	217934.0	13752.0	7262.0	35.0	40.0	52.2	56.8
2014-04-08	227838.0	27888.0	15142.0	183099.0	205673.0	16380.0	6552.0	34.7	40.1	51.2	59.0
2014-04-15	225847.0	27315.0	15142.0	183776.0	203707.0	14590.0	6832.0	33.4	40.8	50.2	58.4
2014-04-22	228481.0	24403.0	15142.0	188655.0	206773.0	14923.0	6066.0	32.4	40.4	48.7	56.9
2014-04-29	230793.0	22112.0	15142.0	193671.0	208102.0	13558.0	6097.0	31.2	39.9	47.4	56.0
2014-05-06	220362.0	22672.0	15142.0	181482.0	198442.0	14847.0	5417.0	30.8	38.9	45.4	54.1
2014-05-13	223017.0	26520.0	15142.0	183143.0	201744.0	13063.0	5840.0	31.0	38.5	44.6	54.1
2014-05-20	233461.0	28034.0	15142.0	198747.0	212264.0	6467.0	5842.0	31.5	37.0	45.6	53.2
2014-05-27	238139.0	27683.0	15142.0	201734.0	216446.0	8464.0	6293.0	31.2	36.9	44.9	53.6
2014-06-03	240376.0	26760.0	15142.0	203571.0	218415.0	9699.0	6473.0	30.5	36.6	44.8	53.3
2014-06-10	224720.0	23941.0	15142.0	190006.0	203023.0	10513.0	6295.0	30.6	37.5	45.0	52.7
2014-06-17	225921.0	25274.0	15802.0	190820.0	203614.0	9343.0	6021.0	30.7	37.8	45.8	52.9
2014-06-24	234779.0	28149.0	15606.0	198728.0	212044.0	6828.0	6055.0	28.7	36.9	44.0	52.0
2014-07-01	236320.0	25120.0	15606.0	202910.0	212799.0	6733.0	6358.0	28.4	36.6	42.2	52.0
2014-07-08	219950.0	22277.0	15416.0	189151.0	196947.0	8174.0	7239.0	28.7	37.2	43.7	52.9
2014-07-15	225972.0	21392.0	15416.0	197232.0	202520.0	5890.0	6578.0	28.3	36.2	45.8	53.6
2014-07-22	226207.0	21514.0	15416.0	198096.0	203966.0	5952.0	6180.0	29.0	36.2	45.4	53.4
2014-07-29	227010.0	21095.0	15416.0	198770.0	205004.0	6869.0	6314.0	28.7	36.3	44.5	54.1
2014-08-05	215153.0	19285.0	15126.0	190127.0	191756.0	5449.0	7979.0	34.7	35.5	49.0	53.8
2014-08-12	220571.0	19018.0	14974.0	194384.0	195534.0	6726.0	9620.0	36.0	36.3	50.0	54.1
2014-08-19	227346.0	18476.0	14974.0	202447.0	202447.0	4956.0	8458.0	35.8	37.4	49.6	55.3
2014-08-26	226891.0	18523.0	14974.0	196660.0	201154.0	11294.0	10349.0	37.0	38.3	50.5	56.8
2014-09-02	233941.0	20054.0	14974.0	206576.0	209480.0	6002.0	8178.0	38.8	39.2	51.9	56.7
2014-09-09	227166.0	16247.0	14542.0	202919.0	203371.0	6620.0	7873.0	40.9	40.3	54.0	57.6
2014-09-16	231070.0	18017.0	14480.0	204868.0	207938.0	6863.0	7330.0	43.2	40.0	55.3	57.4
2014-09-23	237619.0	18520.0	14356.0	211077.0	214543.0	6608.0	7306.0	43.8	41.3	56.1	58.6
2014-09-30	246825.0	18038.0	14356.0	221037.0	223556.0	6056.0	7219.0	42.3	41.4	55.5	59.2
2014-10-07	239285.0	14613.0	14356.0	216564.0	214276.0	6406.0	8951.0	48.5	42.6	58.7	61.5
2014-10-14	245114.0	12244.0	14364.0	224521.0	218122.0	5740.0	10019.0	48.7	42.2	59.2	61.4
2014-10-21	247463.0	11196.0	15421.0	228328.0	219978.0	6920.0	11045.0	50.4	41.8	60.7	60.3
2014-10-28	254890.0	10025.0	15142.0	236398.0	225229.0	5548.0	11600.0	52.2	40.8	62.4	60.1
2014-11-04	261302.0	11002.0	13495.0	241656.0	236051.0	7647.0	10759.0	53.5	40.4	63.5	64.2
2014-11-11	251617.0	7680.0	14577.0	234397.0	229090.0	6926.0	5336.0	52.1	37.8	62.4	61.2
2014-11-18	258111.0	5877.0	14015.0	245486.0	234838.0	3787.0	6297.0	52.8	38.6	64.4	63.4
2014-11-25	261879.0	2855.0	14192.0	251093.0	239399.0	5610.0	5967.0	52.3	39.8	63.5	63.9
2014-12-02	267005.0	3033.0	14127.0	255798.0	244529.0	5851.0	6026.0	51.9	40.2	62.9	65.0
2014-12-09	256958.0	1992.0	15369.0	247164.0	234128.0	6487.0	6146.0	53.3	44.0	65.3	66.6
2014-12-16	261430.0	1872.0	14695.0	251894.0	238370.0	6222.0	6923.0	53.9	45.1	67.3	68.6
2014-12-23	272874.0	1737.0	14566.0	263907.0	249675.0	4898.0	6301.0	52.7	46.9	67.8	69.3
2014-12-30	272937.0	2130.0	14895.0	263975.0	249907.0	4846.0	6149.0	52.8	47.4	68.7	69.7
2015-01-06	252675.0	0.0	15482.0	246118.0	229905.0	5799.0	6530.0	53.1	47.0	70.8	68.3
2015-01-13	258685.0	0.0	14558.0	251382.0	234040.0	6757.0	9541.0	53.5	46.9	70.0	65.7
2015-01-20	264454.0	0.0	13166.0	257085.0	240401.0	7117.0	10635.0	52.3	45.5	69.5	63.8
2015-01-27	266608.0	1338.0	12926.0	256244.0	240661.0	7714.0	11709.0	52.9	45.1	70.0	62.9
2015-02-03	274336.0	590.0	16665.0	266668.0	246826.0	6157.0	9924.0	51.9	45.8	69.1	63.0
2015-02-10	252026.0	884.0	16013.0	244409.0	223407.0	5656.0	11529.0	50.8	47.7	68.6	65.1
2015-02-17	268146.0	556.0	18051.0	259618.0	238685.0	6846.0	10284.0	48.3	50.0	64.3	65.1
2015-02-24	269403.0	210.0	16367.0	260579.0	242669.0	6985.0	8738.0	47.7	50.7	64.0	66.0
2015-03-03	276597.0	1527.0	16219.0	267163.0	248350.0	6828.0	10949.0	47.2	51.9	63.8	67.1
2015-03-10	261254.0	3521.0	15996.0	250630.0	233759.0	6094.0	10490.0	45.2	49.9	60.1	66.6
2015-03-17	271194.0	3550.0	15784.0	259568.0	242709.0	6887.0	11512.0	45.1	47.8	61.0	64.1
2015-03-24	275059.0	2936.0	15830.0	264905.0	246944.0	5646.0	10713.0	45.3	47.6	61.0	62.9
2015-03-31	283581.0	3271.0	17251.0	271375.0	253870.0	7252.0	10777.0	45.3	47.7	61.9	62.0
2015-04-07	277388.0	3160.0	17425.0	266465.0	248122.0	5889.0	9967.0	47.4	44.8	64.7	59.9
2015-04-14	281887.0	2647.0	15804.0	271703.0	253471.0	5686.0	10761.0	46.3	46.2	64.9	60.9
2015-04-21	295146.0	3763.0	20313.0	285238.0	263950.0	4553.0	9291.0	45.4	46.2	63.5	59.4
2015-04-28	305181.0	3654.0	20030.0	292287.0	274209.0	7547.0	9249.0	46.3	45.8	63.0	58.8
2015-05-05	292511.0	2935.0	19513.0	280184.0	264421.0	7886.0	7071.0	47.2	43.5	63.9	57.8
2015-05-12	303983.0	1159.0	20514.0	294720.0	273352.0	6564.0	8577.0	48.7	43.0	65.6	56.7
2015-05-19	310466.0	671.0	17293.0	300495.0	281861.0	7257.0	9269.0	49.0	43.5	65.0	56.5
2015-05-26	315644.0	401.0	18303.0	306745.0	286975.0	6547.0	8415.0	49.5	44.0	65.2	56.8
2015-06-02	324905.0	242.0	18830.0	315360.0	295854.0	6663.0	7581.0	48.7	45.6	64.6	57.9
2015-06-09	310023.0	806.0	16248.0	300071.0	284238.0	6975.0	7366.0	48.3	47.3	64.0	58.9
2015-06-16	311514.0	608.0	15969.0	301866.0	285566.0	6526.0	7465.0	48.0	47.1	63.8	58.5
2015-06-23	316378.0	492.0	16751.0	306296.0	288399.0	6526.0	8164.0	47.7	46.8	63.2	58.2
2015-06-30	322028.0	682.0	18435.0	311902.0	292849.0	6559.0	7859.0	48.0	47.2	62.9	58.4
2015-07-07	301385.0	0.0	16235.0	292365.0	275514.0	6805.0	7421.0	47.7	47.8	63.1	59.4
2015-07-14	311332.0	772.0	15368.0	299930.0	286338.0	8639.0	7635.0	46.6	46.0	61.8	58.9
2015-07-21	318338.0	1794.0	14014.0	306938.0	294666.0	7192.0	7244.0	46.6	46.1	61.7	59.2
2015-07-28	323069.0	3474.0	14917.0	309740.0	298135.0	7229.0	7391.0	45.7	45.2	61.7	58.2
2015-08-04	332770.0	4352.0	15481.0	320157.0	307662.0	5913.0	7279.0	45.1	46.4	60.9	59.2
2015-08-11	315031.0	5764.0	13608.0	299769.0	292432.0	7682.0	7175.0	43.1	46.8	58.6	60.3
2015-08-18	319889.0	6526.0	12046.0	303428.0	298183.0	7414.0	7139.0	43.5	46.9	59.2	60.6
2015-08-25	323295.0	4668.0	9424.0	309197.0	304697.0	8059.0	7803.0	43.9	47.0	59.7	60.3
2015-09-01	333248.0	1426.0	10072.0	321663.0	314671.0	9146.0	7492.0	44.7	46.1	60.9	59.0
2015-09-08	323844.0	0.0	9417.0	311542.0	305406.0	9544.0	6263.0	44.2	47.1	60.3	60.2
2015-09-15	327824.0	413.0	6368.0	315316.0	310378.0	8771.0	7754.0	44.4	47.2	60.3	61.8
2015-09-22	330322.0	2623.0	6280.0	316413.0	314415.0	8574.0	6915.0	43.3	47.0	59.9	61.4
2015-09-29	344770.0	5396.0	3908.0	327621.0	332418.0	10011.0	6702.0	43.3	46.8	59.6	60.2
2015-10-06	321701.0	2853.0	3862.0	307693.0	309891.0	8072.0	4865.0	42.1	45.4	58.3	60.9
2015-10-13	327902.0	4941.0	3370.0	310971.0	315354.0	8582.0	5770.0	42.0	44.0	58.0	59.9
2015-10-20	335847.0	8470.0	4087.0	314815.0	322737.0	8513.0	4974.0	40.9	43.3	57.1	58.9
2015-10-27	334585.0	9025.0	3501.0	312738.0	320844.0	7264.0	4682.0	39.9	42.4	56.8	58.1
2015-11-03	325757.0	8994.0	5028.0	306130.0	309383.0	4979.0	5692.0	41.9	41.8	57.1	58.2
2015-11-10	307070.0	11347.0	3152.0	283916.0	291304.0	5351.0	6158.0	42.8	42.9	55.9	60.5
2015-11-17	313144.0	12665.0	1750.0	287396.0	296431.0	4605.0	6485.0	42.7	43.4	55.9	60.5
2015-11-24	318743.0	9335.0	3121.0	295863.0	300379.0	5043.0	6741.0	45.1	42.3	56.3	59.4
2015-12-01	322705.0	9965.0	3984.0	299700.0	304139.0	5047.0	6589.0	44.8	42.1	56.2	59.0
2015-12-08	312694.0	6910.0	3605.0	288893.0	294953.0	9551.0	6796.0	47.0	42.1	59.4	59.3
2015-12-15	304143.0	6819.0	3432.0	282984.0	286297.0	7237.0	7311.0	47.8	40.3	59.3	58.0
2015-12-22	304290.0	6348.0	4368.0	282857.0	286768.0	10062.0	8131.0	45.8	39.5	60.1	58.2
2015-12-29	305338.0	6313.0	3940.0	285212.0	287686.0	8548.0	8447.0	45.4	39.5	60.9	58.4
2016-01-05	307687.0	5666.0	3594.0	287308.0	290019.0	9222.0	8583.0	44.9	39.8	61.5	58.5
2016-01-12	296142.0	8221.0	2102.0	274548.0	280089.0	7428.0	8006.0	45.8	41.1	61.7	59.8
2016-01-19	301438.0	8344.0	1989.0	279941.0	285149.0	7709.0	8856.0	45.7	40.1	61.0	58.5
2016-01-26	303622.0	10049.0	1444.0	280678.0	288001.0	7224.0	8506.0	46.0	38.6	61.7	56.9
2016-02-02	314646.0	10298.0	2382.0	291057.0	299217.0	7539.0	7295.0	45.9	37.3	63.2	57.1
2016-02-09	302337.0	10834.0	2402.0	280163.0	289704.0	8187.0	7078.0	47.1	40.5	66.9	61.3
2016-02-16	307963.0	11702.0	673.0	280409.0	289370.0	8313.0	10381.0	46.2	39.3	65.1	59.7
2016-02-23	310697.0	9126.0	2251.0	285374.0	290793.0	7362.0	8818.0	44.8	38.4	62.5	57.8
2016-03-01	316831.0	16673.0	2037.0	287358.0	300622.0	7043.0	8415.0	45.5	39.7	64.2	59.1
2016-03-08	302961.0	17639.0	2307.0	270443.0	287330.0	10924.0	9369.0	46.5	41.5	66.0	61.6
2016-03-15	305917.0	16640.0	2584.0	274509.0	291060.0	10843.0	8348.0	45.8	42.4	66.6	62.2
2016-03-22	310703.0	21394.0	2283.0	278980.0	298230.0	7165.0	7026.0	43.9	41.4	65.5	60.8
2016-03-29	311708.0	20435.0	3370.0	280481.0	298585.0	7277.0	6238.0	43.4	41.4	65.3	60.7
2016-04-05	293203.0	18334.0	2260.0	265120.0	280628.0	6267.0	6833.0	43.1	42.2	65.2	62.0
2016-04-12	305757.0	16983.0	2109.0	278621.0	292187.0	6363.0	7671.0	42.3	40.8	64.5	59.8
2016-04-19	308079.0	16198.0	1656.0	280512.0	294668.0	7030.0	7416.0	42.4	39.8	62.3	58.7
2016-04-26	337552.0	16089.0	7510.0	310749.0	318584.0	6862.0	7606.0	43.6	42.5	63.0	59.9
2016-05-03	340156.0	9274.0	8122.0	315672.0	317121.0	8001.0	7704.0	43.6	41.6	63.2	58.9
2016-05-10	331406.0	8183.0	6514.0	307971.0	309733.0	6503.0	6410.0	44.5	40.6	63.4	58.0
2016-05-17	345863.0	14569.0	7427.0	317359.0	324249.0	6293.0	6545.0	42.1	40.2	61.6	56.9
2016-05-24	347088.0	20026.0	6358.0	315683.0	327935.0	6035.0	7451.0	41.7	40.7	61.7	57.4
2016-05-31	356868.0	17715.0	2072.0	327669.0	341908.0	6779.0	8183.0	43.0	39.9	63.2	56.4
2016-06-07	349010.0	14845.0	2072.0	322900.0	334917.0	6591.0	7347.0	43.6	40.2	63.5	56.7
2016-06-14	348858.0	11387.0	2134.0	326216.0	335290.0	6777.0	6956.0	45.9	40.4	66.2	57.0
2016-06-21	344593.0	8242.0	2985.0	326001.0	330658.0	6208.0	6808.0	46.3	40.1	66.6	57.0
2016-06-28	343459.0	6062.0	246.0	329107.0	333088.0	6989.0	8824.0	46.4	39.3	66.7	56.3
2016-07-05	345392.0	5382.0	94.0	332599.0	334632.0	6234.0	9489.0	46.8	38.8	67.3	56.0
2016-07-12	328595.0	825.0	217.0	320605.0	318862.0	6105.0	8456.0	50.3	39.0	70.8	56.5
2016-07-19	329689.0	273.0	371.0	322138.0	320242.0	5892.0	7690.0	49.6	38.2	69.8	55.7
2016-07-26	331816.0	389.0	445.0	323868.0	322016.0	5174.0	6970.0	49.1	37.4	69.1	54.9
2016-08-02	337038.0	560.0	2086.0	328977.0	326695.0	5734.0	6490.0	51.2	36.9	69.8	54.6
2016-08-09	323163.0	200.0	3653.0	315830.0	312181.0	5523.0	5719.0	54.3	38.0	72.7	55.6
2016-08-16	330518.0	141.0	4291.0	323277.0	318532.0	6061.0	6656.0	55.2	36.9	73.3	55.0
2016-08-23	333755.0	170.0	5931.0	326739.0	320386.0	6194.0	6786.0	60.2	36.8	74.9	54.7
2016-08-30	342889.0	802.0	5174.0	335720.0	329168.0	5811.0	7991.0	62.2	36.0	75.3	54.4
2016-09-06	334544.0	248.0	6527.0	328646.0	321335.0	5335.0	6367.0	63.6	35.2	76.4	55.8
2016-09-13	343749.0	248.0	6099.0	337320.0	330929.0	5620.0	6160.0	61.2	34.1	74.0	55.2
2016-09-20	348327.0	991.0	4588.0	341491.0	336277.0	5632.0	7249.0	59.6	33.5	73.3	54.2
2016-09-27	351755.0	2517.0	6161.0	342951.0	339238.0	5314.0	5383.0	58.2	33.2	72.5	53.8
2016-10-04	367949.0	2971.0	3079.0	359239.0	358126.0	5226.0	6231.0	56.6	34.5	70.1	54.1
2016-10-11	361877.0	65.0	5112.0	354934.0	348560.0	6403.0	7730.0	58.5	33.6	71.1	53.2
2016-10-18	372884.0	727.0	4887.0	365998.0	359131.0	5213.0	7920.0	57.3	31.3	70.2	51.1
2016-10-25	377015.0	846.0	5082.0	369398.0	363025.0	5747.0	7884.0	56.0	31.6	68.6	51.0
2016-11-01	382284.0	3403.0	6240.0	372172.0	367603.0	5997.0	7729.0	55.3	31.9	67.7	50.8
2016-11-08	364610.0	3807.0	6104.0	357086.0	349976.0	3666.0	8479.0	58.9	32.5	71.4	51.8
2016-11-15	371273.0	4931.0	5732.0	360419.0	356869.0	5764.0	8513.0	55.9	33.9	68.4	52.2
2016-11-22	375938.0	7528.0	3720.0	359882.0	360586.0	7677.0	10781.0	53.2	33.6	66.5	51.8
2016-11-29	374500.0	6219.0	3692.0	360119.0	360626.0	7017.0	9037.0	52.7	33.6	66.0	52.1
2016-12-06	359477.0	6220.0	1645.0	344232.0	348202.0	7867.0	8472.0	53.0	32.9	65.1	51.4
2016-12-13	366500.0	6645.0	2300.0	350046.0	355003.0	9052.0	8440.0	52.4	32.7	64.6	51.2
2016-12-20	373799.0	5647.0	2778.0	358191.0	362058.0	9113.0	8115.0	53.0	32.5	64.8	50.7
2016-12-27	372671.0	8257.0	1512.0	353932.0	362969.0	9051.0	6759.0	51.6	32.9	64.2	51.5
2017-01-03	375133.0	8500.0	228.0	355996.0	366009.0	8881.0	7140.0	51.9	33.3	64.8	51.8
2017-01-10	359725.0	5647.0	1210.0	347283.0	351580.0	5639.0	5779.0	56.6	33.7	69.7	52.5
2017-01-17	368281.0	5149.0	1641.0	356067.0	359589.0	5506.0	5492.0	55.4	33.3	67.7	51.6
2017-01-24	387033.0	6346.0	1220.0	373918.0	377760.0	6277.0	7561.0	58.3	33.0	69.7	51.1
2017-01-31	393586.0	7167.0	1220.0	378117.0	385300.0	7903.0	6667.0	59.8	32.8	71.4	50.5
