2013-05-07	453495.0	2200.0	0.0	445795.0	453495.0	5500.0	0.0	59.9	79.2	82.5	90.4
2013-05-14	413935.0	0.0	0.0	413935.0	413935.0	0.0	0.0	62.7	82.4	85.3	92.8
2013-05-21	423475.0	1000.0	0.0	422475.0	423475.0	0.0	0.0	61.3	82.5	83.6	92.2
2013-05-28	447025.0	1000.0	0.0	446025.0	447025.0	0.0	0.0	58.1	81.0	84.9	92.6
2013-06-11	424025.0	3200.0	0.0	420825.0	424025.0	0.0	0.0	57.2	84.6	87.4	96.6
2013-06-18	430625.0	3200.0	0.0	427425.0	430625.0	0.0	0.0	57.8	83.1	84.8	94.9
2013-06-25	430625.0	3200.0	0.0	427425.0	430625.0	0.0	0.0	57.8	83.1	84.8	94.9
2013-07-02	430625.0	1000.0	0.0	429625.0	430625.0	0.0	0.0	57.6	82.0	85.3	93.9
2013-07-09	375125.0	0.0	0.0	375125.0	375125.0	0.0	0.0	60.5	83.3	86.0	93.3
2013-07-16	375125.0	0.0	0.0	375125.0	375125.0	0.0	0.0	60.5	83.0	86.0	93.3
2013-07-23	374575.0	0.0	0.0	374575.0	374575.0	0.0	0.0	60.4	82.9	86.0	93.2
2013-07-30	369075.0	0.0	0.0	369075.0	369075.0	0.0	0.0	60.1	79.6	85.8	92.9
2013-08-06	369075.0	0.0	0.0	369075.0	369075.0	0.0	0.0	60.1	79.6	85.8	92.9
2013-08-13	308575.0	0.0	0.0	308575.0	308575.0	0.0	0.0	58.9	81.0	87.3	94.0
2013-08-20	320475.0	0.0	0.0	320475.0	320475.0	0.0	0.0	54.1	78.9	84.1	93.3
2013-08-27	328975.0	0.0	0.0	328975.0	328975.0	0.0	0.0	52.7	79.4	82.8	92.1
2013-09-03	327975.0	0.0	0.0	327975.0	327975.0	0.0	0.0	52.8	79.3	83.4	93.3
2013-09-10	273525.0	0.0	0.0	273525.0	273525.0	0.0	0.0	58.1	88.6	86.3	96.5
2013-09-17	276400.0	0.0	0.0	275250.0	276400.0	1150.0	0.0	58.0	87.9	86.0	96.1
2013-09-24	286225.0	1150.0	0.0	285075.0	286225.0	0.0	0.0	58.1	84.9	84.7	95.6
2013-10-01	293795.0	1150.0	0.0	292645.0	293795.0	0.0	0.0	57.8	83.8	85.7	95.2
2013-10-08	278045.0	4150.0	0.0	273895.0	278045.0	0.0	0.0	57.6	81.4	81.3	92.0
2013-10-15	331145.0	4150.0	0.0	326995.0	331145.0	0.0	0.0	62.0	79.9	84.3	92.3
2013-10-22	332195.0	2150.0	0.0	330045.0	332195.0	0.0	0.0	61.2	79.6	84.6	92.1
2013-10-29	336195.0	2150.0	0.0	334045.0	336195.0	0.0	0.0	60.4	78.7	84.8	92.2
2013-11-05	349945.0	2150.0	0.0	347795.0	349945.0	0.0	0.0	58.3	79.2	81.8	92.5
2013-11-12	299475.0	1000.0	0.0	298475.0	299475.0	0.0	0.0	57.8	82.5	82.5	93.2
2013-11-19	320475.0	1000.0	0.0	319475.0	320475.0	0.0	0.0	63.5	78.8	81.7	91.6
