2013-05-07	243900.0	0.0	2150.0	243900.0	241750.0	0.0	0.0	46.2	32.8	57.8	50.6
2013-05-14	233230.0	0.0	550.0	231630.0	231080.0	0.0	0.0	45.3	32.3	56.6	49.3
2013-05-21	233230.0	0.0	550.0	231630.0	231080.0	0.0	0.0	45.3	32.3	56.9	50.0
2013-05-28	235285.0	0.0	550.0	233685.0	233135.0	0.0	0.0	45.8	32.0	57.3	49.6
2013-06-11	222600.0	0.0	550.0	221000.0	220450.0	0.0	0.0	46.1	33.1	57.5	48.5
2013-06-18	226180.0	0.0	550.0	224580.0	224030.0	0.0	0.0	43.5	31.9	54.6	44.4
2013-06-25	226180.0	0.0	550.0	224580.0	224030.0	0.0	0.0	43.5	31.9	54.2	44.4
2013-07-02	221530.0	0.0	550.0	219930.0	219380.0	0.0	0.0	44.4	29.6	52.7	42.4
2013-07-09	212530.0	0.0	1150.0	210930.0	209780.0	0.0	0.0	44.8	28.3	52.6	40.8
2013-07-16	212530.0	0.0	1150.0	210930.0	209780.0	0.0	0.0	44.3	27.8	52.1	40.4
2013-07-23	212530.0	0.0	1150.0	210930.0	209780.0	0.0	0.0	44.1	27.8	51.9	40.4
2013-07-30	220520.0	0.0	1150.0	218920.0	217770.0	0.0	0.0	43.6	26.3	49.7	37.7
2013-08-06	230415.0	0.0	1150.0	228815.0	227665.0	0.0	0.0	42.5	29.3	48.4	40.2
2013-08-13	216065.0	0.0	50.0	214465.0	214415.0	0.0	0.0	43.2	27.4	49.2	41.0
2013-08-20	216065.0	0.0	50.0	214465.0	214415.0	0.0	0.0	43.2	27.4	49.2	41.0
2013-08-27	217640.0	0.0	50.0	216040.0	215990.0	0.0	0.0	43.1	27.0	49.1	40.2
2013-09-03	218140.0	0.0	50.0	216540.0	216490.0	0.0	0.0	43.0	27.2	48.9	40.3
2013-09-10	210640.0	4225.0	0.0	206415.0	210640.0	0.0	0.0	43.7	28.3	52.6	45.6
2013-09-17	211215.0	4225.0	0.0	206990.0	211215.0	0.0	0.0	43.5	28.4	52.4	45.6
2013-09-24	211740.0	4225.0	0.0	207515.0	211740.0	0.0	0.0	43.4	28.4	52.3	45.7
2013-10-01	212675.0	4225.0	0.0	208450.0	212675.0	0.0	0.0	43.7	28.4	52.6	46.1
2013-10-08	202075.0	4225.0	0.0	197850.0	202075.0	0.0	0.0	43.6	28.3	52.9	45.8
2013-10-15	208425.0	4225.0	0.0	204200.0	208425.0	0.0	0.0	45.3	29.8	54.4	47.5
2013-10-22	208425.0	4225.0	0.0	204200.0	208425.0	0.0	0.0	45.3	29.8	54.4	47.5
2013-10-29	208425.0	4225.0	0.0	204200.0	208425.0	0.0	0.0	45.3	29.8	54.4	47.5
2013-11-05	221200.0	4225.0	0.0	216975.0	221200.0	0.0	0.0	42.7	28.1	52.8	46.7
2013-11-12	197460.0	3650.0	0.0	193810.0	197460.0	0.0	0.0	46.4	29.3	56.2	48.7
2013-11-19	209245.0	3650.0	0.0	205595.0	209245.0	0.0	0.0	45.5	33.7	56.9	52.1
