2013-05-07	386020.0	7400.0	0.0	378620.0	386020.0	0.0	0.0	31.2	70.6	49.1	72.7
2013-05-14	391420.0	7400.0	0.0	384020.0	391420.0	0.0	0.0	31.8	71.0	49.5	73.0
2013-05-21	393420.0	7400.0	0.0	386020.0	393420.0	0.0	0.0	32.2	71.1	49.8	73.4
2013-05-28	395420.0	7400.0	0.0	388020.0	395420.0	0.0	0.0	32.0	70.8	50.0	73.6
2013-06-11	370520.0	7400.0	0.0	363120.0	370520.0	0.0	0.0	31.8	68.1	49.6	73.6
2013-06-18	374920.0	7400.0	0.0	367520.0	374920.0	0.0	0.0	32.6	67.3	50.2	72.7
2013-06-25	398145.0	7400.0	0.0	390745.0	398145.0	0.0	0.0	31.0	63.4	48.7	70.1
2013-07-02	401445.0	7400.0	0.0	394045.0	401445.0	0.0	0.0	30.7	62.8	48.3	70.3
2013-07-09	359345.0	6400.0	0.0	352945.0	359345.0	0.0	0.0	31.8	60.5	49.8	70.3
2013-07-16	364845.0	6400.0	0.0	358445.0	364845.0	0.0	0.0	31.3	60.2	49.0	71.1
2013-07-23	367045.0	6400.0	0.0	360645.0	367045.0	0.0	0.0	31.1	59.8	49.3	71.3
2013-07-30	367045.0	5300.0	0.0	361745.0	367045.0	0.0	0.0	31.1	59.8	49.3	71.3
2013-08-06	317545.0	4200.0	0.0	313345.0	317545.0	0.0	0.0	30.5	59.8	49.0	69.9
2013-08-13	323545.0	4200.0	0.0	319345.0	323545.0	0.0	0.0	29.9	58.7	48.1	70.8
2013-08-20	372745.0	4200.0	0.0	368545.0	372745.0	0.0	0.0	35.1	61.2	53.3	73.9
2013-08-27	377945.0	4200.0	0.0	373745.0	377945.0	0.0	0.0	34.7	61.7	53.4	74.3
2013-09-03	377945.0	4200.0	0.0	373745.0	377945.0	0.0	0.0	34.7	61.7	53.4	74.3
2013-09-10	336345.0	4200.0	0.0	332145.0	336345.0	0.0	0.0	35.7	59.7	54.1	73.4
2013-09-17	372455.0	4200.0	0.0	368255.0	372455.0	0.0	0.0	32.6	59.2	50.2	74.5
2013-09-24	369205.0	4200.0	0.0	365005.0	369205.0	0.0	0.0	33.2	65.9	52.2	77.5
2013-10-01	371505.0	4200.0	0.0	367305.0	371505.0	0.0	0.0	33.3	66.1	52.2	77.6
2013-10-08	335705.0	2200.0	0.0	333505.0	335705.0	0.0	0.0	34.1	65.6	52.7	77.1
2013-10-15	336705.0	2200.0	0.0	334505.0	336705.0	0.0	0.0	34.0	65.7	52.5	77.2
2013-10-22	344755.0	2200.0	0.0	342555.0	344755.0	0.0	0.0	34.7	66.5	53.0	77.7
2013-10-29	651805.0	2200.0	0.0	649605.0	651805.0	0.0	0.0	60.9	82.3	72.5	88.2
2013-11-05	699580.0	1150.0	0.0	698430.0	699580.0	0.0	0.0	65.8	86.2	77.0	91.7
2013-11-12	643605.0	0.0	0.0	643605.0	643605.0	0.0	0.0	70.1	86.7	79.6	91.9
2013-11-19	650535.0	0.0	0.0	650535.0	650535.0	0.0	0.0	69.8	87.2	79.5	91.7
