2013-05-07	42640.0	5396.0	5779.0	35111.0	35027.0	299.0	0.0	48.0	49.7	66.4	70.8
2013-05-14	41656.0	4912.0	4755.0	34708.0	35164.0	299.0	0.0	46.3	51.7	65.4	71.8
2013-05-21	43100.0	5401.0	4621.0	35541.0	36620.0	299.0	0.0	46.6	51.8	64.9	71.9
2013-05-28	43653.0	5653.0	4653.0	35874.0	37238.0	407.0	43.0	47.4	51.8	66.4	71.5
2013-06-11	43001.0	5548.0	4299.0	35595.0	37019.0	299.0	124.0	47.3	50.9	66.6	71.8
2013-06-18	43310.0	5504.0	4522.0	36032.0	37189.0	299.0	124.0	46.9	49.8	66.3	70.8
2013-06-25	44067.0	5463.0	4733.0	36850.0	37777.0	321.0	124.0	46.5	48.7	65.9	69.9
2013-07-02	44265.0	5441.0	5011.0	37048.0	37653.0	299.0	124.0	46.3	49.3	66.2	71.0
2013-07-09	42484.0	5461.0	4825.0	35387.0	36238.0	299.0	84.0	48.0	50.0	66.8	71.4
2013-07-16	43139.0	5461.0	5038.0	36042.0	36638.0	299.0	126.0	46.8	49.2	66.7	71.6
2013-07-23	43425.0	5461.0	5004.0	36409.0	37039.0	299.0	126.0	46.0	49.0	67.6	71.9
2013-07-30	44479.0	6533.0	5019.0	36369.0	38120.0	321.0	84.0	46.7	48.1	68.8	72.9
2013-08-06	41584.0	6269.0	4766.0	33842.0	35496.0	277.0	126.0	48.2	49.1	69.4	73.5
2013-08-13	41809.0	6173.0	4947.0	34202.0	35559.0	277.0	146.0	46.3	48.9	68.7	72.9
2013-08-20	41705.0	6253.0	4793.0	34015.0	35606.0	277.0	146.0	46.1	48.8	68.4	72.7
2013-08-27	42602.0	6800.0	4794.0	34321.0	36458.0	277.0	146.0	47.0	49.9	68.5	73.3
2013-09-03	42779.0	6778.0	4186.0	34121.0	36843.0	297.0	167.0	45.5	49.7	65.8	72.0
2013-09-10	40588.0	7114.0	3565.0	31681.0	35338.0	275.0	167.0	46.8	50.1	65.7	72.2
2013-09-17	41087.0	7827.0	2792.0	31493.0	36702.0	341.0	167.0	47.3	51.8	67.0	74.7
2013-09-24	42021.0	7745.0	2772.0	32533.0	37721.0	406.0	191.0	44.5	52.7	66.7	74.7
2013-10-01	42093.0	8052.0	2772.0	32426.0	38005.0	406.0	107.0	43.7	52.8	65.3	75.1
2013-10-08	41224.0	8510.0	2791.0	31454.0	37473.0	451.0	151.0	44.9	51.1	64.9	73.6
2013-10-15	41456.0	8722.0	2812.0	31432.0	37663.0	472.0	151.0	44.7	50.8	63.9	72.8
2013-10-22	41726.0	8547.0	2731.0	31620.0	37757.0	472.0	151.0	42.8	50.5	61.2	71.7
2013-10-29	41100.0	7586.0	2775.0	31825.0	37018.0	469.0	87.0	42.4	49.0	60.8	70.9
2013-11-05	41353.0	6991.0	2287.0	32712.0	37778.0	469.0	107.0	39.5	49.1	61.1	69.9
2013-11-12	39656.0	7452.0	2449.0	31119.0	36543.0	484.0	63.0	43.5	49.1	63.7	70.7
2013-11-19	41535.0	7172.0	2781.0	33065.0	38089.0	717.0	84.0	40.2	45.2	59.8	66.5
2013-11-26	41661.0	7068.0	2971.0	33380.0	37942.0	611.0	146.0	39.4	44.2	59.5	65.8
2013-12-03	41475.0	6858.0	3123.0	33342.0	37605.0	611.0	83.0	39.0	44.3	59.4	65.8
2013-12-10	38935.0	6537.0	2883.0	31154.0	35041.0	592.0	359.0	39.5	43.9	59.2	65.7
2013-12-17	39277.0	6842.0	2943.0	31192.0	35620.0	571.0	42.0	38.9	43.5	57.7	65.0
2013-12-24	40121.0	7142.0	3043.0	31440.0	36343.0	846.0	42.0	39.3	43.8	56.3	64.1
2014-01-07	37304.0	6783.0	2686.0	28556.0	33839.0	1272.0	86.0	39.3	44.3	56.7	64.8
2014-01-14	37611.0	6640.0	2542.0	28900.0	34145.0	1316.0	169.0	38.6	43.6	55.9	63.7
2014-01-21	38058.0	6494.0	2540.0	29791.0	34614.0	1059.0	190.0	37.9	44.0	56.1	63.9
2014-01-28	38796.0	6054.0	2665.0	30863.0	35121.0	1059.0	190.0	38.3	44.1	55.8	63.8
2014-02-04	38413.0	6094.0	2096.0	30481.0	35329.0	1039.0	189.0	35.8	40.9	53.6	60.6
2014-02-11	36436.0	6542.0	1748.0	28063.0	33937.0	1205.0	125.0	35.6	39.7	50.8	59.4
2014-02-18	36332.0	6586.0	1920.0	27934.0	33638.0	1163.0	125.0	36.3	32.6	51.1	51.9
2014-02-25	36438.0	6522.0	1923.0	27998.0	33656.0	1164.0	105.0	36.2	33.6	51.4	52.5
2014-03-04	36650.0	6461.0	1965.0	28163.0	33716.0	1140.0	83.0	35.8	33.6	50.2	51.9
2014-03-11	35161.0	6340.0	1789.0	26824.0	32267.0	998.0	106.0	36.2	33.2	51.0	51.6
2014-03-18	35730.0	4823.0	1874.0	28466.0	32329.0	977.0	63.0	35.5	32.8	49.9	49.3
2014-03-25	36243.0	4777.0	1809.0	28767.0	32649.0	977.0	63.0	34.6	32.5	49.7	49.5
2014-04-01	36867.0	4529.0	1830.0	29295.0	32908.0	977.0	63.0	33.6	32.1	49.1	49.0
2014-04-08	33781.0	4673.0	1557.0	26184.0	30172.0	935.0	63.0	34.9	31.9	49.1	49.1
2014-04-15	33766.0	4480.0	1662.0	26357.0	30047.0	935.0	63.0	35.1	31.2	49.2	48.5
2014-04-22	34041.0	4323.0	1781.0	26694.0	30108.0	935.0	63.0	33.7	31.0	48.8	48.0
2014-04-29	34952.0	4473.0	1726.0	27280.0	30941.0	977.0	63.0	33.9	29.8	48.9	46.7
2014-05-06	33124.0	5445.0	1678.0	25188.0	29551.0	934.0	338.0	38.7	31.5	52.3	47.6
2014-05-13	34045.0	4863.0	1678.0	26508.0	30182.0	891.0	402.0	35.3	30.6	50.9	46.0
2014-05-20	34222.0	5075.0	1783.0	26453.0	30339.0	891.0	297.0	34.4	30.4	50.0	45.9
2014-05-27	34838.0	4523.0	1804.0	27068.0	30424.0	891.0	254.0	33.9	29.7	49.8	44.8
2014-06-03	34707.0	4502.0	1783.0	27174.0	30530.0	891.0	254.0	34.6	30.1	51.1	45.1
2014-06-10	32704.0	5488.0	1596.0	24544.0	29349.0	1167.0	254.0	36.6	32.4	52.9	47.3
2014-06-17	33120.0	5469.0	1554.0	25000.0	29828.0	1167.0	254.0	36.9	31.8	53.7	46.8
2014-06-24	33216.0	5245.0	1554.0	25297.0	30133.0	1167.0	22.0	36.1	30.5	53.6	47.0
2014-07-01	33689.0	5544.0	1554.0	25385.0	30561.0	1208.0	22.0	36.4	29.6	54.5	46.6
2014-07-08	31723.0	6043.0	1217.0	23124.0	28839.0	1231.0	342.0	37.2	31.1	56.1	48.9
2014-07-15	31722.0	5835.0	1217.0	23469.0	29211.0	1211.0	87.0	37.4	31.4	53.0	49.3
2014-07-22	32109.0	5781.0	1154.0	23818.0	29526.0	1168.0	87.0	38.9	31.8	53.6	49.9
2014-07-29	32914.0	5280.0	698.0	24068.0	29753.0	1168.0	65.0	39.3	31.2	53.4	49.2
2014-08-05	33877.0	5587.0	442.0	24442.0	30624.0	1168.0	131.0	40.2	33.2	52.6	50.5
2014-08-12	30836.0	5657.0	247.0	21774.0	28158.0	1059.0	85.0	43.4	36.0	54.7	53.1
2014-08-19	31879.0	5528.0	933.0	22592.0	28184.0	1082.0	85.0	41.8	33.8	54.1	51.1
2014-08-26	32108.0	5801.0	916.0	23111.0	28653.0	742.0	85.0	41.5	34.2	54.9	51.4
2014-09-02	32047.0	6028.0	977.0	23008.0	28695.0	742.0	106.0	41.7	34.2	55.1	51.2
2014-09-09	29995.0	6270.0	787.0	21030.0	26806.0	722.0	429.0	42.8	35.0	56.1	51.0
2014-09-16	29461.0	5933.0	253.0	21169.0	27187.0	722.0	384.0	39.2	34.6	54.6	50.5
2014-09-23	29717.0	6489.0	276.0	21175.0	27704.0	700.0	384.0	39.0	34.5	54.7	48.4
2014-09-30	29746.0	6726.0	346.0	20976.0	27653.0	700.0	403.0	39.4	35.2	55.9	50.5
2014-10-07	27208.0	6794.0	156.0	19067.0	25468.0	167.0	404.0	40.5	36.4	59.9	53.2
2014-10-14	27520.0	6148.0	156.0	19599.0	25442.0	208.0	357.0	39.2	36.0	58.8	51.7
