2013-05-07	22752.0	2443.0	50.0	20309.0	22702.0	0.0	0.0	44.4	76.8	63.8	81.8
2013-05-14	22192.0	2211.0	0.0	19955.0	22166.0	0.0	0.0	40.9	77.2	59.4	81.3
2013-05-21	24030.0	2185.0	26.0	21793.0	23952.0	0.0	0.0	42.9	79.5	62.6	83.2
2013-05-28	24855.0	2402.0	0.0	22349.0	24751.0	0.0	0.0	43.1	80.2	61.4	82.5
2013-06-11	24025.0	2724.0	0.0	21223.0	23947.0	0.0	0.0	46.0	80.6	67.5	83.3
2013-06-18	24554.0	2855.0	0.0	21572.0	24427.0	0.0	0.0	47.0	79.1	68.2	82.9
2013-06-25	24968.0	3042.0	0.0	21849.0	24891.0	0.0	0.0	47.4	78.5	68.5	83.7
2013-07-02	25557.0	3132.0	1.0	22323.0	25454.0	0.0	0.0	46.5	79.7	70.0	85.0
2013-07-09	25630.0	3083.0	51.0	22270.0	25452.0	150.0	0.0	46.9	79.2	70.3	84.8
2013-07-16	22072.0	2942.0	100.0	19104.0	21946.0	0.0	0.0	48.9	76.7	69.8	84.0
2013-07-23	22657.0	2925.0	100.0	19581.0	22406.0	0.0	0.0	48.6	75.9	70.0	83.1
2013-07-30	23845.0	3030.0	144.0	20635.0	23521.0	0.0	0.0	50.4	73.8	70.1	81.4
2013-08-06	24169.0	3002.0	170.0	20986.0	23818.0	0.0	0.0	51.3	73.1	70.4	80.9
2013-08-13	21791.0	2793.0	196.0	18869.0	21466.0	0.0	0.0	54.9	71.5	72.1	80.1
2013-08-20	21804.0	2835.0	220.0	18867.0	21482.0	0.0	0.0	54.8	71.3	72.3	80.1
2013-08-27	22232.0	2835.0	295.0	19247.0	21787.0	48.0	48.0	54.9	71.4	72.0	80.4
2013-09-03	23058.0	3091.0	275.0	19865.0	22681.0	0.0	0.0	55.7	75.8	75.1	84.8
2013-09-10	21524.0	2774.0	353.0	18597.0	21042.0	24.0	0.0	55.2	76.9	77.4	85.9
2013-09-17	22734.0	2795.0	148.0	19529.0	22176.0	0.0	0.0	58.5	76.7	77.5	85.2
2013-09-24	24514.0	2485.0	102.0	21032.0	23415.0	0.0	0.0	48.4	78.7	72.5	82.2
2013-10-01	26140.0	4344.0	152.0	21027.0	25219.0	0.0	0.0	51.4	81.0	72.2	83.9
2013-10-08	26876.0	4015.0	152.0	21940.0	25803.0	0.0	0.0	51.5	80.6	71.5	83.5
2013-10-15	25307.0	4569.0	204.0	19970.0	24335.0	0.0	0.0	55.2	80.7	71.8	84.0
2013-10-22	25332.0	4747.0	125.0	19893.0	24515.0	0.0	0.0	55.4	82.0	72.3	85.2
2013-10-29	25563.0	5132.0	50.0	19893.0	24975.0	0.0	0.0	57.5	83.0	74.4	86.4
2013-11-05	25972.0	5440.0	25.0	19994.0	25409.0	0.0	0.0	57.8	82.8	73.8	86.1
2013-11-12	25717.0	5344.0	277.0	19451.0	24518.0	0.0	0.0	56.4	82.1	73.0	84.6
2013-11-19	26204.0	5423.0	254.0	19859.0	25028.0	0.0	0.0	54.6	81.7	71.5	84.0
