2013-05-07	30247.0	4232.0	510.0	24739.0	28464.0	704.0	701.0	47.7	65.8	63.9	71.9
2013-05-14	30417.0	4196.0	510.0	25609.0	29125.0	0.0	170.0	45.9	65.5	61.7	71.7
2013-05-21	33668.0	4425.0	510.0	27822.0	31843.0	317.0	211.0	43.4	58.6	55.9	64.4
2013-05-28	33472.0	4249.0	510.0	27802.0	31647.0	317.0	211.0	43.6	58.3	55.7	64.2
2013-06-11	32143.0	3320.0	510.0	27146.0	30040.0	295.0	211.0	44.2	57.0	56.4	62.2
2013-06-18	33396.0	3087.0	510.0	28590.0	31378.0	359.0	148.0	41.2	58.2	55.2	63.2
2013-06-25	32978.0	3067.0	0.0	28192.0	31215.0	359.0	403.0	39.2	57.2	54.2	62.0
2013-07-02	33046.0	3561.0	0.0	27830.0	31602.0	359.0	148.0	35.8	53.8	49.7	59.0
2013-07-09	31428.0	3118.0	0.0	26669.0	29976.0	339.0	150.0	36.3	52.5	50.6	58.3
2013-07-16	31194.0	3247.0	0.0	26518.0	29978.0	383.0	170.0	35.3	55.8	52.1	61.5
2013-07-23	30661.0	3507.0	0.0	26453.0	29918.0	383.0	425.0	35.9	58.1	53.9	63.1
2013-07-30	30531.0	3485.0	0.0	26301.0	29744.0	383.0	425.0	35.8	57.9	53.7	63.2
2013-08-06	29655.0	3482.0	0.0	25639.0	28824.0	384.0	681.0	33.3	58.1	51.2	62.4
2013-08-13	30918.0	3320.0	0.0	27423.0	30385.0	45.0	403.0	36.2	60.5	53.1	64.3
2013-08-20	31493.0	3156.0	0.0	28099.0	30897.0	45.0	403.0	35.2	59.1	51.5	62.8
2013-08-27	31794.0	3392.0	0.0	28184.0	31218.0	45.0	403.0	34.3	58.1	51.0	61.9
2013-09-03	31750.0	3348.0	0.0	28184.0	31174.0	45.0	403.0	34.2	58.2	51.0	62.0
2013-09-10	30193.0	3326.0	0.0	26465.0	29921.0	339.0	209.0	36.9	61.6	53.9	65.5
2013-09-17	31185.0	3464.0	0.0	27342.0	30936.0	339.0	209.0	36.9	61.7	54.1	65.9
2013-09-24	31760.0	3464.0	0.0	27958.0	31279.0	298.0	441.0	37.0	61.5	54.6	65.7
2013-10-01	35063.0	3384.0	0.0	31344.0	34562.0	275.0	441.0	42.7	65.4	58.5	69.1
2013-10-08	34297.0	3076.0	0.0	30371.0	33876.0	830.0	401.0	46.3	68.0	61.4	72.1
2013-10-15	35031.0	3596.0	0.0	30330.0	34355.0	1085.0	656.0	46.4	68.5	61.8	72.6
2013-10-22	36618.0	5254.0	0.0	30514.0	35921.0	830.0	677.0	45.8	67.1	60.8	71.0
2013-10-29	31319.0	5229.0	0.0	25240.0	30642.0	830.0	657.0	37.6	60.4	54.7	65.6
2013-11-05	32999.0	6437.0	0.0	25666.0	32344.0	876.0	635.0	38.6	58.0	54.5	65.1
2013-11-12	31713.0	6036.0	0.0	24538.0	30790.0	1119.0	903.0	40.2	60.6	57.3	68.3
2013-11-19	31233.0	5994.0	0.0	24412.0	30622.0	807.0	591.0	40.2	60.3	57.6	68.1
2013-11-26	31426.0	6208.0	0.0	24647.0	30559.0	551.0	847.0	40.1	58.7	58.8	67.3
2013-12-03	31426.0	6208.0	0.0	24647.0	30559.0	551.0	847.0	40.1	58.7	58.8	67.3
2013-12-10	30022.0	5968.0	0.0	23480.0	29448.0	574.0	574.0	42.5	61.2	61.5	70.6
2013-12-17	29646.0	6485.0	0.0	22461.0	28988.0	616.0	574.0	44.2	59.0	60.2	68.5
2013-12-24	30323.0	6401.0	0.0	23795.0	29942.0	43.0	297.0	42.8	56.4	58.2	66.5
2014-01-07	28828.0	6066.0	0.0	22339.0	28427.0	383.0	361.0	45.0	58.4	61.3	69.6
2014-01-14	30548.0	6140.0	0.0	23824.0	29943.0	360.0	381.0	42.5	52.3	57.0	63.9
2014-01-21	30945.0	6139.0	0.0	24242.0	30320.0	340.0	401.0	42.4	52.2	56.8	63.9
2014-01-28	31743.0	6157.0	0.0	24997.0	31047.0	274.0	381.0	41.5	49.3	55.8	63.7
2014-02-04	31805.0	6157.0	0.0	24548.0	31088.0	785.0	402.0	38.8	46.4	51.7	60.4
2014-02-11	30187.0	6178.0	0.0	23420.0	29492.0	274.0	380.0	41.2	45.6	53.2	60.5
2014-02-18	30569.0	6220.0	0.0	23802.0	29916.0	274.0	380.0	40.7	45.6	53.4	60.7
2014-02-25	30571.0	6262.0	0.0	23485.0	29898.0	572.0	421.0	40.7	44.6	52.7	60.0
2014-03-04	30697.0	6220.0	0.0	23589.0	29961.0	573.0	421.0	40.6	44.5	52.4	59.9
2014-03-11	28222.0	6135.0	0.0	21259.0	27586.0	553.0	361.0	41.7	43.6	51.2	59.3
2014-03-18	28816.0	6006.0	0.0	21855.0	28180.0	680.0	361.0	40.4	43.1	50.2	58.5
2014-03-25	26454.0	5942.0	0.0	19600.0	25818.0	637.0	361.0	36.4	36.4	47.2	53.1
2014-04-01	24598.0	4913.0	0.0	18536.0	23746.0	658.0	361.0	32.3	40.1	46.0	51.5
2014-04-08	25634.0	5085.0	0.0	19504.0	24611.0	554.0	532.0	34.3	51.4	50.4	61.3
2014-04-15	26603.0	5189.0	0.0	20432.0	25643.0	554.0	532.0	34.9	52.7	51.6	62.3
2014-04-22	26392.0	5445.0	0.0	19965.0	25389.0	554.0	575.0	35.7	51.6	52.7	62.4
2014-04-29	26450.0	5084.0	0.0	20405.0	25468.0	533.0	554.0	35.9	52.0	51.3	62.2
2014-05-06	27623.0	5085.0	0.0	21365.0	26814.0	916.0	552.0	41.2	66.5	62.8	75.4
2014-05-13	30625.0	4833.0	0.0	24492.0	29689.0	916.0	552.0	40.5	67.1	58.1	71.2
2014-05-20	32420.0	4879.0	0.0	26241.0	31484.0	916.0	552.0	40.5	68.4	59.0	72.3
2014-05-27	33823.0	5284.0	0.0	27136.0	32400.0	532.0	552.0	39.5	69.5	59.4	73.2
2014-06-03	37010.0	6241.0	0.0	30068.0	36204.0	447.0	552.0	39.2	72.0	58.6	75.9
2014-06-10	40076.0	6900.0	88.0	32581.0	39309.0	405.0	489.0	47.6	78.4	64.6	81.6
2014-06-17	42105.0	7177.0	132.0	33908.0	41125.0	661.0	489.0	50.3	76.8	69.0	80.9
2014-06-24	43108.0	6922.0	132.0	34444.0	41406.0	661.0	489.0	50.3	75.6	67.7	80.2
2014-07-01	43365.0	7432.0	132.0	34191.0	41663.0	661.0	489.0	50.0	75.3	67.9	79.9
2014-07-08	42338.0	7348.0	132.0	33249.0	40699.0	660.0	426.0	53.5	79.1	71.6	83.6
2014-07-15	43857.0	8760.0	132.0	33440.0	42260.0	639.0	447.0	52.8	79.8	72.9	84.2
2014-07-22	44705.0	8931.0	132.0	34033.0	43045.0	681.0	468.0	48.6	75.1	68.6	79.3
2014-07-29	46321.0	10461.0	132.0	33991.0	44533.0	681.0	468.0	45.9	72.9	67.8	77.0
2014-08-05	46363.0	10676.0	132.0	33756.0	44534.0	743.0	509.0	44.7	72.1	67.5	76.3
2014-08-12	45186.0	10739.0	0.0	32818.0	43706.0	696.0	547.0	45.3	74.1	69.2	78.3
2014-08-19	44540.0	10822.0	0.0	32429.0	43229.0	781.0	803.0	46.5	74.8	70.8	79.1
2014-08-26	45434.0	11095.0	0.0	33050.0	44186.0	844.0	803.0	46.0	75.5	70.6	80.6
2014-09-02	45434.0	11095.0	0.0	33071.0	44186.0	823.0	803.0	46.0	75.5	70.6	80.6
2014-09-09	48546.0	12191.0	0.0	34753.0	46618.0	904.0	1230.0	45.1	79.8	70.1	83.5
2014-09-16	48801.0	12069.0	0.0	34939.0	46618.0	840.0	1230.0	43.5	78.8	68.8	82.4
2014-09-23	48329.0	12091.0	0.0	34424.0	46125.0	884.0	1274.0	43.3	77.5	68.2	81.4
2014-09-30	49288.0	11357.0	0.0	36010.0	46956.0	481.0	892.0	42.4	78.1	67.8	81.7
2014-10-07	47638.0	11593.0	0.0	34170.0	45337.0	477.0	903.0	44.2	81.3	69.4	84.4
2014-10-14	47638.0	11612.0	0.0	34265.0	45451.0	382.0	808.0	44.1	80.9	68.6	83.9
