2013-05-07	98107.0	0.0	9001.0	98107.0	89106.0	0.0	0.0	45.8	53.6	57.3	60.5
2013-05-14	101676.0	0.0	9001.0	101676.0	92675.0	0.0	0.0	47.7	53.0	58.1	61.1
2013-05-21	102076.0	0.0	9001.0	102076.0	93075.0	0.0	0.0	47.5	54.3	59.4	62.4
2013-05-28	102876.0	0.0	9001.0	102876.0	93875.0	0.0	0.0	47.1	53.9	59.7	63.1
2013-06-11	97388.0	0.0	6649.0	97388.0	90739.0	0.0	0.0	45.7	54.9	59.8	63.0
2013-06-18	97388.0	0.0	6649.0	97388.0	90739.0	0.0	0.0	45.7	54.9	59.8	63.0
2013-06-25	97388.0	0.0	5865.0	97388.0	91523.0	0.0	0.0	45.7	54.9	58.2	62.2
2013-07-02	97388.0	0.0	5865.0	97388.0	91523.0	0.0	0.0	45.7	54.9	58.2	62.2
2013-07-09	89788.0	0.0	5465.0	89788.0	84323.0	0.0	0.0	46.3	57.8	60.0	64.3
2013-07-16	90572.0	0.0	5465.0	90572.0	85107.0	0.0	0.0	46.4	57.7	59.9	64.2
2013-07-23	90188.0	0.0	5465.0	90188.0	84723.0	0.0	0.0	46.6	56.7	58.9	63.2
2013-07-30	90188.0	0.0	5465.0	90188.0	84723.0	0.0	0.0	46.6	56.7	58.9	63.2
2013-08-06	82348.0	0.0	3897.0	82348.0	78451.0	0.0	0.0	48.1	55.4	57.7	61.1
2013-08-13	86298.0	0.0	3897.0	86298.0	82401.0	0.0	0.0	47.8	58.4	59.2	63.8
2013-08-20	86298.0	0.0	3897.0	86298.0	82401.0	0.0	0.0	47.8	58.4	59.2	63.8
2013-08-27	87916.0	0.0	3897.0	87916.0	84019.0	0.0	0.0	53.7	59.4	64.8	67.9
2013-09-03	88660.0	0.0	3153.0	88660.0	85507.0	0.0	0.0	53.2	58.1	64.3	67.3
2013-11-26	78582.0	0.0	809.0	78582.0	77773.0	0.0	0.0	51.6	59.7	63.5	66.4
2013-12-03	78990.0	0.0	809.0	78990.0	78181.0	0.0	0.0	50.3	59.4	62.1	65.8
2013-12-10	72574.0	0.0	408.0	72574.0	72166.0	0.0	0.0	49.7	61.7	62.9	66.6
2013-12-17	72574.0	0.0	408.0	72574.0	72166.0	0.0	0.0	49.7	61.7	62.9	66.6
2013-12-24	73318.0	0.0	408.0	73318.0	72910.0	0.0	0.0	47.2	61.0	61.4	65.9
2014-06-03	85658.0	0.0	5048.0	85658.0	80610.0	0.0	0.0	54.3	71.4	77.1	83.6
2014-06-10	80002.0	0.0	5048.0	80002.0	74954.0	0.0	0.0	53.1	72.3	79.0	84.4
2014-06-17	80002.0	0.0	4288.0	80002.0	75714.0	0.0	0.0	53.1	72.3	79.0	84.4
2014-06-24	80002.0	0.0	4288.0	80002.0	75714.0	0.0	0.0	53.1	72.3	79.0	84.4
2014-07-01	81570.0	0.0	4288.0	81570.0	77282.0	0.0	0.0	53.2	71.3	79.4	84.7
2014-07-08	76194.0	0.0	3904.0	76194.0	72290.0	0.0	0.0	55.4	72.8	81.5	86.2
2014-07-15	75754.0	0.0	3904.0	75754.0	71850.0	0.0	0.0	59.4	74.3	84.5	87.7
2014-07-22	75754.0	0.0	3904.0	75754.0	71850.0	0.0	0.0	59.4	74.3	84.5	87.7
2014-07-29	76546.0	0.0	3904.0	76546.0	72642.0	0.0	0.0	59.2	73.5	83.6	86.7
2014-08-05	72690.0	0.0	3904.0	72690.0	68786.0	0.0	0.0	69.2	67.8	87.5	84.4
2014-08-12	71930.0	0.0	3904.0	71930.0	68026.0	0.0	0.0	69.0	68.6	83.7	82.1
2014-08-19	71938.0	0.0	3904.0	71938.0	68034.0	0.0	0.0	67.9	68.6	82.1	82.2
2014-08-26	71938.0	0.0	3904.0	71938.0	68034.0	0.0	0.0	67.9	68.6	82.1	82.2
2014-09-02	71938.0	0.0	3904.0	71938.0	68034.0	0.0	0.0	67.9	68.6	82.1	82.2
2014-09-09	65818.0	0.0	3904.0	65818.0	61914.0	0.0	0.0	71.7	69.4	84.7	83.0
2014-09-16	66627.0	0.0	3904.0	66627.0	62723.0	0.0	0.0	69.7	68.5	82.6	81.9
2014-09-23	66627.0	0.0	3904.0	66627.0	62723.0	0.0	0.0	69.7	68.5	82.6	81.9
2014-09-30	66627.0	0.0	3904.0	66627.0	62723.0	0.0	0.0	69.2	68.5	82.1	81.9
2014-10-07	60835.0	0.0	3904.0	60835.0	56931.0	0.0	0.0	71.3	69.5	82.9	82.1
2014-10-14	60835.0	0.0	3904.0	60835.0	56931.0	0.0	0.0	71.3	69.5	82.9	82.1
