2013-05-07	19610.0	1767.0	0.0	17227.0	19296.0	410.0	108.0	40.0	57.7	53.6	66.7
2013-05-14	18460.0	1140.0	0.0	16583.0	18106.0	513.0	130.0	41.3	56.7	54.4	65.1
2013-05-21	18728.0	1280.0	0.0	16767.0	18452.0	597.0	192.0	42.1	53.3	55.4	62.8
2013-05-28	18714.0	1280.0	0.0	16797.0	18374.0	553.0	256.0	42.6	53.3	55.9	62.4
2013-06-11	18755.0	1086.0	4.0	17121.0	18523.0	468.0	148.0	43.5	47.9	56.4	58.2
2013-06-18	19178.0	1086.0	4.0	17415.0	18946.0	597.0	148.0	42.4	48.2	56.1	58.9
2013-06-25	19160.0	1086.0	4.0	17377.0	18886.0	617.0	190.0	41.1	45.8	54.6	55.4
2013-07-02	19419.0	1300.0	4.0	17742.0	19187.0	255.0	106.0	41.6	44.4	54.7	54.6
2013-07-09	18033.0	1198.0	0.0	16498.0	17821.0	255.0	130.0	40.3	43.9	54.8	54.5
2013-07-16	17927.0	1324.0	0.0	16140.0	17692.0	381.0	153.0	41.9	44.7	57.2	56.6
2013-07-23	18019.0	1324.0	0.0	16273.0	17764.0	340.0	173.0	41.4	44.4	57.2	56.1
2013-07-30	17679.0	1282.0	0.0	15932.0	17382.0	341.0	173.0	38.8	44.4	54.1	56.0
2013-08-06	18073.0	1282.0	0.0	16326.0	17776.0	341.0	173.0	39.9	46.6	55.0	57.7
2013-08-13	16769.0	1172.0	0.0	15132.0	16496.0	341.0	149.0	40.0	47.0	56.0	62.0
2013-08-20	16826.0	1046.0	122.0	15125.0	16347.0	405.0	107.0	39.3	46.6	55.1	61.4
2013-08-27	16812.0	896.0	320.0	15174.0	16048.0	405.0	107.0	37.8	43.8	52.6	58.7
2013-09-03	16874.0	896.0	320.0	15513.0	16110.0	128.0	107.0	38.6	43.2	53.5	58.6
2013-09-10	15671.0	808.0	367.0	14185.0	14522.0	341.0	445.0	40.3	43.7	57.2	60.5
2013-09-17	15803.0	808.0	367.0	14317.0	14398.0	341.0	701.0	42.3	43.5	58.2	60.0
2013-09-24	15909.0	808.0	430.0	14552.0	14824.0	298.0	404.0	40.9	43.1	57.8	58.2
2013-10-01	15951.0	808.0	430.0	14615.0	14866.0	277.0	404.0	40.7	42.5	56.6	57.5
2013-10-08	15217.0	808.0	170.0	14175.0	14768.0	43.0	88.0	39.0	41.7	53.5	56.0
2013-10-15	15216.0	808.0	128.0	14132.0	14724.0	43.0	131.0	39.4	41.7	53.1	56.1
2013-10-22	15920.0	808.0	128.0	14646.0	15451.0	233.0	108.0	34.7	40.6	50.5	53.7
2013-10-29	17378.0	808.0	233.0	16146.0	16549.0	149.0	321.0	33.5	36.6	48.5	48.5
2013-11-05	16310.0	716.0	209.0	15212.0	15528.0	107.0	298.0	36.9	35.7	52.2	47.7
2013-11-12	17303.0	800.0	398.0	16101.0	16567.0	127.0	63.0	36.6	34.9	51.4	46.4
2013-11-19	17882.0	800.0	229.0	16701.0	17315.0	148.0	105.0	34.0	36.9	48.3	48.4
2013-11-26	17922.0	1103.0	42.0	16378.0	17397.0	21.0	63.0	31.7	38.9	45.8	52.1
2013-12-03	18093.0	1167.0	66.0	16423.0	17462.0	41.0	103.0	31.5	38.6	45.3	51.8
2013-12-10	17227.0	1317.0	220.0	15358.0	16627.0	341.0	169.0	30.8	39.0	44.9	52.8
2013-12-17	17037.0	1311.0	283.0	15150.0	16350.0	341.0	169.0	31.2	38.6	45.5	52.4
2013-12-24	16949.0	1164.0	283.0	15146.0	16220.0	383.0	190.0	31.6	37.7	45.5	51.6
2014-01-07	15724.0	1119.0	444.0	13964.0	14961.0	513.0	191.0	32.7	37.3	46.4	49.9
2014-01-14	16145.0	1885.0	504.0	13325.0	15027.0	575.0	254.0	30.8	37.4	44.2	50.4
2014-01-21	16186.0	2007.0	504.0	13286.0	15068.0	533.0	254.0	31.0	38.0	44.5	50.9
2014-01-28	16458.0	2108.0	504.0	13693.0	15488.0	297.0	106.0	30.7	35.5	45.4	48.0
2014-02-04	16626.0	2470.0	0.0	13607.0	16267.0	318.0	128.0	30.8	35.6	44.3	48.5
2014-02-11	15301.0	2228.0	0.0	12572.0	15011.0	294.0	83.0	34.2	38.8	46.9	51.6
2014-02-18	15598.0	2205.0	0.0	12894.0	15094.0	334.0	339.0	32.5	38.2	47.0	50.7
2014-02-25	15494.0	2119.0	0.0	12874.0	14967.0	271.0	297.0	33.1	39.0	47.5	51.7
2014-03-04	15392.0	2099.0	0.0	12959.0	15125.0	147.0	80.0	31.9	38.4	46.9	51.1
2014-03-11	13611.0	1636.0	0.0	11676.0	13226.0	149.0	235.0	34.4	44.3	49.3	57.8
2014-03-18	13654.0	1679.0	0.0	11719.0	13312.0	149.0	235.0	32.1	45.4	47.8	58.7
2014-03-25	13724.0	2002.0	0.0	11466.0	13426.0	171.0	213.0	30.0	46.1	47.2	59.5
2014-04-01	13498.0	1968.0	0.0	10867.0	12730.0	236.0	341.0	27.9	44.1	45.9	57.7
2014-04-08	12580.0	1858.0	18.0	10055.0	11833.0	237.0	299.0	31.9	48.7	48.0	61.1
2014-04-15	12770.0	1816.0	39.0	10266.0	11981.0	237.0	299.0	33.1	48.4	49.1	62.1
2014-04-22	12999.0	1858.0	39.0	10453.0	12210.0	237.0	299.0	33.4	47.0	48.9	60.6
2014-04-29	13036.0	1987.0	0.0	10365.0	12313.0	260.0	299.0	32.9	50.6	49.8	65.2
2014-05-06	12343.0	1510.0	0.0	9918.0	11346.0	173.0	255.0	34.7	50.1	51.1	65.0
2014-05-13	12780.0	1740.0	0.0	10125.0	11783.0	173.0	255.0	34.7	49.9	51.9	64.4
2014-05-20	12994.0	1931.0	0.0	10190.0	12039.0	173.0	255.0	34.3	51.5	52.3	66.9
2014-05-27	12992.0	2011.0	0.0	10213.0	12142.0	173.0	255.0	34.6	51.5	52.3	66.9
2014-06-03	12647.0	2159.0	0.0	9997.0	12074.0	194.0	276.0	32.9	52.9	52.0	68.4
2014-06-10	12221.0	1589.0	257.0	10075.0	11432.0	259.0	234.0	39.1	51.4	57.8	68.2
2014-06-17	12499.0	1763.0	236.0	10245.0	11688.0	193.0	277.0	38.4	50.1	56.4	66.4
2014-06-24	13046.0	1844.0	405.0	10731.0	12045.0	131.0	256.0	39.0	50.0	58.5	67.0
2014-07-01	13148.0	1885.0	376.0	10792.0	12176.0	131.0	256.0	37.7	49.3	58.5	66.2
2014-07-08	12060.0	1570.0	523.0	10124.0	11067.0	131.0	235.0	38.7	49.4	58.5	65.7
2014-07-15	11586.0	1505.0	223.0	9420.0	10705.0	174.0	171.0	39.1	53.0	58.7	68.9
2014-07-22	11999.0	1484.0	28.0	9743.0	11246.0	197.0	150.0	39.6	53.0	58.7	70.1
2014-07-29	12379.0	2160.0	0.0	9419.0	11626.0	197.0	150.0	43.0	51.4	58.5	68.5
2014-08-05	11476.0	1769.0	0.0	8928.0	10829.0	259.0	127.0	44.1	50.0	58.0	67.0
2014-08-12	12333.0	1589.0	54.0	9893.0	11560.0	259.0	127.0	44.6	50.6	60.8	66.2
2014-08-19	12675.0	1077.0	51.0	10637.0	11819.0	324.0	168.0	40.7	48.1	57.9	63.2
2014-08-26	12948.0	1218.0	0.0	10769.0	12143.0	303.0	147.0	40.2	47.4	57.6	63.1
2014-09-02	13058.0	1193.0	0.0	10837.0	12207.0	324.0	147.0	39.8	47.0	56.8	62.7
2014-09-09	12324.0	1079.0	100.0	10230.0	11342.0	259.0	126.0	43.7	49.3	59.0	63.6
2014-09-16	12297.0	1147.0	218.0	10165.0	11250.0	282.0	126.0	43.6	51.3	59.3	64.9
2014-09-23	12543.0	1970.0	284.0	9803.0	11511.0	171.0	149.0	41.9	49.9	60.8	63.3
2014-09-30	13014.0	2231.0	510.0	10058.0	11824.0	171.0	126.0	42.9	46.7	61.1	62.6
2014-10-07	11656.0	2446.0	392.0	8765.0	10781.0	131.0	169.0	48.9	51.4	67.6	66.7
2014-10-14	11905.0	2547.0	316.0	8878.0	11071.0	131.0	169.0	48.2	50.9	67.2	66.6
