2013-05-07	256301.0	8665.0	4680.0	247636.0	251621.0	0.0	0.0	65.8	70.8	80.5	85.9
2013-05-14	256701.0	8665.0	4680.0	248036.0	252021.0	0.0	0.0	64.3	69.6	78.5	84.8
2013-05-21	258677.0	8665.0	4680.0	250012.0	253997.0	0.0	0.0	64.2	69.7	78.5	86.1
2013-05-28	259077.0	8665.0	4680.0	250412.0	254397.0	0.0	0.0	63.5	69.5	78.0	86.0
2013-06-11	249662.0	7489.0	4680.0	242173.0	244982.0	0.0	0.0	61.5	67.5	73.8	80.3
2013-06-18	250054.0	7489.0	4680.0	242565.0	245374.0	0.0	0.0	61.6	67.4	73.5	80.2
2013-06-25	252022.0	6705.0	4680.0	245317.0	247342.0	0.0	0.0	61.3	66.9	72.5	79.7
2013-07-02	253550.0	6705.0	4680.0	246845.0	248870.0	0.0	0.0	60.9	66.8	72.1	79.2
2013-07-09	234350.0	5905.0	4680.0	228445.0	229670.0	0.0	0.0	64.0	68.8	76.4	81.7
2013-07-16	235182.0	5905.0	4680.0	229277.0	230502.0	0.0	0.0	64.9	67.9	77.3	80.8
2013-07-23	236366.0	5905.0	4680.0	230461.0	231686.0	0.0	0.0	63.9	67.6	76.7	80.4
2013-07-30	237982.0	7129.0	4680.0	230853.0	233302.0	0.0	0.0	63.5	67.6	76.2	80.2
2013-08-06	219166.0	5169.0	4680.0	213997.0	214486.0	0.0	0.0	65.4	69.3	77.6	82.4
2013-08-13	218365.0	5169.0	4680.0	213196.0	213685.0	0.0	0.0	66.0	69.4	78.2	82.2
2013-08-20	221127.0	5169.0	4680.0	215958.0	216447.0	0.0	0.0	65.4	68.5	77.6	81.1
2013-08-27	226267.0	5169.0	4680.0	221098.0	221587.0	0.0	0.0	65.5	68.3	77.7	80.5
2013-09-03	221987.0	5169.0	0.0	216818.0	221987.0	0.0	0.0	63.8	69.6	76.5	80.6
2013-09-10	212215.0	3209.0	0.0	209006.0	212215.0	0.0	0.0	63.4	71.0	76.7	82.3
2013-09-17	216879.0	3209.0	0.0	213670.0	216879.0	0.0	0.0	64.2	69.5	77.2	82.7
2013-09-24	220799.0	2833.0	0.0	217966.0	220799.0	0.0	0.0	62.8	68.2	74.2	80.5
2013-10-01	220423.0	2833.0	0.0	217590.0	220423.0	0.0	0.0	62.9	68.3	74.3	80.5
2013-10-08	196599.0	2033.0	0.0	194566.0	196599.0	0.0	0.0	65.8	68.2	78.1	81.4
2013-10-15	196599.0	2033.0	0.0	194566.0	196599.0	0.0	0.0	66.0	68.2	78.3	81.6
2013-10-22	195440.0	2033.0	0.0	193407.0	195440.0	0.0	0.0	65.3	68.4	77.4	82.3
2013-10-29	212416.0	2033.0	0.0	210383.0	212416.0	0.0	0.0	63.4	62.7	72.9	76.1
2013-11-05	204211.0	2033.0	0.0	202178.0	204211.0	0.0	0.0	64.9	61.0	74.5	75.7
2013-11-12	209210.0	2033.0	816.0	207177.0	208394.0	0.0	0.0	64.5	61.1	74.1	73.8
2013-11-19	216279.0	2033.0	816.0	214246.0	215463.0	0.0	0.0	63.6	64.0	74.8	75.8
2013-11-26	217983.0	2849.0	816.0	215134.0	217167.0	0.0	0.0	63.3	63.3	74.6	75.4
2013-12-03	217559.0	3241.0	1992.0	214318.0	215567.0	0.0	0.0	63.0	62.9	74.4	74.8
2013-12-10	199852.0	4016.0	4736.0	195836.0	195116.0	0.0	0.0	65.0	63.8	77.0	74.7
2013-12-17	198756.0	2448.0	6184.0	195524.0	191788.0	0.0	0.0	65.4	63.0	76.6	73.5
2013-12-24	197612.0	2448.0	6184.0	194380.0	190644.0	0.0	0.0	65.8	63.4	76.3	73.1
2014-01-07	177252.0	40.0	7872.0	176116.0	168284.0	0.0	0.0	72.4	65.9	83.1	78.6
2014-01-14	178308.0	1096.0	8928.0	176468.0	168636.0	0.0	0.0	72.2	65.5	82.4	78.5
2014-01-21	178308.0	1096.0	8928.0	176468.0	168636.0	0.0	0.0	72.2	65.5	82.4	78.5
2014-01-28	180177.0	1096.0	8928.0	178337.0	170505.0	0.0	0.0	70.8	62.4	81.3	77.9
2014-02-04	183721.0	6569.0	0.0	176408.0	182977.0	0.0	0.0	65.8	61.2	77.8	76.4
2014-02-11	166958.0	6545.0	0.0	160061.0	166606.0	0.0	0.0	67.1	62.7	79.6	76.2
2014-02-18	170170.0	7688.0	0.0	162130.0	169818.0	0.0	0.0	65.2	61.5	78.7	78.6
2014-02-25	170616.0	6874.0	407.0	163390.0	169857.0	0.0	0.0	64.1	61.8	77.9	79.1
2014-03-04	170937.0	8340.0	407.0	162245.0	170178.0	0.0	0.0	62.8	62.1	76.8	79.6
2014-03-11	161140.0	7988.0	407.0	153152.0	160733.0	0.0	0.0	65.8	68.5	81.1	80.5
2014-03-18	166580.0	7988.0	407.0	158592.0	166173.0	0.0	0.0	63.9	65.1	78.8	75.6
2014-03-25	168052.0	7988.0	407.0	160064.0	167645.0	0.0	0.0	63.5	64.8	78.7	75.8
2014-04-01	168019.0	12981.0	0.0	154631.0	167612.0	0.0	0.0	55.5	65.0	73.8	76.3
2014-04-08	157810.0	13686.0	0.0	144124.0	157810.0	0.0	0.0	56.8	69.2	72.1	78.9
2014-04-15	156634.0	13686.0	0.0	142948.0	156634.0	0.0	0.0	56.3	68.5	71.6	78.3
2014-04-22	155426.0	13278.0	0.0	142148.0	155426.0	0.0	0.0	55.4	69.1	70.9	78.1
2014-04-29	155009.0	13278.0	0.0	141731.0	155009.0	0.0	0.0	56.3	69.2	72.3	78.3
2014-05-06	146177.0	9998.0	0.0	136179.0	146177.0	0.0	0.0	54.6	70.8	70.5	79.9
2014-05-13	145377.0	11150.0	0.0	134227.0	145377.0	0.0	0.0	54.2	71.2	70.4	80.6
2014-05-20	145761.0	10766.0	0.0	134227.0	144993.0	0.0	0.0	53.6	70.5	69.9	80.2
2014-05-27	146905.0	12294.0	0.0	133075.0	145369.0	0.0	0.0	51.7	70.0	68.1	79.5
2014-06-03	150001.0	13062.0	0.0	135019.0	148081.0	0.0	0.0	51.1	69.1	66.9	77.7
2014-06-10	138969.0	11184.0	474.0	123987.0	134697.0	0.0	0.0	49.0	67.3	65.8	76.8
2014-06-17	144042.0	14930.0	0.0	124840.0	139770.0	0.0	0.0	47.2	64.9	63.1	74.6
2014-06-24	147586.0	14130.0	0.0	128384.0	142514.0	0.0	0.0	46.3	63.3	61.6	72.3
2014-07-01	147178.0	14914.0	0.0	127584.0	142498.0	0.0	0.0	45.5	63.8	60.2	72.8
2014-07-08	131842.0	10282.0	0.0	118392.0	128674.0	0.0	0.0	49.0	65.3	66.2	75.7
2014-07-15	131089.0	11506.0	0.0	117231.0	128737.0	0.0	0.0	50.6	66.2	67.5	76.4
2014-07-22	131089.0	11506.0	0.0	117231.0	128737.0	0.0	0.0	50.3	66.6	67.2	76.8
2014-07-29	133180.0	11489.0	0.0	118505.0	129994.0	0.0	0.0	50.4	66.1	66.1	76.5
2014-08-05	119500.0	11505.0	0.0	104809.0	116314.0	0.0	0.0	48.3	67.1	64.2	75.0
2014-08-12	122940.0	11505.0	0.0	108249.0	119754.0	0.0	0.0	46.6	66.1	66.1	74.2
2014-08-19	136876.0	9585.0	0.0	122185.0	131770.0	0.0	0.0	54.4	61.9	67.9	72.2
2014-08-26	139556.0	11505.0	0.0	124865.0	136370.0	0.0	0.0	54.7	60.8	69.6	73.4
2014-09-02	139189.0	11088.0	0.0	124498.0	135586.0	0.0	0.0	54.0	60.0	68.7	72.5
2014-09-09	127718.0	9855.0	0.0	113843.0	123698.0	0.0	0.0	51.9	60.3	68.0	72.8
2014-09-16	131526.0	11040.0	0.0	116466.0	127506.0	0.0	0.0	52.1	59.9	67.6	72.1
2014-09-23	129581.0	11040.0	0.0	114521.0	125561.0	0.0	0.0	52.9	55.7	68.6	69.6
2014-09-30	130841.0	9494.0	0.0	117644.0	127138.0	0.0	0.0	53.0	55.2	67.3	68.3
2014-10-07	116862.0	12709.0	0.0	101701.0	114410.0	0.0	0.0	52.7	58.0	67.7	67.4
2014-10-14	119191.0	15947.0	0.0	102460.0	118407.0	0.0	0.0	52.7	59.6	69.1	69.5
