2013-05-07	32514.0	26.0	608.0	29975.0	29393.0	0.0	0.0	44.4	37.5	55.3	54.8
2013-05-14	31931.0	26.0	839.0	29469.0	28656.0	0.0	0.0	46.7	38.5	57.2	56.7
2013-05-21	32827.0	26.0	23.0	29597.0	29600.0	0.0	0.0	44.7	36.6	53.5	53.7
2013-05-28	32931.0	26.0	23.0	29701.0	29704.0	0.0	0.0	45.4	37.4	54.1	54.2
2013-06-11	31786.0	826.0	0.0	28116.0	28942.0	0.0	0.0	43.4	38.1	53.9	53.6
2013-06-18	31507.0	310.0	0.0	28095.0	28405.0	0.0	0.0	41.3	38.6	51.9	52.7
2013-06-25	32177.0	26.0	410.0	29100.0	28716.0	0.0	0.0	44.4	37.7	54.7	53.2
2013-07-02	30340.0	0.0	615.0	27416.0	26801.0	0.0	0.0	45.1	38.9	55.2	53.8
2013-07-09	30825.0	0.0	615.0	27901.0	27286.0	0.0	0.0	45.3	40.2	56.1	54.9
2013-07-16	30952.0	0.0	727.0	28084.0	27357.0	0.0	0.0	45.1	40.3	55.5	55.3
2013-07-23	31093.0	0.0	643.0	28171.0	27528.0	0.0	0.0	46.7	40.0	56.8	54.9
2013-07-30	31317.0	0.0	1257.0	28395.0	27138.0	0.0	0.0	46.8	40.5	57.6	57.0
2013-08-06	30035.0	0.0	1041.0	27059.0	26018.0	0.0	0.0	45.1	40.4	57.9	55.5
2013-08-13	30167.0	0.0	964.0	27114.0	26150.0	0.0	0.0	43.9	40.7	57.3	55.5
2013-08-20	30446.0	0.0	1116.0	27496.0	26380.0	0.0	0.0	44.6	41.2	58.1	56.3
2013-08-27	29621.0	0.0	1143.0	26698.0	25555.0	0.0	0.0	46.1	42.3	59.2	58.2
2013-09-03	27707.0	0.0	1810.0	24814.0	23028.0	24.0	0.0	47.5	44.2	60.4	59.8
2013-09-10	27599.0	0.0	1715.0	24737.0	23046.0	24.0	0.0	48.3	44.0	60.9	59.9
2013-09-17	26570.0	0.0	2126.0	24042.0	21940.0	24.0	0.0	47.9	43.5	60.9	60.2
2013-09-24	26356.0	0.0	2284.0	23932.0	21672.0	24.0	0.0	48.2	44.8	60.9	61.4
2013-10-01	24824.0	0.0	2257.0	22472.0	20139.0	0.0	76.0	48.6	46.7	60.5	61.3
2013-10-08	25236.0	0.0	1434.0	22499.0	21065.0	0.0	0.0	48.6	49.4	61.8	63.8
2013-10-15	25364.0	0.0	1206.0	22601.0	21395.0	0.0	0.0	48.7	50.0	62.1	63.7
2013-10-22	25415.0	0.0	1206.0	22652.0	21446.0	0.0	0.0	49.8	49.5	63.1	63.6
2013-10-29	25824.0	0.0	1206.0	23061.0	21855.0	0.0	0.0	50.9	50.3	64.0	64.0
2013-11-05	23632.0	0.0	794.0	20638.0	19844.0	0.0	0.0	53.6	50.6	64.6	63.2
2013-11-12	23760.0	0.0	870.0	20792.0	19922.0	0.0	0.0	54.4	50.3	65.3	63.3
2013-11-19	22097.0	0.0	1152.0	19564.0	18412.0	0.0	0.0	49.1	45.2	59.7	60.0
2013-11-26	21790.0	0.0	1458.0	19411.0	17953.0	0.0	0.0	49.2	47.2	60.2	60.6
2013-12-03	20310.0	0.0	1689.0	18162.0	16473.0	0.0	0.0	51.2	50.2	62.0	63.1
2013-12-10	20924.0	0.0	1688.0	18776.0	17088.0	0.0	0.0	50.9	49.3	62.6	63.2
2013-12-17	22794.0	0.0	2533.0	20646.0	18113.0	0.0	0.0	52.8	51.6	63.5	65.2
2013-12-24	22357.0	0.0	2533.0	20209.0	17676.0	0.0	0.0	51.9	49.4	62.8	63.3
2014-01-07	21183.0	0.0	3243.0	19187.0	15944.0	0.0	0.0	56.4	52.3	66.7	67.4
2014-01-14	21160.0	0.0	3627.0	19240.0	15613.0	0.0	0.0	58.1	52.6	69.0	69.4
2014-01-21	21340.0	0.0	3858.0	19574.0	15716.0	0.0	0.0	58.5	53.3	69.6	70.0
2014-01-28	22120.0	0.0	3858.0	20354.0	16496.0	0.0	0.0	58.6	52.1	69.5	70.6
2014-02-04	21211.0	0.0	3478.0	19445.0	15967.0	0.0	0.0	59.2	53.2	70.4	72.1
2014-02-11	21338.0	0.0	3503.0	19572.0	16069.0	0.0	0.0	56.7	51.1	67.9	68.6
2014-02-18	21880.0	0.0	3503.0	20114.0	16611.0	0.0	0.0	56.4	51.3	68.3	68.2
2014-02-25	22164.0	0.0	3555.0	20398.0	16843.0	0.0	0.0	55.3	51.9	67.7	67.4
2014-03-04	20868.0	0.0	3239.0	19026.0	15787.0	0.0	0.0	56.4	53.7	70.0	70.2
2014-03-11	20868.0	0.0	3239.0	19026.0	15787.0	0.0	0.0	56.1	52.7	69.4	69.3
2014-03-18	20872.0	0.0	3771.0	19486.0	15715.0	0.0	0.0	57.1	55.0	70.5	70.6
2014-03-25	20522.0	0.0	3521.0	19136.0	15615.0	0.0	0.0	57.9	53.6	71.7	71.4
2014-04-01	19934.0	0.0	3234.0	18366.0	15132.0	0.0	0.0	60.7	54.1	71.8	72.0
2014-04-08	20822.0	0.0	2566.0	18461.0	15895.0	0.0	0.0	58.8	47.9	69.9	70.5
2014-04-15	21231.0	0.0	2668.0	19024.0	16356.0	0.0	0.0	58.1	47.7	68.9	69.9
2014-04-22	21488.0	0.0	2642.0	19255.0	16613.0	0.0	0.0	57.8	47.6	68.7	69.0
2014-04-29	21385.0	0.0	2642.0	19152.0	16510.0	0.0	0.0	58.2	46.1	69.5	68.6
2014-05-06	20694.0	0.0	2386.0	18335.0	15949.0	0.0	0.0	55.4	42.7	65.3	65.9
2014-05-13	20850.0	0.0	2334.0	18491.0	16157.0	0.0	0.0	56.6	42.8	66.7	65.8
2014-05-20	20870.0	0.0	2259.0	18590.0	16331.0	0.0	0.0	57.7	45.7	69.0	68.7
2014-05-27	21098.0	0.0	2157.0	18818.0	16661.0	0.0	0.0	57.3	45.0	70.7	68.4
2014-06-03	20286.0	0.0	2161.0	18088.0	15927.0	0.0	0.0	57.5	46.2	71.4	68.7
2014-06-10	20260.0	0.0	2161.0	18062.0	15901.0	0.0	0.0	57.4	45.1	71.3	68.4
2014-06-17	20619.0	0.0	2058.0	18344.0	16286.0	0.0	0.0	57.4	44.6	71.5	67.9
2014-06-24	20928.0	0.0	2058.0	18653.0	16595.0	0.0	0.0	58.4	45.4	72.2	68.6
2014-07-01	20082.0	0.0	1929.0	17984.0	16055.0	0.0	0.0	57.0	47.7	71.4	70.2
2014-07-08	20442.0	52.0	2245.0	18578.0	16385.0	0.0	0.0	54.9	45.9	69.2	68.0
2014-07-15	20520.0	52.0	2245.0	18656.0	16463.0	0.0	0.0	54.3	46.9	68.8	68.6
2014-07-22	20573.0	52.0	2170.0	18709.0	16591.0	0.0	0.0	54.9	45.8	68.6	67.7
2014-07-29	20427.0	52.0	2145.0	18460.0	16367.0	0.0	0.0	54.6	43.8	66.9	66.0
2014-08-05	19072.0	52.0	1987.0	17105.0	15170.0	0.0	0.0	53.9	45.3	65.9	67.2
2014-08-12	18945.0	52.0	1937.0	16978.0	15093.0	0.0	0.0	53.5	44.3	65.2	66.9
2014-08-19	24166.0	52.0	1937.0	22199.0	20314.0	0.0	0.0	53.4	39.3	63.2	59.9
2014-08-26	24366.0	52.0	1962.0	22399.0	20489.0	0.0	0.0	53.0	39.0	62.3	59.4
2014-09-02	22312.0	0.0	1468.0	20397.0	18929.0	0.0	0.0	55.0	38.7	62.6	60.5
2014-09-09	22363.0	0.0	1495.0	20475.0	18980.0	0.0	0.0	54.1	38.0	61.7	59.7
2014-09-16	22365.0	0.0	1576.0	20504.0	18928.0	0.0	0.0	54.1	38.1	61.7	59.8
2014-09-23	22830.0	0.0	1684.0	20969.0	19285.0	0.0	0.0	52.2	35.5	59.7	57.6
2014-09-30	23255.0	0.0	1684.0	21394.0	19710.0	0.0	0.0	50.9	33.8	57.7	56.4
2014-10-07	21132.0	0.0	1509.0	19247.0	17762.0	24.0	0.0	53.2	33.1	58.6	56.7
2014-10-14	21386.0	0.0	1509.0	19501.0	18016.0	24.0	0.0	53.3	31.6	58.7	55.6
