2013-05-07	247920.0	0.0	11600.0	247920.0	236320.0	0.0	0.0	62.6	63.6	76.7	76.3
2013-05-14	248220.0	0.0	12600.0	248220.0	235620.0	0.0	0.0	62.5	64.0	76.6	76.6
2013-05-21	250720.0	0.0	13100.0	250720.0	237620.0	0.0	0.0	61.9	63.5	75.6	75.7
2013-05-28	254080.0	0.0	16300.0	254080.0	237780.0	0.0	0.0	60.6	64.0	74.2	75.9
2013-06-11	247320.0	0.0	16300.0	247320.0	231020.0	0.0	0.0	61.0	65.4	75.0	77.1
2013-06-18	247320.0	0.0	16300.0	247320.0	231020.0	0.0	0.0	61.0	65.4	75.0	77.1
2013-06-25	249970.0	0.0	16300.0	249970.0	233670.0	0.0	0.0	60.5	64.7	76.7	78.9
2013-07-02	254965.0	0.0	15275.0	254965.0	239690.0	0.0	0.0	58.2	64.3	74.1	78.2
2013-07-09	237565.0	0.0	11775.0	237565.0	225790.0	0.0	0.0	60.3	64.6	76.1	79.6
2013-07-16	237565.0	0.0	11775.0	237565.0	225790.0	0.0	0.0	60.3	64.6	75.9	79.6
2013-07-23	250365.0	0.0	11775.0	250365.0	238590.0	0.0	0.0	57.2	64.0	72.0	78.9
2013-07-30	250365.0	0.0	11775.0	250365.0	238590.0	0.0	0.0	57.2	64.0	72.0	78.9
2013-08-06	237245.0	0.0	8500.0	237245.0	228745.0	0.0	0.0	57.8	66.5	73.7	80.3
2013-08-13	239365.0	0.0	8500.0	239365.0	230865.0	0.0	0.0	57.3	60.6	73.1	78.0
2013-08-20	239365.0	0.0	8500.0	239365.0	230865.0	0.0	0.0	57.3	60.6	73.1	78.0
2013-08-27	243620.0	0.0	8500.0	243620.0	235120.0	0.0	0.0	56.3	62.6	73.5	79.3
2013-09-03	243620.0	0.0	8500.0	243620.0	235120.0	0.0	0.0	56.3	62.6	73.5	79.3
2013-09-10	222160.0	0.0	6850.0	222160.0	215310.0	0.0	0.0	59.7	64.1	76.9	81.7
2013-09-17	222805.0	0.0	6850.0	222805.0	215955.0	0.0	0.0	58.5	64.8	75.7	80.5
2013-09-24	222805.0	0.0	6850.0	222805.0	215955.0	0.0	0.0	58.5	64.8	75.7	80.5
2013-10-01	222805.0	0.0	6850.0	222805.0	215955.0	0.0	0.0	58.5	64.8	75.7	80.5
2013-10-08	209405.0	0.0	5350.0	209405.0	204055.0	0.0	0.0	59.6	65.3	76.3	80.9
2013-10-15	213215.0	0.0	5350.0	213215.0	207865.0	0.0	0.0	58.6	65.9	74.9	81.2
2013-10-22	213215.0	0.0	5350.0	213215.0	207865.0	0.0	0.0	56.8	65.9	73.1	81.2
2013-10-29	216890.0	0.0	5350.0	216890.0	211540.0	0.0	0.0	56.8	64.8	71.4	79.9
2013-11-05	210845.0	0.0	5275.0	210845.0	205570.0	0.0	0.0	58.6	65.8	72.6	80.6
2013-11-12	211895.0	0.0	5275.0	211895.0	206620.0	0.0	0.0	58.8	65.4	72.7	80.2
2013-11-19	212420.0	0.0	5275.0	212420.0	207145.0	0.0	0.0	58.7	65.3	72.6	80.0
2013-11-26	213495.0	0.0	5275.0	213495.0	208220.0	0.0	0.0	58.4	63.4	72.2	78.1
2013-12-03	213495.0	0.0	5275.0	213495.0	208220.0	0.0	0.0	58.4	63.4	72.2	78.1
2013-12-10	196995.0	0.0	4275.0	196995.0	192720.0	0.0	0.0	57.9	62.8	71.9	78.3
2013-12-17	200145.0	0.0	4275.0	200145.0	195870.0	0.0	0.0	58.1	62.9	71.8	77.7
2013-12-24	210660.0	0.0	4275.0	210660.0	206385.0	0.0	0.0	55.2	65.8	71.8	79.9
2014-01-07	190065.0	0.0	3225.0	190065.0	186840.0	0.0	0.0	54.1	66.0	68.9	79.3
2014-01-14	191090.0	0.0	3225.0	191090.0	187865.0	0.0	0.0	53.8	65.6	68.6	78.9
2014-01-21	191090.0	0.0	3225.0	191090.0	187865.0	0.0	0.0	53.8	65.6	68.6	78.9
2014-01-28	232840.0	0.0	3225.0	232840.0	229615.0	0.0	0.0	53.0	57.0	63.2	72.8
2014-02-04	232840.0	0.0	3225.0	232840.0	229615.0	0.0	0.0	53.8	57.0	66.4	73.7
2014-02-11	227340.0	2150.0	3225.0	225190.0	224115.0	0.0	0.0	56.9	64.8	69.8	79.1
2014-02-18	227340.0	2150.0	3225.0	225190.0	224115.0	0.0	0.0	56.9	64.8	69.8	79.1
2014-02-25	230540.0	2150.0	3225.0	228390.0	227315.0	0.0	0.0	56.1	63.9	68.9	78.0
2014-03-04	230540.0	2150.0	3225.0	228390.0	225715.0	0.0	1600.0	56.1	63.9	68.9	78.0
2014-03-11	211640.0	2150.0	3225.0	209490.0	208415.0	0.0	0.0	58.8	70.4	71.4	82.1
2014-03-18	238795.0	2150.0	3225.0	236645.0	235570.0	0.0	0.0	56.7	73.2	68.2	82.2
2014-03-25	228245.0	2150.0	3225.0	226095.0	225020.0	0.0	0.0	59.3	71.0	70.1	81.0
2014-04-01	218730.0	2150.0	3225.0	216580.0	213825.0	0.0	1680.0	62.3	60.8	74.7	79.7
2014-04-08	202980.0	2150.0	1650.0	200830.0	201330.0	0.0	0.0	65.6	64.9	78.4	84.1
2014-04-15	204055.0	2150.0	1650.0	201905.0	202405.0	0.0	0.0	65.8	64.9	78.5	84.2
2014-04-22	208935.0	2150.0	1650.0	206785.0	207285.0	0.0	0.0	65.9	68.9	78.5	85.7
2014-04-29	9970.0	100.0	75.0	9120.0	9835.0	750.0	60.0	65.8	69.7	77.7	86.2
2014-05-06	10250.0	100.0	0.0	9460.0	10200.0	690.0	50.0	65.6	65.5	73.6	80.0
2014-05-13	10250.0	100.0	0.0	9460.0	10200.0	690.0	50.0	65.6	65.5	73.6	80.0
2014-05-20	10440.0	100.0	0.0	9760.0	10440.0	580.0	0.0	70.2	70.1	77.2	84.7
2014-05-27	12570.0	100.0	0.0	11890.0	12570.0	580.0	0.0	75.0	74.9	80.8	87.1
2014-06-03	12570.0	100.0	0.0	11830.0	12490.0	640.0	80.0	76.0	74.9	81.7	87.1
2015-08-04	10495.0	0.0	400.0	9955.0	10030.0	540.0	65.0	57.1	74.2	73.8	84.5
2015-08-11	9430.0	0.0	300.0	8935.0	9065.0	495.0	65.0	58.7	75.7	75.0	85.0
2015-08-18	9555.0	0.0	300.0	9000.0	9190.0	555.0	65.0	57.9	74.7	71.4	83.9
2015-08-25	9565.0	0.0	300.0	8980.0	9200.0	585.0	65.0	57.9	74.6	71.4	83.8
2015-09-01	9565.0	0.0	300.0	8980.0	9200.0	585.0	65.0	57.9	74.6	71.4	83.8
2015-09-08	8500.0	0.0	200.0	7960.0	8235.0	540.0	65.0	59.8	78.6	74.5	84.4
2015-09-15	8570.0	0.0	300.0	8060.0	8235.0	510.0	35.0	60.4	78.0	75.1	84.8
2015-09-22	8720.0	0.0	500.0	8210.0	8185.0	510.0	35.0	64.0	73.2	76.1	85.1
2015-09-29	8820.0	0.0	600.0	8310.0	8185.0	510.0	35.0	64.4	72.4	76.4	85.3
2015-10-06	8430.0	0.0	600.0	7965.0	7795.0	465.0	35.0	64.8	73.8	77.1	86.7
2015-10-13	8430.0	0.0	700.0	7965.0	7680.0	465.0	50.0	65.0	73.8	77.3	86.7
2015-10-20	8430.0	0.0	700.0	7965.0	7680.0	465.0	50.0	65.0	73.8	77.3	86.7
2015-10-27	8810.0	0.0	700.0	8665.0	8080.0	145.0	30.0	63.5	71.4	78.2	84.9
2015-11-03	8825.0	0.0	700.0	8700.0	8065.0	125.0	60.0	63.1	71.3	77.8	84.2
2015-11-10	8915.0	0.0	850.0	8835.0	8055.0	80.0	10.0	57.3	62.4	71.3	78.5
2015-11-17	8865.0	0.0	850.0	8785.0	8005.0	80.0	10.0	57.6	62.7	71.7	78.4
2015-11-24	9495.0	0.0	1050.0	9415.0	8335.0	80.0	110.0	56.4	64.6	69.6	76.1
2015-12-01	9695.0	0.0	1050.0	9555.0	8635.0	140.0	10.0	56.3	65.3	69.2	77.6
2015-12-08	9540.0	0.0	1180.0	9415.0	8355.0	125.0	5.0	52.9	66.1	66.6	78.2
2015-12-15	9540.0	0.0	1180.0	9415.0	8355.0	125.0	5.0	52.6	69.0	66.6	79.0
2015-12-22	9590.0	0.0	1180.0	9465.0	8405.0	125.0	5.0	54.7	69.7	69.4	78.6
2015-12-29	9590.0	0.0	1180.0	9465.0	8405.0	125.0	5.0	54.7	69.7	69.4	78.6
2016-01-05	11520.0	0.0	1380.0	11395.0	10135.0	125.0	5.0	57.1	65.1	71.4	77.4
2016-01-12	11395.0	0.0	1480.0	11275.0	9915.0	120.0	0.0	56.7	64.3	70.5	77.6
2016-01-19	12750.0	0.0	1480.0	12630.0	11270.0	120.0	0.0	50.7	65.7	66.1	74.8
2016-01-26	13190.0	0.0	1480.0	12590.0	11710.0	600.0	0.0	49.0	67.1	63.9	75.9
2016-02-02	13465.0	0.0	1480.0	12745.0	11985.0	720.0	0.0	46.5	65.4	62.0	74.4
2016-02-09	11890.0	0.0	1330.0	11180.0	10560.0	710.0	0.0	48.9	70.1	63.6	77.9
2016-02-16	12095.0	0.0	1530.0	11385.0	10565.0	710.0	0.0	47.6	67.9	62.1	76.0
2016-02-23	12585.0	0.0	1680.0	11865.0	10905.0	720.0	0.0	44.8	65.6	58.4	73.5
2016-03-01	12625.0	0.0	1780.0	11905.0	10845.0	720.0	0.0	44.2	64.2	57.9	72.1
2016-03-08	11125.0	0.0	1630.0	10215.0	9480.0	910.0	15.0	52.4	67.6	65.0	78.8
2016-03-15	11125.0	0.0	1630.0	10215.0	9480.0	910.0	15.0	52.4	67.6	65.0	78.8
2016-03-22	11400.0	300.0	1805.0	10370.0	9595.0	730.0	0.0	51.1	65.9	63.6	77.5
2016-03-29	11455.0	200.0	1630.0	10405.0	9725.0	750.0	0.0	50.5	64.0	63.8	75.8
2016-04-05	10800.0	350.0	1630.0	9620.0	9070.0	730.0	0.0	53.8	68.5	66.3	78.5
2016-04-12	10800.0	350.0	1630.0	9620.0	9070.0	730.0	0.0	53.8	68.5	66.3	78.5
2016-04-19	10750.0	350.0	1630.0	9570.0	9020.0	730.0	0.0	53.6	68.8	66.1	78.8
2016-04-26	11150.0	450.0	1830.0	9870.0	9220.0	730.0	0.0	51.7	64.4	64.7	76.4
2016-05-03	11225.0	450.0	1830.0	10425.0	9295.0	250.0	0.0	52.9	66.0	67.8	77.9
2016-05-10	10915.0	500.0	1830.0	10135.0	8995.0	230.0	40.0	52.7	66.9	69.0	78.2
2016-05-17	10915.0	500.0	1830.0	10135.0	8995.0	230.0	40.0	52.9	67.1	69.2	78.4
2016-05-24	11440.0	500.0	2530.0	10660.0	8820.0	230.0	40.0	55.7	69.3	71.3	80.1
2016-05-31	14090.0	200.0	3130.0	13360.0	10620.0	230.0	40.0	60.1	73.3	74.1	82.0
2016-06-07	13710.0	350.0	3230.0	12860.0	10205.0	300.0	75.0	60.3	74.0	73.0	83.5
2016-06-14	13810.0	350.0	3330.0	12960.0	10205.0	300.0	75.0	59.9	74.1	72.4	83.6
2016-06-21	14200.0	400.0	3330.0	13300.0	10595.0	300.0	75.0	58.2	73.9	71.6	83.1
2016-06-28	14325.0	400.0	3330.0	13515.0	10720.0	210.0	75.0	57.7	72.9	71.3	80.7
2016-07-05	14295.0	400.0	3330.0	13155.0	10690.0	540.0	75.0	55.5	73.9	69.7	81.6
2016-07-12	13065.0	425.0	3240.0	12240.0	9180.0	225.0	470.0	59.7	72.9	74.1	83.0
2016-07-19	13405.0	425.0	3240.0	12605.0	9940.0	200.0	50.0	59.6	71.0	73.7	83.2
2016-07-26	14185.0	425.0	3370.0	13385.0	10590.0	200.0	50.0	56.4	65.9	69.6	77.2
2016-08-02	14185.0	425.0	3370.0	13040.0	10590.0	545.0	50.0	55.3	65.9	67.2	77.2
2016-08-09	12555.0	280.0	2295.0	12035.0	10035.0	60.0	45.0	56.5	63.2	70.0	76.9
2016-08-16	12675.0	280.0	2595.0	12155.0	9855.0	60.0	45.0	56.0	61.7	69.3	76.1
2016-08-23	12675.0	305.0	2595.0	12155.0	9880.0	60.0	45.0	56.0	60.7	69.3	75.4
2016-08-30	12735.0	305.0	2595.0	12215.0	9940.0	60.0	45.0	55.7	60.0	69.0	75.0
2016-09-06	11030.0	205.0	1580.0	10210.0	9265.0	460.0	30.0	56.2	58.6	67.4	74.3
2016-09-13	11030.0	205.0	1580.0	10210.0	9265.0	460.0	30.0	56.2	58.6	67.4	74.3
2016-09-20	11080.0	205.0	1580.0	10260.0	9315.0	460.0	30.0	55.9	58.8	67.1	74.0
2016-09-27	11185.0	205.0	1880.0	10365.0	9120.0	460.0	30.0	55.4	58.2	66.4	73.3
2016-10-04	11185.0	205.0	1880.0	10165.0	9120.0	660.0	30.0	53.6	58.2	64.6	73.3
2016-10-11	10630.0	155.0	1780.0	9770.0	8680.0	550.0	15.0	53.2	54.8	63.9	70.8
2016-10-18	10965.0	155.0	1780.0	10105.0	9015.0	550.0	15.0	46.1	52.1	56.7	65.5
2016-10-25	11695.0	155.0	1780.0	10835.0	9745.0	550.0	15.0	46.2	58.1	59.9	70.7
2016-11-01	11695.0	155.0	1780.0	10835.0	9745.0	550.0	15.0	46.2	58.1	59.9	70.7
2016-11-08	10705.0	180.0	1680.0	9870.0	8885.0	525.0	10.0	45.8	57.4	59.9	71.0
2016-11-15	10710.0	180.0	1680.0	9870.0	8890.0	530.0	10.0	45.8	57.5	59.9	71.1
2016-11-22	10900.0	180.0	1680.0	10180.0	9080.0	410.0	10.0	45.0	58.8	59.9	72.1
2016-11-29	13265.0	180.0	1730.0	12540.0	11395.0	415.0	10.0	57.3	66.8	68.7	77.8
2016-12-06	14330.0	205.0	1630.0	13585.0	12590.0	435.0	5.0	64.4	70.1	74.4	82.2
2016-12-13	14405.0	205.0	1630.0	13660.0	12665.0	435.0	5.0	64.1	70.3	74.0	81.8
2016-12-20	14355.0	155.0	1630.0	13640.0	12615.0	455.0	5.0	64.3	70.9	74.3	81.9
2016-12-27	14450.0	155.0	1630.0	13735.0	12710.0	455.0	5.0	63.9	73.3	74.7	83.4
2017-01-03	15170.0	155.0	1630.0	14455.0	13430.0	455.0	5.0	64.8	74.6	75.9	84.2
2017-01-10	14510.0	155.0	1530.0	13830.0	12875.0	420.0	0.0	68.3	77.6	79.5	87.3
2017-01-17	12775.0	55.0	680.0	12085.0	11880.0	420.0	0.0	52.1	67.6	66.6	75.1
2017-01-24	13315.0	55.0	80.0	12205.0	12600.0	420.0	0.0	50.2	70.5	64.1	73.0
2017-01-31	13940.0	275.0	0.0	12610.0	13205.0	340.0	20.0	47.4	70.1	60.9	71.9
