2013-05-07	224960.0	0.0	0.0	224960.0	224960.0	0.0	0.0	65.7	89.5	91.1	96.1
2013-05-14	231985.0	0.0	0.0	231985.0	231985.0	0.0	0.0	63.7	90.0	91.1	96.5
2013-05-21	233485.0	0.0	0.0	233485.0	233485.0	0.0	0.0	64.1	90.3	91.4	96.7
2013-05-28	233485.0	0.0	0.0	233485.0	233485.0	0.0	0.0	64.1	90.3	91.4	96.7
2013-06-11	235605.0	0.0	0.0	235605.0	235605.0	0.0	0.0	64.2	90.4	91.9	97.7
2013-06-18	238025.0	0.0	0.0	238025.0	238025.0	0.0	0.0	64.0	90.4	90.1	96.7
2013-06-25	238025.0	0.0	0.0	238025.0	238025.0	0.0	0.0	64.0	90.4	90.1	96.7
2013-07-02	241105.0	0.0	0.0	241105.0	241105.0	0.0	0.0	64.6	87.6	88.8	93.8
2013-07-09	228705.0	0.0	0.0	228705.0	228705.0	0.0	0.0	65.7	89.3	89.7	94.8
2013-07-16	245815.0	0.0	0.0	245815.0	245815.0	0.0	0.0	60.7	77.6	84.2	90.1
2013-07-23	241615.0	0.0	0.0	241615.0	241615.0	0.0	0.0	61.7	78.0	87.6	92.7
2013-07-30	241615.0	0.0	0.0	241615.0	241615.0	0.0	0.0	61.7	78.0	87.6	92.7
2013-08-06	234625.0	0.0	0.0	234625.0	234625.0	0.0	0.0	59.6	82.4	87.3	94.7
2013-08-13	234625.0	0.0	0.0	234625.0	234625.0	0.0	0.0	59.6	85.1	87.3	94.7
2013-08-20	228275.0	0.0	0.0	228275.0	228275.0	0.0	0.0	55.7	84.7	84.2	94.6
2013-08-27	229325.0	0.0	0.0	229325.0	229325.0	0.0	0.0	55.4	84.8	83.8	94.2
2013-09-03	235700.0	0.0	0.0	235700.0	235700.0	0.0	0.0	55.5	85.2	84.2	94.3
2013-09-10	221290.0	0.0	0.0	221290.0	221290.0	0.0	0.0	56.7	90.4	86.7	98.1
2013-09-17	226115.0	0.0	0.0	226115.0	226115.0	0.0	0.0	56.7	90.1	87.0	97.9
2013-09-24	227840.0	0.0	0.0	227840.0	227840.0	0.0	0.0	56.0	90.2	86.1	96.9
2013-10-01	230065.0	0.0	0.0	230065.0	230065.0	0.0	0.0	54.2	89.3	81.5	94.2
2013-10-08	221965.0	0.0	0.0	221965.0	221965.0	0.0	0.0	54.4	89.1	81.3	94.2
2013-10-15	221965.0	0.0	0.0	221965.0	221965.0	0.0	0.0	54.4	89.1	81.3	94.2
2013-10-22	225115.0	0.0	0.0	225115.0	225115.0	0.0	0.0	52.7	86.7	79.2	92.0
2013-10-29	226165.0	0.0	0.0	226165.0	226165.0	0.0	0.0	52.0	86.3	78.4	91.6
2013-11-05	213975.0	0.0	0.0	213975.0	213975.0	0.0	0.0	53.9	87.3	82.1	93.0
2013-11-12	213975.0	0.0	0.0	213975.0	213975.0	0.0	0.0	53.9	87.3	82.1	93.0
2013-11-19	265075.0	0.0	0.0	265075.0	265075.0	0.0	0.0	54.6	92.2	84.5	96.8
2013-11-26	266860.0	0.0	0.0	266860.0	266860.0	0.0	0.0	54.7	91.9	84.1	96.5
2013-12-03	266860.0	0.0	0.0	266860.0	266860.0	0.0	0.0	54.7	91.9	84.1	96.5
2013-12-10	260290.0	0.0	0.0	260290.0	260290.0	0.0	0.0	55.9	92.1	83.8	96.8
2013-12-17	260290.0	0.0	0.0	260290.0	260290.0	0.0	0.0	55.9	92.1	83.8	96.8
2013-12-24	260290.0	0.0	0.0	260290.0	260290.0	0.0	0.0	55.9	92.1	83.8	96.8
2014-01-07	275700.0	0.0	0.0	275700.0	275700.0	0.0	0.0	57.8	93.1	84.1	97.7
2014-01-14	301400.0	0.0	0.0	301400.0	301400.0	0.0	0.0	53.9	91.2	79.2	97.9
2014-01-21	300900.0	0.0	0.0	300900.0	300900.0	0.0	0.0	54.7	91.3	80.0	98.4
2014-01-28	301900.0	0.0	0.0	301900.0	301900.0	0.0	0.0	54.5	91.0	79.7	98.1
2014-02-04	303475.0	0.0	0.0	303475.0	303475.0	0.0	0.0	54.2	90.2	79.3	97.2
2014-02-11	289830.0	0.0	6425.0	289830.0	283405.0	0.0	0.0	54.3	87.6	78.6	95.2
2014-02-18	297780.0	0.0	8525.0	297780.0	289255.0	0.0	0.0	58.5	85.0	79.4	93.1
2014-02-25	303130.0	1050.0	10675.0	302080.0	292455.0	0.0	0.0	56.8	83.5	77.7	92.6
2014-03-04	314755.0	1050.0	10675.0	313705.0	302580.0	0.0	1500.0	54.7	82.5	74.9	92.5
2014-03-11	301855.0	1050.0	10675.0	300805.0	291180.0	0.0	0.0	54.2	82.5	74.9	92.4
2014-03-18	327405.0	1050.0	10675.0	326355.0	316730.0	0.0	0.0	50.7	78.3	75.5	90.6
2014-03-25	355130.0	1050.0	23525.0	354080.0	331605.0	0.0	0.0	52.1	75.7	77.4	91.6
2014-04-01	393955.0	1050.0	23525.0	392275.0	370430.0	630.0	0.0	46.9	68.0	70.9	83.8
2014-04-08	388470.0	0.0	21425.0	388470.0	367045.0	0.0	0.0	46.1	67.2	70.7	83.4
