2013-05-07	85655.0	0.0	0.0	85655.0	85655.0	0.0	0.0	48.3	61.6	66.9	73.5
2013-05-14	109955.0	0.0	0.0	109955.0	109955.0	0.0	0.0	37.6	48.0	52.1	57.3
2013-05-21	111055.0	0.0	0.0	111055.0	111055.0	0.0	0.0	37.4	47.5	52.5	57.3
2013-05-28	111055.0	0.0	0.0	111055.0	111055.0	0.0	0.0	37.4	47.5	52.5	57.3
2013-06-11	114065.0	0.0	0.0	114065.0	114065.0	0.0	0.0	41.7	41.9	55.1	56.9
2013-06-18	148635.0	440.0	0.0	148195.0	148635.0	0.0	0.0	33.7	51.5	52.1	61.2
2013-06-25	155035.0	440.0	0.0	154595.0	155035.0	0.0	0.0	36.5	53.5	54.0	62.8
2013-07-02	161635.0	440.0	0.0	161195.0	161635.0	0.0	0.0	35.0	55.4	54.2	64.3
2013-07-09	151635.0	440.0	0.0	151195.0	151635.0	0.0	0.0	36.4	55.5	54.1	63.8
2013-07-16	153105.0	440.0	0.0	152665.0	153105.0	0.0	0.0	36.7	55.9	54.3	64.2
2013-07-23	153105.0	440.0	0.0	152665.0	153105.0	0.0	0.0	36.7	55.9	54.3	64.2
2013-07-30	154205.0	440.0	0.0	153765.0	154205.0	0.0	0.0	37.1	55.5	54.6	64.4
2013-08-06	157705.0	220.0	0.0	157485.0	157705.0	0.0	0.0	41.6	61.1	60.3	69.1
2013-08-13	157705.0	220.0	0.0	157485.0	157705.0	0.0	0.0	41.6	61.1	61.6	69.1
2013-08-20	161515.0	220.0	0.0	161295.0	161515.0	0.0	0.0	40.6	60.4	60.9	69.9
2013-08-27	163115.0	220.0	0.0	162895.0	163115.0	0.0	0.0	40.2	61.1	60.8	70.4
2013-09-03	163115.0	220.0	0.0	162895.0	163115.0	0.0	0.0	40.2	61.1	60.8	70.4
2013-09-10	147935.0	0.0	0.0	147935.0	147935.0	0.0	0.0	42.0	62.2	62.1	72.5
2013-09-17	147935.0	0.0	0.0	147935.0	147935.0	0.0	0.0	42.0	62.2	62.1	72.5
2013-09-24	148935.0	0.0	0.0	148935.0	148935.0	0.0	0.0	42.4	61.1	62.3	71.3
2013-10-01	148935.0	0.0	0.0	148935.0	148935.0	0.0	0.0	41.6	61.1	61.6	71.3
2013-10-08	139035.0	0.0	0.0	139035.0	139035.0	0.0	0.0	42.2	61.6	63.1	71.7
2013-10-15	139035.0	0.0	0.0	139035.0	139035.0	0.0	0.0	43.9	61.6	63.1	71.7
2013-10-22	139035.0	0.0	0.0	139035.0	139035.0	0.0	0.0	43.9	61.6	63.1	71.7
2013-10-29	154295.0	0.0	0.0	154295.0	154295.0	0.0	0.0	47.0	62.9	62.8	72.1
2013-11-05	152235.0	0.0	0.0	152235.0	152235.0	0.0	0.0	50.7	57.7	65.4	69.7
2013-11-12	165010.0	0.0	0.0	165010.0	165010.0	0.0	0.0	54.6	61.0	68.1	72.1
2013-11-19	165010.0	0.0	0.0	165010.0	165010.0	0.0	0.0	54.6	61.0	68.1	72.1
2013-11-26	165010.0	0.0	0.0	165010.0	165010.0	0.0	0.0	54.6	61.0	68.1	72.1
2013-12-03	165010.0	0.0	0.0	165010.0	165010.0	0.0	0.0	54.6	61.0	68.1	72.1
2013-12-10	150580.0	0.0	0.0	150580.0	150580.0	0.0	0.0	53.8	62.2	68.5	73.3
2013-12-17	150580.0	0.0	0.0	150580.0	150580.0	0.0	0.0	53.8	62.2	68.5	73.3
2013-12-24	150580.0	0.0	0.0	150580.0	150580.0	0.0	0.0	53.8	62.2	68.5	73.3
2014-01-07	147210.0	0.0	0.0	147210.0	147210.0	0.0	0.0	51.3	59.4	70.2	76.9
2014-01-14	148810.0	0.0	0.0	148810.0	148810.0	0.0	0.0	50.7	61.0	69.4	76.1
2014-01-21	152010.0	0.0	0.0	152010.0	152010.0	0.0	0.0	49.7	59.7	68.0	74.5
2014-01-28	170510.0	0.0	0.0	170510.0	170510.0	0.0	0.0	58.0	67.5	74.3	80.7
2014-02-04	172585.0	0.0	0.0	172585.0	172585.0	0.0	0.0	57.9	67.2	74.0	80.3
2014-02-11	170855.0	0.0	0.0	170855.0	170855.0	0.0	0.0	57.7	71.2	76.1	83.7
2014-02-18	169805.0	0.0	0.0	169805.0	169805.0	0.0	0.0	57.5	71.0	75.9	83.6
2014-02-25	169805.0	0.0	0.0	169805.0	169805.0	0.0	0.0	57.5	71.0	75.9	83.6
2014-03-04	179305.0	0.0	0.0	179305.0	179305.0	0.0	0.0	58.8	74.6	79.3	86.5
2014-03-11	171090.0	0.0	0.0	171090.0	171090.0	0.0	0.0	58.8	76.9	79.7	87.5
2014-03-18	171090.0	0.0	0.0	171090.0	171090.0	0.0	0.0	58.8	76.9	79.7	87.5
2014-03-25	196690.0	0.0	0.0	196690.0	196690.0	0.0	0.0	57.7	71.3	75.8	88.1
2014-04-01	199250.0	0.0	0.0	199250.0	199250.0	0.0	0.0	58.2	71.7	76.2	88.2
2014-04-08	192600.0	0.0	0.0	192600.0	192600.0	0.0	0.0	55.8	73.9	75.0	89.7
