2013-05-07	875603.0	0.0	0.0	875603.0	875603.0	0.0	0.0	72.9	93.2	93.1	99.0
2013-05-14	881603.0	0.0	0.0	881603.0	881603.0	0.0	0.0	72.9	93.5	93.4	99.2
2013-05-21	881603.0	0.0	0.0	881603.0	881603.0	0.0	0.0	72.9	93.5	93.4	99.2
2013-05-28	881603.0	0.0	0.0	881603.0	881603.0	0.0	0.0	72.9	93.5	93.4	99.2
2013-06-11	992179.0	0.0	0.0	992179.0	992179.0	0.0	0.0	64.8	97.4	87.8	98.8
2013-06-18	992179.0	0.0	0.0	992179.0	992179.0	0.0	0.0	64.8	97.4	87.8	98.8
2013-06-25	992179.0	0.0	0.0	992179.0	992179.0	0.0	0.0	64.8	97.4	87.8	98.8
2013-07-02	992179.0	0.0	0.0	992179.0	992179.0	0.0	0.0	64.8	97.4	87.8	98.8
2013-07-09	901779.0	0.0	0.0	901779.0	901779.0	0.0	0.0	64.2	97.3	88.0	98.7
2013-07-16	901779.0	0.0	0.0	901779.0	901779.0	0.0	0.0	64.2	97.3	88.0	98.7
2013-07-23	901779.0	0.0	0.0	901779.0	901779.0	0.0	0.0	64.2	97.3	88.0	98.7
2013-07-30	1156795.0	0.0	3920.0	1156795.0	1152875.0	0.0	0.0	70.3	96.4	89.5	98.0
2013-08-06	1074083.0	0.0	3920.0	1074083.0	1070163.0	0.0	0.0	70.5	96.2	89.7	97.9
2013-08-13	1074083.0	0.0	3920.0	1074083.0	1070163.0	0.0	0.0	70.5	96.2	89.7	97.9
2013-08-20	1134923.0	0.0	3920.0	1134923.0	1131003.0	0.0	0.0	70.4	91.1	89.0	95.2
2013-08-27	1134923.0	0.0	3920.0	1134923.0	1131003.0	0.0	0.0	70.4	91.1	89.0	95.2
2013-09-03	1134923.0	0.0	3920.0	1134923.0	1131003.0	0.0	0.0	70.4	91.1	89.0	95.2
2013-09-10	1045227.0	0.0	0.0	1045227.0	1045227.0	0.0	0.0	71.3	88.7	89.0	96.7
2013-09-17	1045227.0	0.0	0.0	1045227.0	1045227.0	0.0	0.0	71.3	88.7	89.0	96.7
2013-09-24	1045227.0	0.0	0.0	1045227.0	1045227.0	0.0	0.0	71.3	88.7	89.0	96.7
2013-10-01	1060560.0	0.0	0.0	1060560.0	1060560.0	0.0	0.0	70.3	87.4	85.4	95.3
2013-10-08	950672.0	0.0	0.0	950672.0	950672.0	0.0	0.0	69.3	86.7	84.0	94.8
2013-10-15	950672.0	0.0	0.0	950672.0	950672.0	0.0	0.0	69.3	86.7	84.0	94.8
2013-10-22	1014920.0	0.0	0.0	1014920.0	1014920.0	0.0	0.0	71.8	85.0	85.6	95.7
2013-10-29	1019000.0	0.0	0.0	1019000.0	1019000.0	0.0	0.0	71.9	85.1	85.7	95.7
2013-11-05	917104.0	0.0	0.0	917104.0	917104.0	0.0	0.0	71.9	84.5	86.0	96.2
2013-11-12	917104.0	0.0	0.0	917104.0	917104.0	0.0	0.0	71.9	84.5	86.0	96.2
2013-11-19	1150944.0	0.0	0.0	1150944.0	1150944.0	0.0	0.0	73.5	87.7	87.3	97.0
2013-11-26	1299624.0	0.0	0.0	1299624.0	1299624.0	0.0	0.0	75.9	85.7	88.1	97.0
2013-12-03	1323104.0	0.0	0.0	1323104.0	1323104.0	0.0	0.0	76.4	84.2	88.3	95.7
2013-12-10	1262793.0	0.0	0.0	1262793.0	1262793.0	0.0	0.0	73.8	86.1	86.4	94.3
2013-12-17	1268745.0	0.0	0.0	1268745.0	1268745.0	0.0	0.0	71.9	85.4	84.5	92.3
2013-12-24	1268745.0	0.0	0.0	1268745.0	1268745.0	0.0	0.0	71.9	85.4	84.5	92.3
2014-01-07	1247987.0	0.0	0.0	1247987.0	1247987.0	0.0	0.0	70.3	88.0	82.4	89.3
2014-01-14	1699138.0	0.0	0.0	1699138.0	1699138.0	0.0	0.0	75.5	88.1	86.5	93.2
2014-01-21	1699138.0	0.0	0.0	1699138.0	1699138.0	0.0	0.0	75.5	88.1	86.5	93.2
2014-01-28	1711037.0	0.0	0.0	1711037.0	1711037.0	0.0	0.0	75.0	89.8	85.9	92.8
2014-02-04	1988360.0	0.0	0.0	1988360.0	1988360.0	0.0	0.0	74.1	93.8	86.6	94.5
2014-02-11	1876338.0	0.0	0.0	1876338.0	1876338.0	0.0	0.0	75.4	93.7	86.5	94.4
2014-02-18	1920908.0	0.0	0.0	1920908.0	1920908.0	0.0	0.0	73.6	92.0	85.0	92.7
2014-02-25	2022370.0	0.0	0.0	2022370.0	2022370.0	0.0	0.0	67.6	94.0	81.1	94.0
2014-03-04	2038650.0	0.0	0.0	2037946.0	2038650.0	704.0	0.0	67.7	94.0	81.0	94.1
2014-03-11	1874618.0	0.0	0.0	1874618.0	1874618.0	0.0	0.0	68.9	93.7	81.7	93.8
2014-03-18	1921578.0	0.0	0.0	1921578.0	1921578.0	0.0	0.0	67.3	93.9	80.3	93.9
2014-03-25	1921578.0	0.0	0.0	1921578.0	1921578.0	0.0	0.0	67.3	93.9	80.3	93.9
2014-04-01	1921578.0	0.0	0.0	1910996.0	1921578.0	10582.0	0.0	67.3	93.9	80.1	93.9
2014-04-08	1762885.0	0.0	0.0	1762885.0	1762885.0	0.0	0.0	67.7	94.1	82.1	94.1
2014-04-15	1768805.0	0.0	0.0	1768805.0	1768805.0	0.0	0.0	67.5	93.8	82.1	94.2
2014-04-22	1768805.0	0.0	0.0	1768805.0	1768805.0	0.0	0.0	67.5	93.8	82.1	94.2
2014-04-29	23440.0	0.0	0.0	22865.0	23190.0	575.0	250.0	68.8	92.4	80.2	93.3
2014-05-06	22240.0	0.0	0.0	21650.0	22235.0	590.0	5.0	69.2	94.1	81.1	94.6
2014-05-13	22590.0	0.0	0.0	22000.0	22585.0	590.0	5.0	69.6	94.2	81.4	94.7
2014-05-20	22590.0	0.0	0.0	22000.0	22585.0	590.0	5.0	69.6	94.2	81.4	94.7
2014-05-27	22590.0	0.0	0.0	22000.0	22585.0	590.0	5.0	69.6	94.2	81.4	94.7
2014-06-03	24390.0	0.0	0.0	23800.0	24385.0	590.0	5.0	70.6	94.6	81.5	95.1
2014-06-17	22645.0	0.0	0.0	22105.0	22645.0	540.0	0.0	71.7	95.4	82.9	95.4
2014-06-24	23120.0	0.0	0.0	22580.0	23120.0	540.0	0.0	71.3	95.2	83.8	95.2
2014-07-01	23300.0	0.0	0.0	22760.0	23300.0	540.0	0.0	70.8	94.4	83.1	94.4
2014-07-08	21085.0	0.0	0.0	20600.0	21085.0	485.0	0.0	70.5	93.9	83.0	93.9
2014-07-15	20685.0	0.0	0.0	20200.0	20685.0	485.0	0.0	72.1	93.9	84.6	93.9
2014-07-22	20795.0	0.0	0.0	20200.0	20795.0	595.0	0.0	71.7	93.9	84.1	93.9
2014-07-29	20795.0	0.0	0.0	20200.0	20795.0	595.0	0.0	71.7	93.9	84.1	93.9
2014-09-23	19895.0	0.0	0.0	19015.0	19895.0	880.0	0.0	67.2	91.8	77.6	92.2
2014-09-30	20470.0	300.0	0.0	19290.0	20470.0	880.0	0.0	65.0	91.9	75.1	91.9
2014-10-07	18660.0	300.0	0.0	17535.0	18660.0	825.0	0.0	62.9	91.4	73.5	91.4
2014-10-14	18660.0	300.0	0.0	17535.0	18660.0	825.0	0.0	62.9	91.4	73.5	91.4
2014-10-21	19155.0	325.0	0.0	18005.0	19155.0	825.0	0.0	61.8	90.1	73.3	90.1
2014-10-28	19655.0	325.0	0.0	18505.0	19655.0	825.0	0.0	60.2	89.8	73.5	89.8
2014-11-04	19855.0	0.0	0.0	19030.0	19855.0	825.0	0.0	58.8	89.7	72.8	89.7
2014-11-11	19195.0	200.0	0.0	18210.0	19195.0	785.0	0.0	54.3	87.8	69.6	87.8
2014-11-18	19755.0	200.0	0.0	18760.0	19755.0	795.0	0.0	52.2	88.9	67.3	88.9
2014-11-25	20930.0	200.0	0.0	20045.0	20930.0	685.0	0.0	48.1	83.9	62.3	83.9
2014-12-02	20970.0	200.0	0.0	20085.0	20970.0	685.0	0.0	48.0	84.5	62.2	84.5
2014-12-09	19075.0	200.0	0.0	18220.0	19075.0	655.0	0.0	44.0	83.6	58.8	83.6
2014-12-16	19435.0	200.0	50.0	18580.0	19385.0	655.0	0.0	42.5	82.7	57.1	82.7
2014-12-23	19685.0	200.0	50.0	18830.0	19635.0	655.0	0.0	42.5	82.9	56.9	83.2
2014-12-30	19685.0	200.0	50.0	18830.0	19635.0	655.0	0.0	42.5	82.9	56.9	83.2
2015-01-06	17430.0	200.0	50.0	16605.0	17380.0	625.0	0.0	40.2	80.9	55.8	81.2
2015-01-13	17430.0	200.0	50.0	16605.0	17380.0	625.0	0.0	40.2	80.9	55.8	81.2
2015-01-20	17610.0	200.0	50.0	16725.0	17560.0	685.0	0.0	40.9	80.7	56.2	81.1
2015-01-27	17605.0	200.0	50.0	16665.0	17555.0	740.0	0.0	40.2	81.1	56.3	81.4
2015-02-03	17605.0	200.0	50.0	16665.0	17555.0	740.0	0.0	40.2	80.8	56.3	81.1
2015-02-10	15645.0	100.0	25.0	14795.0	15620.0	750.0	0.0	40.6	75.9	56.8	76.0
2015-02-17	16035.0	100.0	25.0	15185.0	16010.0	750.0	0.0	41.4	75.2	56.5	75.5
2015-02-24	16385.0	100.0	25.0	15535.0	16360.0	750.0	0.0	40.6	77.7	55.9	78.0
2015-03-03	16685.0	100.0	25.0	15835.0	16600.0	750.0	60.0	40.6	77.9	56.7	78.0
2015-03-10	13875.0	0.0	0.0	13140.0	13815.0	735.0	60.0	43.6	86.6	66.6	86.6
2015-03-17	13875.0	0.0	0.0	13140.0	13815.0	735.0	60.0	43.6	86.6	66.6	86.6
2015-03-24	13915.0	0.0	0.0	13180.0	13855.0	735.0	60.0	42.7	86.0	65.6	86.0
2015-03-31	13965.0	0.0	0.0	13230.0	13905.0	735.0	60.0	42.2	85.3	65.1	85.3
2015-05-05	11850.0	0.0	0.0	11410.0	11790.0	440.0	60.0	48.1	87.4	68.0	87.4
2015-05-12	11935.0	0.0	0.0	11495.0	11875.0	440.0	60.0	46.8	86.8	67.5	86.8
2015-05-19	11935.0	0.0	0.0	11495.0	11875.0	440.0	60.0	46.8	86.8	67.5	86.8
2015-05-26	12435.0	0.0	0.0	11995.0	12375.0	440.0	60.0	48.3	84.9	65.8	84.9
2015-06-02	12435.0	0.0	0.0	11995.0	12375.0	440.0	60.0	48.3	84.9	65.8	84.9
2015-06-30	11590.0	75.0	0.0	10860.0	11470.0	655.0	120.0	45.8	79.0	65.1	79.9
2015-07-07	10700.0	75.0	0.0	10015.0	10590.0	610.0	110.0	45.5	79.3	64.9	80.3
2015-07-14	11755.0	75.0	0.0	11055.0	11645.0	625.0	110.0	50.5	82.1	68.2	83.0
2015-07-21	12305.0	75.0	0.0	11605.0	12195.0	625.0	110.0	49.7	81.5	67.2	83.5
2015-07-28	12300.0	75.0	0.0	11600.0	12190.0	625.0	110.0	49.7	82.1	68.2	84.5
2015-08-04	13040.0	75.0	0.0	12340.0	12930.0	625.0	110.0	46.5	80.8	64.8	82.4
2015-08-11	12840.0	25.0	0.0	12240.0	12740.0	575.0	100.0	44.9	78.7	63.5	80.5
2015-08-18	12935.0	25.0	0.0	12550.0	12865.0	360.0	70.0	44.6	78.5	61.8	80.3
2015-08-25	13460.0	25.0	0.0	13075.0	13390.0	360.0	70.0	44.5	77.7	61.1	79.3
2015-09-01	13655.0	25.0	0.0	13270.0	13585.0	360.0	70.0	44.0	76.5	60.4	78.8
2015-09-08	12435.0	0.0	0.0	12105.0	12340.0	330.0	95.0	45.0	78.6	62.0	79.9
2015-09-15	12690.0	0.0	0.0	12360.0	12475.0	330.0	215.0	44.1	77.0	61.7	79.0
2015-09-22	12690.0	0.0	0.0	12360.0	12475.0	330.0	215.0	44.7	77.2	61.8	79.3
2015-09-29	12690.0	0.0	0.0	12360.0	12475.0	330.0	215.0	41.8	77.2	61.8	79.3
2015-10-06	12305.0	0.0	0.0	11960.0	12065.0	345.0	240.0	46.3	78.6	64.9	80.2
2015-10-13	13285.0	0.0	0.0	12900.0	13045.0	385.0	240.0	45.6	75.9	62.9	77.3
2015-10-20	13345.0	0.0	0.0	12960.0	13135.0	385.0	210.0	45.6	75.7	62.7	77.6
2015-10-27	16445.0	0.0	0.0	16060.0	16275.0	385.0	170.0	50.4	81.5	67.7	83.0
2015-11-03	16505.0	0.0	0.0	16120.0	16335.0	385.0	170.0	50.3	81.6	67.5	83.1
2015-11-10	15520.0	0.0	0.0	15195.0	15360.0	325.0	160.0	50.7	82.8	68.3	84.6
2015-11-17	15820.0	0.0	0.0	15490.0	15660.0	330.0	160.0	50.1	81.4	67.6	83.8
2015-11-24	16155.0	0.0	0.0	15825.0	15995.0	330.0	160.0	49.0	80.7	67.1	83.7
2015-12-01	16505.0	0.0	0.0	16055.0	16345.0	450.0	160.0	48.8	81.5	67.5	84.4
2015-12-08	17295.0	0.0	0.0	16910.0	17175.0	385.0	120.0	53.6	79.4	69.2	84.3
2015-12-15	17815.0	0.0	50.0	17430.0	17645.0	385.0	120.0	53.0	78.7	68.7	84.0
2015-12-22	17440.0	0.0	50.0	17055.0	17270.0	385.0	120.0	52.2	78.4	68.1	83.8
2015-12-29	17500.0	0.0	50.0	17115.0	17330.0	385.0	120.0	52.0	78.1	67.9	83.8
2016-01-05	17350.0	0.0	50.0	16965.0	17180.0	385.0	120.0	51.6	77.9	67.6	83.7
2016-01-12	16305.0	0.0	50.0	15635.0	16135.0	670.0	120.0	47.9	70.8	63.2	77.3
2016-01-19	18955.0	0.0	50.0	18285.0	18785.0	670.0	120.0	54.2	76.4	67.4	80.8
2016-01-26	19005.0	0.0	50.0	18335.0	18835.0	670.0	120.0	53.7	76.7	65.9	80.6
2016-02-02	19235.0	0.0	50.0	18555.0	19065.0	680.0	120.0	52.5	76.4	64.9	80.3
2016-02-09	17380.0	0.0	25.0	16735.0	17245.0	645.0	110.0	55.6	80.5	68.7	84.3
2016-02-16	17140.0	0.0	25.0	16495.0	17005.0	645.0	110.0	54.6	79.9	67.9	83.8
2016-02-23	18680.0	0.0	25.0	18035.0	18545.0	645.0	110.0	58.9	83.4	71.7	86.8
2016-03-01	19755.0	0.0	25.0	19290.0	19620.0	465.0	110.0	53.9	82.7	66.9	83.9
2016-03-08	20375.0	0.0	0.0	19895.0	20255.0	480.0	120.0	59.7	90.6	73.8	91.1
2016-03-15	22890.0	0.0	0.0	22410.0	22770.0	480.0	120.0	64.8	85.9	77.6	88.9
2016-03-22	23110.0	0.0	0.0	22630.0	22990.0	480.0	120.0	62.9	86.6	76.9	88.4
2016-03-29	23110.0	0.0	0.0	22630.0	22990.0	480.0	120.0	62.9	86.6	76.9	88.4
2016-04-05	22080.0	0.0	0.0	21720.0	21970.0	360.0	110.0	66.0	89.7	79.8	90.8
2016-04-12	22035.0	0.0	0.0	21675.0	21925.0	360.0	110.0	65.8	89.5	79.7	90.7
2016-04-19	22650.0	0.0	0.0	22290.0	22540.0	360.0	110.0	60.3	84.1	74.2	85.2
2016-04-26	22170.0	0.0	0.0	21810.0	22060.0	360.0	110.0	61.2	82.5	73.0	83.9
2016-05-03	23685.0	0.0	0.0	23325.0	23575.0	360.0	110.0	68.4	86.0	81.0	89.7
2016-05-10	22265.0	230.0	0.0	21545.0	22105.0	420.0	90.0	64.4	83.2	76.5	86.2
2016-05-17	22760.0	230.0	0.0	22040.0	22600.0	420.0	90.0	61.1	78.8	72.9	81.7
2016-05-24	22760.0	230.0	0.0	22040.0	22600.0	420.0	90.0	61.1	78.8	72.9	81.7
2016-05-31	23265.0	230.0	0.0	22545.0	23105.0	420.0	90.0	59.7	79.8	70.6	80.7
2016-06-07	22130.0	230.0	0.0	21440.0	21990.0	390.0	70.0	59.7	79.2	70.5	80.1
2016-06-14	21730.0	330.0	0.0	20940.0	21590.0	390.0	70.0	58.3	77.7	69.3	79.0
2016-06-21	21730.0	330.0	0.0	20940.0	21590.0	390.0	70.0	59.7	79.0	70.6	80.4
2016-06-28	21680.0	330.0	0.0	20890.0	21540.0	390.0	70.0	59.7	79.7	70.9	81.1
2016-07-05	21680.0	330.0	0.0	20855.0	21265.0	425.0	345.0	59.7	78.8	71.3	80.1
2016-07-12	20260.0	340.0	0.0	19215.0	20140.0	645.0	60.0	61.7	80.4	72.4	81.3
2016-07-19	20260.0	340.0	0.0	19515.0	20140.0	345.0	60.0	61.7	80.4	72.4	81.3
2016-07-26	20240.0	340.0	0.0	19495.0	20120.0	345.0	60.0	59.9	76.9	70.4	79.0
2016-08-02	20230.0	290.0	0.0	19500.0	19810.0	380.0	360.0	59.9	75.7	70.9	77.8
2016-08-09	18770.0	300.0	0.0	18110.0	18670.0	310.0	50.0	61.3	77.0	72.1	80.6
2016-08-16	18710.0	300.0	0.0	18050.0	18610.0	310.0	50.0	60.1	75.9	71.0	79.5
2016-08-23	18735.0	300.0	75.0	18075.0	18560.0	310.0	50.0	60.0	75.8	71.3	79.6
2016-08-30	18610.0	0.0	150.0	18225.0	18335.0	310.0	50.0	58.0	72.1	69.4	76.9
2016-09-06	17140.0	0.0	140.0	16800.0	16885.0	265.0	40.0	59.4	71.0	70.5	75.5
2016-09-13	17440.0	0.0	215.0	17100.0	17110.0	265.0	40.0	60.1	71.1	71.0	75.5
2016-09-20	17455.0	0.0	215.0	17115.0	17110.0	265.0	55.0	60.0	71.0	71.0	75.5
2016-09-27	18115.0	0.0	555.0	17750.0	17445.0	265.0	15.0	59.8	69.0	70.6	74.6
2016-10-04	18125.0	0.0	555.0	17565.0	17255.0	460.0	215.0	59.0	67.9	69.7	73.4
2016-10-11	17355.0	0.0	535.0	16955.0	16705.0	300.0	15.0	62.0	68.1	73.1	76.5
2016-10-18	17355.0	0.0	535.0	16955.0	16705.0	300.0	15.0	62.0	68.1	73.1	76.5
2016-10-25	17420.0	0.0	535.0	17020.0	16770.0	300.0	15.0	61.7	63.5	73.2	76.5
2016-11-01	17405.0	0.0	525.0	16990.0	16745.0	305.0	25.0	61.4	63.3	73.1	76.2
2016-11-08	16345.0	0.0	480.0	16010.0	15755.0	250.0	25.0	60.9	61.2	72.6	75.8
2016-11-15	16395.0	0.0	480.0	16060.0	15805.0	250.0	25.0	60.4	61.0	72.4	75.6
2016-11-22	16705.0	0.0	540.0	16360.0	16055.0	260.0	25.0	59.3	60.3	71.7	74.6
2016-11-29	17105.0	0.0	540.0	16760.0	16455.0	260.0	25.0	61.2	58.9	73.2	76.1
2016-12-06	16040.0	0.0	595.0	15725.0	15335.0	230.0	25.0	59.4	55.9	72.5	73.8
2016-12-13	15970.0	0.0	670.0	15730.0	15265.0	230.0	25.0	55.1	55.0	69.0	69.9
2016-12-20	16100.0	0.0	745.0	15930.0	15320.0	160.0	25.0	52.8	55.2	67.4	68.5
2016-12-27	17210.0	0.0	745.0	17040.0	16430.0	160.0	25.0	42.9	51.6	59.6	63.7
2017-01-03	17890.0	0.0	745.0	17650.0	17070.0	230.0	65.0	35.1	47.6	49.6	53.1
2017-01-10	16885.0	0.0	640.0	16720.0	16170.0	155.0	65.0	40.1	46.4	53.4	55.5
2017-01-17	17170.0	0.0	790.0	17065.0	16305.0	95.0	65.0	39.4	46.0	52.5	52.1
2017-01-24	17605.0	0.0	790.0	17560.0	16785.0	35.0	20.0	42.0	44.9	54.8	53.5
2017-01-31	17960.0	0.0	790.0	17885.0	17140.0	65.0	20.0	42.0	49.0	57.1	59.2
