2012-10-16	169930.0	27347.0	1081.0	117980.0	145076.0	1538.0	708.0	19.3	37.5	32.8	47.6
2012-10-23	168333.0	27031.0	1082.0	116762.0	143492.0	1320.0	539.0	19.3	36.9	31.8	46.9
2012-10-30	168209.0	24294.0	1041.0	119277.0	143039.0	1173.0	664.0	19.4	36.6	32.7	46.6
2012-11-06	157987.0	22621.0	2460.0	113032.0	134168.0	1374.0	399.0	20.2	37.5	33.2	48.7
2012-11-13	161140.0	24196.0	1348.0	115774.0	139467.0	1224.0	379.0	20.3	35.5	33.3	48.0
2012-11-20	164272.0	25520.0	1567.0	117132.0	142050.0	1342.0	377.0	20.0	33.9	32.4	44.5
2012-11-27	164466.0	26231.0	1995.0	116849.0	141877.0	1174.0	382.0	21.0	34.1	33.0	43.5
2012-12-04	165785.0	25356.0	2693.0	119900.0	143155.0	993.0	401.0	21.4	33.1	32.5	42.9
2012-12-11	158869.0	24530.0	1717.0	115026.0	138567.0	1118.0	390.0	24.0	35.3	34.9	45.5
2012-12-18	163735.0	25887.0	1033.0	118252.0	143894.0	1172.0	384.0	22.5	34.4	33.5	43.9
2012-12-24	167119.0	25619.0	1639.0	121119.0	145602.0	931.0	428.0	21.5	34.3	32.8	43.7
2012-12-31	167105.0	27133.0	1734.0	120775.0	146364.0	574.0	384.0	20.7	34.0	32.4	43.0
2013-01-08	161436.0	26521.0	2009.0	117103.0	142204.0	1120.0	531.0	23.2	35.0	35.6	45.1
2013-01-15	162647.0	28413.0	2298.0	116790.0	143344.0	863.0	424.0	24.6	35.8	37.3	46.3
2013-01-22	167034.0	27849.0	3066.0	121144.0	146349.0	911.0	489.0	24.6	35.2	37.0	45.3
2013-01-29	169620.0	27216.0	5324.0	125391.0	147641.0	722.0	364.0	25.0	34.4	37.4	44.2
2013-02-05	168146.0	27670.0	4840.0	122335.0	145768.0	1252.0	649.0	24.7	33.3	37.8	44.7
2013-02-12	162955.0	29423.0	3418.0	116544.0	142964.0	931.0	516.0	23.1	34.1	36.7	45.8
2013-02-19	162861.0	29109.0	3180.0	116691.0	142998.0	847.0	469.0	22.1	33.2	36.4	44.9
2013-02-26	162849.0	29697.0	2522.0	114943.0	142581.0	954.0	491.0	22.0	33.6	37.0	44.9
2013-03-05	165121.0	28844.0	2044.0	116204.0	143433.0	1445.0	1016.0	22.5	31.7	36.9	42.8
2013-03-12	157770.0	28310.0	827.0	111581.0	139441.0	914.0	537.0	22.4	33.7	36.6	44.9
2013-03-19	161874.0	27305.0	1555.0	115348.0	141415.0	1136.0	819.0	20.1	36.0	32.6	46.8
2013-03-26	168070.0	28146.0	2608.0	120519.0	146371.0	1047.0	733.0	20.5	34.4	33.9	45.8
2013-04-02	172008.0	29226.0	3051.0	123980.0	150555.0	959.0	559.0	20.8	34.4	34.6	45.8
2013-04-09	167598.0	30631.0	2831.0	119701.0	147500.0	769.0	770.0	21.6	34.8	35.3	45.5
2013-04-16	170119.0	32115.0	3299.0	121062.0	149853.0	767.0	792.0	21.8	34.3	35.6	44.7
2013-04-23	177643.0	31180.0	4949.0	127844.0	154117.0	1172.0	1130.0	20.4	32.8	34.1	44.3
2013-04-30	180557.0	30618.0	5435.0	130519.0	155660.0	1172.0	1214.0	20.7	32.3	34.8	42.1
2013-05-07	171661.0	29912.0	5912.0	124726.0	148535.0	959.0	1150.0	21.4	33.8	35.1	44.4
2013-05-14	173025.0	29729.0	5436.0	125466.0	148923.0	935.0	1771.0	20.7	33.4	34.8	43.3
2013-05-21	177510.0	30810.0	4607.0	126225.0	151484.0	805.0	1749.0	20.0	33.3	34.1	44.2
2013-05-28	177123.0	32478.0	5290.0	124565.0	150708.0	722.0	1767.0	20.6	33.5	35.2	44.4
2013-06-11	172932.0	30860.0	5673.0	121794.0	146744.0	804.0	1041.0	21.0	31.6	34.9	42.0
2013-06-18	172443.0	29799.0	7005.0	123636.0	146599.0	698.0	529.0	20.7	31.7	34.8	42.5
2013-06-25	172981.0	28232.0	9929.0	127822.0	145763.0	527.0	889.0	22.0	31.8	35.2	43.0
2013-07-02	173361.0	26931.0	11564.0	128918.0	144264.0	933.0	954.0	20.0	30.5	32.2	42.3
2013-07-09	168600.0	26836.0	12582.0	125025.0	139256.0	895.0	918.0	20.0	30.4	32.4	43.3
