2013-05-07	556810.0	0.0	0.0	556810.0	556810.0	0.0	0.0	48.2	61.8	70.0	84.5
2013-05-14	573590.0	0.0	2480.0	573590.0	571110.0	0.0	0.0	47.6	61.6	69.7	83.1
2013-05-21	582090.0	0.0	2480.0	582090.0	579610.0	0.0	0.0	47.1	63.4	70.3	83.1
2013-05-28	583590.0	0.0	2480.0	583590.0	581110.0	0.0	0.0	47.0	63.6	70.1	83.2
2013-06-11	606015.0	0.0	2480.0	606015.0	603535.0	0.0	0.0	46.8	68.8	71.3	84.9
2013-06-18	615415.0	0.0	2480.0	615415.0	612935.0	0.0	0.0	46.7	69.5	70.9	85.4
2013-06-25	633070.0	0.0	1380.0	632410.0	631030.0	0.0	0.0	45.4	70.6	68.9	86.5
2013-07-02	648370.0	0.0	1380.0	647710.0	646330.0	0.0	0.0	44.3	70.8	67.6	85.4
2013-07-09	612885.0	0.0	180.0	612225.0	612045.0	0.0	0.0	44.6	71.5	66.9	85.9
2013-07-16	646310.0	0.0	180.0	645650.0	645470.0	0.0	0.0	44.3	69.7	65.4	85.8
2013-07-23	660920.0	0.0	180.0	660260.0	660080.0	0.0	0.0	43.3	67.9	64.0	83.9
2013-07-30	661305.0	0.0	180.0	660645.0	660465.0	0.0	0.0	43.3	66.5	63.9	82.2
2013-08-06	602880.0	0.0	510.0	602550.0	602040.0	0.0	0.0	45.0	67.4	64.7	82.4
2013-08-13	602880.0	0.0	510.0	602550.0	602040.0	0.0	0.0	45.0	67.4	64.7	82.4
2013-08-20	606605.0	0.0	510.0	606275.0	605765.0	0.0	0.0	44.7	66.9	64.3	81.9
2013-08-27	606605.0	0.0	510.0	606275.0	605765.0	0.0	0.0	44.7	66.9	64.3	81.9
2013-09-03	617175.0	0.0	510.0	616845.0	616335.0	0.0	0.0	45.0	69.1	64.3	81.9
2013-09-10	573085.0	0.0	840.0	573085.0	572245.0	0.0	0.0	46.1	69.4	64.7	82.2
2013-09-17	574735.0	0.0	840.0	574735.0	573895.0	0.0	0.0	46.0	69.9	64.5	82.2
2013-09-24	585510.0	0.0	840.0	585510.0	584670.0	0.0	0.0	45.1	71.7	63.3	82.1
2013-10-01	608435.0	0.0	840.0	608435.0	607595.0	0.0	0.0	43.4	73.2	62.5	83.1
2013-10-08	583860.0	0.0	640.0	583860.0	583220.0	0.0	0.0	43.3	75.5	62.0	84.5
2013-10-15	594285.0	0.0	640.0	594285.0	593645.0	0.0	0.0	42.6	75.6	61.3	84.4
2013-10-22	603695.0	0.0	640.0	603695.0	603055.0	0.0	0.0	41.9	74.4	60.3	85.0
2013-10-29	606345.0	0.0	640.0	606345.0	605705.0	0.0	0.0	41.7	74.5	60.5	85.1
2013-11-05	592405.0	0.0	410.0	592405.0	591995.0	0.0	0.0	40.5	73.4	59.2	83.1
2013-11-12	595505.0	0.0	410.0	595505.0	595095.0	0.0	0.0	40.6	73.2	59.3	82.9
2013-11-19	621085.0	0.0	410.0	621085.0	620675.0	0.0	0.0	43.2	74.5	61.8	84.1
