2013-05-14	22406.0	620.0	0.0	21478.0	22098.0	308.0	308.0	62.7	85.3	87.6	95.0
2013-05-21	22976.0	1220.0	0.0	21358.0	22730.0	398.0	246.0	60.1	83.5	86.8	93.3
2013-05-28	23336.0	1220.0	0.0	21812.0	23152.0	304.0	184.0	56.4	81.7	84.6	91.9
2013-06-11	14564.0	600.0	0.0	13784.0	14384.0	180.0	180.0	58.3	80.2	85.7	95.5
2013-06-18	15215.0	600.0	0.0	14435.0	15035.0	180.0	180.0	58.5	77.6	83.5	93.6
2013-06-25	18098.0	600.0	0.0	17039.0	17856.0	459.0	242.0	58.0	77.7	81.0	91.0
2013-07-02	18067.0	600.0	0.0	15687.0	16793.0	1780.0	1274.0	55.3	77.7	73.7	86.8
2013-07-30	19491.0	0.0	0.0	18902.0	18561.0	589.0	930.0	51.2	49.3	67.1	66.5
2013-08-27	17936.0	364.0	0.0	17417.0	17202.0	155.0	734.0	59.5	57.6	75.4	73.5
2013-09-03	17936.0	364.0	0.0	17417.0	17202.0	155.0	734.0	59.5	57.6	75.4	73.5
2013-11-26	24554.0	2913.0	0.0	19993.0	23544.0	1648.0	1010.0	84.0	86.3	89.9	93.2
2013-12-03	24554.0	2913.0	0.0	19993.0	24009.0	1648.0	545.0	84.0	86.3	89.9	94.0
2014-04-29	29235.0	2525.0	4353.0	24424.0	24392.0	2286.0	490.0	75.0	84.6	83.2	93.6
2015-09-29	24233.0	4238.0	0.0	17707.0	23989.0	2288.0	244.0	52.1	68.0	65.5	78.9
