2013-05-28	6760.0	2812.0	2823.0	3511.0	3537.0	59.0	22.0	57.1	57.3	74.8	75.4
2013-06-11	6970.0	3086.0	2802.0	3557.0	3895.0	59.0	5.0	58.2	65.1	77.6	82.9
2013-06-18	7182.0	3201.0	3052.0	3649.0	3852.0	59.0	5.0	56.7	63.1	77.7	81.6
2013-06-25	7321.0	3274.0	3010.0	3729.0	4026.0	73.0	40.0	56.2	62.8	77.1	80.9
2013-07-02	7454.0	3165.0	3471.0	4107.0	3835.0	59.0	25.0	58.0	66.9	79.1	83.8
2013-07-09	7657.0	3190.0	3353.0	4127.0	3990.0	51.0	25.0	56.6	64.7	77.3	81.5
2013-07-16	7851.0	3271.0	3281.0	4217.0	4254.0	52.0	5.0	55.6	64.9	77.5	81.5
2013-07-23	8182.0	3491.0	3542.0	4342.0	4324.0	53.0	20.0	52.7	66.5	75.1	82.3
2013-07-30	7770.0	3392.0	3645.0	4212.0	3995.0	56.0	20.0	56.1	67.8	79.7	84.5
2013-08-06	7720.0	3382.0	3460.0	4167.0	4120.0	71.0	40.0	56.5	66.0	79.8	83.0
2013-08-13	7685.0	3430.0	3530.0	4102.0	4050.0	53.0	5.0	56.3	65.4	80.1	82.5
2013-08-20	8082.0	3526.0	3640.0	4403.0	4337.0	53.0	5.0	54.4	64.3	78.9	81.8
2013-08-27	8857.0	3563.0	3755.0	5124.0	4987.0	60.0	5.0	50.3	59.8	72.2	75.0
2013-09-03	8153.0	3436.0	3735.0	4563.0	4313.0	54.0	5.0	54.6	65.8	77.2	82.6
2013-09-10	8100.0	3590.0	3715.0	4349.0	4280.0	61.0	5.0	55.0	67.4	78.1	83.9
2013-09-17	8380.0	3619.0	3690.0	4600.0	4585.0	61.0	5.0	55.9	69.5	78.5	84.5
2013-09-24	8850.0	4032.0	3692.0	4641.0	5046.0	75.0	10.0	58.1	66.5	79.5	84.8
2013-10-01	8711.0	4024.0	3690.0	4519.0	4911.0	68.0	10.0	59.1	65.4	80.4	84.3
2013-10-08	8492.0	3899.0	3647.0	4416.0	4735.0	77.0	10.0	58.8	65.6	81.0	85.0
2013-10-15	8873.0	3917.0	3879.0	4784.0	4830.0	28.0	20.0	59.5	62.0	81.0	81.6
2013-10-22	9244.0	4009.0	4139.0	5032.0	4916.0	34.0	20.0	59.8	62.3	81.7	81.8
2013-10-29	9707.0	4194.0	4073.0	5362.0	5514.0	51.0	20.0	60.4	65.8	83.0	84.0
2013-11-05	9678.0	4245.0	3935.0	5294.0	5607.0	39.0	36.0	60.9	63.1	84.2	80.3
2013-11-12	9912.0	4276.0	3940.0	5512.0	5857.0	24.0	15.0	60.0	62.8	82.8	79.7
2013-11-19	10259.0	4255.0	4171.0	5883.0	5973.0	21.0	15.0	58.2	62.3	80.4	80.5
2013-11-26	10969.0	3578.0	4208.0	7276.0	6646.0	15.0	15.0	61.7	64.0	82.8	82.9
2013-12-03	11838.0	3693.0	4118.0	7975.0	7565.0	15.0	0.0	58.8	61.6	79.3	79.0
2013-12-10	11791.0	3605.0	4055.0	7943.0	7518.0	25.0	0.0	59.1	61.4	79.7	78.5
2013-12-17	11865.0	3419.0	3289.0	7910.0	8120.0	100.0	20.0	56.7	60.8	78.5	75.4
2013-12-24	12344.0	3376.0	3389.0	8484.0	8481.0	10.0	0.0	58.4	61.5	79.5	76.2
2014-01-14	4201.0	1256.0	1309.0	2885.0	2862.0	30.0	0.0	80.5	71.7	89.6	88.6
