2013-06-11	1020105.0	0.0	73740.0	988405.0	914665.0	0.0	0.0	61.4	57.0	79.5	79.5
2013-06-18	1020105.0	0.0	73740.0	988405.0	914665.0	0.0	0.0	61.4	57.0	79.5	79.5
2013-06-25	1024025.0	0.0	73740.0	992325.0	918585.0	0.0	0.0	61.2	56.8	79.5	78.8
2013-07-02	1024025.0	0.0	73740.0	992325.0	918585.0	0.0	0.0	61.2	56.8	79.5	78.8
2013-07-23	968101.0	0.0	77740.0	944401.0	866661.0	0.0	0.0	61.8	55.0	80.8	76.3
2013-08-13	1179951.0	0.0	35020.0	1156251.0	1121231.0	0.0	0.0	55.3	46.8	72.9	66.6
2013-08-20	1157751.0	0.0	27020.0	1134051.0	1107031.0	0.0	0.0	58.7	44.5	74.3	66.0
2013-08-27	1121751.0	0.0	19020.0	1090051.0	1071031.0	0.0	0.0	48.0	46.0	71.1	69.2
2013-09-03	1121751.0	0.0	23020.0	1094051.0	1071031.0	0.0	0.0	39.7	46.0	67.2	69.2
2013-09-10	1091527.0	0.0	19100.0	1063827.0	1044727.0	0.0	0.0	39.2	46.1	67.3	70.0
2013-09-17	1091527.0	0.0	19100.0	1063827.0	1044727.0	0.0	0.0	39.2	46.1	67.3	70.0
2013-09-24	1040967.0	31460.0	0.0	1009507.0	1040967.0	0.0	0.0	38.8	48.3	65.3	73.1
2013-10-01	1038335.0	31460.0	0.0	1006875.0	1038335.0	0.0	0.0	39.4	48.5	64.8	72.2
2013-10-08	954335.0	27460.0	0.0	926875.0	954335.0	0.0	0.0	42.8	49.1	65.9	72.1
2013-10-15	1025155.0	27460.0	0.0	997695.0	1025155.0	0.0	0.0	37.5	43.4	59.0	64.7
2013-10-22	1165075.0	27460.0	0.0	1137615.0	1165075.0	0.0	0.0	37.6	54.2	59.8	73.0
2013-10-29	1153045.0	27460.0	0.0	1125585.0	1153045.0	0.0	0.0	38.7	54.8	60.4	73.7
2013-11-05	1149105.0	27460.0	184853.0	1119218.0	961825.0	0.0	0.0	38.8	54.0	59.6	73.7
2013-11-12	1069017.0	16180.0	184853.0	1050410.0	881737.0	0.0	0.0	45.7	58.7	68.6	79.2
2013-11-19	1107497.0	16180.0	91573.0	1042250.0	966857.0	0.0	0.0	44.8	52.4	66.2	72.2
2013-11-26	1106273.0	16180.0	103813.0	1042250.0	954617.0	0.0	0.0	46.3	53.6	67.7	73.4
2013-12-03	1106273.0	16180.0	103813.0	1042250.0	954617.0	0.0	0.0	46.3	53.6	67.7	73.4
2013-12-10	1036900.0	8160.0	105016.0	982100.0	885244.0	0.0	0.0	51.0	56.8	74.2	78.1
2013-12-17	1036900.0	8160.0	105016.0	982100.0	885244.0	0.0	0.0	51.0	56.8	74.2	78.1
2013-12-24	1036900.0	8160.0	105016.0	982100.0	885244.0	0.0	0.0	51.0	56.8	74.2	78.1
2014-01-07	1036900.0	8160.0	105016.0	982100.0	885244.0	0.0	0.0	51.0	56.8	74.2	78.1
2014-02-04	1193040.0	15500.0	54400.0	1084260.0	1045360.0	0.0	0.0	53.6	57.1	74.1	76.7
2014-02-11	1185020.0	31000.0	46560.0	1060740.0	1045180.0	0.0	0.0	53.6	57.2	72.6	74.9
2014-02-18	1208660.0	46500.0	58770.0	1068880.0	1056610.0	0.0	0.0	52.6	56.0	72.2	74.5
2014-02-25	1208660.0	46500.0	58770.0	1068880.0	1056610.0	0.0	0.0	52.6	56.0	72.2	74.5
2014-03-04	1208660.0	46500.0	54700.0	1068880.0	1060680.0	0.0	0.0	52.6	56.0	72.2	74.4
2014-03-11	1173460.0	46500.0	40620.0	1033680.0	1039560.0	0.0	0.0	52.6	57.1	71.6	75.1
2014-03-18	1173460.0	46500.0	40620.0	1033680.0	1039560.0	0.0	0.0	52.6	57.1	71.6	75.1
2014-03-25	1203610.0	161390.0	8140.0	1002470.0	1155720.0	0.0	0.0	53.5	60.2	73.2	78.1
2014-04-01	1261690.0	215790.0	8140.0	1006150.0	1213800.0	0.0	0.0	55.9	58.6	74.9	76.5
2014-04-08	1188430.0	199510.0	0.0	957310.0	1156820.0	0.0	0.0	58.3	61.9	78.6	80.6
2014-04-15	1188430.0	199510.0	0.0	957310.0	1156820.0	0.0	0.0	58.3	61.9	78.6	80.6
2014-04-22	1216990.0	184790.0	13840.0	985870.0	1156820.0	0.0	0.0	58.3	60.4	78.1	78.7
2014-04-29	15750.0	2750.0	300.0	12450.0	14900.0	0.0	0.0	60.0	60.3	79.7	78.4
2014-05-06	15750.0	2750.0	300.0	12450.0	14900.0	0.0	0.0	60.0	60.3	79.7	78.4
2014-05-13	15250.0	3000.0	700.0	11950.0	14250.0	0.0	0.0	62.0	61.3	81.6	79.7
2014-05-20	15250.0	3000.0	700.0	11950.0	14250.0	0.0	0.0	62.0	61.3	81.6	79.7
2014-05-27	16150.0	3000.0	650.0	12700.0	15050.0	0.0	0.0	58.5	57.3	79.9	77.7
2014-06-03	17200.0	3000.0	550.0	13650.0	16100.0	0.0	0.0	54.9	54.9	76.2	75.9
2014-06-10	17550.0	2950.0	0.0	14000.0	16950.0	0.0	0.0	49.3	58.7	71.8	76.9
2014-06-17	19250.0	3050.0	0.0	15600.0	18650.0	0.0	0.0	48.1	62.3	70.6	79.0
2014-06-24	19800.0	3250.0	0.0	15850.0	19100.0	0.0	0.0	48.5	61.1	70.5	77.5
2014-07-01	19850.0	3250.0	250.0	15900.0	18900.0	0.0	0.0	49.4	59.9	70.5	76.3
2014-07-08	19850.0	3250.0	250.0	15900.0	18900.0	0.0	0.0	49.4	59.9	70.5	76.3
2014-07-15	18550.0	2950.0	250.0	15200.0	17900.0	0.0	0.0	50.9	62.0	72.8	78.7
2014-07-22	18600.0	3100.0	250.0	15150.0	18000.0	0.0	0.0	51.6	62.4	73.4	79.0
2014-07-29	18500.0	3100.0	250.0	15050.0	17900.0	0.0	0.0	51.9	62.2	73.2	78.9
2014-08-05	18500.0	3100.0	250.0	15050.0	17900.0	0.0	0.0	51.9	62.2	73.2	78.9
2014-08-12	17450.0	2950.0	250.0	14300.0	17000.0	0.0	0.0	51.0	62.2	73.1	79.1
2014-08-19	17450.0	2950.0	250.0	14300.0	17000.0	0.0	0.0	51.0	62.2	73.1	79.1
2014-08-26	18650.0	4150.0	250.0	14300.0	18200.0	0.0	0.0	54.2	58.2	74.8	80.4
2014-09-02	18650.0	4150.0	250.0	14300.0	18200.0	0.0	0.0	54.2	58.2	73.2	78.8
2014-09-09	17800.0	4050.0	250.0	13550.0	17350.0	0.0	0.0	54.2	56.7	73.3	77.8
2014-09-16	17800.0	4050.0	250.0	13550.0	17350.0	0.0	0.0	54.2	56.7	73.3	77.8
2014-09-23	17750.0	4200.0	250.0	13400.0	17350.0	0.0	0.0	55.2	56.9	74.4	78.0
2014-09-30	17800.0	4300.0	400.0	13300.0	17200.0	0.0	0.0	56.2	56.7	75.6	77.5
2014-10-07	17800.0	4300.0	400.0	13300.0	17200.0	0.0	0.0	56.2	55.9	75.6	76.1
2014-10-14	16600.0	4250.0	150.0	12200.0	16300.0	0.0	0.0	58.7	56.0	78.9	78.9
2014-10-21	16600.0	4250.0	150.0	12200.0	16300.0	0.0	0.0	58.7	56.0	78.9	78.9
2014-10-28	18000.0	4450.0	150.0	13400.0	17700.0	0.0	0.0	61.1	62.8	80.8	83.6
2014-11-04	18125.0	4575.0	0.0	13400.0	17975.0	0.0	0.0	61.4	63.0	81.0	83.7
2014-11-11	16275.0	4225.0	0.0	11950.0	16175.0	0.0	0.0	66.2	62.5	86.2	88.0
2014-11-18	16275.0	4225.0	0.0	11950.0	16175.0	0.0	0.0	66.2	62.5	86.2	88.0
2014-12-09	14700.0	4200.0	750.0	10500.0	13950.0	0.0	0.0	73.1	59.9	91.5	88.8
2014-12-16	14700.0	4200.0	750.0	10500.0	13950.0	0.0	0.0	73.1	59.9	91.5	88.8
2014-12-23	15250.0	4800.0	100.0	10450.0	15150.0	0.0	0.0	74.4	57.7	89.5	85.6
2014-12-30	15250.0	4800.0	100.0	10450.0	15150.0	0.0	0.0	74.4	57.7	89.5	85.6
2015-01-06	15250.0	4800.0	100.0	10450.0	15150.0	0.0	0.0	74.4	57.7	89.5	85.6
2015-01-20	13850.0	4200.0	350.0	9650.0	13500.0	0.0	0.0	78.7	55.6	93.5	87.0
2015-01-27	14300.0	4700.0	350.0	9600.0	13950.0	0.0	0.0	79.7	53.8	94.1	84.3
2015-02-03	14400.0	4800.0	350.0	9600.0	14050.0	0.0	0.0	79.9	54.2	94.1	84.4
2015-02-10	14450.0	5550.0	300.0	8900.0	14150.0	0.0	0.0	82.0	53.6	94.5	84.8
2015-02-17	14450.0	5550.0	300.0	8900.0	14150.0	0.0	0.0	82.0	51.2	94.5	82.4
2015-02-24	14350.0	5550.0	300.0	8800.0	14050.0	0.0	0.0	81.9	51.6	94.8	82.9
2015-03-03	14350.0	5550.0	300.0	8800.0	14050.0	0.0	0.0	81.9	51.6	94.8	82.9
2015-09-22	9200.0	2400.0	0.0	6800.0	9200.0	0.0	0.0	75.5	69.6	91.3	86.4
2015-09-29	11600.0	2400.0	0.0	9200.0	11600.0	0.0	0.0	80.6	58.6	91.4	84.1
2015-10-06	11600.0	2400.0	0.0	9200.0	11600.0	0.0	0.0	80.6	58.6	91.4	84.1
2015-10-13	11250.0	2250.0	500.0	9000.0	10750.0	0.0	0.0	80.0	57.3	89.8	84.0
2015-10-20	11650.0	2250.0	900.0	9400.0	10750.0	0.0	0.0	79.0	55.4	88.4	82.8
2016-02-23	12910.0	4900.0	0.0	7950.0	12850.0	60.0	60.0	72.8	58.5	87.9	78.2
2016-03-01	13360.0	5350.0	0.0	7950.0	13300.0	60.0	60.0	73.7	59.5	88.3	78.6
2016-03-08	12960.0	5500.0	0.0	7400.0	12900.0	60.0	60.0	73.3	60.2	88.3	78.7
2016-03-15	13060.0	5500.0	0.0	7500.0	13000.0	60.0	60.0	72.7	59.7	88.4	78.9
2016-03-22	13060.0	5500.0	0.0	7500.0	13000.0	60.0	60.0	72.7	59.7	88.4	78.9
2016-03-29	13160.0	5500.0	0.0	7600.0	13100.0	60.0	60.0	72.2	59.3	87.8	77.5
2016-04-05	13310.0	5500.0	0.0	7750.0	13250.0	60.0	60.0	71.4	58.6	86.8	76.6
2016-04-12	12910.0	5850.0	0.0	7000.0	12850.0	60.0	60.0	73.2	59.3	86.4	75.5
2016-04-19	12970.0	5850.0	0.0	7060.0	12910.0	60.0	60.0	72.9	58.5	86.0	74.8
2016-04-26	13270.0	5700.0	0.0	7360.0	13060.0	60.0	60.0	70.1	57.2	84.0	73.1
2016-05-17	12570.0	5550.0	0.0	6810.0	12360.0	60.0	60.0	69.6	56.8	82.7	72.4
2016-05-24	14245.0	7050.0	0.0	6985.0	14035.0	60.0	60.0	62.5	58.5	84.6	72.7
2016-05-31	14545.0	7350.0	0.0	6985.0	14335.0	60.0	60.0	61.2	57.3	84.9	72.2
2016-06-07	14605.0	7500.0	0.0	7045.0	14185.0	60.0	420.0	62.0	56.7	85.6	71.5
2016-06-14	13505.0	7350.0	0.0	6095.0	13385.0	60.0	120.0	64.1	58.0	86.6	74.3
2016-06-21	13555.0	7150.0	0.0	6345.0	13435.0	60.0	120.0	63.8	57.8	86.3	74.4
2016-06-28	14705.0	7150.0	0.0	7495.0	14585.0	60.0	120.0	60.2	56.6	79.2	71.2
2016-07-05	14705.0	7150.0	0.0	7495.0	14585.0	60.0	120.0	60.2	56.6	79.2	71.2
2016-07-12	11530.0	4600.0	0.0	6270.0	10635.0	660.0	895.0	55.5	57.1	76.8	68.0
2016-07-19	11530.0	4600.0	0.0	6870.0	11410.0	60.0	120.0	55.5	57.1	76.8	68.4
2016-07-26	11530.0	4600.0	0.0	6870.0	11410.0	60.0	120.0	55.5	57.1	76.8	68.4
2016-08-02	11340.0	4350.0	0.0	6870.0	11160.0	120.0	180.0	54.2	56.3	75.8	67.8
2016-08-09	9365.0	3500.0	0.0	5745.0	9185.0	120.0	180.0	51.3	51.6	74.2	65.0
2016-08-16	9365.0	3500.0	0.0	5745.0	9185.0	120.0	180.0	51.3	51.6	74.2	65.0
2016-08-23	9365.0	3500.0	0.0	5745.0	9185.0	120.0	180.0	51.3	53.2	74.2	66.6
2016-08-30	9740.0	3750.0	0.0	5870.0	9560.0	120.0	180.0	51.8	52.7	73.9	65.6
2016-09-06	10340.0	3750.0	0.0	6470.0	10160.0	120.0	180.0	48.8	55.4	74.7	67.6
2016-09-13	8665.0	3150.0	0.0	5395.0	8485.0	120.0	180.0	45.0	50.5	71.6	64.2
2016-09-20	8785.0	3150.0	0.0	5515.0	8485.0	120.0	300.0	44.4	48.5	70.6	62.0
2016-09-27	8785.0	3150.0	0.0	5515.0	8485.0	120.0	300.0	44.4	48.5	71.4	62.0
2016-10-04	8785.0	3150.0	0.0	5515.0	8485.0	120.0	300.0	44.4	48.5	71.4	62.0
2016-10-11	7260.0	2250.0	0.0	4890.0	6960.0	120.0	300.0	47.5	46.3	69.9	59.5
2016-10-18	6960.0	2250.0	0.0	4590.0	6660.0	120.0	300.0	49.6	48.3	72.9	62.1
2016-10-25	7260.0	2250.0	0.0	4890.0	6960.0	120.0	300.0	47.5	50.4	71.3	63.6
2016-11-01	7395.0	2250.0	0.0	4965.0	7095.0	180.0	300.0	46.7	49.5	70.0	62.6
2016-11-08	6395.0	1900.0	0.0	4315.0	6095.0	180.0	300.0	45.3	50.9	65.7	61.8
2016-11-15	7595.0	1900.0	0.0	5515.0	7295.0	180.0	300.0	44.8	54.0	64.8	65.5
2016-11-22	7745.0	1900.0	0.0	5665.0	7445.0	180.0	300.0	45.2	54.2	64.8	67.5
2016-11-29	7745.0	1900.0	0.0	5665.0	7445.0	180.0	300.0	45.2	54.2	64.8	67.5
2016-12-06	7745.0	1900.0	0.0	5665.0	7445.0	180.0	300.0	41.6	46.3	59.7	58.4
2016-12-13	6670.0	1550.0	0.0	4940.0	6370.0	180.0	300.0	46.8	50.4	60.3	59.2
2016-12-20	7174.0	1550.0	0.0	4940.0	6370.0	684.0	804.0	43.5	46.8	56.0	55.1
2016-12-27	7174.0	1550.0	0.0	4940.0	6370.0	684.0	804.0	43.5	46.8	56.0	55.1
2017-01-03	7304.0	1550.0	0.0	5070.0	6470.0	684.0	834.0	42.7	47.0	55.0	55.0
