2012-10-16	62198.0	369.0	227.0	59887.0	60029.0	0.0	0.0	46.7	41.5	60.8	54.7
2012-10-23	61729.0	928.0	50.0	59388.0	60266.0	0.0	0.0	46.7	41.9	61.5	55.0
2012-10-30	63212.0	295.0	25.0	60945.0	61215.0	0.0	0.0	46.0	40.8	59.7	53.5
2012-11-06	58875.0	874.0	25.0	56422.0	57271.0	0.0	0.0	48.7	39.6	62.4	53.3
2012-11-13	61081.0	173.0	321.0	58857.0	58709.0	0.0	0.0	48.1	39.8	59.5	52.5
2012-11-20	63110.0	152.0	548.0	60854.0	60458.0	0.0	0.0	49.7	41.1	60.4	53.5
2012-11-27	62921.0	0.0	724.0	60918.0	60194.0	0.0	0.0	51.6	43.3	62.5	55.0
2012-12-04	61825.0	256.0	952.0	59796.0	59100.0	0.0	0.0	54.3	45.6	64.9	57.5
2012-12-11	61734.0	308.0	1365.0	60294.0	59261.0	24.0	0.0	54.5	47.4	65.8	59.3
2012-12-18	62937.0	360.0	1286.0	61367.0	60465.0	24.0	0.0	53.2	45.8	64.6	57.8
2012-12-24	62532.0	308.0	1160.0	60524.0	59488.0	336.0	520.0	52.8	46.0	64.8	57.3
2012-12-31	62187.0	308.0	985.0	60493.0	59640.0	24.0	200.0	53.0	46.4	65.1	57.2
2013-01-08	59778.0	490.0	597.0	57975.0	57892.0	24.0	0.0	56.3	47.0	66.7	57.2
2013-01-15	61976.0	495.0	971.0	60168.0	59692.0	0.0	0.0	55.1	42.5	65.3	56.1
2013-01-22	63428.0	77.0	118.0	61235.0	61194.0	26.0	26.0	54.2	40.4	64.7	56.7
2013-01-29	62451.0	1157.0	0.0	59951.0	61132.0	24.0	0.0	54.9	38.7	66.3	56.2
2013-02-05	59092.0	1492.0	28.0	56612.0	58100.0	24.0	0.0	57.4	37.6	69.1	56.6
2013-02-12	61154.0	1335.0	0.0	58700.0	60083.0	48.0	0.0	57.4	39.3	68.1	56.3
2013-02-19	63076.0	1701.0	26.0	60386.0	62109.0	48.0	0.0	55.2	39.7	66.7	56.3
2013-02-26	65404.0	1959.0	0.0	62505.0	64512.0	48.0	0.0	56.5	44.9	71.1	60.3
2013-03-05	62474.0	1749.0	0.0	59724.0	61473.0	0.0	0.0	58.3	46.8	73.2	63.1
2013-03-12	62265.0	1572.0	0.0	59667.0	61239.0	0.0	0.0	57.5	44.0	71.7	60.6
2013-03-19	63011.0	1646.0	0.0	60337.0	61983.0	0.0	0.0	57.6	44.2	71.6	59.9
2013-03-26	64618.0	1859.0	30.0	61632.0	63461.0	0.0	0.0	56.2	42.7	69.0	57.9
2013-04-02	61167.0	2780.0	26.0	57693.0	60447.0	0.0	0.0	59.2	46.8	71.9	62.8
2013-04-09	61736.0	2567.0	26.0	58526.0	61067.0	0.0	0.0	58.6	45.1	70.4	61.0
2013-04-16	61964.0	2648.0	158.0	58679.0	61169.0	0.0	0.0	57.6	44.4	69.5	59.4
2013-04-23	62755.0	2676.0	412.0	59492.0	61756.0	0.0	0.0	56.3	42.5	68.8	58.1
2013-04-30	60922.0	2727.0	412.0	57582.0	59897.0	0.0	0.0	55.4	40.8	68.3	57.0
2013-05-07	55644.0	662.0	359.0	53857.0	54160.0	0.0	0.0	54.3	39.0	63.7	55.4
2013-05-14	55225.0	652.0	361.0	53317.0	53608.0	0.0	0.0	51.4	36.5	60.1	51.6
2013-05-21	55636.0	390.0	335.0	53755.0	53810.0	0.0	0.0	50.8	35.4	58.6	50.7
2013-05-28	55098.0	957.0	387.0	52751.0	53321.0	0.0	0.0	51.8	38.5	61.9	53.6
2013-06-11	53157.0	1314.0	311.0	50406.0	51409.0	0.0	0.0	47.2	36.0	57.6	49.4
2013-06-18	54009.0	1552.0	338.0	51018.0	52232.0	0.0	0.0	45.4	34.9	57.9	49.6
2013-06-25	53922.0	2019.0	417.0	50489.0	52091.0	0.0	0.0	44.4	34.8	57.2	48.5
2013-07-02	52770.0	2179.0	363.0	49225.0	51041.0	0.0	0.0	46.0	34.1	58.5	50.0
2013-07-09	52587.0	2408.0	363.0	48815.0	50884.0	24.0	0.0	46.4	35.2	58.7	50.0
