2013-06-18	10842.0	713.0	0.0	9974.0	10662.0	155.0	180.0	72.4	66.0	90.0	87.2
2013-06-25	11834.0	713.0	0.0	10439.0	11282.0	682.0	552.0	70.8	61.8	86.9	85.6
2013-11-26	9876.0	0.0	1800.0	9418.0	7706.0	458.0	370.0	67.0	58.9	81.7	76.9
2013-12-03	9876.0	0.0	1800.0	9418.0	7646.0	458.0	430.0	67.0	58.9	81.7	76.9
2014-10-28	13406.0	480.0	810.0	12504.0	12286.0	422.0	310.0	71.7	61.0	86.2	80.0
2014-11-04	13286.0	480.0	690.0	12384.0	12286.0	422.0	310.0	71.4	61.5	86.1	79.8
2015-06-23	15282.0	4796.0	1104.0	9971.0	13691.0	515.0	487.0	55.0	49.0	75.6	72.2
2015-06-30	14414.0	4796.0	1321.0	9072.0	12606.0	546.0	487.0	56.8	50.6	74.4	71.2
2015-07-21	13379.0	4490.0	217.0	8517.0	12356.0	372.0	806.0	52.3	45.0	77.9	65.8
2015-07-28	16696.0	4490.0	1891.0	11834.0	14216.0	372.0	589.0	57.7	40.5	81.9	63.4
2015-08-04	17006.0	4490.0	1891.0	12144.0	14282.0	372.0	833.0	56.6	38.4	81.5	61.1
2015-08-11	12672.0	2010.0	1674.0	10046.0	10475.0	616.0	523.0	79.8	48.1	89.4	70.5
2015-08-18	13632.0	2010.0	2274.0	11188.0	10835.0	434.0	523.0	77.2	49.1	89.9	71.3
2015-08-25	15846.0	2282.0	3984.0	13347.0	11249.0	217.0	613.0	61.0	47.9	78.7	68.3
2015-09-01	15846.0	2342.0	3924.0	13287.0	11309.0	217.0	613.0	61.0	47.6	79.3	68.1
2015-09-15	11816.0	1350.0	3676.0	10376.0	7316.0	90.0	824.0	62.1	58.1	83.7	79.1
2015-09-22	13118.0	1350.0	4823.0	11554.0	7688.0	214.0	607.0	57.5	62.5	78.5	84.8
2015-09-29	14645.0	1350.0	4699.0	13205.0	9156.0	90.0	790.0	53.3	58.1	78.8	79.1
2015-10-13	14045.0	0.0	3649.0	13955.0	9965.0	90.0	431.0	68.9	64.0	89.9	81.0
2015-10-20	16697.0	0.0	2449.0	16577.0	13855.0	120.0	393.0	61.2	58.8	81.9	78.4
2015-10-27	17777.0	0.0	2449.0	17567.0	14815.0	210.0	513.0	57.0	55.0	80.2	77.9
2015-11-03	17777.0	0.0	775.0	17567.0	14815.0	210.0	2187.0	57.0	51.9	80.2	70.4
2015-11-24	14708.0	0.0	0.0	13794.0	14005.0	914.0	703.0	58.3	80.7	80.4	89.6
2015-12-01	14708.0	0.0	0.0	13794.0	14005.0	914.0	703.0	58.3	80.7	80.4	89.6
2015-12-29	8990.0	0.0	651.0	7812.0	7564.0	1178.0	775.0	41.4	60.0	65.2	77.6
2016-01-05	8990.0	0.0	651.0	7812.0	7564.0	1178.0	775.0	41.4	60.0	65.2	77.6
2016-02-23	19644.0	0.0	2666.0	18486.0	16345.0	1158.0	633.0	76.5	72.3	89.2	85.0
2016-03-01	19644.0	0.0	2666.0	18486.0	16345.0	1158.0	633.0	76.5	72.3	89.2	85.0
2016-03-15	19282.0	0.0	3866.0	18388.0	15044.0	894.0	372.0	74.4	66.8	82.2	78.5
2016-03-22	24727.0	2700.0	4346.0	20073.0	19794.0	1954.0	587.0	67.0	63.5	78.2	78.5
2016-03-29	25867.0	2700.0	5006.0	21393.0	20274.0	1774.0	587.0	64.5	62.0	77.3	78.3
2016-04-05	20597.0	2700.0	2960.0	16535.0	17577.0	1362.0	60.0	67.7	65.0	80.7	88.2
2016-04-12	21806.0	2700.0	4820.0	17864.0	16926.0	1242.0	60.0	57.2	56.9	69.4	75.4
2016-04-19	25619.0	4467.0	5223.0	19790.0	20026.0	1362.0	370.0	52.7	49.7	65.1	67.3
2016-04-26	27634.0	4157.0	6401.0	21801.0	20863.0	1676.0	370.0	52.7	46.1	63.9	72.6
2016-05-03	27634.0	1757.0	4901.0	21801.0	20863.0	4076.0	1870.0	44.0	40.7	55.3	67.2
2016-05-10	15754.0	1457.0	4451.0	13071.0	10813.0	1226.0	490.0	63.5	71.5	78.2	87.6
2016-05-24	19654.0	2387.0	6673.0	15621.0	12067.0	1646.0	914.0	63.6	79.9	80.2	91.2
2016-05-31	20104.0	2387.0	6041.0	16314.0	13269.0	1403.0	794.0	64.0	80.0	80.2	92.0
2016-06-21	16759.0	1310.0	3848.0	14121.0	11634.0	1088.0	1037.0	78.9	68.7	87.0	85.5
2016-06-28	19890.0	390.0	3848.0	17270.0	14235.0	1990.0	1567.0	74.6	67.1	82.3	82.1
2016-07-05	19890.0	0.0	2798.0	17270.0	14235.0	2380.0	2617.0	74.6	61.8	81.9	76.8
2016-08-30	15107.0	0.0	3193.0	14924.0	10989.0	183.0	925.0	81.3	69.6	93.1	82.7
2016-09-27	12502.0	0.0	2821.0	12201.0	9004.0	301.0	677.0	65.8	68.9	86.7	85.2
2016-10-04	12502.0	0.0	2604.0	12201.0	9221.0	301.0	677.0	65.8	68.9	86.7	85.2
