2013-06-25	18753.0	384.0	0.0	17017.0	17621.0	1166.0	946.0	64.6	57.6	74.6	75.1
2013-07-02	19032.0	353.0	248.0	16893.0	16477.0	1569.0	2090.0	62.7	51.9	73.1	68.0
2013-07-09	16470.0	0.0	465.0	15171.0	15385.0	1299.0	620.0	72.1	62.1	81.1	79.5
2013-07-16	16470.0	0.0	465.0	15171.0	15385.0	1299.0	620.0	72.1	62.1	81.1	79.5
2013-07-23	18000.0	0.0	465.0	16333.0	16915.0	1667.0	620.0	71.4	62.3	77.8	77.5
2013-07-30	19178.0	0.0	465.0	17387.0	18124.0	1791.0	589.0	67.5	60.7	73.2	72.2
2013-09-24	15221.0	1458.0	0.0	10437.0	14702.0	3234.0	427.0	43.7	66.4	59.6	84.9
2013-10-01	15779.0	1458.0	0.0	11208.0	15136.0	2897.0	427.0	42.2	66.8	57.1	83.1
2013-10-08	10349.0	1488.0	0.0	6498.0	9822.0	2177.0	341.0	37.4	79.3	57.4	87.1
2013-10-15	11549.0	1728.0	0.0	7428.0	11024.0	2207.0	339.0	34.6	69.5	52.4	80.1
2013-10-22	17845.0	5880.0	0.0	9152.0	17288.0	2627.0	371.0	48.9	68.6	63.4	80.2
2013-10-29	19225.0	5550.0	0.0	10562.0	18100.0	2777.0	789.0	47.2	65.1	60.3	77.6
2013-11-26	16163.0	4183.0	865.0	8528.0	13895.0	3206.0	1157.0	54.0	52.5	63.2	73.3
2013-12-03	16628.0	4183.0	710.0	8776.0	14360.0	3268.0	1157.0	52.5	53.8	61.4	71.6
2014-03-25	16717.0	6591.0	941.0	7705.0	15195.0	2421.0	581.0	64.9	53.5	83.8	82.5
2014-04-01	17055.0	6621.0	851.0	7983.0	15383.0	2451.0	821.0	63.7	53.0	84.0	81.6
2014-04-29	17923.0	7086.0	510.0	9250.0	16499.0	1587.0	914.0	70.1	60.8	89.2	86.7
2014-07-01	14369.0	854.0	1105.0	9288.0	10929.0	2319.0	427.0	50.8	50.3	67.4	72.7
2014-07-22	15943.0	0.0	3958.0	13425.0	10697.0	1540.0	310.0	66.4	60.9	79.4	75.8
2014-08-26	20339.0	0.0	6077.0	19446.0	13741.0	893.0	521.0	71.6	68.8	88.4	86.3
2014-09-02	20009.0	0.0	6407.0	18995.0	12871.0	1014.0	731.0	72.8	71.7	89.4	87.9
2014-09-16	18642.0	314.0	4450.0	17815.0	13434.0	393.0	638.0	70.8	78.4	91.2	91.0
2014-09-23	21090.0	438.0	5070.0	19892.0	15016.0	640.0	884.0	69.5	74.0	88.2	86.5
2014-09-30	23358.0	1387.0	4454.0	20841.0	18144.0	1010.0	640.0	62.0	69.1	79.3	85.0
2014-10-07	17418.0	1507.0	2204.0	13525.0	13508.0	2386.0	1706.0	60.8	66.3	74.4	77.7
2014-10-14	17808.0	1507.0	2204.0	13975.0	13898.0	2326.0	1706.0	61.9	66.0	75.3	77.8
2014-10-21	18288.0	1537.0	2084.0	14519.0	14318.0	2232.0	1886.0	61.8	62.9	75.8	75.9
2014-10-28	18408.0	1087.0	2084.0	16035.0	15322.0	1046.0	762.0	64.2	64.5	79.0	82.8
2014-11-04	18828.0	1087.0	217.0	16305.0	16901.0	1196.0	1470.0	63.5	59.9	78.2	79.4
2015-03-24	16853.0	0.0	465.0	15780.0	14399.0	1011.0	1927.0	79.2	75.2	88.5	83.6
2015-03-31	17547.0	0.0	465.0	16204.0	14759.0	1281.0	2261.0	75.5	68.9	85.9	79.1
2015-05-12	24024.0	0.0	922.0	22394.0	22606.0	1630.0	496.0	83.7	71.5	91.2	93.5
2015-05-19	27080.0	0.0	682.0	25029.0	25722.0	2051.0	676.0	76.0	68.5	87.0	91.0
2015-05-26	30900.0	0.0	682.0	28694.0	29122.0	2206.0	1096.0	68.7	66.2	82.3	85.1
2015-06-02	31932.0	0.0	682.0	29696.0	29851.0	2236.0	1399.0	66.9	65.2	80.6	82.4
2015-06-16	28119.0	0.0	0.0	26629.0	26904.0	1490.0	1215.0	72.7	64.8	82.4	83.8
2015-06-23	30615.0	0.0	0.0	29089.0	29611.0	1526.0	1004.0	71.5	61.1	82.2	82.2
2015-06-30	33591.0	1209.0	0.0	30980.0	32060.0	1402.0	1531.0	66.8	61.3	80.3	81.4
2015-07-07	26841.0	1209.0	0.0	24647.0	25880.0	985.0	961.0	75.1	63.1	88.3	87.8
2015-07-14	27523.0	1209.0	0.0	25329.0	26562.0	985.0	961.0	74.8	61.8	87.7	86.3
2015-07-21	27647.0	1209.0	0.0	25453.0	26562.0	985.0	1085.0	74.0	61.2	87.5	85.7
2015-07-28	29693.0	713.0	465.0	27437.0	27399.0	1047.0	1333.0	69.7	56.0	82.3	82.5
2015-08-04	29755.0	713.0	403.0	27437.0	27430.0	1109.0	1426.0	69.6	55.9	82.2	82.4
2015-08-11	20912.0	0.0	899.0	20144.0	19207.0	768.0	806.0	85.0	60.4	96.2	88.1
2015-08-18	21152.0	0.0	899.0	20384.0	19447.0	768.0	806.0	84.0	60.4	96.2	88.3
2015-08-25	23492.0	0.0	2579.0	22394.0	19659.0	1098.0	1254.0	69.2	53.2	84.4	80.8
2015-09-01	24182.0	0.0	3269.0	23024.0	19629.0	1158.0	1284.0	67.4	51.2	81.4	74.5
2015-09-08	18974.0	0.0	2370.0	18220.0	16064.0	754.0	540.0	72.0	58.5	79.1	80.7
2015-09-15	21102.0	0.0	2370.0	18828.0	18161.0	2274.0	571.0	69.9	61.1	75.1	82.5
2015-09-22	22795.0	558.0	2370.0	20720.0	18874.0	1517.0	1551.0	68.5	54.5	77.0	77.8
2015-09-29	24407.0	0.0	2370.0	22856.0	20083.0	1551.0	1954.0	63.6	47.9	73.1	69.2
2015-10-06	19191.0	0.0	240.0	17994.0	16652.0	1197.0	2299.0	78.1	54.0	86.2	76.4
2015-10-13	19221.0	0.0	270.0	18024.0	16532.0	1197.0	2419.0	78.0	53.4	86.2	75.7
2015-10-20	19524.0	0.0	599.0	18117.0	17297.0	1376.0	1597.0	76.8	50.6	85.5	74.7
2015-10-27	22075.0	0.0	1109.0	20793.0	19098.0	1251.0	1837.0	72.5	48.3	82.6	71.4
2015-11-03	22404.0	0.0	1109.0	20702.0	19059.0	1551.0	2085.0	71.3	45.8	81.3	67.6
2015-11-10	18157.0	0.0	1140.0	16889.0	14425.0	1148.0	2472.0	78.8	58.3	89.2	74.1
2015-11-17	19025.0	0.0	1760.0	17787.0	14611.0	1118.0	2534.0	78.8	51.6	88.4	70.8
2015-11-24	20482.0	0.0	2442.0	19177.0	15045.0	1185.0	2875.0	75.4	47.7	87.8	68.0
2015-12-01	20823.0	0.0	2442.0	19611.0	15386.0	1092.0	2875.0	74.2	48.5	87.0	68.5
2015-12-08	17199.0	0.0	1302.0	16649.0	13041.0	550.0	2856.0	78.1	57.8	89.4	73.9
2015-12-15	17230.0	0.0	1302.0	16680.0	13010.0	550.0	2918.0	78.0	55.7	89.3	71.8
2015-12-22	23476.0	0.0	1860.0	22864.0	18636.0	612.0	2980.0	76.6	62.5	86.1	73.3
2015-12-29	22942.0	0.0	1612.0	22206.0	17854.0	736.0	3476.0	72.1	55.0	84.4	69.0
2016-01-05	22973.0	0.0	1550.0	22206.0	17916.0	767.0	3507.0	72.0	54.9	84.3	68.6
2016-03-22	22473.0	757.0	458.0	19416.0	19039.0	1897.0	2573.0	65.0	53.3	75.3	65.1
2016-03-29	25854.0	727.0	308.0	24021.0	23066.0	703.0	2077.0	59.6	53.1	78.2	67.7
2016-04-05	23637.0	1866.0	0.0	20678.0	21813.0	1093.0	1824.0	61.2	63.9	86.5	81.4
2016-04-12	26526.0	1866.0	0.0	22138.0	24642.0	2522.0	1884.0	60.0	66.2	82.6	83.4
2016-04-19	26588.0	1866.0	0.0	22200.0	24642.0	2522.0	1946.0	59.9	65.1	82.6	83.2
2016-04-26	29626.0	1835.0	647.0	26536.0	26378.0	1255.0	2601.0	62.1	57.0	83.7	77.0
2016-05-03	31193.0	2486.0	616.0	27388.0	28131.0	1319.0	2446.0	60.4	57.3	83.9	77.8
2016-05-10	29333.0	2156.0	550.0	26034.0	26811.0	957.0	1786.0	71.8	58.8	86.9	79.0
2016-05-17	31321.0	2156.0	880.0	27962.0	28161.0	1017.0	2094.0	72.6	55.8	87.2	76.8
2016-05-24	33871.0	1976.0	1420.0	30850.0	29965.0	859.0	2300.0	71.2	54.5	85.5	73.2
2016-05-31	34771.0	1256.0	706.0	31876.0	30685.0	949.0	2690.0	69.4	51.1	81.4	69.0
2016-06-07	27765.0	171.0	210.0	26088.0	24035.0	816.0	2830.0	75.9	62.1	84.2	77.7
2016-06-14	28509.0	171.0	210.0	26708.0	24775.0	940.0	2834.0	74.2	60.5	84.2	76.6
2016-06-21	30208.0	0.0	411.0	28624.0	26558.0	940.0	2595.0	69.8	53.4	81.0	72.1
2016-06-28	32905.0	0.0	635.0	31466.0	28845.0	795.0	2781.0	64.4	48.9	75.8	69.0
2016-07-05	32844.0	0.0	635.0	30145.0	28784.0	2055.0	2781.0	62.7	50.1	73.9	70.2
2016-07-12	27043.0	179.0	372.0	25937.0	24357.0	679.0	2066.0	67.9	56.1	78.1	74.5
2016-07-19	29198.0	0.0	1431.0	27998.0	25613.0	833.0	1787.0	70.7	53.0	80.6	72.4
2016-07-26	33497.0	0.0	997.0	32112.0	28758.0	1018.0	3375.0	70.1	46.1	81.1	64.8
2016-08-02	33466.0	0.0	718.0	30903.0	29564.0	2196.0	2817.0	68.4	46.2	78.8	66.3
2016-08-09	29084.0	0.0	222.0	28040.0	23668.0	677.0	4827.0	79.2	54.6	87.6	68.4
2016-08-16	28964.0	0.0	402.0	28040.0	23578.0	707.0	4767.0	79.6	53.9	88.0	67.8
2016-08-23	30824.0	0.0	1152.0	29600.0	24658.0	1007.0	4797.0	75.9	50.1	87.1	67.6
2016-08-30	31545.0	0.0	492.0	30081.0	25769.0	1247.0	5067.0	75.7	48.8	85.8	66.2
2016-09-13	24945.0	0.0	337.0	23280.0	19918.0	1665.0	4690.0	78.9	62.4	86.1	72.8
2016-09-20	26371.0	0.0	678.0	24706.0	21124.0	1665.0	4569.0	77.2	60.3	84.7	72.2
2016-09-27	27985.0	0.0	523.0	25886.0	22831.0	2099.0	4631.0	72.7	53.9	81.7	69.3
2016-10-04	28814.0	0.0	1081.0	26990.0	24967.0	1824.0	2766.0	68.9	51.0	77.4	68.4
2016-10-11	24254.0	0.0	1321.0	23386.0	20371.0	868.0	2562.0	74.7	57.7	81.7	72.6
2016-10-18	26422.0	0.0	61.0	24226.0	22899.0	1296.0	2562.0	70.1	57.5	79.1	72.3
2016-10-25	27930.0	0.0	961.0	25576.0	23837.0	1844.0	2622.0	65.3	51.4	75.5	71.0
2016-11-01	28865.0	0.0	811.0	26031.0	24381.0	1994.0	2833.0	62.9	49.8	72.6	68.3
2016-11-08	23161.0	840.0	690.0	19704.0	19800.0	2617.0	2671.0	66.4	56.9	73.8	71.1
2016-11-15	24711.0	0.0	997.0	21285.0	20172.0	2586.0	2702.0	63.7	53.4	70.1	65.1
2016-11-22	26540.0	0.0	966.0	22959.0	22026.0	2741.0	2708.0	59.4	48.7	68.1	62.4
2016-11-29	27430.0	34.0	690.0	23579.0	23011.0	3011.0	2923.0	55.6	47.0	65.5	59.4
2016-12-27	25220.0	0.0	1581.0	21766.0	19871.0	3454.0	3768.0	61.3	49.5	68.5	64.5
2017-01-03	25065.0	0.0	1581.0	21704.0	19685.0	3361.0	3799.0	60.6	49.6	67.5	63.0
