2013-07-16	166855.0	26609.0	11812.0	123941.0	138713.0	957.0	982.0	19.5	28.6	32.2	41.7
2013-07-23	169883.0	26429.0	12202.0	127446.0	141461.0	663.0	875.0	18.1	26.4	30.7	38.9
2013-07-30	170324.0	25890.0	13038.0	127478.0	140593.0	946.0	683.0	18.4	26.0	29.9	37.5
2013-08-06	161181.0	25157.0	9688.0	119524.0	134287.0	383.0	1089.0	18.9	26.5	29.1	37.1
2013-08-13	162146.0	25562.0	9132.0	120554.0	136598.0	510.0	896.0	18.2	25.6	28.6	37.9
2013-08-20	162622.0	24877.0	8427.0	120800.0	136829.0	555.0	976.0	17.7	25.6	27.6	38.2
2013-08-27	162795.0	24189.0	8540.0	121502.0	137341.0	595.0	405.0	17.7	26.3	28.3	38.8
2013-09-03	162724.0	22947.0	8513.0	122488.0	137029.0	575.0	468.0	17.5	27.0	27.8	38.9
2013-09-10	155580.0	22367.0	7641.0	118423.0	133442.0	694.0	401.0	18.3	28.0	28.3	40.0
2013-09-17	159287.0	23084.0	7934.0	121251.0	136209.0	653.0	845.0	17.8	27.5	27.8	39.9
2013-09-24	160928.0	22190.0	7771.0	123831.0	138484.0	760.0	526.0	17.7	26.7	28.5	39.6
2013-10-01	163567.0	22769.0	7295.0	126549.0	142281.0	825.0	567.0	17.1	27.0	27.4	39.7
2013-10-08	159160.0	21896.0	7413.0	123587.0	138178.0	702.0	594.0	18.2	27.7	29.0	40.1
2013-10-15	159370.0	20282.0	5918.0	125303.0	139879.0	870.0	658.0	18.1	27.2	29.2	39.0
2013-10-22	163080.0	19439.0	6445.0	129840.0	143045.0	722.0	511.0	16.7	25.1	27.4	36.4
2013-10-29	162968.0	17516.0	7912.0	131823.0	141640.0	679.0	466.0	16.9	23.0	26.4	33.7
2013-11-05	155865.0	18775.0	7992.0	126435.0	137365.0	503.0	356.0	16.1	21.2	26.0	32.6
2013-11-12	158606.0	19511.0	7590.0	127477.0	139586.0	693.0	505.0	16.5	20.9	26.2	32.4
2013-11-19	160413.0	20632.0	9636.0	128761.0	139817.0	544.0	484.0	18.3	20.8	28.8	33.7
2013-11-26	161817.0	21568.0	9281.0	129924.0	142293.0	566.0	484.0	19.2	21.4	29.7	35.0
2013-12-03	163434.0	21606.0	9541.0	131145.0	143413.0	687.0	484.0	20.1	21.5	30.3	35.9
2013-12-10	156527.0	22159.0	9175.0	125054.0	138058.0	507.0	487.0	21.2	21.2	32.4	36.9
2013-12-17	156623.0	21317.0	8466.0	125797.0	138860.0	699.0	487.0	21.3	21.2	32.3	34.0
2013-12-24	155704.0	21249.0	9598.0	125294.0	137072.0	614.0	487.0	23.5	21.2	33.5	34.5
2014-01-07	148661.0	19731.0	7700.0	119741.0	132071.0	1021.0	722.0	23.8	21.8	34.7	35.5
2014-01-14	158155.0	18824.0	7193.0	129358.0	141228.0	981.0	742.0	23.9	20.9	34.7	34.4
2014-01-21	159693.0	19475.0	5900.0	128967.0	142802.0	1108.0	848.0	23.9	20.9	33.4	34.7
2014-01-28	162828.0	19730.0	4218.0	130345.0	146111.0	1122.0	868.0	24.7	20.2	34.0	33.6
2014-02-04	159019.0	19447.0	5384.0	127717.0	141823.0	1019.0	976.0	25.1	20.0	33.4	33.4
2014-02-11	150641.0	19465.0	5340.0	120726.0	134833.0	893.0	911.0	25.2	20.6	34.6	35.0
2014-02-18	150401.0	17519.0	5393.0	121705.0	133660.0	1040.0	1211.0	24.7	18.8	34.8	33.5
2014-02-25	151873.0	15595.0	6160.0	123758.0	133153.0	1253.0	1293.0	25.5	17.8	35.3	31.5
2014-03-04	149159.0	15531.0	5809.0	120905.0	130368.0	1308.0	1567.0	25.1	18.4	35.1	32.1
2014-03-11	143991.0	15828.0	6239.0	115864.0	125431.0	1170.0	1192.0	23.6	19.4	34.5	32.2
2014-03-18	147641.0	15583.0	5675.0	118450.0	128271.0	1169.0	1256.0	20.7	19.5	33.0	32.1
2014-03-25	150544.0	16037.0	6452.0	120183.0	129805.0	1190.0	1153.0	20.4	19.6	32.3	31.9
2014-04-01	150883.0	15051.0	7715.0	121053.0	128792.0	1533.0	1130.0	19.8	18.9	32.0	31.5
2014-04-08	146787.0	15844.0	7590.0	115299.0	123998.0	1192.0	747.0	17.8	19.4	30.2	30.5
2014-04-15	147190.0	16369.0	7747.0	114734.0	123628.0	1296.0	1024.0	17.9	19.1	31.2	31.1
2014-04-22	147771.0	14507.0	7801.0	115856.0	123006.0	1105.0	661.0	18.2	18.7	31.5	30.4
2014-04-29	149252.0	13898.0	8399.0	116973.0	122705.0	1082.0	849.0	16.3	18.6	28.5	29.5
2014-05-06	145826.0	14621.0	8266.0	113735.0	120535.0	953.0	508.0	16.9	19.6	29.7	29.9
2014-05-13	150366.0	15675.0	7470.0	116299.0	125010.0	806.0	300.0	17.5	19.5	28.7	29.5
2014-05-20	152335.0	17528.0	8320.0	117927.0	127600.0	764.0	299.0	17.4	18.4	29.0	28.7
2014-05-27	150306.0	16186.0	7697.0	117170.0	126057.0	890.0	492.0	18.9	18.8	30.8	28.7
2014-06-03	153817.0	17728.0	7381.0	118867.0	129571.0	957.0	600.0	18.9	18.9	31.6	28.9
2014-06-10	148591.0	18522.0	7527.0	113154.0	124596.0	959.0	512.0	19.2	19.7	33.3	30.3
2014-06-17	152767.0	18287.0	6698.0	115840.0	127812.0	1239.0	856.0	18.8	18.4	30.9	28.9
2014-06-24	155786.0	19011.0	8230.0	118859.0	129704.0	794.0	730.0	19.8	17.6	32.2	28.5
2014-07-01	157292.0	20748.0	8132.0	118613.0	131338.0	1269.0	1160.0	18.9	17.6	31.9	28.2
2014-07-08	152063.0	22579.0	8288.0	113515.0	127634.0	663.0	835.0	20.8	17.9	32.8	30.0
2014-07-15	153074.0	26740.0	8152.0	111034.0	129621.0	747.0	748.0	20.9	17.5	33.0	29.5
2014-07-22	152355.0	26999.0	6808.0	109117.0	129266.0	726.0	768.0	20.1	17.7	33.1	29.6
2014-07-29	153127.0	28053.0	6825.0	108487.0	129629.0	726.0	812.0	20.1	17.4	33.7	29.1
2014-08-05	143968.0	27771.0	6453.0	101337.0	122627.0	742.0	770.0	21.6	20.5	34.9	33.8
2014-08-12	145379.0	25388.0	5877.0	104884.0	124754.0	783.0	424.0	23.0	21.2	35.7	34.4
2014-08-19	147586.0	25791.0	6368.0	107193.0	126546.0	700.0	770.0	23.7	21.9	36.8	36.3
2014-08-26	147677.0	25914.0	6762.0	106806.0	125930.0	720.0	748.0	23.7	22.4	36.6	35.7
2014-09-02	149041.0	24945.0	7107.0	108570.0	126102.0	785.0	1091.0	23.8	22.0	36.9	34.7
2014-09-09	147038.0	24456.0	8117.0	106891.0	122829.0	657.0	1058.0	23.9	22.5	36.2	36.4
2014-09-16	149583.0	24062.0	7703.0	108933.0	125191.0	977.0	1078.0	23.9	22.0	36.2	36.0
2014-09-23	150121.0	24695.0	8392.0	109296.0	125354.0	788.0	1033.0	22.8	21.7	35.2	34.8
2014-09-30	150406.0	23369.0	7902.0	108725.0	124503.0	678.0	367.0	21.7	17.2	33.4	29.2
2014-10-07	141854.0	22334.0	8529.0	102661.0	116270.0	402.0	598.0	21.5	17.1	34.4	29.3
2014-10-14	143598.0	22070.0	8740.0	104366.0	117392.0	358.0	662.0	20.2	16.7	33.8	29.1
2014-10-21	144305.0	20274.0	9337.0	107023.0	117621.0	317.0	656.0	20.9	16.5	34.3	28.7
2014-10-28	143324.0	19570.0	9723.0	107339.0	116884.0	295.0	597.0	21.5	17.1	34.0	29.0
2014-11-04	142286.0	15727.0	9042.0	110162.0	116567.0	295.0	575.0	22.4	16.6	34.1	28.2
2014-11-11	136481.0	16218.0	9463.0	104889.0	112065.0	1100.0	679.0	25.9	16.3	38.0	28.9
2014-11-18	137896.0	16295.0	9614.0	105833.0	112852.0	1037.0	699.0	27.7	16.5	39.6	29.7
2014-11-25	139811.0	17597.0	9851.0	107314.0	115588.0	1015.0	487.0	25.2	18.0	37.5	31.4
2014-12-02	141247.0	16797.0	9847.0	110524.0	117983.0	1037.0	528.0	29.5	17.6	40.9	31.1
2014-12-09	134303.0	17314.0	9594.0	104308.0	112601.0	938.0	365.0	28.1	16.5	39.8	31.1
2014-12-16	137153.0	17912.0	11046.0	106459.0	113960.0	1000.0	365.0	28.2	19.0	40.2	34.0
2014-12-23	139522.0	15703.0	11594.0	110655.0	115099.0	1000.0	665.0	29.2	18.8	42.1	33.5
2014-12-30	138872.0	15898.0	10240.0	109475.0	115487.0	1102.0	748.0	29.5	19.1	42.2	34.3
2015-01-06	133016.0	16199.0	8474.0	104324.0	112420.0	1077.0	706.0	30.0	19.9	43.0	34.9
2015-01-13	134507.0	16327.0	9596.0	106433.0	113537.0	866.0	493.0	29.7	18.6	42.5	33.9
2015-01-20	135284.0	16341.0	10062.0	107262.0	113910.0	928.0	559.0	27.9	19.4	41.0	34.8
2015-01-27	140372.0	18748.0	9464.0	110051.0	120001.0	1037.0	371.0	30.0	20.7	42.4	35.3
2015-02-03	141669.0	19490.0	7854.0	111483.0	123620.0	889.0	388.0	30.9	21.5	42.6	37.0
2015-02-10	138533.0	18822.0	7115.0	109759.0	122136.0	844.0	174.0	27.6	23.5	37.9	38.2
2015-02-17	137034.0	17421.0	7046.0	108782.0	119482.0	866.0	541.0	26.7	23.2	37.0	37.4
2015-02-24	138939.0	16132.0	8113.0	111652.0	120321.0	824.0	174.0	25.9	23.1	36.6	36.9
2015-03-03	139239.0	15125.0	8269.0	112988.0	120392.0	746.0	198.0	25.6	22.7	36.6	36.0
2015-03-10	129109.0	15908.0	8844.0	102822.0	109863.0	814.0	837.0	27.4	21.8	39.2	35.6
2015-03-17	131725.0	16582.0	9624.0	104776.0	111710.0	738.0	762.0	26.1	20.9	38.4	34.3
2015-03-24	133837.0	16967.0	10724.0	106476.0	112732.0	703.0	690.0	26.0	20.3	38.1	33.8
2015-03-31	135690.0	16473.0	9943.0	108303.0	114813.0	621.0	641.0	26.2	20.1	37.2	32.5
2015-04-07	132747.0	15940.0	9382.0	106222.0	113207.0	579.0	152.0	26.6	20.6	38.2	34.0
2015-04-14	133552.0	16300.0	9605.0	106662.0	113378.0	557.0	536.0	27.9	20.6	37.6	33.4
2015-04-21	139186.0	16020.0	10943.0	111622.0	117147.0	1386.0	938.0	28.2	20.9	37.4	32.8
2015-04-28	142397.0	15776.0	11470.0	115850.0	120499.0	512.0	169.0	26.9	20.0	36.3	33.4
2015-05-05	138392.0	16723.0	10381.0	107615.0	114383.0	725.0	299.0	27.6	21.3	37.2	35.6
2015-05-12	142924.0	15533.0	8839.0	113229.0	120259.0	723.0	387.0	30.3	24.5	39.7	37.8
2015-05-19	145644.0	14686.0	9357.0	116756.0	122508.0	809.0	386.0	29.8	24.0	39.4	37.3
2015-05-26	147588.0	15789.0	9907.0	118319.0	124373.0	427.0	255.0	30.3	24.4	40.2	38.1
2015-06-02	148694.0	16857.0	9722.0	118444.0	125888.0	559.0	250.0	29.1	23.5	37.9	34.2
2015-06-09	144955.0	16264.0	8503.0	114837.0	122941.0	471.0	128.0	29.5	22.9	38.7	33.7
2015-06-16	146243.0	14447.0	8404.0	116853.0	123131.0	363.0	128.0	28.1	22.5	37.2	32.9
2015-06-23	147144.0	16567.0	8546.0	117173.0	125217.0	151.0	128.0	27.9	21.2	36.5	31.5
2015-06-30	151378.0	17613.0	8655.0	119948.0	128477.0	170.0	599.0	30.0	20.0	36.5	30.0
2015-07-07	143823.0	16978.0	7667.0	112867.0	122324.0	787.0	641.0	30.9	21.1	37.0	32.3
2015-07-14	144916.0	16275.0	8761.0	115351.0	123011.0	702.0	556.0	29.9	20.1	36.0	30.8
2015-07-21	146502.0	16328.0	9365.0	117241.0	124350.0	661.0	515.0	29.5	19.8	35.7	31.1
2015-07-28	148007.0	16667.0	8881.0	118506.0	126440.0	663.0	515.0	27.6	20.0	33.9	31.4
2015-08-04	146454.0	15339.0	8423.0	118336.0	124549.0	842.0	1545.0	27.8	19.6	33.6	30.5
2015-08-11	137052.0	14702.0	5836.0	109896.0	118869.0	681.0	574.0	28.9	20.4	35.4	32.2
2015-08-18	137590.0	13634.0	5601.0	111574.0	119524.0	448.0	531.0	29.1	20.4	35.6	31.6
2015-08-25	138021.0	14479.0	4763.0	111708.0	121726.0	448.0	146.0	29.1	20.3	35.4	32.0
2015-09-01	142057.0	16842.0	5221.0	112897.0	125181.0	918.0	255.0	28.1	18.4	34.6	29.5
2015-09-08	134373.0	17371.0	3252.0	106035.0	120414.0	448.0	188.0	29.4	19.0	35.7	30.9
2015-09-15	133422.0	17207.0	4656.0	108415.0	121290.0	534.0	210.0	29.8	19.8	36.2	31.3
2015-09-22	137190.0	19380.0	6091.0	109957.0	123581.0	616.0	281.0	30.5	20.7	36.8	31.1
2015-09-29	140505.0	19670.0	6694.0	113263.0	126422.0	531.0	348.0	30.3	20.9	36.0	30.7
2015-10-06	136637.0	20669.0	5653.0	108115.0	123510.0	571.0	192.0	29.4	21.7	35.8	32.1
2015-10-13	138036.0	20874.0	6101.0	109146.0	124487.0	886.0	318.0	28.7	21.2	34.7	31.5
2015-10-20	138924.0	21118.0	6599.0	109563.0	124730.0	968.0	320.0	27.2	20.9	33.4	30.7
2015-10-27	139201.0	21223.0	6934.0	109500.0	124203.0	1031.0	617.0	27.1	20.1	33.3	30.1
2015-11-03	140718.0	21193.0	7449.0	110786.0	124989.0	909.0	450.0	26.3	20.3	32.3	30.3
2015-11-10	134317.0	21331.0	7943.0	104798.0	118649.0	865.0	402.0	29.2	20.7	35.6	31.7
2015-11-17	136565.0	21156.0	8041.0	106514.0	120055.0	823.0	397.0	30.2	19.8	36.3	30.8
2015-11-24	138010.0	20518.0	9049.0	107523.0	119228.0	636.0	400.0	30.4	18.7	35.8	29.5
2015-12-01	138780.0	21183.0	9657.0	108277.0	120123.0	698.0	378.0	30.9	18.7	36.2	29.3
2015-12-08	133225.0	22210.0	11090.0	103558.0	114953.0	680.0	405.0	32.7	17.7	38.4	27.2
2015-12-15	136228.0	21236.0	11734.0	106823.0	116706.0	680.0	299.0	30.8	18.3	36.6	28.4
2015-12-22	138057.0	20180.0	12837.0	109056.0	116737.0	700.0	362.0	30.1	19.4	37.8	29.9
2015-12-29	140002.0	19812.0	12451.0	111096.0	118536.0	461.0	382.0	29.7	19.2	38.0	29.6
2016-01-05	140459.0	20279.0	11074.0	110811.0	118767.0	642.0	1891.0	30.2	19.3	38.9	29.8
2016-01-12	135792.0	20418.0	9847.0	105746.0	116451.0	712.0	578.0	31.4	20.1	40.4	32.0
2016-01-19	137438.0	21433.0	11200.0	106662.0	116996.0	676.0	575.0	31.4	19.6	40.1	29.5
2016-01-26	139087.0	21956.0	12104.0	108221.0	118213.0	696.0	556.0	30.8	19.4	39.1	29.7
2016-02-02	141300.0	24578.0	10075.0	107879.0	120800.0	929.0	2511.0	29.2	19.3	36.9	28.5
2016-02-09	133255.0	24133.0	10125.0	101556.0	115692.0	662.0	534.0	31.5	19.6	40.9	30.2
2016-02-16	139007.0	23682.0	11265.0	107716.0	120199.0	577.0	511.0	34.8	22.5	42.7	31.2
2016-02-23	143351.0	23001.0	11143.0	110789.0	122825.0	689.0	511.0	35.5	22.6	42.3	32.1
2016-03-01	147520.0	23259.0	14187.0	114747.0	123972.0	643.0	490.0	35.9	21.4	43.7	30.8
2016-03-08	139487.0	24869.0	11256.0	105383.0	119532.0	794.0	258.0	39.6	23.1	46.8	33.6
2016-03-15	141521.0	24719.0	10843.0	106963.0	121420.0	816.0	235.0	39.5	22.1	46.7	33.4
2016-03-22	141214.0	24971.0	10887.0	106360.0	120767.0	558.0	235.0	38.4	23.0	46.5	34.0
2016-03-29	143015.0	27030.0	9937.0	106000.0	123308.0	516.0	301.0	36.7	23.0	45.1	33.9
2016-04-05	135718.0	28352.0	7676.0	98799.0	119579.0	467.0	363.0	39.9	25.2	48.5	37.7
2016-04-12	137044.0	27586.0	7975.0	100399.0	120261.0	679.0	428.0	39.7	25.3	48.1	38.2
2016-04-19	137804.0	23004.0	8576.0	104920.0	119602.0	1041.0	787.0	37.4	25.3	45.3	37.2
2016-04-26	141425.0	24818.0	10393.0	107323.0	121895.0	956.0	809.0	36.6	24.7	46.8	37.0
2016-05-03	143142.0	24628.0	12380.0	109220.0	121619.0	996.0	845.0	38.0	23.3	46.5	35.9
2016-05-10	138068.0	23998.0	11188.0	105215.0	118089.0	784.0	720.0	38.4	22.7	47.3	36.9
2016-05-17	138306.0	25107.0	10671.0	103840.0	118342.0	679.0	613.0	39.7	23.9	48.1	36.6
2016-05-24	139453.0	25875.0	11610.0	103839.0	118165.0	787.0	726.0	39.3	23.7	47.5	36.4
2016-05-31	139980.0	25655.0	11188.0	103719.0	118292.0	851.0	745.0	38.3	24.3	46.7	37.0
2016-06-07	136009.0	25418.0	12076.0	100758.0	114436.0	745.0	409.0	39.0	26.8	47.4	40.2
2016-06-14	136293.0	25076.0	11890.0	101184.0	114581.0	597.0	386.0	38.5	25.2	47.0	38.4
2016-06-21	136726.0	26732.0	12320.0	101001.0	115541.0	577.0	449.0	38.9	25.6	47.9	39.0
2016-06-28	137531.0	26965.0	11755.0	101822.0	117052.0	570.0	550.0	39.8	26.6	49.1	39.9
2016-07-05	139264.0	27094.0	11689.0	103098.0	117908.0	947.0	1542.0	40.5	26.4	49.5	39.7
2016-07-12	138247.0	26074.0	9667.0	103404.0	118663.0	760.0	1908.0	41.4	28.4	51.1	42.7
2016-07-19	132716.0	26132.0	10310.0	98730.0	114402.0	480.0	630.0	40.2	29.2	49.9	43.6
2016-07-26	135416.0	26247.0	12751.0	100548.0	113850.0	551.0	745.0	41.3	27.9	51.0	42.0
2016-08-02	135825.0	25989.0	11630.0	101753.0	114116.0	1006.0	3002.0	40.8	27.7	50.5	41.8
2016-08-09	128074.0	25756.0	9430.0	95346.0	111439.0	390.0	623.0	41.1	29.6	51.0	43.3
2016-08-16	130413.0	26562.0	8352.0	96269.0	114246.0	369.0	602.0	42.2	29.4	51.3	44.1
2016-08-23	132947.0	27095.0	8271.0	97032.0	115665.0	432.0	623.0	40.1	29.8	49.1	43.0
2016-08-30	134202.0	27182.0	8677.0	98538.0	116785.0	474.0	732.0	40.1	29.3	49.3	42.4
2016-09-06	127480.0	27233.0	8494.0	92631.0	111242.0	589.0	717.0	39.7	30.6	49.7	43.9
2016-09-13	128284.0	27393.0	9260.0	93274.0	111300.0	652.0	759.0	39.2	30.1	49.2	43.2
2016-09-20	130047.0	28986.0	9411.0	93502.0	113012.0	673.0	738.0	38.0	30.1	48.2	43.8
2016-09-27	131204.0	27139.0	9535.0	95757.0	113275.0	736.0	822.0	38.5	29.9	48.3	43.6
2016-10-04	131538.0	26598.0	9548.0	95795.0	112802.0	1619.0	1662.0	39.1	31.0	48.6	44.2
2016-10-11	127106.0	27623.0	10453.0	92616.0	109723.0	507.0	570.0	39.6	31.4	49.4	44.2
2016-10-18	126092.0	27010.0	11541.0	91853.0	107216.0	506.0	612.0	40.3	31.2	50.3	45.5
2016-10-25	125191.0	26465.0	12797.0	91791.0	105311.0	632.0	780.0	40.6	31.2	51.2	45.2
2016-11-01	127982.0	27489.0	11657.0	92730.0	108372.0	632.0	822.0	40.6	31.0	51.1	46.2
2016-11-08	121909.0	25984.0	9887.0	88511.0	104307.0	672.0	973.0	41.4	31.1	52.7	46.4
2016-11-15	121459.0	26029.0	10361.0	88572.0	104197.0	610.0	653.0	41.6	31.1	51.9	46.5
2016-11-22	122764.0	25675.0	9295.0	89888.0	106097.0	694.0	865.0	41.7	32.3	51.6	47.6
2016-11-29	127788.0	27507.0	10274.0	93662.0	110542.0	701.0	1054.0	41.2	32.6	50.2	47.4
2016-12-06	121882.0	25885.0	10363.0	90013.0	105361.0	545.0	719.0	40.0	33.1	49.9	48.2
2016-12-13	124723.0	27756.0	10434.0	91621.0	108747.0	440.0	636.0	39.0	34.5	49.8	49.0
2016-12-20	127879.0	27355.0	10292.0	94518.0	111791.0	503.0	293.0	39.1	35.0	50.3	49.6
2016-12-27	127491.0	28714.0	11174.0	92705.0	110411.0	459.0	293.0	37.2	33.9	48.1	49.1
2017-01-03	129692.0	29202.0	12100.0	94479.0	111703.0	440.0	318.0	37.8	33.9	49.2	48.8
2017-01-10	124352.0	27716.0	13265.0	91576.0	106015.0	479.0	491.0	40.0	32.9	51.6	48.5
2017-01-17	123766.0	26046.0	14184.0	92543.0	104475.0	437.0	367.0	39.4	31.9	51.2	47.1
2017-01-24	124666.0	25292.0	15228.0	94789.0	104982.0	404.0	275.0	39.1	31.0	50.9	44.6
2017-01-31	127045.0	25444.0	17398.0	97256.0	105642.0	595.0	255.0	38.5	29.0	50.3	42.5
