2013-07-16	52615.0	2615.0	363.0	48683.0	50935.0	0.0	0.0	47.1	34.6	59.1	49.4
2013-07-23	51515.0	2602.0	336.0	47439.0	49705.0	0.0	0.0	47.3	36.7	59.3	51.9
2013-07-30	56456.0	4096.0	311.0	50913.0	54698.0	0.0	0.0	48.6	35.3	60.3	53.1
2013-08-06	54727.0	2394.0	323.0	50234.0	52305.0	0.0	0.0	50.5	34.6	60.4	52.0
2013-08-13	55886.0	1795.0	464.0	51757.0	53088.0	0.0	0.0	51.0	34.0	59.4	51.4
2013-08-20	56995.0	2161.0	418.0	52297.0	54040.0	0.0	0.0	51.2	33.7	59.1	51.2
2013-08-27	57732.0	1883.0	424.0	52728.0	54163.0	0.0	24.0	51.7	36.0	59.7	53.4
2013-09-03	56911.0	1614.0	15.0	52288.0	53887.0	24.0	24.0	55.5	43.6	67.3	62.7
2013-09-10	57513.0	1168.0	341.0	53076.0	53903.0	24.0	24.0	54.3	44.1	67.6	63.5
2013-09-17	56581.0	1192.0	313.0	52100.0	52979.0	24.0	24.0	54.8	44.5	68.7	64.0
2013-09-24	56178.0	1795.0	266.0	51380.0	52885.0	0.0	24.0	55.0	43.5	69.2	63.4
2013-10-01	52379.0	1290.0	251.0	48624.0	49663.0	0.0	0.0	57.4	44.1	71.8	66.5
2013-10-08	52733.0	1035.0	201.0	49132.0	49966.0	0.0	0.0	56.5	43.1	70.4	64.7
2013-10-15	52981.0	1365.0	201.0	49049.0	50213.0	0.0	0.0	55.5	43.1	70.2	64.8
2013-10-22	53671.0	1646.0	327.0	49381.0	50700.0	0.0	0.0	55.1	42.2	69.8	63.8
2013-10-29	54408.0	1322.0	776.0	50315.0	50861.0	0.0	0.0	53.0	43.2	69.5	64.2
2013-11-05	51228.0	1595.0	678.0	47053.0	47970.0	0.0	0.0	53.5	44.3	70.1	64.7
2013-11-12	51814.0	1513.0	602.0	47489.0	48400.0	0.0	0.0	52.5	42.9	68.3	62.8
2013-11-19	52153.0	1079.0	501.0	47778.0	48356.0	0.0	0.0	51.4	41.7	66.7	61.4
2013-11-26	52343.0	800.0	627.0	48069.0	48242.0	0.0	0.0	52.6	43.2	65.9	62.3
2013-12-03	48398.0	853.0	0.0	44146.0	44999.0	0.0	0.0	51.7	44.8	66.1	63.8
2013-12-10	50169.0	231.0	159.0	46086.0	46158.0	0.0	0.0	53.9	45.9	68.1	65.4
2013-12-17	51583.0	970.0	27.0	46837.0	47780.0	0.0	0.0	54.1	47.0	69.6	66.8
2013-12-24	52624.0	2159.0	26.0	47197.0	49330.0	0.0	0.0	52.0	48.3	69.5	67.9
2014-01-07	50495.0	2220.0	26.0	44777.0	46995.0	24.0	0.0	54.8	50.2	73.3	71.3
2014-01-14	52386.0	2366.0	26.0	46359.0	48723.0	24.0	0.0	55.6	48.2	71.4	69.4
2014-01-21	55666.0	2555.0	26.0	49204.0	51781.0	48.0	0.0	57.0	48.5	72.3	69.4
2014-01-28	55335.0	3299.0	26.0	48453.0	51726.0	0.0	0.0	54.4	47.9	70.3	69.1
2014-02-04	54556.0	4011.0	383.0	47505.0	51109.0	0.0	24.0	55.4	47.4	71.3	69.6
2014-02-11	55587.0	4185.0	719.0	48536.0	51978.0	0.0	24.0	54.3	47.2	70.9	69.0
2014-02-18	55942.0	5718.0	385.0	48482.0	53791.0	0.0	24.0	57.3	47.8	71.7	68.4
2014-02-25	60626.0	6417.0	228.0	52647.0	58812.0	0.0	24.0	63.8	46.9	77.6	73.1
2014-03-04	58661.0	5441.0	784.0	51781.0	56438.0	0.0	0.0	64.9	51.8	79.5	73.9
2014-03-11	57148.0	5333.0	632.0	50064.0	54765.0	0.0	0.0	64.4	51.2	78.8	72.3
2014-03-18	56448.0	4456.0	476.0	49828.0	53808.0	0.0	0.0	64.9	50.2	77.9	71.0
2014-03-25	59157.0	4587.0	477.0	52354.0	56464.0	0.0	0.0	66.0	52.2	79.0	72.5
2014-04-01	55306.0	5103.0	325.0	48611.0	53389.0	0.0	0.0	68.4	53.5	81.8	72.7
2014-04-08	54823.0	5338.0	198.0	47946.0	53086.0	0.0	0.0	69.3	53.6	81.3	72.9
2014-04-15	52610.0	6107.0	504.0	45117.0	50720.0	0.0	0.0	69.1	50.5	80.5	70.6
2014-04-22	52644.0	6209.0	472.0	44998.0	50735.0	0.0	0.0	68.3	49.0	79.7	69.1
2014-04-29	53480.0	6333.0	418.0	45606.0	51521.0	0.0	0.0	65.3	47.8	76.4	68.8
2014-05-06	51622.0	6511.0	424.0	43701.0	49788.0	0.0	0.0	66.9	48.8	76.0	68.8
2014-05-13	51800.0	6664.0	426.0	43726.0	49964.0	0.0	0.0	66.6	48.7	75.7	68.1
2014-05-20	52102.0	6990.0	221.0	43724.0	50493.0	0.0	0.0	69.1	49.4	77.8	69.9
2014-05-27	52111.0	7340.0	154.0	43341.0	50527.0	0.0	0.0	69.9	48.3	78.0	69.7
2014-06-03	51339.0	7719.0	154.0	42496.0	50061.0	0.0	0.0	74.2	47.5	80.4	71.7
2014-06-10	52189.0	8490.0	154.0	42575.0	50911.0	0.0	0.0	74.2	47.3	80.5	71.4
