2013-07-30	523919.0	0.0	0.0	523919.0	523919.0	0.0	0.0	41.2	61.3	59.0	66.1
2013-08-06	557069.0	0.0	0.0	557069.0	557069.0	0.0	0.0	43.5	65.0	62.2	69.6
2013-08-13	557069.0	0.0	0.0	557069.0	557069.0	0.0	0.0	43.5	65.0	62.2	69.6
2013-08-20	566429.0	0.0	0.0	566429.0	566429.0	0.0	0.0	42.8	63.9	61.2	70.1
2013-08-27	566429.0	0.0	0.0	566429.0	566429.0	0.0	0.0	42.8	63.9	61.2	70.1
2013-09-03	566429.0	0.0	0.0	566429.0	566429.0	0.0	0.0	42.8	63.9	61.2	70.1
2013-09-10	531933.0	0.0	0.0	531933.0	531933.0	0.0	0.0	42.2	63.7	61.4	69.9
2013-09-17	531933.0	0.0	0.0	531933.0	531933.0	0.0	0.0	42.2	63.7	61.4	69.9
2013-09-24	531933.0	0.0	0.0	531933.0	531933.0	0.0	0.0	42.2	63.7	61.4	69.9
2013-10-01	531933.0	0.0	0.0	531933.0	531933.0	0.0	0.0	42.2	63.7	61.4	69.9
2013-10-08	502733.0	0.0	0.0	502733.0	502733.0	0.0	0.0	42.8	65.9	62.9	71.2
2013-10-15	502733.0	0.0	0.0	502733.0	502733.0	0.0	0.0	43.6	65.9	62.9	71.2
2013-10-22	502733.0	0.0	0.0	502733.0	502733.0	0.0	0.0	43.6	65.9	62.9	71.2
2013-10-29	581714.0	0.0	0.0	581714.0	581714.0	0.0	0.0	49.0	67.2	65.1	72.8
2013-11-05	675250.0	0.0	0.0	675250.0	675250.0	0.0	0.0	58.7	60.1	71.4	75.0
2013-11-12	721970.0	0.0	0.0	721970.0	721970.0	0.0	0.0	61.4	61.4	73.3	76.6
2013-11-19	721970.0	0.0	0.0	721970.0	721970.0	0.0	0.0	61.4	61.4	73.3	76.6
2013-11-26	721970.0	0.0	0.0	721970.0	721970.0	0.0	0.0	61.4	61.4	73.3	76.6
2013-12-03	719698.0	0.0	0.0	719698.0	719698.0	0.0	0.0	61.6	61.6	73.5	76.9
2013-12-10	668047.0	0.0	0.0	668047.0	668047.0	0.0	0.0	62.0	61.7	74.9	77.7
2013-12-17	668047.0	0.0	0.0	668047.0	668047.0	0.0	0.0	62.0	61.7	74.9	77.7
2013-12-24	668047.0	0.0	0.0	668047.0	668047.0	0.0	0.0	60.9	61.7	74.9	77.7
2014-01-07	654380.0	0.0	0.0	654380.0	654380.0	0.0	0.0	59.2	58.1	76.5	80.5
2014-01-14	654380.0	0.0	0.0	654380.0	654380.0	0.0	0.0	59.2	58.1	76.5	80.5
2014-01-21	654380.0	0.0	0.0	654380.0	654380.0	0.0	0.0	59.2	58.1	76.5	80.5
2014-01-28	654380.0	0.0	0.0	654380.0	654380.0	0.0	0.0	59.2	58.1	76.5	80.5
2014-02-04	657900.0	0.0	0.0	657900.0	657900.0	0.0	0.0	59.4	58.3	76.7	80.6
2014-02-11	640210.0	0.0	0.0	640210.0	640210.0	0.0	0.0	57.1	62.1	74.9	82.9
2014-02-18	638175.0	0.0	0.0	638175.0	638175.0	0.0	0.0	57.2	61.7	75.2	82.5
2014-02-25	638175.0	0.0	0.0	638175.0	638175.0	0.0	0.0	57.2	61.7	75.2	82.5
2014-03-04	685135.0	0.0	0.0	685135.0	685135.0	0.0	0.0	60.2	64.3	76.9	83.7
2014-03-11	652119.0	0.0	0.0	652119.0	652119.0	0.0	0.0	63.5	64.1	77.4	84.7
2014-03-18	652119.0	0.0	0.0	652119.0	652119.0	0.0	0.0	63.5	64.1	77.4	84.7
2014-03-25	652119.0	0.0	0.0	652119.0	652119.0	0.0	0.0	63.5	64.1	77.4	84.7
2014-04-01	661447.0	0.0	0.0	661447.0	661447.0	0.0	0.0	64.0	64.6	77.7	84.9
2014-04-08	616151.0	0.0	0.0	616151.0	616151.0	0.0	0.0	66.2	68.3	79.4	86.5
2014-04-15	623255.0	0.0	0.0	623255.0	623255.0	0.0	0.0	59.2	68.5	74.7	86.5
2014-04-22	623255.0	0.0	0.0	623255.0	623255.0	0.0	0.0	57.0	68.5	73.5	86.5
2014-06-03	8100.0	0.0	0.0	7800.0	8020.0	300.0	80.0	57.2	64.7	72.5	82.5
2014-09-09	8595.0	0.0	0.0	8230.0	8555.0	365.0	40.0	52.4	72.5	67.8	85.2
2014-09-16	11645.0	0.0	0.0	11345.0	11605.0	300.0	40.0	61.7	78.7	74.2	88.8
2014-09-23	11945.0	0.0	0.0	11645.0	11905.0	300.0	40.0	61.4	77.9	74.8	87.3
2014-09-30	12545.0	0.0	0.0	12245.0	12505.0	300.0	40.0	59.5	79.0	73.2	87.9
2014-10-07	11770.0	0.0	0.0	11770.0	11740.0	0.0	30.0	60.6	80.5	75.1	89.5
2014-10-14	11870.0	0.0	0.0	11870.0	11840.0	0.0	30.0	60.1	79.9	74.5	88.7
2014-10-21	11990.0	0.0	0.0	11990.0	11840.0	0.0	150.0	59.5	78.1	73.7	86.8
2014-10-28	12150.0	0.0	0.0	12150.0	12000.0	0.0	150.0	61.5	78.4	76.1	88.2
2014-11-04	13780.0	0.0	0.0	13780.0	13630.0	0.0	150.0	61.6	81.6	76.9	90.5
2014-11-11	13210.0	0.0	0.0	13210.0	13070.0	0.0	140.0	62.3	82.1	77.4	90.7
2014-11-18	15630.0	0.0	1200.0	15630.0	14410.0	0.0	20.0	52.6	74.7	73.4	90.5
2014-11-25	15630.0	0.0	1200.0	15630.0	14410.0	0.0	20.0	52.6	74.7	73.4	90.8
2014-12-02	15995.0	0.0	1800.0	15995.0	14175.0	0.0	20.0	54.7	76.7	75.5	92.5
2014-12-09	15475.0	0.0	2400.0	15475.0	13065.0	0.0	10.0	54.8	79.9	75.8	93.8
2014-12-16	16575.0	0.0	3000.0	16575.0	13565.0	0.0	10.0	58.6	81.4	78.3	95.1
2014-12-23	16655.0	0.0	2700.0	16655.0	13945.0	0.0	10.0	56.5	79.9	77.4	93.4
2014-12-30	16825.0	0.0	2550.0	16775.0	14215.0	0.0	10.0	55.4	79.2	76.0	92.6
2015-01-06	15955.0	0.0	2550.0	15905.0	13355.0	0.0	0.0	56.0	78.1	77.3	93.2
2015-01-13	16035.0	0.0	2550.0	15985.0	13435.0	0.0	0.0	55.7	78.3	77.2	93.0
2015-01-20	16035.0	0.0	0.0	16035.0	16035.0	0.0	0.0	55.7	78.6	77.2	93.3
2015-01-27	16155.0	0.0	0.0	16155.0	16155.0	0.0	0.0	55.6	79.1	77.7	93.7
2015-02-03	16445.0	0.0	0.0	16205.0	16445.0	240.0	0.0	54.6	79.2	77.0	94.2
2015-02-10	15795.0	0.0	0.0	15555.0	15795.0	240.0	0.0	56.2	81.2	79.6	95.7
2015-02-17	16350.0	0.0	0.0	16110.0	16350.0	240.0	0.0	58.3	78.7	80.9	96.4
2015-02-24	17500.0	0.0	0.0	17500.0	17500.0	0.0	0.0	57.0	79.5	79.1	97.1
2015-03-03	17500.0	0.0	0.0	17500.0	17500.0	0.0	0.0	57.0	79.5	79.1	97.1
2015-03-10	16465.0	0.0	0.0	16255.0	16465.0	210.0	0.0	60.8	75.7	82.8	96.4
2015-03-17	18679.0	0.0	0.0	18469.0	18679.0	210.0	0.0	52.7	71.6	71.8	90.1
2015-03-24	18979.0	0.0	0.0	18769.0	18979.0	210.0	0.0	53.6	72.6	72.3	90.3
2015-03-31	19529.0	0.0	0.0	19319.0	19529.0	210.0	0.0	55.5	73.9	73.6	91.1
2015-04-07	18799.0	0.0	0.0	18604.0	18799.0	195.0	0.0	58.0	74.5	76.0	91.3
2015-04-14	19009.0	0.0	0.0	18814.0	19009.0	195.0	0.0	58.1	75.2	75.5	90.5
2015-04-21	19619.0	0.0	0.0	19424.0	19619.0	195.0	0.0	58.8	76.3	76.2	90.8
2015-04-28	20484.0	0.0	0.0	20040.0	20469.0	444.0	15.0	61.0	76.1	77.6	88.9
2015-05-05	19929.0	0.0	0.0	19680.0	19914.0	249.0	15.0	59.3	76.0	77.1	87.4
2015-05-12	21919.0	0.0	0.0	21670.0	21904.0	249.0	15.0	62.1	74.1	78.3	87.7
2015-05-19	21919.0	0.0	0.0	21670.0	21904.0	249.0	15.0	62.1	74.1	78.3	87.7
2015-05-26	23119.0	0.0	0.0	22730.0	23104.0	389.0	15.0	65.1	75.5	80.5	88.4
2015-06-02	23819.0	50.0	0.0	23629.0	23819.0	140.0	0.0	63.9	75.0	79.8	88.5
2015-06-09	23494.0	50.0	0.0	23444.0	23494.0	0.0	0.0	63.1	74.8	77.7	87.7
2015-06-16	23544.0	100.0	0.0	23444.0	23544.0	0.0	0.0	62.6	74.6	77.6	87.5
2015-06-23	23544.0	100.0	0.0	23444.0	23544.0	0.0	0.0	62.4	74.6	77.5	87.5
2015-06-30	24924.0	400.0	0.0	24524.0	24924.0	0.0	0.0	62.1	73.0	76.4	85.2
2015-07-07	22754.0	450.0	0.0	22060.0	22739.0	244.0	15.0	61.8	74.1	75.8	84.1
2015-07-14	23369.0	450.0	0.0	22675.0	23354.0	244.0	15.0	61.2	74.8	76.4	84.6
2015-07-21	23369.0	450.0	0.0	22675.0	23354.0	244.0	15.0	60.8	74.8	76.4	84.6
2015-07-28	24064.0	450.0	0.0	23370.0	24049.0	244.0	15.0	60.9	75.3	76.0	84.8
2015-08-04	25504.0	450.0	0.0	24810.0	25489.0	244.0	15.0	58.5	74.8	74.9	83.8
2015-08-11	23148.0	175.0	0.0	22740.0	23133.0	233.0	15.0	62.4	77.3	78.3	84.6
2015-08-18	23738.0	175.0	0.0	23330.0	23723.0	233.0	15.0	61.1	77.6	77.3	84.8
2015-08-25	23976.0	175.0	0.0	23801.0	23976.0	0.0	0.0	61.1	77.3	77.2	84.4
2015-09-01	24201.0	175.0	0.0	24026.0	24201.0	0.0	0.0	61.2	77.1	77.2	84.0
2015-09-08	21285.0	0.0	0.0	21185.0	21285.0	100.0	0.0	63.9	79.0	80.8	87.3
2015-09-15	23025.0	250.0	0.0	22675.0	23025.0	100.0	0.0	62.3	78.4	77.5	84.2
2015-09-22	23605.0	250.0	0.0	23255.0	23605.0	100.0	0.0	61.4	76.8	78.1	83.7
2015-09-29	23955.0	250.0	0.0	23605.0	23955.0	100.0	0.0	61.9	77.2	78.4	83.9
2015-10-06	22529.0	250.0	0.0	22069.0	22529.0	210.0	0.0	63.9	79.1	79.9	86.8
2015-10-13	22629.0	250.0	0.0	22169.0	22629.0	210.0	0.0	64.1	79.6	80.0	86.9
2015-10-20	22904.0	250.0	0.0	22444.0	22904.0	210.0	0.0	63.7	77.2	79.9	85.8
2015-10-27	23774.0	250.0	0.0	23434.0	23774.0	90.0	0.0	61.4	74.4	77.0	82.7
2015-11-03	23774.0	250.0	0.0	23434.0	23774.0	90.0	0.0	61.4	74.4	77.0	82.7
2015-11-10	21954.0	250.0	0.0	21704.0	21954.0	0.0	0.0	59.7	74.6	76.3	84.5
2015-11-17	21954.0	250.0	0.0	21704.0	21954.0	0.0	0.0	59.7	74.6	76.3	84.5
2015-11-24	21854.0	250.0	0.0	21604.0	21854.0	0.0	0.0	59.6	74.5	76.2	84.4
2015-12-01	21854.0	250.0	0.0	21604.0	21854.0	0.0	0.0	59.6	74.5	76.2	84.4
2015-12-08	20064.0	250.0	0.0	19814.0	20064.0	0.0	0.0	61.6	69.3	77.7	84.8
2015-12-15	20114.0	250.0	0.0	19864.0	20114.0	0.0	0.0	61.2	69.4	77.2	84.9
2015-12-22	20174.0	250.0	0.0	19924.0	20174.0	0.0	0.0	59.3	69.4	76.1	84.9
2015-12-29	20234.0	250.0	0.0	19984.0	20234.0	0.0	0.0	59.2	69.2	75.9	84.9
2016-01-05	20234.0	250.0	0.0	19984.0	20234.0	0.0	0.0	59.2	69.2	75.9	84.9
2016-01-12	18529.0	250.0	0.0	17950.0	18519.0	329.0	10.0	61.4	69.2	76.2	87.1
2016-01-19	18709.0	250.0	0.0	18130.0	18699.0	329.0	10.0	62.6	70.0	77.3	87.2
2016-01-26	19314.0	250.0	0.0	18735.0	19304.0	329.0	10.0	62.8	70.8	77.3	86.2
2016-02-02	19424.0	250.0	0.0	18845.0	19414.0	329.0	10.0	62.2	71.1	76.6	85.8
2016-02-09	19934.0	250.0	0.0	19370.0	19924.0	314.0	10.0	67.7	75.4	81.6	89.4
2016-02-16	20399.0	250.0	0.0	19835.0	20389.0	314.0	10.0	67.7	76.2	81.9	89.8
2016-02-23	19134.0	250.0	0.0	18570.0	19124.0	314.0	10.0	67.3	74.0	81.2	87.1
2016-03-01	19234.0	250.0	0.0	18670.0	19224.0	314.0	10.0	67.3	73.4	81.0	86.4
2016-03-08	16363.0	250.0	0.0	15750.0	16353.0	363.0	10.0	69.5	75.6	83.3	91.0
2016-03-15	17608.0	250.0	0.0	16995.0	17598.0	363.0	10.0	64.3	71.9	80.3	86.7
2016-03-22	17883.0	250.0	0.0	17270.0	17873.0	363.0	10.0	64.8	72.4	80.6	86.9
2016-03-29	18273.0	250.0	0.0	17620.0	18273.0	403.0	0.0	64.1	71.1	79.5	85.7
2016-04-05	17323.0	225.0	0.0	16715.0	17323.0	383.0	0.0	66.0	74.7	81.1	87.7
2016-04-12	16953.0	225.0	0.0	16345.0	16953.0	383.0	0.0	60.8	69.2	76.3	83.0
2016-04-19	18203.0	225.0	0.0	17595.0	18203.0	383.0	0.0	63.5	70.7	77.9	83.4
2016-04-26	18383.0	225.0	0.0	17775.0	18383.0	383.0	0.0	61.7	69.5	75.9	81.3
2016-05-03	19448.0	225.0	0.0	18600.0	19448.0	623.0	0.0	61.7	71.8	75.1	83.0
2016-05-10	17183.0	200.0	0.0	16385.0	17183.0	598.0	0.0	61.8	75.2	76.1	84.2
2016-05-17	17070.0	200.0	0.0	16272.0	17070.0	598.0	0.0	63.3	70.5	77.6	83.8
2016-05-24	17115.0	200.0	75.0	16597.0	17040.0	318.0	0.0	62.5	69.4	78.0	82.8
2016-05-31	17290.0	250.0	75.0	16722.0	17215.0	318.0	0.0	61.7	69.6	77.2	82.8
2016-06-07	16270.0	225.0	225.0	15747.0	16045.0	298.0	0.0	62.2	68.3	77.3	80.7
2016-06-14	16440.0	225.0	325.0	15917.0	16115.0	298.0	0.0	61.7	66.4	76.6	79.4
2016-06-21	16440.0	225.0	325.0	15917.0	16115.0	298.0	0.0	61.7	66.4	76.6	79.4
2016-06-28	16470.0	225.0	325.0	15947.0	16145.0	298.0	0.0	62.5	66.3	77.1	79.2
2016-07-05	16470.0	225.0	325.0	15507.0	15845.0	738.0	300.0	60.7	65.7	75.1	77.4
2016-07-12	15495.0	150.0	250.0	14802.0	15225.0	543.0	20.0	64.0	68.4	78.6	79.2
2016-07-19	15495.0	150.0	250.0	14802.0	15225.0	543.0	20.0	64.0	68.4	78.6	79.2
2016-07-26	15320.0	150.0	250.0	14437.0	15025.0	733.0	45.0	58.8	63.3	73.6	74.8
2016-08-02	15320.0	150.0	250.0	13767.0	14925.0	1403.0	145.0	56.5	63.3	69.2	74.2
2016-08-09	14362.0	125.0	125.0	13547.0	14202.0	690.0	35.0	58.5	63.3	71.5	74.0
2016-08-16	14112.0	125.0	125.0	13297.0	13952.0	690.0	35.0	61.3	66.2	74.6	77.1
2016-08-23	14362.0	175.0	175.0	13727.0	14162.0	460.0	25.0	60.2	65.1	74.5	76.8
2016-08-30	14487.0	175.0	175.0	14022.0	14312.0	290.0	0.0	56.5	64.5	72.6	76.2
2016-09-06	13279.0	150.0	50.0	12862.0	13229.0	267.0	0.0	56.9	61.7	70.0	72.6
2016-09-13	13824.0	150.0	50.0	13407.0	13774.0	267.0	0.0	58.7	56.9	71.4	69.6
2016-09-20	13824.0	150.0	50.0	13407.0	13774.0	267.0	0.0	58.3	56.9	71.4	69.6
2016-09-27	14232.0	400.0	0.0	13515.0	14182.0	267.0	0.0	40.6	42.5	53.2	54.1
2016-10-04	14302.0	400.0	0.0	13150.0	13852.0	702.0	400.0	38.6	42.3	50.9	52.8
2016-10-11	13454.0	400.0	0.0	12805.0	13454.0	249.0	0.0	39.4	44.5	50.3	54.0
2016-10-18	13626.0	400.0	50.0	12977.0	13576.0	249.0	0.0	38.9	45.7	51.3	54.7
2016-10-25	13651.0	400.0	50.0	13002.0	13601.0	249.0	0.0	39.2	45.6	51.6	54.6
2016-11-01	13761.0	400.0	50.0	13107.0	13711.0	254.0	0.0	38.9	45.6	51.1	54.0
2016-11-08	12651.0	375.0	50.0	12037.0	12601.0	239.0	0.0	40.0	48.5	52.8	57.8
2016-11-15	12626.0	375.0	100.0	12012.0	12526.0	239.0	0.0	40.9	48.4	53.7	58.3
2016-11-22	12626.0	375.0	100.0	12007.0	12526.0	244.0	0.0	41.1	48.8	53.9	58.7
2016-11-29	12626.0	375.0	100.0	12007.0	12526.0	244.0	0.0	41.1	48.8	53.9	58.7
2016-12-06	12436.0	475.0	100.0	11690.0	12286.0	221.0	0.0	44.3	51.1	54.6	60.1
2016-12-13	12286.0	475.0	100.0	11545.0	12136.0	216.0	0.0	41.3	50.5	54.0	60.1
2016-12-20	12446.0	375.0	100.0	11765.0	12296.0	256.0	0.0	39.5	49.9	52.9	59.2
2016-12-27	13191.0	375.0	175.0	12510.0	12966.0	256.0	0.0	45.1	46.5	55.1	58.3
2017-01-03	14441.0	375.0	175.0	13760.0	14216.0	256.0	0.0	47.1	49.4	56.2	59.1
2017-01-10	14018.0	400.0	175.0	13385.0	13813.0	233.0	30.0	52.9	52.6	61.9	62.8
2017-01-17	13923.0	400.0	175.0	13290.0	13718.0	233.0	30.0	54.7	54.9	63.8	64.7
2017-01-24	15043.0	400.0	175.0	14410.0	14838.0	233.0	30.0	59.2	54.6	67.7	65.7
2017-01-31	15268.0	400.0	175.0	14575.0	15063.0	293.0	30.0	58.8	54.3	67.1	64.9
