2013-08-27	7269.0	0.0	702.0	6019.0	6163.0	1229.0	383.0	52.3	55.4	58.5	70.1
2013-09-03	7269.0	0.0	702.0	6019.0	6163.0	1229.0	383.0	52.3	55.4	58.5	70.1
2013-10-08	6621.0	0.0	576.0	5456.0	5599.0	1144.0	425.0	49.4	49.4	57.6	63.0
2013-10-15	6642.0	0.0	576.0	5434.0	5578.0	1187.0	467.0	48.6	49.5	57.4	64.7
2013-10-22	6941.0	0.0	576.0	5690.0	5877.0	1230.0	467.0	45.5	46.2	51.6	59.8
2013-10-29	7418.0	0.0	660.0	6124.0	6312.0	1273.0	425.0	39.6	44.4	48.9	57.7
2013-11-05	7432.0	0.0	591.0	5974.0	6441.0	1437.0	379.0	34.2	42.2	43.1	56.2
2013-11-12	7856.0	126.0	591.0	5953.0	6865.0	1756.0	379.0	31.3	40.6	38.5	54.3
2013-11-19	8087.0	0.0	507.0	6842.0	7243.0	1224.0	316.0	33.2	42.8	43.7	55.6
2013-11-26	8151.0	0.0	507.0	7074.0	7307.0	1056.0	316.0	33.1	43.0	45.4	56.2
2013-12-03	8151.0	0.0	507.0	7032.0	7286.0	1098.0	337.0	32.9	43.0	45.0	55.7
2013-12-10	7463.0	0.0	468.0	6552.0	6698.0	911.0	297.0	36.6	44.2	49.1	58.7
2013-12-17	7274.0	0.0	468.0	6447.0	6509.0	827.0	297.0	37.8	42.9	49.5	57.9
2013-12-24	7316.0	105.0	468.0	6384.0	6551.0	827.0	297.0	37.6	42.0	49.2	58.7
2014-01-07	6875.0	84.0	468.0	6006.0	6131.0	785.0	276.0	37.0	42.0	48.7	58.2
2014-01-14	7131.0	84.0	980.0	6262.0	5875.0	785.0	276.0	35.7	41.7	47.0	56.1
2014-01-21	7111.0	44.0	1020.0	6282.0	5815.0	785.0	276.0	35.8	42.4	46.8	56.6
2014-01-28	7491.0	4.0	1040.0	6660.0	6135.0	787.0	276.0	41.2	43.3	51.8	60.8
2014-02-04	7555.0	0.0	1016.0	7002.0	6198.0	509.0	297.0	41.7	43.6	55.3	61.7
2014-02-11	6454.0	0.0	1038.0	6057.0	5141.0	397.0	275.0	46.8	50.0	61.3	66.6
2014-02-18	6730.0	0.0	1038.0	6374.0	5438.0	356.0	254.0	45.2	54.5	62.6	67.3
2014-02-25	6772.0	0.0	1017.0	6395.0	5501.0	377.0	254.0	44.8	54.8	62.2	67.2
2014-03-04	6965.0	0.0	1082.0	6528.0	5629.0	437.0	254.0	46.6	55.8	63.0	67.8
2014-07-15	5953.0	123.0	1088.0	5406.0	4672.0	424.0	193.0	56.1	75.4	73.9	85.0
2014-07-22	5887.0	123.0	1088.0	5319.0	4627.0	445.0	172.0	55.6	76.2	73.6	85.9
2014-07-29	6181.0	123.0	1663.0	5717.0	4412.0	341.0	106.0	53.7	74.6	69.8	83.9
2014-08-12	6963.0	123.0	1619.0	6522.0	4982.0	318.0	362.0	55.8	69.4	76.1	81.8
2014-08-19	6963.0	123.0	1619.0	6501.0	4961.0	339.0	383.0	55.5	69.4	76.1	81.8
2014-08-26	6963.0	123.0	1619.0	6501.0	4961.0	339.0	383.0	55.5	69.4	76.1	81.8
2014-09-02	6963.0	123.0	1619.0	6501.0	4961.0	339.0	383.0	55.5	69.4	76.1	81.8
2014-09-16	6581.0	287.0	1678.0	5893.0	4433.0	401.0	470.0	59.0	67.4	76.2	81.3
2014-09-23	6577.0	287.0	1678.0	5824.0	4493.0	466.0	406.0	57.4	67.4	74.6	81.4
2014-09-30	6409.0	287.0	1700.0	5633.0	4562.0	489.0	147.0	55.8	68.8	72.1	83.5
2014-10-07	5439.0	287.0	1914.0	4726.0	3420.0	426.0	105.0	52.9	69.0	71.0	84.0
