2009-07-28	505209.0	48865.0	40919.0	365368.0	374240.0	24711.0	23785.0	14.8	9.5	20.2	15.6
2009-08-04	524418.0	50469.0	38280.0	363522.0	376744.0	33553.0	32520.0	13.5	9.9	18.9	15.7
2009-08-11	514571.0	48714.0	37778.0	361822.0	371216.0	21069.0	22611.0	13.2	8.6	19.0	14.5
2009-08-18	514059.0	48300.0	36908.0	355722.0	367496.0	20770.0	20388.0	11.8	8.9	16.8	14.7
2009-08-25	495186.0	48016.0	26013.0	348676.0	369730.0	18457.0	19406.0	11.4	8.8	16.8	14.4
2009-09-01	488023.0	43228.0	29655.0	348475.0	361520.0	20512.0	21040.0	12.2	9.4	17.5	14.3
2009-09-08	480896.0	47479.0	26700.0	343961.0	362578.0	19074.0	21236.0	13.1	10.4	18.2	15.5
2009-09-15	508147.0	46297.0	27146.0	358849.0	377553.0	22555.0	23002.0	12.8	9.9	16.8	15.4
2009-09-22	480700.0	47098.0	26343.0	344817.0	367947.0	18374.0	15999.0	13.6	10.2	18.7	15.5
2009-09-29	482793.0	38860.0	33917.0	348304.0	349623.0	19709.0	23333.0	14.5	10.0	19.8	15.2
2009-10-06	497226.0	47010.0	32022.0	354485.0	369577.0	22736.0	22632.0	14.3	9.2	20.0	14.3
2009-10-13	487878.0	44074.0	32113.0	337412.0	348387.0	23987.0	24973.0	14.6	10.7	21.4	16.1
2009-10-20	467656.0	52839.0	31920.0	310463.0	334956.0	20931.0	17357.0	16.7	12.6	23.1	19.5
2009-10-27	482705.0	53848.0	31540.0	327151.0	348997.0	23978.0	24440.0	16.3	13.3	22.1	19.2
2009-11-03	485613.0	44847.0	29772.0	338009.0	351706.0	24282.0	25660.0	15.7	10.5	20.8	16.3
2009-11-09	494174.0	48107.0	31125.0	347940.0	361736.0	19459.0	22645.0	15.0	9.9	20.0	16.4
2009-11-17	511518.0	50342.0	35665.0	362608.0	376330.0	21815.0	22770.0	14.2	9.6	18.9	17.3
2009-11-24	476162.0	38565.0	37094.0	340127.0	342836.0	20027.0	18789.0	15.5	10.8	22.1	18.9
2009-12-01	493332.0	37770.0	44048.0	351988.0	346593.0	22449.0	21566.0	14.9	11.1	21.6	18.4
2009-12-08	534898.0	35750.0	32650.0	381318.0	384705.0	20306.0	20019.0	13.7	9.6	19.5	15.4
2009-12-15	523069.0	45960.0	21708.0	368753.0	394234.0	19117.0	17888.0	14.1	10.3	19.3	16.4
2009-12-22	500558.0	45897.0	23213.0	356069.0	382112.0	20617.0	17258.0	15.6	9.7	21.5	16.2
2009-12-29	503092.0	51167.0	20064.0	354058.0	384618.0	18013.0	18556.0	15.5	9.5	21.7	16.7
2010-01-05	520990.0	48129.0	24345.0	365441.0	389384.0	21476.0	21317.0	14.5	9.9	20.9	16.5
2010-01-12	523187.0	47410.0	29134.0	373907.0	390342.0	14415.0	16256.0	16.4	10.7	22.2	17.9
2010-01-19	506178.0	45787.0	31003.0	358721.0	371583.0	17567.0	19489.0	17.7	12.0	23.7	19.5
2010-01-26	500374.0	40166.0	28202.0	356120.0	363859.0	17183.0	21408.0	18.4	11.9	24.2	19.1
2010-02-02	504782.0	39403.0	29485.0	349251.0	358812.0	18840.0	19197.0	17.9	11.6	23.1	17.9
2010-02-09	505614.0	38263.0	27071.0	350726.0	356146.0	21426.0	27198.0	17.3	10.9	23.0	17.0
2010-02-16	500113.0	40557.0	27381.0	351757.0	366126.0	16125.0	14932.0	16.9	10.6	22.3	16.4
2010-02-23	494227.0	44435.0	26124.0	331616.0	346843.0	16616.0	19700.0	18.0	10.9	23.1	17.6
2010-03-02	498301.0	44955.0	24892.0	333927.0	351092.0	18603.0	21501.0	18.3	10.6	23.4	16.6
2010-03-09	510400.0	40702.0	25924.0	346255.0	359200.0	19645.0	21478.0	16.9	11.5	21.3	18.1
2010-03-16	508291.0	34067.0	27757.0	356012.0	360614.0	20000.0	21708.0	16.9	10.2	21.0	16.8
2010-03-23	494261.0	34703.0	26119.0	344095.0	352748.0	17737.0	17668.0	18.9	10.6	22.9	17.6
2010-03-30	515201.0	32301.0	23986.0	358035.0	366037.0	20394.0	20707.0	18.6	8.5	22.7	14.9
2010-04-06	521492.0	39230.0	25557.0	353811.0	365873.0	18277.0	19888.0	18.5	8.3	22.4	14.7
2010-04-13	531189.0	41476.0	18462.0	347415.0	371098.0	23729.0	23060.0	18.7	9.3	22.8	15.4
2010-04-20	500751.0	37509.0	16950.0	342996.0	363649.0	20134.0	20040.0	18.8	9.3	23.2	16.0
2010-04-27	528294.0	33171.0	13128.0	357901.0	378855.0	20679.0	19768.0	17.4	8.9	21.9	14.6
2010-05-04	549164.0	37117.0	14129.0	375584.0	400241.0	23370.0	21701.0	16.1	9.2	20.3	15.2
2010-05-11	548039.0	32654.0	13913.0	367106.0	387099.0	20338.0	19086.0	16.2	9.4	20.0	15.5
2010-05-18	536458.0	43457.0	24064.0	353805.0	375271.0	23188.0	21115.0	16.1	9.9	20.2	14.8
2010-05-25	524218.0	47625.0	19500.0	346652.0	374588.0	19211.0	19400.0	14.5	10.7	19.3	16.1
2010-06-01	531836.0	48481.0	15945.0	336678.0	370636.0	18959.0	17537.0	14.0	10.3	18.0	15.3
2010-06-08	511324.0	44703.0	16593.0	324399.0	352744.0	16827.0	16592.0	14.8	10.4	19.5	15.8
2010-06-15	515656.0	46569.0	6168.0	327917.0	368653.0	19580.0	19245.0	14.7	11.1	19.5	16.3
2010-06-22	493270.0	39333.0	11172.0	329502.0	356803.0	17746.0	18606.0	17.4	11.0	21.9	16.9
2010-06-29	484701.0	35625.0	14409.0	324444.0	343428.0	15471.0	17703.0	19.2	10.7	23.7	16.9
2010-07-06	489942.0	34880.0	24170.0	331591.0	339934.0	17490.0	19857.0	19.3	9.2	23.6	14.3
2010-07-13	484616.0	40057.0	16426.0	326976.0	348815.0	17977.0	19769.0	20.5	8.7	24.9	14.2
2010-07-20	454043.0	41057.0	20714.0	312663.0	331691.0	15101.0	16416.0	21.1	10.0	26.1	15.9
2010-07-27	485326.0	48961.0	19640.0	323590.0	349736.0	14459.0	17634.0	20.1	9.5	24.9	16.7
2010-08-03	484968.0	45964.0	16708.0	324364.0	353718.0	19942.0	19844.0	20.1	10.8	24.2	17.8
2010-08-10	490249.0	42265.0	18085.0	336657.0	361458.0	17560.0	16939.0	19.6	10.7	23.5	17.7
2010-08-17	465352.0	42999.0	25692.0	324671.0	346179.0	17638.0	13437.0	19.1	10.2	24.2	17.1
2010-08-24	447080.0	52040.0	24854.0	301566.0	330890.0	15122.0	12984.0	18.8	8.9	24.7	15.7
2010-08-31	473838.0	60495.0	25515.0	319669.0	355401.0	14143.0	13391.0	16.7	8.3	22.7	14.9
2010-09-07	501920.0	60857.0	25606.0	344979.0	381284.0	18580.0	17526.0	16.1	9.3	22.1	15.3
2010-09-14	502461.0	52066.0	21911.0	342110.0	372751.0	13175.0	12689.0	16.7	10.7	22.4	16.9
2010-09-21	492075.0	49003.0	24169.0	316858.0	344120.0	14917.0	12489.0	16.8	9.8	22.5	14.9
2010-09-28	507321.0	45615.0	26388.0	324819.0	346627.0	18358.0	15777.0	16.3	10.3	21.7	14.8
2010-10-05	533286.0	45295.0	28211.0	334802.0	352226.0	19139.0	18799.0	15.9	10.7	20.7	15.0
2010-10-12	567100.0	51490.0	29500.0	343182.0	368622.0	18658.0	15208.0	15.9	11.1	20.0	15.4
2010-10-19	543527.0	58603.0	29992.0	329480.0	359122.0	15874.0	14843.0	14.9	11.4	20.0	16.7
2010-10-26	513810.0	58698.0	30093.0	323670.0	353817.0	17833.0	16291.0	15.1	11.9	20.6	17.7
2010-11-02	507350.0	68489.0	30125.0	313469.0	353296.0	16580.0	15117.0	13.7	11.3	19.7	17.7
2010-11-09	531431.0	71711.0	27386.0	324392.0	374266.0	20503.0	14954.0	13.3	11.1	18.2	17.3
2010-11-16	524874.0	52180.0	29042.0	328997.0	358527.0	24446.0	18054.0	12.7	11.5	18.3	17.7
2010-11-23	475861.0	52807.0	30772.0	300503.0	324446.0	18476.0	16568.0	13.4	11.2	19.0	16.9
2010-11-30	472561.0	57292.0	19973.0	291132.0	330601.0	17933.0	15783.0	13.5	11.7	19.5	17.5
2010-12-07	524244.0	63327.0	20015.0	316701.0	362407.0	25462.0	23068.0	12.8	11.1	18.1	16.1
2010-12-14	508390.0	72846.0	17387.0	300542.0	358809.0	17584.0	14776.0	13.1	10.8	18.1	17.0
2010-12-21	510634.0	75481.0	16081.0	303881.0	364352.0	17684.0	16613.0	13.6	11.9	19.0	18.5
2010-12-28	532176.0	85162.0	17273.0	310140.0	380100.0	17752.0	15681.0	13.5	12.3	19.0	18.9
2011-01-04	571306.0	84193.0	17038.0	328805.0	400866.0	23168.0	18262.0	14.4	11.8	19.9	17.7
2011-01-11	589538.0	64013.0	23350.0	366001.0	410264.0	20906.0	17306.0	13.9	10.2	18.9	15.3
2011-01-18	581352.0	59918.0	20708.0	374067.0	420469.0	22312.0	15120.0	14.0	10.2	19.5	15.8
2011-01-25	562738.0	52244.0	11904.0	369038.0	418111.0	26437.0	17704.0	14.6	10.4	20.1	17.2
2011-02-01	589977.0	66115.0	13692.0	382365.0	445763.0	28636.0	17661.0	13.9	11.0	19.2	16.7
2011-02-08	583550.0	59202.0	18173.0	386438.0	439212.0	28467.0	16722.0	15.4	11.0	20.4	17.4
2011-02-15	581952.0	53774.0	13901.0	388101.0	435496.0	26173.0	18651.0	13.0	10.6	18.4	17.0
2011-02-22	571255.0	55421.0	22893.0	380447.0	417924.0	22162.0	17213.0	12.2	11.3	17.6	17.3
2011-03-01	579840.0	55849.0	27996.0	382940.0	414934.0	27331.0	23190.0	10.8	10.4	15.6	16.9
2011-03-08	558791.0	53091.0	31181.0	375071.0	397154.0	19379.0	19206.0	10.3	9.8	15.3	15.7
2011-03-15	554026.0	56464.0	24999.0	365738.0	397008.0	23794.0	23989.0	10.7	9.4	16.1	16.1
2011-03-22	521510.0	50041.0	23422.0	348238.0	378894.0	25483.0	21446.0	12.1	9.9	17.3	16.8
2011-03-29	532922.0	51004.0	21532.0	352715.0	388395.0	25423.0	19215.0	12.2	10.9	17.3	17.0
2011-04-05	560198.0	56964.0	21325.0	362262.0	399550.0	26561.0	24912.0	11.6	10.9	17.2	17.0
2011-04-12	568298.0	55418.0	20905.0	355236.0	393800.0	28209.0	24158.0	8.9	9.7	13.8	15.8
2011-04-19	516820.0	63058.0	15107.0	319085.0	375756.0	26905.0	18185.0	9.6	10.2	14.7	16.6
2011-04-26	516105.0	59295.0	15211.0	325352.0	375352.0	23418.0	17502.0	9.4	9.6	14.6	15.7
2011-05-03	523888.0	57254.0	16152.0	330607.0	379609.0	24358.0	16458.0	9.0	9.4	14.0	15.2
2011-05-10	519212.0	55182.0	23562.0	322548.0	358788.0	32207.0	27587.0	9.8	9.0	14.7	14.8
2011-05-17	495752.0	54672.0	18868.0	314930.0	359724.0	28644.0	19654.0	8.6	9.2	14.5	15.3
2011-05-24	458632.0	58460.0	11528.0	285338.0	336285.0	25305.0	21290.0	8.0	10.7	14.1	17.6
2011-05-31	460609.0	64863.0	8651.0	279037.0	341795.0	28056.0	21510.0	6.8	10.4	12.5	17.3
2011-06-07	467537.0	59947.0	21518.0	284711.0	331585.0	36537.0	28092.0	6.5	9.3	12.1	15.9
2011-06-14	483458.0	65188.0	14690.0	287390.0	345561.0	31674.0	24001.0	6.5	9.7	11.2	15.8
2011-06-21	447616.0	56080.0	16288.0	272706.0	318452.0	30487.0	24533.0	7.1	10.9	12.8	18.5
2011-06-28	458820.0	55570.0	18797.0	283114.0	325140.0	27603.0	22350.0	7.6	11.0	14.0	18.2
2011-07-05	461686.0	62814.0	16831.0	282057.0	330615.0	25822.0	23247.0	7.2	11.1	12.8	17.9
2011-07-12	479909.0	58672.0	24824.0	296613.0	336717.0	25317.0	19061.0	7.1	10.0	12.4	16.5
2011-07-19	473633.0	58058.0	21096.0	282412.0	326392.0	42650.0	35632.0	7.2	10.4	12.5	16.9
2011-07-26	448786.0	67927.0	19144.0	270688.0	324720.0	22697.0	17448.0	7.7	11.1	13.7	17.9
2011-08-02	455602.0	56264.0	17775.0	282173.0	327062.0	26537.0	20137.0	7.1	10.9	12.4	17.8
2011-08-09	445875.0	43155.0	24219.0	276101.0	303670.0	28054.0	19421.0	8.2	10.3	14.0	17.0
2011-08-16	440107.0	51753.0	17499.0	267901.0	308009.0	22031.0	16177.0	8.9	10.2	15.1	17.5
2011-08-23	421228.0	49632.0	21205.0	260338.0	297770.0	27426.0	18421.0	9.3	10.7	15.6	17.8
2011-08-30	439119.0	48920.0	18944.0	264511.0	304437.0	29853.0	19903.0	9.1	11.2	14.9	17.7
2011-09-06	456945.0	44919.0	31034.0	280392.0	303831.0	29107.0	19553.0	8.2	10.4	13.9	16.8
2011-09-13	439939.0	34862.0	17047.0	280740.0	311069.0	32068.0	19554.0	8.9	11.1	14.8	17.3
2011-09-20	405572.0	40132.0	16918.0	261509.0	292427.0	24678.0	16974.0	9.4	12.4	15.3	18.4
2011-09-27	424221.0	39930.0	20840.0	271088.0	299791.0	33083.0	23470.0	9.5	10.6	16.1	16.3
2011-10-04	436829.0	40085.0	22604.0	279669.0	305493.0	26045.0	17702.0	10.5	10.7	16.6	16.1
2011-10-11	450586.0	36734.0	16452.0	287216.0	312875.0	24360.0	18983.0	10.4	10.9	16.5	16.0
2011-10-18	443917.0	34716.0	17024.0	283215.0	310279.0	27166.0	17794.0	11.5	11.1	17.5	16.9
2011-10-25	412020.0	40227.0	17488.0	259682.0	290691.0	27193.0	18923.0	13.2	12.1	20.3	18.8
2011-11-01	437022.0	34751.0	26379.0	274323.0	291181.0	23984.0	15498.0	14.1	11.5	21.1	18.1
2011-11-08	441791.0	36191.0	25482.0	266964.0	285539.0	23202.0	15336.0	14.0	11.7	20.2	18.5
2011-11-15	438956.0	39387.0	23686.0	253249.0	277581.0	22714.0	14083.0	12.3	11.0	17.6	17.9
2011-11-22	414152.0	40914.0	28679.0	237870.0	255877.0	18776.0	13004.0	9.2	11.4	15.6	18.7
2011-11-29	420262.0	42626.0	23874.0	233897.0	257511.0	20125.0	15263.0	9.1	10.5	15.3	17.4
2011-12-06	427389.0	37331.0	21650.0	246874.0	268161.0	21126.0	15520.0	8.9	10.0	14.6	16.2
2011-12-13	433813.0	41892.0	21989.0	238851.0	265843.0	20332.0	13243.0	9.8	10.8	15.7	16.4
2011-12-20	394951.0	39370.0	20547.0	216986.0	241600.0	52213.0	46422.0	10.9	11.5	16.0	17.5
2011-12-27	392513.0	45664.0	23281.0	214824.0	245746.0	47498.0	38959.0	10.5	11.7	15.5	17.5
2012-01-03	393536.0	54061.0	25618.0	220141.0	254945.0	31094.0	24733.0	10.5	12.1	16.8	18.3
2012-01-10	371454.0	48885.0	33182.0	229165.0	248508.0	17196.0	13556.0	10.7	13.8	18.0	20.2
2012-01-17	362044.0	50911.0	37676.0	211774.0	229981.0	28216.0	23244.0	11.0	14.9	19.1	22.4
2012-01-24	359434.0	54027.0	31561.0	210744.0	236308.0	26792.0	23694.0	12.2	14.8	20.3	23.0
2012-01-31	357369.0	52632.0	29005.0	211917.0	238729.0	20092.0	16907.0	12.5	15.4	20.7	21.7
2012-02-07	380944.0	56241.0	20405.0	220637.0	259919.0	19451.0	16005.0	10.6	15.0	18.1	19.7
2012-02-14	387693.0	52461.0	29140.0	231783.0	255839.0	18877.0	18142.0	12.8	13.7	22.0	20.5
2012-02-21	370380.0	47639.0	27625.0	221756.0	241844.0	17686.0	17612.0	12.9	13.5	21.3	21.0
2012-02-28	379734.0	42347.0	21899.0	235638.0	257691.0	20423.0	18818.0	13.9	13.6	20.0	20.2
2012-03-06	386364.0	43803.0	28895.0	233056.0	251089.0	23065.0	19940.0	13.9	12.7	19.9	19.0
2012-03-13	404083.0	45689.0	36400.0	250812.0	263181.0	21028.0	17948.0	13.6	13.8	20.1	20.0
2012-03-20	391954.0	47038.0	40024.0	236074.0	246728.0	21112.0	17472.0	14.5	14.9	21.1	21.2
2012-03-27	407078.0	46877.0	41857.0	253265.0	262890.0	19524.0	14919.0	14.6	14.0	20.5	20.6
2012-04-03	412326.0	37285.0	43275.0	266808.0	266175.0	20360.0	15003.0	14.9	14.4	21.1	20.6
2012-04-10	425007.0	38248.0	49765.0	273408.0	267409.0	26421.0	20903.0	16.3	14.7	23.6	21.1
2012-04-17	437357.0	40280.0	56026.0	278416.0	268791.0	22655.0	16534.0	16.9	17.8	25.9	24.8
2012-04-24	433733.0	47609.0	51444.0	267590.0	267644.0	22633.0	18744.0	15.7	18.8	24.8	26.5
2012-05-01	457383.0	50016.0	47517.0	271817.0	280317.0	21785.0	15784.0	15.4	17.5	23.8	25.2
2012-05-08	464699.0	39997.0	53940.0	293136.0	285217.0	23875.0	17851.0	16.5	18.6	24.4	25.8
2012-05-15	459780.0	36952.0	57968.0	299440.0	287425.0	24303.0	15302.0	16.3	20.0	23.8	27.7
2012-05-22	426462.0	40877.0	48100.0	274023.0	272910.0	20889.0	14779.0	17.2	21.7	25.3	29.5
2012-05-29	436272.0	38450.0	44754.0	276048.0	274686.0	20484.0	15542.0	17.2	20.2	24.7	26.8
2012-06-05	443301.0	44221.0	30201.0	267501.0	285449.0	20281.0	16353.0	17.4	19.2	23.7	25.5
2012-06-12	445622.0	51119.0	27299.0	262029.0	291652.0	21364.0	15561.0	16.8	18.7	22.3	25.2
2012-06-19	420548.0	57347.0	24118.0	244605.0	278908.0	17191.0	16117.0	17.9	20.1	24.1	26.7
2012-06-26	424499.0	51011.0	23869.0	250435.0	282675.0	20651.0	15553.0	17.8	20.6	24.9	26.7
2012-07-03	431927.0	58620.0	20990.0	250528.0	292614.0	21318.0	16862.0	16.9	21.0	25.8	27.0
2012-07-10	437356.0	45527.0	22573.0	258343.0	287507.0	22283.0	16073.0	16.0	20.2	23.2	25.8
2012-07-17	432042.0	38464.0	27961.0	260705.0	274482.0	20545.0	17271.0	16.2	19.3	23.5	24.4
2012-07-24	430647.0	35526.0	34242.0	259637.0	262423.0	17005.0	15503.0	16.4	17.9	24.5	23.7
2012-07-31	440823.0	34583.0	30950.0	265294.0	273163.0	17332.0	13096.0	15.3	17.9	23.8	23.8
2012-08-07	462102.0	31519.0	35482.0	272107.0	272755.0	19908.0	15297.0	14.6	17.0	23.7	22.8
2012-08-14	467652.0	33752.0	40088.0	277432.0	273089.0	18714.0	16721.0	14.9	17.0	23.0	22.6
2012-08-21	463491.0	35329.0	45058.0	271998.0	266885.0	21437.0	16821.0	15.3	17.8	23.3	24.4
2012-08-28	478649.0	34592.0	51500.0	280947.0	271905.0	25208.0	17342.0	14.7	18.2	23.0	25.4
2012-09-04	480607.0	39468.0	50654.0	286993.0	282600.0	22294.0	15501.0	14.3	18.0	23.0	25.5
2012-09-11	522361.0	56422.0	54060.0	287984.0	294003.0	20319.0	16662.0	13.3	16.9	22.2	24.3
2012-09-18	527313.0	61474.0	56633.0	292501.0	300153.0	19985.0	17174.0	14.3	16.7	21.8	23.7
2012-09-25	498102.0	61831.0	65983.0	287765.0	289274.0	20429.0	14768.0	16.1	18.7	23.3	26.2
2012-10-02	497926.0	58845.0	61001.0	285007.0	287041.0	20560.0	16370.0	16.0	17.4	23.7	25.0
2012-10-09	520502.0	74375.0	59286.0	293419.0	302859.0	9402.0	15051.0	16.2	16.7	24.4	24.5
2012-10-16	528361.0	68440.0	57827.0	290782.0	305228.0	21100.0	17267.0	15.5	16.3	22.5	23.7
2012-10-23	509426.0	65325.0	56966.0	276501.0	293134.0	21555.0	13281.0	16.5	16.6	23.0	24.0
2012-10-30	521955.0	69459.0	58225.0	259895.0	299364.0	44420.0	16185.0	13.5	16.6	19.0	23.8
2012-11-06	522864.0	76279.0	53081.0	259171.0	304692.0	41522.0	19199.0	13.3	16.9	18.5	23.1
2012-11-13	506415.0	74224.0	58795.0	249943.0	285204.0	39044.0	19212.0	13.2	16.2	18.5	23.9
2012-11-20	484723.0	70892.0	56487.0	229912.0	264185.0	39278.0	19410.0	13.7	16.3	18.5	22.6
2012-11-27	493925.0	71122.0	52075.0	233555.0	272403.0	42376.0	22575.0	13.3	16.3	18.1	22.1
2012-12-04	501145.0	72073.0	50724.0	242128.0	284478.0	42043.0	21042.0	12.7	16.3	18.7	22.0
2012-12-11	492055.0	72773.0	54875.0	244274.0	282492.0	43029.0	22709.0	12.2	13.9	17.6	19.7
2012-12-18	482956.0	74469.0	55869.0	258331.0	279709.0	19238.0	16460.0	13.0	13.8	19.0	19.0
2012-12-24	458807.0	70819.0	59356.0	246811.0	264245.0	23192.0	17221.0	14.1	14.9	21.0	20.8
2012-12-31	467877.0	73459.0	47063.0	249766.0	278408.0	15953.0	13707.0	14.0	14.8	20.8	21.4
2013-01-08	494271.0	76675.0	49560.0	269236.0	296334.0	16679.0	16696.0	14.5	14.2	21.4	21.5
2013-01-15	506440.0	72939.0	51587.0	273184.0	293068.0	18664.0	20132.0	15.8	16.4	23.1	23.2
2013-01-22	480148.0	71949.0	49674.0	264460.0	285782.0	19677.0	20630.0	16.4	17.1	23.1	25.3
2013-01-29	506031.0	64363.0	54861.0	290583.0	299318.0	18358.0	19125.0	17.3	17.1	24.3	24.5
2013-02-05	521168.0	66454.0	56436.0	301221.0	312135.0	20858.0	19962.0	17.3	16.8	24.8	24.3
2013-02-12	529955.0	73113.0	56243.0	308772.0	326263.0	22120.0	21499.0	17.4	17.7	24.1	25.5
2013-02-19	528245.0	81381.0	54712.0	303423.0	332450.0	19137.0	16779.0	18.6	18.7	25.2	28.0
2013-02-26	517223.0	76242.0	56770.0	290863.0	312906.0	20305.0	17734.0	18.4	19.5	25.4	28.1
2013-03-05	548719.0	81193.0	54670.0	298368.0	325977.0	17647.0	16561.0	16.6	18.4	23.5	26.9
2013-03-12	558899.0	88612.0	48705.0	295555.0	334596.0	19353.0	20219.0	16.0	19.4	23.0	27.2
2013-03-19	529212.0	98287.0	39383.0	274622.0	334536.0	17486.0	16476.0	18.0	20.7	25.4	30.1
2013-03-26	520001.0	95267.0	33053.0	267727.0	330708.0	19684.0	18917.0	20.6	21.0	27.6	30.1
2013-04-02	535648.0	97395.0	35061.0	283005.0	347779.0	19724.0	17284.0	21.3	21.1	28.5	29.0
2013-04-09	544632.0	100787.0	37320.0	296240.0	363599.0	21233.0	17341.0	21.0	20.6	27.9	28.3
2013-04-16	561269.0	92246.0	39997.0	306389.0	360274.0	19831.0	18195.0	21.0	19.5	27.8	26.0
2013-04-23	543696.0	97288.0	37057.0	293191.0	353217.0	18363.0	18568.0	21.3	20.7	28.1	27.1
2013-04-30	562933.0	109780.0	34041.0	294149.0	368445.0	16171.0	17614.0	20.9	20.9	27.5	27.4
2013-05-07	556810.0	110218.0	35194.0	294310.0	368261.0	17953.0	19026.0	21.0	21.5	27.6	27.6
2013-05-14	556701.0	105556.0	35006.0	289142.0	358383.0	20512.0	21821.0	19.5	20.9	26.1	26.8
2013-05-21	532377.0	102625.0	34927.0	278339.0	343682.0	17448.0	19803.0	21.6	20.7	28.6	26.9
2013-05-28	517929.0	101954.0	41382.0	277646.0	335489.0	19039.0	21768.0	22.2	21.1	29.4	27.0
2013-06-04	534113.0	94150.0	42218.0	298303.0	345521.0	17828.0	22542.0	22.1	20.4	28.4	26.4
2013-06-11	552790.0	98350.0	37820.0	303282.0	360625.0	16997.0	20184.0	21.5	21.0	27.7	26.9
2013-06-18	561531.0	93904.0	32686.0	309047.0	365598.0	16460.0	21127.0	21.0	22.0	27.0	27.7
2013-06-25	553344.0	81228.0	35595.0	297332.0	338618.0	16639.0	20986.0	21.8	21.5	27.3	27.7
2013-07-02	552035.0	89336.0	31992.0	294218.0	346650.0	17327.0	22239.0	22.4	22.2	27.7	28.7
2013-07-09	583616.0	96461.0	28725.0	304281.0	365963.0	16795.0	22849.0	22.1	22.4	27.0	28.7
2013-07-16	623053.0	94202.0	31442.0	321537.0	377601.0	14602.0	21298.0	22.6	21.8	27.3	27.0
2013-07-23	608139.0	107790.0	35636.0	305827.0	372199.0	13091.0	18873.0	23.5	22.7	28.3	28.1
2013-07-30	622471.0	101183.0	39672.0	316404.0	371447.0	14463.0	20931.0	23.9	22.1	28.7	27.6
2013-08-06	626613.0	98570.0	41118.0	325429.0	379025.0	15464.0	19320.0	24.2	23.2	29.2	28.9
2013-08-13	650583.0	101500.0	46476.0	336134.0	389515.0	18763.0	20406.0	23.9	22.3	28.7	28.4
2013-08-20	627411.0	96629.0	37336.0	324703.0	383666.0	19435.0	19765.0	24.1	23.9	29.1	29.6
2013-08-27	614612.0	100141.0	31343.0	315051.0	381505.0	18718.0	21062.0	24.9	24.3	29.6	30.6
2013-09-03	601202.0	93306.0	32173.0	311675.0	372443.0	18122.0	18487.0	25.3	25.3	30.0	31.3
2013-09-10	602878.0	97543.0	38535.0	310805.0	368656.0	19258.0	20415.0	25.6	25.7	30.4	31.9
2013-09-17	614441.0	93526.0	28779.0	316019.0	376377.0	19829.0	24218.0	25.8	25.4	30.3	32.0
2013-09-24	592840.0	90280.0	28460.0	310275.0	371143.0	18948.0	19900.0	26.6	25.0	31.4	32.5
2013-10-01	604026.0	84659.0	30994.0	318869.0	370579.0	16617.0	18572.0	26.6	24.4	31.2	32.3
2013-10-08	605101.0	85175.0	38173.0	325889.0	371764.0	16342.0	17469.0	26.4	24.9	31.4	33.7
2013-10-15	613156.0	84856.0	27740.0	324031.0	377904.0	16663.0	19906.0	23.5	24.1	29.4	31.6
2013-10-22	603196.0	105967.0	27741.0	306394.0	377831.0	18594.0	25383.0	19.4	25.2	26.4	32.7
2013-10-29	598917.0	84188.0	24186.0	320515.0	376171.0	22831.0	27177.0	17.0	24.2	23.3	31.7
2013-11-05	586755.0	92990.0	28076.0	305156.0	363353.0	19316.0	26033.0	17.3	24.6	23.6	31.3
2013-11-12	574743.0	95257.0	29364.0	296569.0	357365.0	20764.0	25861.0	18.0	25.3	24.2	31.4
2013-11-19	569662.0	109018.0	22817.0	279196.0	361674.0	22004.0	25727.0	16.5	25.4	23.3	33.2
2013-11-26	562073.0	115042.0	24028.0	264447.0	342824.0	22857.0	35494.0	15.9	24.3	23.1	34.0
2013-12-03	572681.0	117219.0	21946.0	254634.0	348695.0	33984.0	35196.0	13.6	23.3	20.7	32.2
2013-12-10	558802.0	98940.0	24360.0	281645.0	363411.0	24656.0	17470.0	14.1	23.1	21.9	32.4
2013-12-17	544871.0	103192.0	17584.0	274911.0	368082.0	22407.0	14844.0	14.5	23.6	22.0	33.4
2013-12-24	527595.0	105186.0	18041.0	266646.0	361128.0	17933.0	10596.0	14.9	25.0	23.1	35.6
2014-01-07	539488.0	95423.0	22985.0	279318.0	359734.0	19860.0	11882.0	14.0	24.7	22.3	32.6
2014-01-14	532535.0	100320.0	27644.0	268747.0	350577.0	21774.0	12620.0	12.5	25.2	21.4	31.7
2014-01-21	528032.0	101471.0	29354.0	263382.0	342543.0	18042.0	10998.0	13.3	26.4	22.3	33.2
2014-01-28	553023.0	106491.0	22054.0	269542.0	358388.0	16343.0	11934.0	12.8	26.7	21.6	33.2
2014-02-04	544689.0	109192.0	22692.0	264705.0	355928.0	18291.0	13568.0	12.6	27.4	21.3	33.8
2014-02-11	570613.0	107317.0	24897.0	284648.0	370611.0	17053.0	13510.0	11.8	25.5	20.5	31.2
2014-02-18	567864.0	116072.0	28573.0	284300.0	375460.0	14704.0	11043.0	11.5	26.0	19.9	31.9
2014-02-25	554733.0	106327.0	25776.0	277754.0	364181.0	16831.0	10955.0	11.9	26.4	20.1	32.5
2014-03-04	577087.0	106952.0	29965.0	291777.0	373094.0	17546.0	13216.0	11.3	25.0	19.3	29.9
2014-03-11	569197.0	97753.0	34797.0	293171.0	361126.0	18290.0	13291.0	10.1	24.4	18.6	29.4
2014-03-18	553462.0	94536.0	33417.0	298846.0	366469.0	17498.0	10994.0	10.9	24.3	19.3	29.6
2014-03-25	537561.0	87339.0	40007.0	308229.0	360132.0	18448.0	13877.0	12.4	24.8	21.5	30.3
