2014-04-01	543068.0	93530.0	34282.0	304235.0	365686.0	16027.0	13824.0	12.3	24.7	20.8	29.7
2014-04-08	549455.0	95603.0	37049.0	317248.0	377992.0	15122.0	12932.0	12.5	25.1	21.6	30.6
2014-04-15	549504.0	86831.0	41547.0	320240.0	368918.0	16140.0	12746.0	13.6	25.4	22.6	30.2
2014-04-22	524685.0	81041.0	42059.0	310136.0	351668.0	16928.0	14378.0	12.2	25.5	21.9	29.9
2014-04-29	509038.0	86012.0	38309.0	300192.0	352014.0	17599.0	13480.0	12.4	25.8	21.2	30.6
2014-05-06	511969.0	81601.0	39255.0	304098.0	349815.0	18075.0	14704.0	12.8	25.5	20.7	30.0
2014-05-13	499211.0	81033.0	32105.0	285183.0	335842.0	18885.0	17154.0	12.0	26.2	19.7	29.9
2014-05-20	480308.0	76121.0	24793.0	263272.0	316104.0	15582.0	14078.0	11.4	26.3	18.8	30.5
2014-05-27	497822.0	85739.0	21764.0	261256.0	326190.0	17090.0	16131.0	10.9	25.9	18.1	29.9
2014-06-03	514491.0	84566.0	23081.0	280233.0	343248.0	16838.0	15308.0	11.2	24.6	18.3	28.8
2014-06-10	508573.0	93771.0	23775.0	269302.0	340861.0	17146.0	15583.0	13.9	24.8	22.4	30.3
2014-06-17	529183.0	86526.0	33849.0	286911.0	343012.0	14947.0	11523.0	15.1	25.5	23.8	30.4
2014-06-24	497866.0	83530.0	39382.0	279357.0	325932.0	16871.0	14444.0	16.5	25.2	25.7	31.4
2014-07-01	516998.0	91392.0	41759.0	283564.0	335900.0	16576.0	13873.0	16.6	24.7	25.3	30.6
2014-07-08	497378.0	93371.0	35667.0	265170.0	326353.0	15965.0	12486.0	15.3	25.8	24.4	30.8
2014-07-15	512118.0	86920.0	44797.0	283097.0	328990.0	17224.0	13454.0	15.2	25.0	24.4	30.7
2014-07-22	487414.0	110950.0	25980.0	242070.0	330652.0	18148.0	14536.0	13.8	26.0	23.0	32.7
2014-07-29	490037.0	102054.0	30836.0	250618.0	328077.0	17691.0	11450.0	11.8	26.4	21.4	32.6
2014-08-05	474288.0	93752.0	24382.0	243078.0	319930.0	19492.0	12010.0	10.9	27.1	19.7	33.4
2014-08-12	491814.0	93193.0	28875.0	243849.0	315707.0	18673.0	11133.0	10.2	25.8	18.7	30.4
2014-08-19	467630.0	83307.0	38486.0	238853.0	290968.0	25363.0	18069.0	12.1	26.5	21.4	32.1
2014-08-26	453578.0	79381.0	36711.0	237476.0	288212.0	19172.0	11106.0	12.8	26.6	21.3	32.1
2014-09-02	459909.0	80552.0	34467.0	244508.0	295251.0	17107.0	12449.0	13.6	26.2	22.6	31.8
2014-09-09	464057.0	86779.0	29203.0	236995.0	299382.0	17171.0	12360.0	12.1	26.4	21.8	32.5
2014-09-16	465780.0	95308.0	28290.0	223865.0	296538.0	20807.0	15152.0	11.3	28.2	19.7	33.2
2014-09-23	453155.0	85657.0	32876.0	229774.0	284933.0	15641.0	13263.0	13.0	27.6	21.8	32.6
2014-09-30	466475.0	90203.0	35744.0	237966.0	292838.0	18609.0	18196.0	12.7	26.0	21.6	30.7
2014-10-07	483303.0	83018.0	38973.0	255481.0	300871.0	15987.0	14642.0	12.9	25.5	21.3	30.0
2014-10-14	496366.0	79607.0	41299.0	271671.0	310434.0	16001.0	15546.0	13.2	25.1	20.3	29.4
2014-10-21	468448.0	77393.0	40708.0	260598.0	299270.0	16167.0	14180.0	13.2	27.7	21.2	32.5
2014-10-28	470725.0	77092.0	43728.0	261137.0	297071.0	15346.0	12776.0	13.1	26.8	21.4	32.0
2014-11-04	469201.0	76308.0	47310.0	266204.0	298180.0	14849.0	11871.0	12.2	24.9	20.4	30.9
2014-11-11	473957.0	80901.0	50326.0	255713.0	290819.0	15370.0	10839.0	11.8	22.7	19.8	27.8
2014-11-18	430298.0	79096.0	48562.0	232034.0	263547.0	14465.0	13486.0	12.4	22.8	20.9	28.5
2014-11-25	385614.0	80299.0	38959.0	201396.0	244645.0	14459.0	12550.0	12.0	25.1	21.2	30.3
2014-12-02	413586.0	75799.0	47496.0	226986.0	255499.0	14189.0	13979.0	11.8	22.8	19.7	28.1
2014-12-09	424417.0	66844.0	47115.0	239614.0	260794.0	14387.0	12936.0	11.4	20.9	18.2	25.7
2014-12-16	448640.0	80280.0	55680.0	240111.0	266739.0	16514.0	14486.0	12.0	18.5	20.3	25.0
2014-12-23	417468.0	59124.0	44773.0	226050.0	247526.0	16634.0	9509.0	11.1	19.9	18.8	27.0
2014-12-30	421510.0	65745.0	45415.0	224069.0	250452.0	17317.0	11264.0	11.1	19.4	19.3	26.3
2015-01-06	427442.0	74555.0	41586.0	221694.0	259130.0	17432.0	12965.0	11.1	20.1	18.6	26.6
2015-01-13	443737.0	87163.0	37386.0	222838.0	273436.0	18362.0	17541.0	13.1	21.8	20.0	28.6
2015-01-20	427497.0	84837.0	41071.0	219095.0	264932.0	17648.0	15577.0	12.5	22.9	19.8	29.8
2015-01-27	447696.0	83091.0	41296.0	231191.0	273953.0	19324.0	18357.0	12.7	20.8	19.7	27.9
2015-02-03	463629.0	75230.0	48108.0	239393.0	269724.0	16536.0	13327.0	11.4	17.1	17.6	24.2
2015-02-10	463537.0	77956.0	51804.0	239237.0	266766.0	13764.0	12387.0	11.0	16.5	17.3	23.3
2015-02-17	452875.0	78542.0	41839.0	231242.0	270652.0	15350.0	12643.0	11.7	18.4	18.8	24.9
2015-02-24	450309.0	85984.0	47805.0	230146.0	270122.0	15698.0	13901.0	11.8	18.9	20.2	25.6
2015-03-03	442380.0	78813.0	63958.0	241657.0	258878.0	15838.0	13472.0	13.2	20.2	21.6	29.3
2015-03-10	438487.0	75178.0	50169.0	229975.0	258661.0	15350.0	11673.0	11.8	19.6	19.4	27.1
2015-03-17	451325.0	73689.0	45669.0	236989.0	268485.0	14744.0	11268.0	11.3	17.9	18.8	25.2
2015-03-24	431878.0	76237.0	42101.0	224333.0	260643.0	15447.0	13273.0	12.1	19.2	19.9	26.4
2015-03-31	442038.0	79393.0	54627.0	245737.0	271773.0	14077.0	12807.0	12.7	19.0	19.9	27.7
2015-04-07	461000.0	90702.0	54966.0	244479.0	282075.0	15089.0	13229.0	12.4	21.2	20.1	28.7
2015-04-14	464131.0	87604.0	58932.0	252552.0	283604.0	15329.0	12949.0	14.6	20.8	21.9	28.4
2015-04-21	440752.0	85316.0	50607.0	237579.0	276280.0	15615.0	11623.0	14.4	23.4	22.0	31.3
2015-04-28	442784.0	78340.0	49584.0	247815.0	282509.0	19037.0	13099.0	12.4	22.7	19.7	30.3
2015-05-05	449202.0	78718.0	56360.0	252407.0	282156.0	20093.0	12702.0	12.9	22.8	20.1	30.4
2015-05-12	428478.0	74254.0	56660.0	243321.0	266189.0	17117.0	11843.0	12.3	21.8	19.1	29.3
2015-05-19	393254.0	73440.0	50105.0	221262.0	246961.0	14042.0	11678.0	13.6	20.3	20.3	28.9
2015-05-26	398631.0	73598.0	45842.0	224203.0	252530.0	13457.0	12886.0	13.5	19.5	20.4	27.4
2015-06-02	411958.0	73623.0	38770.0	226896.0	264176.0	15404.0	12977.0	13.3	19.7	20.3	27.4
2015-06-09	419373.0	65297.0	35501.0	228832.0	261273.0	17520.0	14875.0	13.8	19.2	20.7	26.2
2015-06-16	426060.0	68307.0	34721.0	227829.0	264842.0	15366.0	11939.0	12.1	18.4	19.2	25.5
2015-06-23	386329.0	62685.0	42261.0	216810.0	237783.0	13072.0	12523.0	15.1	20.5	23.4	28.1
2015-06-30	390114.0	58946.0	48717.0	222574.0	234990.0	15417.0	13230.0	15.6	19.1	23.2	27.0
2015-07-07	388690.0	57314.0	38939.0	220930.0	238096.0	13661.0	14870.0	16.0	18.0	23.7	25.9
2015-07-14	408425.0	60649.0	45630.0	224477.0	237808.0	13316.0	15004.0	15.8	16.6	22.0	23.7
2015-07-21	374521.0	59333.0	48399.0	216983.0	227605.0	12737.0	13049.0	17.6	17.7	23.9	25.0
2015-07-28	394042.0	69909.0	54188.0	222103.0	238530.0	14414.0	13708.0	18.6	16.3	25.3	25.1
2015-08-04	430345.0	78944.0	47913.0	231083.0	261776.0	12652.0	12990.0	16.7	14.9	23.7	23.4
2015-08-11	419345.0	93592.0	53077.0	215216.0	256578.0	14048.0	13201.0	16.6	15.3	24.8	23.2
2015-08-18	407926.0	92337.0	52753.0	201342.0	244282.0	15160.0	11804.0	15.2	15.5	22.9	23.4
2015-08-25	402307.0	88575.0	62210.0	202551.0	229337.0	12666.0	12245.0	16.9	15.2	25.0	23.1
2015-09-01	400578.0	91188.0	57408.0	201869.0	231401.0	10542.0	14790.0	17.3	15.3	25.7	24.1
2015-09-08	403955.0	104547.0	54630.0	190036.0	236165.0	9983.0	13771.0	17.7	15.7	25.4	24.2
2015-09-15	413482.0	106201.0	60008.0	198974.0	242156.0	11993.0	15004.0	19.1	13.8	27.4	23.0
2015-09-22	389257.0	97125.0	60701.0	194863.0	227931.0	12413.0	15769.0	21.2	14.0	28.5	22.7
2015-09-29	374673.0	89439.0	57958.0	194984.0	223679.0	11387.0	14173.0	21.3	14.5	28.4	23.1
2015-10-06	388924.0	85836.0	58257.0	210391.0	236981.0	12181.0	13170.0	20.6	14.6	28.1	24.1
2015-10-13	394096.0	93352.0	60484.0	205695.0	237714.0	13594.0	14443.0	19.9	14.6	28.0	23.8
2015-10-20	374365.0	85679.0	66974.0	202828.0	219213.0	12714.0	15034.0	23.3	15.1	30.7	24.6
2015-10-27	403440.0	81718.0	78558.0	224667.0	227723.0	11626.0	11730.0	21.5	14.4	29.2	23.6
2015-11-03	419126.0	89342.0	72386.0	227959.0	243589.0	13304.0	14630.0	19.8	13.8	27.5	22.7
2015-11-10	420473.0	84431.0	73829.0	225582.0	235686.0	12899.0	13397.0	16.2	13.6	24.3	20.7
2015-11-17	424050.0	95725.0	63397.0	217837.0	248172.0	14611.0	16604.0	16.4	13.9	23.7	20.9
2015-11-24	380691.0	79256.0	72536.0	198960.0	205194.0	11791.0	12277.0	19.2	14.1	27.2	21.1
2015-12-01	391436.0	86553.0	77267.0	207583.0	214687.0	10981.0	13163.0	18.4	13.6	26.5	21.2
2015-12-08	397054.0	89661.0	80275.0	201243.0	208971.0	11991.0	13649.0	18.3	13.3	26.4	21.2
2015-12-15	398192.0	78743.0	72982.0	209492.0	213822.0	13497.0	14928.0	17.4	13.6	26.0	20.2
2015-12-22	397275.0	79685.0	70491.0	207131.0	217243.0	12168.0	11250.0	17.9	13.4	27.6	19.9
2015-12-29	401425.0	81759.0	70641.0	210277.0	221369.0	12323.0	12349.0	18.0	14.0	27.7	20.4
2016-01-05	409836.0	86420.0	74347.0	216591.0	228530.0	12932.0	13066.0	18.0	14.4	28.9	20.8
2016-01-12	420068.0	94830.0	82392.0	219674.0	233449.0	14462.0	13125.0	18.8	13.9	30.7	20.5
2016-01-19	434554.0	91475.0	77397.0	231498.0	246099.0	14487.0	13964.0	19.1	14.7	29.4	21.5
2016-01-26	442865.0	92048.0	86833.0	233349.0	241184.0	13861.0	11241.0	20.0	14.7	30.3	22.0
2016-02-02	462240.0	83069.0	88390.0	252774.0	247609.0	11672.0	11516.0	19.3	12.3	28.1	19.3
2016-02-09	464472.0	104304.0	88455.0	247116.0	260348.0	10713.0	13330.0	19.6	13.2	30.5	20.8
2016-02-16	468611.0	85764.0	91937.0	266445.0	258198.0	10961.0	13035.0	18.9	13.2	28.0	20.0
2016-02-23	453832.0	90572.0	89680.0	250489.0	250601.0	12246.0	13026.0	17.4	14.6	26.6	21.8
2016-03-01	439430.0	88501.0	83011.0	239987.0	242025.0	14715.0	18167.0	17.4	15.0	26.1	21.9
2016-03-08	447292.0	77267.0	87343.0	256504.0	244970.0	13376.0	14834.0	17.6	14.2	25.5	20.9
2016-03-15	443509.0	78096.0	80590.0	253890.0	250235.0	11180.0	12341.0	17.8	14.5	27.1	22.2
2016-03-22	443786.0	68138.0	67459.0	260380.0	260250.0	12054.0	12863.0	18.9	14.2	27.9	23.2
2016-03-29	452875.0	66276.0	69748.0	266225.0	261650.0	13112.0	14215.0	18.6	14.7	27.3	22.6
2016-04-05	451663.0	69041.0	65867.0	258462.0	259887.0	11105.0	12854.0	18.5	13.7	26.5	22.0
2016-04-12	459233.0	69401.0	65001.0	261653.0	264715.0	13974.0	15312.0	17.7	13.9	25.8	22.3
2016-04-19	428936.0	60055.0	67926.0	250672.0	243044.0	17150.0	16907.0	18.8	14.0	27.9	22.2
2016-04-26	421442.0	60378.0	64794.0	253555.0	250001.0	15426.0	14564.0	20.9	13.6	28.6	22.2
2016-05-03	445329.0	61225.0	60843.0	263844.0	264119.0	13470.0	13577.0	20.0	13.2	26.8	21.2
2016-05-10	440219.0	64708.0	61694.0	256628.0	260302.0	16091.0	15431.0	21.1	13.1	28.0	21.2
2016-05-17	438123.0	61306.0	58895.0	271974.0	274302.0	15930.0	16013.0	22.6	15.3	28.9	24.4
2016-05-24	411974.0	64215.0	47217.0	245280.0	260603.0	13971.0	15646.0	26.4	16.3	32.6	25.5
2016-05-31	416774.0	64295.0	47980.0	252551.0	268357.0	14413.0	14922.0	26.8	16.7	32.8	25.1
2016-06-07	416170.0	58991.0	54245.0	257722.0	263185.0	14129.0	13412.0	26.6	15.6	32.4	24.0
2016-06-14	427991.0	57328.0	55966.0	271088.0	270005.0	12106.0	14551.0	26.0	16.2	31.4	24.4
2016-06-21	415507.0	53898.0	49342.0	255527.0	257950.0	12236.0	14369.0	27.6	15.8	33.9	23.3
2016-06-28	429401.0	57904.0	42879.0	251626.0	266977.0	12505.0	12179.0	25.8	15.7	32.3	24.2
2016-07-05	446351.0	61167.0	42327.0	256908.0	275644.0	12656.0	12760.0	24.8	14.5	30.5	22.9
2016-07-12	469919.0	63170.0	48235.0	264270.0	281100.0	13042.0	11147.0	23.8	15.2	29.2	22.6
2016-07-19	469522.0	64571.0	54872.0	256279.0	267132.0	14334.0	13180.0	23.3	14.0	29.6	21.3
2016-07-26	492031.0	64909.0	63587.0	273765.0	273677.0	11300.0	12710.0	22.0	13.5	29.5	20.8
2016-08-02	505169.0	66781.0	58646.0	278186.0	283698.0	10849.0	13472.0	23.0	14.6	30.4	21.6
2016-08-09	526827.0	65006.0	56325.0	293884.0	303083.0	13115.0	12597.0	24.7	17.8	31.9	25.1
2016-08-16	544389.0	61582.0	75119.0	315504.0	300435.0	11756.0	13288.0	23.2	16.7	32.3	24.7
2016-08-23	504912.0	63873.0	52233.0	291114.0	302559.0	11444.0	11639.0	24.0	18.0	31.9	25.9
2016-08-30	512356.0	66478.0	48498.0	302913.0	321490.0	13477.0	12880.0	23.1	17.2	30.6	25.1
2016-09-06	526058.0	66927.0	54427.0	301820.0	312672.0	13100.0	14748.0	22.5	16.9	29.5	24.4
2016-09-13	541773.0	63779.0	59602.0	301308.0	303174.0	13744.0	16055.0	21.9	16.6	28.8	23.6
2016-09-20	512253.0	65265.0	63959.0	281031.0	280372.0	12058.0	14023.0	20.9	16.3	28.8	24.4
2016-09-27	519381.0	76962.0	59166.0	280267.0	296363.0	12524.0	14224.0	20.0	17.1	28.1	24.7
2016-10-04	535518.0	65829.0	84862.0	306084.0	285768.0	14727.0	16010.0	18.8	15.1	27.7	23.5
2016-10-11	540861.0	63048.0	95391.0	315457.0	281994.0	11398.0	12518.0	18.2	17.2	25.3	23.8
2016-10-18	518925.0	60716.0	90236.0	306801.0	275520.0	12301.0	14062.0	19.1	18.4	28.8	25.1
2016-10-25	538265.0	56764.0	96409.0	330876.0	288523.0	13374.0	16082.0	21.3	17.8	30.9	25.4
2016-11-01	537020.0	51594.0	91640.0	338610.0	296357.0	12681.0	14888.0	21.9	17.3	30.7	24.4
2016-11-08	541664.0	53189.0	87807.0	340423.0	302728.0	13006.0	16083.0	23.0	17.2	31.2	24.7
2016-11-15	540865.0	65381.0	68376.0	316043.0	309133.0	16448.0	20363.0	19.8	17.1	28.1	24.4
2016-11-22	514988.0	68312.0	52281.0	296474.0	311407.0	13836.0	14934.0	19.6	19.1	28.7	26.6
2016-11-29	515951.0	64801.0	52242.0	296974.0	307824.0	12117.0	13826.0	19.4	18.5	28.6	26.3
2016-12-06	562296.0	58308.0	69720.0	335055.0	326475.0	16340.0	13508.0	19.6	16.2	26.9	22.7
2016-12-13	539013.0	69451.0	65779.0	313117.0	319143.0	15960.0	13606.0	18.3	19.3	25.2	26.0
2016-12-20	507597.0	72808.0	75021.0	294268.0	294996.0	17315.0	14374.0	19.8	21.9	27.3	29.5
2016-12-27	512016.0	78245.0	84028.0	290491.0	288874.0	16204.0	12038.0	19.9	20.6	27.0	27.9
2017-01-03	529917.0	74651.0	83770.0	305225.0	301924.0	29009.0	23191.0	20.3	19.2	27.1	26.3
2017-01-10	538417.0	88483.0	72163.0	300950.0	321065.0	16594.0	12799.0	19.8	16.9	25.7	24.0
2017-01-17	556512.0	88979.0	65968.0	298083.0	323309.0	17218.0	15003.0	18.0	15.0	23.0	21.9
2017-01-24	547258.0	84812.0	60049.0	302052.0	332054.0	17625.0	12386.0	17.8	16.0	23.4	22.1
2017-01-31	584432.0	87013.0	56783.0	311622.0	344496.0	17189.0	14545.0	15.9	16.5	20.3	21.7
