2013-12-10	19588.0	8353.0	0.0	10345.0	18405.0	840.0	1133.0	81.5	55.3	88.0	77.7
2013-12-17	20528.0	8353.0	0.0	11285.0	19345.0	840.0	1133.0	81.9	53.0	89.2	77.9
2014-01-14	19075.0	7980.0	0.0	10945.0	18687.0	150.0	388.0	86.0	56.3	94.3	82.8
2014-01-21	19155.0	7980.0	0.0	11015.0	18757.0	160.0	398.0	86.2	56.1	93.9	82.4
2014-01-28	19145.0	7980.0	0.0	11015.0	18757.0	150.0	388.0	86.2	56.1	93.9	82.5
2014-02-04	19815.0	7980.0	0.0	11015.0	18757.0	820.0	1058.0	83.3	54.2	90.7	79.7
2014-02-11	19667.0	7537.0	0.0	11490.0	19057.0	640.0	610.0	81.5	55.2	92.7	80.3
2014-02-18	19667.0	7537.0	0.0	11490.0	19057.0	640.0	610.0	81.5	55.2	92.7	80.3
2014-02-25	19742.0	7537.0	0.0	11665.0	19232.0	540.0	510.0	81.2	55.8	93.3	80.5
2014-03-04	20277.0	7537.0	0.0	12265.0	19832.0	475.0	445.0	82.0	54.7	93.8	78.4
2014-03-11	19159.0	7179.0	0.0	11515.0	18724.0	465.0	435.0	83.8	55.7	93.9	79.2
2014-03-18	19159.0	7179.0	0.0	11515.0	18724.0	465.0	435.0	83.8	55.7	93.9	79.2
2014-03-25	19694.0	7179.0	0.0	12050.0	19259.0	465.0	435.0	83.4	52.7	94.1	78.3
2014-04-01	19694.0	7179.0	0.0	12050.0	19259.0	465.0	435.0	83.4	52.7	94.1	78.9
2014-04-08	18602.0	6737.0	0.0	11500.0	18162.0	365.0	440.0	84.3	54.0	94.5	79.5
2014-04-15	18702.0	6737.0	0.0	11600.0	18262.0	365.0	440.0	83.9	53.7	94.6	79.1
2014-04-22	19242.0	6737.0	0.0	12140.0	18802.0	365.0	440.0	81.5	52.2	95.0	80.0
2014-04-29	18032.0	4337.0	250.0	12680.0	16942.0	1015.0	840.0	73.3	45.7	91.1	73.7
2014-05-06	16990.0	4145.0	0.0	12010.0	16205.0	835.0	785.0	73.5	46.2	91.0	73.7
2014-05-13	18000.0	4145.0	0.0	13020.0	17215.0	835.0	785.0	75.4	46.9	92.0	75.7
2014-05-20	18901.0	4145.0	0.0	13921.0	18116.0	835.0	785.0	71.7	45.0	90.9	76.4
2014-05-27	19271.0	4145.0	0.0	14291.0	18486.0	835.0	785.0	72.1	45.7	91.0	76.7
2014-06-03	21250.0	4570.0	0.0	15845.0	20465.0	835.0	785.0	70.3	42.5	89.2	74.6
2014-06-10	20323.0	4228.0	0.0	15200.0	19523.0	895.0	800.0	70.9	43.1	89.3	75.1
2014-06-17	20823.0	4228.0	0.0	15700.0	20023.0	895.0	800.0	71.6	44.2	89.5	75.7
2014-06-24	20847.0	4228.0	0.0	15724.0	20047.0	895.0	800.0	71.5	44.1	89.4	75.3
2014-07-01	21097.0	4228.0	0.0	15974.0	20297.0	895.0	800.0	71.8	44.8	89.5	75.6
2014-07-08	19919.0	3785.0	0.0	15324.0	19204.0	810.0	715.0	72.5	45.9	89.8	76.7
2014-07-15	20069.0	3785.0	0.0	15324.0	19204.0	960.0	865.0	69.2	44.9	86.3	75.4
2014-07-22	20309.0	3785.0	0.0	15564.0	19422.0	960.0	887.0	71.1	50.7	88.2	81.1
2014-07-29	20659.0	3785.0	0.0	15914.0	19772.0	960.0	887.0	71.0	51.0	87.8	80.9
2014-08-05	23084.0	3651.0	0.0	18339.0	22027.0	1094.0	1057.0	60.5	47.5	78.6	74.2
2014-08-12	21930.0	3417.0	0.0	17658.0	21170.0	855.0	760.0	57.0	44.6	75.1	71.2
2014-08-19	22100.0	3417.0	0.0	17828.0	21340.0	855.0	760.0	56.8	45.0	75.3	71.4
2014-08-26	22275.0	3592.0	0.0	17828.0	21515.0	855.0	760.0	56.4	44.6	74.7	71.3
2014-09-02	22375.0	3812.0	0.0	17828.0	21615.0	735.0	760.0	58.8	44.4	74.4	71.0
2014-09-09	21597.0	3444.0	0.0	17503.0	20922.0	650.0	675.0	57.1	48.5	77.8	75.4
2014-09-16	21597.0	3444.0	0.0	17503.0	20922.0	650.0	675.0	57.1	48.5	77.8	75.4
2014-09-23	21597.0	3444.0	0.0	17503.0	20922.0	650.0	675.0	57.1	48.5	77.8	75.4
2014-09-30	22137.0	2944.0	0.0	18003.0	20922.0	1190.0	1215.0	55.7	48.9	75.9	73.6
2014-10-07	21411.0	2652.0	0.0	17574.0	20201.0	1185.0	1210.0	57.3	51.4	75.7	74.4
2014-10-14	21776.0	2652.0	0.0	17939.0	20566.0	1185.0	1210.0	57.3	51.4	77.5	76.2
2014-10-21	22256.0	2652.0	0.0	18419.0	21046.0	1185.0	1210.0	58.2	52.4	78.0	76.7
2014-10-28	22256.0	2652.0	0.0	18419.0	21046.0	1185.0	1210.0	58.2	52.4	78.0	76.7
2014-11-04	22376.0	2652.0	0.0	18539.0	21166.0	1185.0	1210.0	58.5	52.1	78.1	76.8
2014-11-11	22085.0	2360.0	0.0	18720.0	21035.0	1005.0	1050.0	60.2	55.4	79.6	78.8
2014-11-18	22210.0	2260.0	25.0	18845.0	21035.0	1005.0	1050.0	60.2	55.1	79.7	78.4
2014-11-25	22210.0	2310.0	25.0	18845.0	21085.0	1005.0	1050.0	60.2	55.3	79.7	78.6
2014-12-02	22330.0	2310.0	25.0	18965.0	21085.0	1005.0	1170.0	59.8	55.0	79.8	78.2
2014-12-09	21968.0	1918.0	25.0	19175.0	20883.0	825.0	1010.0	61.4	54.4	80.7	79.2
2014-12-16	22268.0	1918.0	25.0	19495.0	21363.0	805.0	830.0	62.0	53.7	81.0	78.1
2014-12-23	22268.0	1918.0	25.0	19495.0	21363.0	805.0	830.0	62.0	53.7	81.0	78.1
2014-12-30	22268.0	1918.0	25.0	19495.0	21363.0	805.0	830.0	61.6	53.7	80.7	78.1
2015-01-06	22268.0	1784.0	25.0	19495.0	21268.0	939.0	925.0	61.6	53.2	80.1	77.7
2015-01-13	22535.0	1555.0	0.0	20215.0	21865.0	765.0	670.0	64.7	55.2	81.7	80.6
2015-01-20	22535.0	1555.0	0.0	20215.0	21865.0	765.0	670.0	64.7	55.2	81.7	80.6
2015-01-27	22535.0	1555.0	0.0	20215.0	21865.0	765.0	670.0	64.7	55.2	81.7	80.6
2015-02-03	23075.0	1805.0	580.0	20605.0	21805.0	645.0	670.0	65.1	53.9	82.8	78.7
2015-02-10	22092.0	1677.0	590.0	19670.0	20722.0	735.0	770.0	65.9	53.9	83.2	78.6
2015-02-17	22092.0	1677.0	590.0	19670.0	20722.0	735.0	770.0	65.9	53.9	83.2	78.6
2015-02-24	22092.0	1677.0	590.0	19670.0	20722.0	735.0	770.0	65.9	53.9	83.2	78.6
2015-03-03	22092.0	1677.0	590.0	19670.0	20722.0	735.0	770.0	65.9	53.9	83.2	78.6
2015-03-10	21014.0	1549.0	600.0	18790.0	19694.0	675.0	720.0	66.9	53.7	83.9	78.2
2015-03-17	21114.0	1549.0	600.0	18890.0	19794.0	675.0	720.0	67.1	53.9	83.9	78.3
2015-03-24	20964.0	1549.0	600.0	18740.0	19644.0	675.0	720.0	67.6	54.3	84.5	78.8
2015-03-31	20964.0	1549.0	600.0	18740.0	19644.0	675.0	720.0	67.6	54.3	84.5	78.8
2015-04-07	19602.0	1397.0	570.0	17640.0	18412.0	565.0	620.0	68.8	55.2	85.5	79.4
2015-04-14	20202.0	1297.0	570.0	18340.0	19012.0	565.0	620.0	70.2	56.5	85.9	80.0
2015-04-21	20202.0	1297.0	570.0	18340.0	19012.0	565.0	620.0	70.2	56.5	85.9	80.0
2015-04-28	20802.0	1297.0	570.0	18940.0	19612.0	565.0	620.0	71.1	57.7	86.3	80.6
2015-05-05	19847.0	2076.0	570.0	17025.0	18377.0	616.0	770.0	71.0	60.5	85.1	81.6
2015-05-12	20825.0	1975.0	540.0	18265.0	19635.0	455.0	520.0	73.9	66.7	89.1	85.9
2015-05-19	21401.0	1975.0	540.0	18505.0	19875.0	791.0	856.0	71.9	67.7	86.7	83.6
2015-05-26	21451.0	1975.0	540.0	18505.0	19875.0	841.0	906.0	71.7	67.6	86.5	83.4
2015-06-02	21451.0	1975.0	540.0	18505.0	19875.0	841.0	906.0	71.7	67.6	86.5	83.4
2015-06-09	20354.0	1788.0	510.0	17705.0	18908.0	731.0	806.0	72.4	68.7	86.7	83.6
2015-06-16	20354.0	1788.0	510.0	17705.0	18908.0	731.0	806.0	72.4	68.7	86.7	83.6
2015-06-23	20354.0	1788.0	510.0	17705.0	18908.0	731.0	806.0	72.4	68.7	86.7	83.6
2015-06-30	20954.0	1788.0	510.0	18305.0	19508.0	731.0	806.0	73.2	69.6	87.1	84.0
2015-07-07	19973.0	1450.0	480.0	17805.0	18715.0	588.0	648.0	75.8	71.7	88.5	85.4
2015-07-14	19973.0	1450.0	480.0	17805.0	18715.0	588.0	648.0	75.8	71.7	88.5	85.4
2015-07-21	19973.0	1450.0	480.0	17805.0	18715.0	588.0	648.0	75.8	71.7	88.5	85.4
2015-07-28	19973.0	1450.0	480.0	17805.0	18715.0	588.0	648.0	75.8	71.7	88.5	85.4
2015-08-04	20173.0	1450.0	480.0	18005.0	18915.0	588.0	648.0	76.1	71.9	88.6	85.6
2015-08-11	18642.0	1112.0	450.0	16905.0	17522.0	495.0	540.0	78.1	73.2	89.7	86.4
2015-08-18	18742.0	1112.0	450.0	17005.0	17622.0	495.0	540.0	78.2	73.3	89.7	86.5
2015-08-25	18742.0	1112.0	450.0	17005.0	17622.0	495.0	540.0	78.2	73.3	89.7	86.5
2015-09-01	19117.0	1112.0	450.0	17380.0	17997.0	495.0	540.0	78.6	73.9	89.9	86.8
2015-09-08	17511.0	749.0	420.0	16170.0	16269.0	462.0	692.0	81.0	75.2	91.1	87.7
2015-09-15	17511.0	749.0	420.0	16170.0	16269.0	462.0	692.0	81.0	75.2	91.1	87.7
2015-09-22	17511.0	749.0	420.0	16170.0	16269.0	462.0	692.0	81.0	75.2	91.1	87.7
2015-09-29	17511.0	749.0	420.0	16170.0	16269.0	462.0	692.0	81.0	75.2	91.1	87.7
2015-10-06	18021.0	687.0	30.0	17015.0	17362.0	254.0	564.0	83.8	78.4	93.2	88.5
2015-10-13	18021.0	687.0	30.0	16915.0	17362.0	354.0	564.0	83.2	78.4	92.6	88.5
2015-10-20	18021.0	687.0	30.0	16915.0	17362.0	354.0	564.0	83.2	78.4	92.6	88.5
2015-10-27	17991.0	687.0	30.0	16885.0	17362.0	354.0	534.0	83.2	78.5	92.6	88.4
2015-11-03	18216.0	687.0	30.0	17110.0	17587.0	354.0	534.0	82.2	77.6	91.4	88.5
2015-11-10	16596.0	625.0	0.0	15725.0	16180.0	246.0	416.0	84.2	79.9	92.6	90.6
2015-11-17	16596.0	625.0	0.0	15725.0	16180.0	246.0	416.0	84.2	71.2	92.6	87.9
2015-11-24	16596.0	625.0	0.0	15725.0	16180.0	246.0	416.0	84.2	71.2	92.6	87.9
2015-12-01	16596.0	625.0	0.0	15725.0	16180.0	246.0	416.0	84.2	71.2	92.6	87.9
2015-12-08	15736.0	313.0	0.0	15285.0	15438.0	138.0	298.0	89.3	71.6	95.4	92.0
2015-12-15	16336.0	313.0	0.0	15900.0	16218.0	123.0	118.0	89.7	68.9	95.5	90.2
2015-12-22	16236.0	313.0	0.0	15800.0	16118.0	123.0	118.0	89.6	69.4	95.5	90.2
2015-12-29	16236.0	313.0	0.0	15800.0	16118.0	123.0	118.0	89.6	69.4	95.5	90.2
2016-01-05	16386.0	538.0	0.0	15725.0	16268.0	123.0	118.0	88.3	68.7	94.8	90.3
2016-08-23	16884.0	925.0	0.0	14422.0	15394.0	1437.0	1390.0	67.2	53.6	77.1	74.3
2016-08-30	16884.0	925.0	0.0	14422.0	15394.0	1437.0	1390.0	67.2	53.6	77.1	74.3
2016-09-06	16884.0	925.0	0.0	14422.0	15354.0	1437.0	1430.0	67.2	53.6	77.1	74.3
