2014-01-14	17680.0	0.0	7320.0	17350.0	10355.0	330.0	5.0	58.6	81.5	73.9	83.4
2014-01-21	16165.0	0.0	4020.0	15785.0	12140.0	380.0	5.0	50.2	70.8	66.0	76.3
2014-01-28	16200.0	0.0	4420.0	15820.0	11775.0	380.0	5.0	53.6	71.7	69.4	79.7
2014-02-04	16470.0	0.0	4420.0	16090.0	12045.0	380.0	5.0	56.4	70.8	71.9	80.5
2014-02-11	16845.0	0.0	4920.0	16485.0	11920.0	360.0	5.0	50.7	53.4	64.8	70.8
2014-02-18	16845.0	0.0	4895.0	16485.0	11945.0	360.0	5.0	50.2	53.3	64.4	70.6
2014-02-25	16845.0	0.0	4895.0	16185.0	11945.0	660.0	5.0	50.2	53.3	64.4	69.9
2014-03-04	15990.0	0.0	4845.0	15630.0	11140.0	360.0	5.0	52.2	53.9	65.7	68.9
2014-03-11	15220.0	0.0	4645.0	14775.0	10475.0	345.0	0.0	51.6	52.7	64.7	67.1
2014-03-18	15320.0	0.0	4745.0	14875.0	10475.0	345.0	0.0	51.3	52.3	64.3	67.3
2014-03-25	15320.0	0.0	4745.0	14875.0	10475.0	345.0	0.0	51.3	52.3	64.3	67.3
2014-04-01	17045.0	0.0	5645.0	16600.0	11300.0	345.0	0.0	55.3	57.6	67.8	69.9
2014-04-08	16025.0	0.0	4845.0	15605.0	11080.0	320.0	0.0	53.6	58.0	65.6	70.8
2014-04-15	16545.0	0.0	4245.0	16125.0	12200.0	320.0	0.0	55.4	52.6	65.0	65.9
2014-04-22	16845.0	0.0	4245.0	16425.0	12500.0	320.0	0.0	53.8	51.6	66.0	68.2
2014-04-29	17020.0	0.0	4245.0	16600.0	12675.0	320.0	0.0	55.0	52.3	67.1	70.5
2014-05-06	18580.0	0.0	4895.0	18235.0	13635.0	295.0	0.0	58.9	51.1	68.8	71.0
2014-05-13	18780.0	0.0	4895.0	18435.0	13835.0	295.0	0.0	58.3	50.6	68.1	69.7
2014-05-20	18830.0	0.0	4795.0	18485.0	13985.0	295.0	0.0	58.1	50.4	67.9	69.5
2014-05-27	18830.0	0.0	4795.0	18485.0	13985.0	295.0	0.0	58.1	50.4	67.9	69.5
2014-06-03	19205.0	0.0	4795.0	18860.0	14360.0	295.0	0.0	57.0	52.6	67.0	71.3
2014-06-10	18465.0	0.0	4845.0	17975.0	13500.0	490.0	120.0	62.2	54.9	72.3	74.2
2014-06-17	18465.0	0.0	4845.0	17975.0	13500.0	490.0	120.0	62.2	54.9	72.3	74.2
2014-06-24	18465.0	0.0	4845.0	17975.0	13500.0	490.0	120.0	62.2	54.9	72.3	74.2
2014-07-01	18965.0	0.0	4845.0	18475.0	14000.0	490.0	120.0	60.5	53.5	70.4	74.1
2014-07-08	17950.0	0.0	4745.0	17475.0	13095.0	475.0	110.0	62.0	53.7	71.5	75.6
2014-07-15	17950.0	0.0	4745.0	17475.0	13095.0	475.0	110.0	62.0	53.7	71.5	75.6
2014-07-22	17870.0	0.0	4645.0	17615.0	13115.0	255.0	110.0	62.3	53.4	71.8	74.2
2014-07-29	18045.0	0.0	4945.0	17790.0	12990.0	255.0	110.0	61.7	52.9	71.1	73.5
2014-08-05	18145.0	0.0	4995.0	17790.0	12965.0	305.0	135.0	61.4	53.0	71.1	73.3
2014-08-12	16585.0	0.0	4345.0	16255.0	12040.0	230.0	100.0	61.1	53.3	71.0	72.4
2014-08-19	16585.0	0.0	4345.0	16255.0	12040.0	230.0	100.0	61.1	53.3	71.0	72.4
2014-08-26	16680.0	0.0	4345.0	16350.0	12135.0	230.0	100.0	60.7	53.0	70.3	71.4
2014-09-02	17280.0	0.0	4345.0	16950.0	12735.0	230.0	100.0	59.3	51.1	71.3	70.6
2014-09-09	15620.0	0.0	3645.0	15315.0	11785.0	205.0	90.0	59.3	52.1	71.8	71.5
2014-09-16	15920.0	0.0	3645.0	15615.0	12085.0	205.0	90.0	54.4	52.4	66.7	66.6
2014-09-23	15920.0	0.0	3645.0	15615.0	12085.0	205.0	90.0	54.4	52.4	66.7	67.3
2014-09-30	16430.0	100.0	3955.0	16015.0	12285.0	215.0	90.0	51.8	51.6	63.4	66.1
2014-10-07	15290.0	100.0	3805.0	14990.0	11405.0	200.0	80.0	53.7	52.3	65.1	68.0
2014-10-14	15392.0	100.0	3580.0	15015.0	11655.0	200.0	80.0	53.4	51.5	64.2	67.3
2014-10-21	15202.0	100.0	3205.0	14760.0	11775.0	200.0	80.0	51.6	51.6	61.9	66.6
2014-10-28	15602.0	100.0	3205.0	15160.0	12175.0	200.0	80.0	52.7	54.1	67.9	75.2
2014-11-04	16606.0	150.0	2905.0	16160.0	13525.0	200.0	80.0	51.3	54.0	67.4	74.6
2014-11-11	15796.0	150.0	2805.0	15365.0	12825.0	185.0	70.0	51.7	56.4	68.6	76.5
2014-11-18	15446.0	150.0	2805.0	15015.0	12475.0	185.0	70.0	56.7	57.7	71.5	77.2
2014-11-25	15446.0	150.0	2805.0	15015.0	12475.0	185.0	70.0	56.7	57.7	71.5	77.2
2014-12-02	15217.0	150.0	2400.0	14780.0	12645.0	185.0	70.0	55.6	56.6	71.4	77.2
2014-12-09	14712.0	150.0	2300.0	14290.0	12250.0	170.0	60.0	56.7	57.0	73.4	77.2
2014-12-16	14962.0	150.0	2300.0	14415.0	12375.0	295.0	185.0	53.8	54.0	70.1	73.9
2014-12-23	15162.0	150.0	2400.0	14615.0	12475.0	295.0	185.0	52.4	53.3	69.2	72.9
2014-12-30	15162.0	150.0	2400.0	14615.0	12475.0	295.0	185.0	52.4	53.3	69.2	72.9
2015-01-06	15207.0	150.0	2400.0	14635.0	12470.0	320.0	235.0	52.2	52.2	69.0	72.6
2015-01-13	14277.0	150.0	2300.0	13745.0	11700.0	280.0	175.0	52.7	52.8	69.7	73.8
2015-01-20	14277.0	150.0	2300.0	13745.0	11700.0	280.0	175.0	52.7	52.8	69.7	73.8
2015-01-27	14352.0	150.0	1795.0	13595.0	12055.0	280.0	175.0	51.4	52.5	66.5	70.9
2015-02-03	14372.0	150.0	1795.0	13615.0	12075.0	280.0	175.0	49.7	52.6	62.2	66.7
2015-02-10	12715.0	75.0	1390.0	12050.0	10835.0	265.0	165.0	51.4	51.2	63.9	66.3
2015-02-17	12765.0	75.0	1390.0	12100.0	10885.0	265.0	165.0	51.5	51.0	64.1	66.0
2015-02-24	12765.0	75.0	1415.0	12100.0	10860.0	265.0	165.0	52.1	51.0	64.7	66.4
2015-03-03	12815.0	75.0	1415.0	12150.0	10910.0	265.0	165.0	52.3	51.2	64.8	66.6
2015-03-10	12133.0	0.0	1010.0	11415.0	10560.0	395.0	240.0	60.0	52.2	70.7	71.4
2015-03-17	11958.0	0.0	1010.0	11240.0	10385.0	395.0	240.0	60.9	51.5	71.7	71.0
2015-03-24	11958.0	0.0	1010.0	11240.0	10385.0	395.0	240.0	60.9	51.5	71.7	71.0
2015-03-31	11958.0	0.0	1010.0	11240.0	10385.0	395.0	240.0	60.9	51.5	71.7	71.0
2015-04-07	11249.0	0.0	1185.0	10550.0	9520.0	385.0	230.0	61.7	53.8	74.1	76.8
2015-04-14	11969.0	0.0	1185.0	11270.0	10240.0	385.0	230.0	61.3	59.6	73.0	74.9
2015-04-21	11969.0	0.0	1185.0	11270.0	10240.0	385.0	230.0	61.3	59.6	73.0	74.9
2015-04-28	11969.0	0.0	1185.0	11270.0	10240.0	385.0	230.0	61.7	59.6	73.0	74.9
2015-05-05	12069.0	0.0	1276.0	11435.0	10140.0	320.0	339.0	61.9	59.1	74.6	75.0
2015-05-12	11260.0	0.0	1235.0	10645.0	9500.0	310.0	220.0	64.7	60.8	76.9	77.8
2015-05-19	11360.0	0.0	1335.0	10745.0	9500.0	310.0	220.0	64.2	60.3	77.1	78.0
2015-05-26	11460.0	0.0	1435.0	10845.0	9500.0	310.0	220.0	63.6	59.8	76.4	78.2
2015-06-02	11460.0	0.0	1435.0	10845.0	9500.0	310.0	220.0	63.6	59.8	76.4	78.2
2015-06-09	10751.0	0.0	1385.0	10150.0	8860.0	305.0	210.0	66.1	62.0	79.5	81.0
2015-06-16	10801.0	0.0	1435.0	10200.0	8860.0	305.0	210.0	65.8	61.8	79.6	81.1
2015-06-23	10801.0	0.0	1435.0	10200.0	8860.0	305.0	210.0	65.8	61.8	79.6	81.1
2015-06-30	10801.0	0.0	1435.0	10200.0	8860.0	305.0	210.0	65.8	61.8	79.6	81.1
2015-07-07	9991.0	0.0	1275.0	9405.0	8215.0	290.0	205.0	65.1	60.3	79.2	80.0
2015-07-14	9991.0	0.0	1275.0	9405.0	8215.0	290.0	205.0	65.1	60.3	79.2	80.0
2015-07-21	10901.0	0.0	1275.0	10315.0	9125.0	290.0	205.0	62.2	64.1	78.2	81.7
2015-07-28	10886.0	0.0	1275.0	10300.0	9110.0	290.0	205.0	67.1	66.9	83.2	84.6
2015-08-04	10886.0	0.0	1275.0	10300.0	9110.0	290.0	205.0	67.1	66.9	83.2	84.6
2015-08-11	9551.0	0.0	765.0	8980.0	8290.0	275.0	200.0	68.5	69.5	83.4	84.1
2015-08-18	9631.0	0.0	765.0	9060.0	8370.0	275.0	200.0	70.0	68.9	84.8	83.7
2015-08-25	9806.0	0.0	865.0	9235.0	8445.0	275.0	200.0	69.5	67.7	84.0	84.0
2015-09-01	10406.0	0.0	865.0	9835.0	9045.0	275.0	200.0	65.5	69.6	80.6	84.1
2015-09-29	11186.0	0.0	1015.0	10765.0	9680.0	125.0	195.0	62.8	67.5	85.6	82.6
2015-10-06	10551.0	0.0	980.0	10195.0	9150.0	125.0	190.0	64.7	67.2	87.6	82.9
2015-10-13	10551.0	0.0	980.0	10195.0	9150.0	125.0	190.0	64.7	67.2	87.6	82.5
2015-10-20	11281.0	0.0	980.0	10925.0	9900.0	125.0	170.0	70.9	76.2	92.5	89.0
2015-10-27	17176.0	0.0	1820.0	16870.0	15005.0	75.0	120.0	68.9	78.5	85.6	84.6
2015-11-03	17896.0	0.0	2000.0	17530.0	15545.0	135.0	120.0	69.4	79.4	85.9	85.2
2015-11-10	18526.0	0.0	1965.0	18115.0	16290.0	255.0	115.0	70.9	81.6	85.7	86.1
2015-11-17	18671.0	0.0	2065.0	18240.0	16340.0	275.0	110.0	70.3	81.5	85.6	86.0
2015-11-24	18671.0	0.0	2065.0	18240.0	16340.0	275.0	110.0	70.3	81.5	85.6	86.0
2015-12-01	18721.0	0.0	2065.0	18200.0	16420.0	365.0	80.0	68.9	80.6	84.1	85.1
2015-12-08	18421.0	0.0	2630.0	17675.0	15635.0	665.0	75.0	68.8	82.5	83.2	86.8
2015-12-15	18421.0	0.0	2630.0	17975.0	15635.0	365.0	75.0	68.8	82.5	84.6	86.8
2015-12-22	18946.0	0.0	3080.0	18500.0	15660.0	365.0	125.0	67.5	82.6	84.9	86.7
2015-12-29	19546.0	0.0	3730.0	19100.0	15660.0	365.0	75.0	67.3	83.4	85.3	87.4
2016-01-05	22516.0	0.0	5180.0	22070.0	17180.0	365.0	75.0	65.4	83.2	84.8	86.8
2016-01-12	24066.0	0.0	6545.0	23715.0	17440.0	345.0	75.0	63.2	85.3	83.7	88.9
2016-01-19	24641.0	0.0	6545.0	24290.0	18015.0	345.0	75.0	59.6	83.3	80.3	86.9
2016-01-26	24666.0	0.0	6545.0	24315.0	18040.0	345.0	75.0	59.6	83.3	80.2	86.8
2016-02-02	24986.0	0.0	6845.0	24635.0	18060.0	345.0	75.0	61.2	84.6	81.6	88.1
2016-02-09	24366.0	0.0	6685.0	24025.0	17600.0	335.0	75.0	59.9	84.3	79.3	88.1
2016-02-16	27076.0	0.0	9785.0	26735.0	17210.0	335.0	75.0	65.4	87.2	82.8	90.8
2016-02-23	29101.0	0.0	9785.0	28120.0	18655.0	975.0	655.0	67.8	88.3	84.1	91.7
2016-03-01	29906.0	0.0	10185.0	28895.0	19030.0	1005.0	685.0	69.4	89.0	85.2	92.6
2016-03-08	28961.0	0.0	10231.0	27920.0	18005.0	1041.0	725.0	70.3	90.1	85.8	93.5
2016-03-15	29561.0	0.0	10231.0	28520.0	18605.0	1041.0	725.0	70.9	88.2	86.1	93.3
2016-03-22	29561.0	0.0	10231.0	28520.0	18605.0	1041.0	725.0	70.9	88.2	86.1	93.3
2016-03-29	29611.0	0.0	10231.0	28520.0	18605.0	1091.0	775.0	70.8	88.1	86.0	93.2
2016-04-05	30661.0	0.0	10231.0	29345.0	19655.0	1316.0	775.0	72.2	89.0	86.9	93.9
2016-04-12	29974.0	0.0	10154.0	28810.0	18970.0	1164.0	850.0	72.0	89.7	86.9	94.3
2016-04-19	31394.0	0.0	12254.0	30855.0	18915.0	539.0	225.0	64.3	84.0	79.9	88.2
2016-04-26	31469.0	0.0	12254.0	30750.0	18990.0	719.0	225.0	61.1	83.8	78.4	87.3
2016-05-03	32349.0	0.0	13034.0	31630.0	19090.0	719.0	225.0	61.3	83.9	78.7	87.4
2016-05-10	32012.0	0.0	13107.0	31345.0	18730.0	667.0	175.0	62.5	86.1	80.5	88.7
2016-05-17	32122.0	150.0	13107.0	31295.0	18840.0	677.0	175.0	63.3	85.8	79.5	88.4
2016-05-24	32142.0	150.0	13107.0	31295.0	18860.0	697.0	175.0	63.2	85.8	79.4	88.4
2016-05-31	32142.0	150.0	13107.0	31295.0	18860.0	697.0	175.0	63.2	85.8	79.4	88.4
2016-06-07	31535.0	150.0	13280.0	30740.0	18130.0	645.0	125.0	64.5	87.1	81.2	89.9
2016-06-14	31775.0	50.0	13280.0	30980.0	18270.0	645.0	125.0	64.3	87.1	80.9	90.0
2016-06-21	31925.0	50.0	13230.0	31130.0	18470.0	645.0	125.0	63.8	86.5	80.1	89.4
2016-06-28	31850.0	150.0	13080.0	31030.0	18620.0	670.0	150.0	63.0	86.7	79.5	89.2
2016-07-05	31650.0	150.0	13080.0	30830.0	18420.0	670.0	150.0	63.4	87.3	80.0	89.7
2016-07-12	30445.0	0.0	12770.0	29800.0	17525.0	645.0	150.0	65.6	88.4	81.4	90.7
2016-07-19	30420.0	0.0	12920.0	29775.0	17350.0	645.0	150.0	65.9	88.4	81.8	91.1
2016-07-26	31285.0	0.0	13620.0	30745.0	17620.0	540.0	45.0	67.7	87.2	83.1	91.6
2016-08-02	31335.0	0.0	13670.0	30795.0	17620.0	540.0	45.0	67.8	87.2	83.1	91.6
2016-08-09	30175.0	100.0	12785.0	29260.0	17295.0	765.0	45.0	69.9	87.6	84.1	93.0
2016-08-16	30430.0	300.0	12885.0	29525.0	17420.0	555.0	75.0	69.3	87.0	84.2	92.5
2016-08-23	30590.0	900.0	13305.0	29025.0	17085.0	615.0	150.0	68.4	87.4	83.5	92.9
2016-08-30	31515.0	900.0	13705.0	29890.0	17550.0	675.0	210.0	68.4	86.3	83.5	92.6
2016-09-06	35245.0	900.0	14365.0	33425.0	20545.0	870.0	285.0	65.1	81.6	80.5	88.1
2016-09-13	34415.0	950.0	14400.0	32725.0	19845.0	740.0	170.0	67.5	83.2	82.2	88.8
2016-09-20	34965.0	950.0	14400.0	33275.0	20395.0	740.0	170.0	68.1	81.9	82.6	88.8
2016-09-27	35590.0	950.0	15075.0	33900.0	20345.0	740.0	170.0	68.9	82.4	83.1	89.2
2016-10-04	35770.0	950.0	15075.0	34080.0	20525.0	740.0	170.0	69.1	82.5	83.2	89.2
2016-10-11	34605.0	600.0	14865.0	33170.0	19460.0	835.0	280.0	72.0	84.4	86.0	91.0
2016-10-18	40135.0	600.0	16165.0	38795.0	23620.0	740.0	350.0	71.7	86.9	84.5	90.6
2016-10-25	44355.0	600.0	16915.0	43010.0	27095.0	745.0	345.0	74.4	87.8	85.1	91.1
2016-11-01	44705.0	600.0	16965.0	43360.0	27395.0	745.0	345.0	74.2	87.7	84.9	91.0
2016-11-08	43905.0	400.0	16660.0	42880.0	27010.0	625.0	235.0	75.2	88.0	85.4	91.2
2016-11-15	43930.0	400.0	16660.0	42905.0	27035.0	625.0	235.0	75.4	88.0	85.6	91.1
2016-11-22	44620.0	400.0	16660.0	43595.0	27725.0	625.0	235.0	74.5	86.6	85.8	91.0
2016-11-29	44995.0	400.0	16760.0	43970.0	28000.0	625.0	235.0	74.0	86.6	85.2	91.0
2016-12-06	44845.0	200.0	16550.0	44190.0	27970.0	455.0	325.0	75.1	87.7	87.2	92.0
2016-12-13	45325.0	200.0	16650.0	44670.0	28350.0	455.0	325.0	75.1	88.4	87.4	92.4
2016-12-20	46820.0	200.0	16650.0	46120.0	29790.0	500.0	380.0	75.8	85.6	87.7	92.0
2016-12-27	46820.0	200.0	16650.0	46120.0	29790.0	500.0	380.0	75.8	85.6	87.7	92.0
2017-01-03	46790.0	200.0	16650.0	46045.0	29715.0	545.0	425.0	75.4	85.9	87.2	92.0
2017-01-10	46195.0	0.0	16190.0	45715.0	29645.0	480.0	360.0	77.0	85.6	87.2	91.8
2017-01-17	42545.0	0.0	16140.0	42065.0	26045.0	480.0	360.0	74.8	83.0	85.4	89.6
2017-01-24	42855.0	0.0	17040.0	42375.0	25455.0	480.0	360.0	74.4	84.5	86.9	91.1
2017-01-31	43055.0	0.0	16790.0	42750.0	26080.0	305.0	185.0	75.1	83.4	87.4	89.7
