2014-01-14	53574.0	12951.0	650.0	40623.0	52924.0	0.0	0.0	65.3	45.7	75.7	62.3
2014-01-21	53724.0	9501.0	650.0	43905.0	52756.0	0.0	0.0	62.2	43.9	72.5	59.7
2014-01-28	54149.0	9851.0	641.0	43880.0	53090.0	0.0	0.0	60.8	42.7	73.2	60.0
2014-02-04	55660.0	8351.0	641.0	45846.0	53606.0	270.0	220.0	60.8	42.1	72.8	57.0
2014-02-11	63752.0	7152.0	291.0	54317.0	61178.0	1140.0	1140.0	57.2	40.7	70.3	57.2
2014-02-18	63282.0	7727.0	291.0	53647.0	61083.0	1140.0	1140.0	56.5	41.2	71.1	57.5
2014-02-25	67660.0	8327.0	291.0	53897.0	61933.0	4668.0	4668.0	52.2	39.7	65.9	54.7
2014-03-04	64707.0	8077.0	291.0	54722.0	62508.0	1140.0	1140.0	55.1	41.7	69.5	57.6
2014-03-11	63245.0	7103.0	0.0	51266.0	58369.0	4220.0	4220.0	51.0	40.4	65.0	54.8
2014-03-18	64249.0	8513.0	0.0	50590.0	59103.0	4800.0	4800.0	49.5	39.8	63.1	55.9
2014-03-25	64294.0	8613.0	0.0	50535.0	59148.0	4800.0	4800.0	52.7	41.4	65.4	58.2
2014-04-01	67194.0	10713.0	0.0	50260.0	60973.0	5875.0	5875.0	49.8	43.1	64.7	59.4
2014-04-08	61664.0	8844.0	0.0	47984.0	56828.0	4402.0	4402.0	45.8	42.3	63.3	59.7
2014-04-15	61739.0	8844.0	0.0	47825.0	56669.0	4636.0	4636.0	49.3	42.6	64.8	59.9
2014-04-22	64412.0	8844.0	0.0	50784.0	59628.0	4042.0	4042.0	48.2	43.7	63.1	59.6
2014-04-29	67275.0	8794.0	0.0	53129.0	61923.0	4482.0	4482.0	47.8	43.7	63.9	60.6
2014-05-06	65576.0	8945.0	0.0	51269.0	60214.0	4459.0	4459.0	46.4	45.9	64.4	62.3
2014-05-13	66427.0	9295.0	0.0	51170.0	60465.0	5059.0	5059.0	46.6	45.4	63.9	61.7
2014-05-20	66255.0	9195.0	0.0	50823.0	60018.0	5334.0	5334.0	46.7	45.7	64.2	62.1
2014-05-27	66205.0	9195.0	0.0	50773.0	59968.0	5334.0	5334.0	46.9	45.7	64.4	62.1
2014-06-03	66280.0	9095.0	0.0	50948.0	60093.0	5334.0	5284.0	47.3	45.7	64.8	62.6
2014-06-10	61775.0	8696.0	0.0	47483.0	56179.0	4746.0	4746.0	48.3	48.2	66.7	65.0
2014-06-17	62780.0	8696.0	0.0	48488.0	57184.0	4746.0	4746.0	48.4	48.1	66.6	66.1
2014-06-24	63837.0	9096.0	0.0	49095.0	58191.0	4796.0	4796.0	48.2	47.3	66.0	66.3
2014-07-01	64332.0	8896.0	0.0	49790.0	58686.0	4796.0	4796.0	47.3	47.6	66.1	65.5
2014-07-08	60143.0	8557.0	0.0	46702.0	55259.0	4148.0	4148.0	47.1	47.3	66.4	65.7
2014-07-15	59393.0	8557.0	0.0	45707.0	54309.0	4393.0	4348.0	46.9	47.9	66.5	65.9
2014-07-22	57683.0	8457.0	0.0	44097.0	52599.0	4393.0	4348.0	47.3	49.6	64.8	66.8
2014-07-29	59608.0	8407.0	0.0	45927.0	54379.0	4538.0	4493.0	41.8	48.0	59.0	65.8
2014-08-05	59573.0	8615.0	0.0	45297.0	54199.0	4908.0	4621.0	41.6	48.1	59.2	66.0
2014-08-12	55249.0	7493.0	0.0	43294.0	50832.0	3690.0	3645.0	42.1	48.5	60.7	67.4
2014-08-19	55724.0	6643.0	0.0	44469.0	51157.0	3690.0	3645.0	40.5	48.4	59.6	67.4
2014-08-26	57613.0	6543.0	0.0	46458.0	53046.0	3690.0	3645.0	36.8	47.3	55.2	65.6
2014-09-02	57613.0	6543.0	0.0	46458.0	53046.0	3690.0	3645.0	36.8	47.3	55.2	65.6
2014-09-09	55317.0	6449.0	0.0	45170.0	51664.0	2840.0	2795.0	40.4	46.9	58.0	66.7
2014-09-16	58562.0	8049.0	200.0	46415.0	54309.0	3240.0	3195.0	43.2	48.1	60.2	66.7
2014-09-23	59237.0	7849.0	550.0	46930.0	54274.0	3450.0	3405.0	43.2	49.0	60.0	67.0
2014-09-30	59814.0	8259.0	1200.0	46897.0	54001.0	3650.0	3605.0	43.6	49.3	60.5	66.7
2014-10-07	55527.0	7670.0	1100.0	43668.0	50268.0	3245.0	3215.0	43.6	50.1	61.3	67.5
2014-10-14	56292.0	7655.0	1370.0	44398.0	50713.0	3245.0	3215.0	43.5	49.9	61.1	67.3
2014-10-21	59482.0	7330.0	1545.0	47948.0	53763.0	3145.0	3115.0	45.7	52.5	62.2	68.7
2014-10-28	59352.0	7580.0	1895.0	47468.0	53183.0	3245.0	3215.0	47.6	50.0	62.9	67.2
2014-11-04	59842.0	7735.0	1395.0	48173.0	55143.0	3525.0	2895.0	49.5	49.4	64.6	66.8
2014-11-11	57203.0	7837.0	1395.0	46322.0	52779.0	2750.0	2735.0	49.1	51.8	66.7	68.2
2014-11-18	57720.0	6907.0	1395.0	47177.0	52704.0	2850.0	2835.0	48.5	52.6	67.4	69.4
2014-11-25	60658.0	6807.0	1395.0	49637.0	55064.0	3428.0	3413.0	48.8	52.2	65.5	65.8
2014-12-02	60609.0	6402.0	1445.0	49987.0	54959.0	3428.0	3413.0	49.4	52.4	65.5	66.0
2014-12-09	57413.0	6454.0	1495.0	47409.0	52368.0	2873.0	2873.0	50.0	53.4	67.0	67.6
2014-12-16	58333.0	6524.0	1425.0	47974.0	53073.0	3158.0	3158.0	50.3	53.0	67.0	67.7
2014-12-23	58733.0	6574.0	1625.0	48324.0	53273.0	3158.0	3158.0	50.6	52.7	67.2	67.7
2014-12-30	58853.0	6574.0	1625.0	48444.0	53393.0	3158.0	3158.0	50.5	52.6	67.2	67.6
2015-01-06	59603.0	6612.0	1625.0	48807.0	53941.0	3545.0	3398.0	49.9	51.9	67.3	68.3
2015-01-13	56965.0	6410.0	1200.0	47212.0	52442.0	2780.0	2760.0	53.0	52.0	70.9	67.7
2015-01-20	57285.0	6360.0	1200.0	47507.0	52677.0	2855.0	2845.0	52.7	52.0	70.6	67.3
2015-01-27	58125.0	5579.0	1200.0	48787.0	53176.0	2855.0	2845.0	52.1	51.8	69.6	66.7
2015-02-03	59425.0	5554.0	1175.0	49873.0	54262.0	3069.0	3059.0	52.7	51.5	70.1	67.0
2015-02-10	62597.0	4743.0	750.0	53549.0	57552.0	3326.0	3316.0	59.3	50.2	79.2	71.1
2015-02-17	69162.0	9318.0	850.0	55550.0	64028.0	3290.0	3280.0	63.7	52.5	81.4	74.0
2015-02-24	71402.0	10968.0	850.0	56190.0	66318.0	3290.0	3280.0	64.4	52.8	82.3	73.9
2015-03-03	74037.0	11543.0	850.0	58210.0	68913.0	3305.0	3295.0	65.2	54.0	83.1	74.4
2015-03-10	70514.0	10982.0	580.0	55458.0	65850.0	3075.0	3085.0	65.5	57.2	83.6	76.7
2015-03-17	71874.0	11222.0	580.0	56578.0	67210.0	3075.0	3085.0	65.7	55.7	82.8	75.6
2015-03-24	71934.0	11172.0	580.0	56528.0	67110.0	3185.0	3195.0	65.6	55.4	82.6	75.2
2015-03-31	71959.0	11147.0	580.0	56553.0	67110.0	3185.0	3195.0	65.5	54.0	82.3	74.6
2015-04-07	67764.0	11726.0	230.0	52298.0	63794.0	2945.0	2945.0	66.5	56.6	84.0	75.6
2015-04-14	70209.0	11726.0	230.0	54743.0	66239.0	2945.0	2945.0	65.3	57.4	83.8	76.3
2015-04-21	71069.0	11726.0	230.0	55603.0	67099.0	2945.0	2945.0	65.4	57.2	84.2	77.1
2015-04-28	71814.0	11726.0	230.0	56188.0	67694.0	3105.0	3095.0	64.8	56.2	83.5	77.0
2015-05-05	72554.0	12706.0	230.0	55703.0	68279.0	3330.0	3230.0	63.6	55.9	81.8	77.4
2015-05-12	70504.0	13328.0	230.0	53623.0	66721.0	2960.0	2960.0	65.7	58.3	83.7	79.8
2015-05-19	71274.0	13428.0	230.0	54293.0	67491.0	2960.0	2960.0	66.0	57.4	83.8	80.0
2015-05-26	71674.0	13828.0	230.0	54293.0	67891.0	2960.0	2960.0	66.2	57.1	83.9	79.5
2015-06-02	71749.0	13763.0	230.0	54333.0	67866.0	3060.0	3060.0	66.2	56.6	83.8	79.5
2015-06-09	70327.0	13920.0	230.0	53338.0	66858.0	2753.0	2923.0	66.8	59.5	85.3	82.4
2015-06-16	71112.0	13970.0	230.0	54073.0	67643.0	2753.0	2923.0	67.1	59.7	86.2	83.7
2015-06-23	71367.0	13970.0	230.0	54328.0	67898.0	2753.0	2923.0	66.6	59.6	85.7	83.6
2015-06-30	72212.0	11570.0	230.0	57573.0	68743.0	2753.0	2923.0	65.3	59.5	84.6	83.5
2015-07-07	69368.0	10690.0	215.0	55823.0	66146.0	2539.0	2691.0	66.3	59.9	85.3	83.3
2015-07-14	69858.0	10690.0	215.0	56313.0	66636.0	2539.0	2691.0	67.2	59.4	86.0	82.7
2015-07-21	72028.0	10270.0	215.0	58903.0	68806.0	2539.0	2691.0	67.7	59.1	86.3	82.8
2015-07-28	72573.0	10220.0	215.0	59498.0	69351.0	2539.0	2691.0	67.6	59.2	86.5	82.7
2015-08-04	73333.0	9920.0	215.0	60558.0	70111.0	2539.0	2691.0	67.7	59.2	86.4	82.7
2015-08-11	69811.0	8750.0	150.0	58118.0	66584.0	2627.0	2761.0	68.1	59.6	86.6	81.5
2015-08-18	69771.0	8750.0	150.0	58078.0	66544.0	2627.0	2761.0	68.1	59.8	86.6	81.7
2015-08-25	70551.0	9210.0	150.0	58377.0	67303.0	2648.0	2782.0	68.3	59.6	86.6	81.4
2015-09-01	71311.0	9210.0	150.0	58987.0	67913.0	2798.0	2932.0	68.4	59.1	86.5	81.0
2015-09-08	67439.0	8450.0	0.0	55851.0	64100.0	2842.0	3043.0	68.5	58.8	86.3	80.9
2015-09-15	68687.0	9100.0	0.0	56449.0	65348.0	2842.0	3043.0	68.8	58.7	85.5	80.4
2015-09-22	68952.0	9224.0	0.0	56614.0	65623.0	2828.0	3043.0	68.8	58.4	85.3	80.0
2015-09-29	69567.0	9524.0	0.0	56700.0	66009.0	3057.0	3272.0	68.0	57.4	84.3	79.3
2015-10-06	67047.0	9432.0	0.0	54430.0	63737.0	2862.0	2987.0	67.5	56.6	83.6	79.1
2015-10-13	68682.0	9282.0	0.0	56019.0	65176.0	3058.0	3183.0	67.5	56.4	83.3	78.6
2015-10-20	71502.0	10327.0	0.0	57894.0	68096.0	3058.0	3183.0	67.3	59.2	82.7	79.8
2015-10-27	72332.0	10992.0	0.0	58043.0	68910.0	3074.0	3199.0	67.4	54.6	77.5	72.7
2015-11-03	74527.0	13772.0	0.0	57404.0	71051.0	3128.0	3253.0	66.2	53.4	76.0	71.4
2015-11-10	75442.0	13405.0	0.0	59102.0	72417.0	2785.0	2875.0	68.4	50.6	77.3	72.7
2015-11-17	77612.0	13330.0	0.0	59597.0	72927.0	4535.0	4535.0	66.3	47.5	74.9	68.5
2015-11-24	79897.0	14080.0	0.0	60386.0	74466.0	5281.0	5281.0	65.8	45.7	74.1	66.3
2015-12-01	80977.0	14080.0	0.0	61466.0	75546.0	5281.0	5281.0	64.0	44.5	74.2	67.1
2015-12-08	79378.0	14288.0	0.0	60227.0	74215.0	4786.0	5086.0	63.8	46.7	73.8	66.6
2015-12-15	80113.0	13838.0	0.0	61237.0	75075.0	4961.0	4961.0	63.3	46.4	73.4	66.7
2015-12-22	81478.0	14288.0	0.0	61632.0	75970.0	5481.0	5431.0	62.7	47.0	72.4	66.0
2015-12-29	82078.0	14938.0	0.0	61632.0	76570.0	5431.0	5431.0	63.0	47.0	72.4	66.0
2016-01-05	84673.0	16488.0	0.0	62677.0	79165.0	5431.0	5431.0	63.2	46.9	72.6	67.2
2016-01-12	86699.0	17371.0	0.0	64138.0	81509.0	5186.0	5186.0	66.2	47.2	76.0	69.0
2016-01-19	88779.0	17371.0	0.0	65968.0	83589.0	5436.0	5186.0	66.1	47.1	75.7	67.7
2016-01-26	90004.0	17321.0	0.0	67393.0	84714.0	5286.0	5286.0	67.7	46.7	77.1	68.9
2016-02-02	90659.0	15876.0	50.0	69493.0	85319.0	5286.0	5286.0	66.2	47.0	76.2	67.0
2016-02-09	91848.0	14449.0	50.0	72348.0	86647.0	5012.0	5112.0	70.1	47.0	79.2	67.0
2016-02-16	95133.0	18059.0	0.0	72108.0	90167.0	4912.0	4912.0	71.1	45.9	79.9	68.0
2016-02-23	97278.0	18979.0	0.0	71268.0	90247.0	6847.0	6847.0	66.2	46.5	79.1	68.2
2016-03-01	98553.0	19979.0	175.0	71008.0	90312.0	7432.0	7932.0	63.6	46.7	75.8	65.3
2016-03-08	95063.0	19722.0	150.0	67763.0	87335.0	7444.0	7444.0	63.8	47.0	75.4	65.2
2016-03-15	99958.0	19222.0	100.0	72493.0	91615.0	8059.0	8059.0	63.3	47.3	75.5	65.0
2016-03-22	101923.0	19222.0	100.0	73893.0	93015.0	8624.0	8624.0	62.5	47.8	75.5	65.2
2016-03-29	102227.0	19152.0	100.0	73989.0	93041.0	8902.0	8902.0	62.5	47.6	75.3	64.9
2016-04-05	102689.0	20602.0	275.0	72896.0	93558.0	8807.0	8472.0	63.3	47.4	75.5	64.6
2016-04-12	101893.0	19860.0	275.0	74183.0	93928.0	7466.0	7306.0	64.9	49.1	78.5	66.9
2016-04-19	104904.0	23080.0	375.0	74831.0	97536.0	6659.0	6659.0	66.2	50.6	79.8	68.0
2016-04-26	108324.0	22880.0	425.0	77901.0	100356.0	7209.0	7209.0	62.1	51.0	78.1	68.1
2016-05-03	110479.0	23610.0	1025.0	79651.0	102236.0	7034.0	7034.0	62.3	52.6	80.3	69.7
2016-05-10	111372.0	23170.0	1365.0	81736.0	103541.0	6264.0	6264.0	59.4	52.5	80.4	69.1
2016-05-17	113457.0	23545.0	1065.0	83391.0	105871.0	6269.0	6269.0	55.6	52.7	76.7	68.8
2016-05-24	115042.0	23795.0	1965.0	84591.0	106421.0	6164.0	6164.0	54.7	52.2	76.9	68.4
2016-05-31	114162.0	23870.0	2190.0	83751.0	105431.0	6024.0	6024.0	54.7	51.4	76.1	67.4
2016-06-07	111811.0	24905.0	2265.0	81174.0	103999.0	5417.0	5232.0	53.9	51.6	75.6	67.5
2016-06-14	116335.0	24280.0	1715.0	85998.0	108748.0	5792.0	5607.0	54.1	51.0	74.3	66.5
2016-06-21	117215.0	24930.0	1645.0	85888.0	109293.0	6022.0	5902.0	51.2	50.6	74.1	66.2
2016-06-28	119411.0	25165.0	1265.0	87129.0	111149.0	6402.0	6282.0	51.2	51.2	73.7	66.5
2016-07-05	119731.0	25040.0	1265.0	87419.0	111314.0	6557.0	6437.0	51.9	51.1	73.6	66.3
2016-07-12	115039.0	24505.0	1170.0	83429.0	106864.0	6340.0	6240.0	52.5	50.8	73.2	66.0
2016-07-19	116214.0	25720.0	1195.0	83324.0	107949.0	6330.0	6230.0	52.0	50.4	71.1	65.0
2016-07-26	118994.0	28620.0	1095.0	83174.0	110799.0	6375.0	6275.0	50.3	49.5	69.1	63.9
2016-08-02	120559.0	28575.0	1020.0	84704.0	112359.0	6300.0	6200.0	49.5	49.5	68.1	63.8
2016-08-09	117214.0	28515.0	1070.0	82734.0	109938.0	5335.0	5576.0	51.4	51.2	68.9	65.0
2016-08-16	119279.0	28890.0	1070.0	84514.0	112424.0	5270.0	5180.0	51.0	50.8	68.7	64.9
2016-08-23	120584.0	30215.0	1070.0	84069.0	113309.0	5570.0	5475.0	49.8	50.5	67.0	64.4
2016-08-30	120779.0	30690.0	1070.0	83389.0	113104.0	6030.0	5935.0	48.7	50.9	66.0	64.8
2016-09-06	122429.0	31065.0	1070.0	84614.0	114674.0	6080.0	6015.0	45.8	53.2	64.7	65.1
2016-09-13	118494.0	32110.0	870.0	80440.0	111760.0	5549.0	5469.0	46.5	53.6	63.7	65.4
2016-09-20	120789.0	34495.0	870.0	80835.0	114540.0	4914.0	4834.0	46.6	54.5	64.1	66.4
2016-09-27	122469.0	35770.0	870.0	81310.0	116265.0	4779.0	4724.0	45.6	54.9	64.0	66.7
2016-10-04	125339.0	36595.0	870.0	83365.0	119145.0	4569.0	4514.0	45.6	53.6	64.1	65.5
2016-10-11	120424.0	36130.0	85.0	79258.0	115288.0	4116.0	4131.0	48.0	54.5	65.4	66.4
2016-10-18	123554.0	37705.0	85.0	79573.0	116813.0	5156.0	5536.0	53.0	53.5	68.2	66.7
2016-10-25	124344.0	38255.0	85.0	79493.0	117663.0	5351.0	5351.0	52.4	52.6	67.6	66.3
2016-11-01	125534.0	38380.0	85.0	80368.0	118663.0	5466.0	5466.0	51.8	52.4	67.4	66.1
2016-11-08	121986.0	38195.0	0.0	77233.0	115488.0	5413.0	5353.0	52.2	52.6	67.2	66.2
2016-11-15	122361.0	38195.0	0.0	77508.0	115743.0	5513.0	5473.0	52.6	52.8	67.3	66.3
2016-11-22	122966.0	37945.0	0.0	78238.0	116183.0	5613.0	5613.0	52.1	52.5	66.8	66.0
2016-11-29	122686.0	37345.0	0.0	79573.0	116743.0	4723.0	4898.0	50.6	53.4	69.3	66.9
2016-12-06	120744.0	36460.0	0.0	76100.0	112560.0	7264.0	7264.0	50.9	54.0	69.4	66.9
2016-12-13	122219.0	36610.0	0.0	77820.0	114430.0	7119.0	7119.0	51.7	55.0	70.1	67.7
2016-12-20	123539.0	36840.0	0.0	79500.0	116110.0	6759.0	6989.0	51.3	55.1	69.7	67.7
2016-12-27	123629.0	37065.0	0.0	79405.0	116770.0	6719.0	6419.0	50.6	55.1	69.1	67.8
2017-01-03	122614.0	37215.0	0.0	78565.0	115780.0	6294.0	6294.0	50.9	55.6	69.7	68.3
2017-01-10	113472.0	36615.0	0.0	70037.0	106647.0	6550.0	6555.0	50.6	56.3	69.9	69.2
2017-01-17	115722.0	36715.0	0.0	71427.0	108137.0	7310.0	7315.0	51.8	55.3	68.1	67.9
2017-01-24	118207.0	36290.0	0.0	73837.0	110122.0	7810.0	7815.0	54.9	55.4	68.4	67.7
2017-01-31	122967.0	35415.0	225.0	79207.0	114392.0	7850.0	7855.0	57.5	54.3	69.7	67.3
