2014-01-14	42675.0	5300.0	725.0	36055.0	40670.0	620.0	580.0	48.6	45.8	61.8	58.2
2014-01-21	46705.0	5000.0	750.0	40205.0	44375.0	500.0	580.0	46.3	45.6	61.9	60.4
2014-01-28	47690.0	4225.0	400.0	40590.0	44335.0	500.0	580.0	45.3	44.7	59.9	58.2
2014-02-04	47540.0	4000.0	525.0	40415.0	43810.0	500.0	580.0	45.4	44.4	60.7	58.1
2014-02-11	45485.0	3725.0	600.0	38635.0	41575.0	500.0	685.0	44.1	44.1	59.6	56.9
2014-02-18	46885.0	3725.0	1300.0	40185.0	42425.0	675.0	860.0	45.3	43.7	61.2	56.6
2014-02-25	48730.0	3450.0	1500.0	40020.0	41785.0	2685.0	2870.0	43.6	42.7	58.8	55.3
2014-03-04	46780.0	3875.0	1375.0	39470.0	41845.0	735.0	860.0	44.8	46.1	60.6	59.1
2014-03-11	47225.0	4900.0	2375.0	38190.0	40605.0	2610.0	2720.0	43.8	43.5	58.6	57.1
2014-03-18	47400.0	5500.0	2725.0	37565.0	40230.0	2810.0	2920.0	45.5	43.4	59.7	57.7
2014-03-25	47110.0	5500.0	3175.0	37565.0	39780.0	2770.0	2880.0	45.8	43.7	59.8	59.0
2014-04-01	47000.0	5800.0	3175.0	37155.0	39670.0	2770.0	2880.0	41.4	40.7	55.4	56.1
2014-04-08	44950.0	6000.0	3075.0	35240.0	38131.0	2635.0	2669.0	42.1	41.6	55.5	56.7
2014-04-15	44990.0	4775.0	1850.0	35465.0	38296.0	2450.0	2544.0	41.7	41.0	54.8	53.5
2014-04-22	45120.0	4675.0	1850.0	35645.0	38376.0	2500.0	2594.0	41.8	41.9	54.8	54.3
2014-04-29	44934.0	4325.0	2550.0	36425.0	38106.0	2500.0	2594.0	43.5	41.3	57.6	55.6
2014-05-06	43174.0	4350.0	2375.0	34630.0	36706.0	2560.0	2459.0	44.0	41.6	56.9	55.2
2014-05-13	42500.0	4350.0	3825.0	34620.0	35246.0	2135.0	2034.0	45.4	39.6	58.6	56.9
2014-05-20	42050.0	3875.0	3850.0	34645.0	34771.0	2135.0	2034.0	45.8	39.6	59.2	57.2
2014-05-27	42280.0	3875.0	3925.0	34875.0	34926.0	2135.0	2034.0	47.0	39.3	59.3	57.0
2014-06-03	42400.0	3875.0	3925.0	34995.0	35046.0	2135.0	2034.0	46.9	38.9	59.2	56.5
2014-06-10	39020.0	3850.0	3700.0	31775.0	32041.0	2000.0	1884.0	51.8	40.5	63.6	58.3
2014-06-17	40045.0	3850.0	4300.0	32800.0	32466.0	2000.0	1884.0	50.6	39.3	62.8	58.5
2014-06-24	40405.0	3850.0	5400.0	33660.0	32226.0	2000.0	1884.0	50.5	38.1	62.5	58.4
2014-07-01	41090.0	3850.0	6600.0	34310.0	31736.0	2285.0	2109.0	49.6	40.5	62.2	60.5
2014-07-08	39035.0	4125.0	6150.0	32115.0	30281.0	2150.0	1959.0	48.9	41.0	61.6	59.2
2014-07-15	39660.0	4125.0	6575.0	32990.0	30731.0	2075.0	1884.0	50.2	40.4	61.0	58.6
2014-07-22	39775.0	4125.0	6650.0	33195.0	30861.0	2075.0	1884.0	55.0	39.5	62.6	57.9
2014-07-29	40220.0	4125.0	7500.0	33400.0	30576.0	2565.0	2014.0	56.2	40.3	63.7	58.5
2014-08-05	40295.0	4125.0	7475.0	32000.0	30656.0	4040.0	2034.0	54.3	42.3	61.7	60.1
2014-08-12	37710.0	3875.0	6925.0	31220.0	28868.0	2485.0	1787.0	58.3	43.0	64.7	59.3
2014-08-19	38100.0	3875.0	6925.0	31620.0	29268.0	2475.0	1777.0	57.7	39.0	64.0	55.2
2014-08-26	38100.0	3875.0	6925.0	31605.0	29253.0	2490.0	1792.0	57.7	40.0	64.0	56.2
2014-09-02	38100.0	3875.0	6925.0	31605.0	29253.0	2490.0	1792.0	57.7	40.0	64.0	56.2
2014-09-09	35565.0	3625.0	6550.0	29395.0	27170.0	2415.0	1715.0	57.5	37.7	62.8	53.3
2014-09-16	36165.0	3625.0	6550.0	29695.0	27770.0	2715.0	1715.0	56.5	37.9	62.0	53.4
2014-09-23	36165.0	3625.0	6550.0	29995.0	27770.0	2415.0	1715.0	56.5	37.9	62.0	53.2
2014-09-30	36265.0	3625.0	6550.0	30095.0	27870.0	2415.0	1715.0	56.7	37.8	62.1	53.1
2014-10-07	34225.0	3600.0	6105.0	28195.0	26515.0	2430.0	1605.0	55.8	39.4	61.1	52.8
2014-10-14	34255.0	3700.0	5975.0	28125.0	26545.0	2430.0	1735.0	55.7	39.4	61.1	52.3
2014-10-21	34255.0	3700.0	5975.0	28125.0	26545.0	2430.0	1735.0	55.7	39.4	61.1	52.3
2014-10-28	34255.0	3650.0	5975.0	28175.0	26545.0	2430.0	1735.0	55.7	39.2	60.9	52.2
2014-11-04	34255.0	3175.0	5975.0	28650.0	26545.0	2430.0	1735.0	55.7	39.2	60.9	52.2
2014-11-11	31640.0	3150.0	5575.0	26200.0	24465.0	2290.0	1600.0	54.8	40.7	60.0	52.7
2014-11-18	32240.0	3150.0	5575.0	26980.0	25065.0	2110.0	1600.0	53.8	40.0	61.3	52.2
2014-11-25	32240.0	3150.0	5575.0	26980.0	25065.0	2110.0	1600.0	53.8	43.0	61.3	54.5
2014-12-02	32240.0	3150.0	5575.0	26980.0	25065.0	2110.0	1600.0	53.8	43.0	61.3	54.5
2014-12-09	30200.0	3125.0	5175.0	25105.0	23560.0	1970.0	1465.0	51.7	45.3	60.5	57.2
2014-12-16	30450.0	3125.0	5225.0	25355.0	23760.0	1970.0	1465.0	51.3	45.1	59.5	56.2
2014-12-23	30450.0	3125.0	5225.0	25355.0	23760.0	1970.0	1465.0	51.3	45.1	59.5	56.2
2014-12-30	30450.0	3125.0	5225.0	25355.0	23760.0	1970.0	1465.0	51.3	45.1	59.5	56.2
2015-01-06	32250.0	3725.0	5225.0	25225.0	25535.0	3300.0	1490.0	44.5	43.1	53.0	53.7
2015-01-13	29660.0	3700.0	4825.0	24130.0	23385.0	1830.0	1450.0	46.9	45.6	56.6	57.7
2015-01-20	29660.0	3700.0	4825.0	24130.0	23385.0	1830.0	1450.0	46.9	45.6	56.6	57.7
2015-01-27	29660.0	3700.0	4825.0	24130.0	23385.0	1830.0	1450.0	46.9	45.6	56.6	57.7
2015-02-03	29660.0	3700.0	4825.0	24130.0	23385.0	1830.0	1450.0	46.9	45.6	56.6	57.7
2015-02-10	28795.0	3475.0	4725.0	23660.0	22785.0	1660.0	1285.0	46.4	44.9	57.7	56.0
2015-02-17	28795.0	3475.0	4725.0	23660.0	22785.0	1660.0	1285.0	46.4	44.9	57.7	56.0
2015-02-24	29495.0	3475.0	4725.0	24360.0	23485.0	1660.0	1285.0	45.3	47.5	56.4	57.1
2015-03-03	30695.0	3475.0	4725.0	25560.0	24685.0	1660.0	1285.0	43.6	49.6	58.1	58.8
2015-03-10	29080.0	3250.0	4625.0	24025.0	23275.0	1805.0	1180.0	44.7	50.9	59.1	59.7
2015-03-17	29155.0	3250.0	4625.0	24100.0	23350.0	1805.0	1180.0	44.6	51.1	59.0	59.8
2015-03-24	29155.0	3250.0	4625.0	24100.0	23350.0	1805.0	1180.0	44.6	51.1	59.0	59.8
2015-03-31	29155.0	3150.0	4625.0	24100.0	23250.0	1805.0	1180.0	44.6	51.1	58.7	59.6
2015-04-07	27878.0	2925.0	4500.0	23175.0	22220.0	1678.0	1058.0	45.2	51.5	58.5	59.5
2015-04-14	27878.0	2925.0	4500.0	23175.0	22220.0	1678.0	1058.0	45.2	51.5	58.5	59.5
2015-04-21	28478.0	2925.0	4500.0	23775.0	22820.0	1678.0	1058.0	44.2	52.5	58.4	60.4
2015-04-28	28528.0	2925.0	4500.0	23825.0	22870.0	1678.0	1058.0	44.1	52.1	57.9	59.9
2015-05-05	29318.0	2925.0	4600.0	25030.0	23470.0	1263.0	1148.0	42.9	54.3	56.3	61.6
2015-05-12	28141.0	2800.0	4475.0	24230.0	22730.0	1111.0	936.0	42.9	55.2	56.3	62.5
2015-05-19	28141.0	2800.0	4475.0	24230.0	22730.0	1111.0	936.0	42.9	55.2	56.6	62.5
2015-05-26	28141.0	2800.0	4475.0	24230.0	22730.0	1111.0	936.0	42.9	55.2	56.6	62.5
2015-06-02	28141.0	2800.0	4475.0	24230.0	22730.0	1111.0	936.0	42.9	55.2	56.6	62.5
2015-06-09	26929.0	2575.0	4250.0	23285.0	21865.0	1069.0	814.0	43.5	56.5	56.7	63.5
2015-06-16	26829.0	1975.0	4250.0	23535.0	21515.0	1069.0	814.0	43.6	54.5	56.4	61.5
2015-06-23	27029.0	1975.0	4250.0	23735.0	21715.0	1069.0	814.0	43.3	54.8	56.1	61.8
2015-06-30	27029.0	1975.0	4250.0	23735.0	21715.0	1069.0	814.0	43.3	54.8	56.1	61.8
2015-07-07	25602.0	1750.0	4050.0	22645.0	20585.0	957.0	717.0	44.1	54.7	56.0	61.6
2015-07-14	25602.0	1750.0	4050.0	22645.0	20585.0	957.0	717.0	44.1	54.7	56.0	61.6
2015-07-21	25602.0	1750.0	4050.0	22645.0	20585.0	957.0	717.0	44.1	54.7	56.0	61.6
2015-07-28	25602.0	1750.0	4050.0	22645.0	20585.0	957.0	717.0	44.1	54.7	56.0	61.6
2015-08-04	26097.0	1750.0	4050.0	23140.0	21080.0	957.0	717.0	43.3	56.0	57.1	62.8
2015-08-11	24515.0	1325.0	3800.0	22080.0	19855.0	860.0	610.0	43.4	56.3	57.4	63.7
2015-08-18	24940.0	1325.0	3800.0	22505.0	20280.0	860.0	610.0	42.6	60.1	56.0	66.6
2015-08-25	25140.0	1325.0	3800.0	22705.0	20480.0	860.0	610.0	42.3	60.4	56.4	66.9
2015-09-01	26165.0	1325.0	3800.0	23730.0	21505.0	860.0	610.0	42.0	58.5	56.4	66.5
2015-09-08	25208.0	900.0	3550.0	23295.0	20905.0	763.0	503.0	41.8	60.3	58.7	67.9
2015-09-15	25808.0	900.0	3550.0	23895.0	21505.0	763.0	503.0	41.2	61.2	57.7	68.6
2015-09-22	25708.0	900.0	3550.0	23795.0	21405.0	763.0	503.0	41.3	60.7	58.0	68.1
2015-09-29	25708.0	900.0	3550.0	23795.0	21405.0	763.0	503.0	41.3	60.7	58.0	68.1
2015-10-06	23596.0	1175.0	100.0	21205.0	22550.0	866.0	596.0	45.6	63.7	64.2	71.9
2015-10-13	23596.0	1175.0	100.0	21205.0	22550.0	866.0	596.0	45.6	63.7	64.2	71.9
2015-10-20	23696.0	675.0	100.0	21805.0	22550.0	866.0	696.0	45.4	63.4	64.4	71.6
2015-10-27	23696.0	675.0	100.0	21805.0	22650.0	866.0	596.0	45.4	63.4	64.4	72.0
2015-11-03	23696.0	675.0	100.0	21805.0	22650.0	866.0	596.0	45.4	63.4	64.4	72.0
2015-11-10	22309.0	550.0	0.0	20765.0	21595.0	744.0	464.0	47.7	65.2	66.4	74.4
2015-11-17	22289.0	550.0	0.0	20745.0	21575.0	744.0	464.0	47.8	65.3	66.4	74.4
2015-11-24	24689.0	550.0	0.0	23145.0	23975.0	744.0	464.0	52.9	68.7	69.6	76.9
2015-12-01	24689.0	550.0	0.0	23145.0	23975.0	744.0	464.0	52.9	68.7	69.6	76.9
2015-12-08	23052.0	275.0	0.0	21855.0	22420.0	672.0	382.0	56.6	69.6	73.4	79.0
2015-12-15	23052.0	275.0	0.0	21855.0	22420.0	672.0	382.0	56.6	69.6	73.4	79.0
2015-12-22	23052.0	275.0	0.0	21855.0	22420.0	672.0	382.0	56.6	69.6	73.4	79.0
2015-12-29	23052.0	275.0	0.0	21855.0	22420.0	672.0	382.0	56.6	69.6	73.4	79.0
2016-01-05	23052.0	275.0	0.0	21855.0	22420.0	672.0	382.0	56.6	69.6	73.4	79.0
2016-01-12	21265.0	300.0	0.0	20240.0	20740.0	600.0	400.0	59.7	70.3	75.2	81.6
2016-01-19	21265.0	300.0	0.0	20240.0	20740.0	600.0	400.0	59.7	70.3	75.2	81.6
2016-01-26	21515.0	300.0	0.0	20490.0	20990.0	600.0	400.0	59.0	71.8	76.7	82.9
2016-02-02	21515.0	300.0	0.0	20490.0	20990.0	600.0	400.0	59.0	71.8	76.7	82.9
2016-02-09	20530.0	250.0	0.0	19620.0	20065.0	535.0	340.0	58.5	71.6	76.1	82.8
2016-02-16	20530.0	250.0	0.0	19620.0	20065.0	535.0	340.0	58.5	71.6	76.1	82.8
2016-02-23	20660.0	250.0	0.0	19750.0	20195.0	535.0	340.0	57.4	70.6	75.1	81.8
2016-03-01	20650.0	250.0	0.0	19815.0	20260.0	460.0	265.0	57.9	69.0	73.2	79.9
2016-03-08	19465.0	200.0	0.0	18745.0	19135.0	395.0	205.0	60.0	68.3	74.2	79.4
2016-03-15	20065.0	200.0	0.0	19225.0	19615.0	515.0	325.0	58.2	69.2	72.0	77.4
2016-03-22	20065.0	200.0	0.0	19225.0	19615.0	515.0	325.0	58.2	69.2	72.0	77.4
2016-03-29	20065.0	200.0	0.0	19225.0	19615.0	515.0	325.0	58.2	69.2	72.0	77.4
2016-04-05	20065.0	200.0	0.0	18955.0	19100.0	785.0	840.0	58.2	66.6	71.7	74.9
2016-04-12	18835.0	150.0	0.0	18060.0	18395.0	500.0	315.0	60.0	67.8	73.2	76.5
2016-04-19	19060.0	150.0	0.0	18185.0	18520.0	600.0	415.0	59.3	68.6	72.3	75.6
2016-04-26	19060.0	150.0	0.0	18185.0	18520.0	600.0	415.0	59.3	68.6	72.3	75.6
2016-05-03	19060.0	150.0	0.0	18185.0	18520.0	600.0	415.0	59.3	68.6	72.3	75.6
2016-06-07	18200.0	50.0	0.0	17555.0	17780.0	470.0	295.0	58.8	68.9	70.7	74.6
2016-06-14	18620.0	50.0	0.0	17915.0	18140.0	530.0	355.0	57.5	69.0	69.1	74.5
2016-06-21	19120.0	50.0	0.0	17915.0	18140.0	1030.0	855.0	56.0	67.2	67.3	72.6
2016-06-28	21800.0	50.0	0.0	20415.0	20640.0	1210.0	1035.0	55.1	64.9	65.0	69.6
2016-07-05	21800.0	50.0	0.0	20415.0	20640.0	1210.0	1035.0	55.1	64.9	65.0	69.6
2016-07-12	20920.0	25.0	0.0	19575.0	19770.0	1195.0	1025.0	54.4	64.4	64.1	68.8
2016-07-19	21020.0	25.0	0.0	19675.0	19870.0	1195.0	1025.0	54.2	64.6	64.3	68.9
2016-07-26	21320.0	75.0	0.0	19925.0	20170.0	1195.0	1025.0	53.2	63.7	64.5	69.1
2016-08-02	21745.0	75.0	0.0	20440.0	20475.0	1105.0	1145.0	50.7	61.0	61.9	66.8
2016-08-09	20675.0	200.0	0.0	19495.0	19565.0	855.0	985.0	48.5	57.9	60.1	63.7
2016-08-16	20675.0	200.0	0.0	19495.0	19655.0	855.0	895.0	48.5	58.3	60.1	64.1
2016-08-23	21275.0	200.0	0.0	20095.0	20255.0	855.0	895.0	47.2	59.5	59.6	65.1
2016-08-30	21875.0	200.0	0.0	20645.0	20805.0	905.0	945.0	46.2	60.6	60.1	66.1
2016-09-06	21875.0	200.0	0.0	20635.0	20805.0	915.0	945.0	46.2	60.6	60.1	66.1
2016-09-13	21405.0	150.0	25.0	20395.0	20480.0	760.0	800.0	49.2	62.0	62.9	66.9
2016-09-20	21930.0	150.0	25.0	20990.0	21075.0	690.0	730.0	44.7	60.5	61.4	65.3
2016-09-27	22030.0	250.0	75.0	20940.0	21075.0	740.0	780.0	44.5	60.2	60.9	65.0
2016-10-04	22030.0	250.0	75.0	20940.0	21075.0	740.0	780.0	44.5	60.2	60.9	65.0
2016-10-11	21295.0	100.0	100.0	20255.0	20225.0	865.0	895.0	46.1	61.9	63.7	66.9
2016-10-18	21595.0	100.0	100.0	20555.0	20525.0	865.0	895.0	45.8	62.5	64.3	67.3
2016-10-25	22095.0	100.0	100.0	20985.0	20955.0	935.0	965.0	46.4	63.3	64.4	67.5
2016-11-01	22945.0	200.0	200.0	21735.0	21705.0	935.0	965.0	47.9	62.6	65.3	68.2
2016-11-08	21860.0	200.0	225.0	20550.0	20655.0	1060.0	930.0	49.2	63.2	66.0	69.3
2016-11-15	22210.0	300.0	225.0	20850.0	20905.0	1010.0	1030.0	49.1	62.6	65.7	68.7
2016-11-22	22685.0	300.0	225.0	21175.0	21230.0	1160.0	1180.0	49.5	62.3	65.7	68.7
2016-11-29	22085.0	200.0	225.0	20675.0	20630.0	1160.0	1180.0	50.9	65.7	67.5	71.0
2016-12-06	21000.0	200.0	250.0	19640.0	19580.0	1135.0	1145.0	52.4	67.2	68.4	72.6
2016-12-13	20895.0	200.0	250.0	19640.0	19580.0	1030.0	1040.0	52.7	67.6	68.8	73.0
2016-12-20	20045.0	100.0	250.0	18990.0	18830.0	930.0	940.0	55.9	68.4	72.7	76.2
2016-12-27	20045.0	100.0	250.0	18990.0	18830.0	930.0	940.0	55.9	68.4	72.7	76.2
2017-01-03	20045.0	100.0	250.0	18990.0	18830.0	930.0	940.0	55.9	68.4	72.7	76.2
2017-01-10	18360.0	100.0	275.0	17225.0	17050.0	1035.0	1035.0	56.0	68.8	73.7	77.4
2017-01-17	18860.0	100.0	275.0	17725.0	17550.0	1035.0	1035.0	54.5	65.9	71.7	74.3
2017-01-24	18490.0	100.0	275.0	17600.0	17425.0	790.0	790.0	51.3	60.8	71.3	71.7
2017-01-31	18290.0	100.0	275.0	17400.0	17225.0	790.0	790.0	51.8	61.2	70.8	70.8
