2014-01-14	35265.0	0.0	5455.0	31400.0	26335.0	2230.0	1840.0	39.6	50.4	55.7	66.7
2014-01-21	34675.0	0.0	5155.0	31410.0	26645.0	1255.0	865.0	41.4	51.4	57.7	67.9
2014-01-28	35515.0	95.0	4675.0	31390.0	27200.0	1330.0	940.0	41.5	51.0	56.8	67.3
2014-02-04	35855.0	320.0	4525.0	31115.0	27420.0	1670.0	1160.0	40.4	51.0	54.7	66.7
2014-02-11	33590.0	785.0	4325.0	28500.0	25460.0	2040.0	1540.0	38.3	50.4	53.9	65.9
2014-02-18	34170.0	785.0	4225.0	29080.0	26140.0	2040.0	1540.0	41.1	50.1	56.5	65.2
2014-02-25	34795.0	1025.0	4025.0	28785.0	26285.0	2620.0	2120.0	41.3	49.3	56.6	64.1
2014-03-04	35450.0	1660.0	4625.0	28805.0	26340.0	2620.0	2120.0	41.3	48.9	57.8	62.1
2014-03-11	34156.0	2265.0	4800.0	27490.0	25445.0	2440.0	1950.0	45.0	48.7	60.8	62.2
2014-03-18	34423.0	3145.0	5220.0	27005.0	25395.0	2390.0	1925.0	45.8	48.6	61.5	61.6
2014-03-25	34173.0	3295.0	4770.0	26580.0	25595.0	2365.0	1875.0	46.3	49.1	62.1	62.2
2014-04-01	34448.0	3595.0	5145.0	26605.0	25545.0	2365.0	1875.0	46.2	48.7	61.9	61.8
2014-04-08	32713.0	3595.0	5260.0	25140.0	23955.0	2235.0	1755.0	48.1	48.6	62.7	61.6
2014-04-15	33082.0	3650.0	4975.0	25335.0	24490.0	2235.0	1755.0	47.8	48.1	62.3	62.1
2014-04-22	33270.0	4985.0	4950.0	24325.0	24840.0	2235.0	1755.0	48.3	47.9	62.7	62.9
2014-04-29	33285.0	5140.0	4650.0	24185.0	25155.0	2260.0	1780.0	46.7	47.8	61.0	61.8
2014-05-06	32480.0	4965.0	4700.0	24020.0	24755.0	1800.0	1330.0	47.9	46.0	63.1	60.1
2014-05-13	33669.0	4865.0	4750.0	25055.0	25640.0	2230.0	1760.0	46.3	42.7	63.6	58.9
2014-05-20	33544.0	4865.0	4250.0	24905.0	25990.0	2230.0	1760.0	45.9	43.0	63.4	59.2
2014-05-27	33619.0	4865.0	4175.0	24905.0	26065.0	2230.0	1760.0	45.8	42.9	63.2	59.0
2014-06-03	33954.0	4765.0	4775.0	25670.0	26130.0	2075.0	1605.0	45.1	40.7	62.3	56.7
2014-06-10	32574.0	4670.0	4850.0	24420.0	24700.0	1995.0	1535.0	44.9	39.7	61.8	55.6
2014-06-17	33199.0	4670.0	4250.0	24870.0	25750.0	1995.0	1535.0	44.1	38.9	60.8	54.9
2014-06-24	33460.0	5745.0	4825.0	24640.0	26020.0	1995.0	1535.0	44.0	38.8	60.5	55.1
2014-07-01	34435.0	6945.0	4825.0	24535.0	27115.0	2125.0	1665.0	42.8	40.3	61.4	56.5
2014-07-08	32620.0	6430.0	5125.0	23295.0	25050.0	2065.0	1615.0	42.8	39.2	59.8	56.3
2014-07-15	32620.0	6530.0	5125.0	23195.0	25050.0	2165.0	1715.0	42.5	38.9	59.5	56.0
2014-07-22	31948.0	6560.0	5125.0	22645.0	24530.0	2045.0	1595.0	42.8	41.2	59.8	58.1
2014-07-29	33348.0	7410.0	5125.0	23630.0	26365.0	1785.0	1335.0	50.3	43.3	68.4	60.2
2014-08-05	32803.0	7074.0	4825.0	23390.0	25640.0	1816.0	1815.0	50.6	43.7	69.0	59.5
2014-08-12	30553.0	6635.0	4575.0	21735.0	24235.0	1710.0	1270.0	51.3	43.4	68.7	59.9
2014-08-19	32158.0	6635.0	4575.0	23395.0	25575.0	1655.0	1535.0	48.8	44.5	67.5	60.1
2014-08-26	31998.0	6635.0	4575.0	23235.0	25415.0	1655.0	1535.0	49.8	44.1	67.2	59.8
2014-09-02	31998.0	6635.0	4575.0	23235.0	25415.0	1655.0	1535.0	49.8	44.1	67.2	59.8
2014-09-09	31883.0	6360.0	4325.0	23585.0	25740.0	1465.0	1345.0	47.0	42.7	66.0	58.7
2014-09-16	32483.0	6360.0	4925.0	24185.0	25740.0	1465.0	1345.0	48.5	42.0	66.5	58.8
2014-09-23	32658.0	6360.0	4925.0	24185.0	25740.0	1640.0	1520.0	48.3	41.2	66.1	57.9
2014-09-30	32763.0	6360.0	4925.0	24090.0	25645.0	1840.0	1720.0	47.5	40.5	65.0	57.1
2014-10-07	31098.0	5810.0	4925.0	22775.0	24080.0	2040.0	1620.0	48.4	41.0	65.3	57.8
2014-10-14	31248.0	5810.0	5025.0	22875.0	24080.0	2090.0	1670.0	48.1	41.0	65.0	57.7
2014-10-21	31248.0	5810.0	5025.0	22875.0	24080.0	2090.0	1670.0	48.1	41.0	65.0	57.7
2014-10-28	31248.0	5810.0	4975.0	22875.0	24130.0	2090.0	1670.0	48.0	40.9	64.9	57.5
2014-11-04	31248.0	5810.0	3300.0	23275.0	25605.0	1690.0	1870.0	47.3	38.7	64.2	54.9
2014-11-11	29263.0	5430.0	3300.0	21430.0	23970.0	2080.0	1670.0	48.4	41.3	64.9	57.4
2014-11-18	30763.0	5430.0	3300.0	22930.0	25470.0	2080.0	1670.0	46.0	40.6	61.8	54.8
2014-11-25	30763.0	5430.0	3300.0	22930.0	25470.0	2080.0	1670.0	46.4	40.6	62.2	54.8
2014-12-02	30763.0	5430.0	3300.0	22930.0	25470.0	2080.0	1670.0	46.4	40.6	62.2	54.8
2014-12-09	28368.0	5050.0	3300.0	21300.0	23450.0	1845.0	1445.0	48.4	40.2	61.8	54.4
2014-12-16	28368.0	5050.0	3300.0	21300.0	23450.0	1845.0	1445.0	48.4	40.2	61.8	54.4
2014-12-23	28368.0	5050.0	3300.0	21300.0	23450.0	1845.0	1445.0	48.4	40.2	61.8	54.4
2014-12-30	28368.0	5050.0	3300.0	21300.0	23450.0	1845.0	1445.0	48.4	40.2	61.8	54.4
2015-01-06	29383.0	5050.0	3900.0	22185.0	23655.0	1975.0	1655.0	48.8	38.8	61.7	52.2
2015-01-13	27093.0	4670.0	3900.0	21040.0	22200.0	1360.0	970.0	49.7	41.2	62.4	55.1
2015-01-20	27093.0	4670.0	3900.0	21040.0	22200.0	1360.0	970.0	49.7	41.2	62.4	55.1
2015-01-27	27268.0	4670.0	3900.0	21215.0	22325.0	1360.0	1020.0	45.9	38.8	60.2	53.8
2015-02-03	27828.0	4670.0	4500.0	21775.0	22335.0	1360.0	970.0	47.1	39.1	62.2	55.5
2015-02-10	27006.0	4520.0	4825.0	21225.0	21295.0	1245.0	870.0	50.7	40.7	64.7	58.6
2015-02-17	26946.0	4460.0	4825.0	21225.0	21235.0	1245.0	870.0	50.6	40.6	64.6	58.5
2015-02-24	27241.0	4460.0	4825.0	21270.0	21280.0	1495.0	1120.0	47.4	37.9	61.7	55.7
2015-03-03	28441.0	4460.0	4825.0	22470.0	22480.0	1495.0	1120.0	49.6	36.3	63.4	54.2
2015-03-10	26919.0	4310.0	4550.0	21220.0	21340.0	1380.0	1020.0	51.0	35.8	64.5	55.3
2015-03-17	26919.0	4310.0	4550.0	21220.0	21340.0	1380.0	1020.0	51.0	35.8	64.5	55.3
2015-03-24	27019.0	4310.0	4550.0	21320.0	21440.0	1380.0	1020.0	50.8	36.0	64.3	55.1
2015-03-31	27669.0	4310.0	4450.0	21870.0	22090.0	1380.0	1020.0	48.3	35.1	64.8	54.5
2015-04-07	26546.0	4030.0	4175.0	21095.0	21295.0	1315.0	970.0	48.0	34.2	64.2	53.0
2015-04-14	26546.0	4030.0	4175.0	21095.0	21295.0	1315.0	970.0	48.0	34.2	64.2	53.0
2015-04-21	26546.0	3940.0	4175.0	21185.0	21295.0	1315.0	970.0	48.0	34.2	63.9	53.0
2015-04-28	28286.0	3940.0	4175.0	22925.0	23035.0	1315.0	970.0	47.4	34.2	64.0	52.3
2015-05-05	28156.0	4022.0	4175.0	22645.0	22830.0	1383.0	1045.0	47.9	34.3	64.6	52.3
2015-05-12	28498.0	3760.0	4000.0	23485.0	23575.0	1250.0	920.0	52.0	31.9	67.0	53.4
2015-05-19	28489.0	3270.0	4000.0	23920.0	23325.0	1210.0	1075.0	53.3	31.4	67.2	52.8
2015-05-26	28489.0	3270.0	4000.0	23920.0	23325.0	1210.0	1075.0	53.3	31.4	67.2	52.8
2015-06-02	28489.0	3270.0	4000.0	23920.0	23325.0	1210.0	1075.0	53.3	31.4	67.2	52.8
2015-06-09	26946.0	2980.0	3725.0	22625.0	22130.0	1255.0	1005.0	52.8	31.3	64.6	49.7
2015-06-16	26866.0	2980.0	3125.0	22275.0	22380.0	1275.0	1025.0	52.9	31.4	64.8	49.9
2015-06-23	27066.0	2980.0	3125.0	22475.0	22580.0	1275.0	1025.0	53.3	31.1	65.0	49.5
2015-06-30	27066.0	2980.0	3125.0	22475.0	22580.0	1275.0	1025.0	53.3	31.1	65.0	49.5
2015-07-07	26414.0	2715.0	2850.0	22210.0	22300.0	1170.0	945.0	49.9	31.0	61.0	47.2
2015-07-14	26964.0	2715.0	2850.0	22810.0	22900.0	1120.0	895.0	48.8	30.4	57.6	46.2
2015-07-21	27989.0	2655.0	2850.0	23895.0	23925.0	1120.0	895.0	51.3	29.3	55.6	44.3
2015-07-28	28039.0	2655.0	2850.0	23945.0	23975.0	1120.0	895.0	51.3	29.2	55.5	44.3
2015-08-04	28739.0	2655.0	2850.0	24645.0	24675.0	1120.0	895.0	52.4	28.8	56.6	43.5
2015-08-11	28284.0	2390.0	2575.0	24500.0	24540.0	1075.0	850.0	51.2	28.5	57.4	42.9
2015-08-18	28484.0	2390.0	2575.0	24700.0	24740.0	1075.0	850.0	48.7	28.3	55.0	42.6
2015-08-25	28364.0	2390.0	2575.0	24580.0	24620.0	1075.0	850.0	48.5	28.5	54.8	42.4
2015-09-01	27714.0	2390.0	2575.0	23940.0	23980.0	1065.0	840.0	49.5	27.5	55.9	43.2
2015-09-08	27439.0	2125.0	2300.0	23975.0	24020.0	1020.0	800.0	47.2	24.9	51.9	41.1
2015-09-15	27479.0	2125.0	2300.0	24015.0	24060.0	1020.0	800.0	47.2	23.6	52.2	41.0
2015-09-22	27479.0	2125.0	2300.0	24015.0	24060.0	1020.0	800.0	47.2	23.6	52.2	41.0
2015-09-29	27479.0	2125.0	2300.0	24015.0	24060.0	1020.0	800.0	47.2	23.6	52.2	41.0
2015-10-06	26361.0	620.0	2225.0	24510.0	23115.0	920.0	710.0	45.1	24.6	50.5	41.3
2015-10-13	26361.0	620.0	2225.0	24510.0	23115.0	920.0	710.0	45.1	24.6	50.5	41.3
2015-10-20	27116.0	620.0	2025.0	25305.0	24110.0	880.0	670.0	40.5	23.8	48.2	39.8
2015-10-27	27081.0	620.0	2025.0	25455.0	24035.0	695.0	710.0	40.6	24.9	48.7	40.3
2015-11-03	27081.0	620.0	2025.0	25455.0	24035.0	695.0	710.0	40.6	24.9	48.7	40.3
2015-11-10	25653.0	395.0	1750.0	24430.0	23055.0	525.0	545.0	41.8	26.0	50.3	41.6
2015-11-17	26193.0	395.0	1750.0	25050.0	23595.0	445.0	545.0	42.7	27.4	51.5	42.7
2015-11-24	26458.0	395.0	1750.0	25315.0	23860.0	445.0	545.0	42.3	24.6	51.0	41.2
2015-12-01	26458.0	395.0	1750.0	25315.0	23860.0	445.0	545.0	42.3	24.6	51.0	41.2
2015-12-08	25320.0	320.0	1475.0	24410.0	23160.0	295.0	390.0	43.2	26.0	51.8	42.6
2015-12-15	25320.0	320.0	1475.0	24410.0	23160.0	295.0	390.0	43.2	26.0	51.8	42.6
2015-12-22	25320.0	320.0	1475.0	24410.0	23160.0	295.0	390.0	43.2	25.6	51.8	42.2
2015-12-29	25320.0	250.0	1475.0	24480.0	23160.0	295.0	390.0	43.4	25.6	52.0	42.2
2016-01-05	25320.0	250.0	1475.0	24480.0	23160.0	295.0	390.0	43.4	25.6	52.0	42.2
2016-01-12	23565.0	180.0	1500.0	23010.0	21615.0	250.0	325.0	46.4	29.8	55.8	47.9
2016-01-19	23565.0	180.0	1500.0	23010.0	21615.0	250.0	325.0	46.4	29.8	55.8	47.9
2016-01-26	23590.0	180.0	1500.0	23010.0	21615.0	275.0	350.0	46.4	30.0	55.7	47.8
2016-02-02	23690.0	180.0	1600.0	23110.0	21615.0	275.0	350.0	46.6	29.9	55.9	47.6
2016-02-09	22420.0	135.0	1850.0	21905.0	20115.0	255.0	330.0	44.9	33.5	58.3	52.1
2016-02-16	22595.0	135.0	1850.0	22080.0	20290.0	255.0	330.0	44.6	31.6	57.9	51.7
2016-02-23	23015.0	185.0	1850.0	22400.0	20660.0	305.0	380.0	42.7	31.1	56.4	50.8
2016-03-01	23240.0	185.0	1950.0	21425.0	20785.0	1505.0	380.0	42.3	31.5	56.8	51.4
2016-03-08	22320.0	50.0	2100.0	21900.0	19810.0	245.0	285.0	42.8	34.0	59.5	55.3
2016-03-15	22620.0	50.0	2100.0	21925.0	19835.0	520.0	560.0	43.3	37.5	60.1	57.9
2016-03-22	23140.0	50.0	2200.0	22490.0	20255.0	475.0	560.0	43.0	37.2	59.7	57.1
2016-03-29	23450.0	50.0	2450.0	22800.0	20315.0	475.0	560.0	43.3	37.3	59.7	57.0
2016-04-05	24055.0	50.0	2450.0	23010.0	20580.0	870.0	900.0	44.7	39.0	60.7	59.9
2016-04-12	24025.0	50.0	2300.0	22300.0	20065.0	1550.0	1535.0	45.5	36.1	59.9	54.0
2016-04-19	24255.0	50.0	2300.0	22325.0	20090.0	1755.0	1740.0	45.1	37.0	58.1	56.6
2016-04-26	26560.0	50.0	2250.0	24485.0	22300.0	1900.0	1885.0	41.5	38.3	56.0	56.2
2016-05-03	26460.0	50.0	2150.0	24385.0	22300.0	1900.0	1885.0	41.3	38.5	55.9	56.4
2016-05-10	28025.0	50.0	2000.0	26020.0	24080.0	1830.0	1820.0	38.0	37.1	51.6	55.5
2016-05-17	27625.0	50.0	1600.0	25640.0	24100.0	1810.0	1800.0	40.8	37.7	56.3	56.1
2016-05-24	27925.0	50.0	1600.0	25940.0	24400.0	1810.0	1800.0	40.3	37.3	55.0	54.4
2016-05-31	28025.0	50.0	1600.0	26040.0	24500.0	1810.0	1800.0	40.2	37.1	54.8	54.3
2016-06-07	27820.0	50.0	1850.0	25505.0	23710.0	2140.0	2135.0	39.0	37.5	55.9	55.8
2016-06-14	28645.0	50.0	1675.0	25985.0	24365.0	2310.0	2305.0	40.0	36.3	54.9	53.4
2016-06-21	29985.0	50.0	1975.0	27155.0	25235.0	2430.0	2425.0	39.2	36.3	53.7	53.7
2016-06-28	31185.0	50.0	1975.0	27155.0	25235.0	3630.0	3625.0	37.6	32.7	51.7	47.8
2016-07-05	31185.0	50.0	1975.0	27155.0	25235.0	3630.0	3625.0	37.6	32.7	51.7	47.8
2016-07-12	30095.0	75.0	1825.0	26180.0	24435.0	3540.0	3535.0	37.3	32.0	51.5	47.5
2016-07-19	30900.0	280.0	2030.0	26780.0	25035.0	3540.0	3535.0	36.4	31.1	50.2	46.3
2016-07-26	31800.0	280.0	2980.0	27680.0	24985.0	3540.0	3535.0	38.3	33.3	51.7	48.0
2016-08-02	32740.0	280.0	2980.0	28575.0	25880.0	3585.0	3580.0	37.0	33.0	50.3	49.4
2016-08-09	31525.0	180.0	2855.0	27585.0	24855.0	3410.0	3465.0	38.1	34.1	51.7	51.1
2016-08-16	31895.0	160.0	2855.0	27175.0	24485.0	4190.0	4185.0	45.0	33.7	58.5	52.6
2016-08-23	32195.0	160.0	2855.0	27475.0	24785.0	4190.0	4185.0	45.5	34.4	58.9	53.1
2016-08-30	32295.0	160.0	2855.0	27575.0	24885.0	4190.0	4185.0	45.6	34.6	59.0	53.2
2016-09-06	38295.0	160.0	2855.0	33575.0	30825.0	4190.0	4245.0	54.2	39.8	65.4	58.2
2016-09-13	37305.0	0.0	2550.0	33010.0	30445.0	3995.0	4010.0	57.4	41.7	68.4	60.5
2016-09-20	37615.0	0.0	2495.0	33010.0	30500.0	4305.0	4320.0	57.0	41.4	67.8	59.9
2016-09-27	37965.0	50.0	2595.0	33810.0	31250.0	3805.0	3820.0	60.1	39.9	69.7	59.7
2016-10-04	38115.0	50.0	3095.0	33960.0	30900.0	3805.0	3820.0	61.2	39.7	70.7	59.5
2016-10-11	37235.0	50.0	3020.0	33170.0	30205.0	3715.0	3710.0	62.0	39.9	71.8	59.8
2016-10-18	37035.0	50.0	3920.0	33270.0	29405.0	3715.0	3710.0	61.5	39.3	71.4	59.3
2016-10-25	36985.0	0.0	3870.0	33270.0	29405.0	3715.0	3710.0	61.6	39.3	71.4	59.4
2016-11-01	37035.0	50.0	3920.0	33270.0	29405.0	3715.0	3710.0	61.5	39.3	71.4	59.3
2016-11-08	36010.0	50.0	3650.0	32365.0	28770.0	3595.0	3590.0	62.5	39.4	72.6	59.8
2016-11-15	37790.0	0.0	3730.0	34250.0	30520.0	3540.0	3540.0	64.3	40.9	74.0	61.6
2016-11-22	37665.0	0.0	3730.0	34070.0	30340.0	3595.0	3595.0	64.3	40.9	74.0	61.6
2016-11-29	37715.0	0.0	3630.0	34120.0	30490.0	3595.0	3595.0	64.1	40.8	73.8	61.5
2016-12-06	37265.0	0.0	3355.0	33500.0	30145.0	3765.0	3765.0	63.0	39.5	72.9	60.8
2016-12-13	37265.0	0.0	3255.0	33500.0	30245.0	3765.0	3765.0	63.0	39.5	72.9	60.8
2016-12-20	37765.0	0.0	3155.0	33850.0	30345.0	3915.0	4265.0	62.5	39.5	73.7	61.2
2016-12-27	37765.0	0.0	3155.0	33500.0	30345.0	4265.0	4265.0	61.5	39.5	72.8	61.2
2017-01-03	38585.0	0.0	3155.0	34620.0	31465.0	3965.0	3965.0	63.8	38.4	73.9	60.3
2017-01-10	36780.0	0.0	2950.0	32790.0	29840.0	3990.0	3990.0	67.5	37.8	78.2	62.4
2017-01-17	37180.0	0.0	2950.0	33060.0	30110.0	4120.0	4120.0	67.3	38.0	77.9	62.3
2017-01-24	36680.0	0.0	2950.0	32350.0	29400.0	4330.0	4330.0	67.8	37.8	76.1	60.5
2017-01-31	36050.0	0.0	2775.0	32415.0	29640.0	3635.0	3635.0	70.2	38.5	77.7	61.6
