2014-01-28	29855.0	950.0	750.0	27895.0	29055.0	1010.0	50.0	65.9	88.5	88.6	95.5
2014-02-04	30050.0	950.0	750.0	28090.0	29250.0	1010.0	50.0	67.7	86.4	89.2	93.9
2014-02-11	28690.0	900.0	600.0	26830.0	28050.0	960.0	40.0	68.0	88.5	88.8	94.7
2014-02-18	28690.0	900.0	600.0	26830.0	28050.0	960.0	40.0	68.0	88.5	88.8	94.7
2014-02-25	29825.0	850.0	600.0	28015.0	29185.0	960.0	40.0	70.1	87.8	89.1	94.6
2014-03-04	30800.0	850.0	600.0	28990.0	30160.0	960.0	40.0	70.1	87.9	89.5	94.8
2014-03-11	29620.0	750.0	450.0	27960.0	29140.0	910.0	30.0	72.1	86.7	89.4	93.9
2014-03-18	29635.0	300.0	450.0	28425.0	29155.0	910.0	30.0	71.7	83.5	88.0	91.0
2014-03-25	26010.0	250.0	450.0	24850.0	25530.0	910.0	30.0	76.5	81.7	86.3	89.7
2014-04-01	26010.0	200.0	450.0	24900.0	25530.0	910.0	30.0	76.5	81.7	86.1	89.5
2014-05-20	28015.0	350.0	150.0	26855.0	27855.0	810.0	10.0	73.5	87.1	90.0	93.4
2014-05-27	29205.0	350.0	150.0	28125.0	29055.0	730.0	0.0	65.9	85.2	83.0	92.5
2014-06-03	29905.0	350.0	150.0	28825.0	29755.0	730.0	0.0	67.2	83.2	85.3	91.7
2015-05-05	21475.0	650.0	480.0	19820.0	20910.0	1005.0	85.0	67.8	77.7	83.0	91.6
