2014-02-11	15685.0	0.0	3795.0	14980.0	11890.0	705.0	0.0	51.0	54.9	64.1	72.6
2014-02-18	15685.0	0.0	3795.0	14980.0	11890.0	705.0	0.0	51.0	54.9	64.1	72.6
2014-02-25	15685.0	0.0	3795.0	14980.0	11890.0	705.0	0.0	51.0	54.1	64.1	71.8
2014-03-04	14485.0	0.0	3795.0	13780.0	10690.0	705.0	0.0	55.3	58.6	68.4	75.3
2014-05-13	16083.0	0.0	3345.0	15400.0	12720.0	665.0	0.0	62.0	54.1	70.0	75.0
2014-05-20	16083.0	0.0	3345.0	15400.0	12720.0	665.0	0.0	62.0	54.1	70.0	75.0
2014-05-27	16083.0	0.0	3345.0	15400.0	12720.0	665.0	0.0	62.0	54.1	70.0	75.0
2014-06-03	16683.0	0.0	3345.0	16000.0	13320.0	665.0	0.0	59.8	55.7	69.7	75.9
2014-11-04	15125.0	200.0	3045.0	14415.0	12080.0	510.0	0.0	52.3	55.1	68.3	75.5
2014-11-11	14230.0	200.0	2920.0	13545.0	11310.0	485.0	0.0	53.0	57.4	69.9	77.4
2014-11-18	13880.0	200.0	2920.0	13195.0	10960.0	485.0	0.0	58.7	58.8	71.8	79.3
2014-11-25	13880.0	200.0	2920.0	13195.0	10960.0	485.0	0.0	58.7	58.8	71.8	79.3
2014-12-02	13930.0	200.0	2920.0	13125.0	11010.0	605.0	0.0	58.5	59.5	71.6	79.9
2014-12-09	13110.0	200.0	2795.0	12150.0	10315.0	760.0	0.0	59.3	61.9	73.3	82.1
2014-12-16	13285.0	200.0	2795.0	12200.0	10365.0	885.0	125.0	55.6	58.8	69.7	78.8
2014-12-23	13285.0	200.0	2795.0	12200.0	10365.0	885.0	125.0	55.6	58.8	69.7	78.8
2014-12-30	13285.0	200.0	2795.0	12200.0	10365.0	885.0	125.0	55.6	58.8	69.7	78.8
2015-01-06	13510.0	200.0	2786.0	12400.0	10540.0	910.0	184.0	54.6	55.6	68.7	77.4
2015-01-20	12565.0	200.0	3270.0	11505.0	9170.0	860.0	125.0	55.2	55.3	70.0	79.0
2015-01-27	12565.0	200.0	3270.0	11505.0	9170.0	860.0	125.0	55.2	55.3	70.0	79.0
2015-02-03	13165.0	200.0	3570.0	12105.0	9470.0	860.0	125.0	49.1	55.4	68.2	78.5
2015-02-10	12200.0	100.0	3420.0	11270.0	8655.0	830.0	125.0	49.5	55.9	69.4	79.1
2015-02-17	12200.0	100.0	3420.0	11270.0	8655.0	830.0	125.0	49.5	55.9	69.4	79.1
2015-02-24	12200.0	100.0	3420.0	11270.0	8655.0	830.0	125.0	49.5	55.9	69.4	79.1
2015-03-03	12250.0	100.0	3420.0	11320.0	8705.0	830.0	125.0	49.3	55.7	69.6	79.2
2015-03-10	11890.0	0.0	3270.0	11495.0	8410.0	395.0	210.0	56.9	56.6	74.3	79.4
2015-03-17	11715.0	0.0	3270.0	11320.0	8235.0	395.0	210.0	56.2	56.0	73.9	79.0
2015-03-24	11715.0	0.0	3270.0	11320.0	8235.0	395.0	210.0	56.2	56.0	73.9	79.0
2015-03-31	11715.0	0.0	3270.0	11320.0	8235.0	395.0	210.0	56.2	56.0	73.9	79.0
2016-04-12	26820.0	0.0	9320.0	25565.0	16450.0	1255.0	1050.0	72.9	90.9	86.9	93.9
2016-04-19	26090.0	0.0	10520.0	25575.0	15365.0	515.0	205.0	64.3	85.5	80.2	89.7
2016-04-26	26040.0	0.0	10520.0	25370.0	15340.0	670.0	180.0	60.7	85.2	78.9	89.1
2016-05-03	26820.0	0.0	11300.0	26150.0	15340.0	670.0	180.0	61.2	85.7	79.5	89.4
2016-05-10	26245.0	0.0	11015.0	25600.0	15075.0	645.0	155.0	62.0	88.0	80.9	90.2
2016-05-17	26245.0	0.0	11015.0	25600.0	15075.0	645.0	155.0	64.2	88.0	80.9	90.1
2016-05-24	26265.0	0.0	11015.0	25600.0	15095.0	665.0	155.0	64.1	87.9	80.8	90.0
2016-05-31	26265.0	0.0	11015.0	25600.0	15095.0	665.0	155.0	64.1	87.9	80.8	90.0
2016-06-21	25915.0	0.0	10780.0	25250.0	14980.0	665.0	155.0	64.4	89.5	81.0	90.8
2016-06-28	25915.0	0.0	10780.0	25250.0	14980.0	665.0	155.0	63.9	89.5	81.0	90.8
2016-07-05	25815.0	0.0	10780.0	25150.0	14880.0	665.0	155.0	64.1	89.9	81.3	91.2
2016-07-12	25020.0	0.0	10620.0	24370.0	14245.0	650.0	155.0	65.3	90.6	82.1	91.9
2016-07-19	25030.0	0.0	10720.0	24345.0	14120.0	685.0	190.0	65.4	90.6	82.3	92.1
2016-07-26	26025.0	0.0	11420.0	25315.0	14390.0	710.0	215.0	67.2	89.8	83.5	92.5
2016-08-02	26025.0	0.0	11420.0	25315.0	14390.0	710.0	215.0	67.2	89.8	83.5	92.5
2016-08-09	25030.0	0.0	11160.0	24195.0	13655.0	835.0	215.0	68.2	90.5	84.3	93.3
2016-08-16	25055.0	0.0	11160.0	24360.0	13680.0	695.0	215.0	68.4	90.4	84.8	93.2
2016-08-23	25540.0	0.0	11910.0	24610.0	13165.0	930.0	465.0	70.1	91.7	86.2	94.4
2016-08-30	26130.0	0.0	12310.0	25130.0	13285.0	1000.0	535.0	70.7	90.0	86.4	94.2
2016-09-06	30060.0	0.0	13170.0	28865.0	16280.0	1195.0	610.0	66.3	84.3	82.6	88.8
2016-09-13	29805.0	0.0	13730.0	28880.0	15720.0	925.0	355.0	68.9	85.9	84.6	90.0
2016-09-20	30355.0	0.0	13730.0	29435.0	16275.0	920.0	350.0	69.7	84.5	85.0	90.0
2016-09-27	30380.0	0.0	13805.0	29535.0	16300.0	845.0	275.0	69.9	84.7	85.3	90.2
2016-10-04	30560.0	0.0	13805.0	29715.0	16480.0	845.0	275.0	70.1	84.8	85.4	90.3
2016-10-11	29815.0	0.0	13595.0	28880.0	15840.0	935.0	380.0	71.4	85.8	86.3	90.9
2016-10-18	35475.0	0.0	15095.0	34445.0	19740.0	1030.0	640.0	71.2	87.5	84.5	90.4
2016-10-25	39530.0	0.0	16095.0	38455.0	22750.0	1075.0	685.0	74.1	88.7	86.0	91.3
2016-11-01	39830.0	0.0	16095.0	38755.0	23050.0	1075.0	685.0	74.3	88.6	86.1	91.3
2016-11-08	38900.0	0.0	15710.0	37920.0	22590.0	980.0	600.0	74.7	88.9	86.2	91.4
2016-11-15	39000.0	0.0	15810.0	38020.0	22590.0	980.0	600.0	74.7	89.0	86.2	91.4
2016-11-22	39840.0	0.0	16010.0	38860.0	23230.0	980.0	600.0	73.9	87.7	86.5	91.4
2016-11-29	40140.0	0.0	16060.0	39160.0	23480.0	980.0	600.0	73.4	87.9	85.8	91.5
2016-12-06	39185.0	0.0	15750.0	38590.0	22960.0	595.0	475.0	73.2	88.5	87.0	92.1
2016-12-13	39765.0	0.0	15850.0	39170.0	23440.0	595.0	475.0	73.2	89.1	87.2	92.6
2016-12-20	40265.0	0.0	15850.0	39680.0	23935.0	585.0	480.0	73.5	88.2	87.4	92.9
2016-12-27	40265.0	0.0	15850.0	39680.0	23935.0	585.0	480.0	73.5	88.2	87.4	92.9
2017-01-03	40440.0	0.0	15850.0	39705.0	23960.0	735.0	630.0	72.9	88.7	86.7	92.6
2017-01-10	40040.0	0.0	15490.0	39430.0	24060.0	610.0	490.0	74.0	87.9	85.9	91.7
2017-01-17	36480.0	0.0	15465.0	35860.0	20515.0	620.0	500.0	72.0	84.9	83.6	89.6
2017-01-24	36650.0	0.0	16115.0	36020.0	20025.0	630.0	510.0	73.1	86.2	85.3	91.0
2017-01-31	36825.0	0.0	15815.0	36370.0	20675.0	455.0	335.0	74.4	85.0	86.4	90.1
