2014-04-01	17110.0	0.0	3125.0	16930.0	13985.0	180.0	0.0	71.9	90.3	87.7	93.9
2014-04-08	14165.0	0.0	425.0	13560.0	13315.0	180.0	0.0	66.1	87.3	83.7	90.7
2014-04-15	14115.0	0.0	375.0	13510.0	13315.0	180.0	0.0	66.3	88.1	84.0	91.0
2014-04-22	14133.0	0.0	275.0	13520.0	13425.0	180.0	0.0	66.6	88.6	84.3	91.3
2014-04-29	14133.0	0.0	275.0	13520.0	13425.0	180.0	0.0	65.7	88.6	83.4	91.3
2014-05-06	13213.0	25.0	50.0	12600.0	12755.0	180.0	0.0	66.7	92.6	84.1	93.7
2014-05-13	13963.0	525.0	50.0	12950.0	13605.0	180.0	0.0	63.1	93.6	80.5	96.1
2014-05-20	14013.0	525.0	50.0	13000.0	13655.0	180.0	0.0	63.2	93.3	80.5	96.1
2014-05-27	14013.0	525.0	50.0	13000.0	13655.0	180.0	0.0	63.2	93.3	80.5	96.1
2014-06-03	14013.0	525.0	50.0	13000.0	13655.0	180.0	0.0	63.2	93.3	80.5	96.1
2016-02-02	16835.0	0.0	3035.0	14535.0	12130.0	775.0	145.0	38.9	52.1	54.5	59.3
2016-02-09	16070.0	0.0	3085.0	13855.0	11400.0	740.0	110.0	38.2	51.1	53.9	58.6
2016-02-16	16070.0	0.0	3085.0	13855.0	11400.0	740.0	110.0	38.2	51.1	53.9	58.6
2016-02-23	16995.0	0.0	4885.0	14215.0	9960.0	1305.0	675.0	36.2	42.9	51.0	54.5
2016-03-01	18075.0	0.0	6385.0	15295.0	9540.0	1305.0	675.0	34.0	42.8	48.5	52.8
2016-03-08	17885.0	0.0	7035.0	15215.0	8810.0	1245.0	615.0	32.9	43.9	47.7	51.5
2016-03-15	17885.0	0.0	7035.0	15215.0	8810.0	1245.0	615.0	32.9	43.9	47.7	51.5
2016-03-22	17885.0	0.0	7035.0	15215.0	8810.0	1245.0	615.0	32.9	43.9	47.7	51.5
2016-03-29	17885.0	0.0	6735.0	15215.0	9110.0	1245.0	615.0	32.9	43.9	47.7	51.5
2016-04-05	19685.0	0.0	8535.0	16925.0	9085.0	1335.0	640.0	29.9	46.0	43.7	50.5
2016-04-12	18995.0	0.0	9010.0	16795.0	8405.0	1250.0	630.0	35.5	54.3	51.4	58.2
2016-04-19	22165.0	0.0	10030.0	19130.0	9720.0	2085.0	1465.0	35.8	53.8	51.3	59.8
2016-04-26	22165.0	0.0	10030.0	18950.0	9720.0	2265.0	1465.0	34.2	53.8	47.7	58.8
2016-05-03	22515.0	0.0	10030.0	19300.0	10070.0	2265.0	1465.0	33.6	53.2	45.9	57.9
2016-05-10	21225.0	0.0	10430.0	18505.0	8865.0	2245.0	1455.0	34.1	57.6	49.1	62.4
2016-05-17	21875.0	0.0	10730.0	19230.0	9290.0	2170.0	1380.0	34.4	55.9	48.5	62.0
2016-05-24	22075.0	0.0	10730.0	19405.0	9465.0	2195.0	1405.0	33.9	55.4	48.1	61.4
2016-05-31	22075.0	0.0	10730.0	19405.0	9465.0	2195.0	1405.0	33.9	55.4	48.1	61.4
2016-06-07	20910.0	0.0	11405.0	18790.0	8165.0	2120.0	1340.0	35.1	60.4	53.8	67.5
2016-06-14	20910.0	0.0	11405.0	18790.0	8165.0	2120.0	1340.0	35.1	60.4	53.8	67.5
2016-06-21	22565.0	0.0	12375.0	20960.0	9365.0	1580.0	800.0	45.9	63.0	61.4	71.6
2016-06-28	22745.0	0.0	12855.0	21140.0	9065.0	1580.0	800.0	46.4	61.1	61.7	71.8
2016-07-05	22970.0	0.0	13080.0	21155.0	8855.0	1790.0	1010.0	45.9	61.3	61.1	71.1
2016-07-12	22345.0	0.0	13165.0	20310.0	7915.0	2010.0	1240.0	45.1	62.7	59.6	70.6
2016-07-19	22815.0	0.0	13315.0	20685.0	8140.0	2105.0	1335.0	44.5	62.1	57.9	69.8
2016-07-26	23235.0	0.0	13315.0	20640.0	8095.0	2570.0	1800.0	45.5	61.0	58.0	68.5
2016-08-02	23235.0	0.0	13315.0	20700.0	8155.0	2510.0	1740.0	45.8	61.0	58.0	68.5
2016-08-09	22855.0	0.0	13370.0	20275.0	7690.0	2555.0	1770.0	49.6	61.6	61.1	69.0
2016-08-16	23480.0	0.0	13695.0	20655.0	7720.0	2800.0	2040.0	48.1	61.2	59.2	69.7
2016-08-23	23850.0	0.0	13095.0	20425.0	8090.0	3030.0	2270.0	46.6	57.7	57.5	66.1
2016-08-30	24010.0	0.0	13395.0	20865.0	8230.0	2750.0	1990.0	48.4	56.4	60.2	66.6
2016-09-06	24110.0	0.0	13395.0	20715.0	8130.0	3000.0	2190.0	49.0	57.4	62.0	66.3
2016-09-13	23205.0	0.0	13300.0	19980.0	7430.0	2830.0	2080.0	52.2	58.7	64.6	68.1
2016-09-20	26220.0	0.0	15900.0	22895.0	7745.0	2830.0	2080.0	50.1	61.9	61.8	69.8
2016-09-27	27450.0	0.0	16350.0	23975.0	8375.0	2830.0	2080.0	49.5	60.8	59.3	68.3
2016-10-04	27630.0	0.0	16350.0	24155.0	8555.0	2830.0	2080.0	49.2	60.4	59.0	67.9
2016-10-11	26825.0	0.0	15980.0	23185.0	7945.0	3020.0	2280.0	51.3	61.4	60.4	67.8
2016-10-18	29085.0	0.0	16880.0	25830.0	9870.0	2635.0	1715.0	59.1	65.4	67.7	72.3
2016-10-25	31580.0	0.0	16980.0	28985.0	12565.0	1975.0	1415.0	63.9	69.6	71.8	75.9
2016-11-01	31580.0	0.0	17280.0	28985.0	12265.0	1975.0	1415.0	63.9	68.6	71.8	75.9
2016-11-08	30810.0	0.0	17285.0	28420.0	11625.0	1900.0	1410.0	66.7	70.1	74.4	78.1
2016-11-15	30810.0	0.0	17285.0	28410.0	11625.0	1910.0	1410.0	66.7	69.9	74.3	78.1
2016-11-22	30810.0	0.0	17285.0	28360.0	11625.0	1960.0	1410.0	66.5	69.9	74.2	78.1
2016-11-29	31110.0	0.0	17285.0	28660.0	11925.0	1960.0	1410.0	66.8	69.2	74.4	77.3
2016-12-06	31725.0	0.0	17590.0	29685.0	12395.0	1680.0	1380.0	70.5	71.8	78.1	79.9
2016-12-13	32125.0	0.0	17290.0	29785.0	13095.0	1980.0	1380.0	69.3	72.8	77.1	79.8
2016-12-20	33005.0	0.0	17060.0	30865.0	14105.0	1780.0	1480.0	69.6	72.9	78.2	79.2
2016-12-27	33005.0	0.0	17060.0	30865.0	14105.0	1780.0	1480.0	69.6	72.9	78.2	79.2
2017-01-03	33125.0	0.0	17060.0	30840.0	14080.0	1925.0	1625.0	69.4	73.5	77.9	79.8
2017-01-10	33420.0	0.0	16815.0	31245.0	14720.0	1815.0	1525.0	72.6	76.1	80.4	82.2
2017-01-17	30395.0	0.0	17140.0	28185.0	11335.0	1700.0	1410.0	66.0	73.8	77.4	81.8
2017-01-24	30595.0	0.0	16865.0	28185.0	11610.0	1700.0	1410.0	65.5	74.2	76.9	81.2
2017-01-31	30730.0	0.0	16615.0	28190.0	11865.0	1830.0	1540.0	64.3	74.0	75.7	80.9
