2014-04-15	8810.0	0.0	850.0	8550.0	7815.0	260.0	145.0	61.5	48.8	67.4	67.0
2014-04-22	10435.0	0.0	1250.0	10045.0	8910.0	390.0	275.0	54.7	41.2	64.4	64.5
2014-04-29	10570.0	0.0	1200.0	10180.0	9095.0	390.0	275.0	54.0	40.7	64.6	64.5
2014-05-06	11545.0	0.0	1200.0	11165.0	10070.0	380.0	275.0	48.9	43.9	59.3	63.0
2014-05-13	11545.0	0.0	1200.0	11165.0	10070.0	380.0	275.0	48.9	43.9	59.3	63.0
2014-05-20	11570.0	0.0	1200.0	11130.0	10035.0	440.0	335.0	48.9	42.3	59.3	61.3
2014-05-27	11570.0	0.0	1200.0	11130.0	10035.0	440.0	335.0	48.9	42.3	59.3	61.3
2014-06-03	11570.0	0.0	1200.0	11130.0	10035.0	440.0	335.0	47.4	42.3	59.3	61.3
2014-06-10	10940.0	0.0	900.0	10535.0	9730.0	405.0	310.0	47.3	42.4	57.3	56.0
2014-06-17	11420.0	0.0	900.0	11015.0	10210.0	405.0	310.0	47.4	42.2	59.7	58.0
2014-06-24	11420.0	0.0	900.0	11015.0	10210.0	405.0	310.0	47.4	42.2	59.7	58.0
2014-07-01	11620.0	0.0	800.0	11215.0	10510.0	405.0	310.0	48.3	41.5	60.4	56.1
2014-07-08	11190.0	0.0	750.0	10855.0	10190.0	335.0	250.0	49.0	42.3	60.4	56.8
2014-07-15	11190.0	0.0	750.0	10855.0	10190.0	335.0	250.0	49.0	42.3	60.4	56.8
2014-07-22	10740.0	0.0	750.0	10405.0	9740.0	335.0	250.0	51.1	44.0	62.2	59.2
2014-07-29	10740.0	0.0	750.0	10405.0	9740.0	335.0	250.0	51.1	44.0	62.2	59.2
2014-08-05	10690.0	0.0	800.0	10280.0	9510.0	410.0	380.0	50.3	43.3	61.8	59.0
2014-08-12	9960.0	0.0	750.0	9760.0	9085.0	200.0	125.0	52.4	45.8	63.2	61.9
2014-08-19	9960.0	0.0	750.0	9760.0	9085.0	200.0	125.0	52.4	45.8	63.2	61.9
2014-08-26	9960.0	0.0	750.0	9760.0	9085.0	200.0	125.0	52.4	45.8	63.2	61.9
2014-09-02	9960.0	0.0	750.0	9760.0	9085.0	200.0	125.0	52.4	45.8	63.2	61.9
2014-10-21	10015.0	0.0	590.0	9875.0	9340.0	90.0	35.0	54.5	42.0	63.9	60.9
2014-10-28	10015.0	0.0	590.0	9875.0	9340.0	90.0	35.0	54.5	42.0	63.9	60.9
2014-11-04	10015.0	0.0	240.0	9875.0	9690.0	90.0	35.0	54.5	42.0	63.9	60.9
2014-11-11	9670.0	0.0	190.0	9540.0	9395.0	80.0	35.0	55.7	43.6	65.5	62.8
2014-11-18	9670.0	0.0	90.0	9440.0	9395.0	80.0	35.0	56.3	43.6	66.0	63.8
2015-01-27	9310.0	10.0	0.0	9025.0	9120.0	85.0	0.0	54.6	52.7	65.0	67.3
2015-02-03	9310.0	10.0	0.0	9025.0	9120.0	85.0	0.0	54.6	52.7	65.0	67.3
2015-02-10	9240.0	0.0	90.0	9060.0	9050.0	80.0	0.0	58.9	58.5	67.6	69.2
2015-04-14	9335.0	0.0	290.0	9215.0	8995.0	120.0	50.0	60.6	59.4	74.0	75.3
2015-04-21	9575.0	0.0	290.0	9455.0	9235.0	120.0	50.0	64.1	57.9	75.9	75.9
2015-04-28	9575.0	0.0	290.0	9455.0	9235.0	120.0	50.0	64.1	57.9	75.9	75.9
2015-05-05	9580.0	0.0	290.0	9405.0	9115.0	175.0	175.0	64.0	57.3	76.7	74.7
2015-05-12	9210.0	0.0	340.0	9090.0	8870.0	120.0	0.0	66.7	60.4	79.2	78.5
2015-05-19	9210.0	0.0	340.0	9090.0	8870.0	120.0	0.0	66.7	60.4	79.2	78.5
2015-05-26	9210.0	0.0	340.0	9090.0	8870.0	120.0	0.0	66.7	60.4	79.2	78.5
2015-06-02	9250.0	0.0	340.0	9130.0	8910.0	120.0	0.0	63.8	60.1	78.9	78.2
