2015-02-17	12075.0	75.0	1645.0	10835.0	9950.0	940.0	255.0	58.7	77.6	74.3	82.7
2015-02-24	12075.0	75.0	1645.0	10835.0	9950.0	940.0	255.0	58.7	77.6	74.3	82.7
2015-03-03	12690.0	75.0	1645.0	11435.0	10565.0	955.0	255.0	60.6	78.6	75.4	83.5
2015-05-12	13545.0	50.0	2110.0	13100.0	11130.0	345.0	255.0	60.8	71.4	80.4	81.8
2015-05-19	13545.0	50.0	2110.0	13100.0	11130.0	345.0	255.0	60.8	71.4	80.4	81.8
2015-05-26	13845.0	50.0	2410.0	13400.0	11130.0	345.0	255.0	59.4	70.5	78.7	82.2
2015-06-02	13795.0	50.0	2410.0	13350.0	11080.0	345.0	255.0	59.3	69.7	78.6	82.2
2015-06-09	14265.0	50.0	2410.0	13940.0	11650.0	225.0	155.0	55.1	67.7	72.9	77.1
2015-06-16	14265.0	50.0	2410.0	13940.0	11650.0	225.0	155.0	55.1	67.7	72.9	77.1
2015-06-23	14305.0	50.0	2410.0	13980.0	11690.0	225.0	155.0	55.3	67.8	73.0	77.2
2015-06-30	14450.0	50.0	1810.0	14000.0	12310.0	225.0	155.0	54.8	67.1	72.4	76.4
2015-08-11	13200.0	0.0	1260.0	12430.0	11220.0	420.0	370.0	48.3	68.6	71.0	76.0
2015-08-18	13200.0	0.0	1260.0	12405.0	11195.0	445.0	395.0	48.1	68.6	71.0	76.0
2015-08-25	13250.0	0.0	1260.0	12455.0	11245.0	445.0	395.0	48.3	68.3	70.8	75.7
2015-09-01	13200.0	0.0	1260.0	12205.0	10995.0	645.0	595.0	49.7	68.2	70.6	75.6
2016-02-16	15440.0	2120.0	50.0	11085.0	13155.0	1555.0	1555.0	44.2	62.8	62.9	66.9
2016-02-23	15940.0	2520.0	50.0	11410.0	13880.0	1630.0	1630.0	44.7	65.8	65.2	69.8
2016-03-01	16325.0	2595.0	50.0	11720.0	14265.0	1630.0	1630.0	43.6	61.5	59.8	65.1
2016-03-08	15495.0	2315.0	50.0	11515.0	13780.0	1285.0	1285.0	44.4	62.4	60.2	66.5
2016-03-15	17860.0	2915.0	50.0	13230.0	16095.0	1335.0	1335.0	47.5	67.8	67.9	73.1
2016-03-22	18570.0	3515.0	50.0	13390.0	16855.0	1285.0	1285.0	48.9	64.9	64.6	69.6
2016-03-29	18918.0	3515.0	50.0	13788.0	17253.0	1235.0	1235.0	48.0	64.9	65.7	70.7
2016-04-05	18968.0	3515.0	0.0	13763.0	16748.0	1310.0	1840.0	48.6	65.1	68.1	70.4
2016-04-12	19613.0	4300.0	0.0	13469.0	17769.0	1464.0	1464.0	50.3	63.9	71.8	76.1
2016-04-19	20443.0	4825.0	0.0	14014.0	18839.0	1464.0	1464.0	48.7	68.4	70.3	76.1
2016-04-26	21163.0	5525.0	0.0	14019.0	19544.0	1504.0	1504.0	47.1	69.6	71.0	76.8
2016-05-03	22053.0	5285.0	0.0	14856.0	20141.0	1657.0	1657.0	46.5	67.1	68.4	73.9
2016-05-10	22033.0	5520.0	0.0	14784.0	20304.0	1374.0	1374.0	45.7	72.7	67.2	76.0
2016-05-17	21993.0	5280.0	0.0	15034.0	20314.0	1184.0	1184.0	45.8	70.7	65.1	74.0
2016-05-24	23273.0	5280.0	0.0	16314.0	21594.0	1184.0	1184.0	44.3	70.2	63.4	71.7
2016-05-31	24228.0	5280.0	0.0	17241.0	22521.0	1212.0	1212.0	42.6	73.6	64.7	75.8
2016-06-07	23523.0	5240.0	0.0	16651.0	21891.0	1147.0	1147.0	42.2	73.4	64.7	75.4
2016-06-14	24123.0	4940.0	0.0	17651.0	22591.0	1047.0	1047.0	45.0	75.7	68.3	77.6
2016-06-21	24623.0	5240.0	150.0	17401.0	22491.0	1497.0	1497.0	42.9	73.8	66.9	76.3
2016-06-28	25663.0	5240.0	150.0	18441.0	23531.0	1497.0	1497.0	44.2	75.4	68.5	77.5
2016-07-05	25588.0	5240.0	150.0	18351.0	23441.0	1512.0	1512.0	44.5	75.8	68.8	77.8
2016-07-12	24623.0	5020.0	150.0	17736.0	22606.0	1437.0	1437.0	43.5	75.6	67.6	77.8
2016-07-19	24498.0	5020.0	150.0	17561.0	22431.0	1487.0	1487.0	44.3	76.0	68.9	78.0
2016-07-26	25183.0	4870.0	100.0	18221.0	22991.0	1512.0	1512.0	46.1	76.4	70.2	78.4
2016-08-02	25438.0	4870.0	100.0	18273.0	23043.0	1715.0	1715.0	46.3	76.5	70.0	78.5
2016-08-09	24893.0	4375.0	75.0	18153.0	21883.0	1615.0	2185.0	47.8	73.7	70.2	74.7
2016-08-16	24988.0	4375.0	75.0	18451.0	22751.0	1412.0	1412.0	45.4	75.1	68.2	76.1
2016-08-23	25288.0	4200.0	125.0	18826.0	22901.0	1337.0	1337.0	46.9	75.2	69.3	76.5
2016-08-30	25388.0	4250.0	200.0	18876.0	22926.0	1337.0	1337.0	47.0	74.9	69.3	76.6
2016-09-06	25518.0	4135.0	680.0	18981.0	22486.0	1362.0	1312.0	45.9	72.9	67.7	74.3
2016-09-13	25418.0	3815.0	905.0	19201.0	22111.0	1367.0	1367.0	44.4	71.0	66.9	74.2
2016-09-20	25233.0	3815.0	805.0	18991.0	22001.0	1392.0	1392.0	44.5	71.4	67.2	74.6
2016-09-27	26243.0	3515.0	1130.0	20466.0	22851.0	1327.0	1327.0	41.2	69.9	65.0	73.3
2016-10-04	26158.0	3515.0	1680.0	20551.0	22386.0	1182.0	1182.0	40.6	67.8	62.1	71.1
2016-10-11	25008.0	3445.0	1755.0	20039.0	21729.0	1019.0	1019.0	41.5	66.7	62.3	68.5
2016-10-18	25658.0	3870.0	1955.0	20244.0	22159.0	1069.0	1069.0	40.7	67.2	61.8	70.2
2016-10-25	26758.0	3995.0	2205.0	21404.0	23194.0	834.0	834.0	40.0	68.8	62.2	72.5
2016-11-01	26923.0	3995.0	2255.0	21529.0	23269.0	874.0	874.0	40.4	70.2	63.2	73.8
2016-11-08	25783.0	4040.0	2255.0	20834.0	22619.0	704.0	704.0	41.0	73.6	66.6	76.4
2016-11-15	26338.0	3890.0	2205.0	21339.0	23024.0	804.0	804.0	41.1	73.1	66.3	76.1
2016-11-22	26413.0	3940.0	2180.0	21414.0	23174.0	804.0	804.0	41.4	73.0	66.7	76.5
2016-11-29	26453.0	3940.0	2180.0	21454.0	23214.0	804.0	804.0	41.3	73.7	67.3	77.1
2016-12-06	25078.0	3245.0	2005.0	20126.0	21366.0	1502.0	1502.0	43.3	68.4	65.2	72.0
2016-12-13	26158.0	3245.0	2305.0	21226.0	22196.0	1532.0	1502.0	42.3	66.2	64.0	70.9
2016-12-20	28513.0	2845.0	2785.0	23146.0	23486.0	2267.0	1987.0	38.4	58.4	57.3	64.0
2016-12-27	28688.0	2845.0	3010.0	23921.0	23836.0	1667.0	1587.0	38.9	58.6	57.7	63.6
2017-01-03	28913.0	2845.0	3010.0	24146.0	24061.0	1667.0	1587.0	38.6	57.6	57.2	63.3
2017-01-10	27668.0	2775.0	3335.0	23228.0	22748.0	1565.0	1485.0	38.8	58.8	57.6	63.7
2017-01-17	27538.0	2775.0	3335.0	23098.0	22618.0	1565.0	1485.0	39.0	59.3	57.8	64.2
2017-01-24	27568.0	3475.0	3085.0	22373.0	22843.0	1620.0	1540.0	36.9	61.4	58.7	66.3
2017-01-31	26913.0	3475.0	3035.0	21658.0	22178.0	1680.0	1600.0	36.1	60.5	57.9	65.7
