2015-05-26	10375.0	0.0	4280.0	10225.0	6035.0	150.0	60.0	52.1	67.2	76.8	80.0
2015-06-02	10440.0	0.0	4280.0	10285.0	6100.0	155.0	60.0	51.3	67.6	75.8	79.6
2016-04-26	18007.0	5460.0	0.0	11355.0	16800.0	1092.0	1107.0	50.7	72.4	69.8	75.2
2016-05-03	18947.0	5220.0	0.0	12155.0	17360.0	1332.0	1347.0	46.9	69.1	66.7	71.8
2016-05-10	18967.0	5265.0	0.0	12550.0	17800.0	962.0	977.0	46.5	71.6	65.7	73.7
2016-05-17	19126.0	5025.0	0.0	12899.0	17909.0	872.0	887.0	44.8	68.5	62.6	70.6
2016-05-24	20376.0	5025.0	0.0	14074.0	19084.0	947.0	962.0	42.7	65.8	60.3	67.7
2016-05-31	21511.0	5175.0	0.0	14904.0	20079.0	1102.0	1102.0	40.4	61.8	57.1	65.2
2016-06-07	21181.0	5370.0	0.0	14096.0	19644.0	1435.0	1257.0	40.8	63.6	57.1	65.8
2016-06-14	21381.0	5370.0	0.0	14296.0	19844.0	1435.0	1257.0	40.5	62.7	56.5	64.5
2016-06-21	21611.0	5520.0	0.0	14296.0	19994.0	1515.0	1337.0	41.4	62.3	57.3	64.5
2016-06-28	22501.0	5520.0	0.0	15186.0	20884.0	1515.0	1337.0	41.7	64.9	60.1	67.0
2016-07-05	22501.0	5520.0	0.0	15186.0	20884.0	1515.0	1337.0	41.7	64.9	60.1	67.0
2016-07-12	21436.0	5235.0	0.0	14526.0	19924.0	1435.0	1272.0	42.0	68.1	60.3	68.7
2016-07-19	21386.0	5235.0	0.0	14476.0	19874.0	1435.0	1272.0	42.1	69.0	60.8	70.1
2016-07-26	22266.0	5085.0	0.0	15356.0	20604.0	1435.0	1272.0	40.4	69.9	62.7	70.9
2016-08-02	22266.0	5085.0	0.0	15356.0	20604.0	1435.0	1272.0	40.4	70.1	62.9	71.1
2016-08-09	21051.0	4675.0	0.0	14624.0	18924.0	1327.0	1702.0	42.8	70.8	66.2	71.2
2016-08-16	21251.0	4675.0	0.0	14849.0	19669.0	1302.0	1157.0	41.0	70.5	62.9	70.9
2016-08-23	21521.0	4525.0	125.0	15129.0	19674.0	1292.0	1147.0	42.3	71.7	65.0	72.4
2016-08-30	21621.0	4525.0	200.0	15229.0	19699.0	1292.0	1147.0	42.7	71.7	65.3	72.7
2016-09-06	21751.0	4525.0	680.0	15359.0	19349.0	1292.0	1147.0	42.0	69.6	64.5	70.4
2016-09-13	21161.0	4190.0	980.0	15127.0	18464.0	1309.0	1182.0	42.4	71.8	65.5	73.0
2016-09-20	20881.0	4190.0	930.0	14847.0	18234.0	1309.0	1182.0	42.7	72.8	66.1	73.8
2016-09-27	22386.0	3890.0	1355.0	16802.0	19464.0	1234.0	1107.0	40.8	70.9	64.7	73.2
2016-10-04	22621.0	3890.0	1905.0	17107.0	19219.0	1164.0	1037.0	40.4	69.8	63.7	72.1
2016-10-11	21831.0	3755.0	1955.0	16820.0	18734.0	1076.0	962.0	41.7	67.3	62.6	69.5
2016-10-18	22378.0	4180.0	2155.0	16912.0	19051.0	1106.0	992.0	41.0	69.0	62.0	70.6
2016-10-25	22881.0	4305.0	2405.0	17395.0	19409.0	951.0	837.0	41.1	69.6	61.6	70.7
2016-11-01	22978.0	4305.0	2455.0	17562.0	19526.0	881.0	767.0	41.8	71.4	62.7	72.4
2016-11-08	22263.0	4070.0	2355.0	17232.0	19051.0	771.0	667.0	42.3	72.1	63.6	73.1
2016-11-15	22623.0	4070.0	2355.0	17592.0	19411.0	771.0	667.0	41.6	72.5	64.2	73.5
2016-11-22	22858.0	4220.0	2330.0	17667.0	19661.0	821.0	717.0	41.8	72.6	64.9	74.1
2016-11-29	22858.0	4220.0	2330.0	17667.0	19661.0	821.0	717.0	41.8	73.5	65.7	74.9
2016-12-06	21918.0	3510.0	2130.0	16915.0	18386.0	1393.0	1302.0	45.3	69.7	65.1	71.0
2016-12-13	22763.0	3510.0	2430.0	17730.0	18931.0	1473.0	1352.0	43.6	67.8	64.4	70.4
2016-12-20	24778.0	3160.0	2910.0	19470.0	19991.0	2048.0	1777.0	40.1	59.3	58.0	63.4
2016-12-27	24928.0	3160.0	3135.0	20115.0	20311.0	1553.0	1382.0	39.8	58.6	58.0	63.0
2017-01-03	25153.0	3160.0	3135.0	20340.0	20536.0	1553.0	1382.0	39.5	58.4	57.5	62.8
2017-01-10	23793.0	2775.0	3360.0	19522.0	19090.0	1396.0	1243.0	39.4	56.1	57.5	61.7
2017-01-17	23663.0	2775.0	3360.0	19392.0	18960.0	1396.0	1243.0	39.4	56.4	57.7	61.9
2017-01-24	23703.0	3475.0	3110.0	18655.0	19173.0	1473.0	1320.0	37.4	58.5	58.0	62.8
2017-01-31	22973.0	3475.0	3060.0	18005.0	18573.0	1393.0	1240.0	35.6	57.5	55.9	62.2
