2015-12-01	15900.0	0.0	350.0	15015.0	15205.0	660.0	120.0	75.6	82.9	83.9	86.8
2015-12-15	16570.0	0.0	825.0	15685.0	15400.0	660.0	120.0	68.9	75.6	75.9	78.7
2015-12-22	16570.0	0.0	825.0	15685.0	15400.0	660.0	120.0	68.9	75.6	75.9	78.7
2015-12-29	16570.0	0.0	825.0	15685.0	15400.0	660.0	120.0	68.9	75.6	75.9	78.7
2016-01-05	16570.0	0.0	825.0	15685.0	15400.0	660.0	120.0	68.9	75.6	75.9	78.7
2016-06-28	28610.0	1450.0	2720.0	25375.0	24155.0	1610.0	1560.0	54.5	60.4	62.3	65.1
2016-07-05	28610.0	1450.0	2720.0	25375.0	24155.0	1610.0	1560.0	54.5	60.4	62.3	65.1
2016-07-12	27375.0	1450.0	2745.0	24260.0	23025.0	1515.0	1455.0	54.8	59.6	63.1	66.2
2016-07-19	27690.0	1350.0	2745.0	24735.0	23400.0	1405.0	1345.0	54.2	59.1	62.4	66.2
2016-07-26	27715.0	1350.0	2745.0	25045.0	23710.0	1120.0	1060.0	54.2	63.2	62.3	67.1
2016-08-02	28220.0	1350.0	2745.0	25305.0	23970.0	1365.0	1305.0	53.2	64.7	62.8	68.5
2016-08-09	27860.0	1375.0	3440.0	24975.0	23215.0	1360.0	1055.0	53.6	65.2	65.5	70.9
2016-08-16	28060.0	1375.0	3490.0	25410.0	23365.0	1125.0	1055.0	54.8	65.3	66.5	71.1
2016-08-23	28220.0	1375.0	3640.0	25570.0	23375.0	1125.0	1055.0	54.7	64.4	66.4	71.0
2016-08-30	28960.0	1225.0	4390.0	26440.0	23345.0	1070.0	1000.0	54.2	61.7	65.6	69.5
2016-09-06	28480.0	1225.0	3910.0	25935.0	23345.0	1095.0	1000.0	54.1	61.5	65.0	69.0
2016-09-13	27675.0	1250.0	4330.0	25095.0	22355.0	1130.0	790.0	55.6	62.6	67.6	71.1
2016-09-20	27720.0	1250.0	4375.0	25140.0	22355.0	1130.0	790.0	55.8	62.7	67.8	71.3
2016-09-27	27820.0	1200.0	4000.0	25240.0	22780.0	1130.0	790.0	56.3	63.5	68.3	71.9
2016-10-04	28430.0	1200.0	4225.0	25675.0	22990.0	1305.0	965.0	56.2	62.6	68.1	71.6
2016-10-11	28035.0	1200.0	4400.0	25475.0	22590.0	1135.0	820.0	59.9	67.3	72.9	76.7
2016-10-18	30150.0	1200.0	4550.0	27830.0	24795.0	970.0	655.0	64.1	70.1	78.0	80.4
2016-10-25	30750.0	1200.0	4125.0	28515.0	25905.0	885.0	570.0	65.2	73.0	78.2	81.8
2016-11-01	30925.0	1200.0	4000.0	28565.0	26080.0	910.0	595.0	65.1	73.2	78.1	81.9
2016-11-08	29570.0	1200.0	3475.0	27270.0	25285.0	850.0	560.0	66.0	77.2	79.9	85.1
2016-11-15	29420.0	1200.0	3475.0	27120.0	25135.0	850.0	560.0	66.3	77.6	80.3	85.6
2016-11-22	29520.0	1200.0	3575.0	27220.0	25135.0	850.0	560.0	65.7	77.0	79.7	84.6
2016-11-29	28485.0	1200.0	2975.0	25775.0	24390.0	1155.0	765.0	70.5	72.7	80.8	84.9
2016-12-06	29915.0	1200.0	2125.0	27135.0	26215.0	1175.0	1170.0	67.5	75.7	77.4	81.2
2016-12-13	30505.0	1200.0	2125.0	27525.0	26645.0	1375.0	1330.0	72.4	75.7	82.2	86.0
2016-12-20	32095.0	1200.0	1930.0	28640.0	28030.0	1850.0	1730.0	71.8	79.7	81.2	85.4
2016-12-27	31720.0	1200.0	1930.0	28685.0	27655.0	1430.0	1730.0	72.6	78.5	82.1	85.3
2017-01-03	31630.0	1200.0	1930.0	28355.0	27625.0	1670.0	1670.0	70.9	78.4	80.4	84.2
2017-01-10	30090.0	1300.0	1680.0	27150.0	26740.0	1360.0	1390.0	71.4	79.6	81.4	86.3
2017-01-17	29840.0	1300.0	1680.0	26900.0	26490.0	1360.0	1390.0	70.0	80.3	80.1	85.3
2017-01-24	30365.0	1300.0	1680.0	27380.0	26970.0	1405.0	1435.0	70.2	80.4	80.1	85.4
2017-01-31	30215.0	1100.0	1630.0	27430.0	26870.0	1405.0	1435.0	70.7	80.2	80.0	85.3
