2013-12-17	15565.0	0.0	6160.0	15425.0	9405.0	140.0	0.0	73.6	85.8	89.8	92.6
2014-01-07	14505.0	0.0	5850.0	14095.0	8655.0	410.0	0.0	64.3	89.2	82.7	93.0
2014-01-14	14515.0	0.0	5850.0	14095.0	8655.0	420.0	10.0	64.2	89.1	82.7	92.9
2014-01-21	14215.0	0.0	4200.0	13805.0	10005.0	410.0	10.0	63.5	83.0	81.4	88.3
2014-01-28	14865.0	0.0	4200.0	14455.0	10655.0	410.0	10.0	61.0	83.4	79.3	88.5
2014-02-04	14475.0	0.0	2675.0	13990.0	11715.0	410.0	10.0	55.9	87.1	76.6	90.9
2014-02-11	14595.0	100.0	2375.0	14030.0	12135.0	390.0	10.0	58.5	89.7	78.0	92.2
2014-02-18	14595.0	100.0	2375.0	14030.0	12135.0	390.0	10.0	58.1	89.7	77.7	92.2
2014-02-25	14645.0	100.0	2375.0	14080.0	12185.0	390.0	10.0	57.9	89.7	77.4	92.2
2014-03-04	14705.0	100.0	2175.0	14140.0	12445.0	390.0	10.0	57.0	89.9	76.4	92.4
2014-03-11	13715.0	100.0	1975.0	13170.0	11665.0	370.0	0.0	58.2	93.4	77.9	94.5
2014-03-18	15105.0	100.0	1975.0	14560.0	13055.0	370.0	0.0	64.8	92.8	82.7	95.0
2014-03-25	17145.0	100.0	1975.0	16600.0	15095.0	370.0	0.0	69.0	92.2	84.7	95.2
2014-04-01	17145.0	100.0	1975.0	16850.0	15095.0	120.0	0.0	68.8	92.2	84.5	95.2
2014-04-08	15030.0	500.0	0.0	14060.0	14680.0	120.0	0.0	61.2	90.7	77.8	91.6
2014-04-15	15335.0	500.0	0.0	14365.0	14985.0	120.0	0.0	60.0	90.5	76.3	91.7
2014-04-22	15635.0	500.0	50.0	14665.0	15235.0	120.0	0.0	59.8	90.9	75.8	92.1
2014-04-29	16045.0	800.0	350.0	14775.0	15345.0	120.0	0.0	58.1	90.3	74.3	92.3
2014-05-06	15555.0	1275.0	400.0	13885.0	14880.0	145.0	25.0	57.5	89.4	76.9	91.4
2014-05-13	15905.0	1275.0	400.0	14235.0	15230.0	145.0	25.0	56.2	91.1	75.4	93.1
2014-05-20	16335.0	1275.0	400.0	14665.0	15660.0	145.0	25.0	55.9	90.5	74.6	92.4
2014-05-27	16335.0	1275.0	400.0	14665.0	15660.0	145.0	25.0	55.9	90.5	74.6	92.4
2014-06-03	16335.0	1275.0	400.0	14665.0	15660.0	145.0	25.0	55.9	90.5	74.6	92.4
2014-06-10	15590.0	1250.0	400.0	13945.0	14915.0	145.0	25.0	57.8	91.1	75.7	92.3
2014-06-17	15640.0	1250.0	400.0	13875.0	14965.0	265.0	25.0	57.6	91.5	75.4	92.8
2014-06-24	15640.0	1250.0	400.0	13875.0	14965.0	265.0	25.0	57.6	91.5	75.4	92.8
2014-07-01	15606.0	1350.0	400.0	13835.0	15025.0	265.0	25.0	59.0	92.4	76.2	93.6
2014-07-08	14166.0	1150.0	350.0	12450.0	13660.0	410.0	0.0	59.5	93.9	76.6	94.9
2014-07-15	14166.0	1150.0	350.0	12450.0	13660.0	410.0	0.0	59.5	93.9	76.6	94.9
2014-08-26	13611.0	900.0	200.0	12335.0	13255.0	220.0	0.0	61.9	91.9	77.0	92.5
2014-09-02	13611.0	900.0	200.0	12335.0	13255.0	220.0	0.0	61.9	91.9	77.0	92.5
2014-10-21	15546.0	450.0	50.0	14740.0	15340.0	200.0	0.0	59.6	91.5	74.7	91.5
2014-10-28	15546.0	450.0	50.0	14740.0	15340.0	200.0	0.0	59.6	91.5	74.7	91.5
2014-11-04	15546.0	450.0	50.0	14740.0	15340.0	200.0	0.0	59.6	91.5	74.7	91.5
2014-11-11	14681.0	250.0	50.0	14085.0	14475.0	190.0	0.0	60.7	91.3	76.1	91.3
2014-11-18	14981.0	1000.0	50.0	13785.0	14925.0	190.0	0.0	54.5	90.2	73.9	90.5
2014-11-25	15041.0	1000.0	50.0	13785.0	14985.0	250.0	0.0	54.3	90.9	74.2	91.2
2014-12-02	15041.0	1000.0	50.0	13785.0	14985.0	250.0	0.0	54.3	90.9	74.2	91.2
2014-12-09	14151.0	800.0	50.0	13105.0	14095.0	240.0	0.0	55.4	90.8	74.8	91.2
2014-12-16	14151.0	800.0	50.0	13105.0	14095.0	240.0	0.0	55.4	90.8	74.8	91.2
2014-12-23	14151.0	800.0	50.0	13105.0	14095.0	240.0	0.0	55.4	90.8	74.8	91.2
2014-12-30	14151.0	800.0	50.0	13105.0	14095.0	240.0	0.0	55.4	90.8	74.8	91.2
2015-01-06	14151.0	730.0	50.0	13000.0	14095.0	415.0	0.0	54.8	90.8	73.8	91.2
2015-01-20	13336.0	600.0	50.0	12365.0	13280.0	365.0	0.0	56.3	90.6	75.1	90.6
2015-01-27	13936.0	1150.0	0.0	12365.0	13880.0	365.0	0.0	53.9	86.5	72.8	87.9
2015-02-03	13936.0	1150.0	0.0	12365.0	13880.0	365.0	0.0	53.9	86.1	72.8	87.6
2015-02-10	13208.0	1175.0	0.0	11675.0	13060.0	330.0	120.0	53.4	85.6	72.9	85.6
2015-02-17	13208.0	1175.0	0.0	11675.0	13060.0	330.0	120.0	53.4	85.6	72.9	85.6
2015-02-24	13208.0	1175.0	0.0	11675.0	13060.0	330.0	120.0	53.4	85.6	72.9	85.6
2015-03-03	13208.0	1175.0	0.0	11675.0	13060.0	330.0	120.0	53.4	85.6	72.9	85.6
2015-03-10	12465.0	1200.0	0.0	10790.0	12345.0	475.0	120.0	53.0	86.7	73.2	87.1
2015-03-17	12465.0	1200.0	0.0	10790.0	12345.0	475.0	120.0	53.0	86.7	73.2	87.1
2015-03-24	12465.0	1200.0	0.0	10790.0	12345.0	475.0	120.0	53.0	86.7	73.2	87.1
2015-03-31	12465.0	1200.0	0.0	10790.0	12345.0	475.0	120.0	53.0	86.7	73.2	87.1
2015-04-07	11490.0	900.0	0.0	10150.0	11370.0	440.0	120.0	56.0	88.2	75.2	88.6
2015-04-14	11490.0	900.0	0.0	10150.0	11370.0	440.0	120.0	56.0	88.2	75.2	88.6
2015-04-21	11850.0	900.0	0.0	10510.0	11730.0	440.0	120.0	57.3	88.6	75.9	89.0
2015-04-28	11850.0	900.0	0.0	10510.0	11730.0	440.0	120.0	57.3	88.6	75.9	89.0
2015-05-05	12200.0	1147.0	0.0	10435.0	12080.0	618.0	120.0	55.0	86.2	74.8	88.3
2015-05-12	11075.0	750.0	0.0	9995.0	10955.0	330.0	120.0	60.0	89.3	82.3	91.2
2015-05-19	11225.0	750.0	0.0	10145.0	11105.0	330.0	120.0	62.4	88.2	83.4	89.9
2015-05-26	11225.0	750.0	0.0	10145.0	11105.0	330.0	120.0	62.4	88.2	83.4	89.9
2015-06-02	11225.0	750.0	0.0	10145.0	11105.0	330.0	120.0	62.4	88.2	83.4	89.9
2015-11-03	17190.0	0.0	4600.0	16550.0	12360.0	490.0	80.0	42.4	59.2	60.2	66.8
2015-11-10	17185.0	0.0	4720.0	16180.0	12245.0	855.0	70.0	40.5	57.9	57.1	66.1
2015-11-17	17185.0	0.0	4720.0	16180.0	12245.0	855.0	70.0	40.5	57.9	57.1	66.1
2015-11-24	17165.0	0.0	4720.0	16160.0	12225.0	855.0	70.0	40.6	58.4	57.3	66.7
2015-12-01	17195.0	0.0	4720.0	16190.0	12255.0	855.0	70.0	40.5	58.2	57.2	66.6
2015-12-08	16590.0	0.0	4720.0	15620.0	11660.0	820.0	60.0	40.4	57.5	57.1	66.2
2015-12-15	17475.0	0.0	4420.0	16055.0	12395.0	820.0	60.0	38.7	58.0	57.4	66.0
2015-12-22	17475.0	0.0	4420.0	16055.0	12395.0	820.0	60.0	38.7	58.0	57.4	66.0
2015-12-29	17475.0	0.0	4420.0	16055.0	12395.0	820.0	60.0	38.4	58.0	57.1	65.7
2016-01-05	17725.0	0.0	4620.0	16305.0	12445.0	820.0	60.0	38.4	57.2	57.4	65.9
2016-01-12	17220.0	0.0	4720.0	15835.0	11850.0	785.0	50.0	38.1	55.1	56.4	64.5
2016-01-19	17220.0	0.0	4720.0	15835.0	11850.0	785.0	50.0	38.1	55.1	56.4	64.5
2016-01-26	17220.0	0.0	4720.0	15835.0	11850.0	785.0	50.0	38.1	55.1	56.4	64.5
2016-02-02	18120.0	0.0	4245.0	16285.0	12775.0	785.0	50.0	38.4	52.2	54.7	61.1
2016-02-09	17005.0	0.0	4020.0	15205.0	11895.0	750.0	40.0	37.4	50.8	54.3	59.7
2016-02-16	17005.0	100.0	4020.0	15105.0	11895.0	750.0	40.0	37.4	51.4	54.3	60.2
2016-02-23	18370.0	100.0	5940.0	15440.0	10405.0	1780.0	975.0	34.6	45.0	50.2	55.6
2016-03-01	19400.0	200.0	7440.0	16420.0	9985.0	1730.0	925.0	32.8	46.7	47.6	55.4
2016-03-08	18945.0	400.0	7815.0	15940.0	9305.0	1555.0	775.0	31.9	46.9	47.1	54.6
2016-03-15	18945.0	400.0	7815.0	15940.0	9305.0	1555.0	775.0	31.9	46.9	47.1	54.6
2016-03-22	18945.0	400.0	7815.0	15940.0	9305.0	1555.0	775.0	31.9	46.9	47.1	54.6
2016-03-29	18945.0	400.0	7515.0	15940.0	9605.0	1555.0	775.0	31.9	46.9	47.1	54.6
2016-04-05	20745.0	400.0	9315.0	17500.0	9590.0	1795.0	790.0	29.1	48.6	42.7	52.9
2016-04-12	20005.0	400.0	9665.0	17245.0	8760.0	1660.0	880.0	33.9	54.8	49.6	59.2
2016-04-19	23125.0	400.0	10685.0	19880.0	10375.0	2145.0	1365.0	33.7	54.4	49.7	61.0
2016-04-26	23125.0	400.0	10685.0	19700.0	10375.0	2325.0	1365.0	33.4	54.4	46.5	59.3
2016-05-03	23475.0	400.0	10685.0	20050.0	10725.0	2325.0	1365.0	32.9	53.6	45.8	58.5
2016-05-10	22320.0	325.0	11085.0	19255.0	9430.0	2315.0	1380.0	33.1	57.1	47.1	62.4
2016-05-17	23345.0	25.0	11235.0	20405.0	10130.0	2240.0	1305.0	33.1	54.6	46.6	60.4
2016-05-24	23395.0	25.0	11385.0	20455.0	10030.0	2240.0	1305.0	33.0	54.4	47.1	60.5
2016-05-31	23795.0	25.0	11410.0	20855.0	10405.0	2240.0	1305.0	34.2	53.5	48.9	59.6
2016-06-07	23040.0	275.0	11960.0	20150.0	9375.0	2190.0	1280.0	33.2	56.1	50.7	63.6
2016-06-14	23340.0	325.0	12060.0	20340.0	9515.0	2150.0	1240.0	33.2	55.4	50.2	63.2
2016-06-21	25015.0	255.0	12960.0	22510.0	10735.0	1630.0	700.0	42.8	60.5	59.8	69.1
2016-06-28	24920.0	0.0	13535.0	22840.0	10235.0	1630.0	700.0	44.4	58.3	61.5	67.9
2016-07-05	25095.0	0.0	13760.0	22805.0	9975.0	1840.0	910.0	44.1	57.3	60.9	66.9
2016-07-12	24020.0	0.0	13595.0	21460.0	8785.0	2110.0	1190.0	42.8	58.0	59.2	66.6
2016-07-19	25275.0	0.0	14645.0	22735.0	9010.0	2090.0	1170.0	42.1	59.2	58.3	67.4
2016-07-26	27435.0	0.0	16745.0	24595.0	8770.0	2390.0	1470.0	42.5	62.2	58.2	69.8
2016-08-02	27435.0	0.0	16745.0	24655.0	8830.0	2330.0	1410.0	42.7	62.2	58.2	69.8
2016-08-09	26440.0	0.0	17170.0	23885.0	7660.0	2330.0	1385.0	46.1	65.8	61.6	73.3
2016-08-16	27190.0	0.0	17570.0	24600.0	7925.0	2315.0	1420.0	47.2	65.5	62.5	73.5
2016-08-23	27975.0	0.0	18650.0	25250.0	7505.0	2400.0	1495.0	47.9	67.5	64.6	75.3
2016-08-30	28345.0	0.0	18950.0	25550.0	7505.0	2470.0	1565.0	49.8	67.6	65.9	75.4
2016-09-06	28300.0	0.0	18650.0	25200.0	7505.0	2775.0	1820.0	50.6	67.7	66.7	74.7
2016-09-13	27210.0	0.0	19275.0	24890.0	6495.0	2195.0	1315.0	54.8	71.6	71.2	79.3
2016-09-20	31280.0	0.0	22250.0	28305.0	6935.0	2750.0	1870.0	54.7	71.8	71.0	78.5
2016-09-27	32430.0	0.0	22850.0	29455.0	7485.0	2750.0	1870.0	54.6	71.1	68.5	77.6
2016-10-04	32610.0	0.0	22850.0	29635.0	7665.0	2750.0	1870.0	54.3	70.7	68.3	77.1
2016-10-11	31370.0	0.0	22255.0	28265.0	6870.0	2955.0	2095.0	56.9	71.8	70.7	77.6
2016-10-18	33260.0	0.0	23155.0	29925.0	7810.0	3185.0	2145.0	54.4	70.4	69.3	76.8
2016-10-25	34460.0	0.0	23305.0	32400.0	9775.0	1910.0	1230.0	61.2	70.1	74.7	78.1
2016-11-01	34460.0	0.0	23605.0	32400.0	9475.0	1910.0	1230.0	61.2	69.2	74.7	78.1
2016-11-08	33670.0	0.0	23805.0	31900.0	8765.0	1720.0	1050.0	62.8	68.9	76.4	77.4
2016-11-15	33670.0	0.0	23805.0	31900.0	8765.0	1720.0	1050.0	63.0	68.9	76.7	77.4
2016-11-22	33670.0	0.0	23805.0	31900.0	8765.0	1720.0	1050.0	63.0	68.9	76.7	77.4
2016-11-29	34320.0	0.0	23605.0	32490.0	9555.0	1750.0	1080.0	63.0	69.6	76.8	78.0
2016-12-06	34805.0	0.0	23235.0	33230.0	10415.0	1545.0	1125.0	69.2	75.3	82.4	82.8
2016-12-13	35175.0	0.0	22935.0	33600.0	11085.0	1545.0	1125.0	68.6	76.6	81.8	83.1
2016-12-20	36205.0	0.0	22630.0	34455.0	12245.0	1645.0	1225.0	69.3	77.0	83.0	83.4
2016-12-27	36205.0	0.0	22630.0	34455.0	12245.0	1645.0	1225.0	69.3	77.0	83.0	83.4
2017-01-03	36325.0	0.0	22630.0	34430.0	12220.0	1790.0	1370.0	69.1	77.6	82.7	84.0
2017-01-10	36345.0	0.0	22135.0	34560.0	12835.0	1680.0	1270.0	72.0	80.2	85.2	86.5
2017-01-17	33345.0	0.0	22435.0	31455.0	9430.0	1785.0	1375.0	66.1	78.4	82.3	85.8
2017-01-24	33495.0	0.0	22210.0	31230.0	9430.0	2010.0	1600.0	65.8	78.3	81.9	85.4
2017-01-31	33785.0	0.0	21260.0	31175.0	10325.0	2205.0	1795.0	65.9	79.0	79.6	85.3
