2013-12-17	16580.0	200.0	1550.0	16114.0	14955.0	266.0	75.0	54.5	61.6	72.8	79.2
2014-02-04	16135.0	695.0	1250.0	15126.0	14830.0	314.0	55.0	52.0	62.9	71.0	78.3
2014-02-11	26281.0	945.0	1000.0	25046.0	25246.0	290.0	35.0	68.9	77.8	82.2	88.2
2014-02-18	26281.0	945.0	1000.0	25046.0	25246.0	290.0	35.0	68.9	77.8	82.2	88.2
2014-02-25	26881.0	345.0	1000.0	25646.0	25246.0	290.0	35.0	67.7	76.0	82.6	86.2
2014-03-04	26881.0	345.0	1000.0	25646.0	25246.0	290.0	35.0	63.2	72.5	78.2	81.7
2014-03-11	25571.0	0.0	750.0	24631.0	24051.0	340.0	170.0	64.2	73.6	79.0	81.5
2014-03-18	25691.0	0.0	1050.0	24751.0	23871.0	340.0	170.0	63.9	73.3	78.6	80.7
2014-03-25	26291.0	0.0	1050.0	25351.0	24471.0	340.0	170.0	64.8	73.9	79.1	81.2
2014-04-01	26346.0	0.0	1050.0	25406.0	24541.0	340.0	155.0	64.6	73.7	79.0	81.2
2014-04-08	25321.0	0.0	800.0	24411.0	23766.0	310.0	155.0	65.8	76.8	79.9	83.0
2014-04-15	24121.0	0.0	1400.0	23811.0	22566.0	310.0	155.0	66.6	76.5	81.4	84.6
2014-04-22	24121.0	0.0	1400.0	23811.0	22566.0	310.0	155.0	66.6	76.5	81.4	84.6
2014-04-29	24121.0	0.0	1400.0	23811.0	22566.0	310.0	155.0	66.6	76.5	81.4	84.6
2014-05-06	23041.0	0.0	1150.0	22761.0	21736.0	280.0	155.0	68.2	80.4	83.0	86.6
2014-05-13	23056.0	0.0	1150.0	22761.0	21731.0	295.0	175.0	67.9	80.3	82.8	86.3
2014-05-20	23056.0	0.0	1150.0	22761.0	21731.0	295.0	175.0	67.9	80.3	82.8	86.3
2014-05-27	23056.0	0.0	1150.0	22761.0	21731.0	295.0	175.0	67.9	80.3	82.8	86.3
2014-06-03	23182.0	0.0	1150.0	22887.0	21857.0	295.0	175.0	66.9	79.9	81.7	85.5
2014-11-11	20915.0	150.0	3110.0	20525.0	17710.0	240.0	95.0	74.5	84.0	89.7	92.9
2014-11-18	20935.0	275.0	3110.0	20425.0	17710.0	235.0	115.0	73.9	83.9	89.1	92.9
2015-02-10	23875.0	100.0	3185.0	23595.0	20615.0	180.0	75.0	77.8	87.4	91.7	95.2
2015-02-24	25435.0	100.0	4985.0	25035.0	20315.0	300.0	135.0	77.9	90.2	91.5	95.2
2015-03-03	26715.0	100.0	5285.0	26315.0	21295.0	300.0	135.0	75.0	90.8	90.2	95.5
2015-03-10	26405.0	50.0	5100.0	26190.0	21180.0	165.0	125.0	75.8	88.9	89.3	93.8
2015-03-17	27085.0	50.0	5100.0	26870.0	21860.0	165.0	125.0	74.3	88.8	89.5	93.8
2015-03-24	27085.0	50.0	5100.0	26870.0	21860.0	165.0	125.0	74.3	88.8	89.5	93.8
2015-03-31	27155.0	50.0	5100.0	26940.0	21930.0	165.0	125.0	71.2	88.6	87.1	93.6
2015-04-07	26100.0	0.0	5040.0	25950.0	20945.0	150.0	115.0	72.7	90.2	88.7	94.9
2015-04-14	26200.0	0.0	5040.0	26050.0	21045.0	150.0	115.0	72.4	89.8	88.3	94.5
2015-04-21	26200.0	0.0	5040.0	26050.0	21045.0	150.0	115.0	72.4	89.8	88.3	94.5
2015-04-28	26200.0	0.0	5040.0	26050.0	21045.0	150.0	115.0	72.4	89.8	88.3	94.5
2015-05-05	25990.0	0.0	5040.0	25770.0	20835.0	220.0	115.0	73.0	89.7	89.2	94.6
2015-05-12	25030.0	0.0	4980.0	24895.0	19945.0	135.0	105.0	74.1	90.7	90.6	95.3
2015-05-19	25080.0	0.0	4980.0	24945.0	19995.0	135.0	105.0	73.9	90.5	90.4	95.1
2015-05-26	25080.0	0.0	4980.0	24945.0	19995.0	135.0	105.0	73.9	90.5	90.4	95.1
2015-06-02	25080.0	0.0	4980.0	24945.0	19995.0	135.0	105.0	73.9	90.5	90.4	95.1
2015-09-22	21555.0	0.0	4640.0	21465.0	16875.0	90.0	40.0	71.2	90.1	90.9	96.5
2015-09-29	21675.0	0.0	4640.0	21585.0	16995.0	90.0	40.0	70.4	90.1	90.4	96.6
2015-10-06	20670.0	0.0	4410.0	20590.0	16230.0	80.0	30.0	68.6	90.5	90.1	97.6
2015-10-13	21645.0	0.0	4410.0	21565.0	17205.0	80.0	30.0	67.5	88.5	90.0	97.7
2015-10-20	21625.0	0.0	4410.0	21545.0	17185.0	80.0	30.0	67.3	88.6	89.8	97.8
2015-10-27	21995.0	0.0	4410.0	21915.0	17555.0	80.0	30.0	65.7	87.1	88.4	96.2
2015-11-03	21995.0	0.0	4410.0	21915.0	17555.0	80.0	30.0	65.7	87.1	88.4	96.2
2015-11-10	21050.0	0.0	4130.0	20980.0	16900.0	70.0	20.0	64.6	86.7	87.6	96.6
2015-11-17	21275.0	0.0	4130.0	21205.0	17125.0	70.0	20.0	64.1	86.0	86.9	95.8
2015-11-24	21125.0	0.0	3980.0	21055.0	17125.0	70.0	20.0	63.9	85.9	86.8	95.8
2015-12-01	21150.0	0.0	3980.0	21080.0	17150.0	70.0	20.0	63.9	85.8	86.8	95.7
2015-12-08	20465.0	0.0	3750.0	20405.0	16705.0	60.0	10.0	59.1	84.0	84.7	94.4
2015-12-15	21885.0	0.0	3850.0	21825.0	18025.0	60.0	10.0	62.6	86.4	86.5	96.1
2015-12-22	21935.0	0.0	3900.0	21875.0	18025.0	60.0	10.0	62.4	86.5	86.3	95.9
2015-12-29	21935.0	0.0	3900.0	21875.0	18025.0	60.0	10.0	62.3	86.5	86.3	95.9
2016-01-05	21935.0	0.0	3900.0	21875.0	18025.0	60.0	10.0	63.5	86.5	87.7	95.9
2016-01-12	20775.0	0.0	3720.0	20725.0	17055.0	50.0	0.0	62.6	86.0	87.3	96.1
2016-01-19	21675.0	0.0	3720.0	21625.0	17655.0	50.0	300.0	61.4	85.2	85.1	92.1
2016-01-26	22020.0	0.0	3720.0	21970.0	18300.0	50.0	0.0	62.7	87.5	86.0	94.3
2016-02-02	22020.0	0.0	3720.0	21970.0	18300.0	50.0	0.0	62.7	87.5	86.0	94.3
2016-04-19	29250.0	0.0	2985.0	27380.0	24350.0	1800.0	1845.0	55.3	80.5	74.7	85.3
2016-04-26	29020.0	0.0	2985.0	27235.0	24205.0	1715.0	1760.0	53.7	81.2	73.7	86.0
2016-05-03	29120.0	0.0	3235.0	27110.0	23830.0	1940.0	1985.0	52.7	81.8	74.3	86.6
2016-05-10	28300.0	0.0	2965.0	26310.0	23300.0	1920.0	1965.0	49.1	80.1	70.8	86.5
2016-05-17	28505.0	0.0	2940.0	26155.0	23170.0	1930.0	1975.0	48.2	77.8	70.4	85.6
2016-05-24	28755.0	0.0	3240.0	26405.0	23120.0	1930.0	1975.0	48.8	77.1	70.8	85.9
2016-05-31	28830.0	0.0	3315.0	26480.0	23120.0	1930.0	1975.0	48.9	76.9	70.9	85.9
2016-06-07	28555.0	0.0	4160.0	25830.0	21670.0	2130.0	2130.0	48.1	72.4	69.7	85.1
2016-06-14	28280.0	0.0	3810.0	25680.0	21870.0	2005.0	2005.0	47.0	72.1	68.7	84.0
2016-06-21	28630.0	0.0	3810.0	25805.0	21995.0	2005.0	2005.0	45.9	70.4	67.3	81.9
2016-06-28	28770.0	0.0	3810.0	25795.0	21985.0	2155.0	2155.0	45.2	70.0	66.5	81.3
2016-07-05	28770.0	0.0	3760.0	25795.0	22035.0	2155.0	2155.0	45.2	69.8	66.5	81.1
2016-07-12	27660.0	0.0	3440.0	24920.0	21480.0	1920.0	1920.0	45.4	69.7	66.3	80.9
2016-07-19	27780.0	0.0	3440.0	25020.0	21580.0	1940.0	1940.0	45.4	69.4	66.2	80.5
2016-07-26	27780.0	0.0	3440.0	25020.0	21580.0	1940.0	1940.0	45.4	69.4	66.2	80.5
2016-08-02	27780.0	0.0	3440.0	25020.0	21580.0	1940.0	1940.0	45.4	69.4	66.2	80.5
2016-08-09	26625.0	0.0	3095.0	24000.0	21080.0	1955.0	1780.0	46.5	70.5	66.8	81.1
2016-08-16	27460.0	0.0	3220.0	25135.0	21915.0	1630.0	1630.0	43.1	68.1	63.3	78.9
2016-08-23	27485.0	0.0	3245.0	25160.0	21915.0	1630.0	1630.0	43.2	68.0	63.4	78.8
2016-08-30	27015.0	0.0	2870.0	24395.0	21525.0	1775.0	1775.0	42.3	67.6	61.9	77.7
2016-09-06	25615.0	0.0	2870.0	23020.0	20150.0	1750.0	1750.0	43.3	64.9	61.3	75.5
2016-09-13	24385.0	0.0	2450.0	22240.0	19790.0	1425.0	1425.0	45.3	67.0	63.2	77.2
2016-09-20	26030.0	0.0	2625.0	23835.0	21210.0	1475.0	1475.0	45.1	64.8	61.7	75.0
2016-09-27	26530.0	0.0	2550.0	24375.0	21825.0	1435.0	1435.0	46.3	63.2	59.9	72.9
2016-10-04	27325.0	0.0	2325.0	25090.0	22765.0	1415.0	1415.0	40.9	59.1	54.1	67.8
2016-10-11	26040.0	135.0	1880.0	23925.0	22190.0	1105.0	1095.0	36.8	57.0	50.4	65.4
2016-10-18	26610.0	380.0	1350.0	24410.0	23460.0	950.0	930.0	34.3	48.9	47.6	60.8
2016-10-25	26735.0	380.0	1350.0	24535.0	23585.0	950.0	930.0	34.1	49.4	47.7	61.3
2016-11-01	26590.0	530.0	1275.0	24250.0	23525.0	940.0	920.0	34.3	50.1	47.8	61.8
2016-11-08	25475.0	710.0	1300.0	23310.0	22740.0	790.0	770.0	35.8	51.4	49.6	63.6
2016-11-15	26025.0	710.0	1300.0	23510.0	22940.0	1140.0	1120.0	35.1	48.8	48.6	60.7
2016-11-22	26325.0	710.0	1500.0	23810.0	23040.0	1140.0	1120.0	34.7	47.7	48.0	60.2
2016-11-29	26545.0	660.0	1550.0	24020.0	23150.0	1150.0	1130.0	35.3	46.7	47.4	59.3
2016-12-06	25475.0	965.0	1600.0	22800.0	22175.0	1240.0	1230.0	37.2	46.2	49.9	59.8
2016-12-13	25285.0	865.0	1600.0	22380.0	21655.0	1570.0	1560.0	37.5	41.6	49.2	57.6
2016-12-20	25435.0	940.0	1600.0	22480.0	21830.0	1670.0	1660.0	37.3	41.2	48.9	57.5
2016-12-27	25435.0	940.0	1600.0	22480.0	21830.0	1670.0	1660.0	37.3	41.2	48.9	57.5
2017-01-03	25585.0	1040.0	1600.0	22530.0	21980.0	1670.0	1660.0	37.1	42.3	48.6	57.6
2017-01-10	23725.0	1095.0	1400.0	20510.0	20215.0	1770.0	1760.0	38.7	40.4	49.7	56.4
2017-01-17	23635.0	1095.0	1340.0	20430.0	20195.0	1760.0	1750.0	38.8	40.8	49.9	56.7
2017-01-24	23705.0	1095.0	1340.0	20500.0	20265.0	1760.0	1750.0	39.8	44.5	52.9	60.3
2017-01-31	23805.0	1095.0	1290.0	20550.0	20365.0	1760.0	1750.0	39.7	44.3	52.7	59.8
