2005-01-04	82705.0	15899.0	37177.0	52205.0	36057.0	10189.0	5059.0	22.1	18.4	31.9	27.4
2005-01-11	92056.0	27287.0	25567.0	45140.0	53355.0	12384.0	5889.0	19.6	24.2	29.5	31.8
2005-01-18	94731.0	27894.0	24880.0	46941.0	56870.0	12937.0	6022.0	21.4	25.9	31.3	34.2
2005-01-25	98269.0	30012.0	20857.0	44422.0	61929.0	17225.0	8873.0	20.7	28.3	31.1	36.7
2005-02-01	90430.0	18624.0	28115.0	50152.0	46039.0	16050.0	10672.0	23.2	20.0	32.8	27.2
2005-02-08	92684.0	18611.0	32020.0	53232.0	43833.0	14796.0	10786.0	22.5	18.2	32.5	25.2
2005-02-15	92047.0	19961.0	25301.0	48754.0	47575.0	16113.0	11952.0	22.7	24.3	33.5	32.7
2005-02-22	95191.0	27346.0	18358.0	46937.0	62132.0	15373.0	9166.0	22.2	35.8	34.2	43.6
2005-03-01	108045.0	40194.0	21521.0	47093.0	73881.0	16992.0	8877.0	20.7	37.5	32.4	45.9
2005-03-08	116075.0	45192.0	22852.0	47630.0	80628.0	18388.0	7730.0	19.8	38.7	30.8	47.3
2005-03-15	124394.0	51117.0	23512.0	48566.0	87212.0	19123.0	8082.0	18.9	39.8	29.9	48.3
2005-03-22	117769.0	45584.0	21155.0	49651.0	83432.0	16896.0	7544.0	20.1	38.0	31.5	46.9
2005-03-29	120245.0	45040.0	19769.0	49573.0	85287.0	19089.0	8646.0	19.2	36.3	30.3	45.9
2005-04-05	118626.0	43375.0	18214.0	49623.0	85021.0	18524.0	8287.0	19.8	35.9	30.8	44.7
2005-04-12	124290.0	44731.0	18318.0	55743.0	92080.0	18043.0	8119.0	19.2	35.3	29.7	44.0
2005-04-19	124829.0	42922.0	8154.0	60641.0	104712.0	17024.0	7721.0	19.4	38.9	28.1	48.2
2005-04-26	119196.0	46222.0	11053.0	51799.0	98725.0	17718.0	5961.0	20.8	43.2	30.2	53.4
2005-05-03	118694.0	44245.0	13121.0	54118.0	95464.0	16735.0	6513.0	21.4	40.1	31.8	50.7
2005-05-10	107372.0	34144.0	11506.0	55401.0	85717.0	13708.0	6030.0	23.9	39.5	34.1	49.7
2005-05-17	100051.0	28844.0	13546.0	54624.0	75591.0	13009.0	7340.0	25.6	39.8	35.8	49.7
2005-05-24	95876.0	23599.0	14628.0	54949.0	69295.0	12816.0	7441.0	26.0	38.2	37.0	48.0
2005-05-31	97413.0	23090.0	16505.0	57357.0	66181.0	11863.0	9624.0	26.1	35.5	37.6	45.0
2005-06-07	96381.0	20413.0	18790.0	56950.0	60372.0	12124.0	10325.0	26.1	31.9	37.2	39.5
2005-06-14	95290.0	19144.0	27661.0	58629.0	52165.0	13845.0	11792.0	26.5	27.9	38.1	35.5
2005-06-21	93953.0	18646.0	29022.0	58733.0	51594.0	13838.0	10601.0	27.1	27.9	39.1	35.7
2005-06-28	88242.0	18593.0	20275.0	55369.0	57012.0	12019.0	8694.0	29.0	35.2	41.2	43.6
2005-07-05	91929.0	21910.0	14997.0	55137.0	66271.0	11682.0	7461.0	27.7	41.0	39.6	49.3
2005-07-12	90231.0	20255.0	15417.0	55213.0	63373.0	11302.0	7980.0	28.5	40.6	40.8	48.0
2005-07-19	92001.0	20603.0	23421.0	57148.0	56575.0	11823.0	9578.0	27.9	35.9	40.1	44.1
2005-07-26	93888.0	21362.0	27176.0	58760.0	54154.0	11355.0	10147.0	27.5	33.4	39.8	42.5
2005-08-02	94139.0	20114.0	26280.0	59378.0	53972.0	11630.0	10870.0	27.4	33.3	40.0	42.1
2005-08-09	94924.0	20017.0	29715.0	61482.0	51393.0	9884.0	10275.0	26.9	31.2	40.9	40.2
2005-08-16	101777.0	20615.0	40353.0	66236.0	45404.0	11310.0	12404.0	25.4	28.5	39.2	36.7
2005-08-23	104475.0	20562.0	43371.0	67011.0	45092.0	13299.0	12409.0	24.1	28.0	37.1	36.2
2005-09-06	107098.0	21111.0	41986.0	68509.0	48237.0	12635.0	12032.0	24.5	26.4	37.2	33.8
2005-09-13	104571.0	20454.0	34577.0	67469.0	53731.0	11716.0	11331.0	25.2	27.8	36.6	34.6
2005-09-20	104347.0	20329.0	34348.0	67747.0	54903.0	11561.0	10386.0	25.7	28.4	37.2	35.6
2005-09-27	107674.0	21760.0	31310.0	67071.0	60353.0	13233.0	10401.0	25.4	28.4	36.7	35.4
2005-10-04	110391.0	23572.0	25796.0	65880.0	68011.0	13163.0	8808.0	25.1	30.1	35.3	36.5
2005-10-11	115657.0	26005.0	23562.0	66836.0	75406.0	14383.0	8256.0	24.0	30.7	33.6	38.0
2005-10-18	122932.0	34110.0	22802.0	66998.0	84224.0	13140.0	7222.0	22.7	32.4	32.5	41.1
2005-10-25	122819.0	31133.0	23046.0	68205.0	83039.0	15774.0	9027.0	23.0	30.8	32.2	39.7
2005-11-01	116387.0	24917.0	24994.0	70759.0	74888.0	13256.0	9050.0	24.3	27.2	34.1	36.1
2005-11-08	114822.0	23645.0	28454.0	73216.0	70836.0	12407.0	9978.0	25.0	24.8	34.7	33.6
2005-11-15	102344.0	17765.0	23913.0	69577.0	65091.0	10803.0	9141.0	28.1	26.2	39.4	34.3
2005-11-22	89118.0	15161.0	28934.0	60833.0	48045.0	9071.0	8086.0	32.6	27.3	47.2	36.3
2005-11-29	90574.0	14594.0	31739.0	61642.0	45777.0	10313.0	9033.0	32.4	26.7	47.2	35.8
2005-12-06	97435.0	14909.0	39971.0	66951.0	42663.0	11011.0	10237.0	31.2	23.4	45.9	31.8
2005-12-13	100063.0	18332.0	36972.0	64213.0	48663.0	13066.0	9976.0	31.1	25.6	44.3	33.9
2005-12-20	100664.0	18141.0	34746.0	64643.0	51201.0	13287.0	10124.0	31.4	27.3	43.8	35.2
2005-12-27	104251.0	19048.0	31447.0	64909.0	57158.0	13732.0	9084.0	31.1	28.8	42.9	36.3
2006-01-03	109473.0	21761.0	26228.0	64035.0	65474.0	15215.0	9309.0	30.4	31.8	41.6	39.7
2006-01-10	111950.0	25747.0	20145.0	61806.0	72499.0	14744.0	9653.0	30.3	35.4	41.5	42.9
2006-01-17	116552.0	27416.0	16951.0	63762.0	80860.0	15917.0	9284.0	29.7	37.1	40.7	45.9
2006-01-24	125246.0	32867.0	15126.0	63737.0	88661.0	17161.0	9978.0	27.9	37.9	38.3	47.8
2006-01-31	128666.0	31681.0	15309.0	65752.0	88997.0	20174.0	13301.0	27.8	35.3	38.1	45.3
2006-02-07	131823.0	36632.0	13854.0	68015.0	98304.0	17437.0	9926.0	27.4	37.6	37.7	48.4
2006-02-14	135359.0	34062.0	12376.0	75398.0	104641.0	18303.0	10746.0	26.4	36.9	36.3	46.0
2006-02-21	124431.0	32142.0	13316.0	72345.0	96396.0	14394.0	9169.0	29.1	37.8	40.2	46.8
2006-02-28	122363.0	26763.0	16566.0	73541.0	88004.0	14709.0	10443.0	30.3	33.7	41.7	43.1
2006-03-07	123559.0	22510.0	24343.0	76092.0	77393.0	15359.0	12225.0	30.4	29.4	41.8	37.3
2006-03-14	126520.0	23763.0	29081.0	75515.0	72969.0	15452.0	12680.0	29.6	28.3	41.2	36.4
2006-03-21	132487.0	24297.0	35765.0	77739.0	69147.0	15947.0	13071.0	28.5	26.8	40.0	34.7
2006-03-28	136230.0	24168.0	46727.0	83286.0	63381.0	16328.0	13674.0	27.9	23.3	39.6	31.4
2006-04-04	137879.0	26672.0	49919.0	83862.0	63868.0	16668.0	13415.0	27.6	22.2	39.1	30.8
2006-04-11	141881.0	25418.0	48472.0	86591.0	67457.0	18462.0	14542.0	26.8	21.5	38.5	29.7
2006-04-18	140710.0	27543.0	50175.0	87414.0	69312.0	18088.0	13558.0	27.5	21.1	39.5	29.6
2006-04-25	142195.0	25617.0	59224.0	92626.0	61190.0	16492.0	14321.0	29.2	19.4	41.8	28.6
2006-05-02	149879.0	27854.0	60146.0	97453.0	67424.0	16110.0	13847.0	28.4	20.5	41.4	28.6
2006-05-09	154475.0	27109.0	60728.0	99797.0	70346.0	18015.0	13847.0	27.9	20.4	40.5	29.1
2006-05-16	171867.0	38537.0	61352.0	102558.0	85456.0	20612.0	14899.0	25.5	24.8	37.5	33.7
2006-05-23	173682.0	37670.0	63625.0	106151.0	85401.0	19400.0	14195.0	26.1	23.9	38.0	32.5
2006-05-30	176377.0	38469.0	61502.0	105867.0	88555.0	20499.0	14778.0	25.8	25.1	37.6	33.6
2006-06-06	176991.0	39303.0	49175.0	105715.0	101871.0	19906.0	13878.0	25.1	29.1	36.7	37.9
2006-06-13	176555.0	39050.0	46675.0	103664.0	102339.0	20046.0	13746.0	25.3	28.8	37.0	37.8
2006-06-20	166340.0	38095.0	43704.0	100465.0	100733.0	17786.0	11909.0	26.8	30.8	39.3	40.7
2006-06-27	159009.0	38627.0	52769.0	95600.0	84151.0	15322.0	12629.0	29.0	28.1	42.2	37.5
2006-07-03	160702.0	39759.0	56386.0	94537.0	80462.0	16081.0	13529.0	28.7	27.3	41.9	36.3
2006-07-11	161577.0	38203.0	59186.0	95469.0	76636.0	16343.0	14193.0	28.6	26.2	42.1	34.9
2006-07-18	161267.0	36922.0	56880.0	95690.0	78923.0	16693.0	13502.0	28.2	27.0	41.8	35.7
2006-07-25	161696.0	34793.0	50781.0	97072.0	84092.0	16394.0	13386.0	27.8	28.0	41.4	36.7
2006-08-01	164571.0	35079.0	47170.0	98147.0	90253.0	16951.0	12754.0	27.2	29.3	40.3	37.9
2006-08-08	163582.0	33228.0	38826.0	97203.0	97692.0	17274.0	11187.0	27.3	32.8	40.5	41.5
2006-08-15	166261.0	34588.0	39318.0	98685.0	97249.0	16064.0	12770.0	26.8	31.5	39.7	40.0
2006-08-22	169024.0	35372.0	39896.0	99293.0	98476.0	16184.0	12477.0	26.2	31.1	38.8	39.6
2006-08-29	170183.0	35306.0	40981.0	100663.0	98778.0	16321.0	12531.0	26.0	31.3	38.6	39.6
2006-09-05	173161.0	36360.0	47177.0	102537.0	94943.0	16687.0	13464.0	25.7	29.9	38.3	37.9
2006-09-12	175873.0	37012.0	52765.0	104009.0	89870.0	16740.0	15126.0	25.0	28.2	37.3	36.2
2006-09-19	181639.0	36668.0	55472.0	107528.0	90376.0	17163.0	15511.0	23.9	27.0	35.8	34.3
2006-09-26	182367.0	36492.0	54297.0	107929.0	91758.0	16402.0	14768.0	23.8	28.0	35.6	35.5
2006-10-03	184683.0	32826.0	58406.0	110604.0	86951.0	19011.0	17084.0	23.6	26.0	35.4	33.4
2006-10-10	184270.0	30918.0	62755.0	111111.0	81668.0	16207.0	13813.0	23.2	24.9	35.0	32.5
2006-10-17	184505.0	30803.0	61782.0	110800.0	83236.0	17592.0	14177.0	22.8	25.2	34.5	32.7
2006-10-24	183770.0	30568.0	64191.0	109097.0	79897.0	19595.0	15172.0	22.8	24.1	34.6	31.7
2006-10-31	185353.0	32175.0	62025.0	109747.0	84878.0	18905.0	13924.0	22.7	24.4	34.6	31.9
2006-11-07	183796.0	32677.0	59700.0	106375.0	84022.0	20963.0	16293.0	22.8	24.1	34.8	31.6
2006-11-14	172689.0	32827.0	69136.0	105352.0	72716.0	19107.0	15434.0	24.5	20.4	37.2	29.4
2006-11-21	154878.0	33279.0	67341.0	95177.0	64156.0	15554.0	12513.0	27.4	22.4	41.4	31.9
2006-11-28	158274.0	35606.0	63566.0	95727.0	71628.0	15391.0	11530.0	26.9	25.8	40.4	35.1
2006-12-05	160164.0	40261.0	58714.0	90655.0	79102.0	17421.0	10521.0	27.1	27.8	40.5	36.7
2006-12-12	162068.0	39467.0	53528.0	91006.0	84150.0	18588.0	11383.0	27.7	27.9	40.7	36.8
2006-12-19	166083.0	42236.0	43560.0	90118.0	97141.0	19484.0	11137.0	27.3	31.2	39.9	39.9
2006-12-26	168819.0	43894.0	40902.0	91076.0	104274.0	19888.0	9682.0	27.2	32.8	39.4	41.4
2007-01-03	171262.0	44094.0	40405.0	92724.0	104573.0	19333.0	11173.0	27.4	31.5	39.7	40.0
2007-01-09	170473.0	43007.0	42037.0	93775.0	102348.0	18125.0	10522.0	28.0	30.6	40.7	39.0
2007-01-16	177524.0	42362.0	45510.0	98469.0	102083.0	18856.0	12094.0	28.9	29.9	41.5	38.2
2007-01-23	182429.0	42238.0	45049.0	100489.0	105135.0	21477.0	14020.0	28.4	29.5	40.7	37.8
2007-01-30	184037.0	40713.0	49449.0	103372.0	101870.0	20437.0	13203.0	28.0	26.8	40.4	34.9
2007-02-06	195478.0	45053.0	52645.0	108323.0	110145.0	22032.0	12618.0	26.8	26.3	38.4	34.1
2007-02-13	208355.0	40701.0	69455.0	129043.0	108072.0	23338.0	15555.0	25.4	19.5	36.3	26.4
2007-02-20	195138.0	40804.0	74037.0	118989.0	94746.0	21315.0	12325.0	27.5	21.2	39.0	28.5
2007-02-27	201348.0	42475.0	71284.0	119796.0	102627.0	23453.0	11813.0	27.1	24.2	38.3	32.2
2007-03-06	205721.0	46877.0	67933.0	119857.0	110081.0	22461.0	11181.0	26.7	26.5	37.9	34.1
2007-03-13	213092.0	50535.0	61714.0	119012.0	119688.0	23333.0	11478.0	25.9	29.1	36.6	37.4
2007-03-20	214731.0	51694.0	61101.0	115674.0	118779.0	24493.0	11981.0	25.4	29.2	35.9	37.7
2007-03-27	224796.0	53239.0	61620.0	119453.0	124354.0	26508.0	13226.0	24.4	28.7	34.4	36.8
2007-04-03	236275.0	55030.0	64492.0	126033.0	128272.0	28886.0	17185.0	23.3	27.2	32.9	34.5
2007-04-10	223607.0	55491.0	68973.0	120538.0	115605.0	23594.0	15045.0	24.6	25.1	34.8	33.2
2007-04-17	225002.0	53383.0	73062.0	123718.0	112299.0	24281.0	16021.0	24.1	22.7	34.0	30.4
2007-04-24	220971.0	54181.0	74221.0	123167.0	111220.0	23176.0	15083.0	24.6	23.1	34.7	30.8
2007-05-01	221467.0	54590.0	76385.0	126339.0	109218.0	20782.0	16108.0	26.0	22.7	35.8	30.5
2007-05-08	222770.0	54080.0	79641.0	128934.0	110145.0	21148.0	14376.0	26.4	23.0	36.3	31.3
2007-05-15	223779.0	55156.0	81057.0	128046.0	108999.0	21077.0	14223.0	25.6	22.7	35.6	31.1
2007-05-22	225427.0	57028.0	65023.0	124159.0	124398.0	21080.0	12846.0	25.5	28.4	35.4	36.0
2007-05-29	226261.0	56837.0	60090.0	121675.0	128028.0	21868.0	12262.0	24.8	28.0	34.6	36.1
2007-06-05	223817.0	55824.0	54997.0	117638.0	127881.0	23354.0	13938.0	24.4	27.5	34.1	36.1
2007-06-12	217281.0	58375.0	49947.0	117146.0	134365.0	19199.0	10408.0	24.8	28.5	34.6	37.7
2007-06-19	204269.0	63892.0	36566.0	104744.0	144321.0	22289.0	10038.0	24.9	33.8	35.0	44.9
2007-06-26	202007.0	67012.0	29601.0	100701.0	150132.0	20815.0	8795.0	24.9	36.1	34.4	48.7
2007-07-03	208627.0	68607.0	25844.0	103146.0	159353.0	20730.0	7286.0	24.0	38.8	33.0	51.4
2007-07-10	215039.0	70596.0	22278.0	105279.0	167506.0	22194.0	8285.0	23.3	39.6	32.0	51.9
2007-07-17	220635.0	72543.0	18544.0	104023.0	171547.0	21769.0	8244.0	21.0	38.5	30.2	50.9
2007-07-24	212708.0	68304.0	20820.0	102388.0	164947.0	22266.0	7191.0	21.6	38.3	31.5	51.1
2007-07-31	213491.0	67331.0	19066.0	104014.0	167708.0	22701.0	7272.0	21.4	37.1	31.0	50.4
2007-08-07	214503.0	68508.0	18684.0	106642.0	169107.0	19551.0	6910.0	20.9	35.8	30.3	49.4
2007-08-14	207566.0	61059.0	19248.0	105729.0	158598.0	20682.0	9624.0	21.1	33.1	30.9	47.1
2007-08-21	199120.0	52389.0	25613.0	110249.0	146562.0	19415.0	9878.0	22.6	30.1	33.0	43.3
2007-08-28	198641.0	52265.0	29478.0	111151.0	141889.0	18006.0	10055.0	22.2	28.7	32.7	40.8
2007-09-04	205006.0	54569.0	22851.0	113691.0	154441.0	16954.0	7922.0	22.0	31.6	32.3	44.1
2007-09-11	205561.0	57331.0	23441.0	108772.0	152521.0	17488.0	7629.0	21.8	32.1	32.1	44.7
2007-09-18	215529.0	62899.0	19485.0	107695.0	163629.0	20413.0	7893.0	20.9	34.4	30.7	47.3
2007-09-25	226842.0	70866.0	20692.0	108126.0	172535.0	22598.0	8363.0	19.8	35.1	29.1	48.1
2007-10-02	232612.0	75378.0	22238.0	107561.0	173507.0	20920.0	8114.0	19.0	34.4	28.4	47.3
2007-10-09	232745.0	75016.0	23414.0	106151.0	170784.0	21694.0	8663.0	18.7	33.6	28.3	46.1
2007-10-16	235532.0	74641.0	23498.0	106089.0	170216.0	22830.0	9846.0	18.6	33.1	27.8	45.5
2007-10-23	245742.0	78906.0	24043.0	107047.0	176878.0	24894.0	9926.0	18.1	33.5	26.8	45.5
2007-10-30	248750.0	77379.0	22698.0	112073.0	177372.0	22366.0	11748.0	17.8	31.8	26.2	43.4
2007-11-06	250060.0	79827.0	25432.0	112438.0	181560.0	24043.0	9316.0	17.7	32.2	26.1	44.3
2007-11-13	236528.0	76020.0	18816.0	111289.0	181432.0	26236.0	13297.0	20.1	35.5	29.6	49.6
2007-11-20	218535.0	66123.0	25412.0	110447.0	161213.0	26967.0	16912.0	21.7	33.7	32.1	46.3
2007-11-27	209170.0	63325.0	28019.0	111679.0	154450.0	20628.0	13163.0	22.9	32.7	33.7	45.7
2007-12-04	210401.0	59505.0	32299.0	112784.0	146988.0	20970.0	13972.0	22.9	30.2	33.7	42.6
2007-12-11	213025.0	62436.0	36013.0	109432.0	144552.0	23139.0	14442.0	22.5	29.9	33.5	41.7
2007-12-18	220048.0	64321.0	36603.0	110947.0	145810.0	24851.0	17706.0	22.2	28.8	33.1	42.0
2007-12-24	224449.0	66133.0	26674.0	110983.0	163329.0	25853.0	12966.0	22.3	33.3	33.1	49.1
2007-12-31	231807.0	72919.0	19815.0	110899.0	178943.0	25519.0	10579.0	22.1	36.7	32.5	53.8
2008-01-08	259197.0	88035.0	21132.0	117269.0	201363.0	27721.0	10530.0	21.3	39.7	31.5	56.4
2008-01-15	275922.0	95612.0	22545.0	115797.0	208413.0	32018.0	12469.0	20.9	39.1	31.7	55.9
2008-01-22	280898.0	93887.0	20366.0	119554.0	210998.0	31401.0	13478.0	21.4	37.7	31.8	55.7
2008-01-29	267384.0	78572.0	17860.0	122204.0	199514.0	29974.0	13376.0	22.5	36.0	32.4	53.7
2008-02-05	279027.0	80971.0	16839.0	132712.0	214062.0	29482.0	12264.0	21.4	35.7	30.8	53.0
2008-02-12	266923.0	76175.0	18210.0	138606.0	213115.0	29918.0	13374.0	23.1	35.2	32.1	53.3
2008-02-19	259289.0	77005.0	18062.0	131229.0	210889.0	33422.0	12705.0	25.0	39.2	34.6	57.7
2008-02-26	290439.0	93879.0	25431.0	151027.0	239993.0	27924.0	7406.0	25.1	40.5	34.9	56.1
2008-03-04	299206.0	93156.0	34138.0	154412.0	232650.0	27779.0	8559.0	23.2	37.6	33.0	50.9
2008-03-11	293606.0	78152.0	39716.0	155600.0	212009.0	32096.0	14123.0	23.9	34.8	32.4	44.6
2008-03-18	290193.0	70360.0	37089.0	155014.0	205771.0	33392.0	15906.0	23.1	33.1	31.4	41.1
2008-03-25	272330.0	63857.0	32884.0	155354.0	201746.0	22852.0	7433.0	24.1	34.5	33.1	43.2
2008-04-01	271427.0	61293.0	41319.0	155281.0	190213.0	24217.0	9259.0	23.8	31.6	32.5	39.7
2008-04-08	266878.0	60679.0	40133.0	154116.0	191011.0	22774.0	6425.0	24.0	32.3	32.6	40.2
2008-04-15	261891.0	61874.0	34803.0	156295.0	199384.0	23844.0	7826.0	25.3	35.0	34.3	44.6
2008-04-22	253186.0	62005.0	31684.0	151598.0	195652.0	20422.0	6689.0	25.9	35.6	35.0	45.1
2008-04-29	246090.0	60216.0	32602.0	146700.0	185828.0	19706.0	8192.0	26.4	32.3	35.3	43.3
2008-05-06	247979.0	60718.0	32087.0	144339.0	183331.0	19981.0	9620.0	25.7	31.4	34.8	42.1
2008-05-13	253305.0	60168.0	32770.0	148315.0	185254.0	19537.0	9996.0	25.4	30.5	34.1	39.7
2008-05-20	264285.0	64189.0	34037.0	152409.0	193593.0	20941.0	9909.0	24.1	28.8	33.0	37.6
2008-05-27	268743.0	61670.0	39629.0	161809.0	191745.0	19154.0	11259.0	23.6	26.0	32.0	34.8
2008-06-03	273104.0	58809.0	44301.0	171710.0	190636.0	16985.0	12567.0	22.9	22.7	30.8	30.9
2008-06-10	266100.0	61249.0	44071.0	160308.0	181718.0	18465.0	14233.0	24.2	26.0	32.5	33.9
2008-06-17	221739.0	55743.0	34092.0	133079.0	162728.0	18035.0	10037.0	29.2	29.7	39.6	41.0
2008-06-24	214012.0	54903.0	32587.0	128460.0	160091.0	17533.0	8218.0	30.1	31.3	40.9	43.2
2008-07-01	217590.0	56934.0	31779.0	129906.0	161501.0	16921.0	10481.0	28.6	31.4	40.5	43.3
2008-07-08	218245.0	56644.0	39511.0	129482.0	151777.0	17879.0	12717.0	28.4	28.8	40.4	40.3
2008-07-15	222265.0	55917.0	42324.0	133281.0	153150.0	18446.0	12170.0	27.4	28.2	39.5	39.3
2008-07-22	218566.0	52164.0	45185.0	133013.0	146184.0	18600.0	12408.0	27.4	26.1	40.2	37.1
2008-07-29	220067.0	54237.0	43328.0	132577.0	149268.0	17697.0	11915.0	26.8	27.4	39.9	38.5
2008-08-05	217812.0	52197.0	48011.0	132852.0	140407.0	16562.0	13193.0	26.4	25.2	40.1	36.5
2008-08-12	214066.0	53007.0	48018.0	129723.0	136896.0	15105.0	12921.0	25.9	26.4	39.7	36.7
2008-08-19	213927.0	51032.0	46870.0	128867.0	132618.0	15361.0	15772.0	25.7	24.1	39.1	35.7
2008-08-26	215217.0	51322.0	46569.0	128569.0	137053.0	16620.0	12889.0	25.4	24.9	38.8	36.5
2008-09-02	215379.0	54808.0	44112.0	124819.0	139213.0	17253.0	13555.0	25.5	25.6	38.2	37.5
2008-09-09	218631.0	51383.0	49090.0	129888.0	135615.0	16440.0	13006.0	24.6	23.2	37.1	34.2
2008-09-16	215450.0	47215.0	47540.0	129641.0	129431.0	15980.0	15865.0	22.7	21.9	35.1	31.7
2008-09-23	206277.0	47445.0	45634.0	123950.0	125674.0	13705.0	13792.0	21.5	23.4	33.5	32.7
2008-09-30	195316.0	43141.0	43327.0	119207.0	119362.0	13158.0	12817.0	22.2	22.8	34.2	32.4
2008-10-07	185485.0	39286.0	40584.0	113917.0	114212.0	12223.0	10630.0	21.1	24.0	33.5	32.5
2008-10-14	175560.0	35934.0	35408.0	107312.0	108928.0	12031.0	10941.0	20.3	23.5	31.1	31.8
2008-10-21	169152.0	36613.0	34316.0	103415.0	106003.0	10992.0	10701.0	18.6	24.0	29.9	32.2
2008-10-28	171963.0	35235.0	35080.0	106910.0	107323.0	11277.0	11019.0	18.5	24.2	30.8	32.1
2008-11-04	169015.0	34773.0	33617.0	105479.0	107514.0	10489.0	9610.0	18.6	25.6	31.2	32.5
2008-11-11	153268.0	26504.0	33087.0	100100.0	94391.0	13758.0	12884.0	20.3	19.0	33.6	28.2
2008-11-18	138808.0	27268.0	31032.0	88673.0	84014.0	11446.0	12341.0	22.1	21.6	36.3	32.5
2008-11-25	128157.0	24662.0	31664.0	82343.0	75280.0	9952.0	10013.0	23.4	22.7	38.5	33.7
2008-12-02	126805.0	24843.0	28318.0	81281.0	77095.0	9622.0	10333.0	23.6	24.0	38.9	35.8
2008-12-09	130017.0	23828.0	27092.0	80164.0	76256.0	13929.0	14573.0	22.9	22.9	37.2	34.1
2008-12-16	127864.0	24630.0	25896.0	78374.0	76525.0	13338.0	13921.0	23.1	23.8	36.9	35.4
2008-12-22	124035.0	24387.0	23589.0	76813.0	78730.0	11230.0	10111.0	24.1	26.3	38.4	38.6
2008-12-30	125564.0	25537.0	24011.0	75961.0	79570.0	11858.0	9775.0	24.2	26.5	38.2	38.9
2009-01-06	130182.0	25834.0	21513.0	76999.0	84827.0	14403.0	10896.0	24.5	27.8	37.4	39.9
2009-01-13	129553.0	25935.0	21562.0	78974.0	84211.0	11081.0	10217.0	23.4	26.6	36.1	37.2
2009-01-20	130358.0	23611.0	21210.0	80411.0	84537.0	12080.0	10355.0	23.2	24.6	36.0	34.7
2009-01-27	131102.0	25313.0	18855.0	77376.0	86501.0	13351.0	10684.0	22.2	26.5	35.0	36.5
2009-02-03	128412.0	26629.0	21754.0	75095.0	85246.0	13888.0	8612.0	22.8	26.6	36.0	36.8
2009-02-10	123430.0	27458.0	23705.0	72420.0	77717.0	14176.0	12632.0	23.0	23.8	37.5	34.4
2009-02-17	117984.0	25370.0	32376.0	71438.0	63570.0	12326.0	13188.0	23.8	20.6	39.3	30.2
2009-02-24	115564.0	24856.0	35345.0	71257.0	57814.0	11457.0	14411.0	24.1	20.1	40.2	31.0
2009-03-03	116082.0	25783.0	38117.0	71247.0	55196.0	11322.0	15039.0	24.2	17.2	39.6	28.9
2009-03-10	121487.0	25995.0	38545.0	74010.0	59111.0	12859.0	15208.0	22.8	16.6	36.4	28.0
2009-03-17	128065.0	26358.0	37658.0	78684.0	66535.0	12999.0	13848.0	22.1	18.4	35.0	30.0
2009-03-24	137552.0	28099.0	34214.0	83544.0	78746.0	14410.0	13093.0	21.0	21.6	33.2	32.5
2009-03-31	140318.0	27706.0	28725.0	85393.0	86815.0	14766.0	12325.0	20.8	22.1	32.9	33.2
2009-04-07	139492.0	28310.0	24353.0	85563.0	93254.0	14492.0	10758.0	21.4	25.1	34.3	37.7
2009-04-14	131453.0	29585.0	22687.0	76556.0	89107.0	15247.0	9594.0	22.5	27.0	36.0	39.1
2009-04-21	121776.0	29857.0	21588.0	69573.0	84561.0	14400.0	7681.0	24.5	31.0	39.6	43.9
2009-04-28	119982.0	28428.0	19156.0	72885.0	89012.0	13011.0	6156.0	25.2	33.1	40.9	47.3
2009-05-05	127475.0	35289.0	16043.0	71517.0	99723.0	14305.0	5345.0	23.6	40.0	38.2	53.3
2009-05-12	137523.0	39352.0	17356.0	73648.0	104291.0	15377.0	6730.0	22.3	39.0	36.1	51.2
2009-05-19	137287.0	41165.0	17927.0	73594.0	103890.0	13708.0	6650.0	22.2	37.5	36.4	49.7
2009-05-26	135230.0	38422.0	17687.0	74524.0	101197.0	13104.0	7166.0	22.7	37.0	37.2	48.9
2009-06-02	135433.0	37567.0	18588.0	73648.0	101431.0	15197.0	6393.0	23.0	36.6	37.3	49.0
2009-06-09	132890.0	34166.0	18209.0	75493.0	97425.0	14934.0	8959.0	23.5	34.6	37.9	46.4
2009-06-16	117917.0	29674.0	13759.0	70253.0	89561.0	13336.0	9943.0	26.3	34.7	42.2	49.0
2009-06-23	106194.0	25410.0	16355.0	67750.0	77564.0	9763.0	9004.0	29.5	33.2	47.1	46.7
2009-06-30	108256.0	27421.0	18112.0	66894.0	77730.0	10156.0	8629.0	30.4	33.7	47.5	46.8
2009-07-07	113267.0	28920.0	15455.0	68968.0	86398.0	11290.0	7325.0	30.9	35.5	47.4	49.7
2009-07-14	122656.0	34353.0	15022.0	70054.0	97824.0	13723.0	5284.0	29.4	37.6	45.0	53.2
2009-07-21	130139.0	37387.0	14732.0	73262.0	104662.0	14041.0	5296.0	28.2	38.6	43.0	52.7
2009-07-28	124662.0	34999.0	15616.0	73051.0	98417.0	11757.0	5774.0	29.6	37.1	45.2	50.7
2009-08-04	126456.0	34707.0	15827.0	74376.0	99926.0	12064.0	5394.0	29.7	37.9	44.8	51.6
2009-08-11	128105.0	34910.0	15386.0	74491.0	101485.0	13568.0	6098.0	28.8	37.5	44.0	51.6
2009-08-18	127307.0	34772.0	13314.0	73863.0	100671.0	12388.0	7038.0	28.4	36.7	44.1	50.2
2009-08-25	125604.0	32727.0	16993.0	75137.0	94008.0	11568.0	8431.0	29.3	35.3	45.2	48.0
2009-09-01	123988.0	30401.0	20196.0	76113.0	88150.0	10808.0	8976.0	30.1	33.5	46.4	45.5
2009-09-08	126311.0	31860.0	17725.0	75633.0	92509.0	11401.0	8660.0	29.0	34.6	45.0	47.2
2009-09-15	134494.0	37740.0	16277.0	75571.0	104349.0	13595.0	6280.0	27.8	37.6	42.4	50.3
2009-09-22	145645.0	46069.0	17109.0	77935.0	114319.0	13911.0	6487.0	24.7	36.6	38.6	50.1
2009-09-29	147191.0	44771.0	15515.0	80003.0	117006.0	14519.0	6772.0	24.5	36.8	38.2	50.1
2009-10-06	146430.0	41901.0	15225.0	81509.0	116814.0	14692.0	6063.0	24.9	37.1	38.5	49.3
2009-10-13	156335.0	46646.0	14881.0	81254.0	123636.0	17254.0	6637.0	24.0	37.3	36.2	49.1
2009-10-20	173639.0	57547.0	19135.0	85070.0	135593.0	17144.0	5033.0	22.7	38.1	33.7	49.6
2009-10-27	185149.0	60024.0	19858.0	91404.0	143452.0	19102.0	7220.0	21.5	36.9	31.6	47.7
2009-11-03	189413.0	63048.0	18632.0	94375.0	151193.0	20076.0	7674.0	20.8	38.3	30.3	49.0
2009-11-09	190200.0	61606.0	19451.0	95853.0	151364.0	21471.0	8115.0	20.7	38.2	30.4	49.0
2009-11-17	170527.0	56854.0	17561.0	84909.0	137087.0	20020.0	7135.0	24.1	38.9	35.1	51.9
2009-11-24	175703.0	63901.0	19432.0	84206.0	142040.0	19599.0	6234.0	23.0	40.1	33.8	52.2
2009-12-01	175964.0	63143.0	20105.0	85651.0	141499.0	18290.0	5480.0	23.3	38.6	34.5	51.3
2009-12-08	178407.0	64213.0	20657.0	85391.0	142359.0	19030.0	5618.0	22.3	38.0	33.2	50.3
2009-12-15	184632.0	66820.0	22337.0	87698.0	146501.0	20081.0	5761.0	21.1	37.6	31.5	49.5
2009-12-22	184215.0	64818.0	21308.0	90964.0	147095.0	19174.0	6553.0	21.5	37.3	32.1	49.2
2009-12-29	186395.0	66417.0	20962.0	91487.0	149610.0	18976.0	6308.0	21.2	37.3	31.5	49.3
2010-01-05	186899.0	62543.0	21511.0	93855.0	146678.0	18906.0	7115.0	21.0	36.1	31.2	47.3
2010-01-12	181280.0	58306.0	22113.0	92521.0	140173.0	18607.0	7148.0	20.4	33.6	30.5	44.7
2010-01-19	177032.0	55605.0	18473.0	89398.0	136152.0	17799.0	8177.0	20.1	32.2	30.2	44.3
2010-01-26	171297.0	48929.0	19348.0	89894.0	127033.0	16730.0	9172.0	20.2	29.3	29.9	39.9
2010-02-02	171616.0	46652.0	23714.0	92458.0	121917.0	17664.0	11143.0	20.3	27.0	29.6	37.0
2010-02-09	164093.0	43142.0	26425.0	96126.0	117883.0	15399.0	10359.0	21.0	22.5	31.2	32.4
2010-02-16	163991.0	44847.0	23374.0	93292.0	124433.0	16827.0	7159.0	21.2	25.9	31.7	36.9
2010-02-23	167690.0	54750.0	25184.0	86997.0	128566.0	18723.0	6720.0	21.0	26.3	31.2	40.5
2010-03-02	180177.0	59700.0	24911.0	92567.0	138107.0	19190.0	8439.0	19.8	27.9	29.8	40.7
2010-03-09	186855.0	64298.0	25795.0	92816.0	142155.0	19307.0	8471.0	19.3	28.1	29.6	40.7
2010-03-16	185387.0	64108.0	25406.0	91820.0	141050.0	18598.0	8070.0	19.5	29.0	30.0	41.9
2010-03-23	189777.0	64391.0	24930.0	95010.0	145412.0	19371.0	8430.0	19.2	30.0	29.7	42.6
2010-03-30	187461.0	59799.0	23403.0	97580.0	143314.0	18023.0	8685.0	19.9	29.2	29.9	41.5
2010-04-06	201581.0	64450.0	25059.0	103102.0	153136.0	20354.0	9711.0	18.7	31.2	29.0	42.3
2010-04-13	190025.0	55902.0	21638.0	95146.0	137320.0	18434.0	10524.0	19.2	29.5	28.6	40.5
2010-04-20	182707.0	61228.0	19401.0	86113.0	139290.0	18572.0	7222.0	20.7	34.2	30.3	45.1
2010-04-27	189849.0	67981.0	25983.0	89369.0	143578.0	20035.0	7824.0	21.7	33.7	30.9	45.7
2010-05-04	184165.0	66853.0	26455.0	84993.0	135491.0	18418.0	8318.0	22.3	33.6	31.9	45.4
2010-05-11	177015.0	58145.0	25542.0	86264.0	127268.0	17793.0	9392.0	21.7	32.4	30.9	43.1
2010-05-18	184262.0	57998.0	27589.0	91351.0	130024.0	18142.0	9878.0	20.4	31.2	29.1	41.3
2010-05-25	189973.0	61027.0	29801.0	96207.0	135785.0	16664.0	8312.0	20.1	31.1	28.6	41.1
2010-06-01	185460.0	54124.0	30886.0	98777.0	127412.0	15556.0	10159.0	19.3	26.3	27.7	36.0
2010-06-08	176221.0	47362.0	36080.0	98823.0	113106.0	14610.0	11609.0	20.0	21.1	30.0	31.0
2010-06-15	172128.0	53854.0	31497.0	92390.0	122092.0	16895.0	9550.0	21.2	28.4	31.6	38.8
2010-06-22	165148.0	55929.0	30869.0	86360.0	119267.0	15641.0	7794.0	22.8	30.2	33.5	41.3
2010-06-29	163979.0	57251.0	31615.0	86376.0	118072.0	13115.0	7055.0	22.6	31.4	33.7	42.4
2010-07-06	159524.0	49128.0	33570.0	88785.0	110258.0	14117.0	8202.0	22.9	28.2	34.3	38.8
2010-07-13	153514.0	46228.0	32437.0	84995.0	103354.0	13375.0	8807.0	23.4	28.6	33.7	38.7
2010-07-20	157763.0	43125.0	33345.0	89570.0	102540.0	12959.0	9769.0	22.9	26.6	33.2	36.3
2010-07-27	164498.0	44418.0	31610.0	96268.0	115861.0	15666.0	8881.0	21.7	30.6	32.8	39.8
2010-08-03	179080.0	56340.0	32803.0	95775.0	129841.0	18537.0	8008.0	19.7	32.1	30.1	41.4
2010-08-10	192181.0	68249.0	33917.0	95861.0	141776.0	18943.0	7360.0	19.1	32.3	29.0	41.7
2010-08-17	208543.0	78551.0	36171.0	99117.0	154310.0	20629.0	7816.0	18.0	31.9	27.6	41.9
2010-08-24	212799.0	82110.0	34511.0	101068.0	160111.0	20113.0	8669.0	17.4	31.1	27.4	41.1
2010-08-31	219593.0	85183.0	31990.0	102373.0	167812.0	20775.0	8529.0	17.6	30.8	27.6	40.6
2010-09-07	226242.0	85769.0	30910.0	106413.0	175400.0	22608.0	8480.0	17.3	30.2	27.0	39.9
2010-09-14	230714.0	86478.0	30539.0	111614.0	181471.0	22749.0	8831.0	17.1	30.5	26.5	40.1
2010-09-21	234920.0	81840.0	33705.0	120661.0	182836.0	22707.0	8667.0	15.8	29.1	24.3	39.2
2010-09-28	239607.0	78804.0	35544.0	126862.0	182549.0	22471.0	10044.0	15.3	25.3	23.2	34.9
2010-10-05	232633.0	71387.0	35512.0	127208.0	174732.0	20067.0	8418.0	15.4	23.2	22.9	32.3
2010-10-12	235370.0	73894.0	38874.0	126101.0	173086.0	20655.0	8690.0	14.7	22.6	22.4	30.8
2010-10-19	232933.0	71533.0	36171.0	128271.0	173824.0	20048.0	9857.0	15.2	20.0	22.9	28.2
2010-10-26	240675.0	74758.0	35150.0	130916.0	178111.0	20960.0	13373.0	15.4	16.8	23.1	24.8
2010-11-02	243838.0	73755.0	35182.0	132912.0	179771.0	20776.0	12490.0	15.5	16.0	23.5	24.3
2010-11-09	239032.0	72757.0	35751.0	129641.0	178972.0	21543.0	9218.0	14.7	16.6	22.9	25.3
2010-11-16	205785.0	57021.0	18479.0	119337.0	166901.0	19255.0	10233.0	15.8	18.2	23.1	27.7
2010-11-23	194995.0	54629.0	17517.0	113878.0	160556.0	17612.0	8046.0	16.8	20.4	24.4	30.6
2010-11-30	194575.0	56048.0	16983.0	111365.0	159703.0	17942.0	8669.0	16.0	21.4	23.4	31.4
2010-12-07	199654.0	56634.0	20136.0	115929.0	161080.0	17981.0	9328.0	15.8	20.1	23.1	30.2
2010-12-14	204519.0	57256.0	24592.0	119163.0	160394.0	17667.0	9100.0	15.8	21.1	24.2	31.2
2010-12-21	202337.0	57316.0	25544.0	115850.0	157176.0	18665.0	9111.0	16.5	19.8	24.7	30.1
2010-12-28	201812.0	55245.0	27388.0	116850.0	154450.0	19363.0	9620.0	17.3	19.1	25.4	28.9
2011-01-04	207895.0	53896.0	26567.0	121861.0	159311.0	19912.0	9791.0	17.6	18.2	25.6	27.9
2011-01-11	203598.0	52886.0	27073.0	116251.0	152642.0	21445.0	10867.0	18.3	17.9	25.5	27.4
2011-01-18	198387.0	53144.0	24661.0	110494.0	149766.0	21059.0	10270.0	18.2	18.1	24.3	27.8
2011-01-25	206509.0	55964.0	24412.0	112249.0	155354.0	22307.0	10754.0	17.4	17.9	23.3	27.8
2011-02-01	211690.0	60035.0	25291.0	112041.0	158826.0	23644.0	11603.0	17.2	17.8	23.7	28.0
2011-02-08	220694.0	56854.0	30761.0	122867.0	162058.0	23967.0	10869.0	18.0	16.8	24.6	26.2
2011-02-15	195668.0	55576.0	23230.0	103787.0	147282.0	23051.0	11902.0	21.8	19.7	28.6	30.0
2011-02-22	178652.0	52800.0	23899.0	91686.0	133566.0	23206.0	10227.0	22.1	22.8	30.0	33.8
2011-03-01	175406.0	49148.0	22440.0	93509.0	129899.0	20416.0	10734.0	20.8	20.9	28.7	31.2
2011-03-08	173688.0	49770.0	24417.0	92043.0	128029.0	20913.0	10280.0	20.5	21.0	28.3	31.2
2011-03-15	174801.0	47064.0	24138.0	95281.0	124967.0	21132.0	14372.0	20.9	19.0	28.8	27.6
2011-03-22	176065.0	43426.0	22656.0	97833.0	127241.0	21688.0	13050.0	21.5	18.3	29.3	27.6
2011-03-29	182719.0	43608.0	23541.0	102462.0	129555.0	20188.0	13162.0	21.4	17.7	29.0	26.8
2011-04-05	195689.0	44727.0	23681.0	112842.0	141000.0	20997.0	13885.0	19.3	16.8	25.5	25.7
2011-04-12	198223.0	46084.0	21787.0	118029.0	151310.0	21996.0	13012.0	18.1	18.4	24.0	27.1
2011-04-19	172140.0	43802.0	24054.0	97953.0	124937.0	19467.0	12231.0	19.2	19.1	27.0	29.5
2011-04-26	154952.0	42234.0	21301.0	82827.0	111073.0	19096.0	11783.0	19.9	21.9	28.3	33.6
2011-05-03	149384.0	42733.0	17759.0	77992.0	108982.0	18370.0	12354.0	19.0	22.9	27.8	33.2
2011-05-10	150102.0	42498.0	14713.0	76386.0	109531.0	17511.0	12151.0	17.6	23.7	26.0	33.2
2011-05-17	150026.0	43778.0	14542.0	76426.0	111021.0	16556.0	11197.0	17.9	27.4	26.3	36.4
2011-05-24	153975.0	44255.0	14964.0	79569.0	114334.0	17012.0	11538.0	18.7	27.9	26.7	36.4
2011-05-31	155142.0	45276.0	14762.0	79303.0	115561.0	17470.0	11726.0	19.3	27.7	26.9	36.4
2011-06-07	159300.0	44004.0	16799.0	83758.0	118516.0	19423.0	11870.0	19.5	27.7	27.0	35.9
2011-06-14	151844.0	46862.0	15023.0	80110.0	116862.0	16519.0	11606.0	18.2	27.2	26.5	37.3
2011-06-21	146074.0	43869.0	17267.0	81720.0	112577.0	14024.0	9769.0	18.9	25.2	28.0	35.2
2011-06-28	135984.0	44250.0	18912.0	74146.0	102178.0	12321.0	9627.0	20.6	30.1	30.4	40.1
2011-07-05	138997.0	46016.0	19673.0	75985.0	103808.0	11542.0	10062.0	20.6	29.8	30.2	39.8
2011-07-12	137983.0	46012.0	20329.0	74516.0	102641.0	12315.0	9873.0	19.8	26.4	29.2	37.0
2011-07-19	135510.0	49265.0	20872.0	68030.0	100005.0	13188.0	9606.0	19.4	26.6	28.9	37.1
2011-07-26	138911.0	51683.0	19918.0	67707.0	103349.0	13780.0	9903.0	18.5	26.3	27.6	35.7
2011-08-02	144447.0	52682.0	22025.0	71609.0	105213.0	13405.0	10458.0	19.3	27.2	28.6	37.1
2011-08-09	142543.0	52309.0	21760.0	71455.0	103923.0	12926.0	11007.0	19.4	25.9	29.1	35.7
2011-08-16	141177.0	50072.0	21390.0	71037.0	102632.0	13485.0	10572.0	19.5	26.2	29.5	36.1
2011-08-23	145796.0	55516.0	21845.0	69890.0	106540.0	13565.0	10586.0	18.9	26.0	28.8	35.8
2011-08-30	147646.0	55246.0	22322.0	70304.0	106674.0	13819.0	10373.0	18.2	26.0	27.5	36.2
2011-09-06	147827.0	54183.0	22512.0	70726.0	105339.0	14153.0	11211.0	18.1	26.6	27.0	35.8
2011-09-13	154302.0	53990.0	20710.0	73756.0	113899.0	16248.0	9385.0	17.8	28.9	26.3	38.0
2011-09-20	150007.0	48901.0	20332.0	75823.0	108742.0	14326.0	9976.0	17.6	26.8	26.2	35.9
2011-09-27	147661.0	43489.0	22389.0	81089.0	102196.0	11218.0	11211.0	19.6	22.7	28.2	31.5
2011-10-04	151858.0	44740.0	23815.0	83894.0	102591.0	10681.0	12909.0	18.4	18.6	27.2	28.5
2011-10-11	153794.0	45792.0	23360.0	83321.0	103386.0	11100.0	13467.0	17.3	18.2	25.8	27.0
2011-10-18	151550.0	47228.0	24760.0	81371.0	99855.0	10147.0	14131.0	18.4	17.4	26.5	26.5
2011-10-25	159357.0	46290.0	28412.0	84884.0	97650.0	11580.0	16692.0	17.3	13.1	24.8	21.3
2011-11-01	164914.0	47467.0	26094.0	89112.0	107622.0	12301.0	15164.0	15.9	12.6	23.5	20.8
2011-11-08	165589.0	47042.0	25714.0	92142.0	108552.0	11832.0	16750.0	16.5	11.2	24.8	19.1
2011-11-15	143259.0	41316.0	21408.0	79312.0	96268.0	12174.0	15126.0	20.9	15.8	30.0	25.7
2011-11-22	137106.0	40583.0	27729.0	78203.0	85416.0	9079.0	14720.0	23.4	17.0	32.7	26.7
2011-11-29	138214.0	42742.0	29928.0	77805.0	80566.0	9311.0	19364.0	23.3	12.8	32.5	21.8
2011-12-06	139821.0	47284.0	31469.0	73742.0	82034.0	9715.0	17238.0	22.0	12.9	31.6	21.4
2011-12-13	149446.0	47000.0	36405.0	83263.0	86637.0	10239.0	17460.0	20.5	12.5	29.6	20.4
2011-12-20	150186.0	47804.0	40092.0	82949.0	85101.0	10712.0	16272.0	21.0	12.3	30.3	20.3
2011-12-27	151348.0	47833.0	41694.0	82185.0	84820.0	12119.0	15623.0	20.5	12.2	29.8	20.2
2012-01-03	152079.0	50844.0	35491.0	75945.0	92212.0	13835.0	12921.0	19.4	15.8	29.7	25.0
2012-01-10	147317.0	47988.0	29317.0	71595.0	90680.0	14337.0	13923.0	20.4	19.3	30.6	27.7
2012-01-17	155162.0	47212.0	29951.0	78210.0	97891.0	14904.0	12484.0	20.3	21.1	30.2	29.1
2012-01-24	165008.0	49588.0	25371.0	81504.0	107744.0	14979.0	12956.0	18.5	23.1	28.4	30.7
2012-01-31	172686.0	48651.0	24657.0	91284.0	116377.0	14737.0	13638.0	18.3	19.6	27.7	26.6
2012-02-07	189435.0	47524.0	27451.0	101248.0	124757.0	18971.0	15535.0	16.6	18.0	25.3	24.6
2012-02-14	189670.0	47373.0	32810.0	105563.0	120206.0	15751.0	15671.0	16.7	16.6	27.7	24.3
2012-02-21	172437.0	47832.0	34619.0	93657.0	107408.0	14821.0	14283.0	18.7	21.9	29.7	30.8
2012-02-28	171632.0	48555.0	42865.0	91069.0	98151.0	16330.0	14938.0	18.8	16.8	29.7	26.7
2012-03-06	176384.0	52210.0	43843.0	92077.0	101628.0	16465.0	15281.0	18.8	17.3	29.4	26.3
2012-03-13	182548.0	54284.0	49973.0	92805.0	99559.0	18441.0	15998.0	18.5	15.3	28.7	24.1
2012-03-20	188724.0	54548.0	51240.0	94951.0	100896.0	19366.0	16729.0	17.4	14.1	27.3	23.1
2012-03-27	189215.0	56279.0	46898.0	90332.0	104521.0	20132.0	15324.0	17.1	17.7	26.7	26.7
2012-04-03	191444.0	59550.0	42803.0	92572.0	113760.0	19325.0	14884.0	16.3	20.2	26.0	28.6
2012-04-10	186779.0	57026.0	48355.0	88573.0	101820.0	21567.0	16991.0	17.5	18.3	27.5	26.9
2012-04-17	188096.0	56717.0	54965.0	98927.0	102562.0	18212.0	16329.0	18.2	17.6	30.4	26.6
2012-04-24	182843.0	58416.0	50044.0	92411.0	103560.0	17098.0	14321.0	17.9	20.6	30.5	29.3
2012-05-01	180785.0	60674.0	51682.0	90202.0	99153.0	15106.0	15147.0	18.0	20.0	30.4	28.6
2012-05-08	184858.0	63789.0	60010.0	92491.0	93587.0	13977.0	16660.0	17.3	16.8	29.1	25.6
2012-05-15	188609.0	59589.0	63211.0	100103.0	93052.0	13055.0	16484.0	17.1	13.2	28.7	21.2
2012-05-22	190015.0	55128.0	62602.0	102770.0	93013.0	14391.0	16674.0	16.7	13.2	28.1	21.1
2012-05-29	191976.0	57232.0	64947.0	101853.0	92211.0	14902.0	16829.0	16.6	12.9	27.9	21.1
2012-06-05	201644.0	58258.0	68864.0	109357.0	96006.0	13215.0	15960.0	15.9	11.6	25.9	19.2
2012-06-12	194240.0	55369.0	64506.0	103497.0	91247.0	13664.0	16777.0	15.1	11.6	25.0	19.9
2012-06-19	180227.0	60544.0	66455.0	93972.0	88027.0	15425.0	15459.0	16.6	20.2	27.4	29.5
2012-06-26	166771.0	59538.0	67355.0	82633.0	75349.0	14905.0	14372.0	17.8	22.8	29.2	32.2
2012-07-03	165480.0	60507.0	65211.0	80547.0	75767.0	14124.0	14200.0	18.3	24.2	29.9	33.7
2012-07-10	167494.0	62228.0	66643.0	81468.0	77785.0	14244.0	13512.0	17.8	23.9	29.1	33.2
2012-07-17	171735.0	64740.0	67805.0	84147.0	81445.0	14407.0	14044.0	17.1	23.4	28.4	32.4
2012-07-24	174180.0	61484.0	67886.0	90387.0	83039.0	14104.0	15050.0	16.9	23.0	27.8	31.9
2012-07-31	176814.0	59352.0	70906.0	93554.0	82712.0	14552.0	13840.0	16.4	22.2	27.5	30.5
2012-08-07	181424.0	61165.0	67317.0	91493.0	89255.0	16514.0	12600.0	15.9	22.1	25.9	29.9
2012-08-14	178919.0	59780.0	65082.0	91102.0	87369.0	15734.0	14165.0	15.5	22.1	26.2	30.2
2012-08-21	180247.0	62801.0	65446.0	88531.0	88726.0	15173.0	12333.0	15.4	23.0	26.2	31.3
2012-08-28	179797.0	61224.0	60723.0	88660.0	91835.0	15994.0	13320.0	15.5	24.2	26.3	32.3
2012-09-04	182616.0	63670.0	58590.0	89817.0	96917.0	15702.0	13682.0	15.1	26.1	25.9	33.9
2012-09-11	180705.0	63759.0	57961.0	86726.0	96283.0	16826.0	13067.0	14.9	25.5	25.6	33.5
2012-09-18	181782.0	63994.0	61368.0	88888.0	95956.0	16597.0	12155.0	14.8	24.2	26.4	32.2
2012-09-25	185703.0	64632.0	69136.0	94554.0	90784.0	15583.0	14849.0	14.6	21.0	26.3	28.8
2012-10-02	189437.0	64029.0	80743.0	98605.0	81370.0	15080.0	15601.0	14.3	18.8	25.7	26.4
2012-10-09	192283.0	66094.0	84144.0	97375.0	79041.0	15995.0	16279.0	13.9	17.9	24.6	25.6
2012-10-16	200535.0	68309.0	79148.0	100266.0	92867.0	18038.0	14598.0	14.4	18.2	24.0	25.8
2012-10-23	204929.0	70652.0	63247.0	100352.0	117631.0	21996.0	12122.0	14.1	25.5	23.1	33.0
2012-10-30	205784.0	67385.0	67281.0	104801.0	111262.0	19528.0	13171.0	13.7	23.3	22.4	31.3
2012-11-06	202043.0	62970.0	76092.0	106151.0	95270.0	18595.0	16354.0	14.1	18.5	23.3	27.4
2012-11-13	185915.0	57206.0	64989.0	93815.0	87086.0	20233.0	19179.0	15.0	20.4	25.8	28.4
2012-11-20	166361.0	56597.0	56645.0	82364.0	82036.0	16100.0	16380.0	16.7	23.5	27.8	31.6
2012-11-27	161178.0	56940.0	57190.0	78632.0	78607.0	14386.0	14161.0	17.6	23.0	28.9	31.4
2012-12-04	160987.0	59679.0	49648.0	73981.0	86090.0	14964.0	12886.0	17.4	26.6	28.9	34.7
2012-12-11	164076.0	61706.0	44418.0	76594.0	94239.0	12528.0	12171.0	17.9	27.8	30.4	36.4
2012-12-18	166847.0	64895.0	34983.0	71367.0	106316.0	16567.0	11530.0	16.6	31.6	27.7	41.0
2012-12-24	166099.0	65581.0	31638.0	71480.0	111208.0	15397.0	9612.0	16.6	34.0	27.9	43.5
2012-12-31	171207.0	68331.0	29041.0	73199.0	116873.0	15442.0	11058.0	16.1	34.6	27.0	43.7
2013-01-08	170768.0	65711.0	28609.0	73491.0	116095.0	16859.0	11357.0	16.3	33.4	27.6	42.9
2013-01-15	174938.0	68287.0	27590.0	75415.0	122379.0	17112.0	10845.0	16.7	34.8	27.8	44.4
2013-01-22	194103.0	79189.0	23115.0	76383.0	142230.0	20316.0	10543.0	15.8	37.6	25.5	47.2
2013-01-29	205039.0	86844.0	20447.0	70816.0	153238.0	24407.0	8382.0	14.2	39.4	23.1	50.1
2013-02-05	212738.0	91952.0	22306.0	72252.0	159513.0	27006.0	9391.0	13.6	37.9	22.2	49.3
2013-02-12	206491.0	94315.0	21265.0	72733.0	161928.0	26838.0	10693.0	14.8	40.2	24.3	52.5
2013-02-19	197060.0	94488.0	19121.0	68677.0	158898.0	24667.0	9813.0	13.9	41.7	22.9	54.5
2013-02-26	185155.0	88458.0	16796.0	67350.0	151033.0	21577.0	9556.0	15.3	41.0	24.9	54.0
2013-03-05	196405.0	93474.0	15285.0	68772.0	163098.0	24367.0	8230.0	14.6	42.4	23.8	55.6
2013-03-12	203814.0	100442.0	17537.0	69417.0	167441.0	23913.0	8794.0	14.7	40.6	23.3	53.7
2013-03-19	212739.0	105658.0	22941.0	73629.0	172681.0	24427.0	8092.0	14.5	40.1	23.2	54.6
2013-03-26	208993.0	101469.0	22676.0	71643.0	166062.0	24848.0	9222.0	13.8	38.4	22.6	51.1
2013-04-02	210835.0	102262.0	24857.0	72233.0	164677.0	25065.0	10026.0	13.6	37.2	22.2	49.9
2013-04-09	203288.0	96019.0	27663.0	74656.0	154060.0	22561.0	11513.0	14.6	34.6	24.1	46.7
2013-04-16	184661.0	79918.0	25808.0	75029.0	139597.0	21214.0	10756.0	16.6	33.0	26.4	46.0
2013-04-23	170556.0	75745.0	23248.0	70245.0	130794.0	18354.0	10302.0	17.7	34.3	28.2	47.2
2013-04-30	165665.0	69511.0	19033.0	72615.0	130869.0	17213.0	9437.0	18.4	37.4	29.5	50.1
2013-05-07	173006.0	70810.0	19677.0	76353.0	137263.0	18791.0	9014.0	17.7	37.5	28.5	50.2
2013-05-14	183272.0	78854.0	19084.0	77884.0	148267.0	19263.0	8650.0	16.6	38.2	27.0	52.3
2013-05-21	190994.0	79998.0	15763.0	83714.0	156859.0	18942.0	10032.0	14.7	36.5	24.0	49.3
2013-05-28	186279.0	73170.0	16354.0	84804.0	145128.0	16976.0	13468.0	14.7	33.5	23.6	44.6
2013-06-04	180736.0	67799.0	19037.0	85495.0	137668.0	14701.0	11290.0	15.3	32.5	24.3	42.7
2013-06-11	186875.0	70946.0	22285.0	87471.0	143649.0	16659.0	9142.0	14.5	30.7	23.0	43.5
2013-06-18	175996.0	82690.0	15747.0	70661.0	146367.0	16924.0	8161.0	16.4	35.8	25.0	50.4
2013-06-25	157041.0	75727.0	14070.0	62672.0	132380.0	14421.0	6370.0	18.3	36.2	28.4	50.6
2013-07-02	156695.0	76074.0	13426.0	61026.0	131990.0	14786.0	6470.0	17.9	36.8	28.6	51.9
2013-07-09	159794.0	79129.0	13357.0	60337.0	134709.0	15054.0	6454.0	17.6	37.3	28.4	52.1
2013-07-16	160793.0	79402.0	15116.0	60269.0	131609.0	14494.0	7440.0	17.5	34.4	28.7	49.0
2013-07-23	164460.0	81685.0	17488.0	60558.0	132934.0	15748.0	7569.0	17.2	34.8	28.5	49.2
2013-07-30	169378.0	84414.0	19012.0	61182.0	134635.0	15946.0	7895.0	16.5	33.7	27.5	48.2
2013-08-06	175035.0	86981.0	19158.0	62877.0	139497.0	15588.0	6791.0	16.1	35.1	26.9	49.5
2013-08-13	203810.0	105443.0	24460.0	68780.0	162455.0	20646.0	7954.0	14.6	37.0	24.0	49.0
2013-08-20	209987.0	109793.0	26244.0	71622.0	166962.0	20648.0	8857.0	14.4	37.0	23.5	48.8
2013-08-27	183526.0	81380.0	19978.0	76604.0	147153.0	16586.0	7439.0	16.5	35.2	26.7	46.8
2013-09-03	173847.0	68938.0	19852.0	79947.0	136074.0	15515.0	8474.0	17.2	32.0	27.7	43.7
2013-09-10	169296.0	62798.0	18762.0	80480.0	130124.0	14850.0	9242.0	17.5	31.1	28.3	42.8
2013-09-17	176496.0	63302.0	17298.0	85723.0	136467.0	14784.0	10044.0	16.4	31.9	27.0	42.6
2013-09-24	182453.0	63874.0	18093.0	91522.0	142732.0	14864.0	9435.0	15.9	31.7	26.0	40.6
2013-10-01	203616.0	75048.0	20196.0	98475.0	162432.0	17902.0	8797.0	14.1	31.4	23.4	40.1
2013-10-08	207395.0	76317.0	21934.0	105890.0	165812.0	15431.0	9892.0	13.7	29.8	22.5	38.4
2013-10-15	203818.0	68320.0	21585.0	108926.0	157753.0	13917.0	11825.0	13.7	27.0	22.4	34.7
2013-10-22	202364.0	62108.0	23617.0	112424.0	152259.0	13780.0	12436.0	13.8	24.1	22.5	31.6
2013-10-29	202160.0	55068.0	38373.0	119377.0	132387.0	12111.0	15796.0	13.6	15.4	22.2	22.5
2013-11-05	195950.0	55561.0	42859.0	111815.0	119172.0	12544.0	17889.0	12.4	12.9	21.5	19.3
2013-11-12	173674.0	48379.0	43194.0	103108.0	104159.0	12534.0	16668.0	13.5	19.1	24.5	26.3
2013-11-19	159731.0	46382.0	41836.0	92312.0	91549.0	12826.0	18135.0	15.0	19.9	27.5	27.7
2013-11-26	156590.0	49532.0	42376.0	87339.0	88856.0	10341.0	15980.0	14.8	20.2	27.4	28.0
2013-12-03	156967.0	48288.0	40570.0	87328.0	90175.0	10498.0	15369.0	14.5	18.2	26.8	25.9
2013-12-10	160936.0	53077.0	35797.0	85348.0	100038.0	11322.0	13912.0	14.6	17.7	25.9	26.1
2013-12-17	165164.0	58655.0	25614.0	82589.0	115271.0	12536.0	12895.0	14.9	19.1	26.0	27.9
2013-12-24	169272.0	59845.0	23837.0	83879.0	120065.0	13571.0	13393.0	14.3	21.4	25.1	29.9
2014-01-07	175572.0	63793.0	23238.0	83170.0	127099.0	15437.0	12063.0	13.3	21.6	23.5	31.4
2014-01-14	177023.0	62434.0	23840.0	83658.0	124510.0	13944.0	11686.0	12.4	19.2	21.6	27.9
2014-01-21	185828.0	69709.0	22825.0	79895.0	133209.0	17186.0	10756.0	11.6	21.4	20.5	31.0
2014-01-28	184638.0	70503.0	26180.0	78607.0	127415.0	16021.0	11536.0	11.5	20.1	20.6	29.0
2014-02-04	176175.0	69933.0	25825.0	68559.0	117995.0	16749.0	11421.0	11.9	21.2	21.4	30.7
2014-02-11	178951.0	72430.0	22152.0	67479.0	126777.0	19764.0	10744.0	11.8	21.8	21.1	31.8
2014-02-18	171549.0	78695.0	22455.0	58345.0	122584.0	18160.0	10161.0	12.5	25.8	22.3	36.5
2014-02-25	164131.0	73772.0	21217.0	56706.0	117389.0	17891.0	9763.0	13.1	24.0	23.2	36.1
2014-03-04	164258.0	72791.0	20990.0	57008.0	116539.0	17266.0	9536.0	13.0	22.5	22.7	34.5
2014-03-11	175385.0	80051.0	16941.0	58002.0	130739.0	19050.0	9423.0	12.4	27.5	22.1	38.8
2014-03-18	182248.0	84625.0	18889.0	59160.0	134357.0	19315.0	9854.0	12.2	28.2	21.9	39.3
2014-03-25	183310.0	85845.0	20573.0	58323.0	131855.0	18441.0	10181.0	12.1	29.1	21.5	40.3
2014-04-01	183893.0	84600.0	20515.0	60131.0	132260.0	18780.0	10736.0	12.7	29.8	22.3	41.3
2014-04-08	184168.0	82089.0	20735.0	62707.0	131807.0	19769.0	12023.0	13.0	29.6	22.1	41.3
2014-04-15	176327.0	75800.0	23472.0	66139.0	125614.0	17847.0	10700.0	13.7	26.4	22.8	38.9
2014-04-22	174835.0	77894.0	22563.0	64428.0	127445.0	17250.0	9564.0	13.8	29.9	23.6	43.0
2014-04-29	180134.0	83566.0	24834.0	63903.0	130079.0	17396.0	9952.0	14.0	29.7	23.6	42.1
2014-05-06	195428.0	89507.0	26356.0	70505.0	142274.0	18684.0	10066.0	13.1	30.9	22.5	41.1
2014-05-13	190813.0	85350.0	25390.0	72081.0	136966.0	16896.0	11971.0	12.9	29.5	21.7	39.9
2014-05-20	189224.0	78229.0	27082.0	77545.0	132149.0	15312.0	11855.0	12.8	27.9	22.0	38.8
2014-05-27	187446.0	70028.0	28767.0	82023.0	125399.0	14629.0	12514.0	13.1	24.7	22.4	36.0
2014-06-03	188245.0	66841.0	29381.0	82317.0	122256.0	13688.0	11209.0	12.7	25.0	22.0	35.8
2014-06-10	182769.0	62813.0	35257.0	81342.0	110281.0	13450.0	12067.0	12.6	22.2	21.6	32.7
2014-06-17	173633.0	60793.0	39487.0	85648.0	107700.0	13201.0	12455.0	13.7	24.2	23.6	35.1
2014-06-24	145458.0	58719.0	38144.0	69124.0	90776.0	11125.0	10048.0	15.7	27.9	27.3	40.7
2014-07-01	146236.0	57805.0	45671.0	70830.0	81225.0	10598.0	12337.0	15.1	24.2	26.8	35.1
2014-07-08	145672.0	54502.0	49335.0	72677.0	75964.0	11379.0	13259.0	14.8	21.0	26.4	31.7
2014-07-15	149928.0	55107.0	53693.0	73906.0	73071.0	11838.0	14087.0	13.3	17.3	24.1	27.8
2014-07-22	153458.0	55525.0	56447.0	75498.0	73410.0	12303.0	13469.0	12.8	16.1	23.5	27.1
2014-07-29	161212.0	57130.0	63942.0	81042.0	72193.0	12174.0	14211.0	12.4	14.2	22.3	24.6
2014-08-05	163411.0	55106.0	63901.0	83564.0	71317.0	12257.0	15709.0	12.6	13.5	22.4	23.2
2014-08-12	164588.0	55700.0	67060.0	82537.0	67935.0	12188.0	15430.0	13.0	12.9	22.5	23.2
2014-08-19	164976.0	54357.0	67221.0	83351.0	68223.0	12843.0	15107.0	13.2	12.4	21.5	22.5
2014-08-26	172740.0	55492.0	64550.0	89608.0	77975.0	12473.0	15048.0	12.7	13.2	21.5	22.9
2014-09-02	176853.0	54693.0	67074.0	93080.0	77536.0	13187.0	16350.0	13.4	12.8	21.9	22.2
2014-09-09	180450.0	56695.0	68940.0	94762.0	79756.0	13258.0	16019.0	13.0	13.1	21.3	22.6
2014-09-16	181284.0	57405.0	69387.0	96350.0	83163.0	13099.0	14304.0	13.1	13.8	22.2	24.5
2014-09-23	182761.0	55012.0	73828.0	100558.0	76163.0	12209.0	17788.0	13.6	13.6	23.6	23.9
2014-09-30	182378.0	52364.0	78332.0	100719.0	69523.0	12680.0	17908.0	14.5	13.2	24.6	23.7
2014-10-07	185877.0	55429.0	78651.0	99330.0	73188.0	13067.0	15987.0	13.4	14.0	22.6	24.1
2014-10-14	189272.0	59076.0	74576.0	97630.0	79024.0	13200.0	16306.0	12.1	13.6	21.0	23.8
2014-10-21	190283.0	58194.0	72760.0	96552.0	78897.0	14623.0	17712.0	11.3	13.1	20.1	23.0
2014-10-28	195959.0	64339.0	71953.0	94445.0	84547.0	14237.0	16521.0	10.6	13.9	19.2	24.3
2014-11-04	191364.0	66000.0	68899.0	90183.0	85923.0	15224.0	16585.0	12.0	15.3	21.0	26.6
2014-11-11	183992.0	64384.0	62338.0	90056.0	88588.0	14049.0	17563.0	12.8	15.9	21.9	26.0
2014-11-18	177107.0	61704.0	74006.0	90231.0	72070.0	11687.0	17546.0	13.1	15.9	23.5	26.0
2014-11-25	172323.0	61483.0	74506.0	86452.0	67786.0	11280.0	16923.0	15.5	15.4	26.1	25.9
2014-12-02	177019.0	62044.0	73566.0	88900.0	73370.0	11561.0	15569.0	15.2	14.6	25.3	24.0
2014-12-09	173720.0	60071.0	70387.0	86497.0	71986.0	11732.0	15927.0	14.5	15.2	24.3	24.9
2014-12-16	173902.0	62409.0	68878.0	85626.0	74216.0	11197.0	16138.0	16.2	14.2	25.6	24.1
2014-12-23	175995.0	64021.0	61193.0	84842.0	86403.0	12644.0	13911.0	14.3	14.0	24.0	23.8
2014-12-30	176193.0	64775.0	59016.0	84013.0	88997.0	13077.0	13852.0	14.1	13.7	23.9	23.8
2015-01-06	180431.0	64644.0	64404.0	89287.0	86341.0	11879.0	15065.0	14.4	12.8	24.0	21.7
2015-01-13	186260.0	66425.0	67313.0	90549.0	84948.0	12280.0	16993.0	13.8	11.7	23.1	20.3
2015-01-20	204578.0	66581.0	80393.0	106050.0	85577.0	11633.0	18294.0	16.7	10.3	25.3	17.9
2015-01-27	216715.0	69082.0	84654.0	111332.0	88856.0	11694.0	18598.0	16.2	9.8	24.2	16.9
2015-02-03	207847.0	73880.0	70337.0	94733.0	97637.0	15703.0	16342.0	10.7	10.6	18.5	19.0
2015-02-10	197547.0	72227.0	48478.0	90609.0	117304.0	16223.0	13277.0	11.7	14.8	19.6	24.0
2015-02-17	180535.0	75998.0	41182.0	74979.0	114470.0	15668.0	10993.0	12.9	22.0	22.5	31.7
2015-02-24	183230.0	83707.0	37130.0	72388.0	125912.0	16605.0	9658.0	12.7	26.0	21.9	35.8
2015-03-03	185872.0	87345.0	33997.0	72953.0	132268.0	16281.0	10314.0	12.8	27.4	22.2	37.9
2015-03-10	181414.0	83640.0	40306.0	71733.0	117052.0	14882.0	12897.0	13.1	23.5	22.8	34.1
2015-03-17	181641.0	81479.0	52211.0	71331.0	100208.0	13473.0	13864.0	12.8	18.0	22.2	27.8
2015-03-24	184204.0	75430.0	42261.0	72878.0	110596.0	15241.0	10692.0	13.6	23.2	23.1	31.7
2015-03-31	182346.0	74471.0	40517.0	73162.0	110248.0	15861.0	12729.0	13.7	23.9	23.4	32.1
2015-04-07	188850.0	79032.0	39032.0	71589.0	118323.0	18436.0	11702.0	13.8	26.2	23.1	34.5
2015-04-14	183305.0	85036.0	31794.0	66305.0	124996.0	16941.0	11492.0	13.9	30.5	23.8	40.1
2015-04-21	167666.0	75478.0	37610.0	66221.0	107735.0	14323.0	10677.0	14.9	26.3	25.8	36.4
2015-04-28	182497.0	86566.0	33014.0	66951.0	126351.0	16183.0	10335.0	13.8	31.2	23.8	42.2
2015-05-05	197716.0	98029.0	38220.0	69088.0	135757.0	16901.0	10041.0	13.9	32.3	23.2	43.2
2015-05-12	191406.0	92022.0	39380.0	69230.0	128318.0	16875.0	10429.0	14.7	30.9	24.3	41.9
2015-05-19	187619.0	87161.0	38130.0	68793.0	123065.0	16698.0	11457.0	14.6	30.1	25.0	40.8
2015-05-26	188719.0	82081.0	46138.0	71589.0	112702.0	15770.0	10600.0	14.5	25.6	24.6	34.8
2015-06-02	187675.0	72881.0	42636.0	77336.0	113652.0	15675.0	9604.0	14.6	24.0	25.0	34.4
2015-06-09	185185.0	72437.0	34308.0	77625.0	122653.0	17381.0	10482.0	14.7	27.4	25.1	38.1
2015-06-16	169445.0	66436.0	35953.0	75468.0	110051.0	14906.0	10806.0	14.8	25.2	25.5	35.4
2015-06-23	163466.0	68947.0	39447.0	73687.0	106279.0	12102.0	9010.0	15.8	25.9	27.0	36.9
2015-06-30	181083.0	85323.0	32465.0	71871.0	132825.0	16023.0	7927.0	14.0	33.3	24.4	45.1
2015-07-07	178723.0	83805.0	26955.0	70877.0	136173.0	16767.0	8321.0	14.2	34.5	24.5	47.7
2015-07-14	178155.0	82776.0	26895.0	71355.0	136170.0	16984.0	8050.0	14.7	33.4	25.2	46.7
2015-07-21	175767.0	79326.0	25188.0	73648.0	134132.0	15210.0	8864.0	14.7	32.7	25.3	46.5
2015-07-28	177413.0	80391.0	28252.0	73364.0	130240.0	14070.0	9333.0	14.7	31.5	25.1	44.5
2015-08-04	179806.0	81597.0	33695.0	72563.0	124329.0	13834.0	9970.0	14.6	29.8	25.0	42.5
2015-08-11	184427.0	77649.0	43212.0	79868.0	112678.0	12295.0	13922.0	14.5	24.1	24.5	36.0
2015-08-18	190906.0	88060.0	33186.0	76717.0	135920.0	13541.0	9212.0	14.3	30.1	23.9	42.2
2015-08-25	183346.0	83581.0	29261.0	74919.0	131830.0	12371.0	9780.0	15.4	28.9	25.5	41.6
2015-09-01	178810.0	73935.0	30482.0	77864.0	122648.0	12779.0	11448.0	16.4	27.8	26.9	40.1
2015-09-08	179675.0	72115.0	32520.0	79166.0	120179.0	12600.0	11182.0	16.4	26.7	26.6	38.5
2015-09-15	177418.0	70503.0	31089.0	78686.0	118019.0	12579.0	12660.0	16.1	26.7	26.3	38.4
2015-09-22	182136.0	67277.0	41556.0	85100.0	107338.0	12267.0	15750.0	15.5	21.2	25.4	31.8
2015-09-29	186023.0	68773.0	41932.0	87024.0	109569.0	12181.0	16477.0	15.0	19.4	24.8	29.7
2015-10-06	189761.0	70219.0	35928.0	87768.0	119510.0	12894.0	15443.0	14.5	21.0	23.8	30.9
2015-10-13	188209.0	73392.0	29589.0	82034.0	124794.0	13172.0	14215.0	13.8	22.2	22.8	32.2
2015-10-20	193661.0	78845.0	26971.0	83005.0	134485.0	14030.0	14424.0	13.4	23.0	22.0	33.0
2015-10-27	198356.0	78164.0	28190.0	85378.0	136088.0	14393.0	13657.0	13.4	21.5	21.9	31.0
2015-11-03	199327.0	76761.0	24635.0	85862.0	139183.0	14148.0	12953.0	13.2	22.8	22.1	32.3
2015-11-10	192453.0	71924.0	28936.0	85801.0	130100.0	14198.0	12887.0	13.5	21.8	22.7	31.4
2015-11-17	176397.0	72360.0	29008.0	78768.0	123956.0	13913.0	12077.0	14.1	24.9	23.7	35.5
2015-11-24	170519.0	69688.0	31728.0	79884.0	116788.0	11700.0	12756.0	14.7	23.2	24.5	33.3
2015-12-01	180779.0	80685.0	26138.0	78560.0	134559.0	12409.0	10957.0	13.4	26.6	22.7	36.7
2015-12-08	191781.0	95008.0	26305.0	72816.0	146361.0	15414.0	10572.0	12.1	27.7	20.8	37.9
2015-12-15	191929.0	94482.0	23514.0	72655.0	147150.0	14198.0	10671.0	12.3	26.5	21.3	37.6
2015-12-22	184432.0	86416.0	20873.0	73262.0	143340.0	14250.0	9715.0	12.8	25.1	22.0	37.1
2015-12-29	183390.0	85083.0	20554.0	72790.0	142632.0	14645.0	9332.0	12.8	24.5	22.1	36.1
2016-01-05	185123.0	81007.0	27006.0	76065.0	132208.0	13175.0	11033.0	13.3	22.0	22.7	33.2
2016-01-12	182594.0	74780.0	38773.0	79604.0	114290.0	12201.0	13522.0	12.9	15.9	21.1	25.4
2016-01-19	187347.0	78179.0	38920.0	78446.0	116940.0	12127.0	12892.0	12.4	16.3	20.1	26.7
2016-01-26	193281.0	79863.0	44605.0	80260.0	113332.0	12332.0	14518.0	11.8	14.4	19.3	24.4
2016-02-02	197632.0	79332.0	47934.0	83833.0	113084.0	12048.0	14195.0	12.6	15.1	20.7	23.6
2016-02-09	200208.0	78697.0	68979.0	86427.0	93578.0	13971.0	16538.0	12.7	12.9	21.5	20.6
2016-02-16	188677.0	69751.0	73718.0	88945.0	81057.0	12503.0	16424.0	13.7	11.4	21.9	19.1
2016-02-23	187997.0	71410.0	77481.0	87474.0	75771.0	11730.0	17362.0	13.6	10.2	22.5	17.7
2016-03-01	202863.0	73131.0	87303.0	95738.0	76570.0	12387.0	17383.0	13.5	8.9	22.3	15.8
2016-03-08	208512.0	68608.0	91884.0	101634.0	74205.0	13462.0	17615.0	14.4	8.6	22.6	15.0
2016-03-15	212253.0	64964.0	92668.0	109891.0	77749.0	13012.0	17450.0	14.4	8.4	22.8	15.1
2016-03-22	211732.0	64003.0	90040.0	108403.0	78227.0	12569.0	16708.0	14.9	8.7	23.1	15.3
2016-03-29	216510.0	64315.0	92813.0	110934.0	77895.0	12247.0	16788.0	14.6	8.5	22.2	15.1
2016-04-05	222515.0	64888.0	87744.0	114231.0	88116.0	13602.0	16861.0	15.5	10.5	23.6	17.7
2016-04-12	211884.0	68284.0	72515.0	102606.0	98386.0	14446.0	14435.0	16.4	16.5	24.7	23.8
2016-04-19	193438.0	70187.0	49953.0	90501.0	113336.0	13549.0	10948.0	17.7	25.9	26.7	34.4
2016-04-26	191716.0	78482.0	45714.0	81712.0	118724.0	15368.0	11124.0	16.9	27.9	26.1	36.5
2016-05-03	193424.0	78042.0	44096.0	83797.0	122267.0	14851.0	10327.0	16.7	27.3	26.0	35.8
2016-05-10	186343.0	72961.0	44782.0	83112.0	115249.0	13852.0	9894.0	17.5	26.2	27.0	34.6
2016-05-17	190763.0	73173.0	44491.0	83861.0	117206.0	14287.0	9624.0	17.3	27.2	26.7	36.0
2016-05-24	193936.0	75247.0	43500.0	84896.0	121802.0	14760.0	9601.0	17.2	28.0	26.3	36.7
2016-05-31	202777.0	81548.0	41255.0	84674.0	131356.0	16658.0	10269.0	16.4	28.2	26.1	37.1
2016-06-07	211393.0	90214.0	43678.0	85937.0	142019.0	18528.0	8982.0	15.7	29.8	24.7	38.1
2016-06-14	200824.0	87955.0	41239.0	83046.0	137761.0	16728.0	8729.0	16.0	28.2	25.6	37.8
2016-06-21	189263.0	85977.0	40752.0	79429.0	132607.0	15161.0	7208.0	16.9	30.1	27.0	40.3
2016-06-28	184257.0	84783.0	39584.0	75651.0	129123.0	14783.0	6510.0	17.2	28.3	27.2	39.3
2016-07-05	183962.0	85931.0	38822.0	74213.0	128051.0	14542.0	7813.0	16.8	27.3	26.4	38.6
2016-07-12	209897.0	105240.0	39492.0	77369.0	155442.0	19288.0	6963.0	15.1	28.7	23.9	38.9
2016-07-19	231269.0	118607.0	42064.0	81802.0	170290.0	19037.0	7092.0	13.5	28.9	21.2	38.1
2016-07-26	236323.0	117132.0	41249.0	85059.0	174114.0	20060.0	6888.0	13.2	29.5	20.6	38.7
2016-08-02	237053.0	118994.0	37553.0	86226.0	178776.0	19183.0	8074.0	13.5	31.2	21.0	40.8
2016-08-09	244954.0	122629.0	38449.0	88699.0	185389.0	19746.0	7236.0	13.1	32.7	20.3	42.0
2016-08-16	235463.0	110750.0	37986.0	93484.0	176864.0	17097.0	6481.0	13.9	31.2	21.3	41.0
2016-08-23	228356.0	102587.0	33198.0	94432.0	174561.0	17153.0	6413.0	14.4	31.2	22.0	41.0
2016-08-30	228192.0	98712.0	31968.0	100083.0	175394.0	15845.0	7278.0	14.8	32.1	22.5	41.8
2016-09-06	230647.0	100512.0	30197.0	100526.0	180649.0	16883.0	7075.0	14.9	34.4	22.5	43.8
2016-09-13	230433.0	98887.0	30031.0	101742.0	178550.0	16120.0	8168.0	15.4	33.6	23.0	42.9
2016-09-20	239422.0	105367.0	31010.0	101620.0	185463.0	16673.0	7187.0	15.1	34.4	22.4	43.7
2016-09-27	253355.0	114550.0	33008.0	102777.0	194047.0	17292.0	7564.0	14.1	33.7	21.1	43.1
2016-10-04	248637.0	107954.0	34500.0	105808.0	187439.0	15843.0	7666.0	14.4	32.5	21.4	41.4
2016-10-11	242564.0	102520.0	37168.0	106314.0	180428.0	16544.0	7782.0	14.9	31.3	21.8	40.5
2016-10-18	252761.0	110629.0	33201.0	102972.0	189850.0	17703.0	8253.0	14.3	31.6	21.0	40.6
2016-10-25	260503.0	110658.0	35954.0	103536.0	186527.0	17269.0	8982.0	13.8	29.9	20.3	39.0
2016-11-01	257262.0	109447.0	33913.0	100955.0	185110.0	17584.0	8963.0	13.1	30.1	19.8	38.9
2016-11-08	248911.0	104721.0	28857.0	102787.0	187651.0	17921.0	8921.0	12.8	30.8	19.6	40.0
2016-11-15	239196.0	103551.0	23887.0	101776.0	189519.0	16909.0	8830.0	13.3	33.1	20.8	43.8
2016-11-22	251793.0	125357.0	22545.0	91455.0	204521.0	18523.0	8269.0	12.4	35.8	19.7	46.9
2016-11-29	255483.0	126896.0	22532.0	91005.0	206984.0	18615.0	7000.0	12.4	36.2	19.7	47.0
2016-12-06	251402.0	127452.0	20680.0	85278.0	202910.0	18201.0	7341.0	11.4	37.7	18.9	48.3
2016-12-13	252798.0	129216.0	20912.0	85838.0	205705.0	19032.0	7469.0	11.0	38.4	18.5	49.0
2016-12-20	243889.0	121505.0	21486.0	87091.0	194490.0	17188.0	9808.0	11.4	38.1	19.0	48.3
2016-12-27	243809.0	120473.0	20207.0	86826.0	194865.0	16453.0	8680.0	11.6	38.8	19.2	48.4
2017-01-03	247158.0	124424.0	18402.0	86600.0	202190.0	18117.0	8549.0	11.2	40.2	18.7	49.7
2017-01-10	264089.0	138819.0	21345.0	82880.0	212305.0	20608.0	8657.0	10.5	39.8	17.6	49.6
2017-01-17	261756.0	134746.0	22815.0	83730.0	205736.0	18871.0	8796.0	10.7	39.0	17.8	48.4
2017-01-24	264328.0	132523.0	24328.0	84249.0	203684.0	19510.0	8270.0	10.7	39.9	17.8	48.7
2017-01-31	276602.0	137516.0	26085.0	88212.0	210119.0	19762.0	9286.0	10.5	38.9	17.3	47.6
