2014-07-01	110241.0	22457.0	10830.0	79254.0	91940.0	4708.0	3649.0	31.4	49.6	43.6	66.6
2014-07-08	107943.0	22190.0	10692.0	77041.0	90669.0	5010.0	2880.0	33.4	50.8	45.9	68.5
2014-07-15	109050.0	22956.0	10657.0	77092.0	92090.0	5529.0	2830.0	33.8	49.2	46.2	68.5
2014-07-22	111446.0	23591.0	12337.0	79016.0	92590.0	5510.0	3190.0	33.7	48.6	47.9	67.7
2014-07-29	113770.0	22084.0	13837.0	83061.0	93841.0	5286.0	2753.0	33.4	47.0	48.3	65.9
2014-08-05	113830.0	23861.0	10461.0	80834.0	97154.0	5942.0	3022.0	35.7	49.4	50.1	69.4
2014-08-12	113722.0	23979.0	10461.0	82072.0	97161.0	4478.0	2907.0	35.1	48.7	49.7	69.5
2014-08-19	114690.0	24043.0	10450.0	83120.0	97335.0	4081.0	3459.0	34.8	47.7	49.5	67.4
2014-08-26	115527.0	25629.0	10446.0	81137.0	98342.0	5295.0	3273.0	32.9	47.2	47.9	66.6
2014-09-02	115235.0	27682.0	10635.0	79112.0	98312.0	5033.0	2880.0	32.8	47.5	46.7	67.1
2014-09-09	121725.0	27380.0	10431.0	84819.0	103356.0	5170.0	3582.0	31.1	45.0	44.6	63.9
2014-09-16	133191.0	26325.0	10438.0	94852.0	112470.0	5684.0	3953.0	28.7	39.6	40.9	56.9
2014-09-23	114200.0	28277.0	11095.0	77252.0	96718.0	5491.0	3207.0	36.3	49.9	49.9	69.5
2014-09-30	114883.0	28362.0	11335.0	77100.0	97826.0	5836.0	2137.0	33.1	48.4	46.7	70.0
2014-10-07	118144.0	31169.0	12004.0	77853.0	99711.0	5681.0	2988.0	32.5	47.3	46.6	69.4
2014-10-14	121161.0	32041.0	13218.0	80458.0	101827.0	5187.0	2641.0	33.6	44.0	48.4	67.9
2014-10-21	118826.0	30681.0	13038.0	81102.0	99474.0	4240.0	3511.0	33.3	42.2	47.9	65.6
2014-10-28	117855.0	27173.0	14622.0	82933.0	96942.0	4948.0	3490.0	34.6	42.5	49.4	65.0
2014-11-04	116206.0	28052.0	14834.0	80272.0	95787.0	5193.0	2896.0	31.6	43.1	47.5	65.1
2014-11-11	118063.0	29574.0	15248.0	80669.0	97359.0	5193.0	2829.0	32.6	42.8	48.1	64.2
2014-11-18	122704.0	31099.0	18122.0	82526.0	98911.0	6484.0	3076.0	32.8	41.9	47.8	63.1
2014-11-25	125062.0	28585.0	19469.0	88489.0	100297.0	5436.0	2744.0	32.0	43.3	47.9	64.2
2014-12-02	125690.0	28287.0	19006.0	88811.0	101327.0	5816.0	2581.0	30.8	43.5	45.7	65.2
2014-12-09	132340.0	29939.0	17567.0	93652.0	109531.0	5956.0	2449.0	29.3	43.8	44.7	68.3
2014-12-16	145634.0	33915.0	14191.0	98264.0	121596.0	9033.0	5425.0	27.7	40.0	40.6	62.6
2014-12-23	127840.0	27734.0	16763.0	90295.0	103183.0	6522.0	4605.0	32.2	44.8	47.3	61.6
2014-12-30	129170.0	27844.0	16816.0	91708.0	104399.0	6369.0	4706.0	31.9	44.6	47.0	61.4
2015-01-06	134530.0	31824.0	12496.0	92918.0	114111.0	6588.0	4723.0	32.6	44.3	48.0	61.5
2015-01-13	129683.0	29423.0	12758.0	90861.0	109112.0	6253.0	4667.0	34.6	42.1	49.3	59.9
2015-01-20	129120.0	31240.0	13741.0	90295.0	108357.0	4313.0	3750.0	36.1	44.1	50.6	62.4
2015-01-27	129462.0	31451.0	14206.0	89474.0	109436.0	5583.0	2866.0	36.1	41.8	50.3	59.7
2015-02-03	132952.0	31761.0	13049.0	92063.0	113195.0	6126.0	3706.0	34.5	39.3	49.9	58.7
2015-02-10	136300.0	31879.0	14169.0	95430.0	115645.0	5830.0	3325.0	33.9	38.5	50.5	59.8
2015-02-17	139006.0	33361.0	13959.0	96361.0	117951.0	6094.0	3906.0	33.8	37.7	50.2	61.5
2015-02-24	146783.0	38322.0	14617.0	98211.0	125131.0	6083.0	2868.0	31.7	39.8	48.4	63.5
2015-03-03	147771.0	33258.0	11316.0	103388.0	128982.0	6693.0	3041.0	32.1	42.6	49.0	67.9
2015-03-10	151602.0	36866.0	10817.0	103476.0	133838.0	7483.0	3170.0	33.5	42.7	50.8	67.5
2015-03-17	152814.0	37656.0	11421.0	103030.0	133582.0	8252.0	3935.0	36.3	40.9	50.8	62.5
2015-03-24	144299.0	38131.0	12022.0	95862.0	125355.0	6567.0	3183.0	38.8	40.6	54.2	64.8
2015-03-31	142562.0	39640.0	12253.0	92005.0	122851.0	7040.0	3581.0	39.0	41.9	54.3	66.9
2015-04-07	145800.0	39612.0	13778.0	95412.0	124790.0	6970.0	3426.0	38.8	40.7	54.3	65.3
2015-04-14	143034.0	38906.0	11282.0	93573.0	125501.0	7229.0	2925.0	41.6	40.7	55.5	66.7
2015-04-21	146693.0	38713.0	12139.0	98037.0	128220.0	6640.0	3031.0	41.6	40.5	56.1	66.1
2015-04-28	146563.0	39395.0	11987.0	95999.0	128568.0	7939.0	2778.0	42.4	41.6	56.6	66.9
2015-05-05	147868.0	38081.0	10938.0	98870.0	130326.0	7309.0	2996.0	40.5	42.1	54.3	67.5
2015-05-12	151443.0	38547.0	11314.0	101666.0	133830.0	7568.0	2637.0	39.5	41.3	53.4	66.3
2015-05-19	155236.0	40028.0	12424.0	103807.0	136313.0	7707.0	2805.0	38.7	41.3	53.1	67.1
2015-05-26	153599.0	39658.0	12223.0	103195.0	135368.0	7786.0	3048.0	39.8	40.9	53.9	67.3
2015-06-02	152159.0	38124.0	11731.0	102501.0	133815.0	7931.0	3010.0	37.2	41.6	51.4	68.1
2015-06-09	147542.0	37750.0	12261.0	98918.0	128320.0	7499.0	3586.0	38.3	41.8	52.8	64.7
2015-06-16	156207.0	37400.0	11774.0	107580.0	136916.0	7262.0	3552.0	36.2	39.2	49.9	60.8
2015-06-23	146411.0	39572.0	5921.0	97433.0	133677.0	6382.0	3789.0	40.0	47.4	54.9	65.6
2015-06-30	148332.0	40462.0	3677.0	97543.0	137434.0	6718.0	3612.0	35.9	50.0	50.5	68.6
2015-07-07	146970.0	38636.0	2637.0	98588.0	137104.0	6259.0	3742.0	37.9	48.8	53.0	67.5
2015-07-14	147721.0	36648.0	3499.0	101007.0	136004.0	5660.0	3812.0	36.9	48.3	51.5	67.0
2015-07-21	148929.0	36156.0	4165.0	100902.0	136764.0	7370.0	3499.0	35.8	48.4	50.2	68.4
2015-07-28	152605.0	37679.0	3420.0	103279.0	141264.0	7311.0	3585.0	34.3	49.7	48.5	70.0
2015-08-04	155176.0	38440.0	4605.0	105368.0	141776.0	6365.0	3792.0	33.1	48.6	47.7	68.8
2015-08-11	154920.0	40148.0	3281.0	102906.0	143366.0	6815.0	3222.0	32.9	49.3	47.9	69.8
2015-08-18	156519.0	40535.0	3071.0	104011.0	144355.0	6733.0	3853.0	33.3	49.2	47.5	69.3
2015-08-25	157842.0	37801.0	3478.0	108796.0	145986.0	6456.0	3589.0	34.2	46.9	50.5	67.5
2015-09-01	158765.0	41788.0	3625.0	104419.0	145844.0	7210.0	3948.0	34.2	45.7	50.0	65.8
2015-09-08	159931.0	39630.0	3227.0	107901.0	147224.0	7214.0	4294.0	33.4	46.2	49.0	65.7
2015-09-15	164969.0	41526.0	3384.0	104913.0	145937.0	7866.0	4984.0	31.8	43.7	45.5	62.2
2015-09-22	149536.0	44212.0	8678.0	95624.0	133937.0	6821.0	4042.0	37.0	45.0	51.5	61.8
2015-09-29	157198.0	45648.0	9189.0	101373.0	140499.0	7451.0	4784.0	37.8	43.1	54.4	59.8
2015-10-06	159913.0	46184.0	9935.0	103502.0	142254.0	7456.0	4953.0	34.7	41.4	51.0	58.9
2015-10-13	162835.0	45377.0	10137.0	107218.0	145688.0	7538.0	4308.0	33.8	43.7	50.1	60.6
2015-10-20	160097.0	43769.0	8650.0	105158.0	144432.0	8327.0	4172.0	34.5	44.8	50.6	62.2
2015-10-27	156113.0	42473.0	8591.0	103506.0	141110.0	7258.0	3536.0	35.2	44.8	49.4	62.5
2015-11-03	154545.0	41641.0	8787.0	101855.0	138963.0	7653.0	3399.0	34.3	46.3	48.6	63.7
2015-11-10	161151.0	42945.0	7785.0	108351.0	146773.0	6791.0	3529.0	34.6	47.1	49.2	64.3
2015-11-17	164993.0	43799.0	7935.0	111721.0	150510.0	6404.0	3479.0	33.9	46.1	48.2	63.0
2015-11-24	167917.0	45000.0	8066.0	113370.0	153067.0	6504.0	3741.0	33.7	46.9	48.2	63.4
2015-12-01	169266.0	42735.0	8112.0	116978.0	154614.0	6463.0	3450.0	32.7	48.1	48.1	64.7
2015-12-08	176912.0	48833.0	8184.0	118657.0	162084.0	6326.0	3548.0	31.9	49.2	47.1	65.4
2015-12-15	194450.0	51065.0	8073.0	120209.0	177518.0	19789.0	5472.0	29.2	46.3	42.8	60.4
2015-12-22	169499.0	44293.0	5219.0	116507.0	157950.0	5853.0	3484.0	33.8	52.5	50.4	67.0
2015-12-29	167544.0	42276.0	6700.0	116187.0	154165.0	6156.0	3754.0	33.8	52.9	50.7	67.2
2016-01-05	172956.0	42915.0	4374.0	121585.0	162302.0	5455.0	3279.0	33.4	52.5	49.7	66.4
2016-01-12	185741.0	42548.0	8115.0	134358.0	170498.0	6089.0	4382.0	38.0	47.5	56.2	60.1
2016-01-19	188820.0	45348.0	8134.0	133919.0	172663.0	6736.0	5206.0	38.7	47.0	56.5	60.2
2016-01-26	196207.0	51814.0	8440.0	135279.0	179529.0	6465.0	5589.0	39.2	48.2	56.5	60.5
2016-02-02	196967.0	52095.0	6106.0	135616.0	182124.0	6587.0	6068.0	37.0	50.2	54.7	62.8
2016-02-09	202072.0	53593.0	7088.0	138868.0	186988.0	6866.0	5251.0	36.1	50.1	53.2	63.7
2016-02-16	201971.0	50908.0	7713.0	142002.0	186498.0	6517.0	5216.0	36.7	50.1	53.4	63.2
2016-02-23	203124.0	51907.0	7808.0	141919.0	187524.0	6789.0	5283.0	35.8	50.1	52.5	63.3
2016-03-01	201838.0	48972.0	6042.0	142291.0	187546.0	7817.0	5492.0	34.8	52.1	49.6	65.9
2016-03-08	195993.0	45269.0	5541.0	139227.0	180534.0	7159.0	5580.0	32.9	52.4	47.6	66.9
2016-03-15	204382.0	43110.0	6192.0	147239.0	187088.0	9012.0	6081.0	30.8	47.2	43.9	61.3
2016-03-22	180608.0	39522.0	5594.0	129877.0	164820.0	6246.0	5231.0	34.6	47.4	49.1	65.6
2016-03-29	182111.0	41171.0	5124.0	129660.0	166865.0	6254.0	5096.0	34.1	46.9	48.5	65.8
2016-04-05	190842.0	43682.0	7098.0	137322.0	175976.0	6949.0	4879.0	34.1	47.8	48.2	66.3
2016-04-12	194558.0	44235.0	6904.0	140980.0	179392.0	6404.0	5323.0	35.3	46.8	50.3	64.4
2016-04-19	197955.0	41863.0	7411.0	145996.0	183050.0	7060.0	4458.0	33.8	48.1	49.9	64.7
2016-04-26	196497.0	39738.0	6878.0	144806.0	182041.0	8240.0	3865.0	33.4	50.2	49.5	66.2
2016-05-03	192274.0	40429.0	5317.0	141611.0	180550.0	7246.0	3419.0	33.1	51.8	49.0	68.6
2016-05-10	195124.0	43503.0	5924.0	141894.0	181586.0	6765.0	4652.0	33.3	50.9	48.9	68.3
2016-05-17	191757.0	41682.0	6661.0	140918.0	177889.0	6282.0	4332.0	34.7	49.2	50.8	66.7
2016-05-24	185265.0	40765.0	5871.0	134760.0	172548.0	6865.0	3971.0	35.2	49.9	50.2	67.1
2016-05-31	183128.0	38706.0	6005.0	133836.0	169248.0	7153.0	4442.0	33.5	50.7	48.9	67.4
2016-06-07	180998.0	38137.0	6285.0	131932.0	167551.0	7544.0	3777.0	34.1	51.5	49.0	68.3
2016-06-14	209525.0	37675.0	7266.0	158202.0	191661.0	9448.0	6398.0	30.0	44.4	42.7	59.3
2016-06-21	196468.0	39917.0	7649.0	147152.0	180937.0	5725.0	4208.0	32.4	48.1	48.0	64.0
2016-06-28	206636.0	43456.0	8281.0	153947.0	192033.0	6656.0	3745.0	32.6	48.7	47.6	65.6
2016-07-05	210437.0	43069.0	11091.0	159753.0	193268.0	5746.0	4209.0	34.1	46.0	48.5	61.3
2016-07-12	220432.0	43144.0	12067.0	168223.0	202035.0	7036.0	4301.0	36.8	46.9	50.9	61.3
2016-07-19	221895.0	41786.0	10818.0	170416.0	205480.0	8001.0	3905.0	37.3	47.5	51.3	61.9
2016-07-26	224223.0	40643.0	8375.0	174480.0	210025.0	7278.0	4001.0	36.9	50.2	50.7	63.9
2016-08-02	223450.0	38115.0	6359.0	174708.0	209705.0	7559.0	4318.0	34.5	52.3	48.8	65.8
2016-08-09	225244.0	38480.0	8711.0	176329.0	209618.0	7390.0	3870.0	34.5	53.0	48.4	67.1
2016-08-16	229211.0	38879.0	8647.0	180211.0	213662.0	6969.0	3750.0	33.8	53.5	47.6	67.7
2016-08-23	229828.0	40728.0	8697.0	178673.0	214157.0	7343.0	3890.0	33.6	53.7	47.9	67.5
2016-08-30	231639.0	36708.0	8585.0	184077.0	216808.0	7979.0	3371.0	33.9	53.8	48.9	67.6
2016-09-06	229097.0	36411.0	9117.0	182630.0	214892.0	8277.0	3309.0	33.6	54.2	48.8	68.5
2016-09-13	258707.0	37946.0	7282.0	205207.0	241179.0	9022.0	3714.0	29.9	47.4	42.1	59.9
2016-09-20	209171.0	37743.0	11979.0	160720.0	190769.0	8368.0	4083.0	36.5	40.5	50.1	65.5
2016-09-27	210580.0	37496.0	12593.0	162432.0	191782.0	8314.0	3867.0	36.9	40.4	50.4	65.0
2016-10-04	218943.0	38473.0	14114.0	169674.0	198123.0	8407.0	4317.0	35.0	39.5	48.7	63.5
2016-10-11	222595.0	41577.0	13213.0	169768.0	203350.0	8763.0	3545.0	34.4	41.9	47.9	66.0
2016-10-18	220426.0	39083.0	14188.0	170004.0	199552.0	8841.0	4188.0	34.6	41.7	47.9	65.2
2016-10-25	223338.0	39354.0	12963.0	173482.0	204257.0	8110.0	3726.0	35.3	41.0	48.8	64.5
2016-11-01	221199.0	37451.0	10905.0	172495.0	203861.0	8639.0	3819.0	34.6	42.2	48.2	65.8
2016-11-08	222093.0	32814.0	11947.0	177899.0	203476.0	8544.0	3834.0	33.9	42.2	47.9	65.7
2016-11-15	221115.0	33227.0	13011.0	177442.0	200983.0	7458.0	4133.0	34.1	42.0	48.1	65.4
2016-11-22	226822.0	34430.0	14298.0	182959.0	205426.0	7100.0	4765.0	35.1	41.9	49.0	64.4
2016-11-29	224724.0	34547.0	11875.0	181169.0	206503.0	6726.0	4064.0	34.6	43.9	49.0	66.7
2016-12-06	221754.0	32694.0	10559.0	179538.0	204094.0	7543.0	5122.0	34.2	44.6	49.7	67.1
2016-12-13	241021.0	37524.0	13018.0	189165.0	216353.0	8707.0	6025.0	32.9	41.1	46.9	61.3
2016-12-20	211783.0	37627.0	15152.0	164685.0	190441.0	8033.0	4752.0	36.8	43.5	51.8	66.9
2016-12-27	216150.0	41300.0	14742.0	165585.0	195273.0	7435.0	4305.0	37.2	43.8	52.0	66.4
2017-01-03	223274.0	42835.0	13316.0	170163.0	203232.0	8344.0	4794.0	37.0	43.9	51.4	65.2
2017-01-10	229485.0	46177.0	15320.0	173341.0	207550.0	8111.0	4759.0	38.0	42.8	51.5	62.6
2017-01-17	237680.0	50072.0	14273.0	177199.0	216926.0	8635.0	4707.0	37.9	42.6	51.3	64.7
2017-01-24	245982.0	51157.0	15811.0	184161.0	223917.0	8787.0	4377.0	37.4	44.8	50.5	65.9
2017-01-31	252708.0	52361.0	15514.0	188635.0	230452.0	9193.0	4223.0	35.4	47.6	47.9	68.2
