2005-01-04	118137.0	15935.0	6227.0	94637.0	108198.0	5758.0	1905.0	21.1	29.7	30.3	37.9
2005-01-11	117819.0	15897.0	11796.0	93306.0	102226.0	6216.0	1397.0	21.0	28.4	28.3	35.9
2005-01-18	116940.0	18705.0	12592.0	88970.0	100500.0	6971.0	1554.0	22.0	27.4	29.2	35.1
2005-01-25	115801.0	19546.0	13359.0	86756.0	98446.0	6768.0	1265.0	21.7	28.1	31.3	36.5
2005-02-01	115044.0	23073.0	11004.0	82516.0	100344.0	7570.0	1811.0	21.3	28.8	31.0	39.1
2005-02-08	115099.0	22922.0	8537.0	79967.0	102255.0	10144.0	2241.0	20.8	29.9	30.2	40.8
2005-02-15	111043.0	23790.0	8204.0	77062.0	99731.0	8993.0	1910.0	21.4	30.7	31.6	43.3
2005-02-22	115724.0	25116.0	7375.0	79812.0	105141.0	9625.0	2037.0	20.4	30.5	29.9	43.7
2005-03-01	133028.0	41319.0	5676.0	77362.0	120817.0	11166.0	3354.0	18.1	32.9	26.0	44.0
2005-03-08	143879.0	49843.0	6644.0	77611.0	126021.0	11784.0	6573.0	19.3	29.8	26.9	40.8
2005-03-15	151273.0	50854.0	6107.0	78755.0	130661.0	13059.0	5900.0	18.3	29.0	25.6	39.5
2005-03-22	152772.0	50229.0	5916.0	77355.0	128560.0	13803.0	6911.0	18.1	27.7	25.2	37.6
2005-03-29	138104.0	36300.0	4491.0	79930.0	118461.0	13084.0	6362.0	17.7	28.0	26.0	38.5
2005-04-05	135666.0	32911.0	4038.0	81433.0	115681.0	12195.0	6820.0	17.9	27.7	26.2	38.1
2005-04-12	128451.0	30473.0	4471.0	82248.0	114899.0	13512.0	6863.0	17.6	30.5	27.1	40.7
2005-04-19	117307.0	26105.0	7170.0	78154.0	103393.0	10013.0	3709.0	22.6	32.4	33.2	43.3
2005-04-26	118881.0	25317.0	14158.0	81703.0	97426.0	9221.0	4657.0	23.6	31.1	34.2	40.7
2005-05-03	121197.0	24977.0	14810.0	84160.0	98887.0	9351.0	4791.0	22.1	30.7	32.6	40.4
2005-05-10	121716.0	22561.0	16764.0	85984.0	97127.0	10044.0	4698.0	21.0	29.4	31.4	37.9
2005-05-17	126518.0	22380.0	21245.0	92504.0	96754.0	8336.0	5221.0	21.0	26.5	31.2	34.4
2005-05-24	128045.0	23186.0	22194.0	94277.0	98250.0	7671.0	4690.0	21.2	25.9	31.0	34.2
2005-05-31	131464.0	24028.0	23842.0	96399.0	99883.0	7576.0	4278.0	19.8	24.7	30.1	33.4
2005-06-07	136319.0	25015.0	25968.0	100304.0	103271.0	7874.0	3954.0	20.3	24.6	30.9	33.7
2005-06-14	135958.0	26837.0	23403.0	93959.0	103032.0	11125.0	5486.0	20.3	25.3	30.6	34.0
2005-06-21	120533.0	23701.0	18092.0	86256.0	95941.0	8208.0	4132.0	22.6	27.9	33.5	37.1
2005-06-28	117783.0	22724.0	13031.0	84662.0	99450.0	7949.0	2854.0	22.8	28.8	33.4	38.7
2005-07-05	118026.0	23218.0	14876.0	86722.0	95198.0	6720.0	6586.0	23.3	26.3	33.6	36.8
2005-07-12	126503.0	23657.0	23114.0	92285.0	96080.0	7676.0	4424.0	23.4	25.2	33.4	34.6
2005-07-19	127143.0	23761.0	24726.0	92410.0	94779.0	8532.0	5198.0	21.9	24.5	32.6	34.0
2005-07-26	130054.0	24218.0	26136.0	94504.0	96207.0	8483.0	4862.0	21.5	23.7	32.7	33.3
2005-08-02	126674.0	22734.0	23339.0	93309.0	96996.0	8653.0	4361.0	21.8	22.6	33.4	32.0
2005-08-09	126009.0	22769.0	22148.0	91842.0	95480.0	9054.0	6037.0	22.4	22.8	34.7	31.8
2005-08-16	132584.0	26194.0	37566.0	93901.0	84566.0	9633.0	7596.0	25.1	22.4	37.8	32.1
2005-08-23	129855.0	25841.0	39129.0	92263.0	81822.0	9338.0	6491.0	24.5	23.0	37.7	33.6
2005-09-06	115177.0	20559.0	19798.0	85844.0	88423.0	7453.0	5635.0	23.3	26.6	35.7	36.0
2005-09-13	113870.0	23801.0	16899.0	82232.0	91324.0	6096.0	3906.0	23.3	28.2	33.0	37.1
2005-09-20	117911.0	24943.0	22404.0	84820.0	89345.0	6075.0	4089.0	23.8	26.7	34.5	36.3
2005-09-27	125462.0	26111.0	30171.0	89484.0	88385.0	8051.0	5090.0	22.6	22.3	34.1	32.0
2005-10-04	124673.0	25438.0	28446.0	89586.0	87280.0	8028.0	7326.0	22.5	21.7	33.6	32.3
2005-10-11	129142.0	27194.0	30103.0	92513.0	91318.0	8322.0	6608.0	20.9	20.5	30.2	31.4
2005-10-18	133853.0	29931.0	29927.0	93203.0	96615.0	8851.0	5443.0	20.3	20.3	29.2	32.3
2005-10-25	136221.0	31135.0	32377.0	94113.0	96041.0	9616.0	6446.0	19.9	20.3	29.2	32.5
2005-11-01	146129.0	30840.0	32218.0	102163.0	103891.0	10136.0	7030.0	18.9	20.5	29.6	31.2
2005-11-08	134913.0	27919.0	36649.0	93120.0	87852.0	9535.0	6073.0	22.7	19.6	34.2	30.5
2005-11-15	129232.0	28485.0	37850.0	88457.0	82079.0	9324.0	6337.0	23.9	19.2	35.6	30.5
2005-11-22	120710.0	29108.0	26732.0	82446.0	87471.0	7441.0	4792.0	25.5	23.4	35.9	35.2
2005-11-29	123283.0	28381.0	26387.0	85369.0	90194.0	8024.0	5193.0	25.3	23.6	36.2	35.2
2005-12-06	120051.0	28649.0	17885.0	83887.0	97654.0	6222.0	3219.0	23.0	26.1	32.9	38.3
2005-12-13	123277.0	31845.0	14908.0	81198.0	102009.0	8990.0	5116.0	22.1	25.1	31.9	37.2
2005-12-20	123726.0	32769.0	14013.0	81179.0	103734.0	8255.0	4456.0	20.2	24.4	30.6	37.0
2005-12-27	125901.0	33943.0	13521.0	81649.0	105577.0	9002.0	5496.0	20.0	23.9	30.4	36.9
2006-01-03	130473.0	36572.0	11173.0	81058.0	111612.0	11722.0	6567.0	19.1	26.5	29.1	39.9
2006-01-10	131851.0	39486.0	10850.0	79220.0	113833.0	10649.0	4672.0	18.5	27.7	28.7	41.0
2006-01-17	129378.0	38865.0	11402.0	76170.0	110197.0	11537.0	4973.0	17.8	26.1	27.1	38.5
2006-01-24	131746.0	38252.0	10856.0	79615.0	111759.0	10590.0	5842.0	17.9	25.7	27.5	38.5
2006-01-31	133388.0	35110.0	10649.0	84514.0	114149.0	9941.0	4767.0	17.2	24.3	25.5	36.2
2006-02-07	135885.0	36936.0	12291.0	84602.0	115099.0	11932.0	6080.0	16.9	23.8	25.1	35.9
2006-02-14	121722.0	35345.0	12005.0	75507.0	103621.0	8762.0	3988.0	18.8	27.7	27.7	39.2
2006-02-21	124898.0	33885.0	15449.0	79332.0	101809.0	8947.0	4906.0	18.9	24.7	27.9	36.0
2006-02-28	126776.0	33302.0	21152.0	83371.0	100256.0	7847.0	3112.0	17.6	25.2	27.0	34.8
2006-03-07	129621.0	31947.0	24802.0	87402.0	99273.0	8395.0	3669.0	17.2	25.2	26.8	35.6
2006-03-14	129988.0	31916.0	23745.0	86987.0	98752.0	8783.0	5189.0	17.2	26.3	27.1	36.6
2006-03-21	130434.0	31010.0	21635.0	87254.0	100230.0	9163.0	5562.0	17.1	26.0	26.0	36.1
2006-03-28	127010.0	31651.0	22333.0	83255.0	94536.0	9410.0	7447.0	17.6	26.1	27.2	37.3
2006-04-04	127059.0	33165.0	23133.0	79919.0	93446.0	10961.0	7466.0	17.0	26.6	26.8	38.8
2006-04-11	126812.0	33138.0	29749.0	79699.0	85618.0	9802.0	7272.0	17.1	22.7	28.3	34.7
2006-04-18	132006.0	35713.0	40865.0	82683.0	79265.0	9075.0	7341.0	16.9	19.6	28.2	31.5
2006-04-25	130693.0	35152.0	39126.0	82716.0	80891.0	9336.0	7187.0	17.5	19.4	28.1	31.9
2006-05-02	129342.0	36480.0	36069.0	79702.0	83506.0	9854.0	6461.0	17.4	19.9	27.8	33.4
2006-05-09	127120.0	39022.0	30556.0	74593.0	87204.0	11136.0	6991.0	17.2	22.9	26.8	35.3
2006-05-16	129213.0	39711.0	22334.0	74236.0	96487.0	11266.0	6392.0	16.2	24.7	25.6	37.5
2006-05-23	132154.0	38164.0	21056.0	79967.0	101683.0	10447.0	5839.0	16.0	23.5	26.2	35.5
2006-05-30	139343.0	36857.0	28786.0	88682.0	100204.0	9722.0	6271.0	15.8	20.8	26.5	32.0
2006-06-06	145090.0	36980.0	30735.0	92132.0	100099.0	11437.0	9715.0	16.4	18.9	27.2	30.3
2006-06-13	145777.0	38840.0	33190.0	92881.0	100890.0	9331.0	6972.0	17.9	19.2	28.8	31.8
2006-06-20	133010.0	39459.0	28700.0	81741.0	96510.0	8688.0	4678.0	19.6	21.5	30.6	34.0
2006-06-27	131079.0	39176.0	25761.0	78720.0	96170.0	10249.0	6214.0	20.0	23.8	30.5	37.5
2006-07-03	133951.0	41783.0	17409.0	76161.0	105733.0	11813.0	6615.0	18.3	23.3	26.7	37.3
2006-07-11	162683.0	62029.0	13315.0	79464.0	133521.0	12939.0	7596.0	17.7	24.7	25.5	34.4
2006-07-18	159405.0	53847.0	11283.0	79433.0	128736.0	13503.0	6764.0	17.0	25.7	25.9	35.8
2006-07-25	146639.0	43349.0	10454.0	80889.0	120374.0	11454.0	4864.0	20.4	26.9	29.3	37.4
2006-08-01	143144.0	42013.0	13418.0	82419.0	115724.0	11473.0	6763.0	21.9	27.1	31.3	37.2
2006-08-08	141330.0	44000.0	14405.0	80679.0	115435.0	11704.0	6543.0	22.3	27.1	32.6	38.6
2006-08-15	132397.0	46833.0	14253.0	72638.0	109098.0	9609.0	5729.0	25.2	28.3	36.8	40.0
2006-08-22	128976.0	44853.0	15915.0	72278.0	104907.0	8795.0	5104.0	24.5	28.6	37.4	41.2
2006-08-29	128803.0	33490.0	21582.0	82158.0	98131.0	10669.0	6604.0	22.1	24.4	31.8	37.4
2006-09-05	134548.0	33580.0	24845.0	87894.0	99935.0	10723.0	7417.0	20.9	21.7	30.1	32.5
2006-09-12	138589.0	32962.0	25747.0	91877.0	102546.0	11433.0	7979.0	20.7	21.4	29.5	32.1
2006-09-19	146140.0	30522.0	33105.0	99811.0	100123.0	11477.0	8582.0	21.3	19.4	29.3	30.4
2006-09-26	140798.0	30065.0	25580.0	97365.0	103595.0	10550.0	8805.0	21.2	20.6	29.3	30.4
2006-10-03	146930.0	31504.0	30520.0	98460.0	101772.0	13614.0	11286.0	20.3	19.6	28.1	29.0
2006-10-10	146269.0	31740.0	32862.0	99634.0	101848.0	12324.0	8988.0	20.7	20.9	28.9	30.8
2006-10-17	156686.0	33680.0	44088.0	105820.0	100893.0	13732.0	8251.0	18.9	21.0	27.2	31.6
2006-10-24	161449.0	36738.0	47956.0	106197.0	99939.0	13624.0	8664.0	19.0	23.1	27.2	33.3
2006-10-31	155081.0	36749.0	40467.0	99283.0	99705.0	12307.0	8167.0	19.2	24.3	28.6	33.3
2006-11-07	145174.0	35564.0	32821.0	92090.0	99281.0	11933.0	7485.0	18.9	22.0	29.2	31.2
2006-11-14	125906.0	36365.0	25272.0	77632.0	90761.0	9575.0	7539.0	20.8	23.8	31.7	32.8
2006-11-21	129367.0	34954.0	27771.0	82521.0	92476.0	9525.0	6753.0	21.3	25.2	31.9	35.0
2006-11-28	131990.0	35182.0	31645.0	85190.0	92604.0	9920.0	6043.0	20.9	24.4	31.4	35.5
2006-12-05	135071.0	39587.0	27320.0	82871.0	98917.0	10545.0	6766.0	20.9	26.2	30.9	34.9
2006-12-12	136596.0	41628.0	13291.0	80505.0	113005.0	11334.0	7171.0	20.2	32.4	29.1	39.3
2006-12-19	144753.0	48320.0	13722.0	80045.0	119089.0	11993.0	7547.0	19.2	32.7	29.0	39.0
2006-12-26	144508.0	48475.0	14077.0	79744.0	119247.0	11916.0	6811.0	19.3	31.5	29.4	39.4
2007-01-03	150084.0	52362.0	13183.0	79249.0	125169.0	13188.0	6447.0	18.6	31.7	28.6	39.9
2007-01-09	150161.0	49593.0	12104.0	81761.0	125320.0	13750.0	7680.0	18.4	30.7	27.1	38.7
2007-01-16	145216.0	47661.0	12713.0	80969.0	121739.0	11518.0	5696.0	19.1	30.7	26.9	37.6
2007-01-23	143412.0	47016.0	15839.0	80770.0	117570.0	10059.0	4436.0	20.0	29.2	28.6	38.5
2007-01-30	140652.0	47118.0	15957.0	78614.0	114245.0	9195.0	4725.0	20.2	29.1	28.7	38.2
2007-02-06	144410.0	51655.0	14546.0	72589.0	115251.0	14691.0	9138.0	20.4	27.9	28.3	38.3
2007-02-13	142376.0	58972.0	13545.0	69136.0	119933.0	10697.0	5327.0	21.6	32.2	31.6	41.9
2007-02-20	160571.0	63770.0	16451.0	72574.0	125223.0	12566.0	7236.0	18.6	28.7	28.9	37.5
2007-02-27	162014.0	62108.0	14727.0	72625.0	125944.0	13119.0	7181.0	18.4	27.5	28.0	37.1
2007-03-06	169153.0	62752.0	13237.0	77672.0	132436.0	12487.0	7238.0	17.5	25.9	26.3	36.7
2007-03-13	170800.0	61437.0	14724.0	80783.0	133459.0	12855.0	6892.0	17.5	24.8	25.5	34.8
2007-03-20	173371.0	62773.0	15252.0	79549.0	133940.0	13605.0	6735.0	17.9	23.8	25.5	32.8
2007-03-27	178906.0	68750.0	16905.0	79090.0	136401.0	12746.0	7280.0	18.7	23.7	27.1	32.4
2007-04-03	170120.0	62320.0	14802.0	76481.0	130437.0	13142.0	6704.0	19.2	23.5	27.1	32.5
2007-04-10	163851.0	61620.0	14037.0	74664.0	128472.0	13204.0	6979.0	21.1	23.7	29.2	33.4
2007-04-17	154011.0	62310.0	14793.0	69688.0	123583.0	11117.0	4739.0	23.2	24.5	31.8	36.0
2007-04-24	148172.0	57573.0	12545.0	68172.0	120347.0	10759.0	3612.0	24.3	23.9	30.6	35.4
2007-05-01	148631.0	54764.0	12110.0	68685.0	117932.0	10851.0	4258.0	23.4	22.7	30.3	33.6
2007-05-08	150286.0	54417.0	12887.0	69023.0	116539.0	11019.0	5033.0	23.0	23.4	29.7	33.9
2007-05-15	155642.0	56363.0	17798.0	73983.0	117995.0	10739.0	5292.0	21.5	20.3	28.3	30.9
2007-05-22	157679.0	58260.0	18303.0	72355.0	118980.0	11567.0	4899.0	21.6	21.7	28.5	33.2
2007-05-29	158280.0	60225.0	17762.0	70844.0	120154.0	11548.0	4701.0	20.9	21.7	28.1	32.9
2007-06-05	152624.0	55618.0	15916.0	73057.0	120402.0	10295.0	2652.0	21.6	21.3	27.8	32.3
2007-06-12	143987.0	53840.0	16278.0	65549.0	110107.0	12392.0	5396.0	22.8	21.2	28.8	32.2
2007-06-19	142795.0	56964.0	15692.0	68541.0	116767.0	10814.0	3860.0	23.4	22.8	30.4	34.1
2007-06-26	153406.0	61660.0	15928.0	71620.0	125537.0	13125.0	4940.0	20.3	23.0	27.6	33.9
2007-07-03	166954.0	74518.0	17671.0	71435.0	136068.0	13394.0	5608.0	18.9	23.9	27.7	35.1
2007-07-10	170240.0	76933.0	17024.0	72070.0	139165.0	12856.0	5670.0	18.4	24.6	27.3	35.8
2007-07-17	167490.0	75659.0	16844.0	70490.0	135991.0	13617.0	6931.0	17.7	25.1	26.5	36.2
2007-07-24	168774.0	74705.0	16644.0	70914.0	136212.0	13479.0	6242.0	17.5	24.8	25.8	35.6
2007-07-31	158478.0	61585.0	14263.0	75376.0	129835.0	12279.0	5142.0	18.2	24.7	24.9	33.1
2007-08-07	143311.0	54183.0	13163.0	68477.0	115198.0	12166.0	6465.0	20.4	25.5	27.7	34.3
2007-08-14	135055.0	52637.0	15951.0	66113.0	108901.0	11351.0	5249.0	22.9	26.5	31.6	35.7
2007-08-21	130125.0	41177.0	10980.0	72396.0	107709.0	10855.0	5739.0	19.6	29.1	28.8	37.3
2007-08-28	124530.0	36815.0	12208.0	72415.0	101488.0	9272.0	4806.0	21.6	30.2	29.9	38.8
2007-09-04	121473.0	36371.0	12552.0	68435.0	96364.0	9569.0	5459.0	23.2	29.6	31.3	38.2
2007-09-11	121402.0	37079.0	12112.0	66179.0	95771.0	10112.0	5487.0	23.5	30.5	31.3	39.4
2007-09-18	122335.0	38360.0	11171.0	65194.0	97914.0	10365.0	4834.0	24.4	31.1	32.1	40.3
2007-09-25	127638.0	48284.0	8988.0	62940.0	108253.0	10141.0	4124.0	22.8	33.3	31.8	43.2
2007-10-02	133397.0	54339.0	9086.0	59252.0	111855.0	11207.0	3857.0	21.1	33.8	30.5	44.6
2007-10-09	129096.0	48572.0	8209.0	60248.0	106954.0	9939.0	3596.0	22.7	33.9	31.8	43.2
2007-10-16	132913.0	46755.0	9642.0	65202.0	107408.0	10513.0	5420.0	20.8	33.1	29.8	42.2
2007-10-23	133418.0	46961.0	10917.0	65070.0	104611.0	9876.0	6379.0	21.2	31.7	30.1	41.0
2007-10-30	137790.0	49484.0	11599.0	66785.0	109316.0	9911.0	5265.0	21.2	32.6	29.9	41.9
2007-11-06	137788.0	56776.0	11563.0	60290.0	109892.0	10338.0	5949.0	23.2	34.2	31.9	44.4
2007-11-13	133079.0	57292.0	13484.0	62414.0	111096.0	10072.0	5198.0	23.8	33.9	33.6	43.9
2007-11-20	139857.0	60807.0	14625.0	63658.0	116041.0	10331.0	4130.0	23.6	32.6	33.7	43.5
2007-11-27	139307.0	60457.0	14374.0	62199.0	115370.0	11106.0	4018.0	24.2	33.4	34.4	44.5
2007-12-04	150307.0	68048.0	19743.0	63455.0	119637.0	12579.0	4702.0	23.6	31.8	34.3	43.1
2007-12-11	162862.0	75823.0	25493.0	66322.0	124924.0	13076.0	4804.0	22.1	29.6	32.9	40.8
2007-12-18	171211.0	80538.0	27364.0	67505.0	128452.0	12947.0	5174.0	20.8	28.5	31.6	38.6
2007-12-24	176802.0	84048.0	29006.0	67519.0	130096.0	12487.0	4952.0	20.1	27.8	30.8	38.0
2007-12-31	173287.0	79912.0	24391.0	66014.0	129359.0	12699.0	4875.0	19.4	29.2	29.8	37.9
2008-01-08	183671.0	86175.0	28116.0	65981.0	133381.0	13954.0	4613.0	17.5	26.7	28.1	36.1
2008-01-15	192392.0	91729.0	29228.0	66849.0	138431.0	14549.0	5468.0	16.9	27.2	28.2	37.1
2008-01-22	190696.0	80646.0	23202.0	72740.0	136921.0	17473.0	10736.0	16.9	26.0	25.9	35.7
2008-01-29	190651.0	81581.0	24770.0	74525.0	138301.0	15386.0	8421.0	16.9	25.6	25.9	36.3
2008-02-05	188701.0	90589.0	28065.0	72499.0	140832.0	9608.0	3799.0	17.1	31.7	27.6	43.5
2008-02-12	187408.0	92715.0	31429.0	69249.0	133702.0	14627.0	11460.0	18.8	29.6	29.3	41.9
2008-02-19	177759.0	92020.0	32338.0	63148.0	130113.0	13583.0	6300.0	19.4	33.4	29.6	45.7
2008-02-26	179155.0	87810.0	33231.0	67592.0	130383.0	13472.0	5260.0	18.5	31.7	28.6	43.6
2008-03-04	179090.0	83083.0	30948.0	69311.0	129757.0	13461.0	5150.0	18.3	31.0	28.5	42.5
2008-03-11	174198.0	78816.0	29447.0	68820.0	126171.0	14086.0	6104.0	18.3	29.7	28.4	41.7
2008-03-18	167393.0	68539.0	25283.0	72717.0	122690.0	13408.0	6691.0	19.9	28.7	28.8	41.0
2008-03-25	153734.0	53868.0	18296.0	73421.0	115417.0	13392.0	6968.0	21.3	27.9	30.6	41.0
2008-04-01	145960.0	50011.0	16859.0	73203.0	112213.0	12488.0	6630.0	25.1	29.0	33.1	42.6
2008-04-08	135836.0	50116.0	16469.0	69010.0	108541.0	10962.0	5078.0	29.0	30.7	37.4	45.0
2008-04-15	133233.0	54407.0	17137.0	65222.0	107554.0	9763.0	4701.0	27.7	32.1	36.8	46.1
2008-04-22	135652.0	57259.0	21364.0	64627.0	105191.0	9788.0	5119.0	26.2	33.6	36.1	47.8
2008-04-29	138406.0	60452.0	24307.0	63065.0	104539.0	9345.0	4016.0	26.2	34.6	36.2	48.9
2008-05-06	141699.0	59194.0	26996.0	66828.0	104746.0	9505.0	3785.0	25.3	35.5	34.4	49.3
2008-05-13	146470.0	58409.0	28769.0	70643.0	106060.0	10351.0	4574.0	24.5	34.7	34.0	48.0
2008-05-20	149839.0	55723.0	29650.0	74261.0	107044.0	10367.0	3657.0	24.1	33.0	33.9	46.1
2008-05-27	149430.0	54020.0	30002.0	73597.0	104521.0	10288.0	3382.0	24.4	31.9	34.1	45.0
2008-06-03	157841.0	58646.0	31199.0	73796.0	104660.0	9661.0	6244.0	22.3	31.1	31.6	44.5
2008-06-10	160613.0	63479.0	32002.0	73611.0	109362.0	10136.0	5862.0	22.3	32.3	31.7	46.2
2008-06-17	158367.0	68267.0	34267.0	65395.0	103820.0	13402.0	8977.0	23.4	34.6	33.6	48.7
2008-06-24	161943.0	71674.0	35898.0	64862.0	105062.0	14341.0	9917.0	22.0	35.6	33.0	49.6
2008-07-01	164340.0	75115.0	36251.0	62359.0	106326.0	15050.0	9947.0	21.1	37.5	32.2	51.2
2008-07-08	151346.0	66303.0	33479.0	59588.0	95438.0	13392.0	10366.0	24.5	37.3	35.5	49.9
2008-07-15	149459.0	61777.0	34538.0	62484.0	97374.0	13034.0	5383.0	25.3	37.4	36.2	50.3
2008-07-22	149280.0	58241.0	34219.0	66054.0	96865.0	11612.0	4823.0	26.5	37.3	35.4	50.4
2008-07-29	151815.0	52868.0	33767.0	73684.0	100724.0	12361.0	4422.0	27.1	35.7	35.8	48.1
2008-08-05	143049.0	49213.0	31150.0	74706.0	98861.0	9829.0	3737.0	28.2	36.1	37.0	48.8
2008-08-12	133900.0	47373.0	30390.0	68722.0	91044.0	10365.0	5026.0	29.6	37.6	38.8	50.6
2008-08-19	127877.0	44572.0	32920.0	67550.0	80285.0	8972.0	7889.0	31.9	40.4	41.5	53.1
2008-08-26	131164.0	46122.0	33342.0	67456.0	86545.0	10507.0	4198.0	32.2	42.0	41.7	54.9
2008-09-02	132442.0	43530.0	31727.0	69448.0	87899.0	11253.0	4605.0	30.5	43.6	39.8	56.3
2008-09-09	130410.0	41524.0	32553.0	70641.0	84903.0	9694.0	4403.0	31.0	41.6	40.0	53.6
2008-09-16	128500.0	38887.0	30463.0	71692.0	83784.0	9272.0	5604.0	31.4	40.0	40.6	52.0
2008-09-23	126000.0	37739.0	27916.0	70923.0	85109.0	9707.0	5344.0	32.2	37.7	42.1	49.8
2008-09-30	124494.0	34261.0	23446.0	71851.0	85750.0	8678.0	5594.0	30.3	34.9	40.5	47.0
2008-10-07	117470.0	30332.0	24464.0	73509.0	81423.0	5126.0	3080.0	29.7	34.5	42.1	46.9
2008-10-14	115774.0	29199.0	25345.0	75216.0	79076.0	3141.0	3135.0	30.5	35.2	43.3	47.2
2008-10-21	117142.0	29439.0	29559.0	75683.0	75060.0	3991.0	4494.0	31.7	36.3	43.6	48.0
2008-10-28	131064.0	35256.0	33760.0	83470.0	83657.0	2192.0	3501.0	29.2	37.7	43.3	48.9
2008-11-04	129961.0	34904.0	32568.0	81562.0	83200.0	2700.0	3398.0	29.5	37.5	44.2	48.9
2008-11-11	111831.0	30836.0	24982.0	66383.0	71169.0	5581.0	6649.0	34.4	34.2	47.2	47.4
2008-11-18	105201.0	31297.0	22276.0	61111.0	69880.0	5538.0	5790.0	36.6	35.2	50.4	49.8
2008-11-25	108719.0	31298.0	21600.0	62832.0	72894.0	5771.0	5407.0	35.9	33.1	49.7	47.8
2008-12-02	109872.0	30816.0	21041.0	63432.0	73227.0	5863.0	5843.0	35.5	32.9	48.6	47.3
2008-12-09	111523.0	30852.0	20643.0	63388.0	74878.0	7020.0	5739.0	34.6	34.8	47.1	49.0
2008-12-16	113238.0	31516.0	16183.0	62997.0	80960.0	7736.0	5106.0	33.4	34.5	46.2	49.4
2008-12-22	114305.0	34512.0	15547.0	62285.0	84272.0	7770.0	4748.0	32.6	35.8	45.4	50.8
2008-12-30	116641.0	36545.0	16436.0	60288.0	83695.0	9351.0	6053.0	29.7	34.6	42.9	48.9
2009-01-06	118037.0	35993.0	15137.0	61325.0	86157.0	10981.0	7005.0	28.2	35.9	41.1	50.2
2009-01-13	124141.0	37871.0	16717.0	63421.0	87714.0	11185.0	8046.0	26.2	33.1	38.3	47.1
2009-01-20	116201.0	33089.0	14567.0	63911.0	85553.0	6994.0	3874.0	28.3	33.8	40.6	48.1
2009-01-27	120153.0	32943.0	11824.0	63458.0	88209.0	8717.0	5085.0	28.0	33.5	38.7	47.4
2009-02-03	123557.0	36807.0	13953.0	62923.0	91182.0	9969.0	4564.0	27.8	33.8	38.2	47.6
2009-02-10	121753.0	39630.0	15644.0	60908.0	90324.0	11361.0	5931.0	28.4	33.6	39.1	47.2
2009-02-17	114542.0	39245.0	16869.0	57145.0	84111.0	9142.0	4552.0	30.1	34.5	41.3	48.6
2009-02-24	117483.0	37352.0	17665.0	57996.0	81172.0	8365.0	4876.0	31.0	30.4	41.8	43.4
2009-03-03	116399.0	35221.0	17058.0	57137.0	76673.0	7025.0	5652.0	30.8	28.9	41.6	42.2
2009-03-10	118203.0	34526.0	15717.0	57343.0	76309.0	6627.0	6470.0	30.3	28.5	40.5	39.9
2009-03-17	115875.0	33305.0	13750.0	55974.0	76743.0	7035.0	5821.0	30.8	30.1	40.5	41.5
2009-03-24	110962.0	32530.0	12641.0	55169.0	78037.0	8202.0	5223.0	32.3	33.5	42.1	45.5
2009-03-31	109979.0	34010.0	11646.0	56423.0	82289.0	7139.0	3637.0	31.5	34.8	41.4	47.1
2009-04-07	110368.0	35611.0	11056.0	55151.0	83866.0	7856.0	3696.0	32.0	35.4	41.9	50.1
2009-04-14	115459.0	35164.0	11426.0	59295.0	84856.0	7474.0	5651.0	30.8	31.0	40.2	44.5
2009-04-21	110194.0	31769.0	12436.0	58816.0	80121.0	6528.0	4556.0	32.4	31.0	42.6	43.4
2009-04-28	112170.0	31629.0	12795.0	60970.0	80782.0	6728.0	5750.0	32.5	31.3	42.8	42.5
2009-05-05	112979.0	29051.0	13372.0	63151.0	79475.0	6405.0	5760.0	30.8	28.5	40.2	39.3
2009-05-12	115755.0	29091.0	15277.0	65966.0	81410.0	7376.0	5746.0	31.3	26.9	40.0	38.9
2009-05-19	118806.0	28094.0	16191.0	68736.0	81179.0	7855.0	7315.0	30.8	25.0	40.1	36.3
2009-05-26	121437.0	28787.0	18803.0	69953.0	81167.0	8215.0	6985.0	30.0	24.9	38.8	37.0
2009-06-02	119409.0	32659.0	17894.0	67081.0	86118.0	8458.0	4186.0	29.6	29.3	37.6	41.8
2009-06-09	120700.0	41567.0	20673.0	61503.0	88631.0	9859.0	3625.0	28.8	34.0	37.8	46.9
2009-06-16	114573.0	43793.0	19348.0	56242.0	86119.0	9120.0	3688.0	31.0	34.6	41.9	48.2
2009-06-23	109122.0	37019.0	15190.0	58488.0	83363.0	7871.0	4825.0	33.4	31.6	45.0	46.4
2009-06-30	107388.0	34812.0	15763.0	59337.0	81579.0	7162.0	3969.0	34.5	30.2	46.6	45.2
2009-07-07	107985.0	35056.0	16469.0	59321.0	80372.0	6742.0	4278.0	34.3	29.5	46.6	44.0
2009-07-14	109742.0	35187.0	18011.0	60406.0	82433.0	8150.0	3299.0	32.9	32.7	46.1	46.8
2009-07-21	114250.0	37982.0	18400.0	59360.0	84799.0	11051.0	5194.0	29.2	34.6	42.2	48.4
2009-07-28	116269.0	40837.0	17382.0	58504.0	86981.0	10108.0	5086.0	27.7	35.2	40.5	49.1
2009-08-04	115852.0	42912.0	18603.0	56224.0	85835.0	10467.0	5165.0	26.3	37.4	38.9	50.9
2009-08-11	113497.0	40252.0	18506.0	58142.0	85953.0	10052.0	3987.0	27.2	36.9	40.2	50.2
2009-08-18	109765.0	41849.0	16991.0	54619.0	82925.0	7864.0	4416.0	29.3	35.7	42.5	49.4
2009-08-25	113644.0	43918.0	17892.0	53549.0	85437.0	10421.0	4559.0	27.9	35.5	40.7	49.0
2009-09-01	113879.0	43427.0	17918.0	54253.0	84919.0	9884.0	4727.0	28.2	35.1	40.9	48.3
2009-09-08	117040.0	44653.0	18156.0	54018.0	86424.0	10854.0	4945.0	26.8	33.4	39.0	46.6
2009-09-15	124688.0	47751.0	20207.0	54973.0	89804.0	12095.0	4808.0	24.1	33.1	35.4	45.8
2009-09-22	123830.0	47144.0	20467.0	53744.0	86808.0	11969.0	5582.0	24.6	31.5	34.6	44.2
2009-09-29	123289.0	47252.0	20054.0	52703.0	85752.0	12435.0	6584.0	24.6	31.0	34.5	43.1
2009-10-06	128991.0	48874.0	20501.0	56205.0	90866.0	12175.0	5887.0	23.8	28.8	32.7	40.1
2009-10-13	127976.0	46497.0	18104.0	55840.0	91154.0	12684.0	5763.0	23.7	27.4	31.8	38.6
2009-10-20	134993.0	48833.0	20828.0	60499.0	95996.0	12994.0	5502.0	20.6	27.2	28.6	38.0
2009-10-27	142494.0	54546.0	23659.0	60181.0	98365.0	13524.0	6227.0	21.1	27.7	29.9	38.8
2009-11-03	146118.0	56356.0	22209.0	56459.0	97230.0	15918.0	9294.0	22.9	25.3	31.1	35.9
2009-11-09	130680.0	49358.0	14639.0	54002.0	95318.0	13500.0	6903.0	24.0	23.1	32.7	35.9
2009-11-17	121235.0	45137.0	13078.0	54557.0	92474.0	10625.0	4767.0	25.8	25.0	34.7	38.4
2009-11-24	123135.0	48542.0	13247.0	53334.0	94960.0	10781.0	4450.0	24.8	26.0	33.3	39.6
2009-12-01	126235.0	49950.0	11912.0	53254.0	97826.0	11912.0	5378.0	24.4	28.0	32.5	41.6
2009-12-08	127861.0	51379.0	11435.0	53922.0	99566.0	11082.0	5382.0	24.9	28.6	33.0	41.6
2009-12-15	129639.0	53088.0	11880.0	54494.0	102319.0	11491.0	4874.0	25.0	27.0	33.2	40.7
2009-12-22	129980.0	50951.0	10882.0	54962.0	100933.0	10121.0	4219.0	25.1	25.3	32.3	39.9
2009-12-29	129231.0	50452.0	10517.0	55399.0	100783.0	9704.0	4255.0	25.5	25.7	32.8	40.3
2010-01-05	130348.0	47699.0	10431.0	55676.0	99799.0	10759.0	3904.0	25.1	23.9	31.9	36.9
2010-01-12	132926.0	47874.0	11895.0	57617.0	100268.0	10191.0	3519.0	24.0	22.3	31.1	35.7
2010-01-19	140693.0	51913.0	10653.0	55518.0	104389.0	12778.0	5167.0	21.5	24.0	28.3	36.2
2010-01-26	144201.0	50452.0	5713.0	56119.0	106016.0	11135.0	5977.0	20.8	24.0	27.9	35.6
2010-02-02	140446.0	48444.0	7640.0	57885.0	100940.0	10327.0	8076.0	22.9	23.5	32.8	36.3
2010-02-09	129088.0	41354.0	9677.0	60667.0	94558.0	8663.0	6449.0	25.0	22.6	35.9	35.3
2010-02-16	123259.0	39167.0	11438.0	59302.0	88005.0	7140.0	6166.0	26.2	22.5	36.8	35.0
2010-02-23	121756.0	39021.0	10515.0	57433.0	86743.0	7706.0	6902.0	25.2	22.9	35.7	34.5
2010-03-02	124942.0	40256.0	13027.0	60053.0	87772.0	6742.0	6252.0	27.0	23.6	36.2	34.9
2010-03-09	127111.0	36807.0	15375.0	65102.0	85784.0	7195.0	7945.0	28.9	20.9	36.0	32.5
2010-03-16	129335.0	39311.0	18751.0	65820.0	85709.0	6496.0	7167.0	30.2	20.7	37.2	31.8
2010-03-23	131697.0	40124.0	17783.0	66673.0	89047.0	6934.0	6901.0	30.2	20.8	37.1	33.7
2010-03-30	134310.0	40416.0	18614.0	67433.0	90431.0	7856.0	6660.0	29.9	20.8	36.4	33.9
2010-04-06	138919.0	40494.0	18828.0	71125.0	93825.0	7424.0	6390.0	29.2	20.1	35.6	30.6
2010-04-13	123908.0	42123.0	18719.0	63447.0	86233.0	4442.0	5060.0	32.5	23.0	39.6	34.8
2010-04-20	123956.0	46721.0	19752.0	59418.0	87094.0	7300.0	6593.0	31.9	25.4	38.8	39.0
2010-04-27	129760.0	51725.0	19908.0	58706.0	91971.0	7576.0	6128.0	28.9	27.2	37.7	41.7
2010-05-04	131767.0	51402.0	17867.0	57547.0	93248.0	9441.0	7275.0	24.2	26.7	34.1	41.9
2010-05-11	131080.0	45619.0	12276.0	59536.0	94273.0	10791.0	9397.0	22.2	25.2	31.2	39.0
2010-05-18	127954.0	41338.0	14639.0	62869.0	89973.0	8001.0	7596.0	20.5	25.2	29.1	38.9
2010-05-25	130900.0	42516.0	16397.0	65131.0	91175.0	7643.0	7718.0	20.7	24.0	28.9	36.7
2010-06-01	127382.0	40758.0	15297.0	62456.0	88864.0	8420.0	7473.0	22.0	24.6	30.4	36.6
2010-06-08	122786.0	36262.0	7406.0	60232.0	89572.0	7811.0	7327.0	21.6	24.0	29.4	35.1
2010-06-15	115296.0	34498.0	7311.0	57570.0	85487.0	6626.0	5896.0	22.9	24.3	30.3	36.0
2010-06-22	114918.0	35652.0	9181.0	56515.0	84689.0	7189.0	5486.0	23.2	24.8	30.6	37.1
2010-06-29	118192.0	35922.0	8043.0	58180.0	88933.0	7664.0	4790.0	22.5	25.1	30.1	37.1
2010-07-06	121721.0	38245.0	10223.0	58310.0	88613.0	7636.0	5355.0	20.3	24.1	29.3	34.4
2010-07-13	123423.0	38743.0	12192.0	58148.0	87417.0	7789.0	5071.0	20.4	22.8	29.0	33.6
2010-07-20	125927.0	40194.0	11189.0	58457.0	90625.0	7707.0	4544.0	19.8	23.4	27.8	35.0
2010-07-27	125385.0	37482.0	13344.0	61175.0	87097.0	7995.0	6211.0	19.9	23.4	27.3	32.5
2010-08-03	123629.0	38449.0	12965.0	57290.0	85917.0	8560.0	5417.0	19.9	23.8	27.2	33.5
2010-08-10	121327.0	35546.0	15756.0	61362.0	83281.0	6655.0	4526.0	19.2	24.5	26.7	34.0
2010-08-17	115333.0	32477.0	19043.0	59422.0	73445.0	7639.0	7050.0	19.7	25.3	27.6	35.0
2010-08-24	114529.0	30370.0	22278.0	61897.0	68761.0	7282.0	8510.0	17.9	25.8	26.0	34.4
2010-08-31	120254.0	30544.0	32183.0	68324.0	65563.0	7336.0	8458.0	17.8	25.6	26.6	35.6
2010-09-07	124407.0	30689.0	36637.0	70998.0	64818.0	7925.0	8157.0	17.8	24.6	26.7	34.4
2010-09-14	127970.0	29627.0	38550.0	76221.0	67635.0	8331.0	7994.0	16.4	24.6	26.3	34.1
2010-09-21	127893.0	31563.0	38554.0	74578.0	69069.0	8378.0	6896.0	16.6	23.5	26.1	33.0
2010-09-28	129657.0	32054.0	38835.0	74368.0	69878.0	9037.0	6746.0	15.8	22.8	24.8	32.6
2010-10-05	136785.0	30107.0	38735.0	78294.0	71185.0	8821.0	7302.0	15.8	23.9	24.2	33.3
2010-10-12	136896.0	31212.0	38605.0	80820.0	75622.0	8703.0	6508.0	16.4	23.6	24.7	33.1
2010-10-19	140811.0	32402.0	38783.0	84934.0	79296.0	6716.0	5973.0	16.5	23.0	24.5	32.3
2010-10-26	139337.0	31739.0	37189.0	84141.0	82009.0	7752.0	4434.0	16.9	23.4	24.9	33.2
2010-11-02	146429.0	30951.0	37080.0	91635.0	88049.0	7860.0	5317.0	15.8	21.1	23.4	31.0
2010-11-09	142604.0	31300.0	39565.0	86052.0	80939.0	10425.0	7273.0	21.2	22.9	29.2	34.1
2010-11-16	134338.0	32304.0	40190.0	81915.0	74186.0	7798.0	7641.0	22.7	24.3	31.1	34.8
2010-11-23	130412.0	34444.0	34483.0	75574.0	76977.0	8455.0	7013.0	23.1	24.8	31.6	34.8
2010-11-30	131975.0	34727.0	35249.0	76328.0	77990.0	9076.0	6892.0	23.0	25.3	31.6	34.7
2010-12-07	136077.0	41076.0	31735.0	73405.0	86160.0	9466.0	6052.0	22.3	26.9	31.7	37.3
2010-12-14	135973.0	39214.0	28715.0	75070.0	88614.0	9147.0	6102.0	21.9	25.4	30.8	35.7
2010-12-21	137878.0	40076.0	28427.0	76474.0	91228.0	8787.0	5682.0	21.3	24.6	30.4	34.8
2010-12-28	139263.0	41136.0	28000.0	75043.0	93308.0	9984.0	4855.0	20.9	24.4	29.8	35.3
2011-01-04	143807.0	43293.0	28135.0	77157.0	96038.0	9414.0	5691.0	20.4	24.4	28.8	35.1
2011-01-11	145419.0	42362.0	29082.0	78536.0	94545.0	9854.0	7125.0	19.6	23.5	28.7	34.1
2011-01-18	143808.0	43664.0	28189.0	76263.0	94824.0	9576.0	6490.0	19.8	24.4	29.1	35.3
2011-01-25	151080.0	41800.0	23253.0	82709.0	107165.0	8607.0	2698.0	18.5	20.8	26.9	31.0
2011-02-01	166379.0	45137.0	23186.0	83816.0	113657.0	13214.0	5324.0	17.2	19.6	24.3	29.7
2011-02-08	161464.0	45663.0	20471.0	85509.0	118460.0	13492.0	5733.0	18.1	21.7	25.2	32.9
2011-02-15	154865.0	48233.0	21314.0	80539.0	114730.0	12057.0	4785.0	19.5	22.3	26.9	34.0
2011-02-22	154656.0	50797.0	21510.0	79468.0	116410.0	13451.0	5796.0	19.7	23.9	27.2	36.0
2011-03-01	161861.0	53008.0	22571.0	80702.0	119213.0	14349.0	6275.0	19.7	23.2	27.3	34.5
2011-03-08	167172.0	56833.0	23590.0	78385.0	120193.0	15246.0	6681.0	18.6	22.9	25.7	33.9
2011-03-15	162365.0	51503.0	22915.0	80517.0	116149.0	13137.0	6093.0	18.4	21.9	25.6	33.1
2011-03-22	160158.0	48037.0	23924.0	80272.0	112284.0	12784.0	4885.0	18.8	23.5	25.4	34.8
2011-03-29	165028.0	47903.0	25230.0	84302.0	113796.0	12952.0	6131.0	18.4	22.9	25.3	34.4
2011-04-05	167050.0	44672.0	25936.0	91616.0	115479.0	12039.0	6912.0	19.8	21.6	27.3	33.5
2011-04-12	159819.0	45953.0	27338.0	87926.0	110610.0	11299.0	7230.0	21.1	23.9	29.4	36.2
2011-04-19	153059.0	46978.0	29115.0	85019.0	106846.0	10308.0	6344.0	21.9	24.9	30.5	37.1
2011-04-26	154607.0	47621.0	29875.0	85442.0	107340.0	10341.0	6189.0	21.1	26.0	29.5	37.5
2011-05-03	158881.0	49631.0	32217.0	83895.0	107890.0	11821.0	5240.0	20.5	28.3	28.3	38.9
2011-05-10	157658.0	46291.0	28785.0	85519.0	107045.0	10650.0	6630.0	20.8	25.3	29.0	36.3
2011-05-17	155550.0	42693.0	32462.0	86032.0	100076.0	11567.0	7754.0	21.5	24.1	30.8	35.1
2011-05-24	158250.0	43147.0	33636.0	86276.0	98339.0	11321.0	8769.0	20.9	22.5	29.8	33.2
2011-05-31	162681.0	41860.0	33767.0	91969.0	101574.0	10503.0	8991.0	21.4	22.1	30.2	32.6
2011-06-07	163361.0	37415.0	32610.0	98785.0	104921.0	8356.0	7025.0	21.6	20.0	30.3	29.1
2011-06-14	163076.0	40172.0	33859.0	91890.0	99297.0	8899.0	7805.0	21.5	22.3	30.5	31.2
2011-06-21	161630.0	40702.0	30820.0	90368.0	100590.0	8578.0	8238.0	21.7	23.0	30.8	32.0
2011-06-28	161999.0	41871.0	27519.0	89898.0	104692.0	8660.0	8218.0	20.6	23.7	30.0	32.8
2011-07-05	171344.0	47250.0	28921.0	91249.0	112177.0	10177.0	7578.0	18.1	24.3	28.0	32.9
2011-07-12	171639.0	47350.0	27334.0	91862.0	115152.0	9763.0	6489.0	17.9	23.5	27.5	32.5
2011-07-19	172311.0	46428.0	27889.0	90479.0	113934.0	11378.0	6462.0	17.7	24.7	27.3	33.9
2011-07-26	174115.0	42810.0	26809.0	95792.0	115346.0	10541.0	6988.0	17.4	23.5	27.3	32.8
2011-08-02	178418.0	40664.0	29155.0	100568.0	113580.0	9774.0	8271.0	16.8	21.5	27.4	30.2
2011-08-09	172222.0	39267.0	30065.0	99223.0	108864.0	8869.0	8430.0	16.7	20.8	27.1	29.2
2011-08-16	163718.0	38623.0	32968.0	98757.0	103005.0	7939.0	9346.0	18.8	20.5	29.6	29.0
2011-08-23	159232.0	38486.0	29148.0	93484.0	104394.0	9504.0	7932.0	18.5	22.0	29.5	31.2
2011-08-30	160621.0	37748.0	25215.0	95294.0	110259.0	9148.0	6716.0	18.5	23.2	29.7	32.7
2011-09-06	163401.0	38523.0	23723.0	95058.0	111508.0	8659.0	7009.0	18.4	22.1	29.1	31.4
2011-09-13	176241.0	37592.0	27802.0	102196.0	113050.0	8437.0	7373.0	18.5	19.3	27.8	26.7
2011-09-20	180907.0	38101.0	37240.0	108992.0	108877.0	8409.0	9385.0	19.0	18.7	28.8	25.6
2011-09-27	181905.0	40695.0	43782.0	110419.0	106282.0	8464.0	9514.0	19.3	18.8	29.6	26.4
2011-10-04	184965.0	41164.0	43875.0	111554.0	105749.0	7683.0	10777.0	18.4	17.1	29.6	24.4
2011-10-11	188721.0	44357.0	44129.0	112375.0	110312.0	8931.0	11222.0	18.2	18.1	28.9	25.5
2011-10-18	190853.0	44498.0	44468.0	113169.0	110832.0	8874.0	11241.0	17.9	17.8	27.1	25.2
2011-10-25	196670.0	45555.0	45496.0	116573.0	115054.0	9447.0	11025.0	17.2	16.5	26.6	24.1
2011-11-01	199561.0	45664.0	39560.0	117028.0	123018.0	9069.0	9183.0	16.7	16.6	25.8	24.7
2011-11-08	183613.0	32781.0	33990.0	112951.0	110397.0	9947.0	11292.0	22.5	18.2	32.2	26.1
2011-11-15	155162.0	29896.0	32070.0	100296.0	96765.0	8612.0	9969.0	26.4	21.1	37.6	30.5
2011-11-22	155002.0	30105.0	34105.0	99500.0	93553.0	8468.0	10415.0	26.7	20.1	36.2	29.1
2011-11-29	158826.0	30569.0	36539.0	102645.0	95012.0	8321.0	9984.0	26.3	19.5	35.6	28.1
2011-12-06	163752.0	32137.0	39958.0	103675.0	95726.0	9271.0	9399.0	26.0	19.6	34.9	27.5
2011-12-13	168846.0	34780.0	43947.0	106627.0	96800.0	9356.0	10016.0	26.1	18.5	35.8	26.7
2011-12-20	167249.0	34041.0	42583.0	105999.0	95747.0	9163.0	10873.0	25.5	19.0	34.8	27.0
2011-12-27	167753.0	32563.0	40166.0	106411.0	96948.0	9302.0	11162.0	24.7	20.1	35.5	28.6
2012-01-03	173382.0	34289.0	42032.0	108954.0	100466.0	9735.0	10480.0	24.0	19.4	34.8	27.6
2012-01-10	173305.0	33456.0	43176.0	109835.0	101121.0	10645.0	9639.0	24.4	18.9	34.4	27.2
2012-01-17	169999.0	31970.0	39932.0	109853.0	101256.0	9421.0	10056.0	24.8	19.1	34.1	27.4
2012-01-24	171519.0	31597.0	37810.0	109654.0	103921.0	10777.0	10297.0	24.8	17.6	33.1	26.4
2012-01-31	168576.0	28785.0	30958.0	109642.0	106526.0	10701.0	11644.0	25.0	18.5	33.1	26.2
2012-02-07	171438.0	27062.0	35731.0	113262.0	104256.0	10296.0	10633.0	24.4	18.0	32.4	26.1
2012-02-14	163322.0	28576.0	40726.0	110138.0	96836.0	8268.0	9420.0	25.8	17.7	34.3	26.7
2012-02-21	163032.0	28479.0	37155.0	107357.0	98015.0	9339.0	10005.0	25.7	20.0	35.2	30.1
2012-02-28	160743.0	29630.0	34017.0	104382.0	99888.0	9695.0	9802.0	26.0	22.5	35.9	32.8
2012-03-06	169390.0	30414.0	36415.0	110657.0	103867.0	9679.0	10468.0	25.4	23.1	34.9	32.7
2012-03-13	172125.0	30206.0	34036.0	108006.0	105565.0	11294.0	9905.0	23.8	22.0	33.6	31.4
2012-03-20	168406.0	29352.0	35046.0	107361.0	101041.0	9894.0	10520.0	25.2	20.9	35.3	30.4
2012-03-27	171898.0	31111.0	34285.0	104744.0	102229.0	11379.0	10720.0	24.3	22.0	33.6	31.7
2012-04-03	176650.0	31983.0	40565.0	109365.0	99579.0	11747.0	12951.0	24.4	20.1	33.4	28.7
2012-04-10	181142.0	29662.0	44616.0	113963.0	97234.0	11434.0	13209.0	24.3	18.3	33.2	26.5
2012-04-17	174362.0	30803.0	47113.0	114184.0	96156.0	8925.0	10643.0	25.9	19.7	35.1	28.8
2012-04-24	177449.0	29984.0	43715.0	114800.0	100771.0	9957.0	10255.0	24.8	20.7	35.0	29.9
2012-05-01	182207.0	30859.0	42004.0	115828.0	104886.0	9939.0	9736.0	24.1	20.7	34.0	29.5
2012-05-08	179723.0	31434.0	37657.0	112858.0	106962.0	9334.0	9007.0	24.1	21.5	33.5	31.0
2012-05-15	183330.0	31344.0	37055.0	115653.0	109627.0	9046.0	9361.0	23.7	21.2	33.5	30.7
2012-05-22	185050.0	31277.0	39214.0	117478.0	108478.0	8526.0	9589.0	23.1	20.9	32.3	30.2
2012-05-29	189385.0	30360.0	38395.0	122923.0	112435.0	9047.0	11500.0	22.6	19.7	31.5	27.7
2012-06-05	190254.0	30023.0	40901.0	122270.0	107765.0	8509.0	12136.0	21.9	19.0	30.8	27.8
2012-06-12	169564.0	29553.0	35244.0	109067.0	102384.0	9286.0	10278.0	24.0	21.9	32.8	32.6
2012-06-19	167650.0	32088.0	33768.0	106893.0	104313.0	9142.0	10042.0	24.3	23.1	34.0	34.5
2012-06-26	171773.0	31470.0	36147.0	109120.0	102856.0	9646.0	11233.0	24.8	21.8	34.5	33.3
2012-07-03	179152.0	39937.0	31206.0	105293.0	116746.0	11225.0	8503.0	23.7	21.8	32.9	36.2
2012-07-10	183393.0	42626.0	29302.0	106940.0	121963.0	10945.0	9246.0	22.9	22.1	33.4	36.0
2012-07-17	187321.0	44652.0	33853.0	110699.0	120515.0	10232.0	11215.0	23.4	20.5	34.1	33.6
2012-07-24	191275.0	44031.0	35186.0	111902.0	120149.0	9910.0	10508.0	22.8	19.7	33.7	32.4
2012-07-31	192084.0	45383.0	29660.0	106214.0	124568.0	12040.0	9409.0	22.1	20.5	32.7	34.9
2012-08-07	191277.0	49375.0	29796.0	100834.0	125804.0	12320.0	6929.0	22.0	22.6	32.6	37.1
2012-08-14	191078.0	55445.0	33470.0	99424.0	127352.0	13270.0	7317.0	22.9	23.0	33.6	37.7
2012-08-21	189241.0	60450.0	39601.0	95875.0	122401.0	12060.0	6383.0	22.8	24.5	33.8	39.2
2012-08-28	188496.0	59605.0	35592.0	94599.0	125699.0	13239.0	6152.0	22.5	23.9	33.9	39.0
2012-09-04	198410.0	61805.0	28187.0	96111.0	137955.0	13744.0	5518.0	21.3	23.5	31.8	37.6
2012-09-11	206445.0	62832.0	25212.0	97088.0	144098.0	14721.0	5331.0	20.6	24.1	31.0	37.5
2012-09-18	200599.0	56714.0	23455.0	96218.0	138161.0	14515.0	5831.0	21.1	24.0	31.4	37.3
2012-09-25	197859.0	54556.0	19167.0	93136.0	136986.0	15202.0	6741.0	20.8	24.7	30.9	38.3
2012-10-02	199186.0	54324.0	19453.0	95164.0	137518.0	10870.0	3387.0	21.5	23.0	31.1	36.9
2012-10-09	200313.0	54493.0	20683.0	93149.0	133836.0	13466.0	6589.0	21.2	22.8	31.3	36.4
2012-10-16	202707.0	55245.0	20335.0	94067.0	133704.0	13272.0	8545.0	21.2	22.2	30.7	35.5
2012-10-23	205414.0	52014.0	16781.0	97293.0	139660.0	13690.0	6556.0	20.5	21.5	28.8	34.7
2012-10-30	203930.0	52437.0	17873.0	96525.0	136556.0	13110.0	7643.0	21.5	20.8	29.6	34.5
2012-11-06	193492.0	50493.0	16437.0	95523.0	135804.0	14685.0	8460.0	22.5	22.1	30.6	36.3
2012-11-13	179701.0	49734.0	18209.0	86529.0	121034.0	13397.0	10417.0	24.5	22.8	34.1	37.7
2012-11-20	185392.0	56147.0	17136.0	88003.0	132232.0	11676.0	6458.0	23.5	23.8	32.0	38.6
2012-11-27	192742.0	59261.0	15907.0	89183.0	140056.0	14110.0	6591.0	22.5	24.8	31.0	39.7
2012-12-04	201382.0	65763.0	18134.0	89109.0	146287.0	14516.0	4967.0	21.3	25.5	29.0	40.2
2012-12-11	193803.0	61817.0	15254.0	88796.0	142067.0	12639.0	5931.0	22.5	26.2	30.0	41.1
2012-12-18	190913.0	60617.0	13903.0	87021.0	141014.0	12909.0	5630.0	22.7	26.7	30.2	41.2
2012-12-24	189131.0	58980.0	16209.0	90595.0	136410.0	11113.0	8069.0	23.6	25.6	31.4	39.6
2012-12-31	191122.0	59125.0	17886.0	90630.0	133709.0	11662.0	9822.0	23.4	25.0	31.2	38.5
2013-01-08	193555.0	58158.0	23208.0	90799.0	127599.0	11478.0	9628.0	22.7	23.9	30.0	36.9
2013-01-15	194674.0	57290.0	25319.0	90853.0	125299.0	12343.0	9868.0	22.9	22.9	30.5	36.0
2013-01-22	198728.0	56577.0	28003.0	92159.0	122845.0	13541.0	11429.0	23.5	22.0	31.2	34.8
2013-01-29	208369.0	58020.0	33025.0	97586.0	123177.0	12176.0	11580.0	23.9	19.1	31.5	30.7
2013-02-05	202479.0	56644.0	34838.0	97864.0	121256.0	12486.0	10900.0	24.0	18.5	31.9	30.2
2013-02-12	185678.0	56576.0	34431.0	90216.0	113281.0	11585.0	10665.0	26.7	20.0	35.3	32.4
2013-02-19	186934.0	59128.0	36389.0	88568.0	111207.0	11075.0	11175.0	28.2	20.0	36.5	31.7
2013-02-26	193185.0	61490.0	41590.0	90133.0	110394.0	11563.0	11202.0	27.7	19.6	35.5	30.4
2013-03-05	200892.0	64957.0	45397.0	94417.0	113859.0	12538.0	12656.0	27.0	19.0	34.8	29.4
2013-03-12	202471.0	65833.0	46320.0	93633.0	114258.0	12696.0	11584.0	27.0	19.2	34.7	30.3
2013-03-19	199309.0	68677.0	50287.0	95465.0	113779.0	11744.0	11820.0	27.9	19.6	35.8	31.1
2013-03-26	200766.0	66032.0	46627.0	98132.0	118811.0	12046.0	10772.0	27.4	20.5	34.9	31.1
2013-04-02	201608.0	65067.0	45133.0	99322.0	120738.0	12198.0	10716.0	27.2	20.0	34.4	30.5
2013-04-09	196358.0	61762.0	41540.0	94960.0	118082.0	12982.0	10082.0	28.0	19.5	35.2	30.1
2013-04-16	194623.0	65820.0	36393.0	93174.0	123472.0	9882.0	9011.0	27.5	21.6	34.5	33.0
2013-04-23	200670.0	69765.0	31417.0	91466.0	133416.0	11069.0	7467.0	26.9	23.4	34.7	35.1
2013-04-30	211436.0	79969.0	33111.0	89899.0	141372.0	11914.0	7299.0	25.3	24.5	32.8	35.9
2013-05-07	224357.0	86177.0	33352.0	89781.0	149824.0	14359.0	7141.0	23.0	24.9	30.3	36.8
2013-05-14	219769.0	83678.0	31129.0	89889.0	149566.0	13686.0	6558.0	23.8	25.2	32.3	36.7
2013-05-21	224131.0	84061.0	32893.0	90940.0	149696.0	14246.0	6658.0	23.0	24.3	32.2	36.8
2013-05-28	218635.0	78739.0	27832.0	92484.0	149539.0	12864.0	6716.0	24.0	24.6	33.6	35.6
2013-06-04	217046.0	78791.0	28070.0	92701.0	146637.0	12500.0	9285.0	23.0	23.0	33.1	33.1
2013-06-11	210543.0	76888.0	23771.0	89859.0	148917.0	14181.0	8240.0	21.2	24.5	32.0	35.5
2013-06-18	188065.0	72780.0	20826.0	81786.0	136719.0	9906.0	6927.0	23.8	26.8	35.0	38.6
2013-06-25	183124.0	71993.0	26469.0	80297.0	127257.0	9250.0	7814.0	25.1	27.4	36.1	38.0
2013-07-02	181096.0	68117.0	27978.0	82705.0	123563.0	10129.0	9410.0	26.4	25.6	35.8	36.4
2013-07-09	177073.0	62102.0	33529.0	82871.0	112018.0	10136.0	9562.0	26.6	23.7	36.5	34.5
2013-07-16	172899.0	58850.0	26529.0	82511.0	118393.0	11154.0	7593.0	26.9	24.0	36.0	34.8
2013-07-23	175935.0	59665.0	19985.0	82820.0	126696.0	10952.0	6756.0	25.5	25.2	34.1	36.6
2013-07-30	176785.0	61504.0	20564.0	80672.0	125849.0	11052.0	6815.0	25.9	24.8	34.1	36.9
2013-08-06	177633.0	64730.0	22019.0	74371.0	124535.0	13199.0	5746.0	25.9	25.7	33.8	37.1
2013-08-13	184378.0	75329.0	25115.0	73090.0	132175.0	14298.0	5427.0	26.5	26.0	34.2	37.6
2013-08-20	187034.0	82593.0	27185.0	71132.0	135204.0	13854.0	5190.0	26.0	27.1	34.6	40.0
2013-08-27	186878.0	84525.0	27142.0	70090.0	134024.0	12663.0	6112.0	26.3	25.8	36.0	38.8
2013-09-03	186400.0	85884.0	26686.0	69036.0	134703.0	12044.0	5575.0	26.2	25.9	36.1	38.2
2013-09-10	195916.0	89108.0	25220.0	69898.0	142035.0	14003.0	5754.0	24.9	26.1	33.8	38.2
2013-09-17	204637.0	93889.0	28046.0	71370.0	145569.0	13481.0	5125.0	24.2	24.9	32.8	36.8
2013-09-24	208062.0	95719.0	28088.0	71147.0	146988.0	13963.0	5753.0	23.9	24.2	32.9	36.1
2013-10-01	213078.0	100385.0	31233.0	70483.0	147387.0	13880.0	6128.0	22.6	23.8	31.6	35.4
2013-10-08	216211.0	100707.0	31353.0	72191.0	150359.0	15755.0	6941.0	21.8	24.3	30.9	35.8
2013-10-15	217964.0	103930.0	33174.0	73121.0	153176.0	15507.0	6208.0	21.6	24.6	31.1	36.8
2013-10-22	226213.0	108250.0	36846.0	75305.0	156490.0	16165.0	6384.0	21.5	24.3	31.0	36.7
2013-10-29	223683.0	108235.0	36042.0	73940.0	154953.0	15753.0	6933.0	22.3	23.2	31.9	36.0
2013-11-05	223952.0	110351.0	26245.0	71625.0	164664.0	15741.0	6808.0	22.0	25.7	31.6	38.0
2013-11-12	201834.0	100301.0	23252.0	68155.0	152065.0	13534.0	6673.0	23.3	27.2	33.3	39.5
2013-11-19	211675.0	105123.0	28830.0	68837.0	154484.0	14885.0	5531.0	22.2	27.4	31.6	39.5
2013-11-26	216171.0	107729.0	29844.0	69281.0	156367.0	15022.0	5821.0	21.6	26.4	31.3	38.1
2013-12-03	220371.0	108441.0	29186.0	70320.0	159775.0	15771.0	5571.0	20.9	27.0	30.3	38.0
2013-12-10	213305.0	109171.0	24893.0	63065.0	156037.0	14094.0	5400.0	19.7	27.5	29.3	39.0
2013-12-17	210836.0	105904.0	21022.0	63181.0	157210.0	13693.0	4546.0	18.9	29.0	28.6	41.0
2013-12-24	214434.0	106576.0	20445.0	62458.0	158788.0	15679.0	5480.0	18.4	28.1	27.8	40.1
2014-01-07	203512.0	101783.0	21272.0	66468.0	153096.0	11916.0	5799.0	18.8	29.0	28.1	40.9
2014-01-14	208191.0	100193.0	21396.0	66937.0	152976.0	12823.0	5581.0	18.3	28.5	27.0	39.8
2014-01-21	209790.0	101716.0	22818.0	67485.0	152566.0	12344.0	6161.0	18.1	27.2	26.9	38.5
2014-01-28	218855.0	104537.0	20909.0	67062.0	160257.0	14653.0	5086.0	17.7	27.3	26.5	39.5
2014-02-04	225470.0	109978.0	22800.0	71820.0	167234.0	14359.0	6123.0	17.6	27.0	26.7	39.7
2014-02-11	218752.0	106423.0	21400.0	69769.0	163652.0	14220.0	5360.0	17.7	26.3	27.1	38.6
2014-02-18	212800.0	106023.0	20528.0	65779.0	160118.0	13614.0	4770.0	18.3	26.7	28.0	39.1
2014-02-25	210010.0	103598.0	19643.0	68202.0	160350.0	12800.0	4607.0	18.8	26.6	29.0	38.3
2014-03-04	210599.0	103346.0	19754.0	69016.0	161369.0	13552.0	4791.0	18.9	26.1	29.0	38.7
2014-03-11	217952.0	107508.0	26910.0	68060.0	159576.0	15572.0	4654.0	18.0	26.7	27.9	38.9
2014-03-18	217565.0	106425.0	27698.0	68354.0	156787.0	14120.0	4414.0	17.9	25.9	27.8	38.2
2014-03-25	218570.0	102998.0	28536.0	70666.0	153800.0	13708.0	5036.0	18.5	25.2	28.1	37.3
2014-04-01	214614.0	102576.0	29005.0	71302.0	153417.0	13594.0	5050.0	19.4	24.4	29.0	36.6
2014-04-08	205636.0	97845.0	26393.0	70199.0	150927.0	14598.0	5322.0	21.1	26.6	30.9	40.3
2014-04-15	201784.0	94368.0	23491.0	71949.0	151195.0	12905.0	4536.0	21.7	27.9	31.4	41.6
2014-04-22	204472.0	94876.0	24189.0	72277.0	152690.0	13948.0	4222.0	21.6	27.7	31.0	41.4
2014-04-29	201758.0	88471.0	24549.0	77043.0	148839.0	12567.0	4693.0	22.1	26.8	32.1	39.6
2014-05-06	201857.0	85755.0	24126.0	79811.0	148290.0	11932.0	5082.0	21.3	27.6	31.2	39.6
2014-05-13	199900.0	82553.0	24743.0	80060.0	144034.0	11286.0	5122.0	21.3	27.7	30.8	38.9
2014-05-20	199030.0	80388.0	23741.0	82145.0	145698.0	11513.0	4607.0	21.6	27.3	31.2	38.4
2014-05-27	213850.0	87499.0	23010.0	83039.0	154512.0	12340.0	5356.0	19.1	27.2	28.6	38.1
2014-06-03	221904.0	92311.0	23216.0	80515.0	158612.0	14526.0	5524.0	17.4	28.0	27.0	38.8
2014-06-10	216022.0	99766.0	28449.0	73274.0	151894.0	13366.0	6063.0	16.4	27.0	26.4	37.5
2014-06-17	212417.0	103939.0	29948.0	69049.0	151815.0	14519.0	5744.0	16.5	30.0	26.9	41.0
2014-06-24	213844.0	105634.0	31356.0	69632.0	152564.0	14427.0	5773.0	17.1	30.3	27.7	40.6
2014-07-01	216548.0	105097.0	32145.0	71966.0	154562.0	15323.0	5679.0	17.4	30.7	28.0	41.8
2014-07-08	214199.0	104008.0	32101.0	69454.0	151369.0	15857.0	5849.0	17.7	30.2	28.1	41.5
2014-07-15	212827.0	103389.0	33216.0	69480.0	149853.0	16370.0	6170.0	18.1	29.4	27.8	41.0
2014-07-22	214708.0	103872.0	32882.0	71949.0	152882.0	15462.0	5519.0	18.5	29.6	28.2	41.3
2014-07-29	219245.0	109058.0	38564.0	70886.0	151894.0	16455.0	5941.0	17.6	31.9	27.0	42.8
2014-08-05	215045.0	113478.0	33560.0	66261.0	156269.0	15777.0	5687.0	19.2	32.7	29.4	44.7
2014-08-12	214215.0	117649.0	36512.0	65884.0	156373.0	15457.0	6105.0	20.0	33.8	29.9	46.3
2014-08-19	210063.0	116335.0	36035.0	66255.0	154663.0	13814.0	5706.0	21.1	34.4	31.5	47.5
2014-08-26	209294.0	114924.0	35623.0	67113.0	155135.0	14473.0	5752.0	20.9	34.2	31.5	47.5
2014-09-02	213642.0	117703.0	35678.0	66980.0	156919.0	13903.0	5989.0	20.7	34.0	30.6	47.0
2014-09-09	208885.0	112961.0	31307.0	68219.0	156459.0	12362.0	5776.0	20.5	33.0	30.5	46.1
2014-09-16	200772.0	104845.0	27096.0	67749.0	151305.0	12234.0	6427.0	20.9	33.2	30.7	45.8
2014-09-23	209913.0	104688.0	23905.0	72313.0	160115.0	13990.0	6971.0	19.4	33.7	28.6	45.0
2014-09-30	216801.0	110225.0	26800.0	72182.0	162154.0	13854.0	7307.0	18.8	34.4	27.6	45.7
2014-10-07	203687.0	96663.0	26267.0	73846.0	149119.0	11773.0	6896.0	19.2	32.1	28.8	43.6
2014-10-14	200006.0	90539.0	26115.0	75352.0	145555.0	12222.0	6443.0	18.5	32.7	28.3	44.3
2014-10-21	196589.0	86010.0	25464.0	75872.0	142212.0	12104.0	6310.0	18.8	32.0	28.3	43.7
2014-10-28	193167.0	77818.0	24350.0	79639.0	136462.0	10657.0	7302.0	18.0	30.4	27.3	41.8
2014-11-04	186064.0	72871.0	21700.0	78554.0	131626.0	10441.0	8540.0	18.5	29.4	27.5	40.5
2014-11-11	174426.0	67563.0	23695.0	78156.0	124881.0	10742.0	7885.0	19.8	33.1	29.3	44.1
2014-11-18	172714.0	65554.0	21472.0	76860.0	121419.0	8973.0	8496.0	20.8	32.1	30.4	43.1
2014-11-25	175856.0	71472.0	21388.0	72664.0	124082.0	9613.0	8279.0	19.0	33.0	29.0	43.9
2014-12-02	180195.0	71541.0	23051.0	74400.0	124340.0	9789.0	8339.0	18.6	32.4	28.5	43.5
2014-12-09	186988.0	71810.0	24949.0	81121.0	132103.0	10417.0	6296.0	17.8	32.5	28.1	43.5
2014-12-16	184338.0	70603.0	20877.0	80379.0	135047.0	10531.0	5589.0	17.8	31.9	28.1	42.6
2014-12-23	190360.0	78561.0	20640.0	79649.0	143412.0	11282.0	5440.0	17.0	34.8	26.8	45.3
2014-12-30	194115.0	81820.0	22768.0	79670.0	144689.0	11606.0	5639.0	16.6	35.2	26.3	45.2
2015-01-06	197299.0	82495.0	20101.0	81241.0	147690.0	10802.0	6747.0	17.3	34.2	26.7	44.4
2015-01-13	209171.0	89168.0	22655.0	79662.0	153876.0	13388.0	5687.0	16.8	33.7	26.2	43.9
2015-01-20	207704.0	89012.0	20802.0	78158.0	151659.0	11536.0	6245.0	17.4	33.1	26.8	43.6
2015-01-27	189249.0	68778.0	16204.0	88032.0	140458.0	9262.0	9410.0	20.8	28.8	30.5	38.5
2015-02-03	195184.0	65457.0	23317.0	93762.0	135168.0	8978.0	9712.0	21.0	24.2	30.0	33.5
2015-02-10	184374.0	59433.0	20261.0	89746.0	130101.0	10440.0	9257.0	20.2	22.3	28.8	33.2
2015-02-17	185820.0	61745.0	14977.0	87988.0	136555.0	9389.0	7590.0	19.1	23.9	28.3	34.9
2015-02-24	200520.0	75094.0	17962.0	90048.0	152394.0	11543.0	6329.0	16.2	25.7	25.4	36.6
2015-03-03	215131.0	83535.0	24667.0	92751.0	157323.0	13422.0	7718.0	16.0	25.9	23.9	37.0
2015-03-10	212400.0	83396.0	22304.0	89825.0	155139.0	12324.0	8102.0	15.6	26.1	24.2	36.7
2015-03-17	208504.0	72711.0	22300.0	100541.0	151487.0	11622.0	11087.0	18.8	24.9	26.4	35.7
2015-03-24	209278.0	65616.0	28987.0	106629.0	145559.0	11207.0	8906.0	19.2	22.6	27.2	33.9
2015-03-31	216001.0	64335.0	32494.0	112594.0	147485.0	11652.0	8602.0	18.8	20.4	26.6	31.2
2015-04-07	214176.0	59880.0	33898.0	114987.0	143424.0	10490.0	8035.0	18.3	19.1	25.8	30.2
2015-04-14	202022.0	64518.0	34936.0	105885.0	139279.0	10807.0	6995.0	19.0	21.9	27.3	33.4
2015-04-21	186384.0	60740.0	25916.0	97520.0	133847.0	9622.0	8119.0	21.0	25.2	29.9	37.9
2015-04-28	193087.0	63985.0	26696.0	96355.0	138019.0	11490.0	7115.0	20.0	26.1	28.4	38.2
2015-05-05	195453.0	63716.0	27993.0	97999.0	139086.0	12427.0	7063.0	19.8	26.5	28.1	39.1
2015-05-12	200173.0	69152.0	26919.0	96667.0	145383.0	13457.0	6974.0	18.8	28.1	26.6	41.5
2015-05-19	214859.0	83768.0	30628.0	95407.0	155721.0	14166.0	6992.0	17.5	31.0	25.6	43.6
2015-05-26	221934.0	88871.0	29749.0	94003.0	161406.0	15567.0	7286.0	17.1	32.6	25.5	44.9
2015-06-02	224336.0	90064.0	29518.0	94030.0	163696.0	15929.0	6809.0	16.2	33.1	24.4	45.0
2015-06-09	210891.0	90298.0	25613.0	88582.0	161060.0	14537.0	6744.0	17.2	37.6	25.8	49.9
2015-06-16	209843.0	94536.0	29314.0	85134.0	159775.0	15351.0	5932.0	17.2	39.0	25.8	51.8
2015-06-23	215213.0	98167.0	30783.0	84887.0	162609.0	15364.0	5026.0	16.3	39.3	25.1	51.7
2015-06-30	219185.0	97996.0	27933.0	85190.0	165970.0	15871.0	5154.0	15.9	39.8	25.2	51.9
2015-07-07	217524.0	98269.0	25281.0	84695.0	166277.0	15082.0	6488.0	16.1	39.2	25.9	51.1
2015-07-14	224273.0	100670.0	28356.0	81339.0	164622.0	16437.0	5468.0	15.5	36.7	24.8	48.0
2015-07-21	226233.0	101672.0	28119.0	80456.0	163291.0	15308.0	6026.0	15.4	35.5	24.2	46.4
2015-07-28	214402.0	94117.0	22223.0	77821.0	155348.0	12606.0	6973.0	15.7	32.4	24.8	43.1
2015-08-04	210376.0	91296.0	22725.0	75312.0	149069.0	13676.0	8490.0	15.6	31.7	24.3	42.0
2015-08-11	181077.0	72531.0	23192.0	78910.0	133435.0	12058.0	6872.0	18.1	29.9	27.2	40.6
2015-08-18	175480.0	68450.0	23717.0	79044.0	129397.0	11403.0	5783.0	19.7	27.7	29.5	39.1
2015-08-25	172690.0	65393.0	22665.0	78607.0	126404.0	10282.0	5213.0	20.1	27.2	30.0	39.4
2015-09-01	176190.0	66592.0	20932.0	78885.0	129509.0	10590.0	5626.0	19.4	28.9	28.3	41.0
2015-09-08	184226.0	71912.0	21832.0	77644.0	134058.0	11623.0	5289.0	17.8	29.5	26.4	40.6
2015-09-15	193821.0	74928.0	22691.0	80343.0	139702.0	12853.0	5731.0	16.9	28.1	24.7	38.5
2015-09-22	213628.0	77935.0	24700.0	88973.0	149732.0	13904.0	6380.0	15.1	25.7	22.1	35.1
2015-09-29	219477.0	76691.0	21206.0	91791.0	153385.0	13440.0	7331.0	14.5	22.5	21.3	31.4
2015-10-06	213077.0	66572.0	17453.0	95852.0	151617.0	12438.0	5792.0	14.3	21.4	21.1	30.1
2015-10-13	213757.0	62926.0	20737.0	98821.0	147664.0	12877.0	6223.0	14.5	20.5	21.0	28.5
2015-10-20	219306.0	63838.0	21307.0	100289.0	149847.0	13270.0	6243.0	13.9	23.0	20.7	30.5
2015-10-27	220893.0	63502.0	21178.0	102757.0	151445.0	13352.0	6988.0	13.6	22.5	20.4	29.8
2015-11-03	224684.0	72854.0	24469.0	97470.0	154116.0	14595.0	6334.0	13.0	26.2	19.7	34.1
2015-11-10	225919.0	82989.0	28566.0	91925.0	154038.0	14749.0	7059.0	13.7	26.2	20.7	34.3
2015-11-17	233700.0	99828.0	32089.0	81968.0	157116.0	13856.0	6447.0	13.7	29.6	20.9	38.0
2015-11-24	241947.0	106032.0	37554.0	84054.0	159526.0	14226.0	7232.0	12.8	28.5	20.4	36.7
2015-12-01	246943.0	108179.0	40439.0	84864.0	160659.0	14363.0	6308.0	12.5	27.4	19.9	36.0
2015-12-08	242561.0	108156.0	37090.0	83716.0	160981.0	13287.0	7088.0	11.4	28.6	19.3	37.5
2015-12-15	237262.0	107593.0	35530.0	78792.0	156711.0	13103.0	7247.0	11.4	29.2	19.2	38.1
2015-12-22	224794.0	90793.0	25983.0	81959.0	152040.0	11527.0	6256.0	12.1	26.6	19.3	35.6
2015-12-29	221804.0	86942.0	23737.0	82290.0	151778.0	12110.0	5827.0	12.4	26.0	19.4	35.2
2016-01-05	222486.0	80880.0	21529.0	84553.0	149094.0	12079.0	6889.0	13.3	25.0	20.4	34.2
2016-01-12	219892.0	76365.0	32917.0	89090.0	135783.0	11178.0	7933.0	14.8	24.7	22.4	34.5
2016-01-19	226605.0	72311.0	34657.0	97254.0	137096.0	11163.0	8975.0	15.2	23.6	22.4	33.9
2016-01-26	236396.0	76882.0	38196.0	106355.0	146695.0	10647.0	8993.0	15.8	23.7	23.0	33.8
2016-02-02	239603.0	76448.0	40366.0	104388.0	142417.0	11203.0	9256.0	15.8	25.6	22.9	36.3
2016-02-09	225354.0	70205.0	38751.0	106459.0	139412.0	10599.0	9100.0	16.3	24.0	23.5	35.4
2016-02-16	227359.0	66657.0	37137.0	109931.0	140548.0	9620.0	8523.0	16.3	20.7	23.7	32.5
2016-02-23	236692.0	67297.0	34299.0	114570.0	149621.0	10793.0	8740.0	16.6	21.4	23.6	33.1
2016-03-01	238761.0	67177.0	32481.0	110231.0	148350.0	11311.0	7888.0	16.8	21.9	23.9	33.5
2016-03-08	236257.0	63713.0	27322.0	108505.0	149328.0	12265.0	7833.0	16.6	23.8	24.2	35.0
2016-03-15	235299.0	65164.0	25568.0	105781.0	150567.0	13329.0	8139.0	16.8	25.7	24.2	36.4
2016-03-22	242761.0	66628.0	25465.0	108063.0	154919.0	13256.0	7563.0	15.7	25.1	23.0	35.7
2016-03-29	238510.0	66391.0	25586.0	109238.0	153773.0	12059.0	8329.0	15.6	25.0	23.2	35.2
2016-04-05	234720.0	70617.0	31162.0	105707.0	146915.0	10579.0	8826.0	15.7	25.0	23.6	36.0
2016-04-12	225819.0	71945.0	34313.0	98692.0	139381.0	10694.0	7637.0	16.3	26.3	25.0	37.8
2016-04-19	232194.0	76771.0	33802.0	98390.0	146442.0	11626.0	6543.0	15.7	27.3	24.5	38.5
2016-04-26	239023.0	82333.0	29827.0	97165.0	155401.0	12167.0	6437.0	15.0	28.8	23.1	40.6
2016-05-03	250904.0	90394.0	30626.0	95842.0	161628.0	12381.0	6363.0	14.1	28.8	22.0	40.2
2016-05-10	245287.0	88309.0	27611.0	98701.0	164117.0	11429.0	6711.0	14.1	29.9	22.1	40.7
2016-05-17	242102.0	83141.0	28776.0	100349.0	159727.0	12817.0	7804.0	15.3	26.2	23.2	36.9
2016-05-24	237330.0	71189.0	33758.0	108517.0	150379.0	12624.0	8193.0	15.6	22.9	24.2	33.5
2016-05-31	220225.0	66841.0	34780.0	109932.0	147185.0	12073.0	6881.0	16.4	23.8	25.1	34.5
2016-06-07	206203.0	65104.0	29986.0	101152.0	142145.0	13439.0	7564.0	17.0	24.1	24.7	34.7
2016-06-14	198008.0	69947.0	26356.0	91517.0	140230.0	11663.0	6541.0	18.4	26.7	26.0	37.6
2016-06-21	187149.0	68036.0	23835.0	85045.0	133659.0	10314.0	5901.0	18.7	27.8	26.6	39.1
2016-06-28	196474.0	73564.0	29173.0	86688.0	135862.0	11818.0	7035.0	16.6	26.9	24.8	38.3
2016-07-05	205072.0	77127.0	28197.0	91103.0	144841.0	11078.0	6270.0	15.8	27.6	24.9	37.8
2016-07-12	213944.0	78525.0	28469.0	94329.0	150129.0	12671.0	6927.0	15.3	26.6	24.3	37.0
2016-07-19	217124.0	76560.0	25453.0	93465.0	149442.0	12166.0	7296.0	15.0	25.8	22.9	35.5
2016-07-26	218588.0	74141.0	37009.0	97518.0	135728.0	10906.0	9828.0	16.1	20.4	24.1	30.7
2016-08-02	229453.0	79447.0	46449.0	103045.0	139005.0	10947.0	7985.0	17.3	21.0	25.2	30.2
2016-08-09	210891.0	68362.0	45985.0	98279.0	123675.0	11114.0	8095.0	17.6	16.4	26.1	26.2
2016-08-16	198224.0	70037.0	39391.0	92063.0	126308.0	10980.0	7381.0	17.9	19.0	26.4	29.3
2016-08-23	194897.0	74262.0	32017.0	85331.0	131442.0	10451.0	6585.0	17.4	23.0	26.3	34.2
2016-08-30	193120.0	74829.0	34871.0	84783.0	127835.0	10786.0	7692.0	19.4	23.3	28.7	34.8
2016-09-06	196846.0	74322.0	39375.0	88171.0	126059.0	11111.0	8170.0	19.6	22.1	28.3	33.2
2016-09-13	206611.0	68361.0	47708.0	101827.0	123824.0	11671.0	10327.0	21.5	21.1	30.1	30.8
2016-09-20	216181.0	67636.0	50465.0	111370.0	130282.0	11359.0	9618.0	19.8	18.7	28.4	27.8
2016-09-27	220380.0	72853.0	49673.0	112751.0	138012.0	11076.0	8995.0	19.1	20.4	27.7	29.6
2016-10-04	235123.0	75195.0	52642.0	122108.0	147476.0	12919.0	10104.0	19.3	21.9	27.2	30.7
2016-10-11	253437.0	82444.0	57351.0	131663.0	157289.0	11756.0	11223.0	20.7	20.1	28.0	29.1
2016-10-18	254290.0	85170.0	54524.0	128690.0	161447.0	13365.0	11254.0	20.7	22.7	28.4	31.9
2016-10-25	261863.0	87449.0	54895.0	125560.0	160762.0	13115.0	10467.0	19.3	22.5	26.8	31.5
2016-11-01	260081.0	89078.0	54416.0	120660.0	156582.0	12664.0	11404.0	19.8	22.1	27.0	31.3
2016-11-08	239219.0	83089.0	59512.0	120798.0	147116.0	13986.0	11245.0	26.0	24.6	34.2	33.7
2016-11-15	236765.0	81417.0	66020.0	123385.0	140614.0	12221.0	10389.0	26.2	24.3	35.0	33.7
2016-11-22	242224.0	78555.0	70423.0	126467.0	137903.0	12897.0	9593.0	23.6	22.5	32.8	32.0
2016-11-29	246969.0	80869.0	70836.0	127649.0	139872.0	12535.0	10345.0	23.4	22.5	32.5	31.8
2016-12-06	253550.0	76535.0	68696.0	136475.0	145787.0	12077.0	10604.0	21.5	21.7	30.5	30.8
2016-12-13	255302.0	70317.0	71732.0	145663.0	145200.0	11684.0	10732.0	19.4	20.1	28.4	28.9
2016-12-20	250327.0	65908.0	68186.0	144507.0	144257.0	12876.0	10848.0	19.9	22.0	28.0	30.9
2016-12-27	253726.0	64489.0	66102.0	146493.0	146279.0	12351.0	10952.0	19.6	22.1	27.6	31.1
2017-01-03	277169.0	63988.0	65806.0	160593.0	160962.0	13984.0	11797.0	18.2	20.9	26.0	29.1
2017-01-10	278267.0	63248.0	65611.0	158087.0	159300.0	14505.0	10929.0	17.9	20.5	24.9	28.7
2017-01-17	278653.0	66086.0	65256.0	152077.0	157598.0	15873.0	11182.0	17.3	21.8	24.6	29.8
2017-01-24	272785.0	66112.0	69449.0	146883.0	148846.0	16258.0	10958.0	16.0	19.0	23.6	27.5
2017-01-31	269059.0	67278.0	72903.0	143253.0	143072.0	16556.0	11112.0	15.9	16.9	23.9	25.8
