2005-01-04	380803.0	112848.0	54449.0	169629.0	264034.0	65229.0	29223.0	15.2	27.6	24.4	42.4
2005-01-11	353721.0	88567.0	54007.0	173118.0	233398.0	60787.0	35067.0	15.2	23.3	26.0	38.8
2005-01-18	350458.0	87229.0	48067.0	169792.0	235513.0	62319.0	35760.0	14.8	24.4	25.4	40.7
2005-01-25	374488.0	87156.0	41824.0	171882.0	251944.0	79782.0	45052.0	13.9	25.2	23.9	40.4
2005-02-01	421891.0	115232.0	36592.0	179996.0	303913.0	87646.0	42369.0	13.9	26.0	23.5	41.5
2005-02-08	400084.0	110227.0	32220.0	175234.0	292795.0	85717.0	46163.0	14.8	27.3	24.7	43.1
2005-02-15	389035.0	115045.0	29210.0	170914.0	302813.0	81935.0	35871.0	14.4	31.5	24.1	45.4
2005-02-22	381448.0	111817.0	30107.0	169551.0	290826.0	79650.0	40085.0	14.8	31.8	24.6	45.9
2005-03-01	360142.0	103081.0	33169.0	161061.0	265857.0	71321.0	36437.0	16.3	30.8	27.2	45.7
2005-03-08	349343.0	90029.0	37249.0	168939.0	249944.0	67202.0	38977.0	16.0	29.3	27.6	43.3
2005-03-15	359588.0	95023.0	26308.0	166408.0	267025.0	72094.0	40192.0	15.1	32.6	26.2	45.2
2005-03-22	358455.0	90117.0	28734.0	173477.0	257235.0	68706.0	46331.0	15.5	32.5	26.0	43.6
2005-03-29	352084.0	76093.0	44295.0	185709.0	230404.0	65540.0	52643.0	15.5	29.6	25.9	40.4
2005-04-05	363911.0	70850.0	63066.0	195661.0	215950.0	69481.0	56976.0	15.1	23.6	26.1	35.3
2005-04-12	354839.0	67311.0	83494.0	206630.0	196863.0	66348.0	59932.0	15.9	21.3	28.3	32.3
2005-04-19	349087.0	60310.0	94538.0	209539.0	188313.0	67088.0	54086.0	16.7	20.9	29.0	32.7
2005-04-26	350292.0	68313.0	98292.0	206677.0	189503.0	62026.0	49221.0	17.0	22.3	29.8	33.6
2005-05-03	345753.0	67882.0	99288.0	205682.0	183795.0	59194.0	49675.0	18.0	23.9	31.0	33.5
2005-05-10	353842.0	67619.0	103481.0	216525.0	184223.0	55559.0	51999.0	17.9	21.8	30.6	30.5
2005-05-17	358172.0	69484.0	102099.0	224674.0	190216.0	51483.0	53326.0	17.5	21.2	30.6	29.2
2005-05-24	359726.0	63485.0	97050.0	226782.0	200255.0	53592.0	46554.0	17.4	19.2	30.3	28.8
2005-05-31	363027.0	65730.0	91021.0	227152.0	211985.0	56466.0	46342.0	16.7	19.4	29.8	29.7
2005-06-07	361372.0	69678.0	85835.0	220235.0	222645.0	56277.0	37710.0	16.8	20.3	30.4	31.4
2005-06-14	352603.0	71371.0	68984.0	206194.0	229815.0	59370.0	38136.0	17.3	22.0	28.6	33.2
2005-06-21	369363.0	77192.0	59517.0	218336.0	258835.0	59766.0	36942.0	16.7	22.0	27.5	33.7
2005-06-28	385202.0	101092.0	64164.0	201414.0	261156.0	66797.0	43983.0	16.2	19.3	26.2	31.6
2005-07-05	376077.0	110689.0	54201.0	189854.0	268051.0	61021.0	39312.0	16.6	24.1	27.2	37.7
2005-07-12	394354.0	122431.0	53405.0	190355.0	286682.0	65155.0	37854.0	16.0	24.1	26.2	36.6
2005-07-19	410328.0	127970.0	46542.0	189988.0	300121.0	66738.0	38033.0	15.4	23.7	25.1	36.8
2005-07-26	424133.0	136830.0	40279.0	194195.0	324417.0	68686.0	35015.0	15.2	23.5	23.5	38.1
2005-08-02	452855.0	154747.0	42061.0	190137.0	340482.0	78818.0	41159.0	14.3	24.6	23.0	39.8
2005-08-09	489576.0	174115.0	51109.0	202135.0	357393.0	77092.0	44840.0	14.0	24.4	23.6	38.8
2005-08-16	472883.0	165801.0	51640.0	201579.0	346888.0	71726.0	40578.0	14.5	24.5	23.9	38.7
2005-08-23	465529.0	156348.0	49227.0	200520.0	341513.0	75623.0	41751.0	14.6	24.5	23.7	38.4
2005-09-06	483634.0	172346.0	42740.0	177810.0	336587.0	85421.0	56250.0	14.4	24.9	23.3	38.1
2005-09-13	468489.0	179403.0	31098.0	180774.0	367187.0	80204.0	42096.0	14.9	25.3	24.7	39.3
2005-09-20	486938.0	189775.0	31513.0	186716.0	377587.0	80937.0	48328.0	14.7	25.4	24.8	40.8
2005-09-27	460099.0	172305.0	33726.0	185478.0	360286.0	79417.0	43188.0	15.5	26.4	24.8	43.2
2005-10-04	458136.0	164891.0	34755.0	182075.0	345989.0	79632.0	45854.0	14.9	26.6	24.1	42.9
2005-10-11	456345.0	170785.0	36034.0	181854.0	353744.0	73646.0	36507.0	15.0	26.8	24.2	43.4
2005-10-18	475768.0	165611.0	39711.0	205379.0	374979.0	75134.0	31434.0	14.5	25.5	24.0	41.6
2005-10-25	472662.0	167350.0	37638.0	203848.0	371546.0	70297.0	32311.0	14.7	25.3	24.7	41.1
2005-11-01	460599.0	147414.0	31696.0	214568.0	357341.0	64655.0	37600.0	15.2	25.3	24.5	39.9
2005-11-08	464156.0	142067.0	33967.0	219229.0	357724.0	66594.0	36199.0	15.3	24.9	24.5	38.9
2005-11-15	475030.0	146268.0	35740.0	220621.0	366003.0	69352.0	34498.0	15.1	24.8	23.2	38.2
2005-11-22	488989.0	147482.0	35343.0	232583.0	383333.0	71410.0	32799.0	14.7	25.1	23.3	38.6
2005-11-29	500572.0	149403.0	32307.0	233359.0	389529.0	75394.0	36320.0	14.6	25.5	23.6	38.1
2005-12-06	517813.0	147922.0	32498.0	246456.0	401665.0	79132.0	39347.0	14.5	25.0	23.1	37.2
2005-12-13	519427.0	136727.0	33005.0	254514.0	402749.0	82800.0	38287.0	15.3	25.3	24.6	37.8
2005-12-20	527468.0	129330.0	31772.0	273724.0	413693.0	80771.0	38360.0	16.9	25.6	25.9	38.4
2005-12-27	532810.0	125167.0	36033.0	280157.0	414231.0	79408.0	34468.0	17.3	24.8	26.2	38.1
2006-01-03	532712.0	132491.0	38804.0	275312.0	407563.0	75573.0	37009.0	16.6	24.5	25.9	36.7
2006-01-10	536758.0	133129.0	41978.0	278782.0	405570.0	71795.0	36158.0	16.7	23.8	25.8	35.2
2006-01-17	531625.0	131518.0	34304.0	267303.0	402447.0	80191.0	42261.0	15.1	24.7	23.9	36.4
2006-01-24	507294.0	124501.0	35815.0	270728.0	399233.0	75663.0	35844.0	16.0	25.8	25.0	38.4
2006-01-31	518793.0	119581.0	37750.0	277705.0	399312.0	78663.0	38887.0	16.3	25.4	25.4	37.8
2006-02-07	516881.0	120658.0	33240.0	289515.0	411633.0	68873.0	34173.0	16.0	25.4	25.0	38.5
2006-02-14	496280.0	112496.0	29540.0	277240.0	395481.0	68158.0	32873.0	14.9	26.5	24.3	40.0
2006-02-21	487329.0	111957.0	32834.0	282019.0	389089.0	60100.0	32153.0	15.6	27.2	24.6	40.4
2006-02-28	464326.0	107994.0	36234.0	269899.0	371315.0	57899.0	28243.0	16.6	26.1	25.0	39.2
2006-03-07	458466.0	105980.0	34106.0	267024.0	370440.0	56474.0	24932.0	17.1	27.4	25.6	39.9
2006-03-14	454610.0	105243.0	32187.0	266065.0	367714.0	56459.0	27866.0	17.2	27.2	26.1	39.4
2006-03-21	462834.0	106525.0	33655.0	264441.0	372739.0	64409.0	28981.0	16.9	27.2	25.3	39.5
2006-03-28	479103.0	107516.0	33112.0	261107.0	375687.0	76639.0	36463.0	16.4	28.9	24.4	40.9
2006-04-04	487062.0	115542.0	28351.0	256135.0	385550.0	78098.0	35874.0	16.4	29.6	24.6	41.7
2006-04-11	475643.0	117223.0	28140.0	251562.0	374180.0	74732.0	41197.0	16.6	28.0	25.2	40.6
2006-04-18	460723.0	104045.0	21675.0	255378.0	375535.0	78599.0	40812.0	17.0	30.1	26.0	41.5
2006-04-25	475389.0	101262.0	25467.0	270242.0	368224.0	70872.0	48685.0	17.4	28.1	26.2	39.0
2006-05-02	477939.0	101646.0	25508.0	268982.0	375165.0	72014.0	41969.0	18.0	29.8	27.1	41.0
2006-05-09	491563.0	109170.0	31885.0	272478.0	383156.0	75765.0	42372.0	18.1	28.4	27.0	39.5
2006-05-16	496944.0	113003.0	35015.0	274889.0	382468.0	72790.0	43199.0	17.9	27.9	26.9	38.9
2006-05-23	490923.0	99567.0	38142.0	282537.0	365695.0	68031.0	46298.0	18.6	25.7	27.5	36.2
2006-05-30	485191.0	99708.0	42126.0	279360.0	355031.0	65238.0	47149.0	18.9	25.6	27.9	35.7
2006-06-06	481640.0	96537.0	37700.0	274786.0	340439.0	65173.0	58357.0	17.4	25.5	26.2	35.8
2006-06-13	455791.0	93720.0	37233.0	272963.0	335529.0	57626.0	51547.0	18.3	25.0	27.2	37.7
2006-06-20	448012.0	92870.0	34518.0	261112.0	334802.0	60039.0	44701.0	18.4	27.3	26.8	39.9
2006-06-27	433368.0	92724.0	36128.0	250829.0	321370.0	62440.0	48495.0	19.2	27.3	28.2	39.9
2006-07-03	427937.0	90999.0	38281.0	247477.0	321409.0	61082.0	39868.0	19.3	26.8	29.0	39.2
2006-07-11	455705.0	97847.0	46897.0	257392.0	340989.0	66967.0	34320.0	18.7	26.6	29.0	38.7
2006-07-18	462175.0	98625.0	45237.0	262315.0	335371.0	61883.0	42215.0	19.0	25.5	29.5	38.1
2006-07-25	464034.0	95546.0	40319.0	261164.0	331733.0	61665.0	46323.0	19.3	27.2	29.7	38.9
2006-08-01	469125.0	97723.0	48628.0	264976.0	325020.0	58928.0	47979.0	19.3	26.7	29.9	37.6
2006-08-08	472069.0	88709.0	51235.0	278997.0	319044.0	55407.0	52834.0	19.0	26.6	29.4	36.6
2006-08-15	479535.0	88311.0	57226.0	286859.0	320570.0	58029.0	55403.0	18.2	26.8	27.5	36.3
2006-08-22	476171.0	87551.0	61322.0	281967.0	309557.0	59171.0	57810.0	19.2	26.6	28.0	35.7
2006-08-29	494058.0	89986.0	63434.0	294374.0	319803.0	60475.0	61598.0	18.6	25.1	27.3	33.7
2006-09-05	505361.0	95058.0	73453.0	300001.0	325262.0	64575.0	60919.0	19.0	24.6	27.8	32.8
2006-09-12	510361.0	97243.0	64408.0	308603.0	338989.0	63950.0	66399.0	18.6	24.3	27.8	32.0
2006-09-19	500233.0	96650.0	56701.0	298486.0	339866.0	59413.0	57982.0	18.3	24.9	27.7	32.6
2006-09-26	473478.0	91428.0	56474.0	289562.0	324474.0	51074.0	51116.0	20.0	24.3	29.3	32.6
2006-10-03	432984.0	90108.0	61469.0	252811.0	277201.0	51613.0	55862.0	21.5	23.4	31.9	33.9
2006-10-10	436978.0	90259.0	58022.0	262729.0	285758.0	45470.0	54678.0	21.1	22.0	31.6	31.7
2006-10-17	455127.0	94475.0	52881.0	268745.0	306162.0	51760.0	55937.0	19.7	23.0	29.7	32.4
2006-10-24	457173.0	90993.0	55833.0	277490.0	310277.0	52306.0	54679.0	19.6	22.9	29.7	31.9
2006-10-31	472934.0	91922.0	58402.0	288777.0	322094.0	55104.0	55307.0	19.1	20.8	28.7	29.6
2006-11-07	487900.0	91596.0	63948.0	298770.0	332207.0	60272.0	54483.0	18.5	20.3	27.9	29.3
2006-11-14	500291.0	87770.0	58243.0	308911.0	343666.0	61754.0	56526.0	17.0	18.7	26.2	27.0
2006-11-21	507837.0	82442.0	60819.0	321263.0	349087.0	60026.0	53825.0	16.4	18.3	25.3	25.9
2006-11-28	524037.0	85511.0	58689.0	328351.0	366110.0	63713.0	52776.0	16.1	18.5	24.8	26.9
2006-12-05	550143.0	86166.0	59893.0	338149.0	380257.0	71360.0	55525.0	15.7	19.0	23.8	27.4
2006-12-12	564627.0	90543.0	70809.0	342861.0	370785.0	79968.0	71778.0	15.7	18.1	24.2	25.8
2006-12-19	567027.0	92404.0	64467.0	350233.0	380297.0	68783.0	66656.0	15.7	17.3	24.1	24.5
2006-12-26	571200.0	94206.0	64825.0	353111.0	397140.0	66732.0	52084.0	15.6	17.0	24.0	25.0
2007-01-03	583572.0	94032.0	74777.0	361281.0	389655.0	66135.0	57016.0	15.4	16.0	23.8	23.2
2007-01-09	597980.0	89577.0	88240.0	373492.0	375307.0	68631.0	68153.0	15.7	14.8	24.1	21.1
2007-01-16	627005.0	87024.0	105352.0	407062.0	387169.0	70497.0	72062.0	17.6	14.0	26.3	20.7
2007-01-23	654555.0	92993.0	106668.0	423001.0	405691.0	69161.0	72796.0	17.1	13.6	25.6	20.3
2007-01-30	678454.0	92417.0	118375.0	434050.0	407352.0	76647.0	77387.0	16.6	13.0	24.9	18.9
2007-02-06	703998.0	93228.0	130673.0	450896.0	415539.0	81548.0	79460.0	16.2	12.4	24.3	18.3
2007-02-13	702692.0	90488.0	133457.0	478204.0	439874.0	75562.0	70923.0	18.8	13.4	28.8	20.4
2007-02-20	697049.0	92825.0	112286.0	466651.0	446954.0	78644.0	78880.0	17.8	13.6	27.9	21.0
2007-02-27	668314.0	100054.0	112790.0	437180.0	431212.0	77154.0	70386.0	17.6	14.3	26.4	21.9
2007-03-06	650161.0	106147.0	88657.0	432535.0	463856.0	61354.0	47523.0	18.6	15.2	28.1	23.7
2007-03-13	647824.0	103059.0	91274.0	423364.0	453695.0	69729.0	51183.0	18.9	14.1	28.5	22.5
2007-03-20	651751.0	106745.0	114883.0	418241.0	420583.0	67943.0	57463.0	18.8	14.3	28.6	23.0
2007-03-27	654751.0	108762.0	132440.0	408078.0	397750.0	78165.0	64815.0	18.8	13.9	28.5	22.8
2007-04-03	667293.0	113502.0	141889.0	422111.0	404878.0	71891.0	60737.0	17.8	14.1	27.3	23.1
2007-04-10	677356.0	117973.0	157873.0	428251.0	399973.0	76855.0	65233.0	17.4	14.5	26.8	23.4
2007-04-17	683697.0	123233.0	151786.0	436638.0	417823.0	76089.0	66351.0	17.1	15.1	27.0	23.6
2007-04-24	692549.0	122875.0	163614.0	459325.0	425139.0	66471.0	59918.0	18.1	15.3	28.9	23.8
2007-05-01	708275.0	133619.0	169092.0	452606.0	421546.0	70373.0	65960.0	20.6	16.8	31.0	24.9
2007-05-08	716356.0	141514.0	177947.0	456438.0	424649.0	65310.0	60666.0	20.1	16.6	30.4	24.7
2007-05-15	737950.0	136675.0	186135.0	473132.0	426794.0	73095.0	69973.0	19.3	16.9	28.3	24.7
2007-05-22	756122.0	138950.0	179973.0	481389.0	446989.0	73565.0	66942.0	18.4	17.1	26.5	24.5
2007-05-29	762392.0	135655.0	168003.0	484966.0	467120.0	78148.0	63646.0	18.0	17.3	26.1	24.6
2007-06-05	752655.0	144134.0	173329.0	460856.0	462105.0	93867.0	63423.0	14.9	16.4	23.1	23.8
2007-06-12	688475.0	149113.0	140044.0	415441.0	432500.0	77247.0	69257.0	16.2	17.4	23.7	25.0
2007-06-19	678521.0	136826.0	145534.0	422125.0	424327.0	70104.0	59194.0	17.4	16.7	26.6	26.5
2007-06-26	667014.0	142745.0	141670.0	410418.0	418690.0	64250.0	57053.0	17.0	14.0	24.9	23.0
2007-07-03	653368.0	144707.0	154414.0	400676.0	398091.0	60245.0	53123.0	18.3	13.7	27.9	22.5
2007-07-10	660083.0	148132.0	148186.0	394592.0	410796.0	68782.0	52524.0	17.0	13.2	25.5	21.6
2007-07-17	667540.0	154025.0	149956.0	391486.0	420043.0	77844.0	53356.0	16.9	13.2	25.6	21.9
2007-07-24	707122.0	160746.0	137915.0	425760.0	477249.0	79139.0	50481.0	17.9	17.0	26.9	26.8
2007-07-31	692159.0	155102.0	130804.0	429469.0	482156.0	61081.0	32692.0	18.9	18.1	28.1	28.1
2007-08-07	673537.0	141417.0	129519.0	427829.0	459659.0	53269.0	33337.0	17.8	15.8	27.1	26.0
2007-08-14	670317.0	130836.0	146977.0	428411.0	427338.0	61218.0	46150.0	16.2	13.7	25.5	22.8
2007-08-21	656899.0	129410.0	161530.0	412385.0	391245.0	63887.0	52907.0	16.1	13.3	25.4	22.1
2007-08-28	652372.0	132737.0	141856.0	400395.0	400601.0	61983.0	52658.0	15.9	13.3	25.1	22.5
2007-09-04	666553.0	132910.0	141956.0	404105.0	404022.0	65534.0	56571.0	16.1	13.0	25.5	22.8
2007-09-11	666459.0	131293.0	151255.0	407868.0	396125.0	72042.0	63823.0	15.0	13.4	24.1	22.9
2007-09-18	641961.0	126274.0	152873.0	408335.0	383819.0	72101.0	70018.0	17.5	13.3	27.0	23.3
2007-09-25	652652.0	140893.0	124212.0	397581.0	432859.0	77852.0	59255.0	17.5	15.3	27.3	25.3
2007-10-02	631152.0	143845.0	119434.0	385103.0	427549.0	70114.0	52079.0	18.4	16.0	28.7	27.1
2007-10-09	628448.0	144162.0	110658.0	385123.0	429456.0	65694.0	54865.0	18.6	20.6	28.9	31.3
2007-10-16	679933.0	177201.0	114255.0	390916.0	474334.0	73905.0	53433.0	17.3	26.5	27.1	36.6
2007-10-23	718923.0	204370.0	109746.0	394200.0	514913.0	80047.0	53958.0	16.9	29.9	26.4	39.5
2007-10-30	744436.0	208057.0	102614.0	406889.0	527147.0	94280.0	79465.0	16.4	29.5	25.8	39.1
2007-11-06	767239.0	211401.0	101038.0	439017.0	574867.0	83603.0	58116.0	17.6	32.3	26.8	41.8
2007-11-13	760732.0	210948.0	118341.0	436100.0	552276.0	80523.0	56954.0	17.5	28.5	27.0	38.3
2007-11-20	762153.0	217422.0	137702.0	426962.0	522119.0	83469.0	68032.0	17.8	24.8	27.1	34.9
2007-11-27	763423.0	219295.0	154700.0	432276.0	510389.0	78718.0	65200.0	17.5	22.7	26.6	32.8
2007-12-04	784065.0	222154.0	140130.0	448486.0	542027.0	80832.0	69315.0	17.2	26.2	27.0	36.0
2007-12-11	809937.0	241643.0	120638.0	434854.0	582918.0	93007.0	65948.0	16.6	27.2	26.7	37.2
2007-12-18	846919.0	258778.0	123398.0	447413.0	617861.0	97464.0	62396.0	15.3	23.8	25.1	34.4
2007-12-24	861893.0	268865.0	111961.0	451812.0	650681.0	91852.0	49887.0	15.4	22.5	25.2	34.4
2007-12-31	911735.0	298496.0	108338.0	458167.0	697355.0	102712.0	53682.0	14.1	24.5	23.4	35.4
2008-01-08	987380.0	323222.0	102479.0	471493.0	757236.0	121268.0	56268.0	14.1	27.7	22.5	37.3
2008-01-15	1079223.0	352969.0	112177.0	521402.0	828479.0	134589.0	68304.0	15.5	29.2	23.8	38.5
2008-01-22	1082347.0	299286.0	111554.0	554072.0	794030.0	138595.0	86369.0	16.0	19.3	24.1	31.0
2008-01-29	1032775.0	278874.0	109583.0	541554.0	770015.0	117522.0	58352.0	18.1	19.7	26.7	31.7
2008-02-05	1047013.0	279191.0	109743.0	542826.0	777683.0	125196.0	59787.0	19.0	18.5	26.9	31.1
2008-02-12	979085.0	253006.0	90594.0	543496.0	769528.0	105300.0	41680.0	19.6	20.2	28.1	33.0
2008-02-19	990766.0	255432.0	80743.0	529350.0	776633.0	119426.0	46832.0	19.9	22.3	28.7	35.8
2008-02-26	1035771.0	260423.0	66860.0	546356.0	812572.0	125460.0	52807.0	18.9	21.2	27.7	35.6
2008-03-04	1013151.0	256948.0	63240.0	524694.0	788915.0	116295.0	45782.0	19.2	22.6	28.2	36.9
2008-03-11	992877.0	235940.0	61670.0	533022.0	774076.0	110953.0	44169.0	19.6	23.2	29.4	36.6
2008-03-18	969316.0	226311.0	71880.0	540907.0	750942.0	97552.0	41948.0	18.8	22.9	29.1	36.2
2008-03-25	938200.0	227408.0	59598.0	533771.0	742087.0	76344.0	35838.0	19.0	23.7	28.7	36.9
2008-04-01	942202.0	222372.0	59629.0	547449.0	745988.0	78783.0	42987.0	18.5	22.9	28.1	35.6
2008-04-08	942271.0	230019.0	71828.0	550978.0	752053.0	79288.0	36404.0	18.5	23.1	28.5	35.6
2008-04-15	935180.0	225366.0	64478.0	536767.0	747900.0	97444.0	47199.0	19.0	24.3	31.2	38.7
2008-04-22	940824.0	229248.0	64648.0	541117.0	753568.0	94376.0	46525.0	18.9	24.1	30.8	38.7
2008-04-29	931913.0	230079.0	66854.0	538991.0	735015.0	78497.0	45698.0	18.9	23.4	30.7	38.2
2008-05-06	920281.0	228131.0	81564.0	534316.0	713277.0	80918.0	48524.0	19.2	23.3	31.1	37.6
2008-05-13	915914.0	228781.0	79991.0	536209.0	710871.0	82166.0	56294.0	19.3	23.2	31.3	37.0
2008-05-20	911360.0	222873.0	80760.0	536338.0	701529.0	81461.0	58383.0	18.4	22.2	30.4	36.0
2008-05-27	911824.0	217598.0	86826.0	537172.0	680241.0	86302.0	74005.0	18.3	20.7	30.2	33.8
2008-06-03	913262.0	217099.0	103881.0	557274.0	683751.0	63864.0	50605.0	17.9	20.6	29.0	33.5
2008-06-10	919064.0	214310.0	102541.0	556691.0	683786.0	69727.0	54401.0	15.4	20.0	26.9	32.8
2008-06-17	867641.0	209243.0	84760.0	517457.0	660039.0	71991.0	53892.0	16.1	20.8	28.5	34.6
2008-06-24	845025.0	209878.0	79686.0	494083.0	649069.0	76116.0	51322.0	16.2	21.5	28.9	36.6
2008-07-01	833013.0	213381.0	77048.0	472884.0	641700.0	80929.0	48446.0	16.3	22.2	29.1	36.8
2008-07-08	824423.0	217140.0	74124.0	461191.0	638134.0	75118.0	41191.0	16.6	23.4	29.7	38.5
2008-07-15	819033.0	201397.0	74336.0	452804.0	616984.0	89557.0	52438.0	16.8	23.0	29.7	36.8
2008-07-22	803153.0	197654.0	79345.0	452582.0	589529.0	76478.0	57840.0	17.3	22.0	30.0	35.5
2008-07-29	784213.0	196729.0	84360.0	448214.0	578504.0	67299.0	49378.0	17.6	22.3	30.2	35.8
2008-08-05	791850.0	196362.0	67716.0	439195.0	593624.0	78013.0	52230.0	17.3	22.7	29.8	36.7
2008-08-12	793410.0	205779.0	67120.0	432207.0	599786.0	78680.0	49760.0	17.1	22.7	29.2	37.0
2008-08-19	806590.0	203500.0	69988.0	442535.0	603397.0	84321.0	56971.0	17.2	21.9	29.2	35.8
2008-08-26	821181.0	216015.0	66196.0	439385.0	623410.0	87088.0	52882.0	16.9	22.1	28.9	36.3
2008-09-02	821014.0	199753.0	65931.0	455735.0	616843.0	91577.0	64291.0	16.9	20.8	28.5	35.1
2008-09-09	811862.0	195303.0	63996.0	458576.0	605253.0	80645.0	65275.0	17.0	18.8	28.0	33.1
2008-09-16	781317.0	175630.0	65657.0	462566.0	577778.0	79756.0	74517.0	17.0	19.3	29.1	33.0
2008-09-23	735931.0	164057.0	58318.0	444834.0	559685.0	69368.0	60256.0	16.6	19.2	28.9	32.0
2008-09-30	705350.0	164701.0	58676.0	425091.0	533133.0	55532.0	53515.0	17.3	19.0	29.0	31.5
2008-10-07	677691.0	160122.0	70144.0	404195.0	490407.0	54828.0	58594.0	16.4	20.1	28.6	30.0
2008-10-14	674397.0	159696.0	68485.0	400890.0	485506.0	56009.0	62604.0	15.9	18.2	26.8	27.9
2008-10-21	658642.0	160888.0	67370.0	388061.0	475706.0	53001.0	58874.0	15.4	17.9	26.0	27.4
2008-10-28	642909.0	162522.0	69150.0	378815.0	465803.0	51002.0	57386.0	15.7	15.9	25.8	24.9
2008-11-04	634133.0	153966.0	56059.0	376745.0	474999.0	52893.0	52546.0	15.7	16.8	26.3	25.7
2008-11-11	638692.0	152787.0	59708.0	381614.0	473708.0	54386.0	55371.0	15.5	16.0	26.2	24.4
2008-11-18	635658.0	151500.0	56904.0	375091.0	466304.0	56182.0	59565.0	15.5	15.8	26.2	23.8
2008-11-25	632433.0	150744.0	51166.0	368343.0	470234.0	57994.0	55681.0	15.2	16.6	25.8	24.8
2008-12-02	641098.0	153817.0	50021.0	373983.0	477823.0	59675.0	59631.0	14.7	16.2	24.6	24.4
2008-12-09	652211.0	148137.0	70940.0	388690.0	461515.0	61227.0	65599.0	13.7	14.0	23.1	21.4
2008-12-16	641129.0	146248.0	58399.0	385398.0	474338.0	55912.0	54821.0	12.7	14.5	22.1	22.4
2008-12-22	637493.0	146555.0	63041.0	386589.0	463712.0	52350.0	58741.0	13.0	14.5	22.6	22.6
2008-12-30	642954.0	150741.0	68202.0	383994.0	461584.0	53808.0	58757.0	12.8	14.3	22.2	22.3
2009-01-06	666642.0	150287.0	56836.0	388328.0	490963.0	62722.0	53538.0	11.9	15.5	21.0	23.7
2009-01-13	656268.0	159608.0	52010.0	373008.0	482012.0	59275.0	57869.0	11.9	14.5	19.7	22.7
2009-01-20	660157.0	166035.0	52366.0	367988.0	489040.0	62159.0	54776.0	11.3	13.3	18.9	21.4
2009-01-27	670233.0	174066.0	46320.0	359636.0	500465.0	68291.0	55208.0	10.3	14.8	17.1	22.1
2009-02-03	673225.0	177579.0	44349.0	351760.0	497138.0	70728.0	58580.0	10.4	13.6	16.9	21.2
2009-02-10	660712.0	185745.0	38835.0	333895.0	500197.0	79863.0	60471.0	10.5	15.0	17.2	23.2
2009-02-17	663396.0	172933.0	29614.0	351459.0	506834.0	78954.0	66898.0	10.2	14.4	17.0	22.4
2009-02-24	630334.0	169881.0	32895.0	340018.0	491795.0	63826.0	49035.0	11.0	15.1	18.1	23.6
2009-03-03	609768.0	166316.0	35472.0	324413.0	465496.0	63208.0	52969.0	11.2	17.2	18.8	25.2
2009-03-10	608699.0	157005.0	33120.0	335378.0	461352.0	60765.0	58676.0	11.4	16.5	18.4	24.6
2009-03-17	633731.0	163399.0	32962.0	350122.0	482090.0	59682.0	58151.0	11.6	16.7	18.2	24.8
2009-03-24	687367.0	174677.0	19358.0	378943.0	540509.0	65182.0	58935.0	12.0	15.4	18.6	23.8
2009-03-31	690705.0	174129.0	33479.0	389661.0	531729.0	62175.0	60757.0	11.6	13.1	18.5	20.7
2009-04-07	694611.0	166016.0	38731.0	407073.0	531939.0	61977.0	64396.0	11.4	13.7	18.1	21.1
2009-04-14	691100.0	171440.0	35612.0	393431.0	533574.0	61668.0	57353.0	12.2	13.9	19.0	21.1
2009-04-21	669629.0	166357.0	39843.0	378291.0	515270.0	61801.0	51336.0	12.2	14.1	19.4	21.3
2009-04-28	657562.0	173174.0	32416.0	356070.0	517164.0	65623.0	45287.0	12.3	15.6	19.9	23.6
2009-05-05	674992.0	192968.0	25957.0	335245.0	539017.0	78162.0	41401.0	12.3	19.9	20.1	29.0
2009-05-12	687013.0	202492.0	30788.0	329660.0	541608.0	80377.0	40133.0	12.1	21.3	20.0	31.3
2009-05-19	708649.0	204435.0	32957.0	336047.0	547796.0	83734.0	43463.0	12.0	19.3	19.7	29.3
2009-05-26	736002.0	218839.0	34299.0	344037.0	569740.0	85352.0	44189.0	11.8	19.2	19.6	29.2
2009-06-02	772821.0	208565.0	36473.0	379238.0	591627.0	85203.0	44906.0	11.8	16.5	19.1	26.5
2009-06-09	779588.0	205554.0	41457.0	400054.0	604757.0	79616.0	39010.0	11.5	15.6	18.7	25.3
2009-06-16	761633.0	189204.0	29834.0	408560.0	589990.0	74315.0	52255.0	12.0	15.6	19.7	24.8
2009-06-23	760753.0	195613.0	28965.0	410845.0	609889.0	78445.0	46049.0	12.9	18.5	20.6	28.1
2009-06-30	743415.0	206503.0	26705.0	375849.0	590659.0	78420.0	43408.0	12.1	17.9	20.0	27.1
2009-07-07	715138.0	201957.0	27524.0	352148.0	560130.0	78892.0	45343.0	12.4	16.4	20.5	26.0
2009-07-14	719402.0	198816.0	31837.0	351888.0	552152.0	79952.0	46667.0	12.4	15.5	20.3	24.9
2009-07-21	730464.0	205359.0	30913.0	358788.0	566909.0	81409.0	47734.0	12.3	15.8	20.1	25.5
2009-07-28	772299.0	226762.0	28918.0	373817.0	612877.0	84161.0	42945.0	11.7	15.7	18.8	25.8
2009-08-04	793279.0	236859.0	30529.0	380379.0	629784.0	87252.0	44177.0	11.2	16.4	18.2	26.6
2009-08-11	846179.0	215439.0	45630.0	442741.0	661517.0	91858.0	42891.0	11.2	15.6	18.3	25.7
2009-08-18	838179.0	216697.0	38751.0	433330.0	657315.0	86823.0	40784.0	12.5	16.6	19.4	27.2
2009-08-25	849868.0	213468.0	43633.0	446982.0	662656.0	85926.0	40087.0	12.6	15.4	19.3	26.6
2009-09-01	864670.0	212808.0	37794.0	455914.0	676017.0	85893.0	40804.0	12.5	16.1	18.9	27.3
2009-09-08	852078.0	208155.0	44051.0	469934.0	663491.0	72057.0	42604.0	14.3	16.6	21.5	27.9
2009-09-15	824750.0	212412.0	39699.0	449554.0	657107.0	75081.0	40241.0	14.8	16.8	22.6	28.4
2009-09-22	800087.0	224105.0	37347.0	438487.0	644478.0	59649.0	40416.0	14.1	15.8	22.3	27.4
2009-09-29	784699.0	227458.0	26754.0	403249.0	638044.0	72400.0	38309.0	12.5	16.0	19.4	27.5
2009-10-06	771265.0	231698.0	34153.0	399183.0	628284.0	62693.0	31137.0	13.1	15.6	20.6	27.2
2009-10-13	760540.0	218895.0	43524.0	415345.0	593855.0	55293.0	52154.0	13.8	16.3	21.9	26.1
2009-10-20	774878.0	218096.0	37132.0	416851.0	625918.0	67601.0	39498.0	13.5	16.4	21.3	27.7
2009-10-27	774344.0	211835.0	36700.0	420612.0	623374.0	66485.0	38858.0	13.2	16.3	20.9	27.5
2009-11-03	782075.0	208572.0	36350.0	423070.0	624542.0	70590.0	41340.0	13.0	16.3	20.7	27.6
2009-11-09	764367.0	194197.0	42949.0	420592.0	601738.0	66421.0	36523.0	12.9	16.3	20.6	28.0
2009-11-17	770553.0	194383.0	46491.0	426941.0	608158.0	67759.0	34434.0	12.3	17.1	20.7	28.9
2009-11-24	773085.0	192850.0	45405.0	432405.0	611561.0	67620.0	35909.0	12.4	16.8	20.5	28.5
2009-12-01	780288.0	195968.0	40286.0	436766.0	627219.0	68809.0	34038.0	12.0	17.1	20.1	28.9
2009-12-08	785811.0	200292.0	43165.0	440880.0	626353.0	67710.0	39364.0	12.2	17.6	20.5	29.3
2009-12-15	819140.0	220514.0	35310.0	427404.0	658238.0	87592.0	41962.0	11.7	18.1	19.3	29.8
2009-12-22	836284.0	229929.0	39126.0	429887.0	668290.0	87262.0	39662.0	11.7	16.9	18.8	28.9
2009-12-29	832552.0	223587.0	39827.0	435012.0	666575.0	86482.0	38679.0	11.9	17.0	18.6	29.2
2010-01-05	842341.0	222931.0	38491.0	444943.0	676606.0	83408.0	36185.0	11.7	16.2	17.7	29.4
2010-01-12	840620.0	226945.0	36038.0	432073.0	666253.0	84883.0	41610.0	10.9	16.1	16.8	28.5
2010-01-19	839354.0	234488.0	39569.0	421049.0	662578.0	88923.0	42313.0	10.4	16.5	16.5	29.1
2010-01-26	847442.0	232701.0	36302.0	452118.0	688397.0	80925.0	41045.0	14.5	19.4	20.6	31.9
2010-02-02	877992.0	234520.0	33685.0	475458.0	713558.0	79239.0	41974.0	14.9	19.7	20.6	32.0
2010-02-09	859532.0	212051.0	37266.0	492640.0	692498.0	69283.0	44210.0	16.5	19.9	22.6	31.9
2010-02-16	829147.0	200771.0	17298.0	481114.0	693263.0	66320.0	37644.0	17.4	20.9	23.5	32.0
2010-02-23	775106.0	200097.0	23125.0	443966.0	642999.0	55662.0	33601.0	15.3	18.6	22.1	31.5
2010-03-02	741206.0	188704.0	18703.0	427666.0	618383.0	52615.0	31899.0	16.2	19.9	23.0	33.1
2010-03-09	754199.0	194292.0	30843.0	443958.0	621330.0	57480.0	43557.0	16.1	19.0	23.0	32.4
2010-03-16	776698.0	207113.0	35760.0	450459.0	632821.0	55021.0	44012.0	15.8	19.9	23.5	32.9
2010-03-23	737718.0	202212.0	46749.0	415646.0	580583.0	58798.0	49324.0	12.7	18.7	20.8	29.0
2010-03-30	704149.0	198676.0	43066.0	380582.0	543415.0	54196.0	46973.0	12.3	16.7	20.4	26.8
2010-04-06	703555.0	192339.0	49939.0	381749.0	538742.0	60162.0	45569.0	12.6	16.6	20.9	26.8
2010-04-13	686987.0	186975.0	45877.0	368820.0	523730.0	56032.0	42220.0	12.8	17.4	21.4	27.9
2010-04-20	655541.0	166037.0	53179.0	364061.0	487707.0	60378.0	49590.0	13.5	19.2	22.4	29.2
2010-04-27	641598.0	161388.0	61531.0	352052.0	465724.0	61056.0	47241.0	14.2	18.1	23.6	27.9
2010-05-04	630723.0	164868.0	63356.0	321520.0	434754.0	65954.0	54232.0	14.5	15.9	23.6	24.8
2010-05-11	646876.0	160301.0	61597.0	327789.0	443105.0	74679.0	58067.0	14.0	14.8	23.0	23.8
2010-05-18	665694.0	157627.0	62323.0	337608.0	444327.0	75129.0	63714.0	13.5	13.3	21.9	21.7
2010-05-25	675602.0	156581.0	57441.0	344949.0	453736.0	67059.0	57412.0	13.0	13.3	20.8	21.8
2010-06-01	684786.0	155675.0	59196.0	346951.0	452460.0	68200.0	59170.0	12.7	13.8	20.5	22.0
2010-06-08	696523.0	148483.0	52926.0	369049.0	477489.0	66851.0	53968.0	12.0	13.5	19.3	21.4
2010-06-15	642009.0	146436.0	41083.0	349734.0	462393.0	64941.0	57635.0	12.8	15.6	20.2	24.1
2010-06-22	606050.0	144825.0	39659.0	333327.0	446355.0	59488.0	51626.0	13.8	17.5	21.6	26.4
2010-06-29	566822.0	143511.0	42871.0	300858.0	406817.0	53255.0	47936.0	15.0	16.4	23.2	25.4
2010-07-06	557902.0	133278.0	35466.0	298609.0	403592.0	52120.0	44949.0	15.3	18.3	23.6	28.0
2010-07-13	577969.0	134867.0	37159.0	304313.0	413147.0	60696.0	49570.0	14.4	17.7	22.3	27.4
2010-07-20	595710.0	138548.0	33627.0	305107.0	423708.0	62727.0	49047.0	14.3	18.4	22.0	28.7
2010-07-27	600855.0	142550.0	33547.0	310041.0	440347.0	71026.0	49723.0	14.2	18.3	21.8	29.6
2010-08-03	613446.0	152240.0	36438.0	318768.0	457596.0	72143.0	49117.0	13.8	19.7	21.3	31.2
2010-08-10	612589.0	144482.0	28962.0	312657.0	454118.0	74976.0	49035.0	13.7	19.5	21.3	32.3
2010-08-17	622029.0	152333.0	29145.0	309125.0	461946.0	75008.0	45375.0	12.8	20.1	20.3	32.8
2010-08-24	648019.0	149840.0	30547.0	332878.0	481489.0	79571.0	50253.0	13.1	18.3	20.7	30.1
2010-08-31	660368.0	153599.0	33528.0	337315.0	491498.0	80717.0	46605.0	12.7	17.3	20.0	29.8
2010-09-07	673080.0	162782.0	34184.0	341171.0	507489.0	79699.0	41979.0	11.8	18.1	18.7	30.4
2010-09-14	697690.0	174438.0	34996.0	352811.0	524605.0	88173.0	55821.0	12.2	18.9	18.8	30.0
2010-09-21	639289.0	176763.0	20851.0	317173.0	500364.0	85548.0	58269.0	13.3	21.4	20.5	33.7
2010-09-28	613181.0	177427.0	23218.0	298837.0	482419.0	81221.0	51848.0	13.5	23.8	21.3	34.9
2010-10-05	578944.0	169315.0	22600.0	273571.0	451472.0	78117.0	46931.0	13.5	25.1	21.7	35.9
2010-10-12	579406.0	170254.0	17149.0	265915.0	453230.0	80156.0	45946.0	13.4	26.8	21.6	38.6
2010-10-19	587348.0	176181.0	15521.0	271484.0	467906.0	77463.0	41701.0	12.7	27.3	20.3	39.3
2010-10-26	593979.0	170753.0	13759.0	282976.0	476086.0	77453.0	41337.0	12.0	26.8	19.8	38.9
2010-11-02	604070.0	174621.0	13404.0	289690.0	490036.0	78113.0	38984.0	11.6	27.8	19.4	40.3
2010-11-09	597338.0	175647.0	25185.0	279969.0	475900.0	83048.0	37579.0	12.0	25.0	19.1	37.0
2010-11-16	581924.0	174489.0	26922.0	283142.0	457491.0	73412.0	46630.0	12.9	25.6	20.4	35.6
2010-11-23	576756.0	175797.0	28627.0	283456.0	457114.0	68838.0	42350.0	13.1	24.2	20.5	34.8
2010-11-30	570470.0	174466.0	23980.0	283318.0	457174.0	62629.0	39259.0	13.2	22.8	20.6	34.4
2010-12-07	575256.0	173825.0	23283.0	283229.0	461173.0	68599.0	41197.0	12.9	23.0	20.1	34.1
2010-12-14	585743.0	175296.0	22804.0	283665.0	468044.0	74769.0	42882.0	13.0	22.9	20.2	33.5
2010-12-21	606435.0	188930.0	14174.0	280842.0	495794.0	81669.0	41473.0	12.8	22.5	20.2	35.2
2010-12-28	607307.0	191573.0	14121.0	274019.0	490501.0	85093.0	46063.0	12.4	22.0	20.1	32.7
2011-01-04	607185.0	188617.0	13298.0	283723.0	489729.0	76025.0	45338.0	12.6	21.4	20.3	32.2
2011-01-11	617471.0	187151.0	12796.0	294066.0	500255.0	78358.0	46524.0	13.1	22.4	20.7	32.8
2011-01-18	620918.0	179366.0	13954.0	305020.0	502453.0	75616.0	43595.0	13.6	22.8	21.2	33.3
2011-01-25	619137.0	182985.0	14881.0	304313.0	503606.0	73727.0	42538.0	13.7	21.8	21.1	32.3
2011-02-01	646042.0	200514.0	18418.0	306716.0	528410.0	82146.0	42548.0	13.4	21.9	20.5	32.2
2011-02-08	653229.0	189669.0	17913.0	333576.0	536271.0	74702.0	43763.0	13.6	19.6	20.6	29.6
2011-02-15	663043.0	180551.0	20151.0	347002.0	538185.0	78047.0	47264.0	13.4	20.9	20.4	30.4
2011-02-22	637871.0	182416.0	20091.0	328637.0	513308.0	72844.0	50498.0	14.3	21.6	22.2	31.4
2011-03-01	598636.0	181207.0	19844.0	297448.0	479304.0	64072.0	43579.0	15.6	21.6	24.0	31.0
2011-03-08	609365.0	199218.0	20111.0	284191.0	492503.0	73294.0	44089.0	15.7	21.6	24.1	32.0
2011-03-15	601818.0	183688.0	25116.0	295148.0	470378.0	67898.0	51240.0	15.8	19.8	24.1	29.1
2011-03-22	590210.0	169185.0	27068.0	304096.0	464679.0	64622.0	46156.0	16.6	18.0	25.1	27.9
2011-03-29	595022.0	172747.0	26443.0	303485.0	466403.0	67115.0	50501.0	16.8	18.4	25.5	28.3
2011-04-05	626615.0	175008.0	27784.0	308242.0	471821.0	73280.0	56925.0	15.9	17.9	24.5	28.0
2011-04-12	630580.0	173938.0	41983.0	326369.0	462039.0	67703.0	63988.0	16.2	17.4	25.3	26.6
2011-04-19	615070.0	164291.0	48238.0	345825.0	463273.0	61387.0	59992.0	16.4	18.4	26.6	29.9
2011-04-26	597546.0	162809.0	49363.0	335722.0	450834.0	59339.0	57673.0	16.8	18.9	27.2	30.6
2011-05-03	568473.0	176606.0	55360.0	297459.0	414796.0	55452.0	59361.0	17.3	20.9	28.0	32.8
2011-05-10	582630.0	180584.0	53958.0	306333.0	429141.0	57125.0	60943.0	16.3	20.0	26.5	31.6
2011-05-17	584612.0	176736.0	61221.0	308828.0	414795.0	54527.0	64075.0	15.9	18.4	25.8	29.9
2011-05-24	584931.0	166728.0	53633.0	316422.0	421017.0	57900.0	66400.0	15.9	17.2	25.6	28.7
2011-05-31	606482.0	166403.0	59103.0	325441.0	435079.0	63755.0	61417.0	15.2	17.1	24.8	28.2
2011-06-07	634960.0	168068.0	55328.0	344678.0	468426.0	73954.0	62946.0	14.4	17.4	23.4	28.4
2011-06-14	646223.0	183605.0	57447.0	345763.0	484058.0	68806.0	56669.0	14.6	16.9	23.5	28.3
2011-06-21	629831.0	199880.0	57344.0	318419.0	475562.0	73208.0	58601.0	16.1	19.7	26.0	29.8
2011-06-28	618878.0	199133.0	60984.0	300396.0	461589.0	77658.0	54614.0	16.7	19.7	26.4	29.4
2011-07-05	615184.0	208141.0	66911.0	282087.0	451720.0	80984.0	52581.0	18.5	21.7	28.2	31.0
2011-07-12	626505.0	211493.0	63200.0	283106.0	465550.0	87291.0	53140.0	17.6	22.5	27.2	32.0
2011-07-19	631872.0	215666.0	62877.0	285488.0	469615.0	82799.0	51461.0	17.0	21.9	26.5	32.0
2011-07-26	637140.0	217640.0	54287.0	281442.0	475257.0	88538.0	58076.0	17.8	23.7	27.2	33.6
2011-08-02	623987.0	213857.0	53052.0	280884.0	467509.0	82246.0	56426.0	16.9	24.0	26.3	33.7
2011-08-09	592773.0	187187.0	43556.0	279498.0	448227.0	77646.0	52548.0	14.9	24.6	24.2	34.2
2011-08-16	586551.0	174328.0	46038.0	281160.0	440297.0	82120.0	51273.0	14.8	23.7	23.8	33.3
2011-08-23	595341.0	181157.0	38254.0	275676.0	451938.0	89655.0	56296.0	14.8	23.6	23.4	33.2
2011-08-30	597739.0	177462.0	41882.0	279985.0	450110.0	87867.0	53322.0	14.7	19.6	22.4	29.9
2011-09-06	597645.0	174494.0	44742.0	277040.0	435567.0	86189.0	57414.0	14.7	17.8	22.4	28.0
2011-09-13	580127.0	176975.0	42713.0	258743.0	421162.0	82274.0	54117.0	15.3	17.9	23.1	28.1
2011-09-20	533043.0	155888.0	30173.0	249711.0	385673.0	80581.0	70334.0	16.9	18.2	26.2	28.6
2011-09-27	483737.0	140237.0	40868.0	241289.0	344931.0	61914.0	57641.0	18.3	18.0	28.7	28.5
2011-10-04	472073.0	134983.0	41202.0	239593.0	331774.0	55873.0	57473.0	18.4	16.5	28.7	25.9
2011-10-11	473747.0	137380.0	45338.0	236119.0	333620.0	61326.0	55867.0	18.4	16.6	28.7	25.7
2011-10-18	498372.0	151118.0	39094.0	243187.0	365368.0	66535.0	56378.0	17.4	18.0	27.0	27.4
2011-10-25	507502.0	157570.0	38937.0	246743.0	373637.0	64724.0	56463.0	17.3	17.7	26.8	27.0
2011-11-01	498960.0	152698.0	38646.0	243790.0	364435.0	61818.0	55225.0	17.1	18.0	26.9	26.8
2011-11-08	492323.0	140824.0	40839.0	249129.0	356119.0	62646.0	55641.0	17.5	17.4	27.9	27.0
2011-11-15	488004.0	130403.0	54734.0	257857.0	334722.0	58621.0	57425.0	17.6	16.5	28.7	25.8
2011-11-22	503702.0	122718.0	64661.0	279186.0	326043.0	57409.0	68609.0	17.9	15.4	28.7	23.8
2011-11-29	504829.0	119513.0	68162.0	284856.0	321076.0	56084.0	71215.0	16.3	13.4	26.7	20.9
2011-12-06	517967.0	124706.0	69922.0	287025.0	328200.0	58076.0	71685.0	16.1	13.5	25.9	21.5
2011-12-13	525763.0	123699.0	66270.0	294949.0	336454.0	55728.0	71652.0	15.6	13.4	25.4	21.1
2011-12-20	539095.0	113083.0	71807.0	316072.0	342159.0	57614.0	72803.0	15.4	13.1	25.4	20.3
2011-12-27	544792.0	113487.0	74971.0	318629.0	344255.0	58446.0	71336.0	15.3	13.2	25.2	20.1
2012-01-03	567599.0	128269.0	77965.0	321046.0	362220.0	61410.0	70540.0	15.0	13.5	24.4	20.4
2012-01-10	583648.0	124090.0	77019.0	336685.0	368660.0	60422.0	75518.0	15.4	12.5	24.9	19.4
2012-01-17	613159.0	130183.0	82189.0	351584.0	390708.0	65673.0	74543.0	15.7	12.5	25.1	19.4
2012-01-24	636763.0	138927.0	64073.0	350512.0	427477.0	76273.0	74162.0	15.2	13.0	24.4	20.6
2012-01-31	666733.0	143389.0	62166.0	379773.0	452521.0	66982.0	75457.0	14.4	12.2	23.5	19.5
2012-02-07	696054.0	137104.0	69068.0	408717.0	473286.0	69950.0	73417.0	13.6	10.9	22.4	17.8
2012-02-14	705626.0	146271.0	70269.0	409547.0	483532.0	70697.0	72714.0	13.3	10.1	22.3	17.3
2012-02-21	699138.0	156282.0	69069.0	382805.0	486411.0	84078.0	67685.0	14.1	12.9	23.1	20.8
2012-02-28	723747.0	198170.0	66073.0	369686.0	536979.0	86870.0	51674.0	13.8	16.5	23.6	25.2
2012-03-06	720785.0	192718.0	64097.0	364927.0	525095.0	85920.0	54373.0	14.1	15.3	24.2	24.8
2012-03-13	706083.0	165434.0	60405.0	379615.0	506567.0	81026.0	59103.0	13.9	15.0	23.4	23.7
2012-03-20	738649.0	190862.0	65218.0	377293.0	535293.0	92871.0	60515.0	13.4	15.3	22.4	24.3
2012-03-27	746727.0	199828.0	64519.0	379340.0	548668.0	94847.0	60828.0	13.3	15.6	23.0	24.6
2012-04-03	735961.0	185574.0	66071.0	386903.0	537762.0	94319.0	62963.0	13.7	15.1	23.1	23.7
2012-04-10	726557.0	191134.0	66543.0	374617.0	523093.0	89533.0	65648.0	14.3	15.2	24.2	24.1
2012-04-17	730255.0	191803.0	92688.0	395888.0	506431.0	77699.0	66271.0	14.2	14.2	24.3	23.7
2012-04-24	725118.0	187309.0	105019.0	402369.0	483687.0	72900.0	73872.0	14.0	14.1	24.4	22.5
2012-05-01	706597.0	184434.0	112721.0	400364.0	464750.0	58649.0	65976.0	14.3	17.7	25.2	25.5
2012-05-08	715111.0	180816.0	120056.0	409309.0	455852.0	60101.0	74318.0	13.7	17.9	24.3	25.4
2012-05-15	727267.0	184270.0	125260.0	413085.0	459834.0	66107.0	78368.0	13.2	17.6	23.5	25.0
2012-05-22	729589.0	191733.0	122709.0	411006.0	458990.0	62167.0	83207.0	13.0	18.1	23.1	25.7
2012-05-29	753540.0	197758.0	128348.0	417724.0	462690.0	66083.0	90527.0	12.6	17.8	22.2	25.4
2012-06-05	775795.0	200920.0	129053.0	425816.0	474776.0	65352.0	88259.0	12.2	17.2	21.1	24.5
2012-06-12	759123.0	186801.0	117006.0	429019.0	479072.0	63834.0	83576.0	12.4	16.8	21.4	24.2
2012-06-19	743939.0	176233.0	108767.0	424471.0	484579.0	66542.0	73900.0	13.2	18.2	22.2	25.9
2012-06-26	700186.0	176069.0	100689.0	387880.0	454325.0	61398.0	70333.0	14.0	19.4	23.7	27.4
2012-07-03	678681.0	175098.0	92484.0	372876.0	450677.0	56552.0	61365.0	14.8	18.6	24.7	26.9
2012-07-10	669005.0	175206.0	62661.0	365534.0	478789.0	56453.0	55743.0	14.8	17.0	25.0	25.1
2012-07-17	666628.0	168960.0	49309.0	367147.0	490381.0	58415.0	54832.0	14.9	16.3	25.4	25.4
2012-07-24	668671.0	180428.0	44484.0	352592.0	508903.0	71051.0	50684.0	15.0	18.9	25.3	29.3
2012-07-31	671864.0	179450.0	45108.0	360594.0	513040.0	69808.0	51704.0	14.6	19.2	24.9	30.1
2012-08-07	662690.0	170204.0	46941.0	358579.0	493973.0	69856.0	57725.0	14.9	19.5	25.7	30.5
2012-08-14	676534.0	156976.0	57102.0	371166.0	475943.0	72950.0	68047.0	14.2	18.4	25.0	28.6
2012-08-21	690427.0	151013.0	76200.0	386731.0	458327.0	72423.0	75640.0	14.1	17.6	24.8	27.1
2012-08-28	723416.0	164886.0	89772.0	396727.0	465093.0	75685.0	82433.0	13.7	17.7	23.8	26.8
2012-09-04	728205.0	167764.0	106757.0	399092.0	451481.0	73586.0	82204.0	13.6	17.2	23.5	26.1
2012-09-11	725692.0	173290.0	119051.0	388106.0	433473.0	78814.0	87686.0	13.1	17.5	22.8	26.0
2012-09-18	698138.0	157534.0	115710.0	386438.0	419419.0	76607.0	85450.0	14.2	18.1	24.3	26.0
2012-09-25	683385.0	157867.0	114842.0	376454.0	420815.0	77818.0	76482.0	14.5	19.8	25.0	27.7
2012-10-02	674997.0	161209.0	103724.0	371851.0	437055.0	73630.0	65911.0	14.7	18.2	25.2	28.1
2012-10-09	679261.0	161314.0	75917.0	381744.0	471020.0	69989.0	66110.0	14.6	20.8	24.9	30.0
2012-10-16	701034.0	163728.0	92202.0	410196.0	477843.0	62700.0	66579.0	13.6	19.7	23.8	28.1
2012-10-23	709045.0	157763.0	95648.0	414070.0	468555.0	65219.0	72849.0	13.5	19.3	23.7	27.5
2012-10-30	721447.0	158622.0	108753.0	419889.0	459606.0	66917.0	77069.0	13.3	18.1	23.4	26.3
2012-11-06	716401.0	157055.0	121092.0	422768.0	451017.0	65238.0	72952.0	13.3	17.0	23.6	26.2
2012-11-13	722855.0	160121.0	130872.0	430213.0	442962.0	60896.0	77396.0	14.1	18.1	24.1	26.9
2012-11-20	726929.0	160890.0	128885.0	434341.0	460343.0	67367.0	73370.0	14.0	18.6	23.8	27.6
2012-11-27	737882.0	163242.0	134468.0	444912.0	462148.0	65937.0	77475.0	13.9	18.3	23.7	26.8
2012-12-04	759782.0	165295.0	128433.0	455425.0	486268.0	72034.0	78053.0	13.5	18.0	22.8	26.7
2012-12-11	764194.0	170673.0	140219.0	459856.0	467308.0	62488.0	85490.0	13.4	17.9	23.0	25.9
2012-12-18	754990.0	178111.0	143405.0	443189.0	460214.0	65470.0	83151.0	13.5	18.7	23.5	26.4
2012-12-24	756985.0	185559.0	140911.0	444153.0	466303.0	64430.0	86928.0	13.5	18.7	23.6	26.5
2012-12-31	754102.0	186823.0	134316.0	441183.0	482875.0	64119.0	74934.0	13.5	19.2	23.6	27.0
2013-01-08	765768.0	184673.0	140345.0	449546.0	477096.0	68148.0	84926.0	13.7	17.8	23.6	25.7
2013-01-15	786010.0	186907.0	146992.0	458070.0	481673.0	72061.0	88373.0	14.5	18.5	24.6	25.8
2013-01-22	823614.0	195714.0	178505.0	480991.0	479945.0	77965.0	96220.0	14.0	17.8	23.8	24.9
2013-01-29	829549.0	198633.0	173334.0	474527.0	486834.0	78832.0	91824.0	14.0	17.8	23.7	24.8
2013-02-05	841251.0	199024.0	173535.0	477739.0	493520.0	78088.0	87796.0	13.8	16.3	23.5	23.8
2013-02-12	848854.0	204192.0	193540.0	477975.0	477614.0	81745.0	92758.0	13.5	16.8	23.5	24.1
2013-02-19	825539.0	196667.0	211467.0	468370.0	445727.0	82288.0	90131.0	13.9	15.8	24.5	23.4
2013-02-26	786486.0	198130.0	199598.0	428438.0	421819.0	76639.0	81790.0	14.8	18.5	25.8	26.4
2013-03-05	785424.0	201344.0	198815.0	419317.0	414678.0	75161.0	82329.0	15.0	17.9	25.8	26.2
2013-03-12	797883.0	204540.0	169997.0	424094.0	462771.0	80124.0	75990.0	14.6	17.1	25.4	26.0
2013-03-19	801467.0	204745.0	164107.0	419263.0	462637.0	88032.0	85296.0	14.6	16.6	25.4	25.4
2013-03-26	836833.0	205678.0	188133.0	445089.0	455266.0	83474.0	90842.0	14.0	16.6	24.1	24.3
2013-04-02	857592.0	208372.0	222478.0	462073.0	437863.0	84395.0	94499.0	13.8	16.7	23.7	24.0
2013-04-09	870275.0	214068.0	238769.0	475442.0	443883.0	83034.0	89892.0	13.5	17.0	23.3	24.2
2013-04-16	854731.0	213959.0	216032.0	480673.0	470945.0	73951.0	81606.0	13.9	19.7	24.1	27.0
2013-04-23	842135.0	209911.0	206226.0	481128.0	468679.0	65453.0	81587.0	14.2	19.3	24.6	26.0
2013-04-30	829305.0	211487.0	210176.0	462012.0	443435.0	70135.0	90023.0	14.5	18.9	25.1	25.9
2013-05-07	805148.0	214277.0	203095.0	434403.0	427656.0	70792.0	88721.0	15.1	17.5	25.9	25.2
2013-05-14	841726.0	219773.0	224209.0	450980.0	423947.0	77388.0	99985.0	14.5	14.9	25.2	23.7
2013-05-21	863297.0	221241.0	234171.0	465446.0	430308.0	80404.0	102612.0	14.2	14.6	24.4	23.4
2013-05-28	894044.0	235437.0	237973.0	479010.0	458053.0	76879.0	95300.0	13.7	15.2	23.4	24.0
2013-06-04	932648.0	247704.0	244479.0	493101.0	477990.0	83205.0	101541.0	13.4	15.3	22.5	23.6
2013-06-11	926315.0	244450.0	254069.0	486717.0	460377.0	97485.0	114206.0	13.3	15.3	22.0	23.3
2013-06-18	914122.0	233659.0	252163.0	493928.0	471198.0	98817.0	103043.0	13.5	14.1	23.0	22.7
2013-06-25	861280.0	224028.0	222115.0	473335.0	473012.0	81575.0	83811.0	14.1	14.6	23.8	23.5
2013-07-02	832420.0	231182.0	209689.0	448972.0	454289.0	70294.0	86470.0	14.8	16.5	24.8	25.5
2013-07-09	835810.0	236420.0	226314.0	454286.0	447873.0	69290.0	85809.0	14.8	16.0	24.8	25.2
2013-07-16	859880.0	236472.0	248826.0	476362.0	445548.0	68418.0	86878.0	14.5	16.1	24.6	25.3
2013-07-23	857234.0	238128.0	232975.0	465461.0	451965.0	68133.0	86782.0	14.9	16.4	25.1	25.8
2013-07-30	844989.0	227882.0	224131.0	456480.0	453778.0	67328.0	73781.0	15.2	15.2	25.5	25.0
2013-08-06	852042.0	221581.0	215692.0	460347.0	460030.0	73042.0	79248.0	15.0	14.6	25.4	23.9
2013-08-13	870259.0	230496.0	193345.0	462162.0	502766.0	75757.0	72304.0	14.7	16.5	24.9	26.0
2013-08-20	870279.0	230095.0	177979.0	477669.0	524095.0	64200.0	69890.0	15.0	16.3	25.3	26.0
2013-08-27	909368.0	243090.0	208973.0	487499.0	508681.0	74293.0	87228.0	14.4	14.9	24.4	25.1
2013-09-03	934375.0	243207.0	216481.0	505747.0	525966.0	77381.0	83888.0	14.1	14.5	23.8	24.4
2013-09-10	922110.0	245067.0	189250.0	494644.0	557758.0	85790.0	78493.0	14.1	16.4	23.8	25.0
2013-09-17	848751.0	232210.0	155360.0	462817.0	549352.0	85650.0	75965.0	15.0	19.9	25.5	28.4
2013-09-24	833097.0	234609.0	135476.0	452120.0	575578.0	88062.0	63737.0	15.1	21.0	25.3	30.9
2013-10-01	787891.0	248300.0	111308.0	401994.0	564794.0	82989.0	57181.0	15.7	24.1	26.5	35.3
2013-10-08	814946.0	272709.0	99639.0	403292.0	608138.0	86212.0	54436.0	15.2	25.8	25.6	36.8
2013-10-15	820355.0	282109.0	92697.0	404636.0	631856.0	85600.0	47792.0	15.0	25.8	25.3	37.2
2013-10-22	830021.0	283117.0	88547.0	404748.0	647277.0	92064.0	44105.0	14.8	26.8	24.9	39.1
2013-10-29	824363.0	286598.0	88386.0	401334.0	638274.0	84036.0	45308.0	14.9	26.5	26.0	39.1
2013-11-05	816554.0	282487.0	87994.0	397729.0	626123.0	83373.0	49472.0	15.0	25.5	25.7	38.4
2013-11-12	805734.0	257848.0	78798.0	403006.0	609276.0	79625.0	52405.0	15.3	24.9	25.9	37.2
2013-11-19	807915.0	241561.0	75106.0	413247.0	598710.0	75508.0	56500.0	15.2	24.2	25.8	35.9
2013-11-26	784900.0	233767.0	85120.0	411613.0	564424.0	68241.0	64077.0	15.5	22.8	26.0	33.8
2013-12-03	769550.0	218324.0	104068.0	408367.0	522407.0	73218.0	73434.0	15.8	20.9	26.2	31.2
2013-12-10	808723.0	226854.0	155575.0	432486.0	500213.0	75013.0	78565.0	15.0	18.4	24.6	27.3
2013-12-17	821697.0	238474.0	199659.0	435603.0	467028.0	76688.0	84078.0	14.4	16.6	23.8	26.0
2013-12-24	832792.0	246553.0	212586.0	433901.0	462560.0	80088.0	85396.0	14.0	16.0	23.1	26.5
2014-01-07	838113.0	246423.0	219537.0	427912.0	449516.0	80527.0	85809.0	13.7	16.3	22.7	26.6
2014-01-14	819167.0	246739.0	241611.0	426925.0	419026.0	76492.0	89519.0	14.1	16.2	23.5	26.8
2014-01-21	825219.0	243808.0	244709.0	425567.0	408422.0	76502.0	92746.0	13.9	16.2	23.3	25.9
2014-01-28	840563.0	252456.0	258730.0	429313.0	410220.0	83220.0	96039.0	13.6	15.8	22.7	24.6
2014-02-04	852157.0	249418.0	234862.0	431985.0	440328.0	75064.0	81277.0	13.4	16.9	22.1	25.5
2014-02-11	850386.0	241222.0	225167.0	437290.0	457277.0	82970.0	79038.0	13.4	16.6	22.0	25.8
2014-02-18	844131.0	235474.0	210862.0	429171.0	469160.0	89153.0	73776.0	13.5	17.3	21.9	25.9
2014-02-25	813934.0	247898.0	165051.0	411573.0	509469.0	80781.0	65732.0	14.1	17.7	22.6	26.0
2014-03-04	787953.0	239036.0	119374.0	387192.0	524183.0	78839.0	61510.0	14.7	20.1	23.5	28.8
2014-03-11	792621.0	245308.0	98423.0	383765.0	545698.0	79384.0	64336.0	14.6	20.8	23.6	30.4
2014-03-18	785760.0	243858.0	89948.0	392198.0	557726.0	72748.0	61130.0	14.7	21.6	24.1	31.1
2014-03-25	782587.0	243961.0	91749.0	398665.0	556021.0	69292.0	64148.0	14.8	21.6	24.1	30.8
2014-04-01	784653.0	240024.0	78255.0	391972.0	563716.0	72669.0	62694.0	14.5	21.6	23.6	31.9
2014-04-08	786639.0	240438.0	75490.0	384995.0	558680.0	70667.0	61930.0	14.4	22.0	23.6	32.6
2014-04-15	781150.0	239299.0	80499.0	392064.0	558802.0	69068.0	61130.0	14.4	21.6	23.8	32.4
2014-04-22	798363.0	244131.0	80892.0	400344.0	571221.0	70365.0	62727.0	14.1	22.0	23.4	32.4
2014-04-29	789475.0	251029.0	81055.0	386114.0	569197.0	70374.0	57265.0	14.5	23.1	23.9	34.0
2014-05-06	782434.0	252127.0	83954.0	377028.0	551255.0	68557.0	62503.0	14.6	23.3	23.8	35.0
2014-05-13	807765.0	260268.0	83620.0	384585.0	567977.0	68438.0	61694.0	14.1	23.7	23.0	34.8
2014-05-20	823802.0	265456.0	75272.0	388524.0	599253.0	76678.0	56133.0	13.7	23.7	22.4	35.0
2014-05-27	823724.0	257066.0	92912.0	393608.0	561632.0	71520.0	67650.0	13.7	20.8	22.4	31.7
2014-06-03	850114.0	261890.0	93704.0	405724.0	574802.0	74878.0	73986.0	13.1	20.1	21.7	30.4
2014-06-10	872550.0	263562.0	119584.0	403403.0	544001.0	76882.0	80262.0	12.6	18.0	20.9	27.6
2014-06-17	866264.0	250903.0	137543.0	403012.0	511718.0	77958.0	82612.0	12.7	17.5	21.2	27.8
2014-06-24	879261.0	268057.0	86199.0	398744.0	588783.0	77524.0	69343.0	12.4	20.6	20.9	31.3
2014-07-01	844150.0	272551.0	94835.0	379645.0	557010.0	66159.0	66510.0	13.0	21.0	22.2	30.9
2014-07-08	835680.0	254596.0	116086.0	382059.0	517891.0	65977.0	68655.0	13.2	19.4	22.2	28.9
2014-07-15	824652.0	249900.0	148570.0	380212.0	467706.0	61198.0	75034.0	13.3	18.1	22.4	26.5
2014-07-22	857950.0	251199.0	170844.0	395795.0	461487.0	61826.0	76489.0	13.0	17.5	21.8	26.4
2014-07-29	854026.0	252137.0	191475.0	399858.0	441815.0	61870.0	80575.0	13.3	17.4	22.3	26.1
2014-08-05	864912.0	266410.0	217851.0	398058.0	430875.0	62634.0	78376.0	13.1	16.9	22.1	25.4
2014-08-12	887972.0	272169.0	234330.0	407998.0	433316.0	66880.0	79401.0	13.0	15.7	21.7	24.5
2014-08-19	895368.0	276483.0	251871.0	414426.0	426565.0	65508.0	77981.0	12.9	15.6	21.6	24.3
2014-08-26	894888.0	279352.0	242760.0	422197.0	444887.0	66667.0	80569.0	13.0	14.9	21.6	24.3
2014-09-02	892598.0	284050.0	240097.0	417915.0	450907.0	66387.0	77348.0	12.9	14.8	21.6	24.4
2014-09-09	892171.0	286377.0	245464.0	441127.0	467078.0	61641.0	76603.0	12.8	14.3	21.3	22.3
2014-09-16	824175.0	247477.0	232749.0	427631.0	427600.0	62689.0	77448.0	13.7	14.3	22.9	21.9
2014-09-23	836077.0	254971.0	246248.0	450802.0	442807.0	57055.0	73773.0	13.4	14.9	22.9	23.1
2014-09-30	784342.0	261721.0	252076.0	405312.0	394201.0	54086.0	74842.0	14.4	16.0	24.7	25.2
2014-10-07	757467.0	246382.0	229547.0	388637.0	391134.0	57564.0	71902.0	14.7	17.2	25.4	26.2
2014-10-14	759415.0	244805.0	230478.0	392473.0	396681.0	57254.0	67373.0	14.7	16.5	25.2	25.3
2014-10-21	752545.0	245830.0	230377.0	393815.0	400583.0	60050.0	68735.0	14.8	16.1	25.5	26.2
2014-10-28	777467.0	254603.0	241905.0	401417.0	406077.0	60527.0	68565.0	14.4	15.6	25.0	26.0
2014-11-04	798420.0	255496.0	249255.0	425979.0	420402.0	62324.0	74142.0	13.9	14.4	24.1	24.0
2014-11-11	809762.0	261525.0	253016.0	425592.0	435156.0	69240.0	68185.0	13.9	14.1	23.8	24.1
2014-11-18	816091.0	262975.0	248298.0	426596.0	439891.0	67947.0	69329.0	13.7	13.5	23.0	22.4
2014-11-25	825980.0	266906.0	233015.0	425712.0	453437.0	65534.0	71700.0	13.4	13.3	22.8	22.7
2014-12-02	836657.0	267712.0	260829.0	438357.0	436498.0	63167.0	71909.0	13.1	13.7	22.7	21.5
2014-12-09	820007.0	259348.0	261220.0	441791.0	425984.0	63175.0	77110.0	13.2	13.3	22.9	21.0
2014-12-16	825145.0	242939.0	254847.0	459153.0	432220.0	63269.0	78294.0	13.1	13.4	23.1	21.8
2014-12-23	820513.0	243104.0	249993.0	448441.0	429211.0	62653.0	74994.0	13.0	12.8	23.2	21.9
2014-12-30	834430.0	246432.0	258568.0	454228.0	431225.0	62566.0	73433.0	12.6	12.6	22.4	21.4
2015-01-06	841420.0	247711.0	258310.0	450931.0	435043.0	68795.0	74084.0	12.1	13.0	21.7	21.5
2015-01-13	818125.0	246320.0	237887.0	435866.0	440565.0	70784.0	74518.0	12.2	13.1	21.6	22.5
2015-01-20	815626.0	245303.0	214917.0	432576.0	473189.0	72048.0	61821.0	12.1	12.7	21.5	23.3
2015-01-27	823104.0	241699.0	170291.0	438758.0	509566.0	67116.0	67716.0	12.1	11.8	21.3	20.9
2015-02-03	853527.0	240921.0	204454.0	463526.0	497856.0	62299.0	64436.0	11.3	10.6	20.6	18.9
2015-02-10	864567.0	240555.0	204961.0	469309.0	505676.0	70602.0	69829.0	11.1	10.8	20.2	19.4
2015-02-17	857342.0	239236.0	184870.0	459263.0	519749.0	77273.0	71153.0	11.2	11.8	20.2	20.7
2015-02-24	836197.0	241545.0	208243.0	441265.0	479199.0	76493.0	71861.0	11.7	11.9	20.9	20.6
2015-03-03	819751.0	246737.0	253672.0	424642.0	419748.0	75147.0	73106.0	12.1	12.4	21.6	21.6
2015-03-10	847114.0	265284.0	264161.0	435800.0	434369.0	73461.0	76015.0	11.7	12.8	20.4	21.7
2015-03-17	864924.0	252965.0	253542.0	456192.0	450936.0	74987.0	79666.0	10.8	13.1	19.7	22.1
2015-03-24	883334.0	252243.0	262859.0	460387.0	441432.0	73733.0	82072.0	10.7	13.8	19.6	21.7
2015-03-31	903521.0	254869.0	271542.0	478904.0	450521.0	73000.0	84710.0	10.5	12.9	19.5	20.3
2015-04-07	936040.0	252461.0	265996.0	506488.0	494490.0	76367.0	74830.0	9.9	12.9	18.4	20.8
2015-04-14	893089.0	250609.0	237700.0	471270.0	486852.0	81893.0	79220.0	10.4	12.9	19.1	21.7
2015-04-21	853491.0	234602.0	227874.0	459168.0	470993.0	79500.0	74403.0	11.0	12.9	20.1	21.6
2015-04-28	834880.0	237179.0	193960.0	442001.0	499317.0	76623.0	62526.0	11.7	15.3	21.0	25.3
2015-05-05	808794.0	238061.0	202046.0	414707.0	456088.0	69838.0	64472.0	12.2	14.1	22.0	22.5
2015-05-12	849346.0	242083.0	177452.0	443495.0	521927.0	74665.0	60864.0	11.9	15.6	21.3	24.4
2015-05-19	865099.0	245570.0	190073.0	451897.0	515320.0	76656.0	68730.0	11.8	14.8	20.8	22.5
2015-05-26	891727.0	255744.0	224454.0	458647.0	493418.0	80182.0	76701.0	11.2	13.5	20.0	21.6
2015-06-02	912450.0	267237.0	232245.0	455237.0	496369.0	82424.0	76284.0	11.2	13.5	19.8	22.2
2015-06-09	892859.0	262026.0	233614.0	442087.0	481748.0	86035.0	74786.0	11.4	14.5	20.2	23.2
2015-06-16	873992.0	251836.0	263414.0	452631.0	440707.0	80594.0	80940.0	11.8	12.9	20.8	20.8
2015-06-23	865764.0	248057.0	270409.0	446575.0	426540.0	80223.0	77906.0	12.1	12.1	21.2	20.6
2015-06-30	838247.0	239238.0	233461.0	432116.0	440652.0	72038.0	69279.0	12.6	13.2	22.1	22.1
2015-07-07	790993.0	236496.0	202901.0	401992.0	433355.0	69234.0	71466.0	13.0	13.6	23.1	23.8
2015-07-14	794716.0	240805.0	172429.0	396673.0	476098.0	73054.0	62005.0	12.6	15.4	22.4	26.1
2015-07-21	811703.0	242981.0	219937.0	411847.0	433465.0	70552.0	71978.0	12.1	13.7	21.5	23.0
2015-07-28	819269.0	249347.0	234204.0	408557.0	421458.0	70379.0	72621.0	12.0	13.7	20.8	22.7
2015-08-04	824041.0	243607.0	237035.0	413375.0	418476.0	72736.0	74207.0	11.8	12.7	20.6	21.9
2015-08-11	843937.0	242951.0	244280.0	427881.0	422842.0	70381.0	74091.0	11.8	12.6	20.1	21.7
2015-08-18	851159.0	242238.0	251889.0	429838.0	418500.0	67595.0	69282.0	11.7	12.3	20.0	21.5
2015-08-25	835978.0	238244.0	249519.0	421395.0	408607.0	67260.0	68773.0	11.8	13.6	20.1	22.8
2015-09-01	818040.0	230003.0	215866.0	418584.0	433233.0	66860.0	66348.0	11.8	14.7	20.4	24.4
2015-09-08	817130.0	224551.0	173980.0	421365.0	481001.0	74989.0	65924.0	11.6	17.1	20.1	26.7
2015-09-15	781009.0	212765.0	155995.0	414596.0	488483.0	79216.0	62099.0	11.8	20.3	20.7	31.2
2015-09-22	770935.0	215916.0	170101.0	418946.0	464166.0	65909.0	66504.0	11.6	21.0	20.5	31.0
2015-09-29	750053.0	214717.0	134816.0	398655.0	489831.0	64499.0	53224.0	11.7	24.7	21.2	35.8
2015-10-06	743349.0	213865.0	83340.0	386603.0	533063.0	65955.0	50020.0	12.2	26.0	21.8	38.2
2015-10-13	742311.0	232455.0	73548.0	373215.0	561205.0	72346.0	43263.0	12.5	28.5	22.3	41.1
2015-10-20	756639.0	240225.0	75769.0	365987.0	560641.0	77493.0	47295.0	12.5	28.0	22.2	40.4
2015-10-27	801494.0	248315.0	76330.0	394844.0	600724.0	81006.0	47111.0	12.1	27.2	21.3	38.4
2015-11-03	827353.0	257996.0	72638.0	406867.0	636650.0	88093.0	43668.0	12.1	26.4	21.0	37.9
2015-11-10	834411.0	250539.0	79407.0	414584.0	631744.0	82354.0	36326.0	12.0	27.0	21.0	37.3
2015-11-17	838081.0	246718.0	73708.0	416624.0	628967.0	88441.0	49108.0	11.7	26.6	20.8	36.8
2015-11-24	861967.0	265054.0	70578.0	411004.0	653419.0	93973.0	46034.0	10.9	27.1	19.4	37.4
2015-12-01	863941.0	262940.0	66455.0	415150.0	661063.0	93127.0	43699.0	11.0	27.8	19.4	37.9
2015-12-08	864728.0	266263.0	60541.0	408295.0	664576.0	97625.0	47066.0	10.8	28.4	19.1	38.6
2015-12-15	846065.0	249158.0	56243.0	414689.0	649445.0	89801.0	47960.0	11.0	28.4	19.1	38.5
2015-12-22	867617.0	252100.0	55420.0	425806.0	671667.0	90142.0	40961.0	10.5	28.7	18.2	38.9
2015-12-29	859958.0	246059.0	53997.0	423281.0	662039.0	88277.0	41581.0	10.6	28.6	18.0	38.3
2016-01-05	868697.0	250492.0	60449.0	430993.0	662912.0	84990.0	43114.0	10.5	28.3	17.8	38.0
2016-01-12	852726.0	231898.0	65262.0	437791.0	640042.0	82748.0	47133.0	10.0	27.6	16.6	37.1
2016-01-19	868576.0	236461.0	61083.0	438626.0	660754.0	87802.0	41052.0	9.3	28.6	15.6	38.5
2016-01-26	884344.0	224652.0	70033.0	457093.0	646359.0	80983.0	46336.0	8.6	25.6	14.7	35.2
2016-02-02	877254.0	199504.0	93918.0	490745.0	616046.0	76936.0	57221.0	8.5	22.7	14.8	30.8
2016-02-09	862851.0	195422.0	111416.0	480679.0	572961.0	76482.0	68206.0	8.8	22.4	15.2	30.4
2016-02-16	822756.0	193540.0	115283.0	461623.0	543848.0	74625.0	70657.0	8.9	22.3	15.4	30.1
2016-02-23	798205.0	195073.0	128425.0	437529.0	514994.0	69861.0	59044.0	9.0	23.8	16.0	33.3
2016-03-01	752262.0	184697.0	98185.0	410316.0	513762.0	66125.0	49191.0	10.2	26.8	17.7	35.9
2016-03-08	751073.0	174952.0	62593.0	403068.0	542426.0	76003.0	49004.0	10.7	28.1	18.0	37.3
2016-03-15	768590.0	199349.0	61690.0	398922.0	574984.0	83403.0	45000.0	10.7	28.8	17.9	39.0
2016-03-22	827890.0	237051.0	62452.0	405266.0	626989.0	95397.0	48273.0	10.9	29.6	17.6	39.9
2016-03-29	865776.0	258383.0	69263.0	408621.0	649698.0	96920.0	44963.0	10.9	28.0	17.4	38.3
2016-04-05	865816.0	259853.0	73618.0	415351.0	647924.0	92077.0	45739.0	10.6	26.6	17.0	36.2
2016-04-12	840440.0	237875.0	75115.0	428613.0	629542.0	84203.0	46034.0	9.9	25.8	16.6	35.5
2016-04-19	800540.0	225749.0	59207.0	404487.0	615749.0	91434.0	46714.0	10.4	26.8	17.5	37.2
2016-04-26	772450.0	241124.0	51143.0	366329.0	604781.0	90105.0	41634.0	12.2	29.5	19.6	40.7
2016-05-03	789143.0	261390.0	54891.0	358945.0	620603.0	93994.0	38835.0	13.3	31.3	20.9	42.2
2016-05-10	805306.0	297398.0	65622.0	346692.0	625433.0	83724.0	36759.0	13.6	30.6	21.2	41.8
2016-05-17	848078.0	310859.0	58525.0	356834.0	663360.0	96530.0	42338.0	13.9	29.8	21.3	41.6
2016-05-24	868549.0	309409.0	59055.0	373264.0	674558.0	95094.0	44154.0	14.0	29.3	21.2	41.3
2016-05-31	895498.0	311304.0	55945.0	389376.0	700608.0	97190.0	41317.0	13.7	29.4	20.9	40.5
2016-06-07	899793.0	318851.0	63177.0	389573.0	706893.0	101477.0	39831.0	14.5	29.2	21.6	41.5
2016-06-14	940081.0	328829.0	66760.0	413629.0	737165.0	105090.0	43623.0	13.4	27.4	20.1	40.1
2016-06-21	899424.0	349725.0	32409.0	392812.0	767114.0	94402.0	37416.0	13.1	32.0	19.7	45.2
2016-06-28	855761.0	346059.0	32988.0	363089.0	729596.0	89395.0	35959.0	13.7	32.2	20.5	45.8
2016-07-05	842090.0	340083.0	36450.0	346402.0	713032.0	93268.0	30271.0	13.6	31.5	20.7	46.0
2016-07-12	840414.0	338562.0	36127.0	343891.0	705803.0	89423.0	29946.0	13.5	32.0	20.1	46.5
2016-07-19	832463.0	332870.0	35113.0	338333.0	693214.0	91144.0	34020.0	13.6	31.7	20.0	45.9
2016-07-26	830909.0	330593.0	38638.0	332041.0	682804.0	99130.0	40322.0	13.6	31.6	20.0	45.5
2016-08-02	846754.0	336519.0	46724.0	351678.0	687178.0	85459.0	39754.0	13.3	30.2	19.7	43.2
2016-08-09	866930.0	347273.0	49882.0	346040.0	699645.0	93273.0	37059.0	12.9	29.6	19.4	43.3
2016-08-16	883140.0	348427.0	51518.0	363961.0	709715.0	86983.0	38138.0	12.7	29.0	19.1	42.3
2016-08-23	903799.0	367444.0	58163.0	356743.0	716595.0	91380.0	40809.0	12.7	28.0	18.9	41.3
2016-08-30	908026.0	369812.0	57140.0	358970.0	719173.0	90173.0	42642.0	12.7	27.7	19.0	41.2
2016-09-06	913475.0	352987.0	58775.0	369807.0	713267.0	89757.0	40509.0	12.6	27.9	18.8	40.8
2016-09-13	889291.0	342038.0	48996.0	356510.0	703716.0	93218.0	39054.0	12.8	28.0	19.1	41.9
2016-09-20	896638.0	360909.0	33980.0	344766.0	734449.0	99598.0	36844.0	12.4	28.1	19.4	43.8
2016-09-27	857858.0	365849.0	36553.0	314882.0	701822.0	96836.0	39192.0	13.1	28.4	19.8	44.7
2016-10-04	830713.0	365919.0	36982.0	290293.0	678256.0	92270.0	33244.0	13.3	30.9	20.3	47.2
2016-10-11	833715.0	356168.0	42076.0	297816.0	673985.0	96550.0	34473.0	14.0	29.8	21.1	46.1
2016-10-18	843124.0	349183.0	44463.0	307009.0	671900.0	93261.0	33090.0	13.9	29.8	21.0	45.4
2016-10-25	852696.0	343440.0	44580.0	320697.0	673998.0	89973.0	35532.0	13.7	28.1	20.6	43.2
2016-11-01	844926.0	320329.0	43722.0	339924.0	659111.0	82495.0	39915.0	13.7	27.3	20.5	42.0
2016-11-08	845628.0	308701.0	38611.0	347064.0	666320.0	86559.0	37393.0	13.4	28.0	19.6	42.2
2016-11-15	847421.0	294727.0	41822.0	362347.0	656790.0	82618.0	41080.0	13.1	27.1	19.4	40.8
2016-11-22	819282.0	262752.0	46038.0	367848.0	615976.0	77113.0	45699.0	12.3	25.0	18.7	37.5
2016-11-29	822246.0	254341.0	37808.0	371861.0	619357.0	76515.0	45552.0	11.6	24.6	18.0	36.0
2016-12-06	835875.0	257116.0	36616.0	379542.0	627782.0	74734.0	46994.0	10.6	24.5	17.2	35.2
2016-12-13	821766.0	251740.0	42062.0	386520.0	613112.0	66865.0	49951.0	10.6	23.8	17.3	33.3
2016-12-20	812810.0	227741.0	44017.0	390998.0	583713.0	63424.0	54433.0	10.4	23.5	16.7	31.9
2016-12-27	808168.0	224858.0	49385.0	386818.0	576821.0	64265.0	49735.0	10.2	23.6	16.6	31.6
2017-01-03	810483.0	222892.0	47960.0	391713.0	591869.0	72164.0	46940.0	10.1	23.0	16.4	31.3
2017-01-10	819121.0	223476.0	40482.0	393545.0	616193.0	82539.0	42885.0	9.9	22.7	16.0	31.4
2017-01-17	828260.0	228371.0	36200.0	392640.0	626517.0	86925.0	45219.0	9.7	22.6	15.6	31.1
2017-01-24	834634.0	231324.0	34232.0	402020.0	636794.0	79658.0	41976.0	9.6	24.0	15.5	33.1
2017-01-31	831344.0	233451.0	36030.0	391892.0	628729.0	84769.0	45353.0	9.3	24.4	15.1	33.1
