2005-01-04	107609.0	46750.0	11205.0	41031.0	82121.0	9924.0	4379.0	16.8	19.9	27.5	32.1
2005-01-11	98761.0	40365.0	10639.0	39280.0	74707.0	10138.0	4437.0	15.6	20.7	26.1	33.0
2005-01-18	100093.0	42441.0	11033.0	37767.0	74369.0	10161.0	4967.0	14.7	21.5	24.5	33.3
2005-01-25	102991.0	42710.0	11319.0	38820.0	76122.0	10909.0	4998.0	14.3	21.8	24.1	33.6
2005-02-01	105119.0	42677.0	12422.0	39673.0	75680.0	11741.0	5989.0	15.0	21.1	24.3	32.2
2005-02-08	107658.0	48126.0	12814.0	37670.0	78777.0	12357.0	6562.0	15.5	21.1	25.4	32.8
2005-02-15	111705.0	53993.0	9632.0	39454.0	87217.0	13383.0	9981.0	16.7	22.3	26.5	32.0
2005-02-22	106000.0	53226.0	10718.0	36403.0	84696.0	11699.0	5914.0	17.9	23.3	28.6	35.1
2005-03-01	109420.0	53228.0	11283.0	36993.0	84968.0	11933.0	5903.0	17.0	23.4	27.8	35.0
2005-03-08	115553.0	54337.0	12128.0	39428.0	86957.0	11990.0	6670.0	16.5	23.2	28.0	35.4
2005-03-15	121409.0	54550.0	13822.0	43752.0	89513.0	12257.0	7224.0	15.9	21.2	27.0	34.2
2005-03-22	123010.0	54140.0	14652.0	45308.0	89629.0	11608.0	6775.0	15.9	20.7	27.0	33.6
2005-03-29	115850.0	46991.0	10927.0	45403.0	85938.0	11799.0	7328.0	15.8	20.2	25.8	33.1
2005-04-05	116331.0	46792.0	11173.0	44636.0	84547.0	11608.0	7316.0	15.3	19.4	25.2	32.1
2005-04-12	107667.0	38141.0	8155.0	47027.0	80811.0	8929.0	5131.0	16.6	19.6	26.2	31.9
2005-04-19	99450.0	32320.0	8693.0	47495.0	75630.0	10377.0	5869.0	16.5	23.8	26.2	33.9
2005-04-26	98929.0	35318.0	9994.0	42912.0	72532.0	10249.0	5953.0	16.2	24.2	26.2	35.1
2005-05-03	97451.0	35979.0	10470.0	41987.0	72251.0	10366.0	5611.0	16.3	24.7	26.6	35.4
2005-05-10	97209.0	35551.0	11055.0	42260.0	71227.0	9839.0	5368.0	18.6	24.5	28.9	35.2
2005-05-17	95682.0	32700.0	11049.0	43296.0	68936.0	9805.0	5816.0	19.0	24.9	30.0	34.6
2005-05-24	95040.0	33504.0	10606.0	43450.0	70205.0	8299.0	4442.0	19.5	25.1	30.7	35.2
2005-05-31	94661.0	32801.0	10649.0	43979.0	69329.0	8056.0	4858.0	20.0	24.2	31.5	34.1
2005-06-07	102392.0	37109.0	11249.0	44924.0	74968.0	8723.0	4539.0	18.3	22.0	28.8	33.3
2005-06-14	93474.0	26788.0	11080.0	53687.0	71980.0	6981.0	4396.0	19.5	19.7	31.0	31.8
2005-06-21	88338.0	26021.0	13494.0	47907.0	61978.0	8561.0	7017.0	21.0	20.1	32.6	31.9
2005-06-28	89892.0	26832.0	14800.0	47958.0	62456.0	9028.0	6562.0	20.3	19.3	32.1	31.1
2005-07-05	89739.0	27632.0	15536.0	47741.0	62243.0	9294.0	6888.0	20.1	19.0	32.1	30.7
2005-07-12	94357.0	28171.0	15806.0	48913.0	63944.0	10326.0	7660.0	19.3	18.8	31.3	29.9
2005-07-19	94874.0	26761.0	16400.0	50038.0	62984.0	10897.0	8312.0	18.5	17.9	30.4	28.6
2005-07-26	93932.0	25627.0	16442.0	50986.0	62671.0	9396.0	6896.0	18.7	18.1	30.9	28.7
2005-08-02	93689.0	26818.0	16687.0	50182.0	63196.0	9287.0	6404.0	18.8	17.8	30.7	28.1
2005-08-09	93177.0	27198.0	16739.0	50756.0	63327.0	7635.0	5523.0	18.7	17.3	30.6	27.4
2005-08-16	91538.0	24192.0	18032.0	53053.0	61268.0	8344.0	6289.0	18.9	16.7	30.1	26.3
2005-08-23	83729.0	22876.0	18898.0	46616.0	52685.0	8327.0	6236.0	20.5	18.4	31.9	27.7
2005-09-06	85493.0	21282.0	18919.0	46712.0	51360.0	8797.0	6512.0	20.5	17.7	31.2	26.5
2005-09-13	84539.0	19096.0	19616.0	48296.0	49080.0	8086.0	6782.0	19.5	17.3	30.5	26.1
2005-09-20	85023.0	18598.0	20089.0	47577.0	47190.0	8999.0	7895.0	18.1	17.0	28.2	26.7
2005-09-27	86506.0	19503.0	21580.0	48535.0	46974.0	8846.0	8330.0	18.8	16.8	28.9	25.9
2005-10-04	87370.0	19833.0	21869.0	48333.0	48156.0	9057.0	7198.0	18.8	16.6	29.1	25.5
2005-10-11	87862.0	19630.0	19777.0	47381.0	50044.0	9512.0	6702.0	18.5	15.9	28.8	24.5
2005-10-18	85868.0	17960.0	16066.0	46820.0	51774.0	11333.0	8273.0	18.6	14.8	28.1	23.2
2005-10-25	84812.0	19481.0	15222.0	46664.0	54389.0	8780.0	5314.0	19.0	15.4	28.5	23.4
2005-11-01	83960.0	18780.0	14589.0	47298.0	54473.0	7560.0	4576.0	19.6	16.3	28.3	25.0
2005-11-08	87206.0	21814.0	14581.0	46194.0	57601.0	8238.0	4064.0	18.8	16.7	28.3	25.8
2005-11-15	83925.0	18490.0	12833.0	46678.0	55656.0	10195.0	6874.0	19.6	16.0	29.2	24.0
2005-11-22	74016.0	18344.0	13383.0	39929.0	47541.0	9003.0	6352.0	22.7	18.5	33.9	27.2
2005-11-29	75398.0	18371.0	14481.0	41638.0	47631.0	8132.0	6029.0	22.4	18.2	33.0	26.9
2005-12-06	79957.0	18400.0	20323.0	44256.0	44785.0	8891.0	6439.0	21.9	18.0	31.7	26.1
2005-12-13	82493.0	18147.0	22632.0	46060.0	44371.0	9809.0	7013.0	21.6	17.7	31.6	25.4
2005-12-20	81396.0	18039.0	20817.0	45048.0	45468.0	9661.0	6463.0	21.9	17.3	31.5	25.8
2005-12-27	82702.0	20628.0	19576.0	44514.0	48498.0	9720.0	6788.0	21.8	19.1	31.5	27.5
2006-01-03	82671.0	20375.0	17531.0	43409.0	50330.0	10439.0	6362.0	22.0	19.2	31.7	27.4
2006-01-10	94198.0	30175.0	16049.0	41734.0	60507.0	10505.0	5858.0	19.8	20.6	29.3	29.5
2006-01-17	102720.0	33601.0	14923.0	44329.0	67210.0	11554.0	7351.0	18.4	17.9	27.2	27.8
2006-01-24	110657.0	36212.0	13681.0	45936.0	73188.0	11567.0	6846.0	17.4	16.9	26.1	27.2
2006-01-31	114017.0	36635.0	12936.0	46154.0	75394.0	13605.0	8064.0	17.1	17.0	25.0	26.8
2006-02-07	108355.0	34986.0	12548.0	46445.0	74235.0	12948.0	7596.0	17.8	17.8	25.6	27.9
2006-02-14	101784.0	29851.0	11291.0	48169.0	70662.0	10410.0	6477.0	19.1	17.9	27.0	27.9
2006-02-21	96019.0	23050.0	11937.0	49610.0	64311.0	10542.0	6954.0	20.6	16.4	29.3	26.8
2006-02-28	94778.0	22605.0	13786.0	49468.0	61882.0	11361.0	7766.0	21.3	16.5	30.0	26.9
2006-03-07	97499.0	22683.0	14067.0	50523.0	62206.0	10620.0	7553.0	21.0	17.8	29.9	27.6
2006-03-14	97433.0	21541.0	15223.0	53273.0	61704.0	9237.0	7124.0	21.0	17.7	30.1	26.9
2006-03-21	99731.0	22581.0	15194.0	54378.0	63659.0	9439.0	7545.0	20.8	17.1	29.9	26.7
2006-03-28	104816.0	24141.0	16841.0	56358.0	65031.0	9925.0	8552.0	20.0	15.9	28.9	25.4
2006-04-04	106170.0	25707.0	16294.0	54155.0	66504.0	10979.0	8043.0	19.7	16.4	27.8	26.1
2006-04-11	107761.0	26101.0	17715.0	56435.0	67605.0	10972.0	8188.0	19.5	16.0	27.5	25.7
2006-04-18	101523.0	26627.0	18240.0	52433.0	63501.0	11093.0	8412.0	20.5	17.4	29.6	28.1
2006-04-25	101002.0	28156.0	15605.0	51161.0	68242.0	10904.0	6374.0	20.6	21.2	30.5	31.7
2006-05-02	100244.0	28512.0	15239.0	48870.0	66715.0	11053.0	6481.0	20.3	22.7	29.9	33.0
2006-05-09	99976.0	27686.0	16387.0	49459.0	65287.0	11101.0	6572.0	20.6	21.8	29.5	32.2
2006-05-16	102842.0	26797.0	23606.0	54157.0	60815.0	11440.0	7973.0	20.1	19.6	29.4	29.9
2006-05-23	106517.0	28266.0	27985.0	56603.0	60044.0	11351.0	8191.0	19.9	19.2	30.1	29.1
2006-05-30	112292.0	28793.0	31669.0	62566.0	62989.0	11408.0	8109.0	19.2	18.6	28.9	27.8
2006-06-06	120532.0	29826.0	35973.0	70352.0	67546.0	11347.0	8006.0	18.0	17.3	26.8	25.2
2006-06-13	126941.0	30081.0	38661.0	75009.0	70273.0	13597.0	9753.0	17.1	15.1	25.8	22.5
2006-06-20	121700.0	31047.0	39915.0	70578.0	65267.0	11417.0	7860.0	17.8	16.5	26.7	24.1
2006-06-27	117763.0	32231.0	42663.0	64017.0	57312.0	11315.0	7588.0	18.3	18.9	27.9	26.9
2006-07-03	115862.0	31203.0	36940.0	60563.0	59977.0	11669.0	6518.0	18.2	17.2	27.8	25.8
2006-07-11	118855.0	31808.0	36327.0	61209.0	60758.0	12083.0	8015.0	18.7	15.9	27.6	24.7
2006-07-18	120361.0	33282.0	37253.0	60220.0	60317.0	12119.0	8051.0	19.4	16.1	28.3	24.7
2006-07-25	123006.0	33849.0	41600.0	62921.0	58559.0	11916.0	8527.0	19.8	16.5	28.7	25.5
2006-08-01	120726.0	32681.0	39494.0	61470.0	59538.0	12584.0	7703.0	19.5	16.8	28.4	25.3
2006-08-08	112927.0	32113.0	28353.0	56561.0	65330.0	11525.0	6516.0	19.7	16.9	28.8	26.8
2006-08-15	107829.0	29277.0	24363.0	56858.0	66493.0	11894.0	7173.0	20.4	17.2	30.7	27.4
2006-08-22	101960.0	30430.0	22546.0	50326.0	62297.0	11211.0	7124.0	21.9	19.3	32.1	29.2
2006-08-29	99833.0	30328.0	24458.0	50839.0	60333.0	9500.0	5876.0	22.4	18.7	33.0	28.7
2006-09-05	101785.0	31035.0	25567.0	51599.0	61671.0	10102.0	5498.0	22.4	19.3	32.5	28.9
2006-09-12	104099.0	30903.0	29961.0	53400.0	57052.0	9377.0	6667.0	22.9	17.9	32.6	26.3
2006-09-19	107299.0	30477.0	34258.0	56176.0	54769.0	9630.0	7256.0	22.2	17.5	31.6	26.5
2006-09-26	105801.0	29371.0	32009.0	55387.0	56075.0	10186.0	6860.0	22.9	18.5	32.4	27.4
2006-10-03	110868.0	30475.0	32380.0	58483.0	58410.0	11181.0	9349.0	22.0	18.0	31.2	26.7
2006-10-10	109769.0	29985.0	32852.0	59240.0	59390.0	9489.0	6472.0	21.9	18.0	31.1	26.9
2006-10-17	110507.0	29426.0	34567.0	61753.0	59691.0	8764.0	5685.0	21.7	17.6	30.9	26.0
2006-10-24	112676.0	30203.0	30904.0	61017.0	64970.0	10226.0	5572.0	21.0	18.4	30.1	27.0
2006-10-31	116804.0	31703.0	28301.0	59130.0	68341.0	11432.0	5623.0	19.5	18.2	28.2	27.0
2006-11-07	122312.0	37324.0	25564.0	56993.0	74273.0	10966.0	5446.0	16.7	19.7	24.5	28.7
2006-11-14	118573.0	39957.0	20921.0	52983.0	78016.0	12402.0	6405.0	17.0	20.3	24.2	31.3
2006-11-21	111680.0	41549.0	21520.0	51781.0	76316.0	10809.0	6303.0	18.3	21.6	26.3	32.6
2006-11-28	114569.0	43699.0	22391.0	51852.0	78275.0	11564.0	6449.0	17.8	21.7	25.9	32.9
2006-12-05	118588.0	46298.0	23610.0	52676.0	81131.0	11944.0	6177.0	18.4	22.5	26.9	33.6
2006-12-12	123449.0	48346.0	22618.0	54548.0	85812.0	13170.0	7634.0	18.1	21.3	26.3	33.0
2006-12-19	121993.0	45991.0	22563.0	56282.0	84962.0	12226.0	6974.0	18.5	21.7	27.0	33.5
2006-12-26	125443.0	47008.0	22168.0	58412.0	88939.0	11907.0	6220.0	18.0	22.0	26.2	33.7
2007-01-03	128128.0	46905.0	23400.0	60510.0	89355.0	11435.0	6095.0	17.6	21.6	25.8	33.0
2007-01-09	125640.0	40198.0	23082.0	62924.0	84323.0	12002.0	7719.0	17.7	20.6	25.5	31.4
2007-01-16	128442.0	38084.0	22990.0	65811.0	86205.0	12112.0	6812.0	18.4	20.0	25.6	30.6
2007-01-23	125945.0	34444.0	22751.0	68183.0	84359.0	11565.0	7082.0	18.6	19.7	25.7	30.0
2007-01-30	131947.0	33345.0	22506.0	70886.0	86498.0	11804.0	7031.0	18.0	18.9	24.9	28.6
2007-02-06	137834.0	34349.0	22819.0	77754.0	93840.0	9919.0	5363.0	17.2	18.0	23.7	26.9
2007-02-13	132796.0	31349.0	21218.0	81141.0	94575.0	9513.0	6210.0	17.7	18.1	24.3	26.0
2007-02-20	128677.0	33524.0	24723.0	74544.0	87141.0	13382.0	9586.0	18.4	20.1	25.2	28.7
2007-02-27	128130.0	35062.0	22687.0	72020.0	89194.0	11024.0	6225.0	18.6	22.2	26.1	31.3
2007-03-06	132106.0	36966.0	26778.0	74771.0	88298.0	9971.0	6632.0	20.9	22.0	29.4	31.3
2007-03-13	136470.0	37385.0	30691.0	75939.0	86373.0	9687.0	5947.0	21.3	21.9	29.9	30.8
2007-03-20	143287.0	39176.0	35513.0	78479.0	85635.0	10623.0	7130.0	21.0	21.4	29.4	30.6
2007-03-27	151347.0	42616.0	36550.0	79004.0	89260.0	12461.0	8271.0	20.4	20.9	28.6	29.8
2007-04-03	154517.0	41991.0	36933.0	80306.0	89481.0	14538.0	10421.0	20.1	20.5	28.0	28.8
2007-04-10	150046.0	41915.0	36935.0	79475.0	88650.0	12160.0	7965.0	20.6	21.4	28.7	30.1
2007-04-17	144376.0	39767.0	34795.0	78355.0	87707.0	11701.0	7321.0	21.4	22.1	29.5	30.9
2007-04-24	142969.0	41344.0	41098.0	77799.0	80989.0	9819.0	6875.0	21.8	21.1	30.8	30.0
2007-05-01	153966.0	47753.0	52043.0	83094.0	80396.0	7402.0	5810.0	21.0	20.2	29.8	29.3
2007-05-08	158054.0	47879.0	55424.0	85775.0	81592.0	8212.0	4850.0	20.7	20.6	29.4	29.6
2007-05-15	160710.0	47191.0	55847.0	86200.0	81558.0	9504.0	5490.0	20.5	21.1	29.2	30.1
2007-05-22	158629.0	44849.0	49251.0	84926.0	85373.0	7560.0	2711.0	20.6	21.1	29.1	29.7
2007-05-29	161365.0	45853.0	47411.0	83277.0	86254.0	10448.0	5913.0	20.1	20.7	28.7	29.0
2007-06-05	159466.0	46717.0	36514.0	79788.0	93612.0	10061.0	6440.0	19.4	19.5	27.6	27.7
2007-06-12	161803.0	46099.0	32499.0	82619.0	100181.0	11474.0	7512.0	19.4	19.1	26.9	27.0
2007-06-19	153798.0	47668.0	32147.0	79471.0	98256.0	8815.0	5551.0	20.3	20.1	28.1	28.0
2007-06-26	152703.0	48999.0	34071.0	73908.0	91524.0	9695.0	7007.0	21.3	21.1	29.1	28.9
2007-07-03	158500.0	48616.0	40064.0	80282.0	91079.0	7957.0	5712.0	21.1	20.4	29.7	29.3
2007-07-10	163546.0	49725.0	45609.0	82757.0	89666.0	9115.0	6322.0	21.4	20.4	30.2	29.2
2007-07-17	170200.0	50612.0	48980.0	84536.0	90263.0	11124.0	7029.0	21.2	20.5	29.7	29.0
2007-07-24	171727.0	50833.0	43388.0	81343.0	93593.0	10698.0	5893.0	20.7	20.6	28.6	29.0
2007-07-31	175837.0	52344.0	40946.0	80916.0	95990.0	10313.0	6637.0	20.4	19.3	27.7	27.5
2007-08-07	171918.0	52999.0	35793.0	75611.0	98462.0	14358.0	8713.0	20.5	19.1	27.7	27.3
2007-08-14	166572.0	55182.0	29053.0	72813.0	103972.0	10207.0	5177.0	20.9	19.7	28.2	27.5
2007-08-21	159535.0	51208.0	24969.0	70127.0	99296.0	10664.0	7734.0	21.9	20.3	30.0	28.2
2007-08-28	153817.0	52508.0	28298.0	67124.0	93727.0	8339.0	5946.0	22.8	19.3	31.3	27.8
2007-09-04	158302.0	52846.0	32340.0	68368.0	91709.0	10472.0	7637.0	22.2	18.8	30.1	27.6
2007-09-11	158880.0	54679.0	34421.0	67030.0	90176.0	9542.0	6654.0	22.1	18.8	29.8	27.7
2007-09-18	161055.0	58933.0	28385.0	65773.0	99313.0	10740.0	7748.0	20.2	19.2	27.7	27.7
2007-09-25	168146.0	61413.0	24818.0	67958.0	108890.0	11811.0	7474.0	18.6	19.2	26.5	27.3
2007-10-02	170840.0	63401.0	24583.0	68919.0	113463.0	10855.0	5129.0	18.3	18.8	26.4	27.1
2007-10-09	176866.0	66836.0	24618.0	69248.0	116384.0	11374.0	6456.0	17.5	18.6	26.2	27.6
2007-10-16	176688.0	70270.0	23009.0	66362.0	118771.0	11822.0	6674.0	18.0	19.1	25.9	28.5
2007-10-23	172511.0	66331.0	20741.0	67465.0	117746.0	10138.0	5447.0	19.4	19.0	27.4	28.5
2007-10-30	168366.0	61875.0	20926.0	70549.0	114175.0	10242.0	7565.0	20.5	17.9	29.2	27.8
2007-11-06	163302.0	59709.0	21715.0	69694.0	109219.0	10286.0	8755.0	20.9	17.6	29.9	26.6
2007-11-13	159930.0	59283.0	21816.0	70509.0	109353.0	9504.0	8127.0	21.8	17.3	31.3	27.3
2007-11-20	153591.0	59230.0	21107.0	66330.0	107109.0	9678.0	7022.0	22.7	17.8	32.7	28.1
2007-11-27	152293.0	59493.0	22481.0	63959.0	103881.0	10132.0	7222.0	23.0	17.7	33.3	28.2
2007-12-04	155570.0	62297.0	22480.0	63481.0	107945.0	11296.0	6649.0	22.7	18.3	33.6	28.4
2007-12-11	159046.0	63392.0	22043.0	63497.0	110013.0	12504.0	7337.0	22.1	18.2	32.7	28.4
2007-12-18	161560.0	64865.0	22375.0	63993.0	113215.0	13971.0	7239.0	21.2	17.7	32.1	27.5
2007-12-24	163577.0	66910.0	22698.0	64841.0	114757.0	12597.0	6893.0	20.7	17.5	31.3	27.2
2007-12-31	165819.0	66710.0	24332.0	67393.0	116586.0	13779.0	6964.0	20.7	17.1	31.4	26.7
2008-01-08	171672.0	65742.0	23519.0	69756.0	117787.0	13747.0	7939.0	20.4	16.6	31.2	26.1
2008-01-15	180100.0	66411.0	25850.0	77595.0	124642.0	14416.0	7930.0	17.3	16.7	28.2	26.4
2008-01-22	175730.0	62623.0	22547.0	78046.0	122539.0	12759.0	8342.0	17.8	16.8	28.6	26.5
2008-01-29	183544.0	63028.0	22765.0	82527.0	127860.0	12078.0	7008.0	17.5	16.6	28.8	26.9
2008-02-05	190091.0	70878.0	20648.0	82057.0	137475.0	11495.0	6307.0	17.3	17.8	27.8	28.4
2008-02-12	192447.0	76229.0	19364.0	84249.0	146763.0	11466.0	5817.0	17.4	19.0	28.5	29.8
2008-02-19	201843.0	75000.0	19011.0	94673.0	158194.0	11982.0	4450.0	18.5	18.9	28.9	30.0
2008-02-26	191977.0	73837.0	19011.0	86664.0	148277.0	11203.0	4416.0	20.2	21.0	31.6	33.1
2008-03-04	192088.0	70621.0	15622.0	83497.0	145263.0	11958.0	5191.0	18.7	21.0	30.0	32.5
2008-03-11	187900.0	62792.0	15403.0	87455.0	141080.0	10380.0	4144.0	18.8	20.4	28.5	31.7
2008-03-18	176631.0	51171.0	12287.0	90326.0	134902.0	9456.0	3764.0	18.6	20.2	27.3	31.9
2008-03-25	169494.0	45994.0	12280.0	90205.0	128656.0	7879.0	3142.0	18.9	19.8	28.5	31.6
2008-04-01	160969.0	45773.0	14567.0	90938.0	123522.0	4572.0	3194.0	19.6	18.7	29.5	30.4
2008-04-08	161591.0	44598.0	14624.0	90394.0	122799.0	6301.0	3870.0	19.4	19.6	29.3	30.6
2008-04-15	167583.0	40633.0	14796.0	98286.0	128959.0	11055.0	6219.0	18.8	18.6	27.5	28.7
2008-04-22	155657.0	42927.0	15580.0	89333.0	119944.0	8286.0	5022.0	20.2	19.2	29.5	29.6
2008-04-29	151237.0	42998.0	16937.0	86361.0	115459.0	7232.0	4195.0	20.7	19.1	30.3	29.2
2008-05-06	148003.0	40587.0	17506.0	82941.0	109437.0	8023.0	4608.0	21.1	20.1	31.0	29.6
2008-05-13	148899.0	40926.0	14877.0	82850.0	110018.0	7541.0	6422.0	21.2	22.7	31.7	32.5
2008-05-20	150178.0	40942.0	14627.0	81920.0	111096.0	7983.0	5122.0	21.0	23.2	31.3	33.0
2008-05-27	151882.0	40104.0	15975.0	82519.0	108716.0	8221.0	6153.0	20.4	23.0	30.0	32.4
2008-06-03	153194.0	39533.0	16683.0	83566.0	105670.0	8403.0	9149.0	20.3	22.6	29.9	31.5
2008-06-10	148748.0	38499.0	17273.0	81695.0	101917.0	8701.0	9705.0	20.3	22.1	30.2	31.4
2008-06-17	144066.0	37824.0	15265.0	83837.0	107251.0	8845.0	7990.0	20.5	22.4	30.7	32.6
2008-06-24	140857.0	39984.0	14246.0	75652.0	104463.0	11363.0	8290.0	20.9	22.6	31.4	34.3
2008-07-01	148775.0	43195.0	14420.0	79184.0	111257.0	10630.0	7332.0	20.1	21.4	31.5	33.3
2008-07-08	148715.0	39817.0	12454.0	80239.0	109146.0	9771.0	8227.0	19.8	21.2	31.8	32.3
2008-07-15	145873.0	37738.0	12187.0	81521.0	111640.0	10157.0	5589.0	20.2	21.3	32.3	32.4
2008-07-22	146500.0	38219.0	14780.0	81956.0	108159.0	7702.0	4938.0	19.7	20.4	31.4	30.9
2008-07-29	146668.0	36027.0	18786.0	83703.0	102868.0	7117.0	5193.0	19.6	19.0	31.3	28.6
2008-08-05	145055.0	36591.0	19216.0	84382.0	101970.0	6688.0	6475.0	20.1	18.8	31.8	28.3
2008-08-12	132765.0	33762.0	19774.0	79294.0	95076.0	7398.0	5604.0	21.4	19.5	34.0	29.3
2008-08-19	128667.0	32062.0	23080.0	81069.0	87641.0	4217.0	6627.0	22.2	19.7	35.2	28.2
2008-08-26	126493.0	36063.0	22633.0	75729.0	92858.0	5539.0	1840.0	22.6	20.7	36.0	30.5
2008-09-02	127113.0	39861.0	20840.0	73560.0	95077.0	3880.0	1384.0	22.4	21.9	35.8	32.1
2008-09-09	123156.0	35942.0	20932.0	75148.0	91614.0	3759.0	2303.0	23.3	22.1	37.9	31.9
2008-09-16	126229.0	33585.0	27906.0	79211.0	85321.0	4957.0	4526.0	21.4	21.2	36.3	30.1
2008-09-23	123753.0	33343.0	30597.0	77314.0	80223.0	2760.0	2597.0	21.5	21.1	36.5	30.0
2008-09-30	137031.0	32737.0	31146.0	89001.0	89860.0	3503.0	4235.0	18.8	18.8	32.0	26.8
2008-10-07	138300.0	27789.0	36423.0	89075.0	79927.0	5531.0	6045.0	15.9	17.6	28.6	24.8
2008-10-14	132198.0	25834.0	35452.0	87952.0	77754.0	4652.0	5232.0	16.2	18.7	28.8	26.8
2008-10-21	129213.0	26406.0	35598.0	85195.0	74985.0	3958.0	4976.0	16.3	19.3	29.2	27.2
2008-10-28	128577.0	27169.0	34795.0	81913.0	73487.0	4145.0	4945.0	17.1	19.5	30.4	27.5
2008-11-04	125623.0	27065.0	32819.0	81179.0	75589.0	5375.0	5211.0	17.3	19.9	29.8	28.2
2008-11-11	122993.0	26027.0	31654.0	82190.0	76263.0	4733.0	5033.0	17.2	18.3	30.0	27.5
2008-11-18	111924.0	18360.0	27085.0	77446.0	67630.0	7029.0	8120.0	17.0	20.6	30.2	28.9
2008-11-25	108048.0	18881.0	26667.0	73023.0	64611.0	6460.0	7086.0	17.8	23.4	31.1	32.0
2008-12-02	109380.0	18573.0	26840.0	73530.0	64352.0	6971.0	7882.0	17.2	20.7	30.3	30.4
2008-12-09	114655.0	19029.0	30167.0	77513.0	64993.0	5818.0	7200.0	17.0	20.4	29.6	30.8
2008-12-16	119674.0	18273.0	28336.0	76989.0	66107.0	6230.0	7049.0	16.3	19.5	27.9	29.6
2008-12-22	121505.0	18782.0	29369.0	77918.0	66482.0	5676.0	6525.0	16.3	19.3	28.1	29.3
2008-12-30	122856.0	19040.0	30699.0	78989.0	66958.0	5624.0	5996.0	16.3	19.5	28.2	29.4
2009-01-06	127437.0	22457.0	29557.0	78073.0	70907.0	6841.0	6907.0	16.0	18.6	27.5	28.4
2009-01-13	127162.0	26783.0	25680.0	70073.0	71427.0	9331.0	9080.0	15.1	18.1	26.6	28.8
2009-01-20	128222.0	27606.0	24448.0	69048.0	73762.0	9204.0	7648.0	14.9	18.1	26.2	28.5
2009-01-27	134488.0	29767.0	21873.0	71509.0	81009.0	8858.0	7252.0	14.2	17.1	23.8	26.9
2009-02-03	137744.0	29790.0	20847.0	72931.0	82985.0	8833.0	7722.0	13.7	16.6	23.1	26.2
2009-02-10	136959.0	29013.0	19379.0	73009.0	83339.0	9743.0	9047.0	14.0	16.5	23.4	26.2
2009-02-17	130901.0	28773.0	21778.0	72486.0	79829.0	7293.0	6945.0	14.6	16.7	24.5	26.2
2009-02-24	123023.0	29748.0	23463.0	65386.0	66425.0	6935.0	12181.0	15.8	15.1	26.3	25.2
2009-03-03	127510.0	28728.0	27997.0	69137.0	69186.0	7493.0	8175.0	14.8	17.0	25.5	26.4
2009-03-10	131281.0	29858.0	29368.0	72172.0	71907.0	7562.0	8317.0	14.3	16.9	24.5	26.0
2009-03-17	136670.0	28723.0	27642.0	77965.0	79499.0	7191.0	6738.0	13.8	16.5	23.8	25.4
2009-03-24	139628.0	29100.0	22542.0	77874.0	85498.0	9055.0	7989.0	13.7	15.5	23.1	24.8
2009-03-31	142245.0	30464.0	21345.0	80064.0	90712.0	7467.0	5938.0	13.2	14.6	22.3	24.0
2009-04-07	142856.0	29740.0	18273.0	79749.0	92804.0	8524.0	6936.0	13.1	14.9	22.1	24.2
2009-04-14	140059.0	28232.0	17379.0	81726.0	93307.0	7408.0	6680.0	13.4	14.4	22.6	23.9
2009-04-21	127578.0	29647.0	21861.0	71216.0	78379.0	6738.0	7361.0	14.9	14.8	25.4	24.8
2009-04-28	123772.0	29659.0	20219.0	68556.0	77498.0	6595.0	7093.0	15.5	18.5	26.4	29.1
2009-05-05	127805.0	31891.0	17425.0	67540.0	83250.0	8493.0	7249.0	15.4	18.5	25.5	27.9
2009-05-12	133300.0	33345.0	13053.0	68561.0	91214.0	9695.0	7334.0	15.1	16.2	24.8	26.1
2009-05-19	137013.0	36975.0	12360.0	66279.0	93959.0	11021.0	7956.0	14.7	18.7	24.2	28.9
2009-05-26	141549.0	40792.0	12324.0	66992.0	97903.0	10342.0	7899.0	14.8	18.2	25.1	28.5
2009-06-02	144634.0	45428.0	11748.0	66722.0	103392.0	10315.0	7325.0	16.2	18.2	25.8	28.3
2009-06-09	136437.0	41657.0	9244.0	65398.0	100057.0	10019.0	7773.0	15.5	18.3	25.7	28.9
2009-06-16	126171.0	31488.0	9112.0	68889.0	93089.0	8661.0	6837.0	17.2	19.0	27.1	29.4
2009-06-23	112453.0	27132.0	10534.0	64190.0	80884.0	7379.0	7283.0	19.4	23.2	30.3	33.3
2009-06-30	111402.0	27620.0	13872.0	63293.0	77651.0	7302.0	6692.0	20.6	20.1	29.1	31.1
2009-07-07	111378.0	27159.0	15413.0	62577.0	74271.0	8294.0	8346.0	20.3	19.7	28.8	31.1
2009-07-14	107649.0	23539.0	16963.0	63456.0	70434.0	8703.0	8301.0	20.5	20.0	29.8	32.0
2009-07-21	107678.0	24224.0	17039.0	61933.0	70621.0	9182.0	7679.0	21.0	20.1	30.3	32.2
2009-07-28	105603.0	23964.0	15700.0	60118.0	69758.0	9205.0	7829.0	21.5	20.1	30.9	31.8
2009-08-04	103833.0	25737.0	11001.0	56609.0	73866.0	9131.0	6610.0	22.4	20.9	31.0	32.6
2009-08-11	106270.0	30695.0	9043.0	54707.0	78842.0	10253.0	7770.0	22.0	21.2	30.7	33.9
2009-08-18	102590.0	28341.0	5405.0	56579.0	80903.0	7506.0	6118.0	22.2	21.1	31.5	34.6
2009-08-25	93025.0	23887.0	8090.0	52968.0	69314.0	6655.0	6106.0	24.6	23.4	34.9	36.6
2009-09-01	94776.0	22962.0	12754.0	55463.0	65622.0	6530.0	6579.0	24.8	22.6	35.0	35.3
2009-09-08	96145.0	23456.0	15586.0	56874.0	65321.0	6370.0	5793.0	24.5	22.9	34.7	36.2
2009-09-15	96285.0	26109.0	13200.0	56593.0	70736.0	5442.0	4208.0	24.8	23.6	35.6	36.2
2009-09-22	103574.0	29875.0	9174.0	57132.0	79461.0	6292.0	4664.0	23.4	22.7	35.0	36.0
2009-09-29	98940.0	27335.0	7733.0	56408.0	77819.0	5700.0	3891.0	24.4	23.2	35.9	36.6
2009-10-06	101848.0	28283.0	8993.0	56382.0	78375.0	6244.0	3541.0	23.9	22.4	35.3	35.1
2009-10-13	110478.0	35558.0	9272.0	54823.0	83178.0	7775.0	5706.0	21.7	21.1	32.2	33.5
2009-10-20	122452.0	44265.0	10881.0	54858.0	91907.0	8089.0	4424.0	19.8	19.8	30.6	32.3
2009-10-27	122873.0	43835.0	10317.0	56429.0	93017.0	7266.0	4196.0	20.5	20.1	32.1	33.0
2009-11-03	125359.0	43005.0	9084.0	57380.0	94395.0	8218.0	5124.0	20.2	19.8	32.3	32.5
2009-11-09	129949.0	44896.0	9409.0	62597.0	100555.0	8470.0	5999.0	19.6	19.1	32.1	32.0
2009-11-17	113767.0	31304.0	7393.0	64696.0	90648.0	7415.0	5374.0	22.8	25.1	35.9	37.2
2009-11-24	107505.0	30221.0	7580.0	60121.0	84997.0	6447.0	4212.0	24.1	22.9	38.2	35.2
2009-12-01	112189.0	35189.0	8669.0	58937.0	88574.0	7259.0	4142.0	23.7	20.8	37.3	33.3
2009-12-08	120127.0	40108.0	9079.0	59353.0	93694.0	7900.0	4588.0	22.0	21.7	34.7	33.9
2009-12-15	127695.0	45676.0	8875.0	60015.0	100820.0	7892.0	3888.0	21.0	21.0	32.9	33.7
2009-12-22	130027.0	45380.0	9390.0	61614.0	101617.0	9184.0	5171.0	20.7	20.9	32.7	33.0
2009-12-29	124939.0	38824.0	8204.0	62853.0	96970.0	9405.0	5908.0	21.6	21.6	33.8	33.7
2010-01-05	127082.0	38275.0	10725.0	64035.0	95311.0	9000.0	5274.0	20.9	21.1	33.0	32.9
2010-01-12	129501.0	40747.0	9983.0	63478.0	98536.0	8868.0	4574.0	19.6	20.7	31.9	32.4
2010-01-19	131971.0	41209.0	9283.0	64931.0	100241.0	8353.0	4969.0	19.0	20.4	32.2	32.2
2010-01-26	130012.0	38679.0	10802.0	66336.0	97504.0	7085.0	3794.0	19.5	20.4	32.7	31.7
2010-02-02	128899.0	34984.0	14778.0	69496.0	91025.0	5642.0	4319.0	19.0	19.5	31.0	29.7
2010-02-09	134866.0	35540.0	18898.0	72076.0	89699.0	10732.0	9751.0	17.9	18.0	30.0	27.6
2010-02-16	125351.0	34359.0	18803.0	71110.0	86809.0	6335.0	6192.0	19.3	19.6	32.3	29.7
2010-02-23	122879.0	32963.0	19216.0	67511.0	82178.0	6968.0	6048.0	19.8	19.0	33.5	29.5
2010-03-02	121176.0	30318.0	20182.0	67479.0	78111.0	7066.0	6570.0	20.0	18.9	33.7	29.5
2010-03-09	125550.0	31094.0	20528.0	67607.0	79009.0	8210.0	7374.0	19.4	18.3	32.2	28.7
2010-03-16	122903.0	30449.0	20999.0	68459.0	78518.0	6724.0	6115.0	20.0	18.6	34.0	28.9
2010-03-23	125387.0	31131.0	18006.0	67473.0	81385.0	7133.0	6346.0	19.9	19.0	32.8	29.1
2010-03-30	129655.0	35097.0	14267.0	66778.0	89323.0	7828.0	6113.0	19.6	19.4	31.1	28.9
2010-04-06	130970.0	35256.0	13439.0	67104.0	91173.0	8908.0	6656.0	20.0	19.0	31.3	28.6
2010-04-13	132943.0	30960.0	15381.0	73936.0	92033.0	9818.0	7300.0	19.5	18.9	30.2	27.4
2010-04-20	133901.0	31639.0	24129.0	75160.0	83494.0	8165.0	7341.0	19.6	16.9	29.9	26.6
2010-04-27	138415.0	33782.0	30492.0	74547.0	79184.0	8257.0	6910.0	18.9	16.7	28.9	25.3
2010-05-04	134962.0	34925.0	23833.0	69410.0	80773.0	9401.0	9130.0	19.7	16.4	30.0	26.1
2010-05-11	136643.0	34078.0	22656.0	70295.0	81792.0	10665.0	10590.0	19.5	16.1	29.6	25.4
2010-05-18	133675.0	35034.0	22248.0	70090.0	82591.0	7483.0	7768.0	19.9	16.2	29.8	25.4
2010-05-25	138973.0	35868.0	26787.0	74207.0	82008.0	7701.0	8981.0	19.0	15.9	28.7	25.3
2010-06-01	137543.0	37516.0	22660.0	69774.0	83733.0	7810.0	8707.0	18.8	15.6	28.5	25.4
2010-06-08	139955.0	38222.0	26006.0	67867.0	80965.0	9795.0	8913.0	18.4	15.1	28.8	24.0
2010-06-15	151217.0	46063.0	18349.0	65179.0	93971.0	12083.0	11005.0	17.1	16.6	25.6	24.9
2010-06-22	161586.0	51591.0	16172.0	69525.0	107966.0	11526.0	8504.0	15.8	15.5	24.6	23.7
2010-06-29	165410.0	53040.0	15837.0	71572.0	112136.0	10352.0	6991.0	15.3	15.4	24.9	22.8
2010-07-06	165787.0	53011.0	14519.0	73547.0	115042.0	9643.0	6640.0	15.0	15.0	24.5	22.5
2010-07-13	171872.0	54891.0	13677.0	74199.0	119020.0	10908.0	7301.0	14.9	14.7	23.7	22.5
2010-07-20	170879.0	55722.0	14011.0	73176.0	117712.0	10883.0	8058.0	15.2	15.1	24.0	23.2
2010-07-27	166376.0	55044.0	11910.0	70936.0	117035.0	10523.0	7558.0	15.6	15.4	25.0	23.8
2010-08-03	166182.0	56126.0	11767.0	70671.0	118400.0	10265.0	6895.0	15.8	16.0	25.4	24.7
2010-08-10	162731.0	54769.0	12153.0	69770.0	115083.0	10193.0	7496.0	15.9	15.4	26.0	24.1
2010-08-17	158710.0	57633.0	13128.0	69081.0	115832.0	8498.0	6252.0	16.4	16.0	27.8	25.0
2010-08-24	144730.0	51146.0	11584.0	64785.0	104790.0	8216.0	7773.0	17.4	15.5	29.5	24.4
2010-08-31	140836.0	48674.0	10975.0	62944.0	102043.0	7223.0	5823.0	18.0	15.6	29.9	24.4
2010-09-07	147717.0	52205.0	11448.0	63501.0	105724.0	8454.0	6988.0	17.2	15.0	29.3	24.0
2010-09-14	146581.0	54049.0	11705.0	62749.0	106910.0	9187.0	7370.0	17.7	14.8	29.4	24.7
2010-09-21	141606.0	52361.0	12092.0	61789.0	104151.0	10154.0	8061.0	17.9	14.5	30.3	24.4
2010-09-28	140907.0	51567.0	12396.0	62021.0	103311.0	10613.0	8494.0	18.0	14.4	29.8	24.5
2010-10-05	132541.0	44483.0	12440.0	63451.0	96675.0	8575.0	7394.0	18.8	13.9	30.5	23.4
2010-10-12	135111.0	45371.0	13244.0	64023.0	97648.0	9584.0	8086.0	18.4	13.8	30.0	23.3
2010-10-19	140137.0	48599.0	11726.0	65528.0	103964.0	8952.0	7389.0	18.1	14.0	29.1	23.6
2010-10-26	148371.0	53613.0	13295.0	66944.0	109861.0	9041.0	6442.0	17.3	13.9	28.0	23.7
2010-11-02	148595.0	53680.0	12650.0	67624.0	111795.0	9401.0	6260.0	17.6	13.8	28.5	23.5
2010-11-09	148813.0	53926.0	11780.0	70704.0	116365.0	7014.0	3499.0	18.0	14.1	29.2	24.2
2010-11-16	133788.0	40889.0	7024.0	70728.0	106599.0	5727.0	3721.0	19.1	15.1	29.8	24.9
2010-11-23	130796.0	42036.0	7206.0	68103.0	105152.0	7252.0	5033.0	19.7	15.0	30.1	25.5
2010-11-30	127596.0	40730.0	7552.0	66994.0	102208.0	6930.0	4894.0	19.9	15.0	30.0	25.3
2010-12-07	131104.0	43321.0	6458.0	66075.0	105793.0	8041.0	5186.0	19.1	15.2	29.1	25.4
2010-12-14	133138.0	44374.0	6387.0	66770.0	107936.0	8701.0	5522.0	18.9	14.9	28.8	25.0
2010-12-21	137925.0	44842.0	6728.0	68887.0	110408.0	8699.0	5292.0	18.9	14.5	28.5	24.2
2010-12-28	139628.0	44925.0	6989.0	70155.0	111655.0	8467.0	4903.0	18.8	14.7	28.7	24.3
2011-01-04	140740.0	44781.0	7245.0	70285.0	110943.0	9082.0	5960.0	18.6	14.7	28.4	24.2
2011-01-11	138452.0	47061.0	7464.0	65911.0	108679.0	9527.0	6356.0	16.1	13.8	25.6	22.8
2011-01-18	138410.0	49321.0	6897.0	65630.0	111329.0	10244.0	6969.0	14.4	13.7	24.1	22.5
2011-01-25	136873.0	45527.0	6736.0	67542.0	108933.0	8730.0	6130.0	14.4	13.7	24.0	22.2
2011-02-01	142532.0	49875.0	9011.0	67284.0	112207.0	9854.0	5795.0	14.1	14.0	23.8	22.5
2011-02-08	146637.0	50685.0	11355.0	71251.0	114797.0	11047.0	6831.0	13.9	13.5	23.9	22.0
2011-02-15	128663.0	44458.0	6496.0	65348.0	106972.0	9111.0	5449.0	15.9	16.4	27.4	25.6
2011-02-22	126328.0	44364.0	7625.0	63604.0	104089.0	7968.0	4222.0	16.3	16.0	27.7	26.2
2011-03-01	121382.0	41163.0	9907.0	61283.0	96244.0	8185.0	4480.0	17.2	15.5	29.0	25.3
2011-03-08	128569.0	44702.0	10568.0	63107.0	101729.0	10187.0	5699.0	16.7	15.1	27.9	24.3
2011-03-15	122449.0	36663.0	9153.0	65281.0	95667.0	9902.0	7026.0	17.3	15.1	28.1	23.9
2011-03-22	121437.0	37038.0	9648.0	64069.0	94787.0	9281.0	5953.0	17.8	14.9	28.5	23.8
2011-03-29	121346.0	34188.0	10252.0	64982.0	91658.0	8644.0	5904.0	18.1	14.8	28.6	23.5
2011-04-05	124409.0	36455.0	10440.0	65051.0	93571.0	7081.0	4576.0	17.4	14.7	27.8	22.9
2011-04-12	121875.0	36667.0	7154.0	67970.0	99938.0	8065.0	5610.0	17.5	15.5	28.4	24.0
2011-04-19	116648.0	41405.0	6922.0	60110.0	98268.0	8199.0	4524.0	17.9	16.6	29.8	25.9
2011-04-26	116698.0	42612.0	8488.0	58930.0	97428.0	8482.0	4108.0	17.7	16.6	30.0	26.7
2011-05-03	120301.0	44725.0	11092.0	59099.0	97270.0	9202.0	4664.0	17.6	16.8	29.9	26.6
2011-05-10	115685.0	39941.0	11178.0	58658.0	90316.0	8476.0	5581.0	18.0	16.4	30.5	25.9
2011-05-17	110725.0	32450.0	10926.0	60764.0	84466.0	6872.0	4694.0	18.2	15.6	29.8	24.6
2011-05-24	112608.0	29337.0	11486.0	62806.0	81719.0	8462.0	7400.0	18.0	15.0	29.0	23.7
2011-05-31	112192.0	29468.0	10758.0	60410.0	80844.0	8424.0	6700.0	17.7	15.1	28.6	23.8
2011-06-07	112646.0	28083.0	12499.0	63399.0	79817.0	7509.0	6675.0	17.4	14.9	28.5	23.7
2011-06-14	107353.0	28688.0	10992.0	61942.0	81307.0	6750.0	5081.0	18.1	15.4	29.1	24.7
2011-06-21	107398.0	24491.0	14370.0	66820.0	76248.0	6256.0	6949.0	17.7	13.5	29.2	21.5
2011-06-28	106103.0	25139.0	16328.0	66146.0	74479.0	6209.0	6687.0	18.0	13.4	30.0	22.1
2011-07-05	107245.0	26523.0	15804.0	66155.0	77431.0	7016.0	6459.0	18.3	14.3	30.1	24.4
2011-07-12	108202.0	26946.0	15603.0	65652.0	78004.0	6707.0	5698.0	18.2	13.1	28.9	22.7
2011-07-19	108597.0	26608.0	17811.0	65874.0	76125.0	7211.0	5757.0	17.7	12.7	28.4	21.9
2011-07-26	107293.0	26674.0	19893.0	61776.0	68993.0	7165.0	6729.0	17.8	12.4	28.6	21.0
2011-08-02	111530.0	27030.0	20979.0	63992.0	70059.0	7316.0	7300.0	17.1	12.8	27.7	21.1
2011-08-09	109031.0	29243.0	21646.0	62450.0	69255.0	7471.0	8263.0	16.4	13.8	27.1	21.8
2011-08-16	107446.0	28361.0	21318.0	61663.0	69589.0	8124.0	7241.0	16.2	13.6	26.9	22.2
2011-08-23	102412.0	29633.0	17510.0	55206.0	69162.0	6842.0	5009.0	17.5	13.0	28.8	22.6
2011-08-30	106243.0	34595.0	14627.0	52007.0	74741.0	6786.0	4020.0	16.8	15.4	27.7	24.1
2011-09-06	113221.0	39345.0	14607.0	52151.0	79208.0	7237.0	4918.0	15.8	14.6	26.8	22.8
2011-09-13	114618.0	36880.0	12856.0	56353.0	82725.0	6821.0	4473.0	16.3	15.4	26.7	23.3
2011-09-20	114007.0	34023.0	11768.0	57748.0	81716.0	5804.0	4091.0	16.1	14.2	26.3	22.3
2011-09-27	115239.0	28793.0	14755.0	63418.0	77379.0	4994.0	5071.0	15.8	12.0	25.9	20.5
2011-10-04	117030.0	30983.0	19108.0	65117.0	76268.0	4150.0	4874.0	15.1	15.3	25.8	22.9
2011-10-11	117657.0	30365.0	21351.0	65023.0	73072.0	4880.0	5845.0	14.8	14.5	26.4	22.0
2011-10-18	120745.0	26769.0	16779.0	70255.0	79043.0	5989.0	7191.0	14.2	11.7	24.2	18.7
2011-10-25	122607.0	29129.0	15149.0	70197.0	84044.0	5304.0	5437.0	14.2	13.1	23.9	19.9
2011-11-01	122541.0	27723.0	17450.0	71504.0	81069.0	5925.0	6633.0	13.8	13.2	23.0	19.8
2011-11-08	114896.0	23724.0	16047.0	68899.0	74987.0	7789.0	9378.0	14.7	11.3	24.2	18.6
2011-11-15	104414.0	23112.0	16662.0	65471.0	70126.0	5296.0	7091.0	16.0	12.3	27.5	19.7
2011-11-22	97495.0	22787.0	14421.0	60892.0	67892.0	4087.0	5453.0	17.1	13.5	29.1	21.3
2011-11-29	99583.0	24739.0	15322.0	60058.0	67840.0	5162.0	6797.0	16.3	13.1	27.9	20.4
2011-12-06	100602.0	27104.0	16082.0	56182.0	66235.0	5650.0	6619.0	16.0	12.7	27.4	19.9
2011-12-13	103082.0	24271.0	20445.0	60681.0	62817.0	5817.0	7507.0	15.9	11.8	27.4	18.7
2011-12-20	103143.0	23427.0	22152.0	62195.0	61042.0	5162.0	7590.0	15.8	12.0	27.3	19.3
2011-12-27	104103.0	24039.0	22458.0	61988.0	61803.0	5506.0	7272.0	15.6	12.0	26.7	19.9
2012-01-03	105415.0	24915.0	20510.0	60889.0	63301.0	5901.0	7894.0	15.0	10.4	26.4	18.4
2012-01-10	111501.0	28714.0	23404.0	62025.0	65565.0	5563.0	7333.0	14.2	10.5	26.0	17.9
2012-01-17	112656.0	30116.0	19722.0	60685.0	69643.0	6500.0	7936.0	14.4	10.4	26.2	17.5
2012-01-24	116252.0	30647.0	21778.0	63567.0	71093.0	6452.0	7795.0	13.9	10.1	25.4	17.2
2012-01-31	124356.0	33055.0	24414.0	65470.0	72602.0	7495.0	9004.0	13.0	9.2	23.4	15.8
2012-02-07	136418.0	37328.0	26881.0	69632.0	79201.0	7698.0	8576.0	12.0	9.0	21.3	15.3
2012-02-14	130330.0	32984.0	29770.0	73294.0	75202.0	6488.0	7794.0	12.7	8.9	22.7	15.2
2012-02-21	129976.0	34016.0	32656.0	71633.0	72408.0	6801.0	7386.0	13.1	10.4	22.9	16.8
2012-02-28	133823.0	36666.0	35076.0	70922.0	71911.0	8047.0	8648.0	12.6	10.3	21.8	16.6
2012-03-06	139102.0	37674.0	36219.0	73308.0	73282.0	7843.0	9324.0	12.2	10.2	21.3	16.0
2012-03-13	147387.0	37348.0	38479.0	78332.0	76284.0	8192.0	9109.0	11.7	9.7	20.5	15.4
2012-03-20	155555.0	40018.0	41475.0	82234.0	79214.0	8095.0	9658.0	11.1	10.1	19.6	16.1
2012-03-27	154900.0	40041.0	40991.0	83502.0	81186.0	7508.0	8874.0	11.2	10.0	19.8	16.7
2012-04-03	157812.0	40807.0	39725.0	84436.0	84290.0	7352.0	8580.0	10.9	9.8	18.9	16.8
2012-04-10	158097.0	42601.0	41105.0	85747.0	86304.0	6914.0	7853.0	10.9	10.9	18.8	18.1
2012-04-17	145225.0	36822.0	43194.0	83465.0	76526.0	6644.0	7211.0	12.5	11.9	21.4	20.3
2012-04-24	146367.0	38133.0	42665.0	83510.0	78469.0	6718.0	7227.0	12.2	11.9	21.1	19.9
2012-05-01	144219.0	38524.0	42703.0	81474.0	77017.0	7049.0	7327.0	12.1	12.7	21.3	20.2
2012-05-08	146714.0	39191.0	44365.0	83163.0	77062.0	5927.0	6854.0	11.8	12.1	20.8	19.7
2012-05-15	145889.0	38954.0	41984.0	82330.0	78755.0	6056.0	6601.0	11.9	12.1	21.0	19.5
2012-05-22	149445.0	39576.0	41048.0	82584.0	79937.0	6387.0	7562.0	11.9	11.7	20.8	18.8
2012-05-29	150688.0	37715.0	42750.0	83395.0	76673.0	6968.0	8655.0	11.4	11.6	20.2	18.7
2012-06-05	159364.0	37632.0	43478.0	86005.0	78984.0	7218.0	8393.0	10.3	10.7	18.6	17.2
2012-06-12	151728.0	34339.0	43279.0	88148.0	78181.0	7191.0	8218.0	11.2	10.0	20.0	16.9
2012-06-19	142573.0	34185.0	43701.0	82350.0	71934.0	7358.0	8258.0	12.1	9.9	21.3	17.4
2012-06-26	139446.0	34670.0	43505.0	80449.0	70720.0	7350.0	8244.0	12.6	10.1	22.2	17.6
2012-07-03	137944.0	33517.0	39748.0	79885.0	72353.0	6524.0	7825.0	12.4	10.0	22.4	17.5
2012-07-10	139115.0	33805.0	35501.0	79921.0	76746.0	6964.0	8443.0	12.2	10.2	22.2	17.7
2012-07-17	139757.0	34561.0	34347.0	78452.0	77497.0	7677.0	8846.0	12.2	10.1	21.7	17.5
2012-07-24	135078.0	33069.0	32653.0	77174.0	76622.0	7574.0	8542.0	12.3	10.6	22.1	18.0
2012-07-31	136278.0	31782.0	31985.0	78001.0	76461.0	7220.0	8557.0	12.0	10.4	21.9	17.4
2012-08-07	138521.0	32429.0	33579.0	76924.0	74396.0	6864.0	8242.0	11.6	10.2	21.4	17.3
2012-08-14	137525.0	30956.0	38017.0	80801.0	71847.0	6816.0	8709.0	12.0	9.8	21.4	16.7
2012-08-21	135950.0	32205.0	45504.0	79736.0	65593.0	7610.0	8454.0	12.2	10.0	21.7	18.4
2012-08-28	136235.0	32945.0	47687.0	79814.0	64532.0	7401.0	7941.0	12.3	11.2	21.7	19.6
2012-09-04	138853.0	33374.0	50277.0	80620.0	63519.0	8272.0	8470.0	11.6	12.2	20.9	20.6
2012-09-11	143251.0	33556.0	50381.0	82077.0	65450.0	8269.0	8071.0	11.4	12.1	20.6	20.5
2012-09-18	139043.0	32052.0	40523.0	79232.0	70842.0	7962.0	7881.0	11.8	11.3	21.6	18.7
2012-09-25	140955.0	30084.0	38833.0	79688.0	71271.0	8602.0	8270.0	11.3	11.3	21.0	18.2
2012-10-02	140954.0	31072.0	34875.0	80649.0	77210.0	6075.0	5711.0	11.4	10.7	20.8	17.3
2012-10-09	140404.0	28864.0	34169.0	80246.0	75756.0	8367.0	7552.0	11.1	10.5	20.2	16.8
2012-10-16	150187.0	31047.0	43023.0	81340.0	70892.0	10204.0	8676.0	10.6	10.1	19.1	17.4
2012-10-23	151686.0	32593.0	47163.0	80629.0	67120.0	10448.0	9387.0	10.7	10.6	19.1	17.6
2012-10-30	152813.0	31955.0	48213.0	80217.0	65055.0	10965.0	9869.0	10.5	10.6	19.2	17.7
2012-11-06	152787.0	32857.0	53258.0	82967.0	63504.0	11233.0	10295.0	10.5	11.1	19.0	18.1
2012-11-13	140426.0	37218.0	56196.0	74672.0	56281.0	10932.0	10345.0	11.3	12.1	20.8	20.8
2012-11-20	134382.0	40673.0	58204.0	72555.0	54691.0	8161.0	8494.0	11.8	16.2	21.7	25.7
2012-11-27	135236.0	41679.0	57780.0	71415.0	55317.0	8650.0	8647.0	11.8	16.6	21.7	26.2
2012-12-04	139259.0	43986.0	58860.0	69503.0	55101.0	10331.0	9859.0	11.2	17.0	20.8	26.5
2012-12-11	140759.0	44448.0	57538.0	70892.0	57621.0	8773.0	8954.0	11.2	14.0	21.0	24.3
2012-12-18	143616.0	44564.0	60254.0	71569.0	57440.0	11501.0	9940.0	11.0	13.8	20.4	24.4
2012-12-24	140711.0	43429.0	59974.0	71663.0	57920.0	9012.0	6210.0	11.4	14.0	21.2	24.9
2012-12-31	143736.0	44793.0	59253.0	72474.0	58567.0	9845.0	9292.0	11.2	13.9	20.8	24.6
2013-01-08	147907.0	45546.0	59060.0	74746.0	62802.0	9737.0	8167.0	11.5	12.9	21.4	23.4
2013-01-15	149185.0	46641.0	51740.0	75849.0	72134.0	9712.0	8328.0	13.4	12.9	24.7	23.8
2013-01-22	152505.0	46802.0	50307.0	77762.0	74932.0	10513.0	9838.0	13.2	12.2	24.8	22.8
2013-01-29	155683.0	45262.0	48483.0	79454.0	76924.0	9806.0	9115.0	12.9	12.4	24.2	23.3
2013-02-05	162774.0	45611.0	54530.0	83689.0	75785.0	9866.0	8851.0	12.2	12.2	23.0	22.1
2013-02-12	159769.0	43982.0	62685.0	89542.0	72038.0	10205.0	9006.0	12.3	12.5	23.2	22.0
2013-02-19	159526.0	47265.0	67694.0	86616.0	67179.0	9871.0	8879.0	12.2	14.0	22.8	24.0
2013-02-26	161433.0	51426.0	66605.0	84858.0	70359.0	9394.0	8714.0	12.0	14.8	22.7	25.1
2013-03-05	167363.0	53294.0	68636.0	86252.0	72229.0	10330.0	9011.0	11.5	14.8	21.4	25.0
2013-03-12	165838.0	50793.0	66448.0	87354.0	73053.0	9854.0	8500.0	11.6	15.3	21.7	25.6
2013-03-19	174067.0	54225.0	73809.0	90772.0	71592.0	10776.0	10372.0	11.1	12.7	21.0	21.8
2013-03-26	175183.0	53266.0	72024.0	91473.0	73012.0	8817.0	8520.0	11.0	12.7	20.7	21.7
2013-04-02	175853.0	53986.0	69377.0	92086.0	74815.0	7496.0	9376.0	11.0	12.5	20.6	21.7
2013-04-09	174767.0	52367.0	65605.0	90017.0	76529.0	7760.0	8010.0	11.2	11.9	20.9	20.8
2013-04-16	166541.0	48676.0	65993.0	92624.0	74775.0	7839.0	8371.0	12.3	12.3	22.5	21.5
2013-04-23	159443.0	46892.0	56932.0	87037.0	77285.0	7565.0	7277.0	12.7	12.6	23.5	21.9
2013-04-30	165460.0	49385.0	61813.0	88447.0	75770.0	8175.0	8424.0	12.9	11.1	23.4	20.0
2013-05-07	159403.0	46456.0	50547.0	83999.0	79555.0	8313.0	8666.0	12.9	11.4	23.4	20.9
2013-05-14	157426.0	46907.0	41745.0	82331.0	88299.0	8485.0	7679.0	13.0	12.2	23.4	21.9
2013-05-21	162110.0	47348.0	50323.0	86609.0	83334.0	8208.0	8508.0	12.6	11.0	22.8	20.3
2013-05-28	176276.0	52511.0	63028.0	91907.0	81843.0	10475.0	10022.0	11.2	10.4	20.8	18.6
2013-06-04	180876.0	57170.0	67945.0	93457.0	82744.0	10904.0	10842.0	10.9	11.0	20.0	19.4
2013-06-11	180237.0	55795.0	67780.0	94488.0	82766.0	11717.0	11454.0	11.3	11.1	20.5	19.8
2013-06-18	163099.0	48567.0	67247.0	91077.0	73055.0	9937.0	9279.0	12.1	13.1	22.3	22.1
2013-06-25	152768.0	49280.0	67677.0	82009.0	63650.0	8099.0	8061.0	12.7	13.5	23.5	23.2
2013-07-02	150935.0	48225.0	62612.0	81191.0	67002.0	8274.0	8076.0	12.8	12.9	23.7	22.5
2013-07-09	152611.0	48237.0	63224.0	81889.0	67506.0	8725.0	8121.0	12.9	13.0	23.7	22.6
2013-07-16	152920.0	46595.0	58559.0	83034.0	72305.0	8877.0	7642.0	13.0	13.1	23.8	23.3
2013-07-23	153455.0	45804.0	52041.0	82416.0	77967.0	8882.0	7094.0	13.0	12.5	24.3	21.6
2013-07-30	156861.0	47566.0	52863.0	82388.0	78684.0	9082.0	7489.0	12.3	12.6	23.3	21.7
2013-08-06	162900.0	47621.0	59416.0	86468.0	75872.0	10052.0	8853.0	11.8	11.2	22.3	19.7
2013-08-13	153212.0	41819.0	54148.0	84443.0	73554.0	10307.0	8867.0	12.4	11.5	23.5	20.1
2013-08-20	143386.0	42212.0	54589.0	75241.0	65116.0	10335.0	8083.0	13.5	12.6	25.4	22.7
2013-08-27	146682.0	43772.0	60393.0	76595.0	62738.0	10396.0	7632.0	13.4	12.8	25.2	22.7
2013-09-03	151073.0	44190.0	60490.0	77327.0	64011.0	11126.0	8142.0	12.9	12.3	24.3	21.6
2013-09-10	153986.0	45861.0	63444.0	78460.0	63640.0	11986.0	9223.0	12.8	11.7	24.0	21.1
2013-09-17	156812.0	45402.0	64841.0	79375.0	62740.0	12135.0	9331.0	13.0	11.6	24.2	20.3
2013-09-24	155332.0	43780.0	62805.0	79625.0	63047.0	11354.0	8907.0	13.4	11.6	24.8	20.6
2013-10-01	157422.0	43782.0	64052.0	80305.0	63133.0	12063.0	8965.0	13.1	11.2	24.2	20.0
2013-10-08	158240.0	44277.0	63347.0	80635.0	64672.0	11632.0	8525.0	13.0	11.2	24.0	19.7
2013-10-15	155828.0	42582.0	57803.0	80165.0	68493.0	11873.0	8324.0	13.1	10.3	24.1	18.0
2013-10-22	160516.0	44001.0	63731.0	82216.0	66201.0	11558.0	7843.0	12.7	10.6	23.2	18.5
2013-10-29	169232.0	45884.0	70229.0	87122.0	65804.0	12072.0	9045.0	12.2	10.6	21.9	19.0
2013-11-05	170609.0	48227.0	75715.0	88016.0	65146.0	12654.0	8036.0	12.0	10.3	21.7	18.5
2013-11-12	163377.0	46968.0	73845.0	87838.0	65270.0	10893.0	6584.0	12.6	11.5	23.1	20.7
2013-11-19	151998.0	47718.0	70386.0	82399.0	62419.0	8503.0	5815.0	13.5	13.5	24.7	23.4
2013-11-26	149127.0	45683.0	66648.0	82903.0	64024.0	7061.0	4975.0	13.7	13.0	25.4	23.1
2013-12-03	147610.0	45797.0	64328.0	80301.0	63815.0	7150.0	5105.0	13.8	13.1	25.6	23.4
2013-12-10	151686.0	46815.0	66210.0	82119.0	64161.0	7257.0	5820.0	13.5	13.0	24.9	22.6
2013-12-17	146349.0	44848.0	56807.0	79220.0	69048.0	7702.0	5915.0	13.8	11.7	25.3	21.1
2013-12-24	142762.0	44124.0	51227.0	77358.0	71670.0	7874.0	6459.0	14.1	12.2	25.4	21.7
2014-01-07	142987.0	43856.0	46885.0	76415.0	75362.0	8780.0	6804.0	14.0	12.7	24.6	22.6
2014-01-14	146448.0	45349.0	45521.0	76977.0	79568.0	10226.0	7463.0	14.4	12.8	25.6	22.6
2014-01-21	146886.0	44602.0	46736.0	77010.0	78659.0	11155.0	7372.0	14.3	12.7	25.3	22.3
2014-01-28	152207.0	45801.0	50710.0	80064.0	79207.0	11357.0	7305.0	14.0	12.3	24.6	21.6
2014-02-04	159981.0	49902.0	40315.0	81541.0	93694.0	10149.0	7583.0	13.7	13.5	24.3	23.7
2014-02-11	164134.0	48891.0	29926.0	85221.0	108188.0	10440.0	6438.0	13.0	14.9	22.9	24.7
2014-02-18	165144.0	52814.0	24427.0	87973.0	119752.0	9271.0	5879.0	12.4	16.8	22.3	27.4
2014-02-25	161217.0	51927.0	19520.0	83348.0	119234.0	9906.0	6427.0	11.9	18.7	21.6	28.7
2014-03-04	160659.0	50510.0	16189.0	85594.0	123506.0	8994.0	5403.0	12.4	17.7	20.5	27.3
2014-03-11	167384.0	52298.0	14873.0	89149.0	130542.0	8748.0	4780.0	11.5	16.5	19.8	25.3
2014-03-18	171534.0	56416.0	13943.0	86088.0	132098.0	8862.0	5325.0	11.1	16.2	19.2	24.8
2014-03-25	173855.0	57666.0	15528.0	86249.0	132865.0	8966.0	4488.0	10.5	15.4	18.0	23.8
2014-04-01	172107.0	55849.0	16740.0	87148.0	129985.0	7545.0	3817.0	9.9	15.3	17.5	23.7
2014-04-08	167229.0	53572.0	16457.0	82389.0	124258.0	7332.0	2578.0	10.3	16.4	18.0	25.0
2014-04-15	155943.0	51530.0	11044.0	80376.0	124685.0	8682.0	4859.0	10.8	18.1	18.9	27.2
2014-04-22	152506.0	51798.0	10837.0	77100.0	123594.0	7892.0	2359.0	11.1	17.8	19.6	27.3
2014-04-29	157392.0	54310.0	10881.0	79423.0	126661.0	6262.0	2453.0	11.0	17.0	19.3	26.6
2014-05-06	158272.0	54612.0	11310.0	78988.0	125935.0	6406.0	2761.0	11.4	16.9	19.5	26.3
2014-05-13	160791.0	53288.0	12455.0	81848.0	125405.0	6199.0	3475.0	11.7	16.3	19.7	25.1
2014-05-20	163890.0	54498.0	12007.0	82184.0	127103.0	5945.0	3517.0	11.6	16.0	19.5	25.0
2014-05-27	165402.0	55021.0	13641.0	82568.0	126537.0	6691.0	4102.0	11.4	15.6	19.4	24.7
2014-06-03	165409.0	54545.0	13858.0	81093.0	124564.0	6887.0	4103.0	11.3	14.6	19.5	24.2
2014-06-10	170653.0	55746.0	14070.0	85862.0	129117.0	6649.0	5070.0	11.1	15.9	18.7	25.4
2014-06-17	160937.0	56794.0	11946.0	81550.0	128028.0	6598.0	4968.0	12.1	17.4	20.1	27.4
2014-06-24	156765.0	57018.0	11365.0	76868.0	124653.0	5674.0	3542.0	12.4	19.8	20.8	29.7
2014-07-01	158283.0	56484.0	12008.0	79075.0	125881.0	5037.0	2707.0	12.0	19.3	20.3	29.2
2014-07-08	157792.0	54678.0	11470.0	79082.0	124486.0	5769.0	3573.0	12.1	19.4	20.3	29.5
2014-07-15	161474.0	53225.0	14702.0	83352.0	122876.0	5104.0	4103.0	11.8	18.1	20.0	28.1
2014-07-22	161474.0	53837.0	13814.0	82630.0	123886.0	5919.0	4686.0	11.9	17.9	20.1	28.0
2014-07-29	163730.0	55697.0	11179.0	80211.0	126451.0	7065.0	5343.0	11.7	18.3	19.8	28.5
2014-08-05	164938.0	57646.0	9766.0	78405.0	129336.0	7157.0	4106.0	11.2	19.1	19.0	29.3
2014-08-12	158959.0	55403.0	10406.0	77404.0	126164.0	7539.0	3776.0	11.8	19.2	19.9	29.8
2014-08-19	155428.0	56863.0	10269.0	76574.0	126242.0	7514.0	4440.0	12.1	19.5	20.4	30.9
2014-08-26	152147.0	58640.0	10663.0	70201.0	122180.0	7650.0	3648.0	12.2	21.6	20.7	33.4
2014-09-02	153642.0	60714.0	10146.0	69884.0	124469.0	7486.0	3469.0	12.1	21.3	20.7	32.7
2014-09-09	156966.0	62492.0	12140.0	72434.0	126217.0	6893.0	3462.0	11.8	20.1	20.2	31.2
2014-09-16	154824.0	57883.0	14281.0	75701.0	121713.0	5283.0	2873.0	12.3	20.6	21.0	31.6
2014-09-23	153446.0	54434.0	14790.0	77366.0	118088.0	5250.0	4172.0	12.5	20.1	21.3	30.2
2014-09-30	155757.0	56110.0	12989.0	77362.0	122387.0	5922.0	4018.0	11.7	20.9	20.2	30.8
2014-10-07	163536.0	59705.0	12049.0	79761.0	129985.0	6493.0	3925.0	11.1	20.5	19.3	29.3
2014-10-14	170089.0	64579.0	11029.0	79742.0	135997.0	6834.0	4129.0	10.5	20.1	18.2	29.4
2014-10-21	173882.0	62989.0	9854.0	82264.0	138347.0	6634.0	3686.0	10.3	19.9	17.9	29.0
2014-10-28	171373.0	58312.0	9842.0	84177.0	135608.0	5680.0	2719.0	10.5	20.0	18.2	28.8
2014-11-04	165953.0	56241.0	9928.0	80154.0	128717.0	7187.0	4937.0	10.5	20.2	18.5	29.0
2014-11-11	160282.0	55562.0	9980.0	78178.0	125730.0	7945.0	5975.0	11.4	20.8	20.0	30.1
2014-11-18	149577.0	53835.0	9345.0	75431.0	122512.0	7496.0	4905.0	11.8	21.6	20.4	31.5
2014-11-25	151317.0	56670.0	8344.0	72777.0	123721.0	7286.0	4668.0	12.3	22.4	20.9	32.2
2014-12-02	154685.0	55026.0	9734.0	77783.0	124760.0	3980.0	2295.0	11.9	21.3	20.5	30.8
2014-12-09	154418.0	49648.0	11849.0	81931.0	120352.0	6684.0	6062.0	12.3	21.2	21.2	30.5
2014-12-16	154924.0	48218.0	12071.0	83410.0	119890.0	6927.0	6594.0	12.5	20.4	21.3	30.5
2014-12-23	156285.0	45803.0	13059.0	87245.0	119785.0	6815.0	7019.0	12.8	19.8	21.5	29.9
2014-12-30	159202.0	46078.0	16256.0	88884.0	118644.0	7390.0	7452.0	12.6	19.0	21.1	29.0
2015-01-06	163882.0	48830.0	17816.0	88857.0	120403.0	7660.0	7128.0	12.2	18.8	20.7	28.6
2015-01-13	166898.0	51532.0	13593.0	85663.0	123863.0	6847.0	6586.0	11.3	18.9	19.1	28.6
2015-01-20	164622.0	51025.0	16331.0	85059.0	120640.0	7138.0	6251.0	11.3	18.5	18.9	28.2
2015-01-27	169601.0	49766.0	20949.0	87179.0	117114.0	7780.0	6662.0	11.3	17.9	18.6	27.1
2015-02-03	167838.0	48908.0	22994.0	87433.0	113192.0	7128.0	7283.0	11.3	17.4	18.8	27.2
2015-02-10	173921.0	52995.0	25844.0	86955.0	115230.0	9228.0	8104.0	10.0	16.5	17.6	26.3
2015-02-17	170223.0	48652.0	27165.0	88695.0	111152.0	8640.0	7670.0	10.4	16.3	17.6	26.0
2015-02-24	173849.0	46923.0	33542.0	95265.0	108783.0	7020.0	6883.0	10.4	14.9	17.7	24.5
2015-03-03	184961.0	48753.0	44670.0	100495.0	105372.0	7731.0	6937.0	10.2	14.2	17.6	23.6
2015-03-10	192829.0	50365.0	48810.0	102485.0	105020.0	7763.0	6783.0	10.5	13.5	17.9	23.4
2015-03-17	196301.0	50114.0	49830.0	105001.0	106197.0	7921.0	7009.0	10.6	13.3	17.8	23.2
2015-03-24	198350.0	48473.0	50668.0	106479.0	105119.0	6930.0	6095.0	10.3	13.0	18.0	22.8
2015-03-31	204283.0	47878.0	50771.0	111652.0	109692.0	6489.0	5556.0	9.7	12.5	17.4	22.0
2015-04-07	199144.0	46694.0	45254.0	110958.0	114372.0	6752.0	4778.0	9.6	12.8	17.1	22.4
2015-04-14	190341.0	44029.0	49368.0	112599.0	109106.0	6443.0	4597.0	10.9	13.5	19.7	23.5
2015-04-21	178742.0	45968.0	46930.0	102922.0	104012.0	5232.0	3180.0	11.2	14.2	20.2	24.6
2015-04-28	186486.0	46879.0	48241.0	103217.0	103072.0	7716.0	6499.0	10.5	13.5	19.5	23.3
2015-05-05	190513.0	46115.0	49678.0	103870.0	101498.0	8712.0	7521.0	10.4	13.0	19.1	22.4
2015-05-12	188317.0	44307.0	49550.0	102662.0	98890.0	8930.0	7459.0	10.4	12.8	19.1	22.6
2015-05-19	184474.0	43723.0	42820.0	99667.0	102332.0	10007.0	8245.0	10.1	13.4	18.7	23.5
2015-05-26	195178.0	44016.0	56830.0	106006.0	94911.0	10702.0	8983.0	10.6	12.1	18.9	21.9
2015-06-02	194722.0	43852.0	54582.0	105302.0	95435.0	10137.0	9274.0	10.1	12.6	18.2	22.3
2015-06-09	189236.0	42534.0	42986.0	100587.0	100589.0	10125.0	9671.0	10.0	12.7	18.2	22.2
2015-06-16	180352.0	41178.0	45539.0	97204.0	94307.0	10649.0	9185.0	10.3	13.3	18.6	23.4
2015-06-23	181352.0	42610.0	51019.0	103209.0	97017.0	10087.0	7870.0	10.7	13.6	19.1	24.1
2015-06-30	174382.0	40846.0	47123.0	96655.0	91934.0	10426.0	8870.0	11.3	13.1	19.4	23.4
2015-07-07	185414.0	39329.0	56243.0	103409.0	89948.0	12574.0	9121.0	12.0	12.3	20.7	22.1
2015-07-14	182704.0	39780.0	53737.0	102341.0	90652.0	11413.0	9145.0	11.8	12.8	20.3	22.9
2015-07-21	185511.0	41124.0	54914.0	102694.0	90864.0	11063.0	9103.0	12.1	12.2	20.9	21.9
2015-07-28	194985.0	41804.0	61106.0	109067.0	92237.0	11494.0	9022.0	11.9	11.8	20.5	21.0
2015-08-04	195037.0	42802.0	57954.0	106608.0	93024.0	10545.0	8977.0	11.5	11.5	19.8	20.7
2015-08-11	189198.0	43371.0	47056.0	99805.0	97616.0	12088.0	10592.0	11.4	11.5	19.0	20.8
2015-08-18	169434.0	41773.0	35697.0	91699.0	99233.0	9120.0	7662.0	11.3	13.3	18.5	22.2
2015-08-25	169849.0	37500.0	50278.0	94526.0	83559.0	10307.0	8496.0	11.6	13.0	19.5	22.1
2015-09-01	175913.0	38322.0	55329.0	97212.0	81994.0	12471.0	10682.0	10.8	12.4	18.9	21.4
2015-09-08	179552.0	39685.0	59986.0	102776.0	84741.0	10048.0	7782.0	11.4	12.4	19.9	21.2
2015-09-15	188257.0	40401.0	63828.0	108715.0	87911.0	11729.0	9106.0	11.0	12.5	19.4	21.7
2015-09-22	193509.0	40960.0	65735.0	110568.0	89208.0	12378.0	8963.0	11.0	12.3	19.3	21.4
2015-09-29	194475.0	41495.0	62807.0	111664.0	93073.0	11361.0	8640.0	10.9	12.6	19.1	21.5
2015-10-06	190831.0	39995.0	55172.0	108850.0	96057.0	11266.0	8882.0	11.4	12.4	18.7	21.3
2015-10-13	181065.0	39406.0	44712.0	100815.0	96980.0	10594.0	9123.0	11.2	12.9	18.6	21.7
2015-10-20	182654.0	39485.0	43017.0	97622.0	96713.0	11612.0	8989.0	10.9	12.8	18.0	21.6
2015-10-27	195212.0	38752.0	50854.0	105878.0	97064.0	12244.0	8956.0	11.0	11.3	18.2	19.6
2015-11-03	199749.0	38882.0	54539.0	109029.0	96798.0	11850.0	8424.0	11.3	11.2	18.4	19.1
2015-11-10	200154.0	39448.0	59053.0	112572.0	95599.0	12098.0	9466.0	11.6	11.0	18.5	18.3
2015-11-17	186049.0	38382.0	63890.0	105525.0	83619.0	11893.0	8291.0	11.6	11.8	17.7	20.2
2015-11-24	172995.0	37127.0	54229.0	96902.0	82895.0	10584.0	7489.0	12.5	12.0	18.6	20.6
2015-12-01	172338.0	37093.0	53241.0	97071.0	83335.0	10650.0	8238.0	12.2	11.8	18.5	20.1
2015-12-08	165755.0	36499.0	41223.0	92090.0	89943.0	10046.0	7469.0	12.5	12.1	18.4	20.3
2015-12-15	166913.0	36278.0	42523.0	94084.0	90303.0	10461.0	7997.0	12.3	11.8	18.2	20.0
2015-12-22	173177.0	35130.0	46578.0	100161.0	91563.0	11092.0	8242.0	11.7	11.7	18.4	20.0
2015-12-29	172364.0	35045.0	45523.0	98756.0	91779.0	11452.0	7951.0	11.7	11.7	17.9	20.4
2016-01-05	172537.0	34747.0	38024.0	96253.0	95378.0	10294.0	7892.0	11.5	12.0	17.5	20.6
2016-01-12	190471.0	36860.0	53860.0	108901.0	94571.0	11773.0	9103.0	11.3	10.6	17.4	18.8
2016-01-19	200017.0	36511.0	57314.0	116383.0	98385.0	11965.0	9160.0	11.3	10.0	16.9	18.1
2016-01-26	203588.0	35634.0	54316.0	118914.0	102455.0	11427.0	9204.0	10.4	9.9	15.9	17.8
2016-02-02	201589.0	38749.0	46756.0	112118.0	106124.0	11319.0	9306.0	10.3	10.3	15.2	18.1
2016-02-09	197231.0	36744.0	42272.0	111279.0	107718.0	11257.0	9290.0	10.6	10.4	16.1	18.0
2016-02-16	188424.0	34590.0	45509.0	109546.0	101559.0	11156.0	8224.0	11.1	11.5	17.5	19.5
2016-02-23	181121.0	37899.0	45170.0	102804.0	97790.0	10368.0	8111.0	11.4	12.0	18.0	20.4
2016-03-01	195239.0	36553.0	53877.0	108522.0	95171.0	12205.0	8232.0	10.3	11.0	16.0	19.0
2016-03-08	193513.0	42520.0	45490.0	102461.0	101636.0	10516.0	8371.0	10.5	11.6	16.7	18.9
2016-03-15	190078.0	45991.0	32549.0	95197.0	110076.0	10474.0	9037.0	10.4	12.6	17.4	19.2
2016-03-22	196145.0	55141.0	29247.0	91573.0	121179.0	12095.0	8383.0	10.2	12.9	16.9	20.3
2016-03-29	198274.0	56230.0	30427.0	92489.0	122556.0	11431.0	7167.0	9.8	12.6	16.6	20.4
2016-04-05	197959.0	48921.0	31599.0	97858.0	119528.0	12416.0	8068.0	9.7	12.1	16.4	20.3
2016-04-12	195442.0	46139.0	33167.0	96893.0	114296.0	12315.0	7884.0	9.5	11.7	16.2	20.2
2016-04-19	186945.0	48692.0	32923.0	92161.0	113018.0	11931.0	6843.0	10.0	12.4	17.4	20.5
2016-04-26	178924.0	45618.0	32334.0	91430.0	110784.0	12322.0	6252.0	10.6	12.9	17.7	20.7
2016-05-03	192813.0	45547.0	43818.0	96750.0	104670.0	13587.0	7396.0	10.0	11.2	16.2	19.1
2016-05-10	189256.0	44806.0	35896.0	94987.0	109145.0	12160.0	6912.0	10.6	12.0	16.7	19.4
2016-05-17	187484.0	48333.0	27037.0	92312.0	117957.0	11187.0	6838.0	10.7	12.4	17.6	20.1
2016-05-24	186763.0	41990.0	31768.0	96610.0	112268.0	12694.0	7258.0	10.2	11.1	17.1	18.1
2016-05-31	196842.0	40334.0	39096.0	102226.0	110446.0	14733.0	7751.0	9.4	10.2	15.5	16.8
2016-06-07	188825.0	44011.0	35471.0	95520.0	109568.0	13724.0	8216.0	9.9	11.6	16.2	18.7
2016-06-14	182178.0	50147.0	25283.0	88275.0	118309.0	13355.0	8185.0	10.2	13.2	17.4	21.5
2016-06-21	174909.0	55652.0	23271.0	79542.0	116900.0	12129.0	7152.0	12.0	14.7	19.5	23.3
2016-06-28	172146.0	56936.0	23141.0	80774.0	119506.0	11749.0	6812.0	12.7	15.5	20.1	25.0
2016-07-05	176566.0	58947.0	21317.0	79598.0	122438.0	12536.0	7326.0	12.9	15.8	19.9	24.7
2016-07-12	180521.0	62995.0	20586.0	78705.0	128552.0	13668.0	6230.0	13.1	15.8	19.8	25.5
2016-07-19	186943.0	64471.0	21368.0	81093.0	130775.0	13344.0	6765.0	12.8	16.1	19.5	25.2
2016-07-26	184613.0	61044.0	20145.0	84438.0	131028.0	12154.0	6463.0	13.0	15.1	19.7	24.1
2016-08-02	189156.0	60199.0	21617.0	86052.0	131300.0	13156.0	6490.0	12.7	14.3	19.3	22.8
2016-08-09	184791.0	58062.0	23197.0	85645.0	127704.0	13544.0	6350.0	12.8	14.4	19.8	23.4
2016-08-16	172337.0	55237.0	22335.0	82769.0	122039.0	13276.0	6908.0	13.8	15.2	21.0	24.6
2016-08-23	164169.0	61307.0	23013.0	69927.0	113438.0	11742.0	6525.0	14.5	16.5	22.2	26.5
2016-08-30	166041.0	57593.0	19641.0	73089.0	115606.0	11193.0	6628.0	13.3	16.3	22.1	26.4
2016-09-06	176478.0	64486.0	17286.0	73379.0	125692.0	11761.0	6648.0	12.8	17.3	21.2	27.5
2016-09-13	178115.0	66697.0	18653.0	73108.0	125200.0	11039.0	6991.0	12.6	17.5	20.8	27.4
2016-09-20	181537.0	71278.0	21099.0	71644.0	126457.0	11586.0	6952.0	12.3	17.7	20.3	27.8
2016-09-27	185532.0	70148.0	21897.0	76870.0	130670.0	11697.0	6148.0	11.9	16.8	19.8	25.9
2016-10-04	184912.0	66725.0	24130.0	77259.0	125687.0	12219.0	6386.0	11.9	16.0	19.8	25.0
2016-10-11	185562.0	64117.0	22520.0	79706.0	127425.0	12226.0	6104.0	11.9	15.9	19.8	24.9
2016-10-18	193462.0	69392.0	19844.0	80790.0	135635.0	11973.0	6676.0	11.5	16.1	19.2	25.1
2016-10-25	205446.0	77852.0	16929.0	81327.0	146774.0	12028.0	7504.0	10.9	16.2	18.3	25.2
2016-11-01	217273.0	81673.0	17268.0	82965.0	151704.0	11944.0	7610.0	10.6	15.7	18.2	24.0
2016-11-08	224538.0	84500.0	19397.0	90343.0	159975.0	12124.0	7595.0	10.7	15.6	18.3	24.4
2016-11-15	204830.0	74337.0	15038.0	89241.0	154019.0	11804.0	6325.0	11.6	16.9	19.7	26.2
2016-11-22	191007.0	71125.0	13981.0	83503.0	146308.0	11679.0	6018.0	12.3	18.4	20.5	28.0
2016-11-29	186449.0	64941.0	14319.0	86071.0	142317.0	11607.0	5983.0	11.9	17.2	20.3	26.4
2016-12-06	185690.0	58473.0	21171.0	90308.0	132237.0	10897.0	6270.0	11.2	15.2	18.5	24.2
2016-12-13	185708.0	55956.0	24930.0	90734.0	126396.0	11396.0	6760.0	9.8	14.6	17.6	23.4
2016-12-20	188916.0	56998.0	27804.0	91139.0	125064.0	11345.0	6614.0	9.8	14.9	17.6	23.7
2016-12-27	189312.0	55603.0	32119.0	93829.0	120546.0	10314.0	7081.0	9.7	14.5	17.4	22.9
2017-01-03	194266.0	57680.0	37243.0	96690.0	120439.0	10885.0	7573.0	9.4	14.0	16.9	22.5
2017-01-10	186933.0	57406.0	32201.0	92406.0	120538.0	10293.0	7366.0	10.2	14.5	17.7	23.3
2017-01-17	179348.0	56201.0	25005.0	86593.0	119893.0	9711.0	7607.0	10.9	15.5	18.7	24.8
2017-01-24	180324.0	54570.0	18325.0	86465.0	125757.0	9796.0	6749.0	10.8	15.4	18.5	25.2
2017-01-31	185226.0	54959.0	19178.0	88277.0	127068.0	9625.0	6615.0	10.5	15.1	18.3	24.4
