2005-01-04	22089.0	5667.0	14532.0	12268.0	2155.0	2125.0	3373.0	66.9	38.6	78.8	53.8
2005-01-11	18150.0	4908.0	10078.0	8925.0	3879.0	2233.0	2109.0	60.5	37.7	67.1	55.6
2005-01-18	17426.0	4297.0	10221.0	8740.0	3297.0	2377.0	1896.0	67.3	35.4	70.1	53.2
2005-01-25	18962.0	4976.0	9972.0	8759.0	5190.0	3093.0	1666.0	57.8	34.4	62.8	55.2
2005-02-01	19411.0	5932.0	9826.0	8361.0	5805.0	2983.0	1645.0	53.5	33.7	58.9	53.3
2005-02-08	18658.0	6279.0	7832.0	7005.0	7175.0	3315.0	1592.0	48.2	34.9	54.2	54.1
2005-02-15	16999.0	6075.0	6737.0	6093.0	6170.0	2732.0	1993.0	49.6	33.8	55.1	49.5
2005-02-22	21539.0	7027.0	12824.0	10107.0	4208.0	2272.0	2374.0	65.1	39.4	68.5	54.4
2005-03-01	23437.0	7442.0	14440.0	11556.0	3931.0	2222.0	2849.0	68.4	37.8	71.4	55.5
2005-03-08	31213.0	7896.0	16553.0	17412.0	7750.0	2842.0	3847.0	59.3	34.6	63.0	47.5
2005-03-15	25241.0	6913.0	19148.0	14139.0	1055.0	2033.0	2882.0	63.3	46.6	80.3	61.5
2005-03-22	20060.0	5161.0	12148.0	9815.0	2600.0	2937.0	3165.0	64.2	35.1	70.7	48.5
2005-03-29	18079.0	5207.0	8017.0	7573.0	4939.0	3169.0	2993.0	55.4	47.2	64.4	57.7
2005-04-05	17753.0	5927.0	5370.0	5848.0	7584.0	3863.0	2684.0	47.3	52.9	57.7	62.2
2005-04-12	17744.0	7195.0	5149.0	5447.0	8360.0	2959.0	2092.0	47.1	56.0	58.2	65.0
2005-04-19	16713.0	7107.0	4423.0	4825.0	8167.0	2650.0	1992.0	50.8	60.1	60.0	67.8
2005-04-26	17382.0	6912.0	4671.0	5541.0	8367.0	2904.0	2319.0	52.2	58.2	61.7	66.0
2005-05-03	19584.0	8421.0	4704.0	5939.0	10818.0	3122.0	1960.0	50.2	61.9	65.2	70.4
2005-05-10	20907.0	8779.0	5365.0	6646.0	11189.0	3402.0	2273.0	51.2	59.3	63.5	68.2
2005-05-17	26178.0	15293.0	3591.0	4485.0	18300.0	4177.0	2064.0	32.9	74.3	47.0	78.8
2005-05-24	28052.0	16795.0	2545.0	4844.0	21231.0	4068.0	1931.0	32.4	77.0	48.6	79.9
2005-05-31	29298.0	17717.0	2356.0	4933.0	22426.0	3822.0	1690.0	34.6	77.4	47.0	80.2
2005-06-07	35655.0	18011.0	1963.0	10904.0	28687.0	4021.0	2286.0	26.5	62.4	39.5	65.8
2005-06-14	28682.0	19487.0	2523.0	3372.0	22205.0	3659.0	1790.0	31.9	74.3	50.2	79.5
2005-06-21	29184.0	18920.0	1792.0	4109.0	23009.0	3681.0	1909.0	33.3	75.4	49.4	79.8
2005-06-28	31235.0	21511.0	2201.0	4184.0	25065.0	3264.0	1693.0	31.4	76.8	50.2	81.7
2005-07-05	33821.0	23445.0	2577.0	4311.0	26765.0	3883.0	2297.0	32.1	76.1	50.2	81.8
2005-07-12	28052.0	16946.0	1403.0	4519.0	22806.0	4420.0	1676.0	34.5	76.8	50.2	81.2
2005-07-19	29038.0	17475.0	1741.0	6273.0	23446.0	3045.0	1606.0	38.8	76.9	56.8	81.4
2005-07-26	28423.0	16344.0	1688.0	6271.0	22108.0	3508.0	2327.0	38.3	73.7	54.4	78.3
2005-08-02	25732.0	11640.0	2405.0	8895.0	18960.0	3003.0	2173.0	43.2	68.8	59.4	76.9
2005-08-09	26450.0	13115.0	2661.0	8344.0	19238.0	2339.0	1899.0	39.3	67.6	62.1	74.0
2005-08-16	19267.0	5227.0	3099.0	9579.0	11055.0	2008.0	2660.0	61.4	61.1	72.5	68.3
2005-08-23	20169.0	5842.0	3372.0	9737.0	11687.0	2406.0	2926.0	55.6	61.9	69.3	70.7
2005-09-06	20866.0	5880.0	11235.0	11146.0	4252.0	1137.0	2676.0	65.9	43.2	76.0	58.3
2005-09-13	18149.0	4218.0	4187.0	10088.0	8733.0	1712.0	3098.0	53.2	40.5	61.9	48.0
2005-09-20	12289.0	7555.0	2435.0	651.0	5980.0	2077.0	1868.0	50.3	48.8	59.2	60.1
2005-09-27	17573.0	12695.0	3131.0	630.0	11059.0	2241.0	1376.0	47.2	66.0	57.5	75.6
2005-10-04	19561.0	13955.0	2816.0	409.0	13248.0	3193.0	1493.0	44.1	72.5	54.7	79.2
2005-10-11	20688.0	13706.0	5190.0	1157.0	10644.0	2619.0	1648.0	43.1	56.4	51.8	74.1
2005-10-18	24239.0	17026.0	3343.0	966.0	17041.0	4225.0	1833.0	38.5	72.4	50.5	80.4
2005-10-25	34050.0	27806.0	3573.0	1310.0	26628.0	2746.0	1661.0	46.2	73.4	66.1	82.4
2005-11-01	33202.0	26542.0	2857.0	1548.0	25938.0	2872.0	2167.0	46.9	73.2	64.3	81.6
2005-11-08	38747.0	29756.0	2851.0	3379.0	32123.0	3524.0	1685.0	39.7	81.9	57.8	88.6
2005-11-15	41712.0	32782.0	3554.0	3688.0	34400.0	3153.0	1669.0	36.7	81.4	58.4	88.0
2005-11-22	38120.0	31395.0	1958.0	1138.0	32160.0	3411.0	1826.0	44.3	81.3	63.1	87.6
2005-11-29	29114.0	20597.0	1886.0	3735.0	23191.0	2546.0	1801.0	41.1	78.8	60.7	84.2
2005-12-06	30676.0	22787.0	3147.0	2802.0	23524.0	2711.0	1629.0	51.0	75.7	64.2	83.8
2005-12-13	35108.0	20827.0	3444.0	9165.0	27072.0	2461.0	1937.0	45.6	67.0	62.6	73.2
2005-12-20	25940.0	13543.0	2798.0	8199.0	18821.0	1726.0	1849.0	56.1	62.6	69.1	71.4
2005-12-27	24463.0	13242.0	2116.0	7390.0	18434.0	1818.0	1900.0	52.5	66.5	66.7	72.8
2006-01-03	26629.0	13920.0	3392.0	8908.0	19628.0	1786.0	1594.0	50.5	70.4	64.6	76.7
2006-01-10	23845.0	10112.0	5170.0	9967.0	14208.0	1716.0	2417.0	59.5	63.5	65.8	68.0
2006-01-17	25968.0	9982.0	5278.0	11877.0	15160.0	2077.0	3498.0	58.5	57.5	67.5	63.8
2006-01-24	27516.0	10273.0	6446.0	13898.0	15559.0	1285.0	3451.0	62.9	58.9	71.3	64.6
2006-01-31	27383.0	10676.0	6615.0	13050.0	15516.0	1656.0	3251.0	61.0	58.6	68.1	64.9
2006-02-07	26930.0	11004.0	5006.0	11801.0	17464.0	2113.0	2448.0	55.1	56.9	66.0	67.9
2006-02-14	29351.0	15244.0	3095.0	9792.0	22075.0	2247.0	2113.0	51.3	60.5	63.3	72.3
2006-02-21	32312.0	19027.0	4040.0	9182.0	24123.0	2022.0	2068.0	47.9	60.8	63.1	72.7
2006-02-28	30389.0	18146.0	2793.0	8055.0	23155.0	2076.0	2329.0	46.0	62.6	61.4	70.8
2006-03-07	32565.0	17143.0	2597.0	9302.0	23515.0	2142.0	2475.0	42.0	55.5	53.0	61.0
2006-03-14	28833.0	18310.0	2801.0	6012.0	21918.0	2440.0	2043.0	43.2	72.9	61.1	79.3
2006-03-21	27692.0	11114.0	4491.0	13169.0	18465.0	1401.0	2728.0	58.7	64.9	75.3	73.5
2006-03-28	27158.0	13693.0	3363.0	9887.0	19712.0	1576.0	2081.0	57.9	71.3	69.9	78.1
2006-04-04	27672.0	11227.0	4483.0	12902.0	19073.0	1524.0	2097.0	60.7	67.6	71.5	75.4
2006-04-11	27493.0	11162.0	4107.0	12827.0	18505.0	1476.0	2853.0	63.2	65.4	73.9	71.5
2006-04-18	28704.0	11223.0	4994.0	14048.0	18336.0	1378.0	3319.0	66.4	62.4	75.7	67.8
2006-04-25	32012.0	10782.0	8504.0	18038.0	17477.0	1104.0	3943.0	66.8	58.0	80.3	65.3
2006-05-02	38433.0	8667.0	14090.0	25797.0	17594.0	1898.0	4678.0	72.1	54.1	82.4	65.1
2006-05-09	40912.0	10076.0	16794.0	27692.0	17756.0	1065.0	4283.0	72.8	54.3	85.5	65.4
2006-05-16	38171.0	11455.0	15590.0	23557.0	16309.0	1123.0	4236.0	73.9	54.5	84.8	64.3
2006-05-23	38195.0	10257.0	16835.0	24459.0	15270.0	1389.0	4000.0	78.6	52.0	86.7	65.1
2006-05-30	39881.0	10388.0	18663.0	26005.0	15090.0	1276.0	3916.0	77.7	53.7	85.9	65.2
2006-06-06	38771.0	10586.0	17847.0	24805.0	14565.0	1102.0	4081.0	79.1	55.7	87.1	67.1
2006-06-13	40169.0	8426.0	17233.0	27723.0	17406.0	1656.0	3166.0	72.3	57.3	78.3	67.7
2006-06-20	24660.0	7476.0	15555.0	12605.0	3151.0	1320.0	2695.0	60.0	46.3	70.4	58.2
2006-06-27	20784.0	10176.0	13334.0	7105.0	2861.0	1465.0	2551.0	50.2	45.8	68.6	60.0
2006-07-03	18821.0	7089.0	11135.0	8711.0	2884.0	934.0	2715.0	58.4	43.9	71.7	57.9
2006-07-11	20530.0	7920.0	12524.0	9408.0	2922.0	1106.0	2988.0	59.9	40.0	72.8	54.8
2006-07-18	17233.0	8847.0	7854.0	3761.0	3667.0	1730.0	2817.0	56.4	40.0	61.5	48.8
2006-07-25	16878.0	8205.0	8065.0	4695.0	3889.0	1505.0	2451.0	58.4	41.3	64.9	54.2
2006-08-01	15676.0	6808.0	7483.0	5418.0	3080.0	1288.0	2951.0	62.9	43.8	69.2	51.3
2006-08-08	18272.0	7873.0	9849.0	7315.0	2859.0	947.0	3427.0	64.3	32.8	72.4	44.9
2006-08-15	18471.0	7371.0	10055.0	7901.0	2942.0	1033.0	3308.0	63.3	32.2	73.9	44.8
2006-08-22	19174.0	7304.0	10549.0	8699.0	3258.0	950.0	3146.0	60.4	31.4	74.1	43.2
2006-08-29	19685.0	8533.0	11061.0	7954.0	3267.0	937.0	3096.0	59.8	36.0	73.8	46.9
2006-09-05	20114.0	8207.0	11635.0	8575.0	3237.0	1018.0	2928.0	61.8	34.3	75.7	48.3
2006-09-12	22167.0	11917.0	9015.0	4663.0	7600.0	2549.0	2514.0	44.7	36.3	53.6	47.8
2006-09-19	17288.0	6876.0	7225.0	4834.0	5059.0	2558.0	1984.0	41.0	43.6	48.7	54.1
2006-09-26	19545.0	7482.0	8148.0	7500.0	6399.0	1881.0	2316.0	55.7	45.3	62.4	56.3
2006-10-03	24522.0	13482.0	8270.0	5596.0	10808.0	2342.0	2342.0	53.6	51.6	62.3	62.1
2006-10-10	30911.0	19053.0	7823.0	5704.0	17939.0	3240.0	2235.0	43.5	61.2	58.9	73.1
2006-10-17	36745.0	24649.0	8001.0	6282.0	24467.0	3399.0	1862.0	39.1	66.3	58.2	78.1
2006-10-24	33789.0	21741.0	7513.0	5855.0	21682.0	3652.0	2053.0	35.7	67.6	53.1	77.7
2006-10-31	32961.0	11910.0	8172.0	15248.0	18825.0	2832.0	2993.0	58.2	63.7	70.6	73.9
2006-11-07	34478.0	12826.0	10235.0	15780.0	17652.0	2391.0	3110.0	58.5	59.5	71.5	69.7
2006-11-14	34532.0	12566.0	13312.0	18210.0	15914.0	1323.0	2873.0	65.5	56.5	80.8	68.2
2006-11-21	33582.0	12579.0	12049.0	17203.0	16045.0	1415.0	3103.0	64.3	54.2	81.3	66.1
2006-11-28	37290.0	10311.0	17632.0	22858.0	12867.0	1828.0	4498.0	73.8	47.8	81.8	59.0
2006-12-05	39682.0	17985.0	21342.0	17903.0	11204.0	1093.0	4435.0	74.7	42.4	85.9	57.9
2006-12-12	46967.0	12528.0	24955.0	29540.0	13747.0	1112.0	4478.0	66.8	35.4	77.6	51.1
2006-12-19	30678.0	8708.0	21141.0	18337.0	3160.0	851.0	3595.0	73.2	36.9	81.8	50.2
2006-12-26	29824.0	7930.0	20385.0	18267.0	3216.0	868.0	3464.0	74.1	38.8	81.5	52.3
2007-01-03	28542.0	9488.0	19001.0	15306.0	3308.0	779.0	3264.0	77.2	42.9	83.5	55.7
2007-01-09	25856.0	11948.0	15254.0	9824.0	4987.0	1034.0	2565.0	67.6	43.4	79.2	57.2
2007-01-16	21111.0	12064.0	9892.0	4744.0	6087.0	1712.0	2541.0	64.4	43.2	70.0	52.8
2007-01-23	21969.0	12048.0	10666.0	5699.0	6222.0	1622.0	2481.0	61.8	44.7	70.4	57.9
2007-01-30	22227.0	14049.0	9025.0	4001.0	8293.0	1831.0	2563.0	62.1	48.3	71.9	59.8
2007-02-06	24626.0	14751.0	11056.0	5794.0	8433.0	1414.0	2470.0	64.0	45.4	73.6	61.0
2007-02-13	25207.0	14240.0	10217.0	6327.0	9731.0	1956.0	2575.0	61.5	47.3	73.4	61.8
2007-02-20	29787.0	14479.0	17451.0	10955.0	6150.0	1365.0	3198.0	65.3	41.1	78.2	56.2
2007-02-27	32784.0	11334.0	20717.0	17472.0	5341.0	998.0	3746.0	71.6	41.7	82.4	57.3
2007-03-06	29328.0	10795.0	19455.0	14521.0	3541.0	1103.0	3423.0	73.0	35.9	83.1	53.9
2007-03-13	34213.0	9524.0	15536.0	20536.0	12309.0	1158.0	3373.0	50.5	22.7	59.8	35.2
2007-03-20	28672.0	7718.0	19276.0	17735.0	3593.0	670.0	3254.0	62.6	28.8	79.3	45.4
2007-03-27	28790.0	8306.0	18896.0	17318.0	3866.0	917.0	3779.0	63.7	27.0	78.7	43.2
2007-04-03	30160.0	9539.0	20181.0	17463.0	4331.0	1124.0	3614.0	64.7	29.1	78.6	44.5
2007-04-10	31100.0	8814.0	20630.0	18833.0	4331.0	1405.0	4091.0	63.9	33.2	78.4	46.6
2007-04-17	33602.0	9615.0	23155.0	20671.0	4156.0	1225.0	4200.0	64.6	35.1	80.7	50.7
2007-04-24	39208.0	9905.0	29463.0	25704.0	3727.0	1459.0	3878.0	66.0	42.6	82.1	58.1
2007-05-01	40972.0	9333.0	30459.0	27911.0	4531.0	1634.0	3888.0	67.1	41.1	82.6	56.5
2007-05-08	36084.0	8010.0	26890.0	23978.0	3674.0	971.0	2395.0	67.9	39.7	76.5	57.1
2007-05-15	34833.0	7883.0	25833.0	22796.0	3599.0	2027.0	3274.0	68.7	38.3	75.6	57.5
2007-05-22	30861.0	5854.0	22077.0	20479.0	3606.0	2281.0	2931.0	68.9	40.3	74.9	58.1
2007-05-29	31076.0	6263.0	22322.0	20410.0	3641.0	2066.0	2776.0	67.5	41.5	73.7	58.1
2007-06-05	27472.0	4869.0	19400.0	18330.0	2617.0	1828.0	3010.0	67.8	43.5	75.4	57.7
2007-06-12	27553.0	4785.0	14710.0	16772.0	6919.0	2681.0	2609.0	51.4	32.6	57.8	48.2
2007-06-19	18675.0	7274.0	10411.0	5349.0	2538.0	2394.0	2068.0	40.6	36.7	51.5	50.4
2007-06-26	24151.0	7236.0	18124.0	12357.0	1329.0	2061.0	2201.0	58.3	41.7	73.4	60.2
2007-07-03	35149.0	9495.0	28501.0	21784.0	1392.0	1514.0	2900.0	70.2	41.8	85.5	62.3
2007-07-10	38063.0	9671.0	29630.0	24689.0	2217.0	1367.0	3880.0	74.2	38.4	88.0	56.7
2007-07-17	44644.0	10449.0	35870.0	30761.0	2725.0	1264.0	3879.0	79.6	42.6	89.5	60.1
2007-07-24	47619.0	10371.0	38722.0	33734.0	2869.0	1423.0	3937.0	81.6	44.5	88.3	60.9
2007-07-31	44523.0	9334.0	36311.0	31541.0	2836.0	1506.0	3234.0	84.3	44.2	87.1	63.7
2007-08-07	42621.0	8971.0	34433.0	30033.0	2639.0	1465.0	3397.0	84.8	38.6	87.9	58.3
2007-08-14	33933.0	5175.0	22075.0	24222.0	6485.0	2121.0	2958.0	79.5	43.4	82.2	64.0
2007-08-21	25793.0	2237.0	14038.0	17096.0	4430.0	1671.0	2536.0	64.8	29.3	68.4	45.9
2007-08-28	23662.0	2200.0	15828.0	16918.0	2400.0	1613.0	2503.0	69.1	30.0	73.9	50.7
2007-09-04	24242.0	3325.0	17005.0	16684.0	2202.0	1772.0	2574.0	71.9	33.3	76.3	54.5
2007-09-11	34474.0	5812.0	23016.0	24117.0	4553.0	1515.0	3875.0	73.3	29.8	77.3	46.4
2007-09-18	39341.0	5271.0	30771.0	30044.0	2176.0	1649.0	4017.0	83.2	37.2	87.6	53.9
2007-09-25	40781.0	5837.0	31860.0	31278.0	2830.0	1430.0	3855.0	85.4	38.5	89.2	54.1
2007-10-02	40574.0	6766.0	31329.0	29999.0	3339.0	1650.0	3747.0	87.0	40.9	89.2	55.0
2007-10-09	40580.0	6313.0	30676.0	30120.0	3934.0	1897.0	3720.0	85.0	38.9	87.6	57.3
2007-10-16	39583.0	5299.0	28060.0	29750.0	5265.0	2256.0	3980.0	84.8	40.2	87.3	57.6
2007-10-23	41114.0	6564.0	29008.0	29976.0	5777.0	2358.0	4113.0	84.4	36.2	87.3	56.0
2007-10-30	41134.0	7223.0	27357.0	29242.0	7128.0	2307.0	4287.0	81.6	35.7	85.5	55.2
2007-11-06	41317.0	8058.0	26549.0	28199.0	8283.0	2786.0	4211.0	80.3	36.4	85.1	55.3
2007-11-13	37711.0	5245.0	19992.0	26512.0	11155.0	3503.0	4113.0	76.0	40.6	80.7	57.4
2007-11-20	38488.0	5766.0	20416.0	27204.0	11849.0	3166.0	3871.0	74.6	44.4	80.0	61.5
2007-11-27	38395.0	6100.0	19300.0	26548.0	12866.0	3420.0	3902.0	74.4	44.5	79.8	59.5
2007-12-04	37432.0	5679.0	14650.0	25459.0	16190.0	3608.0	3906.0	73.4	52.6	78.6	66.5
2007-12-11	44569.0	5935.0	13268.0	29051.0	22495.0	4371.0	3594.0	58.1	50.3	62.4	60.9
2007-12-18	34423.0	8359.0	7060.0	18224.0	20927.0	4617.0	3213.0	67.5	65.9	70.9	74.3
2007-12-24	33192.0	8281.0	4995.0	17961.0	22305.0	4077.0	3019.0	69.1	69.2	72.6	76.2
2007-12-31	34016.0	8984.0	7505.0	19347.0	21171.0	3398.0	3053.0	78.1	67.8	80.7	74.3
2008-01-08	37030.0	9952.0	11231.0	21459.0	19935.0	3442.0	3687.0	81.0	62.6	82.8	71.8
2008-01-15	39456.0	10664.0	13457.0	23530.0	20789.0	3228.0	3176.0	82.3	61.9	84.5	72.1
2008-01-22	35993.0	7574.0	10168.0	22562.0	21090.0	3699.0	2577.0	79.2	64.5	81.2	73.3
2008-01-29	39342.0	8081.0	13599.0	26195.0	20696.0	2975.0	2956.0	82.2	65.3	84.6	73.2
2008-02-05	43742.0	7364.0	15810.0	30340.0	21391.0	3867.0	4370.0	79.8	58.1	82.5	69.4
2008-02-12	36980.0	5347.0	9377.0	25894.0	21536.0	3606.0	3934.0	75.0	66.1	78.6	74.7
2008-02-19	39574.0	6462.0	12682.0	28031.0	21551.0	3653.0	3913.0	76.2	63.8	81.3	72.0
2008-02-26	46256.0	9815.0	18026.0	31574.0	21406.0	3146.0	5103.0	80.5	57.3	84.4	68.1
2008-03-04	47078.0	10818.0	18692.0	31605.0	21776.0	3041.0	4996.0	81.1	53.1	84.5	66.1
2008-03-11	55391.0	14053.0	24506.0	35670.0	24366.0	3907.0	4758.0	77.3	52.2	81.4	64.7
2008-03-18	43911.0	10801.0	19880.0	27413.0	17954.0	4286.0	4666.0	79.0	50.2	83.8	63.6
2008-03-25	42371.0	12145.0	19890.0	23719.0	15965.0	4443.0	4452.0	75.7	48.5	80.2	64.2
2008-04-01	42995.0	12747.0	20185.0	22637.0	15629.0	5424.0	4994.0	71.3	53.1	77.4	67.3
2008-04-08	41801.0	13826.0	19755.0	22242.0	16403.0	3524.0	3434.0	73.5	54.0	80.4	68.1
2008-04-15	43202.0	15333.0	19947.0	22054.0	17090.0	3545.0	3895.0	73.5	51.4	80.2	64.8
2008-04-22	45823.0	14959.0	22743.0	24878.0	17144.0	3630.0	3580.0	73.1	49.5	79.9	63.9
2008-04-29	36165.0	9798.0	13607.0	19446.0	17325.0	4496.0	2808.0	65.0	59.0	70.5	68.8
2008-05-06	34667.0	10479.0	13625.0	17622.0	15982.0	4240.0	2734.0	67.0	59.8	71.3	69.1
2008-05-13	33434.0	11040.0	11535.0	15510.0	16757.0	4398.0	2656.0	65.3	60.2	71.0	72.2
2008-05-20	38353.0	16908.0	15318.0	15372.0	17462.0	3681.0	3181.0	65.8	61.9	73.8	71.0
2008-05-27	39949.0	16073.0	17284.0	17562.0	16849.0	3672.0	3174.0	72.2	60.2	76.8	71.5
2008-06-03	37903.0	16870.0	12690.0	15281.0	20422.0	3631.0	2670.0	70.1	57.0	75.7	71.5
2008-06-10	48962.0	18581.0	12736.0	24879.0	31388.0	3063.0	2399.0	57.3	47.4	61.8	58.5
2008-06-17	26204.0	14976.0	7181.0	5082.0	14850.0	3962.0	1989.0	45.7	64.2	52.8	72.1
2008-06-24	30158.0	18103.0	9150.0	5982.0	16487.0	3909.0	2357.0	50.0	62.8	58.8	71.1
2008-07-01	34557.0	21944.0	14315.0	7192.0	14578.0	3277.0	3520.0	60.6	51.2	66.6	63.6
2008-07-08	35197.0	22657.0	14621.0	7249.0	15423.0	3108.0	2970.0	60.9	53.1	68.9	64.6
2008-07-15	39105.0	25169.0	21261.0	9119.0	11465.0	2637.0	4199.0	63.5	43.6	72.9	59.1
2008-07-22	38097.0	23621.0	17530.0	7830.0	13860.0	4428.0	4489.0	60.4	50.2	68.2	60.9
2008-07-29	36628.0	21640.0	10765.0	8161.0	20229.0	4418.0	3225.0	52.1	60.8	62.4	70.7
2008-08-05	32021.0	18957.0	8572.0	6723.0	18580.0	3907.0	2435.0	46.9	63.1	56.3	71.9
2008-08-12	33273.0	20518.0	3370.0	5629.0	25366.0	4588.0	1999.0	36.7	72.9	45.8	76.8
2008-08-19	41746.0	29500.0	3401.0	5849.0	34265.0	4266.0	1949.0	51.5	76.9	60.0	80.6
2008-08-26	43723.0	32274.0	4154.0	5146.0	35241.0	3977.0	2002.0	48.2	76.8	58.4	81.9
2008-09-02	49395.0	37020.0	5690.0	5176.0	38649.0	4199.0	2056.0	47.2	76.8	59.8	83.4
2008-09-09	78978.0	40724.0	6477.0	27121.0	62563.0	4785.0	3590.0	37.7	54.4	44.6	56.9
2008-09-16	52872.0	40302.0	2447.0	6945.0	42454.0	3286.0	5632.0	52.5	78.9	66.6	80.0
2008-09-23	49702.0	30338.0	2628.0	13290.0	40576.0	2999.0	3423.0	51.1	76.9	65.1	78.5
2008-09-30	46227.0	26916.0	1935.0	14055.0	38239.0	2950.0	3747.0	57.0	76.4	69.9	77.9
2008-10-07	45172.0	25947.0	2348.0	14010.0	38878.0	2770.0	1501.0	54.4	82.0	69.9	83.2
2008-10-14	46605.0	26674.0	1764.0	13041.0	38760.0	4446.0	3637.0	46.9	78.1	64.4	79.1
2008-10-21	44040.0	27766.0	1652.0	11233.0	38764.0	2960.0	1543.0	46.8	83.1	65.7	83.9
2008-10-28	39279.0	20373.0	1332.0	13698.0	33814.0	3196.0	2121.0	57.1	80.4	69.9	81.3
2008-11-04	38298.0	21057.0	1006.0	11754.0	33185.0	3372.0	1992.0	54.5	80.0	69.8	80.8
2008-11-11	38679.0	20682.0	1169.0	12691.0	33981.0	3296.0	1519.0	48.4	81.5	65.4	82.8
2008-11-18	38314.0	19590.0	1085.0	13544.0	33189.0	3129.0	1989.0	52.6	80.1	66.3	81.1
2008-11-25	40815.0	20569.0	1725.0	15636.0	34163.0	2238.0	2555.0	62.9	75.0	71.6	76.5
2008-12-02	39382.0	17837.0	1242.0	17166.0	33533.0	2146.0	2374.0	64.1	76.3	72.9	77.9
2008-12-09	41502.0	18079.0	1248.0	17094.0	33336.0	2281.0	2870.0	66.0	72.3	72.5	73.5
2008-12-16	16566.0	10250.0	1731.0	2638.0	9576.0	1626.0	3207.0	56.1	38.6	60.7	44.3
2008-12-22	15660.0	8547.0	2688.0	3676.0	8194.0	1346.0	2687.0	63.0	46.4	67.0	53.1
2008-12-30	15706.0	8290.0	2270.0	3641.0	8438.0	1684.0	2907.0	61.7	47.9	65.1	54.0
2009-01-06	15924.0	8346.0	2770.0	3326.0	8274.0	2244.0	2872.0	56.6	49.5	60.9	55.6
2009-01-13	13884.0	7339.0	1841.0	2649.0	7880.0	1890.0	2157.0	50.6	53.4	57.3	58.4
2009-01-20	15431.0	7881.0	1887.0	2847.0	9202.0	2532.0	2171.0	40.2	49.3	53.9	56.9
2009-01-27	18800.0	10318.0	1819.0	3229.0	11881.0	2413.0	2260.0	37.7	54.4	53.1	59.5
2009-02-03	19347.0	12226.0	1699.0	2213.0	13391.0	2764.0	2113.0	47.8	62.2	57.2	66.0
2009-02-10	18679.0	12029.0	1433.0	1963.0	12577.0	2666.0	2648.0	51.1	59.4	58.2	63.3
2009-02-17	25037.0	15226.0	1204.0	2181.0	17735.0	3374.0	1842.0	41.3	63.9	50.7	66.7
2009-02-24	22578.0	14113.0	1499.0	2952.0	16016.0	2740.0	2290.0	41.0	63.3	52.9	66.4
2009-03-03	24186.0	13580.0	1431.0	3697.0	17041.0	3605.0	2410.0	31.9	60.9	45.8	63.8
2009-03-10	29295.0	16177.0	1214.0	7798.0	22953.0	3062.0	2870.0	38.5	65.1	55.7	66.9
2009-03-17	22831.0	14316.0	2599.0	4053.0	15511.0	2424.0	2683.0	49.0	58.7	58.4	63.1
2009-03-24	24678.0	10633.0	3917.0	9223.0	15579.0	2808.0	3168.0	67.5	56.9	69.5	62.9
2009-03-31	23205.0	11147.0	4480.0	9170.0	14433.0	881.0	2285.0	70.0	60.3	75.0	65.8
2009-04-07	23676.0	13400.0	4036.0	6925.0	14386.0	1231.0	3134.0	65.1	56.5	74.2	62.0
2009-04-14	23893.0	12521.0	4642.0	8059.0	14244.0	1303.0	2997.0	67.0	58.3	73.6	64.2
2009-04-21	23331.0	13301.0	2745.0	5450.0	16161.0	2490.0	2335.0	40.2	61.3	54.6	66.3
2009-04-28	22223.0	11700.0	2694.0	6791.0	14869.0	1719.0	2647.0	48.5	59.4	60.1	64.2
2009-05-05	23738.0	10126.0	3748.0	9894.0	14781.0	1703.0	3194.0	60.0	56.3	69.3	60.5
2009-05-12	28144.0	10196.0	6548.0	14604.0	15291.0	1334.0	4295.0	71.3	55.4	77.6	60.7
2009-05-19	30331.0	9748.0	8814.0	17180.0	15462.0	1402.0	4054.0	75.1	54.3	79.9	59.7
2009-05-26	37046.0	13789.0	14740.0	19821.0	16063.0	1359.0	4166.0	80.3	53.8	84.0	61.5
2009-06-02	40030.0	14094.0	17200.0	22089.0	16193.0	1622.0	4412.0	81.7	50.5	84.9	60.6
2009-06-09	42229.0	12597.0	14108.0	24465.0	21063.0	2120.0	4011.0	73.3	46.7	75.5	57.6
2009-06-16	20470.0	4136.0	12231.0	11807.0	2537.0	2360.0	3535.0	61.7	38.9	70.0	53.4
2009-06-23	20532.0	4870.0	12007.0	11466.0	3130.0	2034.0	3233.0	58.8	38.6	70.2	50.8
2009-06-30	20118.0	4637.0	10954.0	11274.0	3593.0	2011.0	3375.0	63.8	38.1	71.8	48.8
2009-07-07	20244.0	5135.0	11766.0	10555.0	3363.0	2376.0	2937.0	60.9	41.1	69.0	52.8
2009-07-14	21435.0	5204.0	13270.0	11767.0	3239.0	2308.0	2770.0	66.7	40.6	72.1	53.1
2009-07-21	27107.0	8060.0	17468.0	15420.0	3537.0	1608.0	4083.0	74.9	33.7	80.5	48.2
2009-07-28	25803.0	6429.0	15994.0	15416.0	3253.0	1770.0	4368.0	74.3	32.3	80.4	48.1
2009-08-04	28621.0	7505.0	19398.0	18085.0	3734.0	834.0	3292.0	78.4	34.4	83.3	49.9
2009-08-11	27863.0	6148.0	15700.0	17321.0	6273.0	2199.0	3695.0	71.3	37.0	76.7	50.8
2009-08-18	25171.0	3934.0	11184.0	15535.0	8685.0	3424.0	3024.0	61.0	42.9	67.5	57.2
2009-08-25	27317.0	5875.0	13684.0	16328.0	7751.0	2966.0	3734.0	67.2	39.7	71.9	55.8
2009-09-01	30351.0	8573.0	10255.0	16160.0	14698.0	3417.0	3197.0	57.6	51.2	68.3	62.1
2009-09-08	38153.0	9842.0	16469.0	23550.0	14515.0	2576.0	4984.0	58.6	29.5	65.9	41.7
2009-09-15	34399.0	10435.0	19557.0	18862.0	7443.0	2100.0	4397.0	69.4	30.5	73.5	44.5
2009-09-22	33704.0	10913.0	20975.0	18902.0	6958.0	1870.0	3752.0	72.2	32.9	76.8	48.0
2009-09-29	29776.0	8794.0	17304.0	16247.0	6915.0	2676.0	3498.0	64.7	31.5	71.0	41.0
2009-10-06	31874.0	10558.0	19635.0	16960.0	6484.0	2332.0	3731.0	63.4	31.4	70.6	46.7
2009-10-13	33891.0	10890.0	20381.0	18417.0	6593.0	2572.0	4905.0	70.3	29.9	74.8	44.3
2009-10-20	36619.0	12477.0	22430.0	19383.0	6862.0	2599.0	5167.0	69.9	29.2	74.9	43.8
2009-10-27	36160.0	12790.0	21715.0	17525.0	7460.0	3616.0	4756.0	65.2	29.8	69.5	42.6
2009-11-03	35969.0	14908.0	21002.0	14953.0	9440.0	4128.0	3547.0	62.2	31.4	66.4	47.8
2009-11-09	37246.0	16536.0	22138.0	14598.0	8752.0	3884.0	4128.0	63.0	28.9	67.0	43.9
2009-11-17	42265.0	21579.0	22667.0	14970.0	12394.0	3395.0	4883.0	69.2	29.2	73.1	44.7
2009-11-24	39858.0	22661.0	21210.0	10585.0	12172.0	4329.0	4193.0	66.4	33.9	69.9	51.3
2009-12-01	39680.0	23687.0	19245.0	9490.0	14135.0	4313.0	4110.0	68.0	34.9	71.7	50.5
2009-12-08	48594.0	29139.0	15076.0	10141.0	25222.0	4775.0	3757.0	52.2	33.8	55.2	48.4
2009-12-15	51271.0	37579.0	11809.0	5437.0	32729.0	4954.0	3432.0	62.5	52.3	67.2	67.9
2009-12-22	59792.0	45973.0	11843.0	5748.0	41744.0	4977.0	3111.0	67.9	60.1	72.0	72.5
2009-12-29	63184.0	51050.0	12016.0	5766.0	46793.0	4364.0	2371.0	71.6	65.5	75.6	77.4
2010-01-05	62056.0	48623.0	9225.0	6327.0	48115.0	5040.0	2650.0	67.5	68.9	71.6	77.8
2010-01-12	52227.0	40164.0	6655.0	4823.0	41133.0	5041.0	2240.0	66.0	68.9	70.6	75.1
2010-01-19	49139.0	36332.0	6261.0	5183.0	38317.0	5282.0	2219.0	63.8	67.5	67.4	74.1
2010-01-26	59330.0	44152.0	6606.0	5852.0	47600.0	7160.0	2958.0	61.0	70.6	66.9	78.0
2010-02-02	67283.0	53325.0	10886.0	6092.0	52342.0	5766.0	1955.0	66.8	69.4	72.8	80.4
2010-02-09	58939.0	45763.0	4774.0	5568.0	50241.0	5541.0	1857.0	60.6	78.9	67.0	83.8
2010-02-16	58733.0	45728.0	8146.0	5411.0	46331.0	5421.0	2083.0	60.3	76.5	66.8	83.1
2010-02-23	57575.0	43653.0	5261.0	6337.0	47732.0	5497.0	2494.0	60.5	77.3	67.4	81.9
2010-03-02	55702.0	43004.0	4931.0	5491.0	46626.0	5101.0	2039.0	59.0	79.1	67.6	83.4
2010-03-09	58121.0	40480.0	4535.0	7941.0	47072.0	5579.0	2393.0	54.5	73.6	61.6	77.6
2010-03-16	46920.0	34602.0	5822.0	5455.0	36712.0	4518.0	2041.0	61.2	72.1	67.3	76.7
2010-03-23	51403.0	38354.0	6157.0	5577.0	40702.0	5188.0	2260.0	60.7	72.9	67.2	77.6
2010-03-30	60419.0	46012.0	10849.0	6490.0	45801.0	5725.0	1577.0	59.8	75.8	66.1	81.9
2010-04-06	50152.0	35246.0	5092.0	6861.0	40067.0	5849.0	2797.0	51.1	75.4	58.4	79.3
2010-04-13	46766.0	33177.0	5501.0	6038.0	36458.0	5461.0	2717.0	53.2	73.0	61.3	77.4
2010-04-20	44558.0	31385.0	6405.0	5908.0	33371.0	5106.0	2623.0	55.6	72.8	62.3	77.3
2010-04-27	47054.0	33093.0	7348.0	5984.0	35117.0	5804.0	2416.0	48.7	71.8	58.1	77.3
2010-05-04	48517.0	35112.0	5443.0	5961.0	38614.0	5257.0	2273.0	50.4	77.5	59.5	81.3
2010-05-11	42824.0	29446.0	3361.0	5508.0	34848.0	5699.0	2444.0	49.0	76.1	57.0	80.4
2010-05-18	39545.0	26794.0	2898.0	5433.0	32271.0	5181.0	2239.0	45.8	74.8	55.2	79.5
2010-05-25	37952.0	24483.0	3138.0	4949.0	29658.0	5378.0	2014.0	46.2	70.7	55.5	75.4
2010-06-01	36277.0	23334.0	4162.0	5044.0	26962.0	4538.0	1792.0	44.8	67.8	55.4	74.8
2010-06-08	38248.0	25591.0	4849.0	4181.0	27748.0	5522.0	2697.0	45.1	68.3	55.1	75.8
2010-06-15	32329.0	24700.0	2738.0	2610.0	27286.0	4513.0	1799.0	53.2	82.8	62.0	87.1
2010-06-22	32053.0	23764.0	3083.0	2767.0	26512.0	4269.0	1205.0	50.4	81.1	61.4	85.6
2010-06-29	30261.0	22235.0	2998.0	2682.0	24544.0	4006.0	1381.0	54.5	80.2	62.6	84.4
2010-07-06	27998.0	21088.0	4770.0	2136.0	20216.0	3825.0	2063.0	57.2	70.7	65.8	80.0
2010-07-13	25589.0	19055.0	4796.0	1806.0	17560.0	3332.0	1837.0	61.4	68.0	67.2	77.1
2010-07-20	24176.0	17676.0	3216.0	1616.0	17886.0	3723.0	1913.0	62.0	70.4	67.6	77.2
2010-07-27	22557.0	16488.0	2536.0	1440.0	17414.0	4093.0	2071.0	57.7	74.8	65.2	80.3
2010-08-03	22911.0	15644.0	3269.0	2591.0	16673.0	4056.0	2349.0	55.6	71.8	63.2	77.4
2010-08-10	28784.0	22349.0	6841.0	1375.0	18421.0	4439.0	2901.0	68.9	64.5	73.4	74.8
2010-08-17	31979.0	25561.0	6814.0	1512.0	22361.0	4247.0	2145.0	73.4	74.5	75.9	82.0
2010-08-24	28979.0	21384.0	5661.0	1690.0	20640.0	5370.0	2143.0	58.5	73.3	64.3	83.7
2010-08-31	24350.0	17193.0	2220.0	1679.0	19717.0	4834.0	1769.0	56.7	77.1	62.0	82.7
2010-09-07	24239.0	17262.0	2914.0	1705.0	18190.0	3981.0	1844.0	53.9	73.6	61.2	79.5
2010-09-14	24885.0	18174.0	12447.0	1961.0	8850.0	4032.0	2870.0	59.5	48.8	65.1	64.3
2010-09-21	28701.0	19860.0	16223.0	4498.0	8638.0	3631.0	3128.0	64.6	46.9	72.0	62.1
2010-09-28	33147.0	20808.0	19424.0	8912.0	9456.0	2722.0	3562.0	66.5	44.2	77.5	58.7
2010-10-05	34586.0	19129.0	20709.0	11825.0	9238.0	2942.0	3949.0	69.5	43.3	78.8	57.9
2010-10-12	34984.0	19586.0	21078.0	11205.0	9569.0	3570.0	3714.0	67.3	42.9	76.4	60.7
2010-10-19	37745.0	22789.0	19608.0	9920.0	13966.0	4306.0	3441.0	62.2	48.8	70.9	67.5
2010-10-26	38585.0	24016.0	18166.0	9319.0	16270.0	4490.0	3389.0	63.4	52.3	71.4	69.0
2010-11-02	40266.0	27912.0	19926.0	7051.0	16260.0	4611.0	3388.0	60.9	52.3	70.5	70.7
2010-11-09	38371.0	26124.0	19809.0	7469.0	13689.0	4160.0	4255.0	63.8	47.4	70.4	68.2
2010-11-16	32813.0	21645.0	10818.0	5299.0	17785.0	4940.0	3281.0	57.3	64.4	63.9	75.0
2010-11-23	33749.0	22491.0	10188.0	5454.0	19594.0	4937.0	3100.0	54.7	67.7	63.1	77.6
2010-11-30	34435.0	20115.0	9387.0	7766.0	20640.0	5111.0	2965.0	52.2	72.1	62.1	79.1
2010-12-07	35071.0	20044.0	10584.0	7480.0	19471.0	5636.0	3105.0	56.5	68.6	62.7	75.0
2010-12-14	25202.0	16322.0	11209.0	4343.0	10947.0	3688.0	2197.0	61.6	58.7	66.3	68.5
2010-12-21	27089.0	15938.0	11464.0	5633.0	12895.0	4972.0	2184.0	56.7	58.6	63.5	68.7
2010-12-28	26398.0	16083.0	11401.0	5222.0	12238.0	4542.0	2208.0	57.7	57.4	64.4	67.9
2011-01-04	27677.0	18606.0	19874.0	4292.0	4566.0	4108.0	2566.0	63.0	49.2	68.0	65.7
2011-01-11	36538.0	23937.0	13880.0	4622.0	18718.0	6008.0	1969.0	54.9	55.6	61.8	71.2
2011-01-18	33014.0	20226.0	15016.0	6858.0	13759.0	5299.0	3608.0	52.3	55.6	62.7	68.4
2011-01-25	39190.0	24258.0	22834.0	8447.0	11186.0	5853.0	4538.0	54.8	51.8	64.3	67.0
2011-02-01	42472.0	26115.0	29740.0	9535.0	7367.0	6105.0	4648.0	58.6	47.4	67.2	63.1
2011-02-08	44039.0	27025.0	34423.0	10609.0	4573.0	5631.0	4269.0	59.2	52.9	66.6	64.2
2011-02-15	40052.0	24358.0	30118.0	8600.0	4938.0	5571.0	3473.0	54.2	50.0	61.9	65.8
2011-02-22	40335.0	25404.0	31428.0	8236.0	4512.0	5922.0	3622.0	53.6	53.0	65.2	68.2
2011-03-01	46405.0	29303.0	36391.0	11707.0	4891.0	4617.0	4345.0	54.2	52.2	68.6	66.0
2011-03-08	52704.0	33803.0	40476.0	12672.0	6393.0	4888.0	4494.0	55.7	49.2	69.1	64.3
2011-03-15	51147.0	25171.0	40665.0	19547.0	5544.0	5571.0	4080.0	63.7	46.8	73.2	63.6
2011-03-22	52822.0	27308.0	40917.0	18757.0	5147.0	5647.0	5648.0	66.0	37.5	74.2	56.6
2011-03-29	52915.0	27421.0	41334.0	18686.0	5031.0	5841.0	5583.0	66.1	41.0	74.1	56.9
2011-04-05	50309.0	24351.0	36050.0	18919.0	7624.0	5977.0	5573.0	65.0	42.9	74.5	57.0
2011-04-12	49843.0	25479.0	35260.0	17790.0	8186.0	5514.0	5337.0	67.9	38.9	76.2	51.6
2011-04-19	50159.0	22428.0	32857.0	18002.0	11611.0	8449.0	4411.0	65.5	37.1	72.0	52.2
2011-04-26	51693.0	25460.0	33949.0	16987.0	11704.0	8027.0	4821.0	66.7	34.9	72.1	50.6
2011-05-03	53901.0	27607.0	34723.0	16997.0	13097.0	8251.0	5035.0	65.1	36.6	70.8	51.7
2011-05-10	52362.0	25593.0	30156.0	18142.0	16597.0	7282.0	4264.0	68.4	40.9	72.5	60.6
2011-05-17	55791.0	28169.0	29439.0	19248.0	22211.0	7475.0	3242.0	66.6	48.3	71.8	69.0
2011-05-24	61833.0	32766.0	30281.0	19900.0	27347.0	8039.0	3077.0	62.0	53.1	70.9	75.7
2011-05-31	55794.0	28430.0	23643.0	19124.0	27731.0	7228.0	3408.0	66.7	55.2	72.5	73.0
2011-06-07	62825.0	34021.0	31937.0	18499.0	23616.0	7071.0	4038.0	60.1	50.5	68.1	68.6
2011-06-14	53773.0	37064.0	31093.0	8554.0	17639.0	7048.0	3934.0	58.2	54.5	69.0	70.7
2011-06-21	46279.0	31134.0	26191.0	6973.0	16463.0	7172.0	2625.0	56.4	60.9	62.2	74.9
2011-06-28	50419.0	35543.0	22811.0	6832.0	24367.0	7433.0	2630.0	61.8	53.0	66.6	70.6
2011-07-05	47393.0	32928.0	25207.0	6348.0	17728.0	6865.0	3206.0	60.3	57.4	65.7	70.9
2011-07-12	49877.0	31861.0	24271.0	8293.0	21459.0	8121.0	2545.0	52.5	55.5	60.2	73.3
2011-07-19	46605.0	31029.0	21837.0	7305.0	20465.0	7053.0	3085.0	59.3	62.5	65.1	78.0
2011-07-26	60863.0	39543.0	37215.0	12578.0	17316.0	7343.0	4933.0	55.9	51.4	72.3	68.1
2011-08-02	60529.0	36882.0	36404.0	14876.0	17972.0	7486.0	4868.0	58.4	51.7	72.8	67.1
2011-08-09	57347.0	34161.0	30860.0	15255.0	18014.0	6824.0	7366.0	55.3	53.4	74.6	66.3
2011-08-16	54579.0	29824.0	31071.0	17624.0	17096.0	5959.0	5240.0	58.9	54.3	75.9	67.1
2011-08-23	57901.0	32190.0	34751.0	18823.0	16369.0	5413.0	5306.0	60.5	50.5	78.2	65.2
2011-08-30	55670.0	31025.0	34007.0	17930.0	15878.0	5352.0	4422.0	62.3	52.9	76.9	67.4
2011-09-06	50566.0	26202.0	27933.0	14814.0	16382.0	6225.0	2926.0	47.2	56.2	61.6	69.3
2011-09-13	62802.0	37298.0	25627.0	15892.0	32502.0	7631.0	2692.0	43.0	64.2	55.7	79.5
2011-09-20	62452.0	44508.0	10260.0	9079.0	49920.0	8261.0	1668.0	43.5	80.8	56.7	88.5
2011-09-27	68631.0	47409.0	8989.0	9658.0	56355.0	10295.0	2018.0	44.4	82.1	55.8	88.7
2011-10-04	72521.0	49647.0	9315.0	11033.0	60529.0	10800.0	1636.0	44.1	83.2	56.5	90.5
2011-10-11	69667.0	50509.0	3623.0	10646.0	63804.0	7718.0	1446.0	47.6	87.4	59.7	92.7
2011-10-18	68006.0	47196.0	5445.0	9916.0	59113.0	9638.0	2192.0	43.9	85.9	54.8	89.8
2011-10-25	63947.0	43496.0	11386.0	10512.0	49313.0	9293.0	2602.0	52.2	82.0	59.8	87.3
2011-11-01	63639.0	37775.0	13952.0	17846.0	44486.0	7253.0	4436.0	61.7	77.9	71.6	82.9
2011-11-08	59861.0	35277.0	13274.0	17997.0	43308.0	5989.0	2681.0	63.3	79.5	72.2	87.4
2011-11-15	57305.0	32628.0	10098.0	15982.0	43715.0	8030.0	2827.0	57.8	80.2	64.0	87.4
2011-11-22	54442.0	31669.0	6341.0	13351.0	45513.0	8779.0	1945.0	51.7	85.1	59.9	89.4
2011-11-29	58641.0	38876.0	8170.0	11759.0	47360.0	7192.0	2297.0	48.6	84.2	59.6	89.6
2011-12-06	57372.0	40139.0	7986.0	10088.0	46939.0	6389.0	1691.0	49.3	86.9	60.2	90.7
2011-12-13	66540.0	46686.0	11051.0	9844.0	51286.0	8892.0	3085.0	44.6	79.9	56.3	87.1
2011-12-20	67062.0	51825.0	10848.0	5509.0	54200.0	9221.0	1507.0	50.8	84.6	60.7	94.1
2011-12-27	64646.0	52237.0	9663.0	5544.0	52783.0	6364.0	1699.0	52.3	82.5	63.2	92.2
2012-01-03	66053.0	50762.0	8925.0	5905.0	55231.0	8807.0	1318.0	48.8	82.7	60.1	91.1
2012-01-10	69024.0	52644.0	8057.0	6061.0	59023.0	9765.0	1390.0	47.1	83.8	57.1	91.3
2012-01-17	68483.0	51836.0	7078.0	6321.0	58372.0	9795.0	2502.0	46.8	83.2	57.0	89.9
2012-01-24	64148.0	50847.0	3924.0	4414.0	57437.0	7759.0	1659.0	50.0	86.6	59.2	90.2
2012-01-31	54946.0	42962.0	4207.0	3302.0	47734.0	7531.0	1854.0	51.9	86.6	61.3	89.1
2012-02-07	53362.0	39631.0	6834.0	3372.0	40942.0	9486.0	4713.0	54.4	76.5	62.0	81.4
2012-02-14	51997.0	38315.0	10500.0	4070.0	38931.0	8703.0	1657.0	51.5	79.1	59.2	86.2
2012-02-21	50648.0	37611.0	8599.0	3457.0	39097.0	8770.0	2142.0	52.4	77.4	61.6	84.6
2012-02-28	48598.0	37415.0	12022.0	3730.0	33393.0	6497.0	2227.0	55.3	74.9	65.1	82.8
2012-03-06	52985.0	38397.0	10681.0	4699.0	38729.0	7679.0	1365.0	50.4	78.3	58.0	88.0
2012-03-13	62925.0	46630.0	12586.0	4800.0	46016.0	8870.0	1698.0	44.4	76.9	54.4	88.4
2012-03-20	60548.0	46804.0	11110.0	4153.0	47444.0	9089.0	1492.0	47.8	82.0	59.0	92.8
2012-03-27	51926.0	39088.0	9457.0	3779.0	39940.0	8545.0	2015.0	51.6	80.1	60.4	87.9
2012-04-03	44594.0	30027.0	11454.0	5842.0	29925.0	7919.0	2409.0	46.4	77.5	56.7	84.3
2012-04-10	46655.0	32036.0	13197.0	5729.0	31170.0	8390.0	1788.0	45.3	75.3	53.9	86.0
2012-04-17	45759.0	30334.0	12945.0	5540.0	30512.0	9384.0	1801.0	43.1	77.7	52.2	87.5
2012-04-24	43144.0	26647.0	10669.0	6201.0	28544.0	9203.0	2838.0	44.3	77.8	51.2	82.6
2012-05-01	45539.0	31374.0	17996.0	7219.0	24200.0	5777.0	2174.0	54.7	66.0	65.4	78.9
2012-05-08	45996.0	32090.0	22061.0	7077.0	21078.0	5674.0	1702.0	50.1	75.4	60.0	83.4
2012-05-15	59379.0	44261.0	26819.0	8609.0	30296.0	5860.0	1615.0	38.6	65.3	50.6	86.8
2012-05-22	74493.0	58795.0	26008.0	9094.0	46342.0	6011.0	1550.0	41.4	81.2	55.7	91.4
2012-05-29	76744.0	60724.0	19089.0	8498.0	55446.0	6901.0	1588.0	39.0	86.2	56.3	93.9
2012-06-05	80104.0	65872.0	20072.0	6443.0	57605.0	6924.0	1562.0	44.5	83.5	62.2	92.7
2012-06-12	81310.0	66685.0	14064.0	7278.0	64875.0	6399.0	1423.0	44.4	87.5	61.6	94.1
2012-06-19	69963.0	58565.0	7798.0	5111.0	60389.0	5688.0	1177.0	41.7	87.5	58.4	93.9
2012-06-26	66742.0	53518.0	11493.0	5951.0	53679.0	6754.0	1051.0	38.1	90.5	54.9	94.6
2012-07-03	65041.0	50645.0	12094.0	7737.0	50905.0	6063.0	1446.0	37.4	89.9	54.2	93.7
2012-07-10	64925.0	51626.0	8477.0	5777.0	54566.0	6890.0	1250.0	37.4	90.5	55.8	93.3
2012-07-17	68675.0	54441.0	6712.0	6045.0	59390.0	6740.0	1124.0	37.5	91.2	55.3	93.7
2012-07-24	69554.0	55109.0	7273.0	5783.0	59636.0	7097.0	1080.0	35.4	90.8	50.5	93.4
2012-07-31	66186.0	49275.0	7225.0	9398.0	56248.0	5975.0	1175.0	37.9	91.8	55.9	93.4
2012-08-07	65933.0	49089.0	9865.0	9596.0	53001.0	5603.0	1422.0	41.5	91.9	57.4	93.3
2012-08-14	62579.0	46474.0	8242.0	8591.0	51252.0	5860.0	1431.0	41.2	89.5	57.2	92.1
2012-08-21	65398.0	48256.0	10085.0	9588.0	51710.0	5686.0	1735.0	43.1	84.2	57.3	89.0
2012-08-28	64880.0	46494.0	10176.0	11917.0	50742.0	4432.0	1925.0	52.1	83.1	64.7	88.0
2012-09-04	65008.0	45287.0	9792.0	12391.0	49879.0	4991.0	2998.0	53.9	81.8	66.0	86.4
2012-09-11	72175.0	52773.0	18138.0	13741.0	49227.0	3889.0	3038.0	65.4	75.5	74.5	83.0
2012-09-18	40481.0	28541.0	23645.0	7179.0	12534.0	3164.0	2705.0	52.6	49.9	62.8	66.7
2012-09-25	47992.0	31024.0	34994.0	12247.0	8382.0	2980.0	2875.0	59.4	49.5	68.8	68.6
2012-10-02	45193.0	28446.0	32804.0	12088.0	8029.0	2776.0	2477.0	58.6	47.4	67.8	65.9
2012-10-09	42452.0	25415.0	31178.0	11736.0	6748.0	3370.0	2595.0	57.9	49.9	68.0	64.9
2012-10-16	45816.0	28162.0	33052.0	11854.0	7750.0	3681.0	2895.0	55.6	46.4	65.9	64.8
2012-10-23	43793.0	25834.0	31760.0	12085.0	7016.0	4071.0	3214.0	49.8	49.8	59.7	63.1
2012-10-30	41026.0	24130.0	28996.0	10825.0	6785.0	3849.0	3023.0	47.5	47.3	58.0	64.0
2012-11-06	36758.0	27243.0	25086.0	5403.0	7003.0	2075.0	2632.0	39.1	40.1	51.3	62.3
2012-11-13	38393.0	27729.0	21919.0	4836.0	11817.0	3611.0	2440.0	36.5	42.7	48.1	65.4
2012-11-20	39211.0	27435.0	21572.0	6216.0	13403.0	3443.0	2119.0	36.8	44.9	49.9	66.1
2012-11-27	35530.0	24650.0	17201.0	5035.0	13762.0	3653.0	2375.0	39.9	47.5	50.4	63.2
2012-12-04	43191.0	31240.0	22022.0	4438.0	13651.0	3144.0	3149.0	45.7	40.9	56.8	55.5
2012-12-11	48730.0	35658.0	28558.0	7141.0	15281.0	2836.0	1796.0	46.3	40.1	63.2	59.7
2012-12-18	43470.0	27205.0	35778.0	11792.0	2740.0	2677.0	3156.0	51.4	39.3	64.4	56.9
2012-12-24	43308.0	23383.0	36330.0	15996.0	2613.0	2221.0	2657.0	49.3	42.4	66.3	60.3
2012-12-31	42593.0	23677.0	33955.0	14158.0	3075.0	3006.0	3811.0	45.9	38.6	63.1	55.8
2013-01-08	44635.0	29404.0	23267.0	9317.0	17168.0	4101.0	2387.0	40.2	52.6	57.3	67.7
2013-01-15	46567.0	31886.0	25155.0	8367.0	17454.0	4544.0	2188.0	36.6	58.9	54.3	73.9
2013-01-22	42728.0	31028.0	22537.0	6984.0	16993.0	2815.0	1297.0	36.4	64.3	53.0	77.9
2013-01-29	43634.0	30362.0	20685.0	7531.0	17900.0	3831.0	3139.0	32.5	56.5	48.0	66.6
2013-02-05	55093.0	36900.0	34198.0	13278.0	15748.0	3051.0	3283.0	45.2	49.1	61.9	63.5
2013-02-12	46236.0	28520.0	25887.0	11292.0	15685.0	4121.0	2361.0	41.3	53.6	63.0	68.8
2013-02-19	50051.0	36057.0	23901.0	6569.0	22132.0	5520.0	2113.0	41.5	61.4	60.8	74.3
2013-02-26	69583.0	52367.0	30033.0	7978.0	35403.0	6616.0	1525.0	33.6	68.5	51.2	86.8
2013-03-05	78061.0	59929.0	33940.0	8906.0	40334.0	7021.0	1582.0	30.6	71.5	47.0	90.0
2013-03-12	79948.0	61629.0	29843.0	7660.0	45242.0	7771.0	1975.0	27.9	72.9	42.0	89.2
2013-03-19	85693.0	70051.0	16133.0	6816.0	66551.0	6985.0	1168.0	35.7	81.8	50.6	92.3
2013-03-26	83063.0	67997.0	13579.0	6778.0	66243.0	6206.0	1159.0	35.5	85.4	52.0	92.7
2013-04-02	89895.0	73807.0	19540.0	7340.0	66897.0	6704.0	1414.0	34.2	81.8	48.3	90.7
2013-04-09	87508.0	70002.0	20501.0	8172.0	63436.0	7320.0	1557.0	32.5	81.0	48.1	93.4
2013-04-16	77787.0	60259.0	21866.0	8061.0	52684.0	7812.0	1582.0	30.9	81.3	46.6	92.3
2013-04-23	78266.0	59066.0	20797.0	7366.0	53815.0	10021.0	1841.0	31.4	82.4	45.1	90.6
2013-04-30	70776.0	50628.0	15264.0	9794.0	52210.0	8663.0	1611.0	29.1	85.7	44.8	91.2
2013-05-07	69141.0	47555.0	15414.0	11205.0	50745.0	8520.0	1121.0	26.6	87.1	40.5	92.6
2013-05-14	80067.0	59690.0	24537.0	7779.0	52366.0	10999.0	1565.0	28.6	81.7	40.9	93.2
2013-05-21	94765.0	75673.0	29812.0	4665.0	62115.0	12793.0	1204.0	28.1	80.2	41.2	93.5
2013-05-28	92698.0	72598.0	26943.0	4844.0	61936.0	13066.0	1629.0	27.6	81.9	39.8	93.4
2013-06-04	80851.0	62129.0	18179.0	4822.0	59390.0	11888.0	1270.0	26.4	88.0	40.4	94.2
2013-06-11	79315.0	57814.0	14560.0	7287.0	56827.0	7990.0	1704.0	39.2	82.5	48.9	86.6
2013-06-18	51036.0	36438.0	21788.0	5330.0	24866.0	7169.0	2283.0	34.3	65.2	48.1	78.0
2013-06-25	52740.0	36658.0	24377.0	5256.0	22769.0	7610.0	2378.0	33.6	66.6	44.7	78.6
2013-07-02	55430.0	39682.0	24010.0	5103.0	26646.0	7976.0	2105.0	33.7	72.6	44.5	82.2
2013-07-09	69480.0	53446.0	24203.0	5204.0	41847.0	9145.0	1745.0	29.1	80.3	42.8	89.0
2013-07-16	64342.0	49979.0	20276.0	5225.0	41113.0	7524.0	1339.0	31.9	84.8	44.9	91.6
2013-07-23	60781.0	46393.0	18231.0	5832.0	39379.0	6965.0	1580.0	33.8	88.0	47.4	91.6
2013-07-30	63511.0	45347.0	20156.0	6930.0	39475.0	9689.0	2335.0	30.7	82.4	41.6	88.7
2013-08-06	67341.0	49921.0	24731.0	7502.0	38976.0	8360.0	2076.0	33.1	79.9	46.8	90.0
2013-08-13	74194.0	49791.0	34121.0	13683.0	35571.0	8533.0	2315.0	35.3	70.6	50.8	86.1
2013-08-20	75224.0	50429.0	38071.0	13924.0	32190.0	8395.0	2487.0	34.5	68.3	49.8	82.5
2013-08-27	73930.0	49100.0	37391.0	13865.0	31562.0	8335.0	2347.0	33.8	66.9	49.8	81.3
2013-09-03	67467.0	42118.0	29970.0	12727.0	32780.0	9664.0	1759.0	33.9	69.5	44.3	85.1
2013-09-10	70651.0	43056.0	21856.0	12239.0	40669.0	10893.0	3663.0	30.2	68.8	43.6	80.7
2013-09-17	68238.0	44826.0	22928.0	12220.0	40713.0	8821.0	2226.0	40.7	73.8	52.7	82.7
2013-09-24	53075.0	37862.0	33813.0	6843.0	15203.0	7066.0	2755.0	37.3	50.6	51.6	69.7
2013-10-01	53794.0	36795.0	34610.0	7822.0	13841.0	7360.0	3526.0	39.8	45.9	55.1	64.4
2013-10-08	59355.0	40103.0	40260.0	9587.0	13796.0	7444.0	3078.0	40.1	48.2	54.9	68.8
2013-10-15	50217.0	33958.0	32638.0	7181.0	12901.0	7302.0	2902.0	37.5	51.0	49.2	69.8
2013-10-22	54206.0	38918.0	35918.0	6827.0	13581.0	6727.0	2973.0	35.8	42.3	50.0	63.7
2013-10-29	51946.0	36593.0	34969.0	6604.0	12206.0	7094.0	3116.0	36.5	44.3	48.4	66.3
2013-11-05	43806.0	32241.0	24312.0	3759.0	15341.0	6142.0	2489.0	36.7	46.2	49.5	65.9
2013-11-12	41351.0	30278.0	16030.0	2752.0	21908.0	6658.0	1750.0	35.3	57.2	44.6	75.7
2013-11-19	43239.0	31688.0	16590.0	3621.0	23412.0	6274.0	1581.0	33.4	60.6	44.5	77.3
2013-11-26	42877.0	31678.0	15701.0	2948.0	23884.0	6450.0	1491.0	33.5	67.9	45.1	82.1
2013-12-03	46173.0	31815.0	20252.0	4870.0	21913.0	7098.0	1618.0	33.4	66.1	46.3	79.5
2013-12-10	49070.0	34708.0	27527.0	5488.0	16407.0	6080.0	2342.0	37.5	56.0	54.7	70.9
2013-12-17	39322.0	25727.0	31555.0	6065.0	3686.0	6000.0	2551.0	38.9	56.7	48.3	69.9
2013-12-24	43607.0	28425.0	32770.0	6468.0	6440.0	6932.0	2615.0	41.6	43.4	50.3	62.4
2014-01-07	46642.0	29161.0	31525.0	7161.0	11283.0	8577.0	2091.0	35.8	37.6	43.9	63.0
2014-01-14	42927.0	27607.0	23768.0	6243.0	15420.0	7361.0	2023.0	34.3	50.0	42.9	70.5
2014-01-21	49768.0	32336.0	28095.0	6692.0	18440.0	8873.0	1366.0	33.4	47.3	41.5	74.1
2014-01-28	48844.0	32594.0	28604.0	5938.0	16396.0	8535.0	2067.0	34.9	47.5	46.0	68.4
2014-02-04	47614.0	31164.0	26075.0	6863.0	18776.0	8189.0	1365.0	33.9	54.7	41.6	77.1
2014-02-11	47189.0	30980.0	24362.0	5917.0	19268.0	8726.0	1993.0	33.9	55.5	41.7	75.5
2014-02-18	49629.0	32461.0	29843.0	5790.0	15302.0	9350.0	2456.0	31.0	42.3	39.3	61.2
2014-02-25	49811.0	32921.0	32940.0	5866.0	12465.0	8846.0	2228.0	31.1	48.5	38.5	70.0
2014-03-04	52552.0	34864.0	35345.0	5793.0	11436.0	8510.0	2386.0	31.8	45.5	41.8	63.9
2014-03-11	58004.0	41083.0	41261.0	6108.0	11130.0	8287.0	3087.0	34.0	45.9	47.0	65.4
2014-03-18	51698.0	31687.0	43857.0	9136.0	2117.0	8084.0	2933.0	30.9	43.4	40.4	60.6
2014-03-25	50393.0	31654.0	42597.0	7802.0	2632.0	8117.0	2344.0	34.4	36.1	44.9	55.8
2014-04-01	52151.0	32765.0	42818.0	7833.0	4166.0	8334.0	1948.0	33.2	33.9	43.5	51.7
2014-04-08	50988.0	33471.0	32882.0	4975.0	12556.0	8951.0	1959.0	31.8	41.3	40.4	59.4
2014-04-15	52388.0	36724.0	37258.0	5552.0	10313.0	8131.0	2836.0	29.6	49.0	39.8	69.3
2014-04-22	50260.0	34026.0	35645.0	5218.0	10036.0	8787.0	2350.0	28.3	48.0	37.0	68.2
2014-04-29	52985.0	36651.0	36987.0	5095.0	11113.0	8701.0	2347.0	28.5	45.8	38.0	66.1
2014-05-06	59850.0	41459.0	43156.0	4651.0	9966.0	9974.0	2962.0	26.7	44.8	37.8	62.6
2014-05-13	50532.0	34719.0	35054.0	4394.0	8958.0	8221.0	3322.0	28.4	48.2	38.3	65.6
2014-05-20	47494.0	32292.0	32609.0	4784.0	9722.0	7617.0	2362.0	27.5	49.0	36.5	67.9
2014-05-27	49243.0	33442.0	34126.0	5171.0	10038.0	7713.0	2162.0	26.4	52.1	35.2	70.8
2014-06-03	54011.0	37663.0	37369.0	4676.0	11239.0	8250.0	1981.0	25.7	52.3	35.2	68.7
2014-06-10	53957.0	36218.0	36256.0	4389.0	10126.0	7739.0	1964.0	26.2	55.0	35.8	70.4
2014-06-17	55245.0	42883.0	21361.0	3661.0	30534.0	6781.0	1430.0	26.8	70.0	36.7	80.6
2014-06-24	58484.0	44700.0	23005.0	3761.0	31134.0	7729.0	2051.0	26.0	68.8	36.1	80.2
2014-07-01	58275.0	43256.0	23199.0	4509.0	30588.0	8255.0	2233.0	27.7	69.4	37.0	79.7
2014-07-08	54011.0	38732.0	19030.0	4890.0	30222.0	7794.0	2164.0	29.8	72.5	38.2	79.3
2014-07-15	53919.0	37482.0	19810.0	5381.0	29401.0	8458.0	2110.0	27.9	71.1	35.9	80.6
2014-07-22	57646.0	41404.0	22783.0	5755.0	30349.0	7895.0	1922.0	26.0	75.0	34.7	82.2
2014-07-29	74037.0	55881.0	36470.0	6962.0	33000.0	8415.0	1788.0	26.4	72.9	36.6	84.9
2014-08-05	82000.0	63727.0	40075.0	6680.0	37776.0	9073.0	1629.0	25.9	73.3	37.5	86.9
2014-08-12	84214.0	64323.0	41139.0	7094.0	38180.0	10334.0	2432.0	28.2	73.7	40.1	87.9
2014-08-19	89417.0	70323.0	43136.0	7061.0	41573.0	9467.0	2142.0	27.0	75.1	39.9	88.5
2014-08-26	90807.0	72561.0	43720.0	5649.0	42760.0	9714.0	1444.0	27.9	76.8	39.2	88.5
2014-09-02	87783.0	69905.0	40754.0	5701.0	42893.0	9797.0	1756.0	29.5	78.4	39.0	90.0
2014-09-09	89540.0	72225.0	39730.0	5155.0	45158.0	9536.0	2028.0	30.0	73.5	39.6	84.6
2014-09-16	90930.0	73991.0	20628.0	6577.0	67696.0	9159.0	1403.0	28.9	77.7	39.0	88.9
2014-09-23	93016.0	75950.0	18960.0	5358.0	69958.0	10157.0	2547.0	26.9	78.2	37.9	88.0
2014-09-30	95588.0	77468.0	21073.0	5243.0	70281.0	10911.0	2268.0	25.8	75.3	37.3	86.0
2014-10-07	94286.0	73699.0	24022.0	6921.0	66461.0	11592.0	1729.0	27.7	73.3	38.7	84.8
2014-10-14	92018.0	71364.0	22398.0	7455.0	66019.0	11144.0	1546.0	28.4	76.4	40.5	89.5
2014-10-21	80315.0	62624.0	12398.0	5350.0	64235.0	10293.0	1634.0	31.0	83.7	41.5	92.2
2014-10-28	79369.0	62564.0	12258.0	4308.0	63444.0	10236.0	1406.0	31.0	82.6	42.1	90.1
2014-11-04	92157.0	72823.0	30058.0	4517.0	58962.0	12847.0	1167.0	27.0	81.7	40.5	90.8
2014-11-11	95206.0	70464.0	28839.0	6215.0	59310.0	16625.0	5155.0	24.7	77.6	37.6	87.2
2014-11-18	90731.0	67878.0	28522.0	8292.0	59031.0	12620.0	1237.0	25.7	79.9	41.0	90.5
2014-11-25	98005.0	71881.0	33414.0	8505.0	59005.0	15523.0	3490.0	24.4	78.9	39.4	88.7
2014-12-02	97454.0	70833.0	34678.0	8964.0	58013.0	14279.0	1385.0	27.5	83.4	39.2	88.5
2014-12-09	94289.0	67363.0	30957.0	8762.0	58583.0	14644.0	1229.0	31.1	77.8	40.4	87.4
2014-12-16	87377.0	61628.0	29664.0	8966.0	55265.0	15463.0	1128.0	30.8	83.4	40.3	90.9
2014-12-23	94321.0	69542.0	21610.0	8953.0	70280.0	14558.0	1163.0	28.8	80.5	38.8	89.2
2014-12-30	106538.0	81570.0	32737.0	7807.0	71220.0	16043.0	1463.0	30.2	78.1	41.8	87.7
2015-01-06	126083.0	97113.0	27327.0	10387.0	95549.0	17244.0	1868.0	29.1	83.8	43.1	90.7
2015-01-13	127504.0	94682.0	22722.0	13966.0	101287.0	17255.0	1894.0	28.3	85.5	41.0	91.4
2015-01-20	130077.0	97140.0	23972.0	13407.0	102529.0	18210.0	2256.0	28.5	86.7	41.6	92.1
2015-01-27	129495.0	92250.0	21577.0	13037.0	103151.0	22418.0	2977.0	27.8	87.9	40.4	92.8
2015-02-03	125025.0	88135.0	16529.0	13904.0	104504.0	21156.0	2162.0	28.0	85.6	39.2	91.2
2015-02-10	114816.0	78694.0	9756.0	11662.0	99931.0	21118.0	1787.0	23.5	88.2	33.9	92.5
2015-02-17	115630.0	76679.0	10617.0	12935.0	99317.0	22237.0	1917.0	23.6	86.6	33.3	91.5
2015-02-24	118929.0	81571.0	13414.0	12992.0	100864.0	21196.0	1481.0	25.1	85.3	34.8	90.8
2015-03-03	123981.0	85713.0	18495.0	14110.0	100554.0	21212.0	1986.0	24.1	83.5	33.5	89.1
2015-03-10	148486.0	97139.0	15869.0	15079.0	114813.0	21446.0	2982.0	19.6	76.4	27.5	81.0
2015-03-17	132548.0	96554.0	16828.0	11083.0	111901.0	23118.0	2026.0	23.7	81.9	31.6	91.6
2015-03-24	116148.0	83434.0	12207.0	9600.0	98174.0	21078.0	3731.0	27.4	83.7	35.8	92.5
2015-03-31	118796.0	87260.0	14117.0	8915.0	101281.0	21052.0	1829.0	27.1	82.5	36.2	92.0
2015-04-07	113690.0	83404.0	10598.0	8910.0	98732.0	18997.0	1981.0	28.8	84.3	38.5	93.8
2015-04-14	119021.0	90489.0	14082.0	9776.0	100261.0	16653.0	2575.0	28.5	80.8	38.4	90.5
2015-04-21	115918.0	85893.0	14172.0	8667.0	97041.0	18788.0	2135.0	29.0	80.2	37.7	90.7
2015-04-28	112648.0	78124.0	13540.0	8347.0	88104.0	22769.0	7596.0	26.4	77.3	34.6	86.0
2015-05-05	102100.0	72708.0	13781.0	11558.0	81933.0	15717.0	4269.0	30.0	82.7	40.0	88.7
2015-05-12	99697.0	67303.0	11967.0	13625.0	79728.0	16503.0	5736.0	28.0	81.8	38.7	86.8
2015-05-19	98050.0	64375.0	10892.0	15805.0	78401.0	14354.0	5241.0	30.0	81.5	40.4	85.5
2015-05-26	103211.0	69694.0	17398.0	14503.0	80403.0	16098.0	2494.0	28.8	79.1	40.4	86.2
2015-06-02	102174.0	72455.0	12733.0	12568.0	85756.0	14443.0	977.0	26.4	83.5	39.3	91.1
2015-06-09	105463.0	73453.0	10576.0	12947.0	88982.0	14859.0	1701.0	29.5	83.5	41.6	90.4
2015-06-16	86281.0	63980.0	10560.0	7905.0	72908.0	13256.0	1673.0	32.0	85.5	40.6	93.3
2015-06-23	85932.0	63696.0	11351.0	7461.0	71014.0	12940.0	1732.0	32.2	84.1	42.1	93.0
2015-06-30	83260.0	59112.0	7716.0	8158.0	71228.0	13475.0	1801.0	32.7	85.1	42.1	90.9
2015-07-07	89292.0	64474.0	5036.0	7900.0	80474.0	14458.0	1322.0	29.6	86.9	38.1	93.1
2015-07-14	88719.0	63866.0	5156.0	8383.0	80003.0	14655.0	1745.0	28.6	88.5	37.5	93.7
2015-07-21	98609.0	70947.0	8678.0	9079.0	85438.0	16694.0	2604.0	27.4	87.4	35.8	92.8
2015-07-28	96069.0	69770.0	8593.0	9598.0	84161.0	15294.0	1908.0	28.0	90.8	36.7	95.2
2015-08-04	100515.0	72616.0	7444.0	10143.0	89349.0	15580.0	1546.0	27.7	91.0	35.7	95.0
2015-08-11	101605.0	71911.0	6319.0	10941.0	90040.0	15462.0	1955.0	27.5	89.9	35.4	92.7
2015-08-18	104952.0	74212.0	11266.0	14331.0	89508.0	14146.0	1915.0	30.8	87.4	40.6	89.9
2015-08-25	100933.0	67446.0	15206.0	20253.0	79241.0	9575.0	2827.0	38.9	79.7	49.1	83.1
2015-09-01	100231.0	60763.0	9568.0	18657.0	76096.0	16038.0	9794.0	35.9	72.4	46.3	76.2
2015-09-08	94284.0	63250.0	9851.0	18494.0	78216.0	9353.0	3030.0	35.6	79.0	47.6	83.2
2015-09-15	65291.0	49861.0	10107.0	6030.0	52346.0	8032.0	1470.0	39.2	81.5	50.7	89.5
2015-09-22	68333.0	51474.0	10686.0	6081.0	54560.0	9415.0	1724.0	35.5	80.7	46.5	88.4
2015-09-29	71478.0	54504.0	8803.0	6170.0	58596.0	9163.0	2438.0	39.7	83.8	50.7	89.8
2015-10-06	70957.0	54656.0	8665.0	6026.0	59274.0	8849.0	1592.0	40.8	87.5	51.8	91.1
2015-10-13	72734.0	49049.0	10174.0	12959.0	57897.0	9291.0	3228.0	37.4	84.4	51.8	87.3
2015-10-20	81495.0	47578.0	19375.0	23374.0	58124.0	8813.0	2266.0	42.9	82.0	56.0	86.8
2015-10-27	75389.0	49047.0	14356.0	14365.0	57028.0	9737.0	1765.0	36.5	85.7	45.8	90.1
2015-11-03	76816.0	53003.0	13077.0	11794.0	58856.0	9552.0	2416.0	31.9	84.4	41.9	87.7
2015-11-10	84478.0	61394.0	17610.0	9241.0	62557.0	11809.0	2277.0	27.5	79.1	35.7	87.1
2015-11-17	89992.0	65696.0	19169.0	8470.0	66436.0	13723.0	2284.0	27.6	78.9	36.3	87.5
2015-11-24	91193.0	64881.0	18735.0	9433.0	67538.0	13654.0	1695.0	28.2	79.9	37.5	87.6
2015-12-01	95037.0	66376.0	19039.0	9715.0	68852.0	14560.0	2760.0	26.6	76.7	36.2	85.3
2015-12-08	96798.0	68328.0	17300.0	11954.0	73738.0	11979.0	1223.0	27.4	75.1	38.6	83.2
2015-12-15	71495.0	52945.0	16043.0	6972.0	52699.0	10139.0	1314.0	33.6	74.3	41.5	85.6
2015-12-22	65071.0	47926.0	14519.0	6007.0	47192.0	9388.0	1610.0	34.5	78.0	42.5	84.7
2015-12-29	64418.0	47235.0	13620.0	6173.0	47595.0	9084.0	1277.0	34.5	79.9	42.5	85.6
2016-01-05	74475.0	53591.0	12882.0	9387.0	58268.0	9810.0	1638.0	37.3	81.6	46.0	87.4
2016-01-12	73868.0	53224.0	10505.0	8936.0	60272.0	10067.0	1450.0	42.0	84.3	49.6	88.8
2016-01-19	76206.0	55084.0	12309.0	10466.0	60728.0	8980.0	1493.0	41.5	82.4	51.2	87.6
2016-01-26	75839.0	54688.0	10463.0	10375.0	62053.0	8910.0	1457.0	40.4	83.7	50.0	87.6
2016-02-02	76120.0	54787.0	9915.0	10141.0	62700.0	9173.0	1486.0	38.8	82.9	50.2	88.2
2016-02-09	75853.0	50735.0	15722.0	16295.0	55875.0	7167.0	2600.0	36.7	78.6	55.2	84.0
2016-02-16	69926.0	46770.0	15428.0	15278.0	50454.0	6834.0	3000.0	38.8	77.6	56.5	83.8
2016-02-23	69258.0	45107.0	15682.0	16761.0	49708.0	5906.0	2384.0	37.5	77.3	54.8	83.5
2016-03-01	64297.0	41571.0	14786.0	15004.0	46037.0	6444.0	2196.0	41.9	75.2	56.2	80.5
2016-03-08	63702.0	40447.0	14069.0	15801.0	45920.0	5623.0	1882.0	42.0	76.1	55.5	80.0
2016-03-15	49684.0	33578.0	16067.0	9335.0	30980.0	5831.0	1697.0	44.0	70.9	57.4	80.1
2016-03-22	52614.0	35761.0	18087.0	8968.0	30252.0	6422.0	2812.0	42.1	67.7	55.4	75.2
2016-03-29	53669.0	37537.0	19787.0	8329.0	29184.0	6176.0	3071.0	43.4	71.4	54.9	78.2
2016-04-05	56323.0	40039.0	22724.0	7433.0	29079.0	7161.0	2830.0	38.8	70.8	50.3	77.7
2016-04-12	59054.0	39571.0	25722.0	10122.0	28703.0	7813.0	3081.0	41.4	69.5	51.8	76.5
2016-04-19	62494.0	42058.0	28609.0	10371.0	29061.0	8310.0	3069.0	39.2	69.5	51.1	76.2
2016-04-26	64034.0	40524.0	29194.0	13156.0	29860.0	8265.0	2891.0	36.5	70.2	48.7	76.8
2016-05-03	71528.0	44378.0	35204.0	15710.0	30338.0	9077.0	3623.0	34.8	65.1	46.7	73.8
2016-05-10	67841.0	42834.0	30717.0	14291.0	31195.0	8019.0	3232.0	34.3	68.1	47.0	75.5
2016-05-17	65412.0	38926.0	28480.0	15346.0	30729.0	7669.0	2732.0	34.5	68.4	46.6	74.5
2016-05-24	61266.0	34618.0	23440.0	15061.0	31208.0	7359.0	2390.0	36.0	67.2	48.3	73.8
2016-05-31	62195.0	34099.0	24193.0	15663.0	31709.0	8404.0	2264.0	35.0	67.8	46.9	73.9
2016-06-07	70139.0	37987.0	28188.0	17029.0	31733.0	7597.0	2692.0	32.0	64.1	46.2	69.6
2016-06-14	50315.0	32024.0	27332.0	8357.0	17791.0	6949.0	2207.0	38.5	56.6	48.2	67.5
2016-06-21	50649.0	34097.0	24725.0	7157.0	20352.0	6177.0	2354.0	40.8	55.8	51.8	69.0
2016-06-28	47703.0	31058.0	18879.0	7279.0	22118.0	5950.0	3290.0	37.8	58.1	48.4	70.7
2016-07-05	51060.0	32442.0	20163.0	7419.0	25073.0	7208.0	1833.0	35.4	51.0	45.7	69.5
2016-07-12	52678.0	33104.0	19120.0	7687.0	26941.0	7246.0	1976.0	36.8	52.7	47.1	68.9
2016-07-19	56826.0	35300.0	20774.0	7641.0	29311.0	8848.0	1704.0	32.0	52.9	41.8	69.0
2016-07-26	63131.0	41251.0	18772.0	8073.0	36673.0	8324.0	2203.0	32.1	56.3	41.1	70.4
2016-08-02	54870.0	32200.0	14483.0	8063.0	30043.0	6391.0	2128.0	35.1	59.7	45.8	68.0
2016-08-09	56359.0	32499.0	16730.0	7480.0	29097.0	7599.0	1751.0	32.4	59.4	42.0	66.9
2016-08-16	57759.0	35849.0	19378.0	7418.0	28503.0	6870.0	2256.0	34.1	59.1	46.9	66.8
2016-08-23	57651.0	33766.0	17798.0	7669.0	28528.0	7772.0	2881.0	31.1	57.9	42.6	65.6
2016-08-30	55341.0	30121.0	15155.0	7912.0	28335.0	7790.0	2333.0	31.5	59.7	39.8	66.1
2016-09-06	58169.0	33728.0	16767.0	7330.0	30240.0	8835.0	2886.0	34.0	58.4	43.7	64.6
2016-09-13	55501.0	34343.0	17269.0	7899.0	30445.0	7745.0	2273.0	36.8	62.6	47.1	69.3
2016-09-20	47964.0	30268.0	15868.0	7151.0	26324.0	7029.0	2256.0	37.6	62.6	47.2	69.5
2016-09-27	50534.0	31260.0	19055.0	7377.0	24798.0	7476.0	2260.0	35.7	64.5	46.9	70.6
2016-10-04	53795.0	34210.0	22110.0	7349.0	25257.0	7915.0	2107.0	34.2	67.0	46.2	74.0
2016-10-11	69769.0	50990.0	17441.0	6875.0	46118.0	7981.0	2287.0	34.4	74.1	50.2	81.3
2016-10-18	79933.0	60566.0	15144.0	7133.0	58902.0	8307.0	1960.0	32.9	77.1	48.8	84.5
2016-10-25	86683.0	67984.0	13994.0	6912.0	66229.0	7818.0	2491.0	33.8	75.8	49.4	82.9
2016-11-01	85739.0	67181.0	12851.0	6839.0	66962.0	8035.0	2242.0	35.7	77.6	53.1	84.9
2016-11-08	85931.0	65523.0	13227.0	8675.0	67458.0	8668.0	2181.0	34.0	79.2	51.3	87.2
2016-11-15	81170.0	60750.0	12322.0	9302.0	62542.0	8421.0	3609.0	29.9	76.8	47.0	84.2
2016-11-22	93965.0	72226.0	19037.0	9539.0	68678.0	9400.0	3450.0	28.0	69.6	46.4	81.2
2016-11-29	92156.0	68042.0	14639.0	9374.0	69184.0	9562.0	3155.0	28.2	70.8	43.2	81.6
2016-12-06	93311.0	66444.0	11842.0	9335.0	70871.0	11844.0	4910.0	26.7	71.7	40.3	81.0
2016-12-13	96087.0	70157.0	13445.0	9479.0	72718.0	11160.0	4633.0	27.6	71.5	42.9	81.3
2016-12-20	84233.0	63443.0	11076.0	9680.0	68715.0	10036.0	3368.0	27.3	81.4	42.6	86.7
2016-12-27	87191.0	65725.0	13081.0	9800.0	69836.0	10775.0	3383.0	27.7	78.8	42.0	86.2
2017-01-03	84941.0	64538.0	10267.0	8298.0	68650.0	10919.0	4838.0	28.3	79.5	41.8	85.5
2017-01-10	80618.0	61218.0	8090.0	7496.0	67379.0	10246.0	3491.0	29.6	83.2	43.5	88.2
2017-01-17	77719.0	57589.0	8467.0	6916.0	64074.0	11123.0	3087.0	28.8	84.5	42.9	88.1
2017-01-24	74838.0	55098.0	6676.0	6938.0	63451.0	10832.0	2741.0	28.1	87.5	43.1	90.3
2017-01-31	75601.0	54801.0	8229.0	6822.0	62118.0	11379.0	2655.0	26.7	85.9	40.8	88.8
