2005-01-04	9379.0	4589.0	1424.0	2606.0	7099.0	1940.0	612.0	49.2	71.1	56.2	73.2
2005-01-11	9924.0	4813.0	1414.0	2275.0	7109.0	2591.0	1156.0	46.3	69.8	54.0	72.0
2005-01-18	10406.0	4724.0	1269.0	3413.0	8367.0	2021.0	522.0	41.5	63.5	48.6	65.7
2005-01-25	9034.0	4617.0	632.0	2370.0	7594.0	1757.0	518.0	47.0	73.2	56.2	73.7
2005-02-01	9356.0	4613.0	629.0	2259.0	7634.0	2183.0	792.0	45.1	72.3	54.0	72.8
2005-02-08	10445.0	5105.0	706.0	2379.0	8119.0	2687.0	1346.0	40.1	70.2	48.4	70.6
2005-02-15	11856.0	5666.0	290.0	2051.0	8748.0	3861.0	2540.0	36.1	64.8	45.6	65.6
2005-02-22	8387.0	5608.0	403.0	260.0	6437.0	2206.0	1234.0	49.4	80.8	61.9	81.6
2005-03-01	9307.0	6192.0	875.0	400.0	6984.0	2368.0	1101.0	44.5	82.5	56.9	82.9
2005-03-08	10391.0	6805.0	1118.0	509.0	7788.0	2708.0	1116.0	40.6	80.9	54.9	83.3
2005-03-15	12014.0	7165.0	1436.0	540.0	8225.0	3858.0	1902.0	35.3	76.3	48.8	78.0
2005-03-22	10599.0	6693.0	767.0	464.0	8038.0	2450.0	802.0	40.9	75.1	54.1	81.0
2005-03-29	10297.0	7388.0	905.0	299.0	7817.0	1993.0	958.0	42.3	78.1	59.4	84.3
2005-04-05	10631.0	7753.0	950.0	275.0	8994.0	2018.0	102.0	47.6	86.5	63.8	93.5
2005-04-12	11459.0	7701.0	1380.0	275.0	8736.0	3048.0	908.0	45.8	82.0	60.0	88.0
2005-04-19	11981.0	8410.0	1603.0	237.0	9350.0	2898.0	592.0	45.3	83.5	63.4	91.3
2005-04-26	11742.0	7248.0	1326.0	432.0	9032.0	3563.0	885.0	42.0	83.8	54.3	86.7
2005-05-03	12262.0	7567.0	1079.0	561.0	9035.0	3534.0	1548.0	43.4	77.0	54.6	80.0
2005-05-10	12652.0	7761.0	895.0	561.0	9603.0	3790.0	1614.0	42.4	74.2	54.5	80.5
2005-05-17	14730.0	7168.0	602.0	1134.0	10153.0	5880.0	3427.0	34.6	63.1	43.4	66.7
2005-05-24	11093.0	6216.0	1092.0	1930.0	8821.0	2704.0	937.0	46.3	77.9	60.5	85.4
2005-05-31	10969.0	6659.0	1554.0	1915.0	8858.0	2177.0	339.0	48.3	84.1	63.3	91.6
2005-06-07	12318.0	6988.0	1731.0	2127.0	9676.0	2864.0	572.0	43.7	81.1	57.8	87.5
2005-06-14	13152.0	6530.0	1578.0	2403.0	10150.0	3645.0	850.0	41.0	79.8	52.1	82.8
2005-06-21	11509.0	6257.0	1744.0	1840.0	8530.0	2626.0	449.0	47.2	79.8	56.1	83.7
2005-06-28	12210.0	6123.0	2017.0	2236.0	8636.0	2995.0	701.0	46.7	77.5	55.1	81.2
2005-07-05	12395.0	6216.0	2202.0	2251.0	8829.0	3385.0	821.0	46.9	77.5	55.1	82.5
2005-07-12	12854.0	6470.0	2430.0	2363.0	8760.0	3459.0	1102.0	46.5	75.6	54.4	80.6
2005-07-19	11922.0	4932.0	2432.0	2585.0	7482.0	3811.0	1414.0	41.0	70.4	46.7	75.5
2005-07-26	11177.0	5094.0	2432.0	2767.0	7692.0	2692.0	429.0	45.1	73.4	51.7	81.8
2005-08-02	12178.0	5333.0	2524.0	3103.0	8086.0	3153.0	979.0	44.1	68.4	50.2	76.8
2005-08-09	12224.0	5496.0	2284.0	3285.0	8780.0	2879.0	596.0	44.8	70.6	51.4	78.6
2005-08-16	14417.0	5689.0	2238.0	4015.0	9156.0	4223.0	2533.0	36.9	58.3	42.0	62.7
2005-08-23	8452.0	3695.0	2277.0	2610.0	4924.0	1604.0	708.0	48.2	62.4	54.1	72.3
2005-09-06	9316.0	4698.0	2261.0	2607.0	6059.0	1470.0	455.0	50.4	68.6	58.9	77.9
2005-09-13	9299.0	4739.0	2276.0	2572.0	5999.0	1504.0	540.0	50.5	68.1	59.0	77.7
2005-09-20	10003.0	4645.0	2298.0	2686.0	6168.0	2052.0	917.0	46.7	63.6	54.6	72.8
2005-09-27	9727.0	4514.0	2196.0	2769.0	6271.0	1894.0	710.0	48.1	66.5	56.5	74.8
2005-10-04	10358.0	4921.0	2328.0	2788.0	6422.0	2099.0	1058.0	45.6	65.3	54.1	72.3
2005-10-11	11647.0	5190.0	1443.0	2719.0	7652.0	2686.0	1500.0	37.3	56.9	46.7	65.3
2005-10-18	13038.0	5336.0	1267.0	3417.0	8689.0	3233.0	2030.0	34.1	51.4	42.7	60.2
2005-10-25	11914.0	5184.0	1291.0	3585.0	8276.0	2181.0	1383.0	37.8	52.6	47.3	61.7
2005-11-01	12390.0	5241.0	1252.0	3705.0	8341.0	2527.0	1880.0	36.5	49.0	45.6	58.7
2005-11-08	12253.0	5132.0	1855.0	3282.0	7412.0	3127.0	2274.0	34.6	51.4	42.6	57.9
2005-11-15	14209.0	2938.0	2406.0	3516.0	7020.0	7351.0	4379.0	18.2	43.4	23.3	48.8
2005-11-22	8111.0	4241.0	2988.0	2439.0	4008.0	1092.0	776.0	48.8	67.2	57.4	69.5
2005-11-29	8198.0	4241.0	3153.0	2411.0	3986.0	1182.0	695.0	48.0	67.9	56.6	70.6
2005-12-06	8428.0	4356.0	3473.0	2525.0	3897.0	1154.0	665.0	47.2	68.1	55.5	70.7
2005-12-13	8732.0	4386.0	3601.0	2501.0	3841.0	1433.0	878.0	45.3	68.4	53.3	69.1
2005-12-20	7682.0	4282.0	3011.0	1462.0	3836.0	1692.0	589.0	50.5	73.5	57.3	77.3
2005-12-27	8241.0	4415.0	3369.0	1778.0	4004.0	1688.0	508.0	48.3	73.4	55.2	78.0
2006-01-03	8669.0	4379.0	3449.0	1775.0	4022.0	2189.0	872.0	45.9	70.5	52.5	75.1
2006-01-10	8873.0	4447.0	3752.0	2028.0	4070.0	2045.0	698.0	46.9	71.8	53.6	76.4
2006-01-17	14118.0	3372.0	3570.0	7808.0	8826.0	2407.0	1191.0	55.7	73.3	61.9	75.9
2006-01-24	14792.0	3326.0	3595.0	8600.0	9670.0	2405.0	1066.0	57.6	72.2	63.5	76.9
2006-01-31	19476.0	3055.0	3691.0	10323.0	13001.0	5670.0	2356.0	45.9	64.2	49.0	67.4
2006-02-07	23241.0	3988.0	5507.0	15579.0	15178.0	3106.0	1988.0	49.2	57.5	53.3	63.4
2006-02-14	25764.0	2078.0	4287.0	19061.0	17726.0	4075.0	3201.0	46.6	55.2	49.7	57.2
2006-02-21	18540.0	2048.0	5158.0	15172.0	12880.0	1082.0	264.0	63.5	75.8	67.8	77.7
2006-02-28	19819.0	2211.0	5182.0	15126.0	13085.0	2210.0	1280.0	59.6	72.3	64.9	74.8
2006-03-07	19609.0	2740.0	5401.0	13048.0	13486.0	3487.0	388.0	52.5	76.4	57.3	79.0
2006-03-14	20164.0	3119.0	5729.0	15399.0	13327.0	1377.0	839.0	58.3	72.3	65.6	76.0
2006-03-21	21139.0	3165.0	6279.0	13560.0	13246.0	4188.0	1388.0	49.8	68.5	55.7	73.7
2006-03-28	24180.0	3309.0	6561.0	18793.0	16159.0	1810.0	1192.0	51.7	60.9	57.1	65.7
2006-04-04	26642.0	3376.0	7001.0	20263.0	17100.0	2837.0	2375.0	47.2	54.0	52.2	59.2
2006-04-11	28244.0	4899.0	6918.0	19559.0	17851.0	3519.0	3208.0	48.4	53.5	54.2	60.7
2006-04-18	28107.0	5896.0	6406.0	18022.0	17748.0	3588.0	3352.0	52.0	55.0	57.3	63.8
2006-04-25	26923.0	6099.0	6615.0	18166.0	17799.0	2097.0	1948.0	55.2	57.5	60.2	66.8
2006-05-02	27618.0	6737.0	6965.0	17997.0	17816.0	2288.0	2241.0	55.6	56.7	60.6	67.0
2006-05-09	30193.0	7158.0	8192.0	20170.0	19035.0	2319.0	2420.0	50.6	50.9	56.4	62.1
2006-05-16	33705.0	5520.0	7581.0	23730.0	21480.0	2938.0	3127.0	47.5	43.1	51.4	53.8
2006-05-23	31475.0	3890.0	4536.0	21805.0	20629.0	3093.0	3623.0	53.5	49.1	58.0	57.4
2006-08-29	43376.0	1860.0	8924.0	36055.0	33076.0	5061.0	976.0	75.9	85.4	80.8	92.3
2006-09-05	45702.0	3176.0	9525.0	36227.0	34420.0	5335.0	793.0	72.3	83.6	78.2	90.2
2006-09-12	46956.0	3126.0	9153.0	37763.0	35305.0	4977.0	1408.0	73.0	82.1	78.9	88.3
2006-09-19	49654.0	3685.0	9700.0	38105.0	36011.0	5986.0	2065.0	69.4	79.7	75.7	86.1
2006-09-26	53755.0	3372.0	9875.0	43536.0	40880.0	5678.0	1831.0	72.7	79.6	78.0	87.1
2006-10-03	55929.0	4360.0	10577.0	42757.0	40195.0	8022.0	4367.0	70.1	76.5	75.9	85.2
2006-10-10	57977.0	4668.0	10968.0	41810.0	40072.0	10059.0	5497.0	60.6	66.9	66.2	76.2
2006-10-17	54409.0	4122.0	10614.0	38394.0	36828.0	10392.0	5466.0	60.4	66.8	66.4	77.3
2006-10-24	50271.0	4760.0	10986.0	36941.0	34943.0	7032.0	2804.0	64.4	70.4	71.9	82.0
2006-10-31	47115.0	5587.0	10013.0	31921.0	31684.0	7849.0	3660.0	57.1	65.2	65.8	77.3
2006-11-07	45390.0	5578.0	9960.0	28468.0	30945.0	9657.0	2798.0	49.1	65.3	59.3	77.6
2006-11-14	49627.0	7482.0	11112.0	30509.0	31964.0	10949.0	5864.0	45.6	63.1	56.1	72.2
2006-11-21	34767.0	3786.0	11149.0	25049.0	20694.0	5932.0	2924.0	59.6	68.0	68.6	80.2
2006-11-28	37441.0	3786.0	11123.0	25591.0	22280.0	7965.0	3939.0	55.6	65.8	64.0	77.5
2006-12-05	39246.0	3884.0	11748.0	27082.0	24187.0	8120.0	3151.0	53.2	65.6	61.2	77.0
2006-12-12	40895.0	4086.0	11035.0	26882.0	25443.0	9223.0	3713.0	49.6	64.7	56.8	74.6
2006-12-19	36684.0	3488.0	11188.0	23401.0	19718.0	9087.0	5070.0	49.2	64.4	55.7	70.8
2007-01-03	34191.0	3636.0	11131.0	22676.0	19977.0	7467.0	2671.0	52.0	71.3	59.7	76.7
2007-01-09	34130.0	4160.0	10697.0	22265.0	20364.0	7293.0	2657.0	52.7	72.8	60.9	78.5
2007-01-16	38528.0	5286.0	10684.0	23081.0	22275.0	9596.0	5004.0	46.5	66.3	56.0	71.1
2007-01-23	35584.0	4696.0	9834.0	23500.0	21888.0	7028.0	3502.0	50.9	67.1	59.7	73.4
2007-01-30	34944.0	4548.0	9383.0	23598.0	20437.0	6321.0	4647.0	52.9	64.4	61.8	70.8
2007-02-06	39150.0	6177.0	10312.0	23882.0	23181.0	8642.0	5208.0	50.9	64.8	61.0	71.8
2007-02-13	39866.0	5658.0	7966.0	24149.0	24846.0	9550.0	6545.0	50.2	59.1	57.6	68.2
2007-02-20	32486.0	3641.0	7328.0	22430.0	21350.0	6100.0	3493.0	58.6	70.5	63.9	76.6
2007-02-27	36116.0	3704.0	6762.0	23107.0	22975.0	8600.0	5674.0	53.2	63.3	58.9	69.5
2007-03-06	38748.0	3158.0	3068.0	22038.0	24404.0	10875.0	8599.0	48.4	57.4	52.7	60.6
2007-03-13	37055.0	4080.0	2993.0	23138.0	26488.0	6916.0	4653.0	52.0	62.7	56.5	66.3
2007-03-20	45055.0	3911.0	4189.0	30649.0	32722.0	7112.0	4761.0	57.1	65.1	62.9	70.3
2007-03-27	41374.0	3780.0	6867.0	29892.0	29091.0	6065.0	3779.0	61.9	67.7	68.0	76.0
2007-04-03	42319.0	3173.0	6748.0	30211.0	29608.0	7082.0	4110.0	60.9	67.3	66.6	75.1
2007-04-10	45726.0	1995.0	6535.0	33579.0	31800.0	8078.0	5317.0	55.3	57.5	59.7	66.5
2007-04-17	46313.0	3000.0	7986.0	29912.0	27771.0	11230.0	8385.0	41.9	46.7	45.6	52.8
2007-04-24	37795.0	1940.0	7226.0	27520.0	25624.0	7271.0	3881.0	51.4	54.1	55.1	64.3
2007-05-01	41002.0	3198.0	8339.0	28518.0	27222.0	8087.0	4242.0	47.9	50.8	53.2	60.9
2007-05-08	48453.0	4864.0	8803.0	29819.0	29555.0	11752.0	8077.0	41.6	39.9	46.7	52.5
2007-05-15	55705.0	6311.0	9419.0	31288.0	31909.0	15728.0	11999.0	37.2	36.7	42.1	48.2
2007-05-22	51613.0	6308.0	11265.0	29921.0	29079.0	13260.0	9145.0	37.4	31.7	42.4	47.9
2007-05-29	42577.0	7022.0	11456.0	26313.0	25584.0	7225.0	3520.0	45.7	41.3	53.6	61.6
2007-06-05	42818.0	8721.0	12788.0	25789.0	24995.0	5630.0	2357.0	47.3	44.0	56.1	65.0
2007-06-12	48002.0	9284.0	13404.0	27020.0	26412.0	9302.0	5790.0	45.1	41.1	52.5	61.5
2007-06-19	49534.0	8885.0	13402.0	28305.0	26505.0	8947.0	6230.0	45.4	40.7	51.8	59.8
2007-06-26	49542.0	8096.0	10498.0	25981.0	26917.0	11801.0	8463.0	41.9	40.2	48.3	56.6
2007-07-03	49924.0	8681.0	12135.0	28768.0	27765.0	8785.0	6334.0	43.9	41.3	50.8	55.7
2007-07-10	55619.0	9182.0	12783.0	30663.0	29613.0	10847.0	8296.0	40.0	40.7	46.7	54.7
2007-07-17	61073.0	11269.0	14835.0	32917.0	30901.0	11014.0	9464.0	44.6	40.2	50.7	54.7
2007-07-24	63478.0	12508.0	14123.0	35586.0	35559.0	9411.0	7823.0	45.8	41.9	52.3	54.7
2007-07-31	70351.0	11900.0	15483.0	39152.0	35926.0	14698.0	14341.0	45.1	41.6	53.3	52.6
2007-08-07	81959.0	8281.0	15842.0	49874.0	40610.0	11691.0	13394.0	49.9	43.8	54.5	51.9
2007-08-14	84569.0	7943.0	18186.0	52439.0	39757.0	8056.0	10495.0	51.8	42.3	56.3	51.2
2007-08-21	84509.0	9146.0	16916.0	50236.0	41209.0	8161.0	9418.0	44.9	40.5	52.4	49.1
2007-08-28	62933.0	5751.0	9998.0	39397.0	36079.0	5436.0	4507.0	50.5	43.6	53.8	52.8
2007-09-04	64514.0	7175.0	9687.0	39736.0	37409.0	6738.0	6553.0	50.0	45.6	54.4	53.7
2007-09-11	69634.0	8437.0	9599.0	41545.0	40334.0	7447.0	7496.0	46.5	44.1	52.3	52.1
2007-09-18	71878.0	8412.0	9073.0	40404.0	39525.0	10002.0	10220.0	44.4	42.5	50.7	48.9
2007-09-25	68704.0	9301.0	8102.0	41051.0	43974.0	6969.0	5245.0	50.8	54.2	56.8	61.2
2007-10-02	76269.0	12189.0	10866.0	43066.0	47907.0	8949.0	5431.0	47.9	54.3	54.6	62.0
2007-10-09	79984.0	13282.0	10026.0	44005.0	50559.0	8873.0	5575.0	46.6	55.0	53.7	61.4
2007-10-16	86208.0	10963.0	8476.0	49486.0	54426.0	12913.0	10460.0	46.2	52.8	51.1	57.4
2007-10-23	73597.0	10281.0	10772.0	42341.0	45654.0	10304.0	6500.0	46.4	51.2	51.0	59.5
2007-10-30	73898.0	10594.0	9994.0	43201.0	47505.0	8419.0	4715.0	47.7	53.1	51.7	60.5
2007-11-06	77811.0	10328.0	13378.0	46957.0	46838.0	9142.0	6211.0	52.9	56.9	57.5	65.4
2007-11-13	81912.0	9259.0	13749.0	54112.0	49935.0	8744.0	8431.0	58.5	58.2	62.5	65.2
2007-11-20	91566.0	8372.0	12896.0	62756.0	58705.0	10333.0	9860.0	54.5	51.9	59.4	57.6
2007-11-27	58570.0	6160.0	10754.0	42324.0	38430.0	5249.0	4549.0	61.9	53.1	64.7	60.4
2007-12-04	59689.0	6148.0	20229.0	42359.0	29756.0	5828.0	4350.0	59.7	54.2	62.5	61.0
2007-12-11	62050.0	5970.0	18018.0	41792.0	31379.0	9220.0	7585.0	52.2	54.0	55.4	60.0
2007-12-18	65878.0	5955.0	20293.0	45181.0	32374.0	9046.0	7515.0	50.6	49.2	53.3	55.4
2008-01-08	59757.0	6179.0	18557.0	40881.0	29100.0	9292.0	8695.0	52.9	45.3	55.7	55.5
2008-01-15	59909.0	7075.0	22932.0	42315.0	27780.0	7618.0	6296.0	54.0	43.5	57.3	56.9
2008-01-22	56108.0	5357.0	22155.0	38306.0	21654.0	10122.0	9976.0	49.5	35.9	52.0	45.9
2008-01-29	54014.0	5550.0	22699.0	40390.0	23265.0	5102.0	5078.0	51.5	38.8	54.1	49.6
2008-02-05	55094.0	5378.0	23610.0	40500.0	22213.0	6597.0	6652.0	50.5	37.7	53.1	48.3
2008-02-12	57103.0	4392.0	23717.0	41521.0	21692.0	7261.0	7765.0	46.9	35.3	49.4	44.9
2008-02-19	58991.0	4303.0	24929.0	42652.0	22836.0	8658.0	7848.0	45.8	39.1	48.1	47.7
2008-02-26	48843.0	4637.0	22717.0	33972.0	18411.0	6464.0	3945.0	39.8	45.1	45.0	54.6
2008-03-04	49905.0	4839.0	22937.0	33327.0	17872.0	7287.0	4644.0	39.8	45.6	44.7	54.0
2008-03-11	52793.0	3767.0	21512.0	33979.0	17977.0	8180.0	6437.0	38.7	39.1	43.7	48.3
2008-03-18	49633.0	3233.0	20174.0	31146.0	15520.0	9016.0	7701.0	40.8	32.7	43.8	42.1
2008-03-25	46115.0	2840.0	20878.0	29448.0	14614.0	8396.0	5192.0	43.1	41.6	46.8	51.1
2008-04-01	47723.0	4352.0	23244.0	29506.0	15013.0	9627.0	5228.0	40.5	47.6	45.3	57.4
2008-04-08	50971.0	8211.0	22298.0	29610.0	21361.0	9465.0	3627.0	30.1	46.3	36.0	54.7
2008-04-15	52640.0	8814.0	23773.0	30307.0	21765.0	10290.0	3873.0	33.4	47.8	39.3	57.4
2008-04-22	47935.0	8931.0	24306.0	27047.0	17909.0	9198.0	2961.0	35.0	48.0	42.5	59.9
2008-04-29	53865.0	10122.0	24396.0	30021.0	22020.0	9724.0	3451.0	31.6	44.1	39.6	57.3
2008-05-06	60219.0	9627.0	26401.0	32236.0	26507.0	13945.0	2900.0	29.3	44.0	35.7	58.6
2008-05-13	67185.0	12262.0	23291.0	35660.0	33198.0	13079.0	4512.0	27.0	37.6	33.7	52.2
2008-05-20	75183.0	13670.0	22575.0	38573.0	39138.0	18734.0	9264.0	25.3	37.0	32.6	50.4
2008-05-27	56256.0	10850.0	19811.0	30591.0	28496.0	11584.0	4718.0	24.5	37.2	31.2	48.8
2008-06-03	56668.0	10943.0	19093.0	30549.0	29921.0	11347.0	3825.0	24.1	37.8	30.3	49.1
2008-06-10	57096.0	9916.0	16801.0	31775.0	30750.0	11540.0	5680.0	22.1	37.0	28.0	45.9
2008-06-17	59314.0	9187.0	14173.0	34845.0	33757.0	9406.0	5508.0	25.1	33.0	30.7	40.5
2008-06-24	45173.0	7983.0	15727.0	27323.0	22585.0	6296.0	3290.0	31.6	41.9	37.5	51.1
2008-07-01	48230.0	10168.0	15384.0	27375.0	25529.0	8047.0	4677.0	29.4	44.5	36.8	51.3
2008-07-08	48336.0	10759.0	14912.0	28174.0	26967.0	7227.0	4281.0	30.8	46.8	38.3	52.0
2008-07-15	52415.0	11618.0	12830.0	27831.0	27941.0	7869.0	6547.0	32.9	40.2	37.9	46.4
2008-07-22	40773.0	8077.0	11546.0	21802.0	20049.0	5910.0	4194.0	30.6	45.1	39.1	51.6
2008-07-29	43562.0	7490.0	10563.0	22659.0	22564.0	6916.0	3938.0	29.4	42.0	37.2	48.5
2008-08-05	47192.0	8173.0	10622.0	23404.0	24815.0	9190.0	5330.0	28.1	42.7	35.8	50.0
2008-08-12	47016.0	8105.0	7582.0	18999.0	23769.0	9297.0	5050.0	20.8	42.2	31.4	49.0
2008-08-19	50691.0	7358.0	12739.0	20727.0	25655.0	15035.0	4726.0	20.2	46.9	27.4	55.4
2008-08-26	50925.0	10383.0	13688.0	27225.0	28229.0	7018.0	2709.0	37.1	55.4	44.1	62.3
2008-09-02	51963.0	10682.0	13747.0	26823.0	28590.0	8469.0	3637.0	36.0	54.6	43.3	63.6
2008-09-09	53298.0	10600.0	10120.0	27559.0	32387.0	8378.0	4030.0	36.1	55.6	43.3	61.7
2008-09-16	58815.0	9042.0	6137.0	28239.0	31519.0	10609.0	10234.0	30.4	41.4	35.5	42.9
2008-09-23	46664.0	5545.0	9895.0	26506.0	22990.0	7497.0	6663.0	53.6	55.8	60.8	61.7
2008-09-30	46927.0	5478.0	17743.0	25320.0	9167.0	7253.0	11141.0	55.8	31.5	59.3	43.0
2008-10-07	50194.0	6689.0	20538.0	26153.0	7771.0	7001.0	11534.0	55.7	30.8	59.2	40.5
2008-10-14	53676.0	10565.0	23925.0	25421.0	5957.0	6799.0	12903.0	53.1	30.0	59.7	39.2
2008-10-21	57640.0	9098.0	28621.0	31453.0	6266.0	8275.0	13939.0	58.0	35.6	61.7	44.8
2008-10-28	43740.0	4158.0	27082.0	28729.0	2591.0	5291.0	8505.0	65.8	50.0	69.8	58.8
2008-11-04	43723.0	2992.0	27400.0	30270.0	3245.0	5025.0	7642.0	67.2	51.9	71.0	61.5
2008-11-11	44573.0	2263.0	29256.0	31943.0	3142.0	4225.0	6033.0	68.3	56.0	71.9	64.8
2008-11-18	49611.0	2842.0	32104.0	35039.0	3225.0	5484.0	8036.0	68.0	57.7	71.8	64.9
2008-12-16	21417.0	1032.0	9540.0	6858.0	5091.0	10491.0	3750.0	14.3	32.3	16.3	41.4
2009-06-02	21309.0	7832.0	4759.0	2625.0	9543.0	7330.0	3485.0	30.9	55.3	40.9	63.4
2009-06-09	22457.0	8497.0	1928.0	3145.0	12553.0	6741.0	3902.0	33.0	57.9	42.7	61.3
2009-06-16	24576.0	8015.0	2767.0	3278.0	13052.0	8898.0	4372.0	29.5	54.3	37.6	60.6
2009-06-30	27016.0	11573.0	5472.0	3028.0	13853.0	7462.0	2738.0	38.9	61.5	45.9	68.9
2009-07-07	28919.0	11839.0	6180.0	4036.0	13610.0	7470.0	3555.0	38.8	57.4	46.0	66.0
2009-07-14	32894.0	14394.0	7618.0	4057.0	15352.0	9535.0	5016.0	38.6	60.1	47.0	67.4
2009-07-21	38439.0	7066.0	3212.0	17300.0	25986.0	8914.0	4082.0	43.4	64.3	51.2	71.4
2009-07-28	36267.0	5237.0	3440.0	16801.0	22053.0	8022.0	4567.0	45.5	56.4	51.4	65.4
2009-08-04	38410.0	6090.0	3968.0	18224.0	23798.0	8338.0	4886.0	46.0	58.3	53.2	67.5
2009-08-11	40955.0	6634.0	5124.0	20980.0	25958.0	8635.0	5167.0	49.7	58.8	55.4	68.6
2009-08-18	41567.0	6616.0	5950.0	23974.0	27325.0	8414.0	5729.0	54.7	55.2	59.8	68.2
2009-08-25	37995.0	5440.0	6960.0	21971.0	24025.0	8764.0	5190.0	57.9	56.9	62.2	71.8
2009-09-01	42255.0	5108.0	7727.0	26525.0	26634.0	8671.0	5943.0	56.4	56.3	61.8	70.6
2009-09-08	47153.0	4637.0	8377.0	28732.0	28266.0	10572.0	7298.0	52.9	52.6	57.5	66.0
2009-09-15	54366.0	4383.0	12903.0	35183.0	29322.0	9722.0	7063.0	49.6	47.7	52.8	57.4
2009-09-22	46867.0	4045.0	14727.0	31081.0	22858.0	8432.0	5973.0	57.5	49.2	61.2	62.7
2009-09-29	43154.0	3373.0	14506.0	28270.0	18141.0	8140.0	7136.0	60.7	48.3	64.9	62.8
2009-10-06	48581.0	3417.0	18802.0	30795.0	17338.0	8727.0	6799.0	57.5	43.9	61.3	57.5
2009-10-13	58269.0	4465.0	26278.0	37021.0	19210.0	11800.0	7798.0	55.5	51.3	61.1	65.1
2009-10-20	58861.0	1770.0	24570.0	38324.0	21123.0	12994.0	7395.0	52.7	50.3	56.7	62.4
2009-10-27	50369.0	3453.0	17540.0	31304.0	20101.0	9860.0	6976.0	51.9	48.6	57.0	57.7
2009-11-03	55936.0	4168.0	22887.0	35802.0	17476.0	7931.0	7538.0	48.1	45.5	53.4	51.7
2009-11-09	59863.0	4356.0	22757.0	39445.0	21646.0	6689.0	6087.0	44.6	39.9	49.8	46.7
2009-11-17	64048.0	5597.0	21042.0	40153.0	24804.0	6717.0	6621.0	43.0	37.5	47.4	45.4
2009-11-24	57676.0	4915.0	17990.0	32656.0	20226.0	10109.0	9464.0	49.2	44.2	53.4	54.4
2009-12-01	61905.0	31090.0	19243.0	9280.0	21009.0	13952.0	14070.0	48.2	41.2	52.1	50.2
2009-12-08	62017.0	4600.0	23472.0	37586.0	18940.0	11135.0	10909.0	49.8	40.0	53.6	50.6
2009-12-15	62312.0	3441.0	22359.0	36727.0	19720.0	11277.0	9366.0	47.1	36.3	50.1	45.8
2009-12-22	53120.0	926.0	9850.0	40728.0	34565.0	8237.0	5476.0	59.0	38.8	61.6	52.0
2009-12-29	52718.0	487.0	9063.0	39992.0	34421.0	9001.0	5996.0	58.4	39.4	60.9	53.8
2010-01-05	61257.0	1012.0	8824.0	43209.0	40568.0	13080.0	7909.0	57.3	40.5	59.5	55.3
2010-01-12	63142.0	1702.0	5554.0	45666.0	44843.0	12308.0	9279.0	54.8	40.2	57.7	53.7
2010-01-19	63463.0	2211.0	6523.0	43749.0	42903.0	13142.0	9676.0	50.5	36.5	53.4	48.5
2010-01-26	47810.0	3115.0	6023.0	30160.0	29119.0	8854.0	6987.0	48.2	40.2	53.4	49.3
2010-02-02	47960.0	3741.0	6136.0	30889.0	30253.0	7924.0	6165.0	42.0	33.7	45.8	45.0
2010-02-09	48999.0	3881.0	4910.0	31711.0	31721.0	7509.0	6470.0	30.1	28.3	35.6	36.4
2010-02-16	46713.0	4094.0	4358.0	30479.0	30855.0	7448.0	6808.0	34.1	29.0	38.2	37.4
2010-02-23	43207.0	4447.0	5043.0	26381.0	29033.0	7838.0	4590.0	39.7	33.1	43.6	46.3
2010-03-02	46394.0	4778.0	5049.0	26840.0	30905.0	10167.0	5831.0	39.0	39.7	44.7	52.0
2010-03-09	60569.0	8373.0	7006.0	37573.0	43501.0	9949.0	5388.0	29.1	36.7	35.1	46.0
2010-03-16	77309.0	8710.0	6952.0	51260.0	58753.0	11027.0	5292.0	33.0	39.3	38.6	47.6
2010-03-23	57147.0	4827.0	7957.0	38701.0	41847.0	10305.0	4029.0	61.0	50.4	64.9	63.5
2010-03-30	61874.0	5069.0	8422.0	40605.0	42151.0	12388.0	7489.0	55.4	41.5	59.4	54.8
2010-04-06	67613.0	5182.0	8751.0	48147.0	48125.0	11123.0	7576.0	53.9	39.2	57.5	50.2
2010-04-13	69127.0	6247.0	8991.0	48286.0	52638.0	10322.0	3226.0	47.1	36.2	51.0	49.0
2010-04-20	79909.0	2747.0	6786.0	61268.0	60513.0	11019.0	7735.0	44.0	31.2	46.8	41.2
2010-04-27	68834.0	1605.0	6570.0	50306.0	42805.0	12523.0	15059.0	51.5	30.3	54.4	39.4
2010-05-04	75048.0	1568.0	9185.0	53452.0	43029.0	14651.0	17457.0	50.4	25.2	52.8	34.7
2010-05-11	87814.0	1076.0	9069.0	73080.0	61628.0	9155.0	12614.0	46.7	26.2	49.1	33.5
2010-05-18	96971.0	2403.0	9777.0	78042.0	68787.0	12995.0	14876.0	43.6	22.7	46.3	29.2
2010-05-25	77090.0	2908.0	8152.0	62337.0	52933.0	8208.0	12368.0	44.5	15.1	48.7	22.3
2010-06-01	82619.0	2360.0	9017.0	68224.0	57505.0	7543.0	11605.0	43.5	13.7	46.6	21.7
2010-06-08	86728.0	1417.0	9251.0	71524.0	59716.0	9577.0	13551.0	46.5	13.9	47.5	21.5
2010-06-15	90375.0	426.0	10380.0	71487.0	57886.0	15030.0	18677.0	50.1	13.9	51.1	22.6
2010-06-22	70890.0	426.0	9425.0	60646.0	47582.0	8058.0	12123.0	68.8	29.0	70.0	41.7
2010-06-29	75447.0	426.0	9590.0	61460.0	47688.0	10906.0	15514.0	68.6	25.5	69.9	35.5
2010-07-06	76674.0	472.0	9845.0	62476.0	48595.0	9819.0	14327.0	68.3	24.4	69.5	37.3
2010-07-13	86615.0	1116.0	15895.0	73660.0	56685.0	10143.0	12339.0	71.2	27.8	72.3	43.4
2010-07-20	96183.0	1107.0	17598.0	79622.0	61098.0	13380.0	15413.0	69.3	28.3	70.5	44.9
2010-07-27	84826.0	1411.0	12774.0	69993.0	58216.0	11797.0	12211.0	68.8	31.5	69.3	46.9
2010-08-03	93493.0	519.0	13871.0	77935.0	63560.0	13015.0	14038.0	68.2	32.0	69.0	45.9
2010-08-10	100370.0	640.0	15875.0	81972.0	64607.0	14282.0	16412.0	68.2	29.2	69.1	42.9
2010-08-17	105469.0	811.0	17908.0	86708.0	65373.0	14162.0	18400.0	67.3	26.2	68.2	39.8
2010-08-24	95220.0	811.0	14773.0	77634.0	62381.0	13735.0	15026.0	71.1	27.0	72.1	41.9
2010-08-31	99473.0	811.0	12780.0	80908.0	67231.0	10949.0	12657.0	72.2	27.2	73.2	42.7
2010-09-07	109296.0	1949.0	13470.0	85880.0	79710.0	13729.0	8378.0	69.5	31.8	70.3	48.6
2010-09-14	125941.0	2042.0	16971.0	96737.0	83643.0	18170.0	16335.0	63.9	26.3	64.9	41.7
2010-09-21	112535.0	1390.0	16903.0	86162.0	71475.0	14191.0	13365.0	69.9	27.8	70.8	42.4
2010-09-28	114567.0	4672.0	17736.0	87166.0	70884.0	12209.0	15427.0	72.5	27.7	73.3	42.3
2010-10-05	114994.0	4473.0	18539.0	85049.0	69059.0	13214.0	15138.0	71.6	26.7	72.6	40.8
2010-10-12	129842.0	3366.0	20547.0	95508.0	78279.0	14048.0	14096.0	68.0	24.6	68.6	37.7
2010-10-19	134936.0	4002.0	21972.0	99006.0	80600.0	13518.0	13954.0	64.8	23.0	65.6	36.4
2010-10-26	128289.0	3750.0	19187.0	88142.0	71583.0	17752.0	18874.0	62.7	25.2	63.5	34.8
2010-11-02	144288.0	4936.0	18281.0	99730.0	86452.0	15159.0	15092.0	54.3	24.2	55.6	33.1
2010-11-09	147291.0	5279.0	17712.0	101402.0	89435.0	13703.0	13237.0	48.7	18.7	50.0	27.8
2010-11-16	167743.0	8383.0	17983.0	112726.0	104144.0	18579.0	17561.0	46.5	21.4	48.0	32.0
2010-11-23	149160.0	6090.0	21236.0	98997.0	82300.0	15767.0	17318.0	50.3	16.1	51.3	23.5
2010-11-30	147299.0	10701.0	23501.0	89674.0	75799.0	18308.0	19383.0	45.7	12.7	47.2	20.5
2010-12-07	149231.0	9957.0	21831.0	91341.0	79548.0	14735.0	14654.0	45.5	12.8	47.2	21.1
2010-12-14	151503.0	12552.0	22466.0	91648.0	85275.0	15571.0	12030.0	41.4	13.0	43.5	21.5
2010-12-21	155998.0	10548.0	21670.0	93726.0	84548.0	21532.0	19588.0	37.5	17.0	39.3	22.8
2010-12-28	141787.0	3423.0	21746.0	89940.0	73523.0	18358.0	16452.0	45.6	20.3	46.5	28.8
2011-01-04	149085.0	5457.0	26849.0	92719.0	72811.0	20992.0	19508.0	48.9	21.6	49.9	29.7
2011-01-11	148913.0	8847.0	30245.0	93165.0	74780.0	18832.0	15819.0	44.0	21.1	46.0	29.3
2011-01-18	174006.0	11734.0	33780.0	113220.0	95169.0	21942.0	17947.0	40.5	18.2	42.3	26.5
2011-01-25	151215.0	10617.0	33744.0	95025.0	75356.0	15310.0	11852.0	43.4	25.1	46.3	34.7
2011-02-01	167409.0	10669.0	33905.0	99454.0	81619.0	19011.0	13610.0	38.3	24.4	41.0	31.9
2011-02-08	179950.0	20099.0	34948.0	101425.0	92961.0	18071.0	11686.0	35.2	25.2	39.0	33.3
2011-02-15	178591.0	21948.0	30703.0	98169.0	96894.0	19664.0	12184.0	30.7	22.3	34.1	33.1
2011-02-22	162568.0	15556.0	26658.0	90494.0	84477.0	22141.0	17056.0	32.5	21.8	35.5	30.9
2011-03-01	160389.0	18049.0	27431.0	90241.0	85036.0	19537.0	15360.0	35.3	24.3	38.9	36.1
2011-03-08	181031.0	18538.0	28241.0	108249.0	102790.0	20376.0	16132.0	38.0	28.2	41.9	37.5
2011-03-15	194201.0	18566.0	27589.0	116242.0	111005.0	21981.0	18195.0	33.1	26.0	36.7	32.6
2011-03-22	170219.0	18275.0	15494.0	100020.0	104060.0	17466.0	16207.0	30.9	31.2	34.9	37.3
2011-03-29	184059.0	24710.0	20609.0	104093.0	113604.0	20801.0	15391.0	31.0	36.3	35.2	43.1
2011-04-05	181288.0	28565.0	24115.0	98524.0	109402.0	20433.0	14005.0	26.8	33.7	31.8	41.6
2011-04-12	188985.0	29647.0	27091.0	98835.0	107441.0	23413.0	17363.0	25.6	29.5	30.3	37.3
2011-04-19	214920.0	30257.0	33691.0	123227.0	126367.0	22478.0	15904.0	29.8	32.6	34.7	39.6
2011-04-26	193067.0	27271.0	35506.0	106708.0	108334.0	22196.0	12335.0	32.9	32.3	38.1	41.8
2011-05-03	215008.0	28803.0	40403.0	118641.0	116718.0	26023.0	16346.0	31.2	28.4	35.6	37.4
2011-05-10	228037.0	29676.0	41147.0	127440.0	126989.0	30631.0	19611.0	31.0	29.1	35.2	37.1
2011-05-17	244146.0	30355.0	37590.0	140181.0	141525.0	28441.0	19862.0	28.4	27.2	32.3	34.4
2011-05-24	235635.0	25608.0	45959.0	141435.0	124811.0	22263.0	18536.0	34.5	27.6	38.8	36.0
2011-05-31	242356.0	31558.0	49510.0	136401.0	123983.0	23734.0	18200.0	32.1	26.9	37.2	34.8
2011-06-07	244662.0	28040.0	45204.0	139127.0	124401.0	22625.0	20187.0	34.2	26.8	38.4	34.6
2011-06-14	248976.0	22941.0	44430.0	147279.0	128275.0	26071.0	23586.0	36.2	27.9	40.1	35.6
2011-06-21	215571.0	20476.0	43074.0	122714.0	102484.0	25228.0	22860.0	36.3	26.1	40.1	33.2
2011-06-28	212119.0	20344.0	43244.0	118697.0	98860.0	23063.0	20000.0	36.5	26.6	40.8	34.5
2011-07-05	212295.0	31149.0	47189.0	111061.0	99040.0	24483.0	20464.0	33.0	21.7	37.5	31.2
2011-07-12	230043.0	28783.0	49555.0	126110.0	107835.0	29800.0	27303.0	32.9	22.6	38.1	30.4
2011-07-19	227512.0	24064.0	40606.0	122952.0	110669.0	32626.0	28367.0	27.4	20.0	31.6	27.9
2011-07-26	220533.0	20482.0	36411.0	116692.0	101800.0	32235.0	31198.0	25.2	20.3	28.4	26.1
2011-08-02	213494.0	22960.0	32901.0	106172.0	96484.0	28464.0	28211.0	21.8	19.0	25.5	25.3
2011-08-09	199055.0	24801.0	25144.0	102315.0	100388.0	21134.0	22718.0	17.2	19.0	22.2	25.1
2011-08-16	199173.0	26095.0	26926.0	91513.0	91657.0	23317.0	22342.0	16.0	22.1	21.5	27.5
2011-08-23	166998.0	20506.0	35546.0	88255.0	72199.0	20221.0	21237.0	27.9	28.4	35.6	35.4
2011-08-30	162292.0	21671.0	35068.0	87934.0	74284.0	14071.0	14324.0	25.7	29.6	32.9	37.0
2011-09-06	166198.0	20479.0	35418.0	93558.0	79030.0	18171.0	17760.0	25.8	27.5	33.0	34.4
2011-09-13	165892.0	16631.0	33806.0	95107.0	76863.0	15472.0	16541.0	23.7	23.9	30.6	30.5
2011-09-20	178964.0	17150.0	35372.0	100602.0	81765.0	16302.0	16917.0	22.8	23.1	27.6	29.4
2011-09-27	149240.0	19383.0	24678.0	73166.0	70484.0	15857.0	13244.0	18.4	23.2	23.6	29.3
2011-10-04	146895.0	18323.0	24636.0	76467.0	67792.0	14750.0	17112.0	18.8	20.4	23.6	26.7
2011-10-11	154210.0	16933.0	30260.0	85213.0	73219.0	14928.0	13595.0	25.0	22.9	29.9	29.2
2011-10-18	148583.0	16328.0	28415.0	78929.0	65874.0	17975.0	18943.0	21.5	20.6	27.9	28.0
2011-10-25	133700.0	16718.0	21522.0	68661.0	64187.0	15902.0	15572.0	22.9	26.2	28.8	31.9
2011-11-01	146654.0	17103.0	19053.0	70078.0	69607.0	26705.0	25226.0	22.3	22.6	27.0	28.1
2011-11-08	138086.0	17688.0	23707.0	74337.0	69789.0	15294.0	13823.0	28.0	30.8	33.7	36.5
2011-11-15	147703.0	18708.0	21699.0	81481.0	80117.0	16471.0	14844.0	24.3	25.7	29.1	30.8
2011-11-22	133931.0	21633.0	16257.0	66735.0	74841.0	16217.0	13487.0	25.1	32.8	31.6	38.4
2011-11-29	138609.0	20435.0	19660.0	73262.0	77938.0	15346.0	11445.0	24.7	31.1	30.6	37.9
2011-12-06	148494.0	18753.0	17700.0	81997.0	86783.0	15251.0	11518.0	22.9	31.4	27.8	37.7
2011-12-13	150430.0	14296.0	22550.0	85003.0	79620.0	17327.0	14456.0	25.5	26.1	29.5	33.2
2011-12-20	156992.0	16477.0	23622.0	89659.0	83909.0	15757.0	14362.0	23.5	21.9	27.7	28.7
2011-12-27	127438.0	11459.0	22083.0	71664.0	60243.0	12601.0	13398.0	24.7	18.3	29.0	28.3
2012-01-03	128268.0	10315.0	24489.0	72499.0	56922.0	14318.0	15721.0	25.9	18.4	30.8	29.1
2012-01-10	144035.0	12003.0	32216.0	85494.0	67914.0	15921.0	13288.0	33.7	28.7	38.2	38.6
2012-01-17	154301.0	13992.0	31297.0	83935.0	70669.0	23061.0	19022.0	29.3	23.7	35.2	32.8
2012-01-24	151622.0	25096.0	42845.0	79472.0	66129.0	7797.0	3391.0	37.3	26.4	43.0	38.9
2012-01-31	171354.0	29280.0	47556.0	89068.0	73148.0	22467.0	20111.0	32.7	19.0	37.9	27.9
2012-02-07	191134.0	37035.0	55511.0	99796.0	85841.0	22650.0	18129.0	35.6	19.8	40.1	29.7
2012-02-14	209554.0	43681.0	61226.0	112398.0	100711.0	26448.0	20590.0	41.4	20.8	46.7	31.9
2012-02-21	204578.0	64836.0	69514.0	100056.0	98141.0	20780.0	18017.0	50.8	25.4	56.0	41.2
2012-02-28	236528.0	74235.0	83718.0	119828.0	109903.0	21251.0	21693.0	49.6	23.6	60.2	39.2
2012-03-06	271074.0	84036.0	91666.0	139824.0	130679.0	21361.0	22876.0	56.2	21.3	62.4	34.8
2012-03-13	308953.0	85686.0	102097.0	167081.0	149716.0	21776.0	22730.0	49.6	19.4	56.4	32.8
2012-03-20	363883.0	100800.0	115343.0	192260.0	175687.0	31155.0	33185.0	50.1	17.9	57.1	29.6
2012-03-27	304339.0	78891.0	108518.0	172225.0	138420.0	22839.0	27017.0	50.3	21.1	57.4	33.4
2012-04-03	310512.0	76912.0	103249.0	176384.0	144741.0	24536.0	29842.0	46.8	20.5	53.1	30.6
2012-04-10	322529.0	86237.0	103771.0	171956.0	150304.0	23154.0	27272.0	48.6	20.5	54.1	29.8
2012-04-17	340437.0	81491.0	98439.0	188646.0	167785.0	25856.0	29769.0	43.0	19.0	48.6	28.2
2012-04-24	300629.0	81862.0	102100.0	164584.0	142597.0	20220.0	21969.0	47.9	24.6	54.5	35.0
2012-05-01	318793.0	86261.0	114206.0	173351.0	145492.0	21350.0	21264.0	48.2	24.3	54.7	34.8
2012-05-08	326785.0	74427.0	111036.0	186530.0	148740.0	24608.0	25789.0	45.6	24.0	51.7	32.2
2012-05-15	326566.0	72640.0	111615.0	181176.0	139639.0	25640.0	28202.0	44.5	24.2	50.0	32.4
2012-05-22	287635.0	70887.0	95349.0	159985.0	137543.0	19618.0	17598.0	47.4	24.8	53.6	35.1
2012-05-29	272588.0	62303.0	85934.0	152502.0	129581.0	21148.0	20438.0	44.4	25.3	49.8	34.7
2012-06-05	277015.0	66414.0	85618.0	149950.0	130213.0	21202.0	21735.0	45.3	22.4	51.5	31.6
2012-06-12	307504.0	83955.0	97177.0	158746.0	143439.0	22928.0	25013.0	45.1	22.4	50.9	32.4
2012-06-19	343374.0	102276.0	104942.0	168293.0	163852.0	26239.0	28014.0	41.7	22.6	47.1	32.9
2012-06-26	309767.0	89191.0	113399.0	161333.0	134066.0	20308.0	23367.0	49.1	24.5	56.9	36.9
2012-07-03	334634.0	85520.0	121544.0	179464.0	143080.0	26216.0	26576.0	45.6	26.5	52.5	36.8
2012-07-10	334343.0	81163.0	125644.0	185818.0	139915.0	21626.0	23048.0	44.5	26.4	51.1	36.7
2012-07-17	350768.0	72230.0	133282.0	201251.0	140594.0	25377.0	24982.0	41.0	27.3	46.6	35.9
2012-07-24	324056.0	69718.0	138194.0	177352.0	110386.0	25631.0	24121.0	45.4	26.2	50.9	36.9
2012-07-31	312880.0	64995.0	126237.0	177092.0	114875.0	21513.0	22488.0	46.3	26.0	51.9	37.1
2012-08-07	335902.0	77171.0	127256.0	184432.0	132736.0	22257.0	23868.0	42.1	24.7	48.4	35.0
2012-08-14	364829.0	75868.0	138950.0	201545.0	146012.0	33456.0	25907.0	41.5	26.6	47.7	37.4
2012-08-21	403608.0	82924.0	140962.0	220049.0	163499.0	32600.0	31112.0	38.8	22.5	44.3	33.1
2012-08-28	359935.0	78715.0	143064.0	194215.0	128185.0	23618.0	25299.0	46.0	22.8	51.4	33.7
2012-09-04	367377.0	75560.0	142887.0	199105.0	131954.0	26356.0	26180.0	44.3	22.2	49.7	32.0
2012-09-11	406958.0	73595.0	158464.0	232576.0	148198.0	31804.0	31313.0	41.2	21.9	45.4	31.3
2012-09-18	431265.0	70467.0	162570.0	255792.0	165187.0	31548.0	30050.0	35.3	22.1	39.7	31.3
2012-09-25	393602.0	77309.0	172505.0	227523.0	134241.0	27216.0	25302.0	40.6	24.6	45.5	34.5
2012-10-02	390364.0	69032.0	160918.0	236373.0	144015.0	24425.0	24897.0	39.6	22.6	44.5	32.8
2012-10-09	404089.0	69628.0	157751.0	239698.0	150686.0	24657.0	25546.0	36.2	20.3	40.4	29.8
2012-10-16	424977.0	72953.0	160371.0	256874.0	169671.0	26592.0	26377.0	31.9	19.5	37.3	28.5
2012-10-23	376801.0	67021.0	157118.0	223991.0	132887.0	25717.0	26724.0	37.4	22.3	41.3	29.4
2012-10-30	361488.0	60987.0	143200.0	216020.0	131881.0	18127.0	20053.0	36.3	22.3	40.2	29.5
2012-11-06	384223.0	65579.0	151939.0	217617.0	130762.0	26959.0	27454.0	35.5	21.6	39.7	29.5
2012-11-13	382416.0	68372.0	139175.0	212319.0	142383.0	26525.0	25658.0	33.6	20.1	37.7	28.7
2012-11-20	418381.0	77722.0	155592.0	242829.0	163575.0	23947.0	25331.0	28.8	19.1	34.5	28.3
2012-11-27	375098.0	61190.0	156014.0	221927.0	125375.0	23756.0	25484.0	35.9	22.0	40.8	30.3
2012-12-04	396131.0	54727.0	164511.0	230502.0	117177.0	32390.0	35931.0	32.1	24.0	36.8	30.8
2012-12-11	409743.0	56401.0	164355.0	246042.0	134426.0	23691.0	27353.0	30.3	23.8	35.0	31.2
2012-12-18	398243.0	54459.0	149497.0	245352.0	146706.0	26283.0	29891.0	28.3	23.2	33.1	30.9
2012-12-24	330194.0	53748.0	142783.0	198956.0	107540.0	18901.0	21282.0	33.7	26.8	39.2	36.2
2012-12-31	326066.0	52014.0	130293.0	192398.0	114228.0	20511.0	20402.0	30.7	23.9	35.9	32.7
2013-01-08	410526.0	77051.0	160231.0	235166.0	153416.0	27892.0	26462.0	29.0	21.2	35.2	31.3
2013-01-15	462170.0	93929.0	176295.0	258607.0	176870.0	29496.0	28867.0	26.1	21.1	31.6	30.7
2013-01-22	425350.0	94623.0	182685.0	235698.0	144742.0	31423.0	34317.0	26.9	22.5	33.1	33.1
2013-01-29	424170.0	85235.0	189519.0	234971.0	133353.0	30751.0	28085.0	28.9	24.8	33.6	34.3
2013-02-05	429820.0	78302.0	186163.0	240712.0	135301.0	29758.0	27308.0	28.8	22.8	33.9	31.9
2013-02-12	445319.0	89480.0	181924.0	243691.0	154551.0	37112.0	33808.0	27.8	21.7	33.0	29.6
2013-02-19	425770.0	104058.0	192198.0	220278.0	135992.0	32070.0	28216.0	33.6	25.6	39.2	35.2
2013-02-26	409106.0	93691.0	188880.0	213036.0	118323.0	30529.0	30053.0	35.3	26.6	40.9	35.3
2013-03-05	413877.0	102532.0	182675.0	217456.0	135385.0	26407.0	28335.0	35.8	24.0	41.7	33.8
2013-03-12	434750.0	121340.0	189698.0	222197.0	152239.0	13216.0	14816.0	35.5	22.0	42.3	32.9
2013-03-19	463432.0	114635.0	199035.0	238480.0	150843.0	31516.0	34753.0	33.4	20.9	39.7	29.4
2013-03-26	409747.0	125501.0	189084.0	192036.0	124554.0	26388.0	30287.0	36.2	24.0	42.7	33.1
2013-04-02	419124.0	126718.0	194991.0	197668.0	125226.0	26396.0	30565.0	36.0	23.5	42.6	32.6
2013-04-09	438715.0	123754.0	193407.0	218923.0	146130.0	27464.0	30604.0	36.6	21.8	43.9	31.0
2013-04-16	455094.0	109747.0	199445.0	244699.0	150900.0	29705.0	33806.0	34.3	20.8	41.6	29.2
2013-04-23	381591.0	95340.0	165713.0	189942.0	117041.0	23957.0	26485.0	34.5	22.2	40.7	31.1
2013-04-30	388083.0	104373.0	168708.0	173916.0	105417.0	24597.0	28761.0	35.3	21.5	41.5	30.3
2013-05-07	405092.0	115836.0	172886.0	173292.0	113371.0	25890.0	28761.0	34.8	19.8	41.3	28.1
2013-05-14	420043.0	111993.0	168420.0	184910.0	123341.0	26983.0	32125.0	33.5	17.3	39.0	24.0
2013-05-21	434988.0	111468.0	165081.0	190465.0	131767.0	30168.0	35253.0	30.5	15.0	36.6	20.5
2013-05-28	389387.0	98250.0	159936.0	167326.0	103753.0	32470.0	34357.0	32.4	17.7	37.5	23.9
2013-06-04	372793.0	92246.0	163882.0	152913.0	88387.0	37453.0	30343.0	32.4	20.3	36.3	27.1
2013-06-11	367802.0	82777.0	150837.0	157060.0	93201.0	36736.0	32535.0	30.0	17.0	34.7	23.0
2013-06-18	367704.0	81098.0	122141.0	156572.0	118421.0	35415.0	32523.0	26.8	11.2	31.3	17.3
2013-06-25	293710.0	66260.0	90554.0	111829.0	93146.0	33842.0	28231.0	25.7	13.9	30.6	20.9
2013-07-02	301348.0	87698.0	102458.0	108828.0	95880.0	23105.0	21293.0	30.2	14.4	36.6	22.8
2013-07-09	335927.0	99938.0	119503.0	135037.0	114041.0	26416.0	27847.0	33.2	15.3	38.8	24.6
2013-07-16	356401.0	97135.0	128731.0	159741.0	123939.0	20642.0	24848.0	29.3	16.0	35.2	25.4
2013-07-23	359429.0	94898.0	154053.0	168762.0	105610.0	20650.0	24647.0	35.5	19.5	40.6	29.4
2013-07-30	362693.0	98874.0	170474.0	167673.0	92743.0	20959.0	24289.0	36.6	19.8	42.2	30.5
2013-08-06	402545.0	99177.0	203574.0	205576.0	100281.0	24032.0	24930.0	36.8	22.1	43.2	33.9
2013-08-13	441586.0	106359.0	219503.0	229700.0	116316.0	27488.0	27728.0	33.3	24.5	39.5	35.9
2013-08-20	444632.0	105400.0	221717.0	232444.0	114177.0	24894.0	26844.0	32.2	25.1	38.2	34.9
2013-08-27	382955.0	93201.0	203423.0	191446.0	78744.0	22957.0	25437.0	36.3	26.4	43.1	34.6
2013-09-03	355427.0	84394.0	188282.0	180607.0	76029.0	22469.0	23159.0	35.7	29.1	43.1	37.7
2013-09-10	384595.0	89562.0	189020.0	204329.0	102252.0	24565.0	27184.0	37.2	26.5	43.7	36.8
2013-09-17	427065.0	96285.0	187302.0	230483.0	136015.0	25919.0	29370.0	34.2	22.6	39.5	31.8
2013-09-24	368232.0	94026.0	175560.0	180476.0	95725.0	23581.0	26798.0	38.3	23.0	43.1	34.7
2013-10-01	356219.0	85412.0	167354.0	170096.0	85953.0	24381.0	26582.0	36.7	25.1	40.8	34.4
2013-10-08	376488.0	85269.0	157519.0	180082.0	104515.0	25036.0	28353.0	29.6	19.9	35.3	27.2
2013-10-15	362200.0	70022.0	133636.0	188324.0	121934.0	21851.0	24627.0	30.6	16.0	37.6	23.2
2013-10-22	350915.0	88431.0	131728.0	161763.0	112710.0	19885.0	25641.0	31.3	21.1	38.1	29.1
2013-10-29	362490.0	105217.0	144890.0	154494.0	109722.0	21445.0	26544.0	33.8	20.7	40.5	29.5
2013-11-05	389521.0	120111.0	162019.0	158438.0	114128.0	22682.0	25084.0	33.0	20.3	39.4	29.5
2013-11-12	407724.0	116674.0	161199.0	170422.0	121846.0	23098.0	27149.0	30.6	18.3	36.0	27.2
2013-11-19	439641.0	123411.0	178266.0	190268.0	131213.0	23201.0	27401.0	28.9	18.4	36.0	26.0
2013-11-26	413869.0	112030.0	172054.0	166304.0	104910.0	23400.0	24770.0	28.3	20.7	33.7	28.1
2013-12-03	381272.0	100810.0	162860.0	152902.0	90541.0	23845.0	24156.0	28.9	20.8	34.4	27.1
2013-12-10	387342.0	105879.0	179211.0	161056.0	86767.0	24080.0	25037.0	27.3	21.5	33.6	31.2
2013-12-17	378966.0	95832.0	158469.0	163837.0	100352.0	22133.0	22981.0	27.8	19.9	33.7	28.9
2013-12-24	354273.0	111642.0	149767.0	139756.0	98454.0	19171.0	22348.0	24.2	21.5	33.1	32.2
2014-01-07	359668.0	116494.0	163966.0	145658.0	94210.0	19293.0	23269.0	21.6	22.1	29.2	33.9
2014-01-14	397328.0	119916.0	191412.0	174406.0	99427.0	21123.0	24606.0	22.2	24.6	29.6	35.4
2014-01-21	416956.0	128548.0	192854.0	184860.0	118430.0	22220.0	24344.0	22.1	21.6	29.0	31.4
2014-01-28	376043.0	108155.0	173659.0	163118.0	96046.0	22225.0	23793.0	20.7	24.2	29.2	35.9
2014-02-04	384117.0	101502.0	152732.0	173111.0	120887.0	25195.0	26189.0	24.6	27.0	33.7	37.3
2014-02-11	378851.0	85350.0	126458.0	171944.0	127437.0	21346.0	24745.0	22.0	26.8	30.0	33.9
2014-02-18	409111.0	107597.0	122520.0	170054.0	149932.0	20151.0	25350.0	13.6	23.5	20.3	29.4
2014-02-25	367042.0	108739.0	124777.0	138358.0	114860.0	21338.0	28798.0	16.3	22.3	23.9	28.0
2014-03-04	362996.0	104145.0	124591.0	134638.0	106679.0	20973.0	28486.0	18.6	18.7	25.5	24.5
2014-03-11	355040.0	114455.0	121309.0	123211.0	109402.0	20392.0	27347.0	20.2	18.1	27.6	24.1
2014-03-18	336625.0	107861.0	108924.0	118826.0	107873.0	24880.0	34770.0	19.9	17.4	26.3	23.5
2014-03-25	335826.0	109110.0	116314.0	117761.0	104074.0	21617.0	28100.0	19.9	16.0	26.5	22.9
2014-04-01	357046.0	114839.0	145412.0	137941.0	99972.0	16837.0	24233.0	22.0	18.0	30.6	25.9
2014-04-08	359952.0	105096.0	136842.0	144046.0	106211.0	20728.0	26817.0	22.0	15.9	30.2	23.9
2014-04-15	368887.0	96296.0	132242.0	162952.0	122146.0	22377.0	27237.0	21.4	14.4	28.7	23.3
2014-04-22	362130.0	106598.0	140655.0	143050.0	102056.0	20476.0	27413.0	23.2	18.2	31.2	27.1
2014-04-29	365215.0	110843.0	156329.0	149727.0	98821.0	21984.0	27404.0	24.2	17.2	31.8	27.4
2014-05-06	391848.0	104252.0	167718.0	170276.0	105114.0	33827.0	35523.0	27.9	15.9	35.4	25.4
2014-05-13	419669.0	111532.0	194218.0	195070.0	111127.0	28436.0	29693.0	29.5	16.8	37.1	27.2
2014-05-20	425151.0	116001.0	197978.0	197146.0	113845.0	24582.0	25906.0	29.1	17.5	37.3	26.3
2014-05-27	420366.0	123468.0	205247.0	183933.0	102483.0	27157.0	26828.0	29.2	17.9	35.1	28.7
2014-06-03	448926.0	139665.0	216461.0	184638.0	108180.0	29255.0	28917.0	31.5	17.1	37.5	27.7
2014-06-10	457503.0	141056.0	214363.0	189112.0	119148.0	30539.0	27196.0	26.4	15.8	33.2	26.0
2014-06-17	456312.0	146146.0	193711.0	184210.0	133948.0	24276.0	26973.0	21.8	18.7	28.6	27.7
2014-06-24	424966.0	142358.0	197984.0	160864.0	105174.0	26788.0	26852.0	24.9	21.0	32.0	31.5
2014-07-01	449836.0	147707.0	211142.0	175640.0	110446.0	29988.0	31747.0	22.1	23.7	29.5	33.9
2014-07-08	457197.0	147952.0	218779.0	176258.0	103598.0	31712.0	33545.0	21.4	23.4	29.9	33.1
2014-07-15	435001.0	140160.0	190565.0	165725.0	114769.0	27190.0	27741.0	18.2	20.5	27.5	29.7
2014-07-22	414392.0	142645.0	186656.0	146075.0	97154.0	23616.0	28526.0	18.5	21.2	27.2	30.4
2014-07-29	419946.0	133851.0	193365.0	158289.0	95281.0	25657.0	29151.0	18.9	21.3	27.3	30.0
2014-08-05	409891.0	122438.0	156976.0	145580.0	105997.0	26587.0	31632.0	15.9	18.9	24.3	26.6
2014-08-12	390841.0	108653.0	123319.0	143258.0	121107.0	24498.0	31983.0	13.9	14.6	22.5	20.1
2014-08-19	418454.0	134704.0	154816.0	142564.0	116888.0	23976.0	29540.0	16.2	18.9	23.9	24.1
2014-08-26	414365.0	144034.0	167542.0	137909.0	103720.0	23614.0	34295.0	18.2	20.6	25.6	28.5
2014-09-02	409378.0	132448.0	161561.0	148510.0	109169.0	24025.0	34253.0	19.1	17.7	27.1	26.1
2014-09-09	425310.0	144728.0	171978.0	151578.0	114250.0	23810.0	33888.0	19.3	18.0	27.8	26.1
2014-09-16	413477.0	125563.0	173301.0	168592.0	109582.0	21226.0	32498.0	20.3	20.5	28.8	26.0
2014-09-23	389039.0	122654.0	175029.0	152432.0	84639.0	22711.0	38129.0	24.0	17.3	32.8	25.6
2014-09-30	358837.0	88674.0	130193.0	153419.0	100637.0	22827.0	34090.0	23.0	13.1	30.6	20.1
2014-10-07	365241.0	82526.0	132464.0	156902.0	99515.0	23543.0	30992.0	22.9	13.6	29.5	20.7
2014-10-14	407816.0	103830.0	107829.0	159790.0	152462.0	28642.0	31971.0	22.2	16.6	30.8	25.2
2014-10-21	422049.0	114419.0	112699.0	153002.0	154069.0	24220.0	24873.0	22.3	25.5	29.0	31.7
2014-10-28	355595.0	106648.0	105579.0	115640.0	114432.0	20691.0	22968.0	21.4	25.2	28.9	29.6
2014-11-04	354875.0	104545.0	102217.0	115400.0	108473.0	21333.0	30588.0	21.1	22.4	29.6	27.8
2014-11-11	392934.0	116557.0	126487.0	132084.0	119251.0	25212.0	28115.0	20.4	23.9	29.1	29.5
2014-11-18	385463.0	112431.0	125246.0	134029.0	111656.0	21898.0	31456.0	20.6	21.6	28.7	26.9
2014-11-25	369744.0	130143.0	150865.0	113962.0	85172.0	21492.0	29560.0	19.0	22.6	27.8	31.0
2014-12-02	373854.0	125321.0	154004.0	120752.0	85117.0	23942.0	30894.0	19.2	21.9	27.3	29.9
2014-12-09	361415.0	120208.0	146767.0	120203.0	85374.0	22561.0	30831.0	23.9	20.6	32.1	28.9
2014-12-16	324703.0	99624.0	112761.0	111896.0	91779.0	19534.0	26514.0	20.1	15.5	29.2	24.2
2014-12-23	325276.0	86685.0	105548.0	116554.0	88306.0	24539.0	33924.0	18.3	21.2	29.6	28.5
2014-12-30	308318.0	82858.0	102440.0	118345.0	88759.0	18063.0	28067.0	19.7	23.2	31.7	31.3
2015-01-06	285927.0	76693.0	92706.0	111681.0	88622.0	19787.0	26833.0	20.8	20.2	31.2	29.2
2015-01-13	295473.0	82267.0	96458.0	116140.0	95597.0	19140.0	25492.0	21.2	19.1	33.8	28.6
2015-01-20	306961.0	86701.0	79670.0	114257.0	115551.0	21673.0	27410.0	16.4	15.6	25.3	23.7
2015-01-27	275472.0	83570.0	79199.0	95866.0	94459.0	17713.0	23491.0	22.5	20.2	32.1	27.0
2015-02-03	275773.0	86957.0	71943.0	93438.0	102310.0	18706.0	24848.0	22.0	18.4	29.4	26.2
2015-02-10	296263.0	100822.0	90294.0	97416.0	101756.0	18032.0	24220.0	26.1	17.1	33.1	24.6
2015-02-17	329988.0	106223.0	98824.0	101791.0	101313.0	35837.0	43714.0	26.3	16.6	31.7	23.2
2015-02-24	308036.0	113101.0	119986.0	96309.0	81135.0	15522.0	23811.0	26.4	17.5	36.5	25.0
2015-03-03	337070.0	109433.0	137305.0	127038.0	88403.0	17680.0	28443.0	32.0	14.7	39.3	23.7
2015-03-10	355240.0	112792.0	145187.0	134550.0	90975.0	18834.0	30014.0	37.4	13.8	43.9	23.3
2015-03-17	353684.0	109181.0	145085.0	136435.0	90476.0	18574.0	28629.0	34.7	14.5	42.0	24.3
2015-03-24	349371.0	121021.0	167071.0	123665.0	69226.0	20353.0	28742.0	41.5	18.2	46.4	29.3
2015-03-31	354795.0	120496.0	164814.0	129189.0	73759.0	18670.0	29782.0	40.0	17.9	45.6	28.4
2015-04-07	379421.0	127705.0	176991.0	139422.0	82122.0	20311.0	28325.0	36.3	17.5	42.0	27.6
2015-04-14	399783.0	122961.0	186406.0	152151.0	82384.0	28721.0	35043.0	34.1	18.3	40.2	28.2
2015-04-21	368262.0	129710.0	189639.0	140007.0	73273.0	20913.0	27718.0	40.2	19.7	47.7	32.0
2015-04-28	389284.0	141409.0	210109.0	150354.0	75527.0	22470.0	28597.0	39.5	21.5	47.6	34.2
2015-05-05	395445.0	137571.0	213329.0	156650.0	73683.0	22851.0	30060.0	40.6	21.8	48.1	32.8
2015-05-12	386206.0	135148.0	198118.0	151630.0	80891.0	22560.0	30329.0	41.6	20.3	48.5	31.1
2015-05-19	418584.0	131773.0	194122.0	159101.0	91517.0	24126.0	29361.0	36.2	18.7	43.0	28.6
2015-05-26	385211.0	135493.0	202486.0	141833.0	70426.0	22599.0	27013.0	38.6	21.8	45.7	32.4
2015-06-02	379061.0	130942.0	201258.0	147016.0	71496.0	21953.0	27157.0	38.5	20.6	45.4	31.7
2015-06-09	365614.0	122817.0	197254.0	144160.0	64880.0	23511.0	28354.0	36.4	20.3	43.9	31.6
2015-06-16	373381.0	124588.0	194270.0	147115.0	75820.0	25975.0	27588.0	30.9	21.0	38.3	33.9
2015-06-23	366536.0	136158.0	188438.0	136522.0	75449.0	22099.0	30892.0	34.5	18.4	42.5	29.8
2015-06-30	336956.0	117666.0	152465.0	127241.0	86090.0	24521.0	30873.0	32.7	19.2	40.1	31.2
2015-07-07	316571.0	103543.0	125534.0	122315.0	93941.0	21982.0	28365.0	27.2	17.9	35.4	28.2
2015-07-14	329967.0	98634.0	129629.0	127278.0	89326.0	23251.0	30208.0	28.8	17.5	36.7	27.6
2015-07-21	368795.0	131776.0	172630.0	139155.0	90052.0	22846.0	31095.0	25.2	19.9	33.0	29.5
2015-07-28	317371.0	113149.0	167079.0	122919.0	59319.0	20958.0	30628.0	27.2	21.8	35.7	35.1
2015-08-04	332508.0	112577.0	177022.0	135008.0	61178.0	21094.0	30479.0	26.7	20.6	35.5	33.8
2015-08-11	350640.0	123634.0	186090.0	135388.0	66779.0	23421.0	29574.0	26.0	22.5	34.4	34.5
2015-08-18	344113.0	120376.0	175270.0	135780.0	74426.0	23145.0	29605.0	22.9	19.8	32.2	32.1
2015-08-25	318599.0	117796.0	100965.0	104092.0	120931.0	32565.0	32557.0	21.5	29.1	32.3	40.1
2015-09-01	330119.0	128624.0	96385.0	103117.0	133732.0	30767.0	32391.0	19.6	25.9	27.8	35.9
2015-09-08	328265.0	125732.0	87807.0	96913.0	134425.0	23060.0	23473.0	19.0	31.5	26.9	39.2
2015-09-15	358430.0	123603.0	90449.0	108579.0	140810.0	23889.0	24812.0	15.5	32.6	22.2	39.4
2015-09-22	313001.0	118177.0	93356.0	95005.0	120481.0	22403.0	21748.0	16.5	35.4	25.8	42.5
2015-09-29	304870.0	115350.0	85121.0	94978.0	123467.0	21895.0	23635.0	13.8	33.7	23.2	40.9
2015-10-06	323209.0	117402.0	96345.0	99201.0	118721.0	21095.0	22632.0	12.8	36.2	23.3	42.3
2015-10-13	332413.0	125254.0	109615.0	95828.0	105388.0	19946.0	26025.0	16.0	33.5	23.6	38.7
2015-10-20	333525.0	119008.0	111981.0	94938.0	100267.0	25920.0	27618.0	18.1	30.7	25.9	35.0
2015-10-27	312340.0	120937.0	121165.0	76858.0	73739.0	25838.0	28729.0	18.4	32.6	26.2	37.1
2015-11-03	321131.0	127448.0	131175.0	82318.0	74653.0	23372.0	27310.0	20.0	31.4	29.1	37.2
2015-11-10	324542.0	132369.0	141900.0	87134.0	73753.0	22850.0	26700.0	20.1	33.8	30.5	39.2
2015-11-17	297025.0	110256.0	121156.0	91042.0	82075.0	20772.0	18839.0	25.0	30.2	33.7	37.0
2015-11-24	286132.0	109396.0	116363.0	81170.0	68958.0	19425.0	24670.0	23.6	31.7	32.1	38.2
2015-12-01	312156.0	117024.0	138760.0	92404.0	67428.0	22740.0	25980.0	22.7	32.6	32.0	38.5
2015-12-08	295272.0	115990.0	126170.0	88172.0	74822.0	20385.0	23555.0	29.6	29.0	37.9	37.3
2015-12-15	281186.0	97031.0	104463.0	88156.0	80177.0	18818.0	19365.0	22.2	28.6	30.9	36.4
2015-12-22	249793.0	81276.0	95076.0	75999.0	58390.0	17044.0	20853.0	18.3	32.5	29.7	40.7
2015-12-29	265867.0	105018.0	113420.0	75073.0	60586.0	16220.0	22305.0	24.7	31.5	35.9	40.8
2016-01-05	243307.0	83445.0	93257.0	75270.0	62489.0	18245.0	21214.0	23.7	29.1	33.3	38.2
2016-01-12	243063.0	79477.0	86066.0	65491.0	57673.0	20136.0	21365.0	17.0	24.4	25.9	33.2
2016-01-19	277758.0	94273.0	84738.0	75936.0	84925.0	27230.0	27776.0	17.8	23.4	25.1	30.1
2016-01-26	249347.0	96714.0	82489.0	54591.0	67895.0	21923.0	22844.0	18.1	25.4	26.1	33.3
2016-02-02	252613.0	102137.0	79627.0	61142.0	80371.0	23763.0	27044.0	21.8	23.5	28.8	32.3
2016-02-09	261604.0	103845.0	84127.0	67850.0	90491.0	27349.0	24426.0	17.3	19.1	24.4	28.3
2016-02-16	266868.0	100141.0	73435.0	68642.0	95764.0	21956.0	21540.0	17.3	21.1	24.7	28.1
2016-02-23	248064.0	101824.0	75923.0	58541.0	84442.0	21841.0	21841.0	23.3	25.2	29.9	33.4
2016-03-01	273237.0	114015.0	90715.0	66969.0	86388.0	22038.0	25919.0	22.5	23.4	29.7	32.4
2016-03-08	293296.0	128139.0	107021.0	73335.0	89738.0	21248.0	25963.0	28.8	19.0	34.7	27.9
2016-03-15	312450.0	133565.0	123239.0	85126.0	90941.0	20640.0	25151.0	26.9	20.2	34.3	28.6
2016-03-22	322164.0	142039.0	145993.0	83670.0	77988.0	22858.0	24586.0	36.4	16.6	42.5	25.2
2016-03-29	338446.0	142035.0	155824.0	94498.0	77029.0	22394.0	26074.0	35.7	16.3	42.7	24.7
2016-04-05	395270.0	163879.0	198127.0	120016.0	84417.0	26435.0	27786.0	41.6	16.2	45.7	25.0
2016-04-12	408198.0	156514.0	196790.0	135656.0	91095.0	24319.0	28604.0	39.6	16.0	44.4	24.5
2016-04-19	462357.0	172790.0	232164.0	167292.0	103706.0	22250.0	26462.0	41.5	18.1	47.2	26.8
2016-04-26	448613.0	164375.0	240225.0	174110.0	92341.0	19593.0	25512.0	45.2	18.6	51.3	27.8
2016-05-03	451899.0	153857.0	231284.0	178041.0	94403.0	22569.0	28780.0	41.0	18.1	47.5	26.3
2016-05-10	463497.0	152897.0	240962.0	175032.0	80626.0	21682.0	28023.0	38.2	18.7	44.6	27.7
2016-05-17	464177.0	145905.0	240721.0	182019.0	78890.0	25743.0	34056.0	40.9	19.0	46.7	27.7
2016-05-24	438355.0	156576.0	241890.0	156608.0	61325.0	20767.0	30736.0	43.7	19.9	51.3	29.9
2016-05-31	468183.0	169964.0	260313.0	168503.0	70920.0	22460.0	29694.0	43.2	18.9	49.9	29.0
2016-06-07	501258.0	164299.0	268107.0	190953.0	79339.0	22692.0	30498.0	38.9	17.6	45.5	27.3
2016-06-14	436303.0	130345.0	208709.0	169926.0	87540.0	23724.0	27746.0	41.9	16.8	47.4	25.9
2016-06-21	382528.0	135989.0	181656.0	138626.0	83387.0	17468.0	27040.0	44.0	20.6	49.7	29.3
2016-06-28	373156.0	110421.0	160538.0	137073.0	81404.0	26996.0	32548.0	35.9	21.2	42.0	31.7
2016-07-05	412513.0	145947.0	192880.0	139009.0	86501.0	22614.0	28189.0	40.9	19.0	45.7	29.7
2016-07-12	466233.0	176625.0	233613.0	159455.0	96164.0	24353.0	30656.0	39.1	20.7	45.2	31.0
2016-07-19	511186.0	190777.0	257476.0	170561.0	99218.0	24146.0	28790.0	38.7	21.0	45.9	28.6
2016-07-26	491873.0	184121.0	273071.0	168944.0	72257.0	23612.0	31349.0	46.0	20.4	51.2	30.4
2016-08-02	516359.0	170190.0	284793.0	191698.0	71983.0	27071.0	32183.0	42.9	18.7	47.9	29.9
2016-08-09	542622.0	182844.0	301661.0	194778.0	71860.0	27248.0	31349.0	40.4	18.6	46.0	29.3
2016-08-16	541636.0	184771.0	298859.0	204293.0	83679.0	23623.0	30149.0	37.1	18.8	43.0	29.8
2016-08-23	507877.0	179690.0	301214.0	192744.0	62973.0	22785.0	31032.0	43.9	19.7	49.8	29.8
2016-08-30	511241.0	175610.0	303331.0	198167.0	61881.0	25712.0	34277.0	42.5	19.8	48.6	30.6
2016-09-06	547744.0	177715.0	311446.0	209482.0	70562.0	27476.0	32665.0	39.1	18.7	44.3	29.4
2016-09-13	478117.0	118356.0	231231.0	204313.0	86173.0	28165.0	33430.0	35.4	16.4	40.7	23.8
2016-09-20	471105.0	120761.0	208362.0	185274.0	89452.0	26840.0	35061.0	28.8	16.7	35.1	23.5
2016-09-27	473209.0	139230.0	228370.0	186377.0	90344.0	25237.0	32130.0	36.6	17.8	42.7	26.7
2016-10-04	482610.0	156382.0	243310.0	185103.0	91356.0	26366.0	33185.0	36.2	19.8	42.5	29.2
2016-10-11	492032.0	158320.0	246328.0	186160.0	92101.0	27658.0	33709.0	35.9	18.8	41.3	28.2
2016-10-18	473819.0	148032.0	222672.0	163850.0	83359.0	19627.0	25478.0	31.2	18.0	37.3	26.9
2016-10-25	436770.0	167134.0	248626.0	146983.0	60479.0	20247.0	25259.0	42.7	20.9	48.8	30.1
2016-11-01	428792.0	147031.0	217056.0	148758.0	74864.0	25013.0	28882.0	38.7	19.4	44.6	28.3
2016-11-08	411483.0	134284.0	184177.0	138606.0	90733.0	28743.0	26723.0	36.5	16.4	41.9	26.3
2016-11-15	451231.0	131191.0	180373.0	147454.0	91929.0	32475.0	38818.0	25.3	15.6	34.1	22.6
2016-11-22	389937.0	136852.0	200230.0	137605.0	71175.0	26526.0	29578.0	37.1	18.2	44.6	27.4
2016-11-29	408886.0	153073.0	220736.0	140514.0	69511.0	30713.0	34053.0	36.9	20.5	44.1	31.1
2016-12-06	431627.0	142264.0	237671.0	161655.0	64020.0	27864.0	30092.0	34.7	18.9	41.8	29.5
2016-12-13	445922.0	128280.0	230858.0	168326.0	63597.0	30095.0	32246.0	33.0	18.7	39.7	28.3
2016-12-20	462774.0	133564.0	242489.0	172425.0	59279.0	27326.0	31547.0	23.3	19.1	31.1	28.9
2016-12-27	411321.0	142184.0	243666.0	149862.0	44493.0	24949.0	28836.0	31.2	22.1	38.6	34.2
2017-01-03	411436.0	139326.0	243921.0	154003.0	44384.0	25665.0	30689.0	29.9	21.6	36.9	33.0
2017-01-10	479856.0	144680.0	270860.0	181551.0	54447.0	32820.0	33744.0	28.4	18.6	35.5	29.5
2017-01-17	537656.0	158784.0	291203.0	194136.0	58298.0	42738.0	46157.0	20.7	18.4	29.7	27.9
2017-01-24	478012.0	148636.0	282860.0	180396.0	41435.0	27448.0	32185.0	27.3	19.4	35.7	30.3
2017-01-31	480876.0	140712.0	267046.0	181205.0	48817.0	28185.0	34239.0	22.1	18.3	30.0	28.4
