2005-01-04	87161.0	26545.0	6281.0	35911.0	62023.0	13494.0	7646.0	22.5	40.1	33.0	51.7
2005-01-11	81259.0	23188.0	5116.0	34815.0	59085.0	12710.0	6512.0	22.3	44.0	33.3	54.3
2005-01-18	81248.0	23417.0	5836.0	34140.0	57434.0	13087.0	7374.0	21.8	43.7	33.3	53.5
2005-01-25	87458.0	27127.0	7247.0	33376.0	59393.0	13843.0	7706.0	21.3	43.0	32.7	53.5
2005-02-01	88810.0	26801.0	9486.0	34894.0	57507.0	13967.0	8669.0	22.5	38.6	33.5	51.5
2005-02-08	85163.0	23230.0	8412.0	36340.0	55441.0	13690.0	9407.0	22.6	39.3	33.8	52.0
2005-02-15	95044.0	32781.0	12154.0	35518.0	64287.0	15899.0	7757.0	21.6	39.7	32.2	53.1
2005-02-22	108804.0	44160.0	16442.0	36408.0	70565.0	15013.0	8574.0	18.9	36.4	28.5	51.3
2005-03-01	112973.0	49255.0	16029.0	34259.0	73780.0	15283.0	8988.0	19.0	32.9	30.1	49.4
2005-03-08	118035.0	52332.0	16243.0	33924.0	76113.0	16180.0	10080.0	19.2	32.4	29.3	48.9
2005-03-15	114956.0	46771.0	15983.0	34188.0	69853.0	15700.0	10823.0	19.2	28.8	29.1	45.9
2005-03-22	120517.0	47101.0	16870.0	34197.0	68579.0	16377.0	12226.0	18.9	25.5	28.5	42.1
2005-03-29	114349.0	40691.0	15086.0	34543.0	63062.0	15345.0	12431.0	18.4	25.9	28.5	40.2
2005-04-05	119690.0	43081.0	15554.0	35825.0	66798.0	16255.0	12809.0	18.2	25.4	27.5	38.7
2005-04-12	132104.0	46134.0	17988.0	41964.0	74093.0	18521.0	14538.0	16.1	23.7	24.7	36.5
2005-04-19	117163.0	32513.0	13873.0	48053.0	69554.0	14514.0	11653.0	18.0	26.4	25.7	38.2
2005-04-26	116212.0	35217.0	12857.0	44690.0	69374.0	14429.0	12105.0	18.1	27.6	26.2	40.0
2005-05-03	107401.0	34649.0	15269.0	40641.0	60388.0	12611.0	12244.0	20.3	28.4	28.3	41.3
2005-05-10	104321.0	31653.0	14769.0	40762.0	57550.0	12093.0	12189.0	21.1	28.2	29.7	41.1
2005-05-17	94172.0	20525.0	17204.0	45046.0	48735.0	12864.0	12496.0	24.0	25.5	32.8	39.0
2005-05-24	91941.0	20094.0	16541.0	44147.0	47335.0	12734.0	13099.0	26.0	24.7	35.9	38.2
2005-05-31	92253.0	23327.0	13835.0	43076.0	52349.0	11469.0	11688.0	25.2	26.2	35.0	40.4
2005-06-07	99573.0	31621.0	13609.0	40542.0	59079.0	13700.0	13175.0	23.8	28.5	32.8	43.4
2005-06-14	104947.0	36892.0	16080.0	41424.0	62980.0	13923.0	13179.0	23.1	28.4	32.0	42.9
2005-06-21	112051.0	42701.0	19918.0	38069.0	63875.0	15833.0	12810.0	21.8	30.3	30.8	43.7
2005-06-28	112939.0	41847.0	21136.0	39069.0	62180.0	15689.0	13289.0	21.8	29.5	31.6	42.7
2005-07-05	102082.0	33523.0	20166.0	39755.0	54135.0	13965.0	12942.0	23.6	30.6	33.8	44.5
2005-07-12	106406.0	36722.0	21641.0	39043.0	55654.0	14535.0	13005.0	23.2	31.4	33.7	44.5
2005-07-19	111141.0	39644.0	22767.0	38690.0	57185.0	15730.0	14112.0	22.7	31.7	32.7	43.6
2005-07-26	114252.0	42350.0	25531.0	38700.0	56846.0	15832.0	14505.0	22.9	31.7	32.9	43.4
2005-08-02	117895.0	46210.0	28016.0	38363.0	56950.0	15273.0	14880.0	22.4	33.2	33.5	44.0
2005-08-09	113439.0	44439.0	28075.0	38976.0	54672.0	14942.0	15610.0	23.2	32.0	34.9	43.4
2005-08-16	105061.0	41269.0	26506.0	39324.0	55100.0	13306.0	12293.0	24.3	33.6	35.8	45.8
2005-08-23	102608.0	38358.0	27496.0	38837.0	50548.0	14615.0	13766.0	24.7	32.9	35.8	44.1
2005-09-06	105839.0	38826.0	29059.0	40126.0	51435.0	14350.0	12808.0	24.6	36.1	34.3	45.8
2005-09-13	99329.0	33734.0	27483.0	40935.0	48211.0	13645.0	12620.0	25.8	37.2	35.6	47.2
2005-09-20	100852.0	34780.0	27885.0	40430.0	48667.0	13872.0	12530.0	26.2	37.5	35.2	46.9
2005-09-27	104395.0	37483.0	28266.0	41364.0	51799.0	13646.0	12428.0	26.8	38.0	36.5	47.3
2005-10-04	107932.0	40996.0	31475.0	42715.0	53881.0	13223.0	11578.0	27.0	36.9	36.9	47.8
2005-10-11	111629.0	43167.0	32056.0	42854.0	54438.0	14248.0	13775.0	26.5	35.1	36.5	45.3
2005-10-18	107427.0	38505.0	31179.0	43435.0	52248.0	14233.0	12746.0	26.7	35.3	36.7	45.9
2005-10-25	102512.0	31662.0	30431.0	44683.0	46877.0	15088.0	14125.0	26.6	34.6	35.9	44.2
2005-11-01	105650.0	31733.0	28506.0	45842.0	48892.0	13815.0	13992.0	25.7	32.7	35.0	41.9
2005-11-08	109378.0	34052.0	28313.0	46361.0	51941.0	13827.0	13986.0	25.5	31.6	34.1	41.0
2005-11-15	114189.0	36580.0	29053.0	46031.0	54360.0	14777.0	13975.0	24.9	31.5	33.1	40.1
2005-11-22	113630.0	34901.0	28448.0	45917.0	51581.0	14433.0	15222.0	25.0	33.1	33.5	39.8
2005-11-29	108347.0	33228.0	28016.0	44190.0	48645.0	13361.0	14118.0	26.3	33.2	35.3	40.8
2005-12-06	105746.0	33206.0	27847.0	44015.0	50023.0	12711.0	12062.0	27.1	34.7	36.4	43.0
2005-12-13	104891.0	32890.0	28231.0	43510.0	49305.0	13531.0	12395.0	26.7	34.9	36.3	43.1
2005-12-20	101998.0	30868.0	28647.0	43971.0	47154.0	12955.0	11993.0	27.9	34.6	37.7	42.5
2005-12-27	103119.0	32404.0	29643.0	43652.0	47654.0	13306.0	12065.0	27.7	34.4	38.1	42.4
2006-01-03	103466.0	33082.0	30378.0	44126.0	48300.0	13356.0	11886.0	27.4	34.1	38.7	42.9
2006-01-10	101982.0	32890.0	31780.0	41484.0	45538.0	13797.0	10853.0	26.4	34.5	37.0	43.3
2006-01-17	100702.0	32186.0	29930.0	39656.0	45227.0	14628.0	11313.0	24.5	33.8	35.7	43.3
2006-01-24	102580.0	33342.0	30596.0	39962.0	45796.0	15187.0	12099.0	24.1	33.4	35.5	42.8
2006-01-31	101294.0	32581.0	31408.0	39529.0	45680.0	15671.0	10693.0	25.1	33.6	36.2	43.9
2006-02-07	99049.0	33321.0	29569.0	40482.0	47378.0	14437.0	11293.0	26.5	32.5	38.5	43.4
2006-02-14	92717.0	28653.0	28050.0	42499.0	46215.0	14033.0	10920.0	28.1	33.8	40.9	45.3
2006-02-21	89954.0	23242.0	25672.0	43499.0	44265.0	13814.0	10618.0	28.8	33.7	40.5	44.5
2006-02-28	85356.0	18584.0	23143.0	44281.0	42203.0	12247.0	9766.0	30.6	32.9	42.5	43.1
2006-03-07	85611.0	18392.0	21099.0	44178.0	42923.0	12355.0	10903.0	30.9	30.4	42.6	41.3
2006-03-14	91472.0	20042.0	19331.0	44496.0	46536.0	12699.0	11370.0	29.1	29.6	40.0	39.4
2006-03-21	97150.0	22278.0	19268.0	44190.0	49810.0	14167.0	11557.0	27.7	27.9	37.7	37.8
2006-03-28	97486.0	22521.0	20979.0	44304.0	48725.0	14101.0	11222.0	28.0	27.2	38.7	38.1
2006-04-04	100249.0	23570.0	23958.0	46714.0	49108.0	13603.0	10821.0	27.5	27.9	37.8	38.7
2006-04-11	97705.0	22134.0	23562.0	47250.0	50306.0	15095.0	10611.0	27.1	31.5	37.3	42.1
2006-04-18	99934.0	20225.0	21789.0	49989.0	53357.0	15679.0	10747.0	26.2	31.6	35.6	40.9
2006-04-25	96336.0	16532.0	19161.0	49802.0	51022.0	17668.0	13819.0	27.3	33.0	36.2	41.1
2006-05-02	85352.0	15054.0	17058.0	45755.0	47489.0	15176.0	11438.0	31.1	36.2	40.6	45.7
2006-05-09	86434.0	14392.0	15307.0	48326.0	51305.0	13678.0	9784.0	30.7	37.3	40.1	46.9
2006-05-16	85375.0	12894.0	15376.0	49045.0	49662.0	13539.0	10440.0	31.1	38.6	40.8	47.2
2006-05-23	81363.0	10904.0	17415.0	49802.0	45002.0	12443.0	10732.0	33.2	37.7	43.7	45.3
2006-05-30	79541.0	10356.0	16728.0	48536.0	42617.0	11440.0	10987.0	34.2	38.4	45.4	45.8
2006-06-06	76869.0	8775.0	16077.0	48327.0	40942.0	11647.0	11730.0	34.7	36.5	46.5	44.2
2006-06-13	78658.0	8380.0	14036.0	48871.0	42115.0	9688.0	10788.0	33.0	34.6	44.4	40.5
2006-06-20	76311.0	8447.0	11699.0	46803.0	42171.0	10207.0	11587.0	33.5	32.9	43.7	39.0
2006-06-27	73323.0	8197.0	11907.0	45691.0	40892.0	9626.0	10715.0	35.3	33.4	46.2	39.7
2006-07-03	72880.0	8460.0	10899.0	44973.0	41681.0	9902.0	10755.0	34.9	34.3	46.1	41.2
2006-07-11	74754.0	10614.0	12828.0	44222.0	41917.0	10285.0	10376.0	33.9	32.5	44.6	40.1
2006-07-18	76332.0	10848.0	14197.0	45418.0	40889.0	9799.0	10979.0	33.3	31.2	43.8	38.8
2006-07-25	73348.0	8471.0	14165.0	45378.0	38435.0	8907.0	10156.0	35.1	31.2	46.0	39.1
2006-08-01	71537.0	8643.0	14950.0	44007.0	37256.0	9600.0	10044.0	36.6	31.0	47.6	39.3
2006-08-08	72385.0	9387.0	15981.0	45271.0	38274.0	10479.0	10882.0	35.6	29.8	46.5	38.9
2006-08-15	74277.0	9324.0	17348.0	46678.0	37981.0	9939.0	10612.0	34.4	28.0	44.9	37.4
2006-08-22	72057.0	8211.0	17929.0	46774.0	36079.0	9797.0	10774.0	35.9	28.0	46.8	37.5
2006-08-29	69311.0	8156.0	19336.0	44990.0	33146.0	9440.0	10104.0	37.7	29.1	49.0	39.6
2006-09-05	69247.0	9376.0	18099.0	44553.0	34451.0	9307.0	10686.0	38.5	31.0	50.0	41.2
2006-09-12	68944.0	7881.0	17275.0	45033.0	34870.0	10181.0	10950.0	38.9	30.8	50.2	40.7
2006-09-19	68168.0	9170.0	20212.0	45531.0	34371.0	8408.0	8526.0	39.2	30.7	51.5	41.1
2006-09-26	67977.0	10566.0	20167.0	44450.0	32361.0	8303.0	10791.0	39.0	30.5	53.0	40.0
2006-10-03	69400.0	10554.0	22847.0	45107.0	33169.0	8808.0	8453.0	39.2	28.5	52.4	39.2
2006-10-10	69015.0	10562.0	23849.0	43796.0	28785.0	9335.0	11059.0	39.1	26.1	52.1	36.9
2006-10-17	72713.0	13068.0	21992.0	42204.0	32753.0	10879.0	11406.0	36.8	27.5	48.7	38.4
2006-10-24	75321.0	12435.0	22183.0	43102.0	32837.0	11184.0	11701.0	35.9	27.4	47.2	37.3
2006-10-31	74423.0	11748.0	22691.0	42763.0	31449.0	11022.0	11393.0	36.2	26.4	47.9	36.3
2006-11-07	72371.0	11443.0	25083.0	43446.0	29319.0	10465.0	10952.0	37.6	27.2	49.9	37.4
2006-11-14	73681.0	10013.0	27023.0	45520.0	26348.0	11031.0	13193.0	36.8	23.3	50.0	33.5
2006-11-21	73218.0	9130.0	27232.0	47397.0	26453.0	10312.0	13154.0	37.4	20.9	49.8	30.6
2006-11-28	70308.0	9859.0	27495.0	45218.0	22879.0	9998.0	14701.0	39.0	21.6	52.4	31.8
2006-12-05	68793.0	9550.0	26632.0	44655.0	23437.0	9325.0	13461.0	40.2	22.6	53.6	33.2
2006-12-12	67911.0	9439.0	26965.0	44210.0	23227.0	9483.0	12940.0	40.6	23.1	54.6	34.0
2006-12-19	68920.0	8423.0	27394.0	46285.0	23433.0	9790.0	13671.0	39.9	22.9	52.7	33.9
2006-12-26	67350.0	6507.0	26714.0	46853.0	22568.0	9676.0	13754.0	40.9	23.6	54.5	34.1
2007-01-03	70253.0	5847.0	25841.0	48084.0	24189.0	11469.0	15370.0	39.6	23.7	53.1	33.6
2007-01-09	69879.0	6335.0	25590.0	49018.0	26028.0	9803.0	13538.0	40.4	25.9	54.4	35.9
2007-01-16	68933.0	5358.0	25985.0	48370.0	24442.0	10245.0	13546.0	39.0	24.2	53.5	34.5
2007-01-23	70723.0	5190.0	26561.0	48626.0	24991.0	11270.0	13534.0	38.4	22.5	52.0	34.3
2007-01-30	71448.0	5545.0	27129.0	48462.0	24932.0	11395.0	13341.0	38.2	21.6	52.0	33.8
2007-02-06	72035.0	5449.0	27347.0	49215.0	26048.0	11805.0	13074.0	37.3	20.8	50.9	34.1
2007-02-13	70803.0	5710.0	26386.0	48111.0	26416.0	11030.0	12049.0	37.8	19.2	50.1	32.7
2007-02-20	71320.0	5156.0	25867.0	49013.0	26974.0	11338.0	12666.0	37.8	19.9	50.5	34.4
2007-02-27	65863.0	5301.0	24153.0	45559.0	24756.0	10333.0	12284.0	41.8	21.5	54.5	35.8
2007-03-06	65495.0	5207.0	24486.0	44591.0	24607.0	11566.0	12271.0	40.9	23.1	53.7	37.6
2007-03-13	65156.0	4642.0	22907.0	45244.0	25291.0	10639.0	12327.0	41.1	23.6	54.3	37.6
2007-03-20	71303.0	7761.0	22839.0	46270.0	30206.0	10473.0	11459.0	37.5	21.8	50.7	36.4
2007-03-27	74716.0	8680.0	24470.0	46101.0	31535.0	12914.0	11690.0	36.4	24.7	50.2	38.7
2007-04-03	77186.0	9927.0	22818.0	45184.0	32818.0	15100.0	14575.0	35.6	26.5	49.3	37.8
2007-04-10	80185.0	12333.0	22357.0	45191.0	35468.0	16795.0	16494.0	34.0	27.6	47.2	39.7
2007-04-17	80657.0	13787.0	22572.0	46119.0	36597.0	15536.0	16273.0	33.6	28.8	46.5	40.5
2007-04-24	80138.0	13923.0	22406.0	46176.0	37255.0	15803.0	16241.0	33.7	30.5	46.4	41.9
2007-05-01	81864.0	15079.0	23409.0	45582.0	38315.0	16252.0	15189.0	33.0	31.9	45.3	43.2
2007-05-08	81613.0	15900.0	23965.0	45814.0	39413.0	14172.0	12508.0	32.7	32.8	45.0	43.6
2007-05-15	81845.0	15317.0	24368.0	46358.0	38351.0	13521.0	12477.0	33.1	33.4	45.5	43.9
2007-05-22	80380.0	12655.0	23772.0	47161.0	35982.0	12648.0	12710.0	34.1	32.0	47.2	42.1
2007-05-29	79901.0	12093.0	23624.0	47238.0	36593.0	11308.0	10422.0	35.3	33.8	48.7	43.3
2007-06-05	81226.0	12740.0	22323.0	45945.0	37358.0	13838.0	12842.0	34.6	32.1	47.2	41.3
2007-06-12	76962.0	13222.0	22204.0	45830.0	36826.0	11936.0	11958.0	36.6	33.3	49.4	43.2
2007-06-19	78337.0	13894.0	22256.0	45287.0	37271.0	11579.0	11233.0	35.7	31.7	47.7	42.1
2007-06-26	79416.0	13474.0	22397.0	46577.0	36741.0	11668.0	12581.0	35.2	30.3	47.5	40.0
2007-07-03	81852.0	15360.0	23710.0	46637.0	38895.0	12272.0	11664.0	35.1	30.2	46.7	40.3
2007-07-10	87538.0	20648.0	24557.0	46557.0	43380.0	12895.0	12163.0	32.8	31.2	45.1	41.2
2007-07-17	89893.0	20639.0	24406.0	47405.0	43808.0	13320.0	13150.0	32.0	31.5	43.0	41.3
2007-07-24	94496.0	21993.0	24958.0	48330.0	45565.0	13903.0	13703.0	30.1	31.4	40.5	40.4
2007-07-31	89395.0	19544.0	24959.0	47701.0	41486.0	12304.0	13104.0	32.0	31.9	42.7	39.8
2007-08-07	84651.0	18463.0	24017.0	47685.0	40315.0	12429.0	14245.0	33.7	30.5	44.9	38.7
2007-08-14	76111.0	13970.0	19908.0	47371.0	38218.0	9750.0	12965.0	37.0	22.9	49.0	31.8
2007-08-21	76498.0	12313.0	19380.0	49923.0	38335.0	8525.0	13046.0	36.7	21.4	49.2	30.7
2007-08-28	73083.0	11271.0	17808.0	48954.0	37438.0	8356.0	13335.0	38.2	22.3	51.2	31.3
2007-09-04	69156.0	11478.0	16634.0	46588.0	36737.0	7376.0	12071.0	40.0	22.7	53.3	33.1
2007-09-11	68684.0	12518.0	16637.0	45325.0	36139.0	7007.0	12074.0	40.5	22.4	53.6	32.9
2007-09-18	71557.0	14435.0	16863.0	45130.0	38667.0	8126.0	12161.0	39.2	23.9	51.2	34.5
2007-09-25	77528.0	17474.0	17396.0	45909.0	43426.0	8866.0	11427.0	35.6	26.9	47.3	37.7
2007-10-02	83055.0	20787.0	19307.0	45540.0	46375.0	10480.0	11125.0	33.2	25.4	44.0	36.4
2007-10-09	86905.0	23322.0	19283.0	44052.0	47796.0	11470.0	11765.0	31.1	26.2	41.6	37.5
2007-10-16	90148.0	22890.0	20921.0	44427.0	45622.0	12116.0	12890.0	29.8	27.5	39.9	38.0
2007-10-23	86858.0	19606.0	20130.0	44365.0	42585.0	11004.0	12260.0	31.4	28.5	41.3	38.0
2007-10-30	86013.0	17403.0	20060.0	44851.0	40544.0	10851.0	12501.0	31.8	29.4	42.4	38.6
2007-11-06	83317.0	15556.0	18680.0	45069.0	39504.0	11015.0	13456.0	33.1	28.1	43.8	37.7
2007-11-13	78465.0	12163.0	18565.0	47162.0	38645.0	10940.0	13055.0	34.8	25.7	46.3	37.1
2007-11-20	77837.0	11396.0	17997.0	48615.0	38956.0	11081.0	14139.0	33.9	26.4	45.8	37.5
2007-11-27	73905.0	9580.0	17500.0	47176.0	33387.0	10838.0	16707.0	34.8	25.4	47.6	35.6
2007-12-04	70839.0	8457.0	16812.0	46912.0	34899.0	9369.0	13027.0	35.5	25.5	48.9	35.9
2007-12-11	70873.0	8673.0	16665.0	44082.0	33722.0	11481.0	13849.0	35.5	26.6	48.2	38.0
2007-12-18	73019.0	8702.0	17746.0	45412.0	34149.0	12346.0	14565.0	34.4	26.8	47.8	38.0
2007-12-24	71767.0	8504.0	16567.0	44636.0	33764.0	12155.0	14964.0	34.9	27.3	48.7	38.8
2007-12-31	72142.0	9309.0	16579.0	44779.0	35014.0	8810.0	11305.0	34.6	28.7	48.3	40.3
2008-01-08	75606.0	9382.0	15579.0	45968.0	36690.0	11039.0	14120.0	33.7	28.5	46.1	39.6
2008-01-15	83849.0	10724.0	19539.0	50487.0	39630.0	12265.0	14307.0	35.2	27.9	47.8	40.2
2008-01-22	86382.0	11307.0	20355.0	50879.0	38160.0	11786.0	15457.0	34.8	25.5	47.4	37.2
2008-01-29	89706.0	10688.0	20024.0	51496.0	38578.0	12241.0	15823.0	34.5	24.5	47.4	35.3
2008-02-05	90375.0	11552.0	18781.0	51617.0	40742.0	11884.0	15530.0	35.2	25.3	48.2	36.0
2008-02-12	88310.0	18417.0	17863.0	50101.0	46853.0	10488.0	14290.0	37.1	29.4	50.2	40.7
2008-02-19	93661.0	21336.0	17784.0	53143.0	53157.0	11749.0	15287.0	36.3	28.9	48.4	39.8
2008-02-26	101872.0	24783.0	19202.0	52749.0	57730.0	12176.0	12776.0	34.2	30.3	45.7	41.0
2008-03-04	101867.0	27387.0	18291.0	49840.0	58982.0	12755.0	12709.0	33.9	32.8	45.7	44.2
2008-03-11	103107.0	29142.0	19142.0	49542.0	58831.0	12550.0	13261.0	33.1	32.8	45.0	45.0
2008-03-18	101953.0	27231.0	19888.0	49184.0	56049.0	12876.0	13354.0	33.6	31.0	45.7	42.8
2008-03-25	97323.0	23073.0	15518.0	49023.0	53999.0	12241.0	14820.0	35.2	28.7	48.3	39.5
2008-04-01	101860.0	25610.0	16029.0	48653.0	55905.0	12846.0	15175.0	33.4	29.3	45.6	41.5
2008-04-08	102525.0	28023.0	19182.0	48968.0	55942.0	12785.0	14652.0	33.2	28.8	45.2	42.3
2008-04-15	105070.0	30643.0	21360.0	49550.0	57463.0	12636.0	14006.0	32.0	29.4	43.6	43.0
2008-04-22	107654.0	30703.0	21690.0	50942.0	58831.0	13533.0	14657.0	31.3	28.9	42.3	42.0
2008-04-29	104206.0	29123.0	22559.0	50041.0	54543.0	12848.0	14910.0	31.9	26.6	43.4	40.4
2008-05-06	99434.0	27833.0	20639.0	48990.0	54398.0	12262.0	14048.0	32.7	26.8	44.9	40.9
2008-05-13	97799.0	24173.0	19985.0	48974.0	51927.0	13456.0	14691.0	32.4	25.7	44.8	39.1
2008-05-20	101017.0	24632.0	19592.0	49121.0	53403.0	14079.0	14837.0	31.3	25.7	43.3	37.8
2008-05-27	98441.0	22205.0	18544.0	49788.0	51504.0	13115.0	15060.0	31.8	24.8	44.2	35.7
2008-06-03	97981.0	20776.0	21663.0	49487.0	46744.0	13414.0	15270.0	31.8	22.0	44.2	31.9
2008-06-10	96229.0	20614.0	20430.0	50084.0	47406.0	12611.0	15473.0	32.2	21.0	44.7	31.2
2008-06-17	102488.0	23149.0	19960.0	52431.0	52838.0	13287.0	16069.0	29.9	20.2	41.5	30.0
2008-06-24	109496.0	25237.0	18619.0	54249.0	59841.0	13504.0	14530.0	28.2	21.6	39.6	31.8
2008-07-01	111367.0	26085.0	18647.0	52762.0	60405.0	14848.0	14643.0	27.9	21.4	39.8	32.6
2008-07-08	110218.0	25343.0	18805.0	54077.0	60938.0	12190.0	11867.0	27.9	21.7	40.1	33.2
2008-07-15	105627.0	21001.0	17982.0	54452.0	56566.0	11720.0	12625.0	28.5	20.5	41.6	31.3
2008-07-22	110899.0	20424.0	19431.0	57290.0	55935.0	11248.0	13596.0	26.1	17.0	39.0	27.2
2008-07-29	108234.0	18062.0	20304.0	57551.0	51529.0	10592.0	14372.0	26.4	16.7	39.5	25.8
2008-08-05	110205.0	15980.0	20299.0	61793.0	53972.0	11997.0	15499.0	25.8	17.6	38.6	25.6
2008-08-12	100371.0	13037.0	18479.0	60458.0	49423.0	10027.0	15620.0	26.9	18.1	39.8	26.3
2008-08-19	94900.0	10449.0	19576.0	61326.0	45775.0	9539.0	15963.0	29.4	16.9	40.8	25.1
2008-08-26	87899.0	8940.0	19992.0	58168.0	40639.0	9037.0	15514.0	31.8	17.3	43.6	25.8
2008-09-02	77739.0	7720.0	19789.0	50753.0	32698.0	9098.0	15084.0	35.5	20.4	48.8	30.6
2008-09-09	76798.0	7093.0	20512.0	50926.0	32373.0	9289.0	14423.0	35.2	20.7	49.3	31.4
2008-09-16	76698.0	8754.0	21151.0	48957.0	30401.0	8661.0	14820.0	31.3	20.3	47.9	31.2
2008-09-23	74489.0	9744.0	19643.0	45239.0	31085.0	9116.0	13371.0	31.5	22.9	49.4	34.5
2008-09-30	78214.0	5816.0	21985.0	52613.0	31464.0	9214.0	14194.0	28.8	21.8	46.2	32.4
2008-10-07	80024.0	5643.0	24442.0	54999.0	31648.0	9454.0	14006.0	27.5	22.0	44.2	32.5
2008-10-14	80670.0	5881.0	24008.0	55655.0	33661.0	9687.0	13554.0	25.8	23.3	42.5	33.2
2008-10-21	83603.0	6259.0	23838.0	55475.0	34091.0	10065.0	13870.0	24.6	23.2	40.1	33.5
2008-10-28	79285.0	6663.0	22546.0	52215.0	33117.0	9079.0	12294.0	25.5	27.9	42.1	39.3
2008-11-04	77976.0	5905.0	22063.0	51260.0	33069.0	9089.0	11122.0	25.2	28.6	41.3	39.8
2008-11-11	77148.0	6327.0	21736.0	52034.0	34406.0	9191.0	11410.0	24.7	26.3	40.8	38.1
2008-11-18	80583.0	8073.0	24317.0	53020.0	34898.0	10846.0	12724.0	23.7	24.8	39.4	38.5
2008-11-25	72372.0	7873.0	23970.0	47543.0	28416.0	10049.0	13079.0	25.6	26.3	44.2	41.7
2008-12-02	70029.0	8653.0	26375.0	45679.0	25474.0	8851.0	11334.0	27.0	28.8	46.2	44.3
2008-12-09	69033.0	8130.0	25347.0	45436.0	25680.0	9051.0	11590.0	27.1	29.3	44.3	43.8
2008-12-16	71777.0	9531.0	27772.0	45198.0	26086.0	10473.0	11344.0	25.2	32.2	41.7	46.7
2008-12-22	74212.0	9682.0	28750.0	46356.0	26419.0	10093.0	10962.0	24.7	32.5	41.0	46.4
2008-12-30	74252.0	10070.0	29515.0	46881.0	25371.0	8876.0	10941.0	24.7	32.6	41.6	45.5
2009-01-06	76356.0	9052.0	28741.0	45555.0	25192.0	11490.0	12164.0	25.2	31.1	40.2	43.3
2009-01-13	81996.0	7191.0	30297.0	55160.0	29143.0	10564.0	13475.0	31.9	29.2	47.2	39.7
2009-01-20	83617.0	7009.0	32318.0	58413.0	31481.0	9389.0	11012.0	34.7	29.2	50.2	39.3
2009-01-27	84113.0	6592.0	32122.0	57878.0	30807.0	10382.0	11923.0	34.8	30.1	50.2	40.9
2009-02-03	87299.0	7352.0	32590.0	58566.0	31267.0	9241.0	11302.0	34.3	29.7	48.8	40.2
2009-02-10	83934.0	8874.0	33519.0	55953.0	30349.0	10350.0	11309.0	34.8	30.6	49.6	42.0
2009-02-17	89405.0	7665.0	35092.0	58493.0	29651.0	11092.0	12507.0	32.4	27.6	46.8	38.5
2009-02-24	84903.0	7461.0	34955.0	58336.0	29251.0	9130.0	10721.0	34.3	28.3	49.7	40.0
2009-03-03	80939.0	7303.0	32200.0	55677.0	28806.0	9969.0	11943.0	35.9	28.7	51.8	40.6
2009-03-10	86966.0	12397.0	32473.0	54061.0	34896.0	11307.0	10396.0	33.8	29.3	48.7	41.4
2009-03-17	92910.0	15727.0	34574.0	55539.0	38683.0	12073.0	10082.0	31.7	28.4	46.9	40.4
2009-03-24	95985.0	16058.0	34473.0	56980.0	41004.0	12664.0	10225.0	31.5	29.9	45.8	42.5
2009-03-31	96572.0	15517.0	34042.0	57826.0	39771.0	11431.0	10961.0	32.8	30.0	47.0	42.7
2009-04-07	102332.0	18576.0	35974.0	59804.0	43189.0	11449.0	10666.0	31.6	34.2	45.1	46.9
2009-04-14	106758.0	17874.0	36735.0	59871.0	43215.0	15182.0	12977.0	30.4	32.4	43.2	44.8
2009-04-21	103736.0	18504.0	37984.0	60099.0	42743.0	15110.0	12986.0	31.8	33.0	44.9	46.1
2009-04-28	106170.0	19980.0	37865.0	60749.0	44465.0	13897.0	12296.0	31.9	35.0	44.8	47.5
2009-05-05	104619.0	18992.0	37530.0	60581.0	43522.0	12554.0	11075.0	33.1	35.9	46.3	48.4
2009-05-12	108470.0	18403.0	37142.0	62694.0	46903.0	15507.0	12559.0	32.8	35.4	46.0	47.4
2009-05-19	105791.0	18384.0	37192.0	61846.0	46967.0	14986.0	11057.0	34.2	36.2	46.9	48.3
2009-05-26	107631.0	19834.0	37546.0	62264.0	46791.0	14290.0	12051.0	34.0	36.5	46.4	48.0
2009-06-02	111357.0	21485.0	40139.0	63721.0	48281.0	14812.0	11598.0	33.8	36.7	46.2	47.5
2009-06-09	109820.0	19790.0	38559.0	63095.0	48533.0	17986.0	13779.0	34.3	37.7	47.5	49.4
2009-06-16	115321.0	21247.0	39711.0	65340.0	50378.0	17782.0	14280.0	32.8	36.7	45.7	48.1
2009-06-23	109536.0	18605.0	40340.0	64689.0	44088.0	13620.0	12486.0	35.4	36.3	48.7	48.2
2009-06-30	104189.0	18029.0	38093.0	63587.0	41969.0	11183.0	12737.0	37.7	34.8	51.7	47.0
2009-07-07	102426.0	17971.0	38932.0	63158.0	42374.0	10893.0	10716.0	38.7	36.9	53.1	48.8
2009-07-14	106268.0	17607.0	37744.0	65002.0	44505.0	12086.0	12446.0	36.6	33.8	50.5	44.6
2009-07-21	115991.0	23014.0	39074.0	66092.0	50853.0	12811.0	11990.0	33.8	33.8	46.5	43.3
2009-07-28	120479.0	25235.0	39810.0	66907.0	53509.0	13366.0	12189.0	32.8	34.2	45.4	43.8
2009-08-04	121925.0	27256.0	37910.0	65824.0	56904.0	13330.0	11596.0	32.8	34.1	45.1	43.6
2009-08-11	117741.0	27433.0	37843.0	63915.0	55107.0	14369.0	12767.0	34.1	34.7	46.4	44.3
2009-08-18	116703.0	27431.0	28688.0	63530.0	63437.0	12117.0	10953.0	33.4	34.2	46.6	44.3
2009-08-25	118454.0	28889.0	30133.0	63016.0	61709.0	11732.0	11795.0	33.2	32.2	46.3	42.2
2009-09-01	119527.0	28277.0	31825.0	63955.0	59880.0	13041.0	13568.0	33.2	31.2	46.5	41.2
2009-09-08	118148.0	27933.0	30181.0	64480.0	62699.0	11727.0	11260.0	34.0	33.0	47.6	41.8
2009-09-15	117983.0	26436.0	28769.0	64171.0	63044.0	14859.0	13653.0	34.2	34.4	48.1	42.8
2009-09-22	117248.0	24442.0	27979.0	65555.0	63972.0	14220.0	12266.0	34.9	34.8	49.0	43.6
2009-09-29	113874.0	22101.0	28382.0	66779.0	60165.0	12472.0	12805.0	35.8	34.0	50.8	42.8
2009-10-06	119080.0	24278.0	29049.0	68847.0	63672.0	12435.0	12839.0	35.6	34.7	50.2	43.2
2009-10-13	121664.0	25357.0	27186.0	67991.0	67502.0	14322.0	12982.0	34.8	35.7	49.0	43.9
2009-10-20	133100.0	32948.0	31263.0	69666.0	73566.0	16086.0	13871.0	32.8	36.0	46.1	43.7
2009-10-27	138431.0	37835.0	28780.0	71119.0	80546.0	15806.0	15434.0	31.9	37.4	45.1	45.2
2009-11-03	140662.0	38502.0	29440.0	70747.0	81608.0	17313.0	15514.0	31.7	37.2	45.8	46.9
2009-11-09	143698.0	38649.0	31087.0	72251.0	83055.0	18497.0	15255.0	31.1	37.8	45.6	48.5
2009-11-17	151451.0	44596.0	35345.0	75650.0	87071.0	16508.0	14338.0	30.4	39.6	45.3	49.7
2009-11-24	152001.0	46078.0	34942.0	73915.0	86954.0	16608.0	14705.0	31.4	40.3	46.5	50.8
2009-12-01	148809.0	46459.0	35239.0	73202.0	84846.0	12933.0	12509.0	32.7	41.7	48.3	52.6
2009-12-08	147950.0	48128.0	35502.0	72301.0	86499.0	13030.0	11458.0	33.4	43.5	49.1	54.6
2009-12-15	147691.0	45671.0	35194.0	73960.0	85853.0	13804.0	12388.0	33.7	42.8	49.6	53.8
2009-12-22	145637.0	43330.0	34755.0	74509.0	84548.0	13108.0	11644.0	34.0	42.6	50.3	53.6
2009-12-29	154559.0	50473.0	35939.0	75394.0	91792.0	13961.0	12097.0	31.9	43.2	47.3	53.6
2010-01-05	158539.0	51738.0	35210.0	76411.0	94843.0	14852.0	12948.0	31.2	42.5	45.9	52.9
2010-01-12	151321.0	51974.0	29433.0	66816.0	93719.0	16936.0	12574.0	28.0	41.6	41.7	51.6
2010-01-19	143012.0	50762.0	23095.0	60389.0	91363.0	15106.0	11799.0	26.6	39.9	40.0	49.2
2010-01-26	140683.0	48727.0	19957.0	58061.0	87467.0	14869.0	14233.0	26.9	39.6	40.0	48.2
2010-02-02	132113.0	40438.0	22166.0	59788.0	78511.0	13231.0	12780.0	28.6	37.3	42.7	45.9
2010-02-09	124076.0	35897.0	22247.0	61623.0	73751.0	12874.0	14396.0	29.9	35.6	45.0	44.4
2010-02-16	126363.0	37722.0	23642.0	59887.0	70916.0	13144.0	16195.0	29.4	34.4	44.3	42.9
2010-02-23	126394.0	38991.0	23027.0	58116.0	72507.0	13864.0	15437.0	29.6	36.3	43.9	45.1
2010-03-02	125878.0	38872.0	23005.0	60663.0	73576.0	11972.0	14926.0	29.9	35.8	44.9	44.6
2010-03-09	127613.0	41913.0	23635.0	60020.0	76984.0	10595.0	11909.0	29.4	37.8	44.3	46.6
2010-03-16	130126.0	42288.0	23284.0	59740.0	76903.0	12371.0	14212.0	28.7	37.4	43.2	46.1
2010-03-23	132494.0	42636.0	24585.0	60683.0	76396.0	11805.0	14143.0	28.2	35.4	42.5	44.1
2010-03-30	141517.0	47203.0	25546.0	63203.0	84127.0	12751.0	13484.0	26.6	35.4	40.2	43.7
2010-04-06	151388.0	50530.0	27584.0	65746.0	90314.0	14503.0	12881.0	25.2	34.6	38.2	43.3
2010-04-13	150306.0	53458.0	29990.0	64259.0	88040.0	12097.0	11784.0	25.4	33.9	38.3	43.1
2010-04-20	153954.0	50461.0	29547.0	66810.0	88011.0	14418.0	14131.0	24.8	32.5	37.4	41.3
2010-04-27	151824.0	47952.0	28142.0	65474.0	85645.0	14137.0	13776.0	24.8	33.4	37.6	41.9
2010-05-04	142318.0	42642.0	29152.0	62278.0	75616.0	14184.0	14336.0	27.1	33.4	40.6	43.0
2010-05-11	130991.0	36092.0	25494.0	62451.0	70969.0	12443.0	14523.0	29.3	33.2	43.9	42.1
2010-05-18	128554.0	35258.0	28033.0	62602.0	66681.0	11036.0	14182.0	29.7	31.4	44.7	39.9
2010-05-25	128730.0	32592.0	28609.0	65569.0	66089.0	11562.0	15025.0	29.7	30.4	44.6	38.5
2010-06-01	127018.0	32767.0	27456.0	66056.0	68590.0	10263.0	13040.0	29.7	31.8	45.4	40.1
2010-06-08	131799.0	34347.0	33065.0	64794.0	65497.0	14138.0	14717.0	27.9	30.7	42.8	39.0
2010-06-15	137265.0	33306.0	31870.0	72502.0	71463.0	11413.0	13888.0	26.1	28.2	40.6	36.0
2010-06-22	139932.0	33374.0	31901.0	71285.0	70137.0	13513.0	16134.0	25.4	30.2	39.7	36.9
2010-06-29	130392.0	31968.0	29106.0	68668.0	68514.0	10352.0	13368.0	26.9	32.8	42.0	39.6
2010-07-06	127883.0	31620.0	29435.0	67615.0	65822.0	9879.0	13857.0	27.0	28.2	42.2	36.8
2010-07-13	129938.0	31820.0	27462.0	68137.0	68641.0	10735.0	14589.0	27.1	29.1	42.2	37.6
2010-07-20	132711.0	32592.0	28677.0	68037.0	67295.0	11455.0	16112.0	26.5	28.0	41.3	37.0
2010-07-27	136009.0	35846.0	24596.0	69696.0	74878.0	10880.0	16948.0	25.9	29.7	40.7	38.5
2010-08-03	141838.0	37984.0	25024.0	68866.0	77771.0	12769.0	16824.0	25.4	30.9	40.0	39.8
2010-08-10	139666.0	40232.0	23586.0	67695.0	81972.0	13465.0	15834.0	26.1	35.1	40.5	44.4
2010-08-17	140934.0	41110.0	26631.0	67102.0	79168.0	13114.0	15527.0	25.0	31.5	38.7	40.6
2010-08-24	139877.0	36304.0	26890.0	72217.0	76927.0	12375.0	17079.0	24.5	29.1	38.1	36.4
2010-08-31	134206.0	39392.0	26162.0	64771.0	75360.0	12531.0	15172.0	24.9	33.3	38.8	40.8
2010-09-07	137079.0	41758.0	26975.0	64529.0	77620.0	13109.0	14801.0	24.7	33.7	38.5	39.1
2010-09-14	141028.0	42144.0	25735.0	67025.0	84461.0	15165.0	14138.0	24.3	35.9	38.4	42.1
2010-09-21	142955.0	43877.0	26796.0	67356.0	86103.0	15338.0	13672.0	25.5	35.2	39.2	41.8
2010-09-28	147744.0	48383.0	26221.0	68712.0	92459.0	15239.0	13654.0	25.3	36.4	38.7	43.0
2010-10-05	153457.0	51583.0	27184.0	67855.0	94481.0	16523.0	14296.0	24.9	35.5	38.1	42.5
2010-10-12	158917.0	52794.0	28726.0	70002.0	97325.0	17562.0	14307.0	24.4	33.8	37.4	40.7
2010-10-19	162855.0	54303.0	28153.0	71698.0	101035.0	16956.0	13769.0	24.4	33.8	37.2	41.0
2010-10-26	167063.0	55260.0	28797.0	72172.0	101358.0	16924.0	14201.0	23.5	32.8	36.1	40.3
2010-11-02	163209.0	52585.0	27377.0	71961.0	100526.0	16462.0	13105.0	24.1	33.9	36.8	41.2
2010-11-09	164045.0	55566.0	25477.0	72427.0	107310.0	18347.0	13553.0	25.6	36.6	38.4	44.6
2010-11-16	152332.0	49986.0	24026.0	69716.0	98920.0	17245.0	14001.0	27.1	35.4	40.9	44.2
2010-11-23	146054.0	46097.0	23307.0	67879.0	93305.0	15981.0	13345.0	27.7	35.4	42.1	44.5
2010-11-30	148249.0	47784.0	26677.0	68699.0	92608.0	15346.0	12544.0	27.4	35.7	41.3	44.2
2010-12-07	157675.0	53567.0	27135.0	69090.0	101401.0	18797.0	12918.0	26.9	37.6	40.2	45.9
2010-12-14	163546.0	58287.0	28019.0	69972.0	104818.0	18392.0	13814.0	26.6	37.7	39.5	45.4
2010-12-21	166422.0	59804.0	27641.0	71398.0	107102.0	18034.0	14493.0	26.4	36.5	38.9	44.6
2010-12-28	167334.0	61837.0	30035.0	71176.0	106323.0	17481.0	14136.0	26.4	34.2	39.0	43.8
2011-01-04	166289.0	61858.0	30245.0	69780.0	104737.0	16935.0	13591.0	26.8	34.9	38.9	44.0
2011-01-11	165488.0	61530.0	31423.0	67938.0	104139.0	18403.0	12309.0	26.5	35.9	38.3	45.1
2011-01-18	165873.0	62505.0	32316.0	67307.0	101612.0	17618.0	13502.0	26.0	34.1	37.5	43.5
2011-01-25	155810.0	53961.0	30049.0	67159.0	94705.0	18098.0	14464.0	27.1	33.3	39.2	43.1
2011-02-01	160259.0	57306.0	32595.0	67515.0	95663.0	18214.0	14777.0	26.8	32.9	38.7	42.5
2011-02-08	162263.0	63087.0	33627.0	67951.0	101181.0	18109.0	14339.0	26.1	34.8	37.5	44.4
2011-02-15	159468.0	59706.0	30667.0	69016.0	102689.0	18329.0	13695.0	26.2	34.0	37.7	44.2
2011-02-22	151893.0	53809.0	30579.0	70177.0	98711.0	16579.0	11275.0	27.2	35.2	39.3	45.6
2011-03-01	147581.0	50320.0	23701.0	70162.0	98113.0	16077.0	14745.0	28.1	36.9	40.5	47.4
2011-03-08	141773.0	49103.0	24793.0	67688.0	93617.0	16028.0	14409.0	29.1	37.2	41.8	48.2
2011-03-15	134739.0	46193.0	22831.0	66453.0	88953.0	14601.0	15463.0	30.1	38.1	43.5	49.0
2011-03-22	133713.0	44489.0	22667.0	65641.0	88918.0	13757.0	12302.0	29.8	37.7	43.4	49.1
2011-03-29	135882.0	47672.0	20628.0	63696.0	92690.0	15018.0	13068.0	29.6	38.9	42.8	51.1
2011-04-05	134293.0	46268.0	23884.0	61166.0	89006.0	17268.0	11812.0	29.2	38.9	42.3	50.7
2011-04-12	142085.0	52973.0	21983.0	62368.0	98055.0	16163.0	11466.0	26.7	39.4	39.5	52.0
2011-04-19	132383.0	43667.0	18608.0	63739.0	90632.0	15809.0	13975.0	25.5	36.8	38.2	50.2
2011-04-26	130849.0	42076.0	18398.0	62977.0	89403.0	15578.0	12830.0	25.1	36.3	38.0	50.4
2011-05-03	125898.0	40403.0	19399.0	62248.0	82043.0	13674.0	14883.0	25.7	35.9	39.2	49.6
2011-05-10	120303.0	34445.0	22626.0	62279.0	70730.0	13104.0	16472.0	25.9	33.0	40.4	45.2
2011-05-17	119749.0	29693.0	21948.0	62821.0	65989.0	12680.0	17257.0	24.7	30.3	37.0	41.8
2011-05-24	120829.0	28382.0	22354.0	65806.0	68353.0	12556.0	16037.0	24.4	30.8	36.2	42.5
2011-05-31	123919.0	29163.0	19183.0	66738.0	74271.0	13167.0	15614.0	24.0	32.2	35.7	42.9
2011-06-07	122995.0	30044.0	20316.0	65602.0	74150.0	14054.0	15234.0	24.3	33.0	36.1	44.2
2011-06-14	132616.0	31122.0	20388.0	71608.0	80534.0	15171.0	16979.0	22.9	32.0	34.3	42.2
2011-06-21	133849.0	30500.0	20735.0	73946.0	80593.0	13861.0	16979.0	22.4	29.8	33.3	39.6
2011-06-28	124236.0	29596.0	19591.0	67785.0	73573.0	12341.0	16558.0	24.0	32.2	36.2	41.4
2011-07-05	138627.0	40534.0	21571.0	67922.0	86511.0	15867.0	16241.0	21.9	34.1	32.7	43.0
2011-07-12	146864.0	48272.0	24486.0	65478.0	91042.0	18306.0	16528.0	20.8	33.8	31.6	42.6
2011-07-19	152876.0	49556.0	25807.0	64948.0	92763.0	19811.0	15745.0	20.0	33.0	30.6	41.7
2011-07-26	156140.0	51606.0	27015.0	65835.0	93137.0	19381.0	16670.0	19.8	31.9	30.5	40.8
2011-08-02	156089.0	51036.0	26773.0	67296.0	93515.0	18038.0	16082.0	19.9	31.6	30.8	40.8
2011-08-09	128475.0	34375.0	23514.0	66705.0	76240.0	15363.0	16689.0	23.0	29.6	35.2	39.9
2011-08-16	125673.0	27568.0	21674.0	71675.0	72565.0	13061.0	18065.0	23.1	25.1	34.9	34.7
2011-08-23	126380.0	28138.0	24288.0	72457.0	71157.0	12669.0	17819.0	22.6	24.6	34.2	33.3
2011-08-30	115815.0	28750.0	26048.0	63839.0	62367.0	12581.0	16755.0	24.8	26.7	37.9	35.9
2011-09-06	115872.0	30682.0	27185.0	62986.0	60973.0	11098.0	16608.0	24.4	26.1	38.0	35.0
2011-09-13	118383.0	30700.0	28872.0	64993.0	60937.0	12528.0	18412.0	23.6	24.4	38.0	33.4
2011-09-20	125531.0	31651.0	34950.0	69336.0	59659.0	14510.0	20888.0	21.9	20.9	35.4	29.7
2011-09-27	119891.0	29860.0	31322.0	68325.0	59770.0	13049.0	20142.0	22.6	24.1	36.5	32.8
2011-10-04	121499.0	28040.0	31458.0	69927.0	60604.0	13843.0	19748.0	21.3	22.7	35.3	32.1
2011-10-11	122868.0	27971.0	35030.0	72909.0	58490.0	12052.0	19412.0	21.0	18.8	35.3	28.2
2011-10-18	129014.0	28110.0	33449.0	75441.0	61894.0	12765.0	20973.0	20.6	18.5	34.7	26.9
2011-10-25	129893.0	28375.0	31313.0	73267.0	62365.0	12366.0	20330.0	20.5	20.2	34.6	28.7
2011-11-01	126363.0	28641.0	26854.0	71273.0	64692.0	11062.0	19430.0	21.5	23.5	35.6	31.9
2011-11-08	123572.0	26697.0	26385.0	70552.0	66389.0	13637.0	18112.0	22.3	25.7	36.9	35.0
2011-11-15	129991.0	26992.0	28106.0	77633.0	72092.0	13125.0	17552.0	21.2	24.4	35.5	32.5
2011-11-22	124189.0	26072.0	30294.0	72381.0	62742.0	12390.0	17807.0	23.5	25.2	38.7	33.9
2011-11-29	112374.0	26425.0	29733.0	64354.0	54748.0	9695.0	15993.0	26.0	28.5	42.9	38.6
2011-12-06	113252.0	26715.0	29347.0	65290.0	57566.0	10525.0	15617.0	27.2	29.5	43.4	39.1
2011-12-13	115993.0	27040.0	30396.0	67361.0	59408.0	10840.0	15437.0	26.3	27.8	41.9	36.8
2011-12-20	116050.0	28339.0	33294.0	67210.0	55838.0	9893.0	16310.0	26.2	26.6	42.0	36.9
2011-12-27	117153.0	28669.0	32261.0	67188.0	56805.0	10202.0	16993.0	25.9	26.8	41.6	36.9
2012-01-03	120794.0	29629.0	31177.0	68300.0	60466.0	10947.0	17233.0	25.1	26.4	40.2	36.0
2012-01-10	126638.0	31413.0	33123.0	68689.0	61854.0	12069.0	17194.0	25.2	25.8	39.9	35.2
2012-01-17	132457.0	34047.0	31736.0	67784.0	65652.0	13054.0	17497.0	25.2	27.0	39.7	35.1
2012-01-24	142751.0	36031.0	31508.0	70960.0	70786.0	13326.0	18023.0	23.7	25.6	37.3	33.6
2012-01-31	151787.0	37665.0	33482.0	77199.0	78424.0	13830.0	16788.0	22.4	25.1	35.8	33.1
2012-02-07	160030.0	40578.0	33536.0	82954.0	87532.0	14265.0	16729.0	21.2	25.4	34.1	32.7
2012-02-14	164491.0	42281.0	32572.0	85459.0	94173.0	13884.0	14879.0	20.5	25.3	32.6	32.6
2012-02-21	162525.0	43171.0	33634.0	84117.0	91136.0	14258.0	16776.0	20.8	24.9	32.8	32.1
2012-02-28	153312.0	43900.0	33389.0	77325.0	86060.0	13726.0	15502.0	22.4	27.1	34.5	35.6
2012-03-06	152741.0	44783.0	33198.0	76505.0	83720.0	12218.0	16588.0	22.8	25.9	35.2	34.6
2012-03-13	150968.0	43424.0	34352.0	75104.0	82186.0	14252.0	16242.0	23.2	25.8	36.1	34.6
2012-03-20	154394.0	48835.0	36560.0	72827.0	81578.0	13471.0	16995.0	22.5	25.8	35.2	34.7
2012-03-27	152037.0	44370.0	36296.0	71533.0	77823.0	14983.0	16767.0	22.9	25.9	35.5	33.6
2012-04-03	156569.0	48178.0	38649.0	71108.0	78085.0	15587.0	18139.0	22.3	24.8	34.8	32.6
2012-04-10	148468.0	41312.0	40893.0	68891.0	66807.0	18280.0	20783.0	23.1	23.0	37.1	30.4
2012-04-17	159119.0	41012.0	39755.0	84347.0	75969.0	13161.0	22796.0	21.4	20.0	35.4	26.9
2012-04-24	159256.0	38687.0	36365.0	86726.0	76668.0	11983.0	24363.0	21.4	19.8	35.5	26.7
2012-05-01	144241.0	41404.0	37514.0	77181.0	70533.0	11205.0	21743.0	23.5	23.3	39.2	31.0
2012-05-08	144583.0	42919.0	39388.0	78539.0	71298.0	9734.0	20506.0	22.9	22.5	38.3	29.7
2012-05-15	147934.0	41857.0	45715.0	81899.0	67274.0	11051.0	21818.0	22.6	19.3	37.9	27.3
2012-05-22	150189.0	40184.0	50282.0	82296.0	60264.0	10787.0	22721.0	21.9	14.3	37.5	23.9
2012-05-29	148694.0	40639.0	52277.0	80418.0	56171.0	10016.0	22625.0	22.0	15.1	37.8	25.4
2012-06-05	156252.0	40259.0	56896.0	84559.0	56870.0	11531.0	22583.0	20.4	13.3	35.3	22.1
2012-06-12	152084.0	38793.0	53745.0	83488.0	59025.0	11422.0	20933.0	20.8	16.6	36.4	25.2
2012-06-19	144845.0	37756.0	52038.0	80224.0	56311.0	10874.0	20505.0	22.2	18.1	37.5	26.8
2012-06-26	146442.0	38453.0	55297.0	81024.0	53966.0	11965.0	22179.0	21.9	15.0	36.5	23.9
2012-07-03	135682.0	37821.0	51039.0	74476.0	53138.0	11292.0	19412.0	24.1	19.3	40.8	27.3
2012-07-10	134099.0	39390.0	49755.0	72217.0	52834.0	10654.0	19672.0	24.2	19.7	40.8	27.9
2012-07-17	138098.0	39798.0	48085.0	72660.0	55967.0	10963.0	19369.0	23.6	20.0	39.6	28.0
2012-07-24	142395.0	40765.0	53834.0	76444.0	53098.0	10338.0	20615.0	22.9	18.7	37.8	26.9
2012-07-31	142774.0	38672.0	53392.0	80722.0	56652.0	10333.0	19683.0	22.6	18.5	37.4	26.9
2012-08-07	145059.0	39673.0	56933.0	78943.0	52500.0	10623.0	19806.0	21.9	18.0	36.4	26.7
2012-08-14	156244.0	38883.0	56654.0	85218.0	59664.0	12224.0	20007.0	20.0	15.1	33.2	22.8
2012-08-21	149461.0	40773.0	53652.0	79314.0	59972.0	12466.0	18929.0	20.8	17.6	34.2	25.7
2012-08-28	145214.0	41645.0	49741.0	76967.0	62936.0	11547.0	17482.0	21.6	20.1	34.7	28.6
2012-09-04	136512.0	38833.0	48892.0	73029.0	55555.0	10352.0	17767.0	22.7	20.2	37.9	28.7
2012-09-11	147630.0	49549.0	47020.0	70720.0	68009.0	13834.0	19074.0	21.2	22.5	34.0	31.6
2012-09-18	149098.0	51005.0	48001.0	69228.0	69515.0	14796.0	17513.0	21.1	22.8	33.6	31.5
2012-09-25	152263.0	54605.0	49473.0	68398.0	70804.0	15114.0	17840.0	20.5	21.1	32.7	30.7
2012-10-02	152264.0	54815.0	45801.0	67291.0	74289.0	15672.0	17688.0	21.0	23.5	32.7	33.6
2012-10-09	152004.0	54605.0	42786.0	65511.0	75988.0	16075.0	17417.0	21.0	25.2	32.4	35.7
2012-10-16	150296.0	52776.0	41281.0	66047.0	74396.0	15234.0	18380.0	21.2	24.9	33.1	35.0
2012-10-23	153564.0	48794.0	41891.0	70114.0	76016.0	16310.0	17311.0	20.8	23.5	32.6	33.5
2012-10-30	156569.0	45589.0	47883.0	73573.0	71924.0	16833.0	16188.0	20.6	21.6	33.0	31.8
2012-11-06	155396.0	42032.0	44229.0	74633.0	70909.0	15599.0	17126.0	20.5	21.6	32.7	31.7
2012-11-13	151884.0	41593.0	46017.0	71783.0	65074.0	16267.0	18552.0	20.9	21.4	33.8	31.3
2012-11-20	147748.0	39621.0	43052.0	75050.0	67260.0	14805.0	19164.0	21.6	21.7	35.3	31.3
2012-11-27	145313.0	38126.0	41105.0	73463.0	66381.0	13836.0	17939.0	22.1	22.8	35.8	32.2
2012-12-04	143993.0	44306.0	35254.0	71244.0	73478.0	12536.0	19354.0	23.0	25.6	37.0	34.7
2012-12-11	151310.0	48593.0	35962.0	71641.0	81729.0	14425.0	16968.0	22.1	26.1	34.6	36.1
2012-12-18	153815.0	51535.0	36481.0	70922.0	84667.0	15244.0	16553.0	21.6	27.7	33.2	37.8
2012-12-24	148449.0	45600.0	37889.0	71060.0	79791.0	15064.0	14044.0	22.2	26.9	34.2	36.6
2012-12-31	146548.0	45486.0	36155.0	71160.0	81298.0	14484.0	13677.0	22.7	28.1	34.9	38.3
2013-01-08	156245.0	47014.0	34638.0	73141.0	89080.0	18537.0	14974.0	21.4	27.6	32.9	37.6
2013-01-15	155689.0	48130.0	36148.0	73334.0	89553.0	17939.0	13702.0	21.8	28.3	33.7	38.1
2013-01-22	161899.0	48234.0	38699.0	75176.0	90923.0	19676.0	13464.0	21.2	26.8	32.6	36.4
2013-01-29	168493.0	50672.0	41305.0	75776.0	92214.0	21045.0	13974.0	19.6	27.1	30.8	36.9
2013-02-05	183941.0	61901.0	45697.0	81590.0	105513.0	21072.0	13353.0	18.3	25.9	28.8	36.0
2013-02-12	174441.0	60104.0	44242.0	74836.0	96583.0	20607.0	14722.0	19.3	25.8	30.1	36.7
2013-02-19	178372.0	58575.0	49258.0	77953.0	94735.0	22085.0	14620.0	17.9	25.1	28.3	36.2
2013-02-26	161180.0	46791.0	47519.0	77621.0	79586.0	19741.0	17048.0	19.7	25.0	31.2	34.3
2013-03-05	159485.0	49328.0	54915.0	78416.0	70708.0	15812.0	17933.0	19.4	22.1	31.4	31.6
2013-03-12	158500.0	48151.0	54295.0	79207.0	70107.0	16263.0	19219.0	19.6	22.5	31.9	32.7
2013-03-19	168616.0	48036.0	64206.0	84936.0	68845.0	20246.0	20167.0	17.9	19.5	30.1	28.7
2013-03-26	172979.0	49956.0	70143.0	88515.0	66751.0	17686.0	19263.0	17.4	19.7	29.5	30.0
2013-04-02	179944.0	48872.0	75877.0	91372.0	64250.0	20033.0	20150.0	17.0	16.5	28.9	27.6
2013-04-09	182719.0	47713.0	75552.0	91588.0	62370.0	19401.0	20780.0	16.9	15.9	28.6	26.4
2013-04-16	187450.0	44854.0	68981.0	104687.0	74314.0	15743.0	21989.0	16.8	15.1	28.5	24.6
2013-04-23	172312.0	43366.0	64755.0	98096.0	68995.0	15428.0	23140.0	18.0	17.2	30.7	27.0
2013-04-30	166042.0	43244.0	67243.0	93694.0	62994.0	14626.0	21327.0	18.6	17.5	30.9	27.5
2013-05-07	158787.0	42612.0	61802.0	88923.0	60526.0	13622.0	22829.0	19.9	19.5	32.9	28.6
2013-05-14	159750.0	39970.0	57425.0	89594.0	63429.0	14472.0	23182.0	19.7	19.0	32.5	27.6
2013-05-21	162304.0	39525.0	53067.0	90768.0	68557.0	15960.0	24629.0	19.3	18.8	31.9	27.7
2013-05-28	165931.0	38759.0	52325.0	91797.0	71095.0	17082.0	24218.0	19.0	18.8	31.2	27.1
2013-06-04	168538.0	41488.0	51433.0	92573.0	73671.0	15549.0	24506.0	18.9	19.2	31.0	27.5
2013-06-11	181231.0	40874.0	58921.0	100850.0	75060.0	18183.0	25926.0	18.6	16.8	30.0	24.3
2013-06-18	194877.0	47838.0	74277.0	108010.0	75483.0	18608.0	24696.0	16.9	15.3	27.0	24.3
2013-06-25	178746.0	46899.0	78588.0	101167.0	61366.0	14775.0	22887.0	18.1	15.7	29.4	25.8
2013-07-02	170977.0	44898.0	73439.0	95951.0	59369.0	13773.0	21814.0	18.7	16.1	30.2	25.5
2013-07-09	169108.0	44259.0	72307.0	95384.0	59746.0	14378.0	21968.0	19.2	15.6	31.0	24.8
2013-07-16	163870.0	39403.0	61783.0	93211.0	64431.0	15456.0	21856.0	19.7	17.4	31.0	25.5
2013-07-23	161805.0	38642.0	61746.0	93980.0	64503.0	15791.0	22164.0	20.2	16.8	31.5	25.1
2013-07-30	166158.0	39333.0	70427.0	94144.0	56749.0	19270.0	25571.0	19.7	13.7	30.6	21.8
2013-08-06	163880.0	37858.0	59435.0	93975.0	63948.0	16430.0	24880.0	19.9	14.5	31.0	23.2
2013-08-13	161593.0	38753.0	45587.0	92326.0	78847.0	15486.0	22131.0	20.2	21.1	31.1	30.2
2013-08-20	160062.0	44415.0	44535.0	88774.0	81533.0	14422.0	21543.0	20.3	23.6	31.8	33.2
2013-08-27	156847.0	42772.0	43565.0	87986.0	83036.0	15591.0	19748.0	20.6	24.0	32.6	33.6
2013-09-03	149072.0	40851.0	45303.0	84809.0	75371.0	13745.0	18731.0	21.2	23.6	33.8	33.5
2013-09-10	149202.0	37874.0	46447.0	85973.0	72286.0	15872.0	20986.0	21.2	22.2	33.8	31.3
2013-09-17	149173.0	35639.0	50892.0	86583.0	65915.0	15695.0	21110.0	21.2	20.2	34.3	29.7
2013-09-24	147511.0	36648.0	43898.0	82411.0	71113.0	16587.0	20635.0	21.7	20.7	34.7	31.0
2013-10-01	148001.0	39032.0	40366.0	80265.0	72900.0	14912.0	20943.0	21.4	21.7	34.4	31.7
2013-10-08	147936.0	37880.0	41764.0	80644.0	71930.0	15153.0	19983.0	21.3	20.6	34.8	30.7
2013-10-15	149819.0	37672.0	45400.0	83006.0	69117.0	14281.0	20442.0	19.8	17.5	33.3	26.6
2013-10-22	154924.0	44669.0	41054.0	81295.0	80208.0	16188.0	20890.0	17.8	18.3	30.0	27.8
2013-10-29	154498.0	38310.0	48325.0	88002.0	72879.0	15131.0	20239.0	18.3	12.9	31.0	21.7
2013-11-05	148624.0	36754.0	46538.0	85907.0	71552.0	16909.0	21480.0	20.9	14.3	33.8	23.9
2013-11-12	163264.0	39966.0	58934.0	88967.0	66255.0	18595.0	22339.0	18.7	11.0	30.1	19.7
2013-11-19	173106.0	40413.0	74311.0	98110.0	59242.0	19855.0	24825.0	17.6	13.7	28.6	21.9
2013-11-26	158780.0	41232.0	71260.0	89001.0	53484.0	17231.0	22720.0	18.5	15.3	30.5	24.0
2013-12-03	160042.0	43029.0	70380.0	86479.0	55257.0	19520.0	23391.0	17.9	16.5	29.6	25.7
2013-12-10	159552.0	44375.0	57508.0	84272.0	66965.0	20304.0	24478.0	15.7	13.8	26.5	22.1
2013-12-17	159879.0	55009.0	52630.0	76939.0	73995.0	20382.0	25705.0	15.4	13.3	26.1	21.1
2013-12-24	164932.0	60943.0	56208.0	74020.0	75004.0	20505.0	24256.0	14.8	14.0	25.2	22.1
2014-01-07	169588.0	67546.0	55118.0	69472.0	81237.0	21647.0	22310.0	14.5	16.3	24.7	25.2
2014-01-14	163296.0	59343.0	52306.0	73137.0	77296.0	16298.0	19176.0	15.7	16.3	26.3	24.8
2014-01-21	160115.0	61131.0	51418.0	69394.0	74338.0	15345.0	20114.0	16.0	16.8	26.7	25.2
2014-01-28	152829.0	51840.0	51836.0	70361.0	66484.0	15005.0	18886.0	15.8	15.1	27.2	22.9
2014-02-04	151800.0	45717.0	59136.0	76294.0	57375.0	13346.0	18846.0	16.8	14.8	28.4	22.9
2014-02-11	164996.0	46907.0	64957.0	82698.0	57748.0	13141.0	20041.0	16.0	14.8	26.4	22.5
2014-02-18	162959.0	45352.0	59186.0	77991.0	58421.0	12760.0	18496.0	16.6	14.4	27.1	22.1
2014-02-25	146265.0	45032.0	53111.0	69425.0	53405.0	12633.0	20574.0	18.9	14.7	30.3	22.4
2014-03-04	145295.0	45709.0	58950.0	70567.0	51317.0	12625.0	18634.0	18.8	15.1	30.9	23.1
2014-03-11	155791.0	47674.0	69234.0	77436.0	47326.0	15511.0	24061.0	18.0	11.3	29.9	18.9
2014-03-18	159542.0	49027.0	77353.0	79853.0	44523.0	15564.0	22568.0	17.9	13.4	29.9	20.4
2014-03-25	154057.0	45358.0	78333.0	79055.0	42621.0	15726.0	19185.0	18.5	14.1	30.9	21.9
2014-04-01	153098.0	45433.0	71228.0	76981.0	44511.0	14148.0	20823.0	18.5	14.6	30.8	22.0
2014-04-08	153322.0	45495.0	63996.0	76360.0	51429.0	14540.0	20970.0	16.3	14.4	28.3	22.2
2014-04-15	164022.0	43429.0	64895.0	85856.0	58519.0	15713.0	21584.0	15.7	11.6	26.9	18.8
2014-04-22	152890.0	40925.0	60842.0	80932.0	54842.0	14893.0	21066.0	16.7	12.0	28.5	19.7
2014-04-29	138987.0	42322.0	56203.0	72133.0	51832.0	12721.0	19141.0	21.4	14.9	34.3	23.8
2014-05-06	142069.0	40898.0	58351.0	74484.0	51816.0	12792.0	18007.0	21.0	15.3	33.7	23.5
2014-05-13	151610.0	48908.0	58971.0	72247.0	57482.0	13360.0	18062.0	19.6	15.6	31.6	23.3
2014-05-20	150346.0	50971.0	56564.0	71468.0	60812.0	13324.0	18387.0	19.3	18.8	31.4	26.5
2014-05-27	153499.0	52012.0	56390.0	73429.0	61135.0	13552.0	21468.0	18.9	18.4	30.9	26.0
2014-06-03	151783.0	47335.0	57075.0	75596.0	60861.0	13169.0	18164.0	19.4	18.6	31.6	26.3
2014-06-10	147453.0	40089.0	55418.0	77138.0	57193.0	15782.0	20398.0	20.0	18.5	32.5	26.8
2014-06-17	151523.0	38162.0	56201.0	80925.0	57657.0	14219.0	19448.0	19.3	14.4	31.7	22.2
2014-06-24	142413.0	41981.0	49814.0	74432.0	61850.0	14385.0	19134.0	21.3	19.9	34.4	27.4
2014-07-01	146243.0	52365.0	54129.0	71634.0	66841.0	13780.0	16809.0	20.8	24.8	33.9	33.4
2014-07-08	161048.0	65579.0	58447.0	71522.0	75439.0	13709.0	16924.0	19.1	25.0	31.1	33.5
2014-07-15	179412.0	76533.0	61906.0	73432.0	85022.0	14242.0	17279.0	18.6	25.0	30.2	33.0
2014-07-22	180479.0	70091.0	61289.0	75052.0	81909.0	14696.0	16641.0	17.6	23.8	28.8	31.8
2014-07-29	175017.0	63838.0	59519.0	74519.0	77068.0	14647.0	16417.0	17.8	21.6	28.7	30.7
2014-08-05	171323.0	62107.0	54601.0	75480.0	80401.0	14576.0	17161.0	18.8	22.5	30.0	31.7
2014-08-12	153657.0	47168.0	48601.0	76654.0	73411.0	16405.0	18215.0	21.1	21.2	34.1	29.4
2014-08-19	152025.0	44060.0	50174.0	78516.0	69643.0	14046.0	16805.0	21.3	19.9	33.8	28.1
2014-08-26	146526.0	46253.0	46126.0	74400.0	71722.0	12658.0	15463.0	22.0	22.3	35.4	31.7
2014-09-02	136370.0	43075.0	46865.0	72330.0	63393.0	11338.0	16485.0	23.6	21.0	37.9	29.6
2014-09-09	144047.0	48401.0	57920.0	75177.0	60572.0	12642.0	17728.0	22.0	19.1	35.7	28.4
2014-09-16	143370.0	48575.0	62031.0	75914.0	56323.0	11021.0	17156.0	22.2	20.4	35.7	30.1
2014-09-23	152016.0	51273.0	70968.0	80785.0	53954.0	12141.0	19277.0	21.3	17.8	34.3	28.2
2014-09-30	160389.0	52035.0	75466.0	85536.0	52955.0	11865.0	21015.0	20.1	17.5	32.2	25.8
2014-10-07	167622.0	54483.0	79479.0	88398.0	54408.0	11519.0	20513.0	19.2	15.8	31.2	23.7
2014-10-14	167530.0	54973.0	78838.0	86037.0	52582.0	14047.0	23637.0	18.5	15.2	30.6	24.4
2014-10-21	175541.0	54569.0	82309.0	92601.0	55057.0	14704.0	24508.0	17.5	15.6	29.0	26.1
2014-10-28	169924.0	54392.0	75749.0	90853.0	59728.0	10314.0	20082.0	17.5	15.2	28.9	25.2
2014-11-04	164942.0	47492.0	73355.0	94794.0	58919.0	11192.0	21204.0	18.2	15.5	29.7	25.8
2014-11-11	170361.0	48196.0	73757.0	95350.0	57969.0	10918.0	22738.0	17.4	15.5	28.9	25.8
2014-11-18	176417.0	52968.0	77573.0	89399.0	53946.0	11950.0	22798.0	17.0	15.1	28.6	25.2
2014-11-25	160924.0	55391.0	83669.0	81388.0	44220.0	13719.0	22609.0	18.4	16.6	31.0	28.9
2014-12-02	159261.0	50746.0	84928.0	87855.0	41272.0	11907.0	24308.0	19.0	16.5	31.3	28.6
2014-12-09	152267.0	47171.0	80129.0	84548.0	40338.0	11681.0	22933.0	19.8	17.0	32.3	28.6
2014-12-16	152045.0	47122.0	76837.0	84046.0	41356.0	11311.0	24286.0	19.5	17.5	31.8	28.9
2014-12-23	152816.0	43503.0	75702.0	87515.0	43435.0	10631.0	22512.0	19.5	16.8	31.9	28.3
2014-12-30	159107.0	44538.0	79591.0	92094.0	45609.0	11348.0	22780.0	18.3	15.9	30.9	26.7
2015-01-06	170037.0	45928.0	87193.0	99196.0	45205.0	11278.0	24004.0	17.0	14.2	29.1	23.7
2015-01-13	179459.0	53398.0	89221.0	94170.0	46356.0	12129.0	24120.0	16.2	13.8	27.3	23.9
2015-01-20	172846.0	46328.0	83113.0	94261.0	44335.0	12259.0	25400.0	17.1	14.4	28.8	24.5
2015-01-27	179152.0	46610.0	87272.0	96833.0	44280.0	11843.0	23734.0	17.0	11.8	28.2	21.2
2015-02-03	180944.0	46923.0	87221.0	98677.0	45864.0	10605.0	23120.0	17.3	12.5	29.0	21.9
2015-02-10	185606.0	45443.0	87427.0	97124.0	46414.0	12284.0	21010.0	17.3	14.5	28.5	23.5
2015-02-17	185675.0	44526.0	82691.0	97012.0	48031.0	13110.0	23926.0	17.2	12.8	28.7	21.0
2015-02-24	171520.0	50336.0	80639.0	91161.0	50893.0	12370.0	22335.0	19.3	14.8	32.1	23.2
2015-03-03	163020.0	51043.0	73854.0	87470.0	55536.0	11495.0	20618.0	20.8	16.9	35.6	25.7
2015-03-10	164239.0	53309.0	74837.0	88084.0	55730.0	10884.0	21710.0	20.4	15.3	34.9	24.0
2015-03-17	164490.0	55248.0	72795.0	85615.0	57445.0	11959.0	22582.0	20.5	15.8	34.8	24.4
2015-03-24	165590.0	58237.0	67317.0	81659.0	64083.0	12650.0	21146.0	20.6	15.2	35.0	24.6
2015-03-31	170125.0	60278.0	64432.0	82059.0	69145.0	12060.0	20820.0	20.2	16.2	34.1	26.7
2015-04-07	171006.0	58765.0	63761.0	82527.0	71351.0	13545.0	19725.0	19.9	17.5	33.9	27.8
2015-04-14	165760.0	54693.0	61923.0	81400.0	66570.0	14169.0	21769.0	20.4	16.9	35.0	26.7
2015-04-21	157721.0	50483.0	62802.0	79538.0	64110.0	14870.0	17979.0	21.5	19.7	37.1	29.2
2015-04-28	154447.0	50505.0	66588.0	81832.0	61536.0	12578.0	16791.0	22.3	20.3	38.4	30.2
2015-05-05	166179.0	63530.0	63982.0	78884.0	75206.0	14388.0	17614.0	19.1	21.2	34.1	31.6
2015-05-12	178077.0	73722.0	65206.0	77044.0	82657.0	15645.0	18548.0	18.1	22.3	32.2	32.4
2015-05-19	179210.0	73598.0	64257.0	77109.0	83885.0	15502.0	18067.0	18.0	22.9	31.8	33.3
2015-05-26	172622.0	64899.0	63275.0	78383.0	78749.0	15050.0	16308.0	18.5	21.9	32.6	32.4
2015-06-02	160588.0	50709.0	59453.0	79435.0	67856.0	13921.0	16756.0	19.9	19.3	35.0	28.2
2015-06-09	171541.0	50677.0	64059.0	81795.0	64122.0	13887.0	18178.0	18.7	16.1	33.2	24.3
2015-06-16	181765.0	53535.0	70047.0	86938.0	66044.0	14442.0	18824.0	17.5	16.2	31.2	24.6
2015-06-23	184635.0	54093.0	77732.0	88108.0	61595.0	15245.0	18119.0	19.2	17.5	32.8	26.2
2015-06-30	166278.0	59718.0	81525.0	77411.0	52697.0	14227.0	17134.0	19.5	19.9	34.7	30.2
2015-07-07	167008.0	55639.0	81068.0	80720.0	49595.0	14404.0	20100.0	19.5	17.4	34.5	27.5
2015-07-14	161713.0	53064.0	73822.0	78077.0	51355.0	12184.0	18148.0	19.7	18.4	34.8	28.6
2015-07-21	165842.0	56919.0	79086.0	75911.0	49681.0	14119.0	18182.0	19.4	17.9	33.6	27.6
2015-07-28	163656.0	55698.0	80152.0	77675.0	46041.0	13896.0	21076.0	19.1	17.0	33.4	26.9
2015-08-04	181276.0	60578.0	92908.0	85447.0	46797.0	13855.0	20175.0	17.5	14.6	30.3	23.9
2015-08-11	195117.0	60308.0	94067.0	88567.0	47926.0	15383.0	22265.0	16.4	13.1	28.2	21.5
2015-08-18	191265.0	60821.0	89793.0	83872.0	47927.0	15684.0	22657.0	16.5	13.8	28.6	22.0
2015-08-25	166991.0	60331.0	83656.0	76236.0	44390.0	13904.0	22425.0	18.6	16.8	33.3	24.9
2015-09-01	158648.0	61031.0	81421.0	74534.0	46459.0	11171.0	18856.0	20.0	18.0	35.3	27.6
2015-09-08	159016.0	60691.0	73958.0	72133.0	52296.0	13081.0	19651.0	19.2	19.2	32.9	28.9
2015-09-15	154631.0	59530.0	63571.0	69710.0	59257.0	11992.0	18404.0	19.7	20.4	34.0	30.4
2015-09-22	152575.0	52382.0	65632.0	70959.0	51740.0	14185.0	20154.0	20.3	17.5	34.5	27.3
2015-09-29	151710.0	52419.0	69425.0	72385.0	49149.0	13276.0	19506.0	21.2	16.7	35.7	26.8
2015-10-06	153387.0	54617.0	66165.0	72020.0	55486.0	13040.0	18026.0	20.7	17.0	35.4	26.4
2015-10-13	156482.0	54291.0	60432.0	70513.0	60297.0	13312.0	17387.0	20.9	17.6	35.4	27.5
2015-10-20	162963.0	56571.0	61154.0	70231.0	61490.0	13946.0	18104.0	20.1	16.8	34.3	26.7
2015-10-27	165946.0	58172.0	59021.0	71732.0	65587.0	13687.0	18983.0	19.7	17.3	33.5	27.5
2015-11-03	165386.0	55293.0	67071.0	76694.0	58720.0	13567.0	19763.0	20.2	15.5	33.7	24.8
2015-11-10	173872.0	52814.0	80242.0	80345.0	48776.0	16191.0	20332.0	19.0	12.1	31.7	21.1
2015-11-17	193328.0	61534.0	90817.0	84208.0	49850.0	16178.0	21253.0	17.2	11.8	30.2	20.2
2015-11-24	186199.0	64527.0	98293.0	83953.0	46557.0	16304.0	19934.0	17.8	11.6	31.4	20.3
2015-12-01	180517.0	66155.0	100408.0	82846.0	45306.0	15936.0	19223.0	18.6	13.3	32.7	22.7
2015-12-08	179248.0	65812.0	100004.0	81927.0	43773.0	14723.0	18685.0	18.8	13.1	31.9	23.2
2015-12-15	178761.0	68029.0	100662.0	79212.0	43369.0	13689.0	16899.0	18.6	14.6	31.6	25.0
2015-12-22	170210.0	63124.0	93463.0	79311.0	43004.0	12315.0	18283.0	19.2	15.4	33.4	26.8
2015-12-29	167689.0	59955.0	90061.0	78884.0	43214.0	12828.0	18392.0	19.5	15.3	33.9	26.0
2016-01-05	171819.0	63058.0	94871.0	79330.0	42180.0	12567.0	17904.0	19.0	14.3	33.0	24.6
2016-01-12	193520.0	68662.0	110687.0	88452.0	40280.0	14270.0	20417.0	17.7	13.2	30.5	22.0
2016-01-19	199011.0	68711.0	112117.0	92728.0	43574.0	13786.0	19534.0	17.1	13.7	29.7	22.3
2016-01-26	202900.0	64968.0	101795.0	94258.0	50133.0	12697.0	19995.0	16.6	13.8	29.3	22.4
2016-02-02	201682.0	63562.0	99073.0	90906.0	48979.0	13012.0	19428.0	16.7	12.9	29.8	21.0
2016-02-09	189518.0	63452.0	90280.0	82362.0	51598.0	13948.0	17884.0	17.0	14.5	29.9	24.1
2016-02-16	191131.0	60041.0	87379.0	84081.0	55020.0	14737.0	16460.0	16.3	14.9	28.8	23.8
2016-02-23	173541.0	57954.0	80901.0	77038.0	51058.0	13956.0	16989.0	17.1	17.7	30.7	26.6
2016-03-01	160010.0	55749.0	80365.0	73508.0	47245.0	14280.0	15927.0	18.9	19.5	33.1	29.2
2016-03-08	165888.0	63178.0	66056.0	70111.0	66455.0	14821.0	15599.0	17.3	22.8	31.1	32.8
2016-03-15	175443.0	63343.0	63890.0	72119.0	71009.0	15278.0	15841.0	16.0	22.4	28.4	31.6
2016-03-22	178177.0	62514.0	61596.0	72166.0	73203.0	14844.0	14725.0	16.1	23.2	27.9	31.9
2016-03-29	186775.0	67603.0	72029.0	76022.0	72557.0	15262.0	14301.0	15.3	24.6	26.9	32.4
2016-04-05	192906.0	67537.0	77622.0	76425.0	66055.0	16796.0	17081.0	15.0	23.2	26.5	30.8
2016-04-12	201236.0	68479.0	90800.0	84007.0	59754.0	15373.0	17305.0	15.2	21.2	26.4	28.8
2016-04-19	201891.0	66318.0	90834.0	86690.0	61270.0	16759.0	17663.0	15.0	22.9	26.6	30.0
2016-04-26	172378.0	65274.0	73350.0	74069.0	63893.0	14555.0	16655.0	16.7	29.8	30.4	38.0
2016-05-03	176458.0	65651.0	73111.0	75186.0	66922.0	14663.0	15467.0	16.3	31.5	29.4	39.5
2016-05-10	184768.0	71365.0	94191.0	81612.0	59207.0	16181.0	15760.0	15.2	26.2	27.0	34.3
2016-05-17	203157.0	79184.0	109830.0	88280.0	58337.0	16480.0	15777.0	15.1	19.8	27.1	30.1
2016-05-24	210264.0	72160.0	113213.0	101182.0	59397.0	15127.0	15859.0	15.4	19.6	27.1	29.6
2016-05-31	217128.0	71316.0	110143.0	102473.0	61117.0	13945.0	16474.0	15.2	18.7	26.4	27.5
2016-06-07	227927.0	72543.0	111837.0	101886.0	65651.0	19407.0	16348.0	13.9	19.8	24.4	26.7
2016-06-14	239071.0	71360.0	116171.0	108111.0	62804.0	17483.0	17979.0	14.3	20.7	24.1	28.2
2016-06-21	215529.0	63839.0	96765.0	95785.0	61300.0	16008.0	17567.0	14.6	19.8	25.5	28.6
2016-06-28	167927.0	53692.0	73506.0	83357.0	60873.0	12651.0	15321.0	18.8	26.9	31.8	35.8
2016-07-05	164665.0	50675.0	70144.0	83339.0	61420.0	13650.0	16100.0	19.0	27.4	32.2	36.2
2016-07-12	166225.0	54430.0	68660.0	81522.0	65891.0	14479.0	15880.0	18.7	28.3	32.0	36.0
2016-07-19	178364.0	66010.0	63646.0	79046.0	79937.0	15069.0	16542.0	17.2	26.7	29.0	35.0
2016-07-26	187184.0	69284.0	64466.0	80625.0	84320.0	14917.0	16040.0	16.4	26.1	27.8	35.9
2016-08-02	188805.0	68768.0	66086.0	82290.0	85727.0	16045.0	15290.0	16.2	24.9	27.5	35.3
2016-08-09	188297.0	66712.0	71890.0	81248.0	78533.0	17848.0	15385.0	15.5	26.8	27.3	36.8
2016-08-16	180360.0	61208.0	66282.0	80860.0	77040.0	16740.0	15486.0	16.7	26.4	28.9	36.4
2016-08-23	192196.0	70207.0	76873.0	78581.0	76444.0	20138.0	15609.0	16.9	27.8	29.1	36.8
2016-08-30	187028.0	69279.0	91152.0	83132.0	62594.0	17872.0	16537.0	17.9	27.2	30.6	36.0
2016-09-06	203453.0	79928.0	110153.0	88295.0	59323.0	18426.0	17173.0	17.5	23.8	29.6	33.6
2016-09-13	203945.0	88681.0	113974.0	80099.0	55217.0	16587.0	16176.0	19.0	22.9	32.0	33.9
2016-09-20	190574.0	82274.0	95425.0	74737.0	61223.0	16135.0	16498.0	20.7	24.2	33.3	35.2
2016-09-27	179904.0	74769.0	76859.0	72312.0	70341.0	16546.0	16427.0	21.8	26.7	34.7	36.7
2016-10-04	181809.0	77097.0	76198.0	70272.0	71224.0	15145.0	15092.0	21.6	28.9	33.9	37.9
2016-10-11	185814.0	79132.0	74806.0	69184.0	72810.0	15681.0	16381.0	21.5	27.9	33.6	37.2
2016-10-18	207729.0	87535.0	98677.0	77369.0	68856.0	18385.0	15756.0	20.1	24.3	31.3	34.2
2016-10-25	213569.0	90935.0	104689.0	79101.0	66345.0	16555.0	15557.0	20.0	22.3	31.5	34.6
2016-11-01	203042.0	88669.0	77371.0	73188.0	79722.0	15902.0	20666.0	21.9	24.1	33.3	33.2
2016-11-08	233922.0	118385.0	78749.0	69406.0	107339.0	18100.0	19803.0	18.8	23.8	30.0	37.8
2016-11-15	238615.0	117916.0	72921.0	70609.0	113873.0	18623.0	20354.0	20.0	22.7	30.1	37.3
2016-11-22	236293.0	118089.0	71777.0	67936.0	115984.0	18336.0	16600.0	21.0	25.1	31.2	39.1
2016-11-29	230420.0	121067.0	67706.0	66855.0	119455.0	15918.0	16679.0	22.0	27.0	32.4	41.5
2016-12-06	236290.0	123820.0	67429.0	66365.0	123834.0	16793.0	15715.0	20.0	27.5	30.0	41.5
2016-12-13	236822.0	127666.0	66551.0	64364.0	125034.0	15963.0	16408.0	19.7	27.6	29.2	41.7
2016-12-20	233042.0	119225.0	67199.0	68111.0	120663.0	15067.0	14541.0	19.2	26.4	28.5	39.5
2016-12-27	227733.0	112505.0	66742.0	70391.0	118773.0	16295.0	13676.0	19.1	26.9	29.0	39.8
2017-01-03	223874.0	109243.0	64759.0	70583.0	117526.0	15936.0	13477.0	19.7	27.0	29.7	39.4
2017-01-10	236637.0	116854.0	69151.0	71308.0	121407.0	16430.0	14034.0	18.3	26.5	28.3	39.4
2017-01-17	251782.0	118944.0	72445.0	75868.0	125140.0	18207.0	15434.0	18.2	23.1	28.5	37.9
2017-01-24	270892.0	128015.0	77705.0	82224.0	133948.0	17246.0	15832.0	17.8	23.0	27.6	37.6
2017-01-31	291702.0	134989.0	77713.0	89428.0	147207.0	17220.0	16717.0	16.8	22.0	26.4	35.5
