2015-10-06	17857.0	9119.0	0.0	8588.0	17824.0	150.0	33.0	86.3	92.3	95.4	98.3
2015-10-13	18327.0	9299.0	0.0	8878.0	18294.0	150.0	33.0	85.0	92.8	93.9	98.9
2015-10-20	18459.0	9389.0	0.0	8860.0	18364.0	210.0	95.0	85.1	92.5	93.7	98.6
2015-10-27	19110.0	9479.0	0.0	9478.0	19070.0	153.0	40.0	85.8	92.1	94.4	98.6
2015-11-03	18448.0	9342.0	0.0	8977.0	18422.0	129.0	26.0	82.1	90.5	95.1	98.3
2015-11-10	18836.0	9342.0	0.0	9361.0	18816.0	133.0	20.0	81.3	90.6	95.3	98.5
2015-11-17	19606.0	9462.0	0.0	9991.0	19346.0	153.0	260.0	80.6	89.2	95.4	97.2
2015-11-24	20757.0	9702.0	60.0	10902.0	20332.0	153.0	365.0	78.8	89.0	95.3	96.3
2015-12-01	21207.0	9906.0	100.0	11148.0	20742.0	153.0	365.0	78.7	88.5	95.3	96.3
2015-12-08	20376.0	9607.0	100.0	10628.0	19865.0	141.0	411.0	78.2	90.4	96.3	97.4
2015-12-15	21080.0	9637.0	100.0	11262.0	20569.0	181.0	411.0	78.9	88.1	96.3	97.3
2015-12-22	22008.0	10533.0	100.0	11284.0	21497.0	191.0	411.0	79.6	84.9	96.4	97.4
2015-12-29	22008.0	10533.0	100.0	11284.0	21497.0	191.0	411.0	79.6	84.9	96.4	97.4
2016-02-09	25644.0	15609.0	0.0	9827.0	25276.0	208.0	368.0	77.5	87.2	93.3	95.9
2016-02-16	26352.0	15794.0	0.0	10344.0	26203.0	214.0	149.0	76.0	86.8	91.4	95.7
2016-02-23	26904.0	16164.0	0.0	10410.0	26721.0	330.0	183.0	75.9	85.1	91.1	94.7
2016-03-01	27227.0	16179.0	0.0	10728.0	27044.0	320.0	183.0	75.2	84.0	90.2	93.7
2016-03-08	25224.0	15540.0	0.0	9384.0	24983.0	300.0	241.0	75.0	84.5	90.2	93.6
2016-03-15	26047.0	15791.0	0.0	9934.0	25778.0	322.0	269.0	73.2	85.0	87.9	92.4
2016-03-22	26310.0	15831.0	0.0	10117.0	26001.0	362.0	309.0	72.6	82.3	87.2	91.8
2016-03-29	26753.0	16491.0	0.0	9900.0	26444.0	362.0	309.0	74.2	80.9	88.6	91.4
2016-04-05	25442.0	16325.0	0.0	8806.0	25178.0	311.0	264.0	73.3	78.0	89.3	88.6
2016-04-12	25574.0	16325.0	470.0	8966.0	24885.0	283.0	219.0	72.9	80.8	88.9	87.9
2016-04-19	25806.0	16565.0	470.0	8957.0	25117.0	284.0	219.0	73.2	80.7	89.1	88.0
2016-04-26	26436.0	16715.0	470.0	9437.0	25747.0	284.0	219.0	74.0	81.1	89.6	88.3
2016-05-03	25391.0	15944.0	460.0	9213.0	24738.0	234.0	193.0	74.9	82.0	89.1	89.8
2016-05-10	25602.0	15944.0	460.0	9359.0	24964.0	299.0	178.0	74.3	81.3	88.6	89.1
2016-05-17	26198.0	16009.0	460.0	9827.0	25560.0	362.0	178.0	75.6	80.2	89.1	88.9
2016-05-24	27369.0	16189.0	460.0	10818.0	26718.0	362.0	191.0	78.8	80.8	91.5	90.8
2016-05-31	27890.0	16189.0	460.0	11339.0	27239.0	362.0	191.0	78.4	80.5	91.7	91.0
2016-06-07	26442.0	15496.0	450.0	10621.0	25862.0	325.0	130.0	77.3	80.5	91.2	91.2
2016-06-14	29029.0	16483.0	450.0	12398.0	28449.0	148.0	130.0	78.9	81.4	91.5	92.4
2016-06-21	29062.0	16483.0	450.0	12431.0	28467.0	148.0	145.0	79.0	81.3	91.4	92.3
2016-06-28	31363.0	16855.0	642.0	14360.0	30576.0	148.0	145.0	79.5	79.2	88.5	89.6
2016-07-05	30083.0	15977.0	632.0	13974.0	29316.0	132.0	135.0	79.9	79.5	89.0	90.0
2016-07-12	30001.0	15997.0	632.0	13840.0	29118.0	164.0	251.0	80.8	77.6	90.2	89.6
2016-07-19	31135.0	17117.0	632.0	13794.0	30252.0	224.0	251.0	78.8	75.7	90.7	89.6
2016-07-26	31677.0	16801.0	632.0	14652.0	30794.0	224.0	251.0	77.8	74.4	90.3	89.2
2016-08-02	28211.0	15082.0	562.0	12954.0	27089.0	175.0	560.0	76.8	71.8	89.7	86.4
2016-08-09	28184.0	15382.0	562.0	12687.0	27054.0	115.0	568.0	77.1	69.4	89.1	85.1
2016-08-16	28585.0	15612.0	562.0	12858.0	27455.0	115.0	568.0	77.0	69.0	88.8	84.4
2016-08-23	29425.0	16192.0	562.0	13118.0	28295.0	115.0	568.0	76.8	67.3	88.3	84.1
2016-08-30	29976.0	16312.0	562.0	13531.0	28886.0	133.0	528.0	76.8	64.2	88.4	82.3
2016-09-06	28127.0	15143.0	492.0	12863.0	27125.0	121.0	510.0	75.4	61.7	87.4	81.1
2016-09-13	28899.0	15653.0	612.0	13065.0	27767.0	181.0	520.0	75.7	59.4	87.5	80.0
2016-09-20	29643.0	16193.0	372.0	13245.0	28727.0	181.0	520.0	76.0	58.7	88.1	79.1
2016-09-27	30342.0	16673.0	372.0	13464.0	29426.0	181.0	520.0	76.6	58.5	88.4	80.2
2016-10-04	28085.0	15095.0	252.0	12656.0	27240.0	310.0	569.0	76.0	55.9	89.6	78.3
2016-10-11	29298.0	15095.0	252.0	13829.0	28453.0	350.0	569.0	76.9	53.6	89.9	78.0
2016-10-18	29520.0	15091.0	252.0	14077.0	28621.0	328.0	623.0	77.2	53.2	90.0	77.9
2016-10-25	29652.0	15289.0	252.0	14059.0	28753.0	280.0	623.0	76.9	53.0	89.5	78.0
2016-11-01	30013.0	15339.0	252.0	14250.0	29093.0	400.0	644.0	76.3	52.1	88.1	77.4
2016-11-08	27640.0	14147.0	212.0	13117.0	26816.0	352.0	588.0	75.6	51.6	87.8	78.3
2016-11-15	31020.0	14647.0	212.0	15997.0	30196.0	352.0	588.0	77.5	55.0	88.2	80.6
2016-11-22	33579.0	15247.0	452.0	18040.0	32509.0	292.0	618.0	73.2	59.1	86.2	79.6
2016-11-29	34428.0	15258.0	452.0	18878.0	33388.0	292.0	588.0	72.5	59.2	85.4	80.3
2016-12-06	32367.0	14268.0	412.0	17840.0	31359.0	259.0	596.0	71.7	59.5	85.5	80.8
2016-12-13	32375.0	14268.0	412.0	17848.0	31367.0	259.0	596.0	71.7	59.5	85.5	80.8
2016-12-20	33365.0	14988.0	412.0	18238.0	32357.0	139.0	596.0	71.3	58.1	85.7	81.0
2016-12-27	33415.0	14988.0	412.0	18286.0	32407.0	141.0	596.0	71.3	58.1	85.7	81.0
2017-01-03	34664.0	15888.0	412.0	18655.0	33602.0	121.0	650.0	72.0	57.2	86.4	81.7
2017-01-10	32534.0	15363.0	372.0	17096.0	31541.0	75.0	621.0	70.7	58.9	83.7	80.4
2017-01-17	33134.0	15383.0	372.0	17676.0	32132.0	75.0	630.0	70.0	58.7	85.8	79.8
2017-01-24	34006.0	17123.0	372.0	16807.0	33000.0	76.0	634.0	73.7	59.2	88.2	79.6
2017-01-31	35145.0	17313.0	372.0	17633.0	34005.0	199.0	768.0	72.1	59.0	88.5	81.1
