2014-03-25	70591.0	22661.0	6294.0	29556.0	47512.0	16336.0	14747.0	19.0	29.1	28.7	45.7
2014-04-01	71175.0	23221.0	5936.0	30244.0	47506.0	15318.0	15341.0	18.3	28.2	28.5	43.3
2014-04-08	71361.0	22295.0	5477.0	30492.0	47599.0	15360.0	15071.0	16.9	29.2	27.3	42.4
2014-04-15	73472.0	22805.0	6770.0	30799.0	47629.0	16333.0	15538.0	16.4	28.9	26.9	43.0
2014-04-22	71590.0	22294.0	6147.0	31090.0	46971.0	15043.0	15309.0	16.2	29.3	27.2	42.4
2014-04-29	70335.0	22278.0	6728.0	29074.0	45187.0	16144.0	15581.0	17.4	29.0	29.3	43.2
2014-05-06	72962.0	23992.0	5890.0	29547.0	47344.0	16121.0	16426.0	17.9	30.9	30.3	45.4
2014-05-13	72387.0	24912.0	5113.0	29580.0	50329.0	15395.0	14445.0	17.5	34.0	29.6	49.2
2014-05-20	73255.0	23175.0	4816.0	31227.0	50955.0	16387.0	15018.0	17.8	33.6	29.6	48.2
2014-05-27	72218.0	23044.0	4481.0	32397.0	50064.0	13779.0	14675.0	17.1	34.5	28.5	46.8
2014-06-03	71909.0	24213.0	4798.0	29302.0	47839.0	14669.0	15547.0	17.2	34.3	29.3	45.1
2014-06-10	71411.0	22410.0	6053.0	30122.0	45758.0	14823.0	15544.0	17.7	35.1	29.3	45.1
2014-06-17	70606.0	22411.0	6431.0	29578.0	43617.0	14945.0	16886.0	17.3	35.1	28.8	45.0
2014-06-24	64256.0	21650.0	6696.0	27502.0	39686.0	12025.0	14795.0	18.2	37.1	31.0	47.4
2014-07-01	58789.0	18449.0	7780.0	28253.0	35979.0	9991.0	12934.0	19.8	38.4	34.8	50.5
2014-07-08	57971.0	16832.0	7750.0	28483.0	35472.0	10717.0	12810.0	19.3	37.4	34.5	49.0
2014-07-15	59899.0	16943.0	8886.0	29208.0	34863.0	11407.0	13809.0	19.1	35.2	33.8	46.1
2014-07-22	60856.0	18035.0	8895.0	28215.0	34813.0	11342.0	13884.0	18.3	35.4	32.4	46.6
2014-07-29	64866.0	17830.0	8743.0	32269.0	38158.0	11953.0	15151.0	17.3	33.4	29.9	44.9
2014-08-05	64493.0	18022.0	8156.0	31288.0	38805.0	11977.0	14326.0	16.9	33.5	29.2	45.3
2014-08-12	64083.0	17714.0	8019.0	30851.0	39649.0	12468.0	13365.0	17.5	32.4	29.7	44.6
2014-08-19	64265.0	17229.0	8633.0	30682.0	38058.0	13207.0	14427.0	17.6	31.2	30.1	42.6
2014-08-26	60366.0	16358.0	8272.0	29469.0	37209.0	11926.0	12272.0	18.2	33.4	30.4	46.9
2014-09-02	55507.0	16672.0	8249.0	26065.0	34026.0	11369.0	11831.0	20.7	34.2	33.4	48.1
2014-09-09	56852.0	17099.0	7492.0	26623.0	35576.0	10686.0	11340.0	19.1	32.9	30.8	45.9
2014-09-16	60824.0	17306.0	7209.0	29720.0	37836.0	10567.0	12548.0	19.0	30.7	30.0	41.9
2014-09-23	65453.0	17922.0	7150.0	32454.0	41753.0	11224.0	12697.0	19.0	29.7	30.7	43.1
2014-09-30	65743.0	17201.0	7681.0	33095.0	40505.0	10516.0	12626.0	18.8	29.4	30.4	42.3
2014-10-07	66257.0	16796.0	8684.0	33039.0	39516.0	11264.0	12899.0	17.4	27.1	28.1	41.0
2014-10-14	65350.0	16005.0	8373.0	34570.0	40541.0	9730.0	11391.0	16.8	26.7	27.4	40.7
2014-10-21	63625.0	14638.0	8848.0	33876.0	39239.0	11328.0	11755.0	16.9	26.6	27.4	40.2
2014-10-28	63993.0	15068.0	10462.0	33768.0	37939.0	12128.0	12563.0	16.7	25.7	28.0	38.4
2014-11-04	65132.0	15054.0	11310.0	34986.0	38864.0	11491.0	11357.0	17.0	26.1	27.7	39.2
2014-11-11	68688.0	15413.0	12282.0	36200.0	39767.0	14085.0	13649.0	17.0	24.9	26.6	36.8
2014-11-18	66646.0	14146.0	10395.0	34893.0	38962.0	13889.0	13571.0	16.7	27.7	26.8	39.9
2014-11-25	63347.0	14638.0	10562.0	32004.0	38353.0	13783.0	11510.0	17.1	29.3	28.2	42.1
2014-12-02	65488.0	15605.0	10288.0	33334.0	40058.0	14226.0	12819.0	18.1	31.8	29.9	45.0
2014-12-09	65037.0	16211.0	8851.0	32687.0	41988.0	13314.0	11373.0	18.1	31.4	28.8	45.2
2014-12-16	66217.0	15012.0	9512.0	33154.0	41741.0	15478.0	12391.0	17.1	33.8	28.9	45.9
2014-12-23	68900.0	17164.0	10868.0	34490.0	43525.0	15138.0	12399.0	17.1	32.9	29.7	44.9
2014-12-30	68028.0	17614.0	11022.0	34054.0	42699.0	14309.0	12256.0	17.4	33.0	29.4	44.7
2015-01-06	69490.0	17840.0	10425.0	36556.0	44497.0	13092.0	12566.0	18.0	32.4	29.1	43.8
2015-01-13	69020.0	16413.0	10474.0	37559.0	41995.0	12803.0	14306.0	18.1	29.1	29.7	41.8
2015-01-20	67822.0	16510.0	10036.0	37377.0	40186.0	11536.0	15201.0	17.7	28.2	28.5	40.4
2015-01-27	66772.0	15523.0	10240.0	36871.0	38340.0	12054.0	15868.0	17.7	28.6	28.9	40.2
2015-02-03	68681.0	14470.0	10768.0	37969.0	38505.0	13806.0	16972.0	17.3	28.1	28.2	39.4
2015-02-10	67419.0	13538.0	12058.0	37983.0	38109.0	14178.0	15532.0	18.2	30.5	30.0	41.2
2015-02-17	68420.0	13696.0	12383.0	40284.0	40782.0	12675.0	13490.0	18.5	32.3	30.2	43.0
2015-02-24	68035.0	13107.0	13021.0	40060.0	40291.0	12781.0	12636.0	18.3	33.1	29.9	44.7
2015-03-03	68105.0	13336.0	13143.0	40725.0	39998.0	11356.0	12276.0	18.5	33.7	31.4	43.8
2015-03-10	66718.0	11126.0	12218.0	42581.0	39740.0	10164.0	11913.0	17.8	32.7	30.7	43.5
2015-03-17	67633.0	11091.0	11456.0	43971.0	42264.0	9580.0	10922.0	17.6	32.0	28.8	43.5
2015-03-24	67176.0	10087.0	10961.0	43655.0	41953.0	10329.0	11157.0	17.0	30.4	27.6	41.6
2015-03-31	68719.0	10177.0	11046.0	43996.0	42676.0	10821.0	11272.0	17.0	29.4	27.8	41.0
2015-04-07	68787.0	10942.0	9806.0	43217.0	43851.0	10937.0	11439.0	17.3	30.0	28.6	40.7
2015-04-14	69679.0	9639.0	8736.0	43502.0	42513.0	12215.0	14107.0	17.6	29.3	28.8	40.3
2015-04-21	69109.0	9610.0	11893.0	42371.0	38925.0	11873.0	13036.0	19.7	28.2	30.8	37.8
2015-04-28	69284.0	9644.0	12846.0	42585.0	38269.0	11539.0	12653.0	21.5	26.9	32.0	36.3
2015-05-05	69298.0	10469.0	13408.0	41598.0	37250.0	11421.0	12830.0	21.6	26.1	32.8	34.9
2015-05-12	69563.0	10151.0	13352.0	42260.0	38330.0	11811.0	12540.0	20.6	24.9	31.9	33.8
2015-05-19	70361.0	10590.0	12558.0	42185.0	39799.0	12531.0	12949.0	20.8	25.8	31.5	35.9
2015-05-26	68664.0	10026.0	10876.0	40351.0	37920.0	13007.0	14588.0	20.7	25.1	32.0	34.9
2015-06-02	70268.0	9668.0	11155.0	41570.0	39043.0	13833.0	14873.0	19.9	23.5	30.7	33.0
2015-06-09	69012.0	9140.0	10858.0	40879.0	38240.0	14306.0	15227.0	18.4	20.9	29.4	30.2
2015-06-16	68002.0	9369.0	10844.0	39539.0	34910.0	13694.0	16848.0	19.2	20.8	30.4	29.5
2015-06-23	59293.0	7363.0	11423.0	36628.0	30728.0	11562.0	13402.0	20.3	20.6	31.6	31.1
2015-06-30	56535.0	8005.0	10290.0	35433.0	30290.0	9376.0	12234.0	21.9	25.1	33.5	36.4
2015-07-07	55831.0	8951.0	8565.0	33788.0	30541.0	8549.0	12182.0	20.4	24.3	32.4	35.0
2015-07-14	57362.0	9928.0	9118.0	33277.0	30661.0	9169.0	12595.0	17.8	24.8	30.4	35.6
2015-07-21	58803.0	9136.0	10129.0	34619.0	31015.0	9853.0	12464.0	18.1	23.5	29.7	33.7
2015-07-28	58946.0	9161.0	10764.0	36265.0	31119.0	9020.0	12563.0	19.3	22.5	30.4	31.5
2015-08-04	61606.0	9197.0	12952.0	37179.0	31345.0	10663.0	12742.0	17.7	20.0	28.3	28.6
2015-08-11	63366.0	9389.0	13249.0	38099.0	31809.0	11297.0	13727.0	17.1	20.0	28.1	29.1
2015-08-18	63703.0	9322.0	12847.0	39528.0	33086.0	9881.0	12798.0	16.9	19.9	28.4	29.4
2015-08-25	59929.0	9576.0	13697.0	34711.0	29785.0	10301.0	11106.0	18.9	20.9	30.9	31.2
2015-09-01	56846.0	8272.0	13863.0	34848.0	27774.0	9440.0	10923.0	19.8	23.6	32.4	34.3
2015-09-08	59989.0	8629.0	14908.0	37461.0	29965.0	9526.0	10743.0	18.9	24.4	31.4	34.3
2015-09-15	59760.0	9276.0	14136.0	35562.0	29482.0	10016.0	11236.0	17.7	23.3	30.2	33.4
2015-09-22	60226.0	9324.0	14692.0	35275.0	29768.0	11326.0	11465.0	17.6	22.3	30.1	33.1
2015-09-29	58720.0	8692.0	14371.0	33684.0	28710.0	11723.0	11018.0	18.0	22.7	30.7	34.3
2015-10-06	58584.0	8243.0	13045.0	34501.0	29777.0	11506.0	11428.0	17.7	23.7	30.5	35.4
2015-10-13	60116.0	8755.0	12066.0	35444.0	32329.0	11259.0	11063.0	17.4	24.4	30.0	35.4
2015-10-20	64557.0	9212.0	14248.0	39598.0	33592.0	11421.0	12391.0	17.1	22.3	28.5	33.5
2015-10-27	64141.0	9633.0	15773.0	39390.0	32663.0	11238.0	11825.0	19.0	24.4	30.8	36.1
2015-11-03	66620.0	10531.0	16263.0	40482.0	34847.0	11264.0	11167.0	21.0	25.0	32.3	37.5
2015-11-10	70933.0	10733.0	15412.0	42971.0	37262.0	11761.0	12791.0	20.9	24.8	31.1	35.7
2015-11-17	69421.0	10037.0	14472.0	41698.0	37734.0	12839.0	12368.0	21.3	28.3	32.4	39.5
2015-11-24	67814.0	11081.0	14263.0	39381.0	36903.0	13220.0	12516.0	21.7	28.5	34.3	40.4
2015-12-01	67753.0	11978.0	15018.0	40024.0	37586.0	11452.0	10850.0	22.1	32.1	34.1	44.8
2015-12-08	67383.0	13418.0	14485.0	39117.0	38433.0	11064.0	10681.0	20.7	33.8	32.7	45.9
2015-12-15	68062.0	13033.0	13215.0	39068.0	39081.0	11789.0	11594.0	20.0	32.9	31.5	45.0
2015-12-22	68463.0	10733.0	12505.0	42214.0	39736.0	10068.0	10774.0	20.3	32.3	31.8	44.6
2015-12-29	69366.0	9956.0	13479.0	43882.0	39662.0	10213.0	10910.0	20.3	31.5	31.8	43.5
2016-01-05	72252.0	10144.0	13319.0	46146.0	42477.0	10556.0	11050.0	20.8	31.0	32.0	42.0
2016-01-12	74786.0	10985.0	12837.0	48013.0	45679.0	11025.0	11507.0	21.8	31.8	31.7	42.7
2016-01-19	75857.0	10894.0	13803.0	48282.0	46060.0	11686.0	10999.0	21.4	29.3	30.8	41.5
2016-01-26	77347.0	11871.0	12952.0	48793.0	48527.0	12258.0	11443.0	20.4	29.6	29.6	41.0
2016-02-02	76074.0	11054.0	13748.0	49515.0	47268.0	11012.0	10565.0	20.7	28.0	29.8	39.8
2016-02-09	78512.0	10552.0	14125.0	50747.0	48104.0	12829.0	11899.0	21.6	26.3	30.0	37.8
2016-02-16	80202.0	11325.0	14135.0	50107.0	48880.0	14325.0	12742.0	21.5	25.3	30.1	36.7
2016-02-23	76962.0	13173.0	15578.0	47482.0	46107.0	12773.0	11743.0	21.6	26.7	31.1	38.2
2016-03-01	70238.0	11683.0	16399.0	43630.0	39839.0	10804.0	9879.0	23.7	28.7	33.6	40.8
2016-03-08	71289.0	11568.0	16498.0	43685.0	39593.0	12171.0	11333.0	23.3	28.7	32.6	41.3
2016-03-15	68829.0	11368.0	12719.0	41591.0	41447.0	11899.0	10692.0	22.2	30.0	32.1	42.4
2016-03-22	67220.0	9861.0	12090.0	41670.0	40583.0	12794.0	11652.0	22.8	30.7	33.1	43.3
2016-03-29	67889.0	10631.0	12616.0	42048.0	40353.0	12387.0	12097.0	24.0	31.0	35.6	43.0
2016-04-05	66805.0	10219.0	10968.0	41715.0	40384.0	11812.0	12394.0	24.0	29.9	36.2	41.3
2016-04-12	67407.0	8830.0	11861.0	43027.0	39871.0	12137.0	12262.0	22.6	28.1	34.6	39.2
2016-04-19	65854.0	9883.0	10701.0	42500.0	40152.0	11300.0	12830.0	23.7	26.4	36.0	37.2
2016-04-26	58945.0	10550.0	9399.0	38101.0	36786.0	8789.0	11255.0	28.8	30.4	41.6	42.3
2016-05-03	58296.0	10596.0	8941.0	36617.0	36557.0	9651.0	11366.0	27.4	30.3	39.3	43.2
2016-05-10	56578.0	9473.0	8086.0	35901.0	35004.0	9377.0	11661.0	23.8	29.5	36.7	42.7
2016-05-17	55718.0	9954.0	7670.0	34130.0	34262.0	9910.0	12062.0	22.8	30.5	36.0	43.1
2016-05-24	55117.0	9084.0	8115.0	34512.0	32591.0	9803.0	12693.0	21.6	30.8	33.9	44.2
2016-05-31	55283.0	8084.0	9523.0	35054.0	31520.0	10621.0	12716.0	22.0	31.1	34.7	44.7
2016-06-07	57312.0	7594.0	8564.0	36054.0	33156.0	12520.0	14448.0	21.3	31.5	33.7	44.1
2016-06-14	58735.0	6898.0	7671.0	37402.0	34896.0	12204.0	13937.0	21.8	31.3	34.6	43.9
2016-06-21	55807.0	7657.0	6911.0	34618.0	33283.0	11250.0	13331.0	21.9	30.5	34.6	42.6
2016-06-28	52011.0	5602.0	8870.0	36043.0	29540.0	9195.0	12430.0	27.0	28.2	38.5	39.2
2016-07-05	57752.0	5443.0	10220.0	41081.0	31886.0	9746.0	14164.0	26.5	26.4	38.1	37.1
2016-07-12	57429.0	6536.0	10944.0	39625.0	30976.0	9622.0	13863.0	23.8	24.9	36.1	37.1
2016-07-19	58157.0	5044.0	11561.0	39110.0	29538.0	10737.0	13792.0	24.0	23.6	35.9	35.2
2016-07-26	60421.0	4855.0	11914.0	40823.0	29860.0	10680.0	14584.0	24.9	22.5	37.4	32.6
2016-08-02	62208.0	4665.0	11728.0	41372.0	30265.0	10950.0	14994.0	24.1	20.2	36.2	30.3
2016-08-09	61392.0	5750.0	10198.0	40150.0	30652.0	10735.0	15785.0	24.2	21.4	36.3	31.4
2016-08-16	58812.0	4228.0	7401.0	37720.0	31314.0	10960.0	14193.0	24.8	20.3	36.0	30.0
2016-08-23	59303.0	7342.0	5444.0	36442.0	34057.0	10853.0	15136.0	21.8	22.4	34.0	33.2
2016-08-30	60195.0	6870.0	7586.0	38922.0	34057.0	9322.0	13471.0	23.3	24.7	37.1	34.1
2016-09-06	61436.0	6680.0	9742.0	38591.0	32292.0	10944.0	14181.0	23.7	23.2	37.6	33.2
2016-09-13	62132.0	6722.0	10683.0	39830.0	32818.0	9991.0	13042.0	23.3	25.2	36.6	34.7
2016-09-20	62127.0	7136.0	10227.0	39009.0	33797.0	10247.0	12368.0	22.3	24.9	35.0	34.7
2016-09-27	63410.0	6132.0	9640.0	40719.0	35230.0	10369.0	12350.0	20.4	22.7	31.9	33.6
2016-10-04	62584.0	6745.0	6512.0	40048.0	38137.0	10087.0	12231.0	19.7	22.2	30.2	31.9
2016-10-11	65627.0	9784.0	5465.0	39221.0	41587.0	10499.0	12452.0	19.0	23.2	29.3	33.8
2016-10-18	66358.0	10142.0	5960.0	39897.0	42834.0	10689.0	11934.0	18.8	24.1	29.1	34.9
2016-10-25	68010.0	11345.0	6067.0	39949.0	44241.0	10771.0	11757.0	17.9	23.6	27.4	34.7
2016-11-01	68937.0	10766.0	6891.0	42372.0	44383.0	10596.0	12460.0	16.7	22.9	27.7	33.9
2016-11-08	69409.0	6999.0	7265.0	43895.0	42875.0	12822.0	13576.0	17.2	21.8	26.9	32.6
2016-11-15	68174.0	6635.0	6882.0	45219.0	43873.0	10878.0	11977.0	17.1	21.8	26.2	32.2
2016-11-22	62802.0	8789.0	7536.0	38731.0	38828.0	10906.0	12062.0	18.5	24.6	28.7	35.9
2016-11-29	60777.0	10946.0	7353.0	35477.0	38421.0	10580.0	11229.0	19.2	30.9	30.5	42.0
2016-12-06	58628.0	14876.0	7012.0	29533.0	37173.0	9710.0	9934.0	20.0	33.8	30.7	44.9
2016-12-13	60214.0	14668.0	7316.0	30790.0	38522.0	10385.0	10005.0	19.4	35.5	31.1	46.1
2016-12-20	61036.0	17594.0	7774.0	30183.0	39165.0	9524.0	10362.0	18.3	34.9	28.5	46.6
2016-12-27	61486.0	16421.0	8644.0	31178.0	39018.0	10229.0	10166.0	19.1	33.3	30.0	45.0
2017-01-03	62687.0	16753.0	8883.0	31107.0	39527.0	10660.0	10110.0	18.6	32.7	29.7	44.5
2017-01-10	67568.0	21813.0	10375.0	31249.0	43279.0	10834.0	10242.0	18.8	31.9	29.5	44.2
2017-01-17	73950.0	23681.0	9678.0	33994.0	48720.0	11590.0	10867.0	17.4	32.4	27.7	44.8
2017-01-24	78443.0	24066.0	10021.0	36980.0	53104.0	12253.0	10174.0	17.7	33.1	28.1	45.6
2017-01-31	80787.0	21563.0	9673.0	40456.0	54263.0	12478.0	10561.0	17.7	31.1	27.1	42.5
