2005-01-04	195001.0	38061.0	76909.0	110992.0	76866.0	30659.0	25937.0	29.4	27.0	43.9	33.4
2005-01-11	192983.0	37013.0	66426.0	109514.0	82793.0	30064.0	27372.0	30.7	26.0	44.7	32.4
2005-01-18	204294.0	36768.0	77173.0	116047.0	80359.0	32517.0	27800.0	32.2	23.8	46.1	30.2
2005-01-25	207629.0	31972.0	72617.0	119722.0	84730.0	34879.0	29226.0	32.6	26.2	46.4	33.3
2005-02-01	222294.0	32409.0	73898.0	125142.0	86648.0	40192.0	37197.0	31.9	24.2	45.2	30.7
2005-02-08	222752.0	31953.0	73892.0	123462.0	82103.0	36908.0	36328.0	31.7	23.3	45.0	29.8
2005-02-15	230851.0	33282.0	67433.0	131527.0	98055.0	36436.0	35757.0	33.2	26.7	46.1	32.8
2005-02-22	220792.0	39805.0	55022.0	122171.0	105283.0	35335.0	37006.0	33.0	30.8	46.4	38.1
2005-03-01	214658.0	46598.0	41762.0	114645.0	112430.0	34085.0	41136.0	30.4	33.8	44.8	40.1
2005-03-08	211795.0	54178.0	37928.0	112627.0	122966.0	25815.0	31726.0	30.7	37.3	43.8	43.5
2005-03-15	215153.0	59420.0	44777.0	110609.0	119287.0	29707.0	35672.0	29.8	38.3	42.3	43.7
2005-03-22	227257.0	61877.0	46094.0	120350.0	126097.0	26613.0	36649.0	27.9	36.6	41.8	42.6
2005-03-29	225208.0	55644.0	46121.0	123080.0	124973.0	26971.0	34601.0	29.4	36.3	42.9	42.2
2005-04-05	213540.0	42429.0	40255.0	120593.0	114873.0	30801.0	38695.0	31.0	35.2	45.4	40.4
2005-04-12	203720.0	37111.0	44143.0	126218.0	109429.0	22598.0	32355.0	33.4	32.9	49.3	38.7
2005-04-19	216370.0	35867.0	51583.0	140787.0	116574.0	24239.0	32736.0	33.2	31.1	50.2	37.5
2005-04-26	202507.0	36528.0	47692.0	135252.0	111850.0	21388.0	33626.0	37.2	35.7	54.1	41.9
2005-05-03	195264.0	30927.0	48301.0	135815.0	103039.0	19731.0	35133.0	39.6	33.4	57.3	39.4
2005-05-10	204698.0	32640.0	54785.0	139784.0	105798.0	19783.0	31624.0	40.3	32.2	57.3	38.5
2005-05-17	212632.0	31086.0	67368.0	144320.0	96440.0	21699.0	33297.0	38.6	29.3	55.7	35.2
2005-05-24	213233.0	34138.0	56515.0	140690.0	104351.0	22988.0	36950.0	37.2	30.7	53.7	36.4
2005-05-31	218420.0	34354.0	56999.0	141703.0	107972.0	27921.0	39007.0	35.7	31.1	52.0	36.4
2005-06-07	210544.0	33717.0	60792.0	142634.0	102268.0	21595.0	34886.0	38.3	28.8	55.2	34.2
2005-06-14	220695.0	33552.0	65310.0	147674.0	106115.0	20363.0	30164.0	36.6	26.7	52.5	32.5
2005-06-21	234031.0	40160.0	62038.0	151210.0	118110.0	26664.0	37886.0	34.0	29.0	49.3	34.8
2005-06-28	231720.0	47226.0	59352.0	146652.0	124442.0	25927.0	36011.0	34.5	32.6	49.9	38.9
2005-07-05	229828.0	48071.0	62299.0	149324.0	125614.0	22984.0	32466.0	34.5	33.4	50.5	39.6
2005-07-12	229430.0	45302.0	66634.0	152852.0	118086.0	21216.0	34650.0	35.7	31.4	51.9	37.9
2005-07-19	243660.0	47721.0	64198.0	155211.0	125382.0	22366.0	35718.0	33.1	31.9	48.4	38.5
2005-07-26	249143.0	44865.0	69879.0	160440.0	120904.0	22657.0	37179.0	33.6	28.5	48.8	34.7
2005-08-02	257888.0	43440.0	68720.0	160148.0	120350.0	30187.0	44705.0	32.4	25.3	47.1	31.4
2005-08-09	250929.0	42445.0	79061.0	164743.0	114168.0	23792.0	37751.0	34.1	23.1	49.1	29.4
2005-08-16	254388.0	46038.0	88282.0	169155.0	112879.0	23177.0	37209.0	34.5	22.4	49.2	28.6
2005-08-23	264453.0	43069.0	83773.0	170887.0	120550.0	27540.0	37173.0	33.3	24.0	46.5	29.9
2005-09-06	261552.0	44408.0	91062.0	175223.0	117886.0	22072.0	32755.0	34.9	25.2	49.2	31.2
2005-09-13	277537.0	48679.0	89433.0	179027.0	126615.0	23627.0	35285.0	32.6	25.8	46.1	32.3
2005-09-20	281695.0	45158.0	89539.0	183244.0	127162.0	23472.0	35173.0	32.1	24.3	45.7	30.6
2005-09-27	281887.0	44270.0	81125.0	178821.0	128980.0	24363.0	37349.0	32.2	22.8	45.9	28.9
2005-10-04	297221.0	55543.0	70668.0	170136.0	139804.0	26005.0	41212.0	29.2	23.7	42.2	28.9
2005-10-11	297599.0	51021.0	65957.0	171304.0	141948.0	27526.0	41946.0	29.3	23.3	42.5	28.7
2005-10-18	293651.0	52252.0	66464.0	171788.0	140669.0	24531.0	41438.0	29.8	22.5	42.9	27.6
2005-10-25	298757.0	49596.0	80328.0	179877.0	131602.0	22817.0	40360.0	30.2	19.6	43.1	24.7
2005-11-01	305362.0	52061.0	91832.0	180937.0	126382.0	26324.0	41108.0	29.7	18.5	42.5	23.8
2005-11-08	297365.0	50384.0	96463.0	186574.0	128051.0	27111.0	39555.0	30.1	20.1	44.8	26.2
2005-11-15	303926.0	51953.0	102452.0	193999.0	132046.0	30667.0	42121.0	29.4	20.2	44.5	26.5
2005-11-22	296485.0	50454.0	104082.0	192020.0	128942.0	26340.0	35790.0	30.0	20.8	44.0	27.2
2005-11-29	291829.0	48554.0	102254.0	186037.0	126029.0	32632.0	38940.0	30.6	22.0	44.7	28.4
2005-12-06	296112.0	52967.0	110978.0	192723.0	127675.0	27489.0	34526.0	31.9	23.4	46.2	29.6
2005-12-13	302803.0	55966.0	113097.0	192620.0	130236.0	29603.0	34856.0	31.7	23.7	45.8	29.9
2005-12-20	301415.0	55312.0	100535.0	188338.0	135907.0	29960.0	37168.0	32.7	25.3	46.4	31.1
2005-12-27	296879.0	57266.0	89200.0	184214.0	141300.0	25522.0	36502.0	33.1	25.9	47.2	31.7
2006-01-03	305901.0	57743.0	76112.0	184840.0	152988.0	26726.0	40209.0	32.4	26.8	46.6	32.3
2006-01-10	311399.0	57311.0	75936.0	189056.0	155507.0	26705.0	41629.0	34.0	26.6	48.5	32.5
2006-01-17	319190.0	53875.0	77243.0	197160.0	156942.0	27614.0	44464.0	34.2	25.6	49.3	31.3
2006-01-24	323548.0	54558.0	81635.0	198126.0	157072.0	27107.0	41084.0	33.8	25.0	48.9	31.1
2006-01-31	349718.0	61363.0	76882.0	198569.0	167226.0	33013.0	48837.0	32.3	25.6	46.7	31.1
2006-02-07	374200.0	71412.0	74539.0	203337.0	184478.0	33874.0	49606.0	30.3	25.4	43.7	30.9
2006-02-14	379120.0	75755.0	76377.0	208876.0	189988.0	36996.0	55262.0	29.8	25.1	43.1	30.2
2006-02-21	390551.0	73670.0	81651.0	220426.0	195643.0	34628.0	51430.0	29.2	24.6	42.3	29.8
2006-02-28	390971.0	71273.0	72574.0	219632.0	199548.0	34362.0	53145.0	30.1	25.0	43.2	30.1
2006-03-07	396507.0	73192.0	69908.0	222196.0	205383.0	32488.0	52585.0	29.9	25.7	42.8	30.9
2006-03-14	393296.0	68455.0	71423.0	222786.0	200995.0	33753.0	52576.0	30.0	24.4	43.1	29.6
2006-03-21	382617.0	57567.0	69307.0	225492.0	190622.0	31595.0	54725.0	31.9	24.3	45.7	29.6
2006-03-28	384330.0	58054.0	69743.0	221613.0	184364.0	32267.0	57827.0	31.3	23.5	44.8	28.7
2006-04-04	387384.0	62142.0	78738.0	224074.0	183787.0	37172.0	60863.0	31.6	21.9	44.6	26.7
2006-04-11	387061.0	66539.0	75255.0	231808.0	200585.0	33682.0	56189.0	30.9	22.2	44.2	27.2
2006-04-18	384109.0	67789.0	75895.0	232786.0	202563.0	30500.0	52617.0	31.1	21.7	44.4	26.7
2006-04-25	382536.0	63760.0	78212.0	231061.0	190724.0	35414.0	61299.0	31.2	22.4	44.4	27.5
2006-05-02	382991.0	66023.0	78661.0	241612.0	201925.0	23365.0	50414.0	31.2	23.7	44.6	29.0
2006-05-09	415538.0	74886.0	78961.0	249940.0	221284.0	32003.0	56584.0	28.7	23.8	41.2	29.6
2006-05-16	477057.0	95221.0	80457.0	259410.0	246519.0	41367.0	69022.0	25.0	22.3	35.8	28.1
2006-05-23	522295.0	110708.0	94459.0	279155.0	262540.0	39807.0	72671.0	23.3	19.1	33.9	25.0
2006-05-30	538053.0	118023.0	96496.0	278980.0	267454.0	38459.0	71512.0	22.7	18.5	32.9	24.0
2006-06-06	534155.0	103381.0	91660.0	274939.0	256892.0	40370.0	70138.0	22.4	17.4	32.2	22.7
2006-06-13	490977.0	85650.0	81090.0	265275.0	240004.0	38497.0	68328.0	23.6	17.7	33.8	22.9
2006-06-20	476507.0	72647.0	76270.0	265444.0	233551.0	34242.0	62512.0	24.0	16.6	34.3	21.4
2006-06-27	461737.0	69134.0	68995.0	256983.0	228228.0	31974.0	60868.0	24.7	17.9	35.3	22.7
2006-07-03	458965.0	70206.0	76637.0	257934.0	223940.0	32548.0	60111.0	24.9	17.2	35.8	21.9
2006-07-11	468830.0	77181.0	75488.0	262647.0	238523.0	33287.0	59104.0	24.4	17.7	35.4	22.6
2006-07-18	475365.0	80399.0	73574.0	264927.0	246308.0	34266.0	59710.0	24.0	17.6	34.9	22.7
2006-07-25	480324.0	81330.0	68138.0	264680.0	250811.0	34743.0	61804.0	23.6	16.4	34.3	21.7
2006-08-01	482088.0	77052.0	73539.0	263767.0	237978.0	37142.0	66444.0	23.7	15.7	34.5	20.7
2006-08-08	467379.0	80374.0	75503.0	256902.0	233061.0	36940.0	65652.0	24.4	16.1	35.6	21.3
2006-08-15	456086.0	75287.0	78043.0	254865.0	220874.0	34818.0	66053.0	24.5	15.5	35.7	20.9
2006-08-22	447857.0	69819.0	89180.0	257165.0	206209.0	32302.0	63897.0	25.1	15.1	36.6	20.1
2006-08-29	449663.0	63204.0	82984.0	260913.0	207196.0	30493.0	64430.0	24.4	15.8	35.8	20.4
2006-09-05	446047.0	61605.0	71348.0	256733.0	217151.0	29429.0	59268.0	25.3	16.2	36.5	21.2
2006-09-12	449370.0	63379.0	73158.0	253190.0	213202.0	30001.0	60210.0	24.8	14.4	35.6	19.2
2006-09-19	452289.0	58296.0	76658.0	256946.0	209489.0	32336.0	61431.0	24.5	13.6	35.0	18.1
2006-09-26	463319.0	61321.0	72585.0	257601.0	217680.0	32619.0	61276.0	24.1	12.3	33.9	17.2
2006-10-03	495828.0	78947.0	72688.0	273861.0	249638.0	38519.0	69001.0	22.5	11.8	32.3	17.5
2006-10-10	469824.0	78425.0	69896.0	273044.0	253667.0	41853.0	69759.0	23.6	13.5	34.5	19.7
2006-10-17	473929.0	82026.0	68129.0	268199.0	258400.0	41891.0	65587.0	22.9	14.3	33.7	20.8
2006-10-24	469656.0	85378.0	63488.0	262482.0	259567.0	37412.0	62217.0	23.1	14.6	33.8	21.8
2006-10-31	456239.0	82258.0	61883.0	254188.0	250674.0	37300.0	61189.0	23.7	15.4	34.6	22.5
2006-11-07	457491.0	82090.0	62636.0	249312.0	245338.0	39509.0	62937.0	23.5	15.0	34.5	22.0
2006-11-14	432131.0	81229.0	60329.0	240707.0	237267.0	37927.0	62267.0	24.5	16.0	36.4	23.2
2006-11-21	421762.0	75624.0	55991.0	238712.0	237335.0	36951.0	57961.0	25.2	15.3	37.3	22.6
2006-11-28	416399.0	76977.0	57057.0	232690.0	232678.0	38647.0	58579.0	25.8	16.2	37.2	22.8
2006-12-05	424124.0	84061.0	57231.0	234077.0	239511.0	36664.0	58060.0	25.9	16.9	37.1	23.7
2006-12-12	417081.0	73598.0	56045.0	237539.0	232901.0	36496.0	58687.0	26.4	15.5	37.7	22.1
2006-12-19	425677.0	72560.0	58656.0	248103.0	238520.0	32241.0	55728.0	25.8	14.9	37.4	21.5
2006-12-26	439130.0	76522.0	54355.0	250293.0	246562.0	33662.0	59560.0	25.1	15.4	36.6	21.8
2007-01-03	449743.0	75393.0	61491.0	255199.0	242332.0	33649.0	60418.0	24.6	13.9	36.0	19.7
2007-01-09	456434.0	69455.0	62589.0	258821.0	239927.0	34041.0	59801.0	24.1	12.4	35.2	18.1
2007-01-16	447758.0	65785.0	61080.0	250520.0	227800.0	32796.0	60221.0	21.9	11.2	32.8	16.4
2007-01-23	457273.0	72144.0	61600.0	248041.0	229979.0	33583.0	62189.0	21.1	11.9	31.6	16.8
2007-01-30	452128.0	70145.0	68439.0	247579.0	219951.0	33756.0	63090.0	21.5	11.7	32.0	16.8
2007-02-06	454387.0	69735.0	72762.0	251032.0	220294.0	34417.0	62128.0	21.6	12.0	32.6	17.2
2007-02-13	442793.0	73463.0	72110.0	240061.0	216214.0	34855.0	60055.0	22.3	13.6	33.4	19.5
2007-02-20	433225.0	76712.0	74874.0	234031.0	211211.0	34654.0	59312.0	23.1	13.8	33.6	20.1
2007-02-27	427668.0	86471.0	70707.0	226945.0	217994.0	32939.0	57654.0	23.5	15.0	34.2	21.7
2007-03-06	401759.0	74071.0	70108.0	225528.0	206024.0	28786.0	52253.0	25.2	14.3	36.5	21.5
2007-03-13	401810.0	76061.0	70034.0	221311.0	201888.0	28766.0	54216.0	24.7	14.0	35.8	20.8
2007-03-20	401654.0	78102.0	84442.0	217324.0	183818.0	29281.0	56447.0	24.2	12.4	35.5	18.7
2007-03-27	409240.0	81399.0	88448.0	218683.0	184283.0	30306.0	57657.0	24.0	12.1	35.1	18.2
2007-04-03	399702.0	72913.0	94325.0	222211.0	174127.0	30028.0	56700.0	23.7	11.2	35.9	16.6
2007-04-10	386393.0	76696.0	91397.0	214393.0	174822.0	32970.0	57840.0	23.9	12.4	36.7	18.7
2007-04-17	371660.0	79073.0	79279.0	201275.0	176589.0	32874.0	57354.0	24.9	15.3	38.0	21.8
2007-04-24	361987.0	81971.0	77278.0	202308.0	180518.0	30298.0	56781.0	25.0	16.2	38.7	23.5
2007-05-01	359274.0	87239.0	85022.0	200416.0	181227.0	29169.0	50575.0	25.9	15.9	39.4	23.7
2007-05-08	360386.0	82235.0	79798.0	201917.0	181295.0	28494.0	51553.0	26.0	16.3	39.9	23.8
2007-05-15	367368.0	83338.0	81622.0	203327.0	182870.0	29565.0	51738.0	25.5	15.7	38.9	22.8
2007-05-22	360226.0	78268.0	83757.0	203824.0	172855.0	24888.0	50368.0	26.1	14.9	39.4	21.7
2007-05-29	365469.0	82098.0	82294.0	202580.0	177177.0	25706.0	50913.0	25.5	15.1	38.5	21.8
2007-06-05	397362.0	93920.0	79849.0	209544.0	199009.0	32885.0	57491.0	22.7	15.5	34.6	22.2
2007-06-12	391842.0	95772.0	72068.0	200125.0	198434.0	33401.0	58796.0	22.5	16.2	34.4	23.0
2007-06-19	410943.0	107300.0	74264.0	206514.0	215436.0	38870.0	62984.0	21.8	16.4	32.3	22.3
2007-06-26	409730.0	108401.0	74399.0	208566.0	217612.0	36424.0	61380.0	21.8	16.7	32.6	23.3
2007-07-03	388011.0	99001.0	80129.0	203489.0	198775.0	34377.0	57963.0	22.9	16.2	34.3	22.4
2007-07-10	399301.0	100329.0	78560.0	203190.0	201432.0	34261.0	57788.0	22.3	16.0	33.4	22.5
2007-07-17	414072.0	103836.0	82040.0	206233.0	201675.0	38558.0	64912.0	21.2	16.0	33.3	22.3
2007-07-24	426140.0	106516.0	83303.0	210310.0	205544.0	35661.0	63640.0	20.5	15.2	32.4	21.5
2007-07-31	437581.0	107746.0	84807.0	211077.0	207453.0	39874.0	66437.0	20.0	14.9	31.8	21.0
2007-08-07	427074.0	116895.0	84691.0	205001.0	205357.0	36866.0	68714.0	20.8	15.8	32.9	22.5
2007-08-14	409900.0	113322.0	78958.0	201621.0	202787.0	35260.0	68458.0	22.1	15.9	33.7	22.7
2007-08-21	393193.0	104347.0	78385.0	194704.0	190856.0	40546.0	70356.0	22.5	15.1	34.3	22.8
2007-08-28	379304.0	99311.0	71335.0	193836.0	189679.0	38268.0	70401.0	23.3	17.1	35.8	24.5
2007-09-04	370005.0	99970.0	68069.0	190451.0	190140.0	37111.0	69323.0	23.9	17.1	36.4	24.6
2007-09-11	373657.0	94507.0	72932.0	201548.0	190170.0	35312.0	68265.0	23.9	16.4	36.3	24.4
2007-09-18	376948.0	95529.0	73059.0	196538.0	187970.0	36681.0	67719.0	23.1	15.5	34.6	23.6
2007-09-25	387320.0	98075.0	69028.0	196070.0	189294.0	38062.0	73885.0	22.2	16.3	33.5	23.4
2007-10-02	398387.0	96619.0	82732.0	200617.0	183893.0	40070.0	70681.0	23.4	16.4	34.2	23.3
2007-10-09	400439.0	94597.0	84012.0	200794.0	180372.0	40282.0	71289.0	22.8	14.8	33.4	21.6
2007-10-16	401694.0	91625.0	81031.0	201531.0	179077.0	38629.0	71677.0	23.4	14.5	33.7	21.4
2007-10-23	413257.0	95881.0	83212.0	203899.0	178321.0	40092.0	78339.0	23.8	14.0	33.7	20.4
2007-10-30	423208.0	93548.0	85722.0	203514.0	179655.0	42425.0	74110.0	22.9	13.8	32.8	20.3
2007-11-06	422390.0	96835.0	88491.0	203124.0	177460.0	40524.0	74532.0	23.2	14.4	33.4	21.4
2007-11-13	417853.0	95344.0	89300.0	209366.0	181952.0	41818.0	75276.0	23.7	14.6	34.1	21.1
2007-11-20	405465.0	83211.0	79226.0	207182.0	178710.0	46574.0	79031.0	24.8	14.0	35.0	19.6
2007-11-27	408228.0	87604.0	77064.0	209414.0	191581.0	41711.0	70084.0	24.7	15.3	34.8	21.9
2007-12-04	408771.0	93698.0	82742.0	209913.0	194184.0	39408.0	66093.0	24.7	15.9	34.9	22.5
2007-12-11	424629.0	99191.0	89411.0	215048.0	200334.0	42448.0	66942.0	24.1	16.6	34.4	22.6
2007-12-18	426270.0	93857.0	87957.0	221481.0	203838.0	40175.0	63718.0	24.7	16.5	34.8	22.2
2007-12-24	426176.0	92008.0	85718.0	222642.0	202932.0	40199.0	66199.0	24.8	16.6	34.9	22.7
2007-12-31	427218.0	92240.0	80674.0	222991.0	213163.0	40001.0	61395.0	24.7	16.3	34.8	23.0
2008-01-08	441651.0	96696.0	81906.0	223466.0	217476.0	45417.0	66197.0	23.8	15.7	33.6	22.1
2008-01-15	448274.0	110631.0	81882.0	208982.0	214634.0	45603.0	68700.0	21.4	15.2	31.2	21.8
2008-01-22	451429.0	101943.0	77787.0	217499.0	221478.0	49370.0	69547.0	22.0	16.3	31.6	22.4
2008-01-29	454860.0	97831.0	78730.0	220923.0	218172.0	45618.0	67470.0	21.7	15.1	31.1	20.9
2008-02-05	462934.0	100606.0	75905.0	221126.0	216725.0	39366.0	68468.0	21.2	14.7	31.0	20.6
2008-02-12	449237.0	104265.0	84548.0	218258.0	216916.0	41033.0	62092.0	21.8	15.4	31.9	21.4
2008-02-19	437456.0	103601.0	83493.0	214061.0	213268.0	37105.0	58006.0	22.9	16.4	33.0	22.7
2008-02-26	426889.0	102564.0	72040.0	211669.0	219811.0	36042.0	58424.0	24.7	17.4	34.9	23.3
2008-03-04	397308.0	95174.0	69405.0	200641.0	210147.0	35852.0	52115.0	25.5	16.6	35.9	23.0
2008-03-11	408559.0	92551.0	64754.0	211310.0	219908.0	35457.0	54656.0	26.1	17.0	36.1	23.6
2008-03-18	406703.0	93139.0	64480.0	209984.0	220949.0	31662.0	49356.0	25.9	16.4	35.7	22.9
2008-03-25	393930.0	91859.0	60860.0	202268.0	214056.0	31380.0	50591.0	25.6	16.4	35.8	23.0
2008-04-01	380186.0	93078.0	62006.0	195173.0	208576.0	32078.0	49747.0	24.8	17.3	35.2	24.1
2008-04-08	378560.0	89544.0	61773.0	201446.0	210762.0	31320.0	49775.0	25.6	18.2	36.6	24.5
2008-04-15	379563.0	92002.0	66997.0	203628.0	209299.0	30483.0	49817.0	25.6	17.4	36.7	24.1
2008-04-22	369369.0	93207.0	67383.0	196731.0	203066.0	29002.0	48491.0	26.4	17.7	37.6	24.8
2008-04-29	365119.0	88013.0	68494.0	197347.0	196768.0	29374.0	49472.0	26.5	17.2	38.0	24.5
2008-05-06	366596.0	91441.0	78390.0	200315.0	194653.0	28359.0	47072.0	26.4	17.4	38.4	24.6
2008-05-13	362266.0	88463.0	82380.0	199400.0	186374.0	27008.0	46117.0	26.7	16.3	38.8	23.4
2008-05-20	369030.0	91522.0	85292.0	203305.0	188975.0	25747.0	46307.0	25.3	16.6	37.8	23.5
2008-05-27	358385.0	83146.0	84107.0	202290.0	178110.0	24578.0	47797.0	25.7	15.2	38.8	21.7
2008-06-03	367197.0	84981.0	82978.0	200579.0	178740.0	27544.0	51386.0	25.1	14.8	38.1	21.0
2008-06-10	360132.0	87470.0	89852.0	193745.0	167057.0	26201.0	50507.0	24.7	14.9	38.3	20.5
2008-06-17	362126.0	83236.0	85643.0	194200.0	170893.0	30722.0	51622.0	24.0	14.2	37.3	21.2
2008-06-24	349615.0	80453.0	76863.0	191393.0	172749.0	30105.0	52339.0	24.7	15.2	38.2	23.3
2008-07-01	340835.0	79201.0	73377.0	188310.0	171781.0	26070.0	48423.0	25.0	15.8	39.7	24.6
2008-07-08	329197.0	73359.0	79542.0	189229.0	162212.0	24133.0	44967.0	26.4	15.0	41.6	23.4
2008-07-15	331716.0	76798.0	82143.0	188433.0	160799.0	24396.0	46685.0	26.3	15.3	41.2	23.4
2008-07-22	331426.0	80439.0	77439.0	185122.0	163997.0	23084.0	47209.0	25.8	17.0	40.5	24.4
2008-07-29	329028.0	76830.0	74763.0	181767.0	158671.0	25508.0	50671.0	25.6	17.3	39.9	23.6
2008-08-05	340475.0	79193.0	73158.0	182701.0	162128.0	26579.0	53187.0	24.6	16.8	37.4	22.9
2008-08-12	335655.0	77049.0	71476.0	176202.0	156159.0	26692.0	52308.0	24.7	17.6	37.6	23.2
2008-08-19	328791.0	73075.0	66417.0	173693.0	156993.0	27447.0	50805.0	25.2	18.7	38.4	23.7
2008-08-26	324919.0	70032.0	63600.0	177295.0	161831.0	26369.0	48265.0	25.8	19.9	38.8	24.8
2008-09-02	299301.0	71705.0	70720.0	164036.0	141841.0	25351.0	48531.0	25.9	18.4	39.6	23.5
2008-09-09	293311.0	70030.0	73671.0	162769.0	134135.0	21753.0	46746.0	25.9	16.8	40.0	21.8
2008-09-16	302474.0	70577.0	81353.0	162957.0	126360.0	31052.0	56873.0	22.5	12.9	37.3	18.0
2008-09-23	292219.0	69405.0	78600.0	161303.0	128604.0	22885.0	46389.0	23.7	13.7	38.3	19.2
2008-09-30	287417.0	66162.0	74731.0	157218.0	122754.0	21826.0	47721.0	23.8	12.8	37.6	18.5
2008-10-07	282510.0	67187.0	79704.0	152010.0	114723.0	21031.0	45801.0	23.2	11.1	37.0	17.1
2008-10-14	276915.0	65437.0	79575.0	147279.0	111314.0	22372.0	44199.0	22.9	10.9	36.3	17.4
2008-10-21	276812.0	65777.0	82787.0	142927.0	104487.0	22110.0	43540.0	22.1	10.5	35.2	16.9
2008-10-28	273500.0	64716.0	77860.0	136309.0	105651.0	21043.0	38557.0	21.2	10.3	34.1	17.1
2008-11-04	282821.0	69907.0	71173.0	130867.0	110126.0	26516.0	45991.0	20.1	11.0	32.1	17.8
2008-11-11	286660.0	66645.0	74914.0	132168.0	102777.0	26931.0	48053.0	19.3	9.5	31.0	15.2
2008-11-18	297518.0	68830.0	68897.0	140226.0	117548.0	23628.0	46239.0	17.9	10.0	28.0	15.9
2008-11-25	266639.0	56183.0	61395.0	137093.0	112835.0	26682.0	45728.0	20.0	11.2	32.3	17.5
2008-12-02	254483.0	53407.0	68392.0	141549.0	105280.0	21363.0	42647.0	21.2	11.4	35.2	17.5
2008-12-09	252104.0	55151.0	72830.0	139194.0	98756.0	20899.0	43658.0	20.9	10.5	34.8	16.6
2008-12-16	254224.0	57815.0	64474.0	137486.0	110789.0	22312.0	42350.0	20.5	13.3	34.3	20.0
2008-12-22	247141.0	59192.0	66297.0	136633.0	109435.0	20582.0	40675.0	22.5	13.4	36.7	20.2
2008-12-30	247329.0	58888.0	63690.0	138624.0	114445.0	21307.0	40684.0	22.7	13.5	36.9	20.4
2009-01-06	261745.0	61496.0	66376.0	143998.0	120540.0	23214.0	41792.0	22.6	13.5	36.9	19.7
2009-01-13	266099.0	60994.0	70040.0	145553.0	116215.0	22779.0	43071.0	22.3	11.6	36.3	17.4
2009-01-20	271392.0	58496.0	75359.0	150694.0	111021.0	22222.0	45032.0	22.3	9.6	36.1	15.5
2009-01-27	278873.0	59586.0	72052.0	147916.0	115120.0	26454.0	46784.0	21.3	10.5	34.8	16.5
2009-02-03	283752.0	58975.0	69066.0	149108.0	116872.0	26155.0	48300.0	20.6	9.9	33.0	16.0
2009-02-10	305491.0	61096.0	75931.0	146728.0	111287.0	27925.0	48531.0	19.4	9.8	31.6	15.7
2009-02-17	312379.0	60446.0	77701.0	149693.0	111703.0	27322.0	48057.0	18.2	8.9	30.1	14.7
2009-02-24	291739.0	60294.0	72034.0	149035.0	115689.0	27021.0	48627.0	19.4	10.2	32.5	16.7
2009-03-03	280732.0	60344.0	78995.0	146602.0	109642.0	25872.0	44181.0	20.4	10.4	33.7	17.0
2009-03-10	283343.0	62666.0	77628.0	145875.0	113543.0	25368.0	42738.0	20.0	10.4	33.1	17.1
2009-03-17	292886.0	65958.0	72172.0	145307.0	121573.0	25799.0	43319.0	19.3	11.2	32.2	17.3
2009-03-24	297464.0	66258.0	68616.0	143485.0	123241.0	26975.0	44861.0	19.9	11.1	32.6	16.8
2009-03-31	314959.0	65390.0	77054.0	149318.0	119390.0	27712.0	45976.0	19.6	9.2	32.0	14.6
2009-04-07	315317.0	67766.0	74271.0	153526.0	130537.0	27442.0	43926.0	20.6	11.4	32.9	17.5
2009-04-14	310601.0	67401.0	75997.0	151109.0	123121.0	27127.0	46519.0	21.6	11.3	34.2	17.4
2009-04-21	310657.0	65597.0	86138.0	153935.0	115027.0	27800.0	46167.0	22.1	9.6	35.0	15.5
2009-04-28	304001.0	68169.0	85114.0	151359.0	116250.0	28882.0	47046.0	22.2	10.8	35.6	17.0
2009-05-05	287498.0	77091.0	80871.0	146085.0	126078.0	28014.0	44241.0	22.5	15.0	36.7	21.3
2009-05-12	299792.0	83667.0	78565.0	147777.0	137621.0	28169.0	43427.0	21.7	17.0	35.5	24.3
2009-05-19	300924.0	83218.0	77000.0	151522.0	142803.0	26999.0	41936.0	22.1	17.9	36.0	25.3
2009-05-26	313995.0	87795.0	78124.0	156963.0	153310.0	27719.0	41043.0	21.7	18.8	35.3	26.2
2009-06-02	346018.0	100134.0	84588.0	165873.0	167191.0	29456.0	43684.0	21.0	19.9	33.5	27.2
2009-06-09	341840.0	86529.0	79056.0	165116.0	161527.0	36796.0	47858.0	21.3	18.4	33.8	25.7
2009-06-16	341296.0	79974.0	79219.0	166580.0	153756.0	32637.0	46216.0	21.7	16.8	34.3	23.0
2009-06-23	335744.0	73757.0	79170.0	165650.0	146314.0	33769.0	47692.0	22.7	15.2	35.4	22.0
2009-06-30	312061.0	77751.0	87256.0	162162.0	133226.0	26565.0	45996.0	24.7	14.8	38.5	22.8
2009-07-07	314571.0	72566.0	96116.0	167235.0	127092.0	27970.0	44563.0	26.2	13.9	41.5	20.7
2009-07-14	310916.0	69953.0	95366.0	165392.0	124069.0	26507.0	42417.0	26.2	13.4	41.7	20.7
2009-07-21	318042.0	75811.0	97160.0	163303.0	124732.0	27857.0	45079.0	25.8	13.1	41.1	20.5
2009-07-28	323218.0	75520.0	97612.0	165541.0	125406.0	27891.0	45934.0	25.5	13.0	40.7	20.3
2009-08-04	322431.0	75933.0	97574.0	166518.0	130979.0	29194.0	43092.0	26.2	13.8	40.8	20.6
2009-08-11	324507.0	76542.0	103170.0	172226.0	126183.0	25596.0	45011.0	25.7	11.6	40.1	19.1
2009-08-18	327187.0	75176.0	103602.0	178469.0	129689.0	26493.0	46847.0	25.7	12.5	40.3	20.0
2009-08-25	332782.0	71713.0	99990.0	173009.0	126532.0	28498.0	46698.0	25.0	12.8	39.5	19.9
2009-09-01	311277.0	73437.0	111173.0	169005.0	111660.0	26065.0	45674.0	26.9	14.0	42.9	21.2
2009-09-08	311238.0	72077.0	110032.0	171982.0	114931.0	25261.0	44357.0	26.6	14.3	42.9	21.4
2009-09-15	319544.0	74308.0	110491.0	172733.0	119627.0	27333.0	44256.0	25.6	14.1	41.5	21.1
2009-09-22	326160.0	75807.0	110584.0	177243.0	124830.0	26617.0	44253.0	25.4	14.6	41.0	21.4
2009-09-29	332810.0	79450.0	108410.0	178744.0	130525.0	30424.0	49683.0	25.2	15.7	40.7	22.7
2009-10-06	330517.0	81791.0	113325.0	179661.0	131418.0	29476.0	46185.0	25.5	15.6	41.1	22.2
2009-10-13	330826.0	81100.0	101655.0	176432.0	141021.0	29994.0	44850.0	24.7	15.9	40.4	22.6
2009-10-20	330268.0	80963.0	96644.0	179041.0	148965.0	30225.0	44620.0	24.3	17.7	40.2	24.1
2009-10-27	331104.0	76131.0	94776.0	181518.0	148485.0	32902.0	47290.0	24.2	17.1	39.2	22.8
2009-11-03	340247.0	70743.0	93275.0	191136.0	154939.0	28335.0	42000.0	25.0	17.0	40.2	23.1
2009-11-09	351135.0	69272.0	93564.0	195245.0	156405.0	33108.0	47656.0	23.8	15.8	39.0	22.1
2009-11-17	378252.0	72561.0	89634.0	208354.0	175602.0	37884.0	53563.0	22.6	17.5	37.1	24.0
2009-11-24	350292.0	73380.0	79464.0	201988.0	178593.0	29073.0	46384.0	23.9	20.7	40.0	27.9
2009-12-01	350975.0	75079.0	76772.0	200624.0	183273.0	29582.0	45240.0	24.3	22.1	40.6	29.8
2009-12-08	345217.0	73174.0	74141.0	198146.0	178681.0	29200.0	47698.0	24.7	21.3	41.3	29.0
2009-12-15	355722.0	72586.0	79698.0	205284.0	177244.0	29213.0	50141.0	23.2	19.4	39.4	26.1
2009-12-22	359029.0	68953.0	93749.0	212188.0	166293.0	26037.0	47136.0	23.4	16.9	39.5	23.6
2009-12-29	361424.0	69686.0	95554.0	211713.0	167466.0	27416.0	45795.0	23.6	17.2	39.7	24.0
2010-01-05	363299.0	72253.0	92879.0	210821.0	174056.0	27443.0	43582.0	23.3	17.9	39.3	24.4
2010-01-12	382064.0	76399.0	99948.0	223647.0	180677.0	28775.0	48196.0	24.4	17.8	40.8	23.8
2010-01-19	393291.0	73416.0	109258.0	237061.0	179059.0	29836.0	51996.0	26.0	16.4	42.6	22.4
2010-01-26	401938.0	73134.0	121961.0	242836.0	171981.0	30874.0	52902.0	26.1	13.4	42.7	19.8
2010-02-02	429310.0	71706.0	124587.0	256989.0	185284.0	33311.0	52135.0	24.7	11.5	39.6	17.5
2010-02-09	434580.0	72492.0	132949.0	256810.0	174156.0	33221.0	55418.0	24.5	9.6	39.3	15.3
2010-02-16	442610.0	77602.0	128797.0	257038.0	185307.0	34514.0	55050.0	24.0	11.2	39.2	17.0
2010-02-23	423126.0	74418.0	116462.0	246983.0	184712.0	32272.0	52499.0	25.5	13.5	41.3	19.8
2010-03-02	418958.0	75334.0	114289.0	249160.0	188657.0	30690.0	52238.0	26.6	14.6	42.8	21.1
2010-03-09	422362.0	74562.0	112088.0	248888.0	189118.0	31455.0	53699.0	26.3	14.2	42.2	20.5
2010-03-16	426552.0	73363.0	117138.0	251157.0	186528.0	31513.0	52367.0	26.6	13.5	42.4	20.0
2010-03-23	431145.0	71697.0	119821.0	256372.0	188603.0	31982.0	51627.0	26.6	12.5	42.4	19.0
2010-03-30	443007.0	72142.0	128858.0	265340.0	189755.0	32921.0	51790.0	26.0	11.6	41.4	18.1
2010-04-06	460651.0	76443.0	131870.0	273185.0	196712.0	34338.0	55384.0	25.4	12.2	40.2	18.9
2010-04-13	465580.0	76724.0	127379.0	272246.0	201436.0	35218.0	55373.0	25.2	12.9	39.9	19.8
2010-04-20	453885.0	75068.0	119474.0	272120.0	207222.0	31999.0	52491.0	25.9	13.8	41.3	20.9
2010-04-27	451749.0	72329.0	112550.0	274392.0	214244.0	32627.0	52554.0	25.9	14.9	41.8	22.2
2010-05-04	452413.0	77355.0	111100.0	278551.0	223958.0	30574.0	51422.0	26.0	16.0	42.5	23.7
2010-05-11	454988.0	74172.0	111065.0	286746.0	229313.0	31658.0	52198.0	26.5	15.6	42.7	23.5
2010-05-18	467393.0	75589.0	123616.0	294047.0	223852.0	32744.0	54912.0	26.1	13.7	41.9	21.7
2010-05-25	488828.0	77653.0	130530.0	303793.0	229155.0	33680.0	55441.0	24.9	13.4	40.0	20.9
2010-06-01	500642.0	77147.0	132024.0	308203.0	234379.0	38630.0	57577.0	23.6	13.1	38.2	20.4
2010-06-08	502832.0	87501.0	134838.0	305267.0	237943.0	38874.0	58861.0	22.4	14.0	36.7	21.3
2010-06-15	507055.0	88428.0	144045.0	306069.0	231908.0	40352.0	58896.0	22.5	14.3	36.8	21.8
2010-06-22	479135.0	87026.0	135909.0	290715.0	221102.0	37899.0	58629.0	23.7	15.0	38.2	21.8
2010-06-29	455011.0	83471.0	130590.0	283417.0	212538.0	32982.0	56742.0	23.9	15.8	39.4	23.2
2010-07-06	454067.0	81977.0	117194.0	285335.0	223567.0	32931.0	59482.0	23.9	14.0	38.5	21.7
2010-07-13	466444.0	87494.0	104421.0	284894.0	240014.0	33849.0	61802.0	23.2	14.5	37.2	22.0
2010-07-20	478436.0	99665.0	97330.0	286723.0	263432.0	36195.0	61821.0	22.6	15.9	35.7	23.8
2010-07-27	496806.0	102938.0	95726.0	293844.0	275407.0	37270.0	62919.0	21.5	16.7	34.3	23.6
2010-08-03	499114.0	113260.0	92718.0	295329.0	289944.0	33415.0	59342.0	20.8	16.7	33.5	24.3
2010-08-10	509803.0	116453.0	89496.0	278188.0	283900.0	45202.0	66447.0	20.2	15.8	32.5	22.5
2010-08-17	507278.0	123830.0	90387.0	271729.0	288142.0	42880.0	59910.0	19.5	15.8	31.1	22.4
2010-08-24	505360.0	128269.0	91526.0	272236.0	288194.0	40028.0	60813.0	19.4	15.9	30.9	22.7
2010-08-31	469222.0	109718.0	83848.0	264019.0	271225.0	39405.0	58069.0	20.9	15.7	33.1	21.8
2010-09-07	477770.0	118412.0	86775.0	272196.0	280849.0	33074.0	56058.0	20.9	16.5	33.0	22.9
2010-09-14	491247.0	121393.0	88615.0	270480.0	284445.0	41635.0	60448.0	20.1	15.5	31.8	21.7
2010-09-21	491459.0	115023.0	92162.0	270806.0	277291.0	45304.0	61680.0	20.1	14.6	31.4	20.8
2010-09-28	494772.0	106386.0	96087.0	278015.0	270452.0	43917.0	61779.0	20.2	13.7	31.4	19.2
2010-10-05	500545.0	102683.0	98675.0	291769.0	276251.0	39956.0	59482.0	20.3	13.8	32.1	19.1
2010-10-12	512431.0	104832.0	108424.0	296355.0	276009.0	40424.0	57178.0	19.8	12.8	31.5	17.9
2010-10-19	524268.0	103104.0	105334.0	303980.0	283571.0	41455.0	59634.0	19.4	14.5	30.7	19.3
2010-10-26	527531.0	107644.0	106215.0	298014.0	284443.0	45382.0	60382.0	19.3	15.6	30.9	20.5
2010-11-02	523063.0	116486.0	107625.0	279201.0	277597.0	47494.0	57959.0	19.7	16.9	30.7	21.8
2010-11-09	524694.0	118883.0	110382.0	280182.0	280974.0	52486.0	60195.0	19.7	18.2	30.6	22.9
2010-11-16	502231.0	104490.0	109282.0	287193.0	259230.0	39831.0	63002.0	20.1	16.3	31.5	20.9
2010-11-23	496414.0	100470.0	106971.0	290911.0	259906.0	35785.0	60289.0	20.6	15.7	32.8	20.2
2010-11-30	459421.0	84483.0	103855.0	278107.0	234669.0	36682.0	60748.0	22.2	15.2	36.1	19.7
2010-12-07	479187.0	104258.0	95770.0	272555.0	261435.0	39868.0	59476.0	21.4	19.3	35.1	24.0
2010-12-14	478364.0	108341.0	90384.0	269288.0	268615.0	37427.0	56057.0	21.4	20.3	35.2	24.9
2010-12-21	480241.0	107502.0	86535.0	269284.0	273008.0	39676.0	56919.0	21.2	20.8	34.8	25.5
2010-12-28	488334.0	113353.0	85742.0	269214.0	280903.0	40148.0	56070.0	20.9	21.0	34.5	25.6
2011-01-04	498538.0	110196.0	83644.0	273154.0	284504.0	42289.0	57491.0	20.7	20.6	34.1	25.1
2011-01-11	496375.0	107769.0	82076.0	268841.0	278420.0	41255.0	57369.0	20.1	19.4	32.9	23.9
2011-01-18	506106.0	111199.0	85777.0	270011.0	279822.0	43083.0	58694.0	19.8	18.2	32.0	22.5
2011-01-25	535944.0	122304.0	87913.0	277548.0	298521.0	47472.0	60890.0	18.7	18.2	30.2	22.4
2011-02-01	545753.0	124914.0	89634.0	280251.0	303546.0	49370.0	61355.0	18.2	18.5	29.2	22.7
2011-02-08	562198.0	133987.0	91352.0	280946.0	313523.0	53567.0	63625.0	18.0	19.4	29.2	23.3
2011-02-15	546877.0	125938.0	91745.0	283293.0	304354.0	51386.0	64518.0	18.1	18.1	29.6	22.3
2011-02-22	518419.0	109696.0	90276.0	277693.0	287701.0	52739.0	62151.0	19.4	17.9	31.6	21.8
2011-03-01	484811.0	100281.0	79663.0	262046.0	269666.0	46388.0	59386.0	21.1	19.3	35.4	23.6
2011-03-08	485958.0	97057.0	77507.0	268758.0	275101.0	42748.0	55955.0	21.2	19.2	35.5	23.6
2011-03-15	485753.0	101029.0	79762.0	266984.0	272107.0	41285.0	57429.0	20.4	16.6	34.5	21.4
2011-03-22	475794.0	96187.0	85781.0	263422.0	257588.0	40487.0	56727.0	21.5	16.5	36.1	21.3
2011-03-29	481095.0	96667.0	85802.0	264262.0	257408.0	40048.0	57767.0	21.5	17.9	36.5	22.6
2011-04-05	491848.0	104210.0	83048.0	265313.0	268624.0	39905.0	57756.0	20.6	18.9	34.9	23.7
2011-04-12	489557.0	101739.0	80168.0	271211.0	274895.0	40285.0	58172.0	20.9	19.1	35.1	23.8
2011-04-19	485351.0	104339.0	84373.0	269188.0	273747.0	37674.0	53081.0	20.1	16.8	33.8	21.7
2011-04-26	470608.0	107090.0	84919.0	259384.0	267124.0	38254.0	52685.0	20.3	17.0	34.7	22.2
2011-05-03	460447.0	104193.0	91566.0	256451.0	251889.0	36737.0	53926.0	20.8	15.1	34.8	20.3
2011-05-10	455903.0	100101.0	89939.0	253366.0	243455.0	37023.0	57096.0	20.0	13.5	34.1	19.0
2011-05-17	454539.0	92228.0	96233.0	260854.0	235201.0	37589.0	59237.0	20.2	14.0	33.5	18.8
2011-05-24	460407.0	99002.0	85884.0	250155.0	245817.0	41808.0	59264.0	19.6	15.1	32.5	20.7
2011-05-31	456560.0	100869.0	84872.0	243116.0	240013.0	41037.0	60137.0	19.7	15.2	32.4	20.7
2011-06-07	455705.0	93618.0	91287.0	245328.0	229794.0	45726.0	63591.0	20.9	16.3	33.0	21.4
2011-06-14	448306.0	94854.0	101072.0	242958.0	216188.0	44395.0	64947.0	21.6	15.6	34.4	20.6
2011-06-21	457077.0	89720.0	116648.0	255182.0	209124.0	44606.0	63736.0	21.3	14.2	33.9	19.3
2011-06-28	430282.0	82378.0	110168.0	241513.0	195398.0	43582.0	61907.0	22.9	17.0	36.6	21.7
2011-07-05	433994.0	82421.0	118125.0	248041.0	192312.0	41649.0	61674.0	23.8	17.7	37.8	22.6
2011-07-12	434108.0	80703.0	113423.0	248555.0	195825.0	41794.0	61804.0	23.4	16.6	37.9	21.9
2011-07-19	426110.0	78825.0	105496.0	237581.0	189105.0	40590.0	62395.0	22.7	14.3	37.4	19.8
2011-07-26	420557.0	75214.0	111378.0	241629.0	182751.0	39374.0	62088.0	23.4	13.5	38.1	19.2
2011-08-02	431604.0	76012.0	117384.0	251646.0	186420.0	40482.0	64336.0	22.9	12.7	37.5	18.1
2011-08-09	424160.0	77457.0	116982.0	245069.0	181592.0	38286.0	62238.0	22.2	12.2	36.7	17.6
2011-08-16	434710.0	81118.0	113611.0	251119.0	196713.0	38943.0	60856.0	22.7	14.0	36.9	19.0
2011-08-23	431598.0	82181.0	111614.0	248577.0	197418.0	37395.0	59121.0	23.3	15.1	37.9	19.7
2011-08-30	409734.0	79135.0	93575.0	235074.0	197493.0	35091.0	58232.0	24.6	15.7	39.2	20.7
2011-09-06	401087.0	77307.0	89198.0	230990.0	194741.0	31279.0	55637.0	24.3	15.7	39.4	20.9
2011-09-13	406585.0	74796.0	105002.0	236003.0	182243.0	32681.0	56235.0	24.1	13.3	39.2	18.9
2011-09-20	417381.0	76810.0	116991.0	241179.0	177281.0	34411.0	58128.0	23.1	12.6	37.8	18.2
2011-09-27	420106.0	75031.0	125108.0	247899.0	175278.0	33461.0	56005.0	24.0	12.6	38.1	18.1
2011-10-04	420266.0	74525.0	118042.0	247216.0	179368.0	32980.0	57311.0	23.2	12.8	37.0	18.3
2011-10-11	416335.0	70936.0	119111.0	252258.0	179434.0	29681.0	54330.0	23.5	11.9	37.2	17.7
2011-10-18	429422.0	74330.0	126902.0	250959.0	176841.0	34792.0	56338.0	22.7	11.8	36.3	17.4
2011-10-25	428942.0	77319.0	123929.0	248684.0	179682.0	36669.0	59061.0	22.6	12.4	36.0	17.6
2011-11-01	433325.0	75933.0	127717.0	253857.0	178911.0	34467.0	57629.0	22.0	11.5	35.4	16.9
2011-11-08	426394.0	77019.0	119658.0	245255.0	178983.0	40273.0	63906.0	22.1	12.1	35.7	17.5
2011-11-15	414093.0	77160.0	126414.0	243139.0	167588.0	38682.0	64979.0	22.3	10.8	35.6	16.5
2011-11-22	403472.0	77803.0	134123.0	238964.0	156629.0	33791.0	59806.0	22.9	10.0	36.2	15.4
2011-11-29	369175.0	73037.0	125148.0	221376.0	144961.0	32044.0	56348.0	25.0	10.6	39.2	16.5
2011-12-06	374207.0	80045.0	127723.0	215071.0	144074.0	29745.0	53064.0	25.1	11.0	39.1	16.7
2011-12-13	375516.0	78580.0	130671.0	216236.0	140954.0	31058.0	54249.0	25.3	10.2	39.1	15.7
2011-12-20	379635.0	76324.0	130025.0	218205.0	141941.0	32751.0	55314.0	25.0	10.2	38.3	15.8
2011-12-27	380892.0	74449.0	119190.0	219603.0	152962.0	31594.0	53494.0	25.2	11.3	38.2	17.1
2012-01-03	386401.0	72938.0	117031.0	218806.0	153304.0	32390.0	53799.0	24.8	10.6	37.5	16.6
2012-01-10	407663.0	73709.0	129018.0	231286.0	156284.0	35167.0	54860.0	23.8	10.5	35.9	16.2
2012-01-17	443914.0	76396.0	138941.0	253940.0	166018.0	35816.0	61193.0	22.8	9.6	35.2	14.3
2012-01-24	464863.0	85774.0	145157.0	258171.0	177319.0	37768.0	59237.0	22.2	9.8	33.8	15.0
2012-01-31	469173.0	92543.0	134404.0	261330.0	196656.0	34619.0	57432.0	21.7	11.6	33.6	16.9
2012-02-07	458559.0	86350.0	128032.0	255104.0	194177.0	37760.0	57005.0	21.8	11.2	34.4	16.7
2012-02-14	449066.0	86991.0	139884.0	251767.0	179296.0	38090.0	57668.0	22.5	12.0	35.4	18.0
2012-02-21	463814.0	93437.0	150109.0	254056.0	181513.0	38259.0	54130.0	21.4	12.9	33.2	19.3
2012-02-28	446757.0	91830.0	142027.0	244615.0	180322.0	37087.0	51183.0	22.6	15.0	34.9	21.2
2012-03-06	438188.0	92927.0	123471.0	231002.0	184137.0	37081.0	53402.0	22.8	15.3	35.4	21.6
2012-03-13	441469.0	93656.0	134821.0	230974.0	176193.0	39378.0	52994.0	22.6	14.0	35.2	20.2
2012-03-20	447102.0	92536.0	130924.0	236280.0	185343.0	39203.0	51752.0	22.4	13.8	34.9	20.5
2012-03-27	448665.0	92885.0	130999.0	236752.0	183596.0	35976.0	51018.0	22.9	13.6	35.5	20.5
2012-04-03	466165.0	95897.0	137698.0	256780.0	198068.0	32944.0	49855.0	22.1	13.5	35.5	20.9
2012-04-10	471658.0	94472.0	145897.0	261641.0	189330.0	31806.0	52692.0	21.8	11.6	35.0	18.6
2012-04-17	468429.0	95612.0	154786.0	260372.0	181412.0	32299.0	52085.0	22.4	11.3	36.1	18.2
2012-04-24	456752.0	100754.0	154525.0	256911.0	180622.0	30913.0	53431.0	22.9	11.9	36.5	19.1
2012-05-01	427502.0	107009.0	146462.0	232282.0	170251.0	27300.0	49878.0	23.9	13.3	37.6	20.6
2012-05-08	438240.0	106903.0	165787.0	243750.0	158974.0	27281.0	53173.0	23.2	10.9	36.5	18.2
2012-05-15	438113.0	107213.0	167966.0	242992.0	157918.0	28655.0	52976.0	22.9	9.7	36.3	17.8
2012-05-22	420479.0	109235.0	115367.0	222482.0	198777.0	28783.0	46356.0	22.7	15.4	35.6	22.3
2012-05-29	429748.0	110615.0	109983.0	222312.0	204338.0	28172.0	46778.0	21.2	15.4	33.9	22.6
2012-06-05	429358.0	111725.0	125350.0	229964.0	191706.0	27944.0	52577.0	19.7	11.6	32.1	19.1
2012-06-12	425104.0	116681.0	130149.0	219709.0	180933.0	28174.0	53482.0	20.4	11.0	32.8	19.8
2012-06-19	432390.0	117175.0	134056.0	228076.0	187500.0	27978.0	51673.0	19.5	13.0	32.2	21.3
2012-06-26	412616.0	122691.0	102576.0	208661.0	208739.0	30053.0	50090.0	20.1	15.5	32.0	23.7
2012-07-03	423551.0	124942.0	98847.0	204961.0	213493.0	31291.0	48854.0	20.1	14.8	31.6	22.5
2012-07-10	433284.0	132529.0	95661.0	205115.0	225592.0	34461.0	50852.0	18.9	14.9	29.7	22.4
2012-07-17	452610.0	148006.0	97175.0	203568.0	240157.0	35396.0	49638.0	17.9	14.8	28.4	21.7
2012-07-24	466862.0	155108.0	97990.0	200743.0	242733.0	38635.0	53763.0	17.3	15.3	28.2	22.0
2012-07-31	467567.0	154522.0	99605.0	204284.0	247287.0	37132.0	49046.0	16.8	16.0	28.5	22.9
2012-08-07	463143.0	156712.0	99594.0	203205.0	248359.0	38112.0	50076.0	17.0	16.0	28.5	23.1
2012-08-14	450799.0	155000.0	99465.0	197897.0	238740.0	37671.0	52363.0	17.7	16.1	28.8	23.3
2012-08-21	465495.0	159635.0	100134.0	203007.0	250351.0	38795.0	50952.0	17.1	16.1	28.2	23.2
2012-08-28	443119.0	149899.0	96329.0	197013.0	235883.0	36158.0	50858.0	17.9	15.2	29.4	23.1
2012-09-04	445142.0	157905.0	102336.0	191697.0	232820.0	36026.0	50472.0	17.7	15.7	29.8	24.3
2012-09-11	445975.0	158654.0	108029.0	191281.0	228125.0	35732.0	49513.0	17.4	15.6	29.5	24.0
2012-09-18	452472.0	164026.0	108098.0	189803.0	229859.0	36351.0	52223.0	17.4	15.0	29.4	23.0
2012-09-25	451415.0	164205.0	104926.0	188203.0	230687.0	35838.0	52633.0	17.4	14.9	28.8	22.6
2012-10-02	456198.0	158209.0	104064.0	190963.0	230990.0	36198.0	50316.0	16.7	15.1	28.0	22.5
2012-10-09	453740.0	149594.0	103352.0	193918.0	228749.0	37537.0	48948.0	16.4	14.7	27.8	22.0
2012-10-16	462288.0	144207.0	104308.0	204465.0	230791.0	37647.0	51220.0	16.6	13.8	27.3	20.7
2012-10-23	464734.0	153074.0	103942.0	199540.0	236757.0	36995.0	48910.0	16.4	15.1	27.1	21.7
2012-10-30	465001.0	150651.0	107664.0	196396.0	229881.0	39173.0	48675.0	16.5	14.7	26.9	21.3
2012-11-06	466690.0	151399.0	105636.0	198685.0	237206.0	42607.0	49849.0	16.8	16.0	27.2	22.8
2012-11-13	493077.0	159362.0	109682.0	211821.0	244337.0	36753.0	53917.0	16.1	14.9	25.9	21.6
2012-11-20	494374.0	141105.0	107930.0	225198.0	245223.0	38137.0	51287.0	16.1	14.6	26.0	21.6
2012-11-27	461646.0	130247.0	97588.0	207396.0	230809.0	41949.0	51195.0	16.8	17.0	28.1	24.6
2012-12-04	444444.0	121501.0	94674.0	203134.0	217067.0	38295.0	51189.0	17.5	18.0	29.2	25.3
2012-12-11	440864.0	114206.0	107168.0	209958.0	201260.0	37377.0	53113.0	17.7	17.0	29.8	24.0
2012-12-18	440870.0	111271.0	121373.0	225556.0	196451.0	33034.0	52037.0	17.5	16.3	29.9	23.0
2012-12-24	448550.0	106352.0	125911.0	236460.0	197621.0	30867.0	50147.0	17.5	16.2	30.5	23.3
2012-12-31	456334.0	106391.0	129844.0	244994.0	203148.0	32187.0	50580.0	18.5	17.4	31.3	24.2
2013-01-08	472278.0	108817.0	129700.0	247331.0	208830.0	35098.0	52716.0	18.2	18.6	30.3	24.9
2013-01-15	460271.0	110117.0	122951.0	230022.0	203916.0	38301.0	51573.0	15.9	17.4	26.4	23.8
2013-01-22	459061.0	106432.0	123064.0	228661.0	199186.0	37485.0	50328.0	15.9	17.2	26.2	23.6
2013-01-29	457933.0	112235.0	119659.0	220326.0	199340.0	38024.0	51586.0	15.8	15.8	26.1	22.4
2013-02-05	467801.0	121759.0	138412.0	224745.0	193523.0	37623.0	52192.0	15.5	14.5	25.8	21.7
2013-02-12	490136.0	118765.0	139587.0	225471.0	187746.0	40016.0	56919.0	14.0	12.6	23.8	19.2
2013-02-19	483373.0	117079.0	147464.0	225623.0	177477.0	38641.0	56402.0	13.3	12.4	23.4	19.2
2013-02-26	452291.0	107308.0	151075.0	220376.0	158981.0	37491.0	55119.0	14.5	13.3	25.4	20.4
2013-03-05	460888.0	111687.0	153893.0	217785.0	158297.0	37497.0	54779.0	13.9	13.7	24.1	20.7
2013-03-12	470321.0	121112.0	154210.0	215626.0	163928.0	37253.0	55853.0	13.6	12.8	23.4	19.7
2013-03-19	453923.0	123368.0	148428.0	206017.0	164242.0	37020.0	53735.0	14.1	13.0	24.2	20.4
2013-03-26	453242.0	126325.0	143382.0	202610.0	171017.0	36503.0	51039.0	14.2	13.3	24.3	20.7
2013-04-02	438095.0	122536.0	144822.0	191185.0	151290.0	36958.0	54567.0	14.5	10.2	25.0	16.8
2013-04-09	440638.0	117060.0	138241.0	197510.0	157507.0	35395.0	54217.0	14.9	10.8	24.7	17.4
2013-04-16	441110.0	114601.0	141960.0	208870.0	159765.0	32903.0	54649.0	14.6	10.3	24.5	17.3
2013-04-23	431423.0	116520.0	140068.0	202037.0	157747.0	34065.0	54807.0	15.3	10.9	25.7	17.7
2013-04-30	407082.0	118958.0	130439.0	185955.0	157796.0	32797.0	49475.0	16.1	14.1	27.5	20.9
2013-05-07	412883.0	115456.0	132191.0	191785.0	155875.0	30243.0	49418.0	16.2	13.1	27.6	18.9
2013-05-14	403380.0	116137.0	139819.0	187572.0	148074.0	31718.0	47534.0	16.4	12.5	28.0	18.5
2013-05-21	414221.0	112010.0	157112.0	197141.0	130843.0	32170.0	53366.0	16.3	10.6	27.5	17.2
2013-05-28	415805.0	113778.0	153434.0	196437.0	137833.0	33746.0	52694.0	16.6	10.9	27.5	17.6
2013-06-04	428452.0	119950.0	148665.0	201233.0	152763.0	32749.0	52504.0	15.1	11.5	25.6	18.2
2013-06-11	418531.0	115052.0	145685.0	195137.0	143867.0	32132.0	52769.0	15.7	11.7	26.5	18.0
2013-06-18	421328.0	111836.0	154837.0	204671.0	139322.0	31690.0	54038.0	16.5	10.5	27.6	17.4
2013-06-25	388909.0	113075.0	140485.0	180927.0	133261.0	31170.0	51426.0	17.5	10.8	27.6	18.4
2013-07-02	414335.0	115184.0	160714.0	199484.0	121500.0	29311.0	61765.0	16.3	9.3	26.0	16.4
2013-07-09	404010.0	114668.0	163382.0	188003.0	122853.0	29744.0	46180.0	16.4	10.0	26.5	17.6
2013-07-16	402864.0	119702.0	159391.0	183629.0	122104.0	29941.0	51777.0	16.7	10.2	26.9	17.8
2013-07-23	404401.0	120056.0	173336.0	184052.0	109639.0	30543.0	51676.0	16.5	10.7	27.5	18.2
2013-07-30	405019.0	126595.0	171146.0	178994.0	115057.0	32185.0	51571.0	15.5	10.8	26.7	19.0
2013-08-06	408755.0	131097.0	178360.0	184407.0	119728.0	32156.0	49572.0	15.6	10.5	26.1	18.9
2013-08-13	418933.0	131162.0	180225.0	188916.0	119854.0	32556.0	52555.0	15.6	10.3	25.4	18.0
2013-08-20	404468.0	128304.0	179035.0	186842.0	117345.0	31085.0	49851.0	16.2	10.8	26.7	19.4
2013-08-27	369443.0	126301.0	166375.0	173537.0	117196.0	30148.0	46415.0	17.7	14.1	28.9	22.7
2013-09-03	358179.0	122601.0	169332.0	171124.0	107475.0	27584.0	44502.0	18.0	13.1	29.9	22.1
2013-09-10	354855.0	121207.0	174785.0	172555.0	102429.0	26420.0	42968.0	18.2	13.4	30.4	22.5
2013-09-17	356151.0	119745.0	175573.0	175610.0	101555.0	26536.0	44763.0	18.1	13.5	30.6	22.8
2013-09-24	359940.0	123474.0	164869.0	171751.0	113221.0	28607.0	45742.0	17.7	15.1	29.9	23.1
2013-10-01	356627.0	123035.0	132138.0	165169.0	140701.0	30379.0	45744.0	18.0	16.6	30.1	23.7
2013-10-08	366070.0	131204.0	124018.0	163332.0	154409.0	30571.0	46680.0	17.3	17.1	28.9	24.6
2013-10-15	366928.0	128517.0	120913.0	167956.0	159246.0	28870.0	45184.0	17.2	17.0	28.6	24.3
2013-10-22	374948.0	131934.0	121718.0	166347.0	162349.0	33655.0	47869.0	16.9	16.7	28.0	23.9
2013-10-29	364164.0	125845.0	124619.0	162828.0	143564.0	31755.0	52245.0	17.1	12.9	28.6	20.3
2013-11-05	364997.0	114627.0	137911.0	173041.0	124231.0	29056.0	54582.0	16.3	10.7	27.9	18.2
2013-11-12	403150.0	122528.0	170729.0	192558.0	120926.0	30985.0	54416.0	14.6	10.8	25.7	19.1
2013-11-19	412986.0	128761.0	183840.0	196166.0	122175.0	30846.0	49758.0	14.4	10.5	25.2	18.9
2013-11-26	391824.0	129275.0	188532.0	178950.0	102787.0	30473.0	47379.0	15.1	11.3	25.4	20.4
2013-12-03	386676.0	128983.0	183192.0	175930.0	102856.0	27458.0	46323.0	15.7	10.9	26.7	19.4
2013-12-10	388309.0	122951.0	185251.0	179619.0	97165.0	28322.0	48476.0	16.2	11.0	27.1	18.9
