2005-01-04	604517.0	81565.0	174000.0	399972.0	269866.0	94112.0	131783.0	16.4	15.2	27.0	20.4
2005-01-11	613073.0	84505.0	151441.0	403455.0	294807.0	96565.0	138277.0	17.4	15.4	28.2	20.4
2005-01-18	631557.0	80205.0	194209.0	420238.0	265788.0	100499.0	140945.0	17.9	13.0	28.9	17.4
2005-01-25	644934.0	73589.0	186076.0	402070.0	244588.0	127892.0	172887.0	17.9	12.1	28.6	16.8
2005-02-01	649713.0	72550.0	186587.0	404328.0	244356.0	139480.0	185415.0	17.9	11.2	28.9	15.7
2005-02-08	657417.0	73417.0	187682.0	405269.0	246208.0	141138.0	185934.0	17.7	10.3	28.4	14.9
2005-02-15	671800.0	80890.0	165545.0	392497.0	262472.0	140532.0	185902.0	17.3	11.5	27.5	16.4
2005-02-22	644026.0	93992.0	139378.0	377930.0	279496.0	135428.0	188476.0	18.1	12.7	28.2	17.7
2005-03-01	638828.0	106792.0	98378.0	372875.0	306519.0	115230.0	190000.0	18.1	13.5	28.7	18.3
2005-03-08	639795.0	113533.0	87054.0	372046.0	317721.0	112401.0	193205.0	18.1	13.6	28.8	18.1
2005-03-15	684070.0	129039.0	79696.0	396410.0	362527.0	121550.0	204776.0	17.1	14.0	27.0	18.4
2005-03-22	676579.0	119921.0	70903.0	405743.0	364059.0	115181.0	205883.0	17.1	12.9	27.3	17.1
2005-03-29	667485.0	114254.0	80457.0	404092.0	349232.0	114492.0	203149.0	17.0	11.1	27.2	16.1
2005-04-05	678519.0	107584.0	93084.0	408035.0	330125.0	118374.0	210784.0	17.1	9.4	27.1	14.3
2005-04-12	665828.0	107598.0	112155.0	402999.0	312253.0	119708.0	205897.0	17.8	9.5	27.3	14.5
2005-04-19	687682.0	106014.0	116181.0	416449.0	331968.0	121681.0	195995.0	20.5	11.0	29.9	16.1
2005-04-26	663789.0	93609.0	101678.0	407039.0	328326.0	123896.0	194540.0	21.7	13.0	31.2	18.0
2005-05-03	673304.0	99970.0	133257.0	415888.0	307549.0	112728.0	187780.0	22.4	15.4	31.8	19.6
2005-05-10	683390.0	105734.0	148997.0	416550.0	308284.0	119084.0	184087.0	22.5	16.8	31.7	21.0
2005-05-17	677053.0	101287.0	156727.0	414245.0	300653.0	119891.0	178043.0	22.7	17.1	32.2	21.3
2005-05-24	668196.0	95158.0	104649.0	396706.0	318029.0	120650.0	189836.0	22.5	14.7	32.2	19.0
2005-05-31	685379.0	97553.0	97219.0	405082.0	337944.0	124482.0	191954.0	21.6	15.2	32.2	19.5
2005-06-07	682827.0	99429.0	91099.0	397112.0	332175.0	122397.0	195664.0	21.7	14.5	32.2	19.1
2005-06-14	695774.0	104112.0	97383.0	393487.0	325740.0	113012.0	187488.0	21.6	14.3	30.7	18.8
2005-06-21	735341.0	129178.0	85581.0	392787.0	367004.0	126229.0	195609.0	20.8	15.8	29.5	20.4
2005-06-28	707495.0	108692.0	75222.0	390744.0	355224.0	121732.0	190722.0	21.8	16.3	30.9	20.8
2005-07-05	689252.0	104970.0	85527.0	384867.0	333908.0	114341.0	184743.0	22.7	15.2	32.1	19.7
2005-07-12	686436.0	110341.0	78501.0	392454.0	350263.0	110788.0	184819.0	23.2	15.7	33.8	20.7
2005-07-19	724681.0	150084.0	74725.0	389188.0	399305.0	122261.0	187503.0	22.3	15.0	32.8	19.9
2005-07-26	739841.0	140675.0	74985.0	402408.0	414450.0	124051.0	177699.0	22.0	16.4	31.5	21.4
2005-08-02	743559.0	143203.0	76057.0	397558.0	413696.0	129178.0	180186.0	21.8	16.5	31.1	21.4
2005-08-09	733168.0	125700.0	79548.0	405864.0	400333.0	127241.0	178924.0	22.4	16.4	31.4	21.1
2005-08-16	728262.0	120555.0	113134.0	427089.0	374213.0	120833.0	181130.0	23.3	15.9	32.3	21.0
2005-08-23	737559.0	126189.0	135888.0	422435.0	372348.0	135718.0	176106.0	22.9	16.2	31.3	21.5
2005-09-06	709074.0	132336.0	150761.0	413502.0	342509.0	123188.0	175756.0	24.1	18.5	33.8	24.2
2005-09-13	708211.0	122306.0	159501.0	423029.0	332852.0	123928.0	176910.0	24.5	18.4	34.4	24.0
2005-09-20	706916.0	127751.0	155827.0	413415.0	330211.0	121839.0	176967.0	23.1	18.3	33.1	23.7
2005-09-27	720223.0	130965.0	160622.0	415169.0	327199.0	124034.0	182347.0	22.5	17.9	32.6	23.0
2005-10-04	749162.0	146255.0	165277.0	417670.0	339785.0	133163.0	192026.0	21.5	18.0	31.3	22.8
2005-10-11	765795.0	147810.0	170224.0	430799.0	349189.0	132554.0	191750.0	21.1	18.4	30.7	23.3
2005-10-18	797135.0	151829.0	162436.0	439533.0	373746.0	141311.0	196491.0	20.5	17.3	29.6	21.6
2005-10-25	827308.0	151524.0	166063.0	452029.0	383857.0	138233.0	191866.0	19.8	16.3	28.9	20.9
2005-11-01	859864.0	160732.0	167782.0	460611.0	404104.0	149899.0	199356.0	18.8	16.1	27.6	20.8
2005-11-08	867838.0	170585.0	174536.0	454258.0	409859.0	156498.0	196946.0	17.6	16.1	26.4	20.9
2005-11-15	855305.0	176062.0	177032.0	453657.0	417822.0	155678.0	190543.0	17.1	16.8	25.9	21.8
2005-11-22	847679.0	162359.0	187877.0	455542.0	397978.0	146076.0	178122.0	17.1	17.0	27.0	22.2
2005-11-29	789385.0	150946.0	189901.0	441366.0	347702.0	137079.0	191788.0	18.3	16.4	29.2	21.6
2005-12-06	767600.0	156575.0	188486.0	419570.0	343181.0	136253.0	180731.0	19.2	17.6	29.7	22.9
2005-12-13	770146.0	160107.0	188263.0	421565.0	342463.0	137320.0	188266.0	19.3	16.8	29.4	22.0
2005-12-20	773337.0	163891.0	174292.0	421545.0	361831.0	139704.0	189017.0	19.8	17.0	29.4	22.5
2005-12-27	776647.0	173175.0	146061.0	421892.0	387177.0	129720.0	191549.0	19.8	17.5	29.6	23.4
2006-01-03	812444.0	171329.0	129143.0	427922.0	400207.0	138948.0	208849.0	19.2	15.8	28.7	21.2
2006-01-10	839228.0	175172.0	125064.0	443173.0	416998.0	138659.0	214942.0	19.6	15.9	29.2	21.2
2006-01-17	872000.0	168145.0	133886.0	471337.0	424264.0	140088.0	221420.0	20.3	15.3	30.2	20.6
2006-01-24	893201.0	163250.0	159074.0	487471.0	416644.0	146965.0	221968.0	20.1	14.5	29.9	20.0
2006-01-31	976870.0	207500.0	114955.0	478550.0	476769.0	149665.0	243991.0	19.0	14.1	28.2	19.1
2006-02-07	1028170.0	235676.0	103986.0	488524.0	509934.0	152359.0	262639.0	18.4	13.5	27.1	17.8
2006-02-14	1045045.0	237355.0	99293.0	482448.0	514513.0	160408.0	266405.0	18.2	13.1	26.6	17.6
2006-02-21	1062926.0	254766.0	99588.0	488874.0	539114.0	160219.0	265157.0	18.2	13.1	26.6	17.8
2006-02-28	1067618.0	258486.0	85457.0	497996.0	560680.0	153249.0	263594.0	18.7	14.5	27.3	18.9
2006-03-07	1060188.0	249732.0	89396.0	501291.0	553035.0	155224.0	263816.0	19.1	13.4	27.9	17.8
2006-03-14	1051881.0	250920.0	96557.0	514692.0	549444.0	143673.0	263284.0	19.6	13.0	28.4	17.8
2006-03-21	1058093.0	225735.0	130428.0	533269.0	524373.0	152180.0	256383.0	19.7	12.3	29.0	16.6
2006-03-28	1089960.0	219466.0	140947.0	542112.0	519524.0	156360.0	257467.0	19.5	11.8	28.3	16.1
2006-04-04	1124766.0	244241.0	98284.0	547156.0	582559.0	152916.0	263470.0	19.8	13.8	28.3	18.3
2006-04-11	1181057.0	276282.0	94313.0	557517.0	627642.0	168696.0	280540.0	19.1	15.0	29.1	19.5
2006-04-18	1196857.0	294748.0	85143.0	559139.0	650803.0	160594.0	278535.0	18.6	15.5	28.3	20.0
2006-04-25	1184360.0	292595.0	85409.0	561947.0	649955.0	154771.0	273949.0	19.1	16.2	28.9	20.6
2006-05-02	1189657.0	302724.0	90961.0	568273.0	664472.0	128499.0	244063.0	19.8	16.2	29.6	20.7
2006-05-09	1242361.0	306873.0	112457.0	582175.0	663515.0	156813.0	269889.0	18.9	16.2	28.4	20.2
2006-05-16	1314322.0	341362.0	80763.0	597826.0	741408.0	176504.0	293521.0	18.5	16.7	27.5	21.3
2006-05-23	1350711.0	350825.0	93903.0	600242.0	746060.0	166899.0	278003.0	17.5	16.4	26.2	20.8
2006-05-30	1345066.0	351261.0	84868.0	600844.0	753723.0	162094.0	275608.0	17.6	16.9	26.4	21.4
2006-06-06	1347142.0	347964.0	87099.0	594824.0	744573.0	174238.0	285354.0	17.5	16.7	26.3	21.3
2006-06-13	1320155.0	321047.0	93413.0	586983.0	708165.0	180133.0	286585.0	17.3	15.8	25.8	20.4
2006-06-20	1321520.0	298563.0	111399.0	597213.0	680013.0	172411.0	276775.0	17.2	14.9	25.5	18.6
2006-06-27	1329400.0	282220.0	128437.0	607819.0	668178.0	170768.0	264192.0	17.3	14.4	25.3	18.4
2006-07-03	1327482.0	303372.0	141991.0	596728.0	666788.0	168613.0	259934.0	17.3	14.7	25.3	18.4
2006-07-11	1333225.0	302555.0	120230.0	601772.0	685032.0	160031.0	259096.0	17.3	14.1	25.8	17.8
2006-07-18	1355524.0	291222.0	94262.0	610837.0	701361.0	162494.0	268930.0	17.6	14.2	26.3	18.0
2006-07-25	1393192.0	297914.0	101641.0	614710.0	702348.0	167275.0	275910.0	16.7	14.4	25.0	17.8
2006-08-01	1399222.0	307676.0	118032.0	606456.0	692602.0	172801.0	276299.0	16.8	14.6	25.2	18.1
2006-08-08	1366163.0	304999.0	120810.0	601025.0	678082.0	170052.0	277184.0	17.3	13.9	25.8	17.7
2006-08-15	1342389.0	289011.0	152465.0	624235.0	652808.0	162504.0	270477.0	17.2	13.4	25.7	17.4
2006-08-22	1331646.0	287009.0	168170.0	625930.0	641070.0	163773.0	267472.0	17.6	13.4	26.1	17.3
2006-08-29	1317905.0	287696.0	176420.0	615971.0	624296.0	159642.0	262593.0	18.1	14.0	26.7	17.6
2006-09-05	1310702.0	294120.0	170951.0	601482.0	617198.0	158080.0	265533.0	18.3	14.5	27.0	18.2
2006-09-12	1320852.0	282596.0	179924.0	613328.0	611561.0	173395.0	277834.0	18.1	14.7	26.6	18.4
2006-09-19	1298052.0	283105.0	166956.0	599880.0	612575.0	169687.0	273141.0	17.9	14.7	26.6	18.4
2006-09-26	1301867.0	288303.0	130018.0	605895.0	648233.0	157833.0	273780.0	17.8	15.2	26.7	18.6
2006-10-03	1288905.0	295370.0	119182.0	607152.0	664904.0	158118.0	276554.0	18.1	15.9	27.0	19.2
2006-10-10	1278905.0	297166.0	111180.0	603684.0	673522.0	160142.0	276290.0	18.0	15.4	26.8	18.9
2006-10-17	1296995.0	305744.0	103313.0	633705.0	719849.0	163639.0	279926.0	17.3	15.4	26.2	19.3
2006-10-24	1341536.0	319853.0	94280.0	652168.0	755314.0	158791.0	281218.0	16.6	15.0	24.9	18.9
2006-10-31	1374941.0	316392.0	97394.0	670587.0	764563.0	160216.0	285238.0	16.3	14.1	24.5	18.2
2006-11-07	1408139.0	324080.0	93112.0	678491.0	797783.0	182272.0	293948.0	15.5	13.6	23.7	18.4
2006-11-14	1412250.0	334613.0	91634.0	694925.0	829754.0	168616.0	276766.0	14.5	13.4	22.7	18.1
2006-11-21	1393660.0	350232.0	70977.0	691667.0	854699.0	138949.0	255172.0	15.2	14.2	23.6	19.2
2006-11-28	1397402.0	347770.0	65588.0	692118.0	876838.0	166577.0	264039.0	16.0	15.4	24.3	20.6
2006-12-05	1374454.0	346879.0	67334.0	686764.0	865728.0	151991.0	252572.0	16.6	16.4	25.1	21.7
2006-12-12	1383139.0	356663.0	64337.0	679443.0	864226.0	149620.0	257163.0	16.4	16.1	24.7	21.3
2006-12-19	1379829.0	367099.0	63418.0	672458.0	860833.0	142463.0	257769.0	16.4	16.4	24.7	21.6
2006-12-26	1390388.0	371910.0	62046.0	675664.0	870449.0	145057.0	260136.0	16.4	16.1	24.6	21.3
2007-01-03	1411619.0	372509.0	71994.0	676974.0	865423.0	155893.0	267959.0	16.0	16.1	24.2	21.2
2007-01-09	1404842.0	359712.0	79786.0	681494.0	842390.0	147397.0	266427.0	15.6	15.5	23.6	20.5
2007-01-16	1450684.0	398189.0	75338.0	657780.0	879482.0	173870.0	275019.0	13.4	15.2	21.2	20.0
2007-01-23	1487437.0	409616.0	76460.0	672784.0	921900.0	185182.0	269222.0	12.5	16.2	20.4	21.3
2007-01-30	1485266.0	402322.0	70237.0	662744.0	912259.0	193790.0	276360.0	12.1	16.2	19.9	21.2
2007-02-06	1488786.0	407330.0	80353.0	660308.0	907034.0	193460.0	273711.0	12.2	16.2	19.8	21.1
2007-02-13	1499458.0	445419.0	75871.0	643181.0	926263.0	192429.0	278895.0	12.9	17.0	20.3	22.1
2007-02-20	1523926.0	466350.0	78970.0	656728.0	959737.0	190591.0	274962.0	13.2	17.4	20.7	22.5
2007-02-27	1486994.0	464223.0	69142.0	629188.0	939675.0	192738.0	277332.0	14.8	18.6	22.4	23.6
2007-03-06	1441888.0	442047.0	82081.0	630294.0	911386.0	184257.0	263131.0	15.2	18.3	23.0	23.4
2007-03-13	1428403.0	409176.0	87168.0	643996.0	889126.0	173756.0	250634.0	15.2	18.0	22.9	23.0
2007-03-20	1418803.0	403083.0	81180.0	638781.0	883701.0	175401.0	252384.0	15.7	17.7	23.0	22.7
2007-03-27	1406463.0	386886.0	87171.0	648370.0	868682.0	170049.0	249452.0	16.4	17.1	23.8	22.0
2007-04-03	1428352.0	350584.0	82338.0	653927.0	847061.0	175025.0	250137.0	14.8	15.5	22.1	20.0
2007-04-10	1399142.0	361754.0	87237.0	627667.0	830909.0	174918.0	246193.0	14.7	15.5	22.2	20.2
2007-04-17	1363284.0	358148.0	95965.0	613652.0	803786.0	170214.0	242263.0	14.9	15.2	22.8	19.9
2007-04-24	1278711.0	332370.0	92664.0	616843.0	782378.0	157665.0	231836.0	15.6	15.8	23.9	20.7
2007-05-01	1257301.0	347970.0	97146.0	604732.0	782145.0	150496.0	223907.0	16.2	16.6	24.7	21.9
2007-05-08	1261876.0	343642.0	101218.0	610006.0	781650.0	153902.0	224682.0	16.3	16.5	24.8	21.8
2007-05-15	1269267.0	349268.0	111243.0	605156.0	771046.0	148071.0	220206.0	16.1	16.4	24.2	21.5
2007-05-22	1242385.0	339569.0	113902.0	595962.0	756710.0	148322.0	213241.0	16.4	16.7	24.6	21.9
2007-05-29	1260105.0	338957.0	126162.0	607949.0	752811.0	151310.0	219243.0	16.5	16.4	24.7	21.4
2007-06-05	1267354.0	357317.0	108118.0	591210.0	774243.0	156916.0	223082.0	16.9	17.7	25.1	22.8
2007-06-12	1259840.0	355802.0	103712.0	586563.0	781437.0	163427.0	220643.0	16.9	18.3	25.2	23.4
2007-06-19	1265090.0	380306.0	112914.0	581321.0	793894.0	165639.0	220458.0	16.6	17.5	25.0	22.9
2007-06-26	1188186.0	337996.0	112071.0	578326.0	743350.0	147371.0	208272.0	17.6	17.0	26.8	22.6
2007-07-03	1190115.0	326545.0	141067.0	588748.0	705258.0	135343.0	204311.0	17.5	16.3	25.9	21.7
2007-07-10	1197980.0	335700.0	140854.0	579359.0	700854.0	136985.0	210336.0	17.4	15.8	26.0	21.7
2007-07-17	1229696.0	329172.0	159272.0	593710.0	685562.0	140161.0	218209.0	17.2	14.7	25.6	20.4
2007-07-24	1222222.0	319437.0	151498.0	604679.0	688865.0	127512.0	211265.0	16.8	14.9	25.5	20.7
2007-07-31	1219615.0	321591.0	145306.0	587216.0	678395.0	132495.0	217601.0	16.6	15.1	25.4	20.7
2007-08-07	1193831.0	312949.0	136230.0	578985.0	667953.0	130537.0	218288.0	17.1	15.4	26.1	20.6
2007-08-14	1133449.0	309250.0	124294.0	563996.0	657476.0	130670.0	222146.0	18.0	15.4	27.3	20.8
2007-08-21	1105178.0	309245.0	126208.0	553999.0	642684.0	123803.0	218155.0	17.7	14.5	27.3	19.8
2007-08-28	1096232.0	317677.0	129913.0	554541.0	641631.0	119052.0	219726.0	18.5	14.2	27.9	19.8
2007-09-04	1089568.0	304372.0	134936.0	563213.0	631979.0	115615.0	216285.0	18.8	14.2	28.3	20.0
2007-09-11	1086962.0	311275.0	136678.0	559311.0	628845.0	110974.0	216037.0	18.3	14.2	27.5	19.9
2007-09-18	1101748.0	323487.0	133885.0	560129.0	647896.0	113815.0	215650.0	18.1	14.8	27.3	20.7
2007-09-25	1140593.0	344599.0	137955.0	559876.0	668973.0	121804.0	219351.0	17.7	15.5	26.3	21.5
2007-10-02	1152216.0	336859.0	150917.0	568239.0	652479.0	123065.0	224767.0	17.4	15.9	25.9	21.9
2007-10-09	1140959.0	313415.0	154126.0	572291.0	624191.0	124750.0	232139.0	17.3	15.5	26.2	21.4
2007-10-16	1160813.0	317311.0	151303.0	581145.0	634840.0	124315.0	236628.0	17.1	15.8	25.8	22.1
2007-10-23	1173871.0	315762.0	150809.0	585111.0	639525.0	124984.0	235523.0	17.0	16.2	25.2	22.2
2007-10-30	1190794.0	323724.0	134344.0	586623.0	660094.0	127128.0	243037.0	16.8	16.5	25.0	22.5
2007-11-06	1232612.0	351075.0	125025.0	587180.0	694646.0	132162.0	250746.0	15.9	16.4	23.8	22.5
2007-11-13	1234082.0	356282.0	123749.0	594041.0	711527.0	138010.0	253057.0	14.9	16.3	22.7	22.6
2007-11-20	1198287.0	325228.0	90659.0	592155.0	722168.0	149251.0	253807.0	14.8	16.9	22.3	23.4
2007-11-27	1158555.0	313710.0	78660.0	577445.0	710082.0	140813.0	243226.0	15.1	16.7	22.3	23.2
2007-12-04	1141834.0	338809.0	80653.0	564711.0	715159.0	126572.0	234280.0	15.3	17.4	23.0	24.1
2007-12-11	1188165.0	365775.0	89025.0	579935.0	756176.0	133058.0	233567.0	15.1	17.6	22.7	24.3
2007-12-18	1222721.0	394472.0	83520.0	587451.0	794288.0	132355.0	236470.0	14.4	17.6	21.8	24.2
2007-12-24	1251550.0	415935.0	92323.0	598937.0	819553.0	131433.0	234429.0	14.4	18.4	21.9	24.2
2007-12-31	1291607.0	430153.0	100606.0	615362.0	838483.0	136024.0	242450.0	14.1	18.1	21.7	23.8
2008-01-08	1341299.0	443905.0	105680.0	632431.0	864476.0	147017.0	253197.0	13.9	18.1	21.6	23.5
2008-01-15	1397501.0	462866.0	113277.0	653072.0	882631.0	149755.0	269785.0	14.0	16.4	21.5	21.6
2008-01-22	1429394.0	456320.0	121642.0	668503.0	883369.0	156681.0	276493.0	13.6	15.6	20.9	20.3
2008-01-29	1424970.0	444321.0	112897.0	670429.0	890360.0	158112.0	269605.0	13.9	15.6	21.3	20.6
2008-02-05	1454562.0	460879.0	117973.0	670039.0	910592.0	165916.0	268269.0	13.8	16.0	21.3	21.0
2008-02-12	1452992.0	472503.0	116245.0	662465.0	915605.0	162540.0	265658.0	13.6	16.1	21.3	21.0
2008-02-19	1474149.0	483845.0	111234.0	659850.0	937056.0	157476.0	252881.0	14.3	16.8	22.0	21.8
2008-02-26	1479276.0	471039.0	91776.0	668126.0	970152.0	164936.0	242173.0	15.2	18.1	23.1	23.5
2008-03-04	1449873.0	473425.0	97033.0	663273.0	962861.0	158731.0	235535.0	15.8	17.8	23.4	22.9
2008-03-11	1437046.0	452251.0	93976.0	672111.0	951139.0	155597.0	234844.0	16.0	17.1	23.5	22.2
2008-03-18	1426814.0	426463.0	100036.0	693794.0	938083.0	145981.0	228119.0	15.9	16.7	24.0	21.6
2008-03-25	1389904.0	391033.0	96055.0	687718.0	899835.0	134070.0	216931.0	15.6	15.7	23.9	20.6
2008-04-01	1396547.0	401940.0	111072.0	665245.0	877607.0	151926.0	230432.0	15.7	15.2	23.9	20.0
2008-04-08	1421150.0	435489.0	109130.0	654442.0	893689.0	155660.0	242772.0	15.6	14.6	23.5	19.6
2008-04-15	1467002.0	447396.0	112312.0	653560.0	899346.0	160612.0	249910.0	15.1	13.4	22.6	18.2
2008-04-22	1488009.0	449814.0	113397.0	665447.0	911259.0	144983.0	235588.0	14.8	12.2	22.1	17.3
2008-04-29	1430665.0	451309.0	138826.0	638743.0	869661.0	145231.0	226796.0	15.3	12.2	23.0	18.4
2008-05-06	1404651.0	464850.0	131788.0	631002.0	870247.0	134014.0	227831.0	15.3	12.5	23.1	18.9
2008-05-13	1414456.0	467064.0	116403.0	640113.0	893663.0	137698.0	234809.0	15.3	13.2	23.3	19.5
2008-05-20	1401669.0	462493.0	102372.0	630308.0	887610.0	132012.0	234831.0	14.6	13.1	22.6	19.3
2008-05-27	1401116.0	458115.0	105795.0	633552.0	881044.0	125646.0	230474.0	14.6	13.1	22.5	19.3
2008-06-03	1405256.0	449190.0	105040.0	627902.0	864360.0	135999.0	243691.0	14.1	12.4	21.9	18.4
2008-06-10	1412551.0	478165.0	119339.0	612962.0	873883.0	150006.0	247911.0	14.4	13.6	22.3	19.8
2008-06-17	1425629.0	456342.0	126127.0	631138.0	866612.0	149964.0	244705.0	14.1	11.9	21.9	17.8
2008-06-24	1366107.0	443320.0	103591.0	606088.0	833551.0	131147.0	243413.0	14.8	12.7	22.8	18.2
2008-07-01	1317496.0	436150.0	107203.0	567595.0	805714.0	134041.0	224869.0	14.4	12.5	22.6	18.4
2008-07-08	1282981.0	410421.0	98375.0	580827.0	789100.0	121121.0	224894.0	14.5	12.5	23.0	18.5
2008-07-15	1300222.0	394361.0	115125.0	603877.0	774515.0	119528.0	228126.0	13.8	11.6	22.3	17.3
2008-07-22	1296404.0	362658.0	116590.0	616291.0	754912.0	121027.0	228474.0	13.4	11.6	21.7	17.0
2008-07-29	1227875.0	354708.0	96015.0	573648.0	718572.0	114558.0	228327.0	13.5	11.5	22.4	17.1
2008-08-05	1220735.0	334969.0	108821.0	585243.0	701971.0	126505.0	235925.0	13.3	11.8	21.6	17.3
2008-08-12	1196785.0	313473.0	119559.0	582795.0	679052.0	127955.0	225612.0	13.1	12.0	21.2	17.6
2008-08-19	1157404.0	314894.0	115559.0	562446.0	663110.0	110135.0	208806.0	13.5	11.5	21.8	17.1
2008-08-26	1127517.0	297597.0	104436.0	556808.0	656663.0	113823.0	207129.0	14.0	12.4	22.5	18.4
2008-09-02	1065835.0	289184.0	100677.0	542699.0	634949.0	105068.0	201325.0	14.8	13.0	23.7	19.1
2008-09-09	1052778.0	281131.0	101001.0	538952.0	620920.0	103955.0	202117.0	14.5	13.1	23.7	19.0
2008-09-16	1070817.0	277984.0	101698.0	538892.0	622442.0	116121.0	208857.0	13.2	13.6	22.1	19.3
2008-09-23	1037977.0	278779.0	89858.0	515470.0	615045.0	111118.0	200464.0	12.7	14.4	22.1	20.2
2008-09-30	1035355.0	268611.0	99921.0	516683.0	589419.0	110312.0	206266.0	12.6	14.3	21.8	19.8
2008-10-07	1011641.0	240146.0	105763.0	517236.0	562230.0	110304.0	199693.0	12.4	14.7	21.5	19.6
2008-10-14	997816.0	219528.0	98556.0	509573.0	554442.0	115303.0	191406.0	11.7	15.3	20.7	20.5
2008-10-21	986935.0	209559.0	102864.0	508750.0	543891.0	115794.0	187348.0	11.4	14.4	20.4	19.6
2008-10-28	982689.0	208722.0	121703.0	510503.0	534479.0	116142.0	179185.0	11.2	14.7	20.2	20.0
2008-11-04	999065.0	216381.0	123368.0	504135.0	532529.0	128288.0	192907.0	11.0	14.4	19.4	20.0
2008-11-11	1009051.0	206253.0	152292.0	508517.0	510896.0	129016.0	180598.0	10.6	13.8	18.8	18.7
2008-11-18	994551.0	195693.0	146457.0	499706.0	504726.0	131547.0	175763.0	11.2	14.3	19.2	19.5
2008-11-25	894918.0	158219.0	122871.0	468639.0	440669.0	137248.0	200566.0	11.0	14.7	19.3	19.8
2008-12-02	848682.0	150616.0	129601.0	460384.0	424134.0	113949.0	171214.0	11.8	15.6	20.5	20.9
2008-12-09	823600.0	158191.0	129700.0	441493.0	410132.0	110432.0	170284.0	12.2	15.4	21.0	20.4
2008-12-16	825334.0	163280.0	118394.0	432214.0	417791.0	111827.0	171136.0	12.4	15.5	21.3	20.7
2008-12-22	802375.0	153700.0	109441.0	433471.0	405712.0	98076.0	170094.0	13.3	15.7	22.7	20.9
2008-12-30	802641.0	152903.0	107278.0	422994.0	409060.0	104939.0	164498.0	13.8	15.4	22.6	20.7
2009-01-06	814872.0	156060.0	105596.0	420457.0	409265.0	109054.0	170710.0	14.1	15.6	23.0	20.8
2009-01-13	812954.0	154121.0	112379.0	415653.0	389111.0	108803.0	177087.0	13.3	14.7	21.6	19.9
2009-01-20	808890.0	161880.0	114533.0	401004.0	376543.0	112111.0	183919.0	13.0	13.8	21.0	19.2
2009-01-27	798353.0	156636.0	117842.0	399243.0	368487.0	107250.0	176800.0	13.5	14.4	21.7	19.8
2009-02-03	817268.0	154888.0	139092.0	407816.0	355710.0	116337.0	184239.0	13.1	11.7	21.1	18.0
2009-02-10	812240.0	161571.0	139140.0	406204.0	361990.0	111683.0	178328.0	13.3	11.8	21.2	18.3
2009-02-17	812494.0	158872.0	157792.0	415671.0	349348.0	115486.0	182889.0	13.3	11.9	21.2	17.4
2009-02-24	767829.0	149975.0	145022.0	391301.0	332490.0	116205.0	179969.0	13.7	11.1	21.9	16.7
2009-03-03	748252.0	151768.0	136393.0	378588.0	324933.0	110271.0	179301.0	14.2	11.6	22.8	16.8
2009-03-10	752372.0	163097.0	114456.0	367839.0	350737.0	110555.0	176298.0	13.7	11.6	22.2	17.7
2009-03-17	758675.0	172824.0	84627.0	366944.0	388310.0	108064.0	174895.0	13.7	14.2	22.1	19.7
2009-03-24	787271.0	179689.0	82763.0	381140.0	409333.0	108779.0	177512.0	14.0	14.0	22.1	19.5
2009-03-31	811140.0	186372.0	86656.0	396213.0	418872.0	110263.0	187320.0	14.0	12.0	22.1	17.4
2009-04-07	837770.0	189951.0	81966.0	402486.0	430817.0	107308.0	186962.0	14.3	11.7	22.0	16.9
2009-04-14	834150.0	193636.0	90577.0	384711.0	410323.0	112485.0	189932.0	14.5	11.9	22.3	17.1
2009-04-21	820699.0	190634.0	125351.0	386314.0	370403.0	104891.0	186085.0	14.9	12.1	23.0	17.0
2009-04-28	798625.0	183259.0	133461.0	378880.0	352686.0	105848.0	181840.0	15.4	11.2	24.2	17.5
2009-05-05	796882.0	209299.0	114750.0	367879.0	382606.0	93800.0	173622.0	16.2	13.3	25.0	19.4
2009-05-12	858911.0	245099.0	94219.0	381258.0	446269.0	109165.0	195034.0	15.3	12.6	23.7	18.4
2009-05-19	877421.0	257479.0	87471.0	396029.0	472583.0	107361.0	200815.0	15.6	13.6	23.7	19.0
2009-05-26	929290.0	280407.0	86227.0	407941.0	501656.0	112414.0	212879.0	15.0	14.1	22.8	19.2
2009-06-02	979982.0	307286.0	100580.0	419284.0	532485.0	119694.0	213199.0	15.3	15.0	22.7	20.1
2009-06-09	978960.0	303745.0	93378.0	425844.0	538141.0	112912.0	210982.0	15.4	14.4	23.1	19.4
2009-06-16	979945.0	281578.0	108063.0	449297.0	513112.0	105813.0	215513.0	15.6	11.5	23.2	16.3
2009-06-23	976526.0	261049.0	133516.0	475845.0	496297.0	107978.0	215059.0	15.6	10.6	23.1	15.0
2009-06-30	922119.0	242428.0	129378.0	465118.0	469865.0	97538.0	205841.0	16.0	10.8	24.1	14.9
2009-07-07	898787.0	232879.0	147371.0	457762.0	436779.0	99282.0	205773.0	15.9	9.8	25.1	13.8
2009-07-14	890306.0	227098.0	160842.0	460584.0	426449.0	102552.0	202943.0	16.1	9.5	25.5	13.7
2009-07-21	906486.0	215874.0	181491.0	471749.0	404268.0	104617.0	206481.0	16.1	9.0	25.4	13.3
2009-07-28	880331.0	216844.0	175521.0	458931.0	411394.0	107488.0	196348.0	16.7	11.5	26.7	16.6
2009-08-04	871875.0	221135.0	156032.0	448658.0	422455.0	107896.0	199202.0	17.1	11.9	26.3	16.8
2009-08-11	865645.0	223661.0	152076.0	443375.0	420372.0	105726.0	200314.0	17.3	13.5	26.4	18.2
2009-08-18	863119.0	213339.0	159909.0	452444.0	417124.0	100316.0	189066.0	17.1	14.1	26.5	19.1
2009-08-25	859458.0	205377.0	174189.0	461036.0	400438.0	106733.0	198519.0	17.5	14.2	27.6	19.1
2009-09-01	835960.0	209195.0	187120.0	442196.0	375664.0	99117.0	187724.0	18.4	14.5	29.1	19.7
2009-09-08	832992.0	206921.0	195495.0	448654.0	367010.0	98924.0	191994.0	18.7	13.7	29.0	19.1
2009-09-15	861267.0	226985.0	182622.0	447935.0	396414.0	102357.0	198241.0	18.0	13.2	28.5	18.7
2009-09-22	870345.0	231829.0	188684.0	456275.0	398363.0	97420.0	198477.0	18.2	14.3	28.5	19.3
2009-09-29	852229.0	231255.0	162186.0	452558.0	413997.0	94562.0	202192.0	18.3	15.6	29.0	20.4
2009-10-06	899495.0	255996.0	159733.0	463894.0	448604.0	100614.0	212167.0	17.5	15.7	28.0	20.3
2009-10-13	904844.0	262114.0	125155.0	459543.0	473817.0	98088.0	220773.0	17.5	17.1	27.6	22.1
2009-10-20	942450.0	274984.0	117284.0	469152.0	495813.0	101016.0	232055.0	17.0	17.2	26.9	22.4
2009-10-27	964370.0	271125.0	110255.0	480043.0	515427.0	108067.0	233553.0	16.1	16.9	25.9	22.3
2009-11-03	948636.0	273831.0	102225.0	491334.0	527051.0	78578.0	214467.0	16.6	16.9	26.1	22.5
2009-11-09	1004837.0	274564.0	99992.0	501229.0	535053.0	110538.0	251286.0	16.1	16.1	25.7	21.4
2009-11-17	1056596.0	291466.0	98769.0	514876.0	566149.0	125653.0	267077.0	16.5	16.3	26.0	21.9
2009-11-24	987182.0	268003.0	69565.0	495719.0	554381.0	112631.0	252407.0	16.0	15.5	25.9	21.6
2009-12-01	976201.0	294932.0	64976.0	480311.0	571504.0	105192.0	243955.0	16.3	16.2	26.4	22.6
2009-12-08	969018.0	280424.0	85658.0	492893.0	552876.0	100619.0	235402.0	16.1	15.3	26.4	21.5
2009-12-15	954008.0	285230.0	72269.0	490800.0	568593.0	95813.0	230981.0	15.2	15.8	25.6	21.9
2009-12-22	963483.0	284250.0	69408.0	500549.0	580849.0	95627.0	230169.0	15.6	16.4	25.6	22.1
2009-12-29	989671.0	299554.0	62766.0	500403.0	604714.0	103384.0	235861.0	15.3	16.5	25.1	22.2
2010-01-05	1032529.0	327887.0	63907.0	504378.0	637452.0	102833.0	233739.0	14.6	16.9	24.2	22.6
2010-01-12	1113057.0	344016.0	70883.0	537591.0	660388.0	111841.0	262177.0	15.5	16.4	24.7	21.8
2010-01-19	1122443.0	286451.0	104675.0	589861.0	614289.0	110218.0	267566.0	18.1	15.3	27.6	20.4
2010-01-26	1135793.0	274098.0	130986.0	596510.0	578698.0	109380.0	270304.0	17.6	13.4	27.2	18.0
2010-02-02	1155639.0	275653.0	145314.0	603875.0	577430.0	112944.0	269728.0	17.6	12.5	26.5	17.0
2010-02-09	1145635.0	256019.0	168544.0	616985.0	561059.0	127709.0	271110.0	17.4	11.8	26.5	16.2
2010-02-16	1173842.0	257594.0	168558.0	618777.0	566864.0	126270.0	267219.0	16.9	11.8	25.6	16.1
2010-02-23	1124609.0	246323.0	156326.0	604459.0	559339.0	123084.0	258201.0	18.1	12.0	27.2	16.3
2010-03-02	1112128.0	256526.0	142935.0	592068.0	570936.0	118801.0	253524.0	18.5	12.6	28.0	17.4
2010-03-09	1118686.0	259235.0	148974.0	593318.0	571035.0	120339.0	252883.0	18.0	12.1	27.5	16.7
2010-03-16	1123971.0	259405.0	172137.0	602109.0	559968.0	120516.0	249925.0	17.8	12.4	27.5	17.1
2010-03-23	1136023.0	258724.0	191690.0	609846.0	549792.0	122432.0	249520.0	18.0	11.9	27.7	16.3
2010-03-30	1136859.0	240092.0	203935.0	620148.0	527785.0	126551.0	255071.0	18.3	11.4	27.7	16.3
2010-04-06	1150288.0	246001.0	227866.0	621103.0	512211.0	126066.0	253093.0	18.0	11.2	27.0	16.4
2010-04-13	1179914.0	251346.0	233720.0	620272.0	508310.0	124758.0	254346.0	17.9	11.4	26.7	16.7
2010-04-20	1177717.0	261211.0	213843.0	619290.0	538303.0	126823.0	255178.0	18.3	12.6	27.3	17.6
2010-04-27	1151983.0	256819.0	218499.0	631243.0	545168.0	121855.0	246250.0	19.0	12.8	28.2	18.2
2010-05-04	1170638.0	272877.0	175800.0	625931.0	592876.0	120317.0	250449.0	18.9	13.7	28.5	18.4
2010-05-11	1188814.0	284494.0	167762.0	627263.0	611577.0	121435.0	253853.0	18.5	13.2	27.6	18.1
2010-05-18	1211345.0	296014.0	185133.0	635857.0	610584.0	116783.0	252937.0	17.7	13.1	26.7	17.9
2010-05-25	1207240.0	290519.0	167671.0	631023.0	616690.0	118594.0	255775.0	17.4	13.8	26.5	18.4
2010-06-01	1216030.0	293831.0	169957.0	624942.0	604287.0	120182.0	264711.0	16.9	13.1	25.5	17.6
2010-06-08	1239243.0	292994.0	212045.0	634548.0	576977.0	127316.0	265836.0	15.7	11.6	23.9	16.0
2010-06-15	1209610.0	303820.0	227072.0	603063.0	541276.0	125545.0	264080.0	16.2	11.1	24.4	15.7
2010-06-22	1201495.0	284044.0	189047.0	604966.0	562287.0	120154.0	257830.0	16.5	11.1	24.8	15.3
2010-06-29	1133201.0	242470.0	232642.0	610036.0	490647.0	116006.0	245223.0	17.5	10.3	27.1	14.7
2010-07-06	1100697.0	256303.0	182986.0	580121.0	513847.0	114849.0	254440.0	18.0	10.7	27.8	14.9
2010-07-13	1118799.0	297391.0	146818.0	557285.0	563119.0	112436.0	257175.0	18.3	11.2	27.4	15.7
2010-07-20	1179329.0	325530.0	130157.0	578873.0	623319.0	106861.0	257788.0	18.0	11.9	26.8	16.5
2010-07-27	1218788.0	339893.0	149061.0	590530.0	628921.0	106181.0	258622.0	17.9	13.0	26.6	17.4
2010-08-03	1244111.0	387305.0	127654.0	576225.0	688633.0	118158.0	265401.0	17.6	13.6	26.3	18.3
2010-08-10	1296610.0	424807.0	114341.0	579152.0	747494.0	125845.0	267969.0	16.9	13.5	25.2	18.8
2010-08-17	1342765.0	459690.0	112455.0	567978.0	787479.0	132819.0	260553.0	15.5	13.8	23.7	19.1
2010-08-24	1347806.0	469741.0	111766.0	562815.0	791750.0	127569.0	256609.0	15.5	12.7	23.7	18.4
2010-08-31	1339412.0	504861.0	100490.0	528946.0	811715.0	132757.0	254359.0	15.9	14.0	23.8	20.1
2010-09-07	1381018.0	530630.0	97933.0	543399.0	864603.0	142288.0	253781.0	15.4	14.1	23.5	20.7
2010-09-14	1374822.0	555879.0	111790.0	535492.0	869005.0	149501.0	260077.0	15.6	11.9	23.5	19.0
2010-09-21	1441646.0	580978.0	115264.0	556103.0	924119.0	150965.0	248663.0	14.9	12.1	22.4	19.3
2010-09-28	1449581.0	577927.0	108774.0	556376.0	929934.0	157586.0	253181.0	13.9	11.1	21.6	18.3
2010-10-05	1439869.0	555109.0	110974.0	560663.0	907609.0	157376.0	254565.0	14.4	10.6	21.6	17.3
2010-10-12	1475534.0	556358.0	123621.0	585036.0	933704.0	166076.0	250145.0	13.5	9.5	20.6	16.0
2010-10-19	1530657.0	558591.0	127176.0	612655.0	959627.0	168511.0	252954.0	12.6	8.4	19.5	14.4
2010-10-26	1580990.0	555870.0	125207.0	635029.0	986312.0	175609.0	254989.0	12.1	8.8	19.2	15.0
2010-11-02	1618200.0	569747.0	136289.0	648707.0	1009496.0	177227.0	249896.0	11.8	8.4	18.9	14.1
2010-11-09	1674251.0	586970.0	151362.0	669543.0	1033156.0	189780.0	261775.0	11.9	8.2	18.4	13.8
2010-11-16	1632201.0	559943.0	150890.0	685568.0	1015234.0	167841.0	247228.0	11.5	8.0	17.5	13.3
2010-11-23	1630025.0	545278.0	152985.0	682910.0	998800.0	170363.0	246766.0	11.3	7.9	17.0	13.0
2010-11-30	1518147.0	531645.0	116899.0	634980.0	970712.0	166765.0	245779.0	12.1	9.0	18.3	14.3
2010-12-07	1489862.0	540244.0	118656.0	622779.0	963137.0	163620.0	244850.0	12.4	9.3	18.8	14.8
2010-12-14	1490016.0	563746.0	122119.0	629368.0	981618.0	149956.0	239333.0	12.5	9.6	18.9	15.2
2010-12-21	1518419.0	587744.0	124981.0	640827.0	1012811.0	148868.0	239647.0	12.4	10.1	18.7	15.7
2010-12-28	1542447.0	600205.0	119770.0	648130.0	1042683.0	159624.0	245506.0	12.3	10.2	18.6	16.0
2011-01-04	1546155.0	584256.0	127786.0	664808.0	1031627.0	153183.0	242834.0	12.7	10.2	19.2	16.0
2011-01-11	1553651.0	587467.0	126516.0	644154.0	1021248.0	154359.0	238216.0	12.0	9.6	17.9	15.5
2011-01-18	1610189.0	606740.0	127021.0	653452.0	1049664.0	167572.0	251079.0	11.8	9.7	17.3	15.2
2011-01-25	1623752.0	603395.0	121475.0	648014.0	1035169.0	172965.0	267730.0	11.2	9.8	16.7	15.2
2011-02-01	1669116.0	614748.0	116571.0	661108.0	1064276.0	175326.0	270335.0	11.0	9.8	16.3	14.9
2011-02-08	1690126.0	620688.0	127955.0	677886.0	1086056.0	182259.0	266822.0	11.1	9.5	16.2	14.5
2011-02-15	1719874.0	614859.0	131535.0	689418.0	1097213.0	182859.0	258388.0	10.8	8.9	15.9	14.0
2011-02-22	1712941.0	594534.0	111754.0	701567.0	1105324.0	200616.0	279639.0	11.0	9.4	16.4	14.4
2011-03-01	1647635.0	584572.0	105875.0	672666.0	1077676.0	176959.0	250646.0	11.4	9.7	17.2	14.6
2011-03-08	1627775.0	558925.0	101036.0	673431.0	1053631.0	172726.0	250415.0	11.6	9.6	17.6	14.5
2011-03-15	1613794.0	528936.0	109633.0	706250.0	1037756.0	162024.0	249821.0	11.2	9.0	17.1	13.8
2011-03-22	1570517.0	495574.0	105974.0	712776.0	1014042.0	148767.0	237101.0	11.7	9.5	18.2	14.5
2011-03-29	1533106.0	486703.0	98372.0	691950.0	996873.0	154701.0	238109.0	12.1	9.9	18.8	15.0
2011-04-05	1618509.0	523604.0	104990.0	716614.0	1046688.0	160295.0	248835.0	11.3	9.9	17.4	15.0
2011-04-12	1659868.0	557213.0	107640.0	701124.0	1060658.0	164049.0	254088.0	11.3	9.9	17.2	14.7
2011-04-19	1650391.0	569049.0	110321.0	671176.0	1057520.0	173057.0	245441.0	10.9	10.0	16.9	14.8
2011-04-26	1592733.0	570525.0	97458.0	627856.0	1041771.0	179988.0	239140.0	11.6	10.4	17.5	15.3
2011-05-03	1492620.0	547057.0	100606.0	609289.0	994298.0	159967.0	221409.0	11.9	10.0	18.2	15.2
2011-05-10	1445980.0	535090.0	113425.0	591123.0	949761.0	156561.0	219588.0	11.6	10.3	17.9	15.5
2011-05-17	1421489.0	527969.0	112425.0	578252.0	925849.0	156490.0	224437.0	11.8	10.3	18.0	15.8
2011-05-24	1405435.0	532190.0	92731.0	567770.0	945177.0	157527.0	219579.0	12.1	10.4	18.3	16.3
2011-05-31	1435358.0	554915.0	91397.0	564065.0	959110.0	161290.0	229763.0	11.9	10.8	18.0	16.7
2011-06-07	1451153.0	552261.0	94129.0	559949.0	947232.0	162203.0	233052.0	11.8	10.9	17.9	16.4
2011-06-14	1482562.0	563323.0	103123.0	570238.0	954051.0	163445.0	239832.0	11.5	10.5	17.5	15.6
2011-06-21	1414879.0	505369.0	100850.0	588730.0	926365.0	164047.0	230931.0	12.6	11.0	19.0	16.0
2011-06-28	1251856.0	410486.0	89071.0	563648.0	823046.0	163075.0	225092.0	13.6	11.3	19.7	16.0
2011-07-05	1200848.0	390487.0	98322.0	565396.0	780521.0	145281.0	222321.0	14.2	10.8	20.6	15.5
2011-07-12	1188189.0	403287.0	96337.0	547026.0	768505.0	142468.0	227939.0	14.3	10.8	20.9	15.3
2011-07-19	1196995.0	425864.0	96428.0	546661.0	791581.0	138263.0	222779.0	14.0	10.9	20.6	15.5
2011-07-26	1203373.0	429771.0	99765.0	544362.0	785850.0	140342.0	228860.0	14.1	10.4	20.7	15.0
2011-08-02	1234631.0	448697.0	95486.0	549755.0	811232.0	140908.0	232642.0	13.8	10.1	20.4	14.8
2011-08-09	1224921.0	452171.0	90796.0	533871.0	803769.0	138982.0	230459.0	13.7	10.2	20.3	15.2
2011-08-16	1245188.0	471986.0	98619.0	512514.0	799481.0	146185.0	232585.0	13.4	10.1	20.1	15.2
2011-08-23	1265224.0	471621.0	102591.0	523159.0	803953.0	152464.0	240700.0	13.5	9.8	20.8	14.8
2011-08-30	1237201.0	491717.0	107548.0	497222.0	787716.0	145863.0	239538.0	13.9	10.7	21.6	15.3
2011-09-06	1239567.0	502958.0	110635.0	503129.0	798814.0	142935.0	239573.0	13.5	10.4	20.2	15.2
2011-09-13	1213565.0	481904.0	112679.0	507491.0	781525.0	140994.0	236185.0	13.7	10.5	20.4	14.8
2011-09-20	1211618.0	449428.0	98150.0	533596.0	787890.0	138362.0	235346.0	13.8	10.3	21.1	14.9
2011-09-27	1194151.0	409435.0	100643.0	550587.0	758092.0	138084.0	239371.0	13.5	10.2	20.9	14.8
2011-10-04	1202658.0	379544.0	107874.0	582314.0	758392.0	140221.0	235813.0	13.0	10.4	19.8	14.7
2011-10-11	1194707.0	359635.0	124316.0	594982.0	732453.0	132373.0	230221.0	14.6	10.3	22.2	14.7
2011-10-18	1237331.0	367539.0	125876.0	600047.0	751708.0	148796.0	238798.0	14.4	10.1	21.7	14.8
2011-10-25	1220762.0	375881.0	111048.0	580335.0	756913.0	143873.0	232128.0	14.1	10.2	21.6	15.4
2011-11-01	1231824.0	383776.0	114503.0	589386.0	772698.0	144411.0	230372.0	14.0	10.5	21.5	15.6
2011-11-08	1267573.0	385553.0	112979.0	605161.0	806860.0	145094.0	215969.0	14.4	11.1	21.6	16.2
2011-11-15	1318579.0	385203.0	123007.0	645358.0	835832.0	138642.0	210364.0	13.7	10.4	20.6	15.3
2011-11-22	1298708.0	361609.0	133829.0	655433.0	788695.0	135412.0	229930.0	11.9	9.0	18.9	13.4
2011-11-29	1156942.0	291709.0	127401.0	612130.0	690977.0	128609.0	214070.0	14.5	9.8	22.6	15.0
2011-12-06	1146906.0	294147.0	148089.0	586959.0	644300.0	132166.0	220883.0	14.5	9.4	22.2	14.5
2011-12-13	1166155.0	299966.0	158008.0	596515.0	640160.0	129759.0	228072.0	14.3	8.9	22.3	14.1
2011-12-20	1165319.0	290323.0	156046.0	588654.0	625141.0	132580.0	230370.0	14.3	9.1	21.5	14.2
2011-12-27	1153978.0	293731.0	138924.0	578234.0	633727.0	135121.0	234435.0	14.5	8.7	21.7	14.1
2012-01-03	1176009.0	308639.0	117910.0	579892.0	661571.0	131551.0	240601.0	14.3	8.8	21.3	14.0
2012-01-10	1211479.0	338493.0	115075.0	575641.0	689411.0	137256.0	246904.0	13.5	9.3	20.4	14.7
2012-01-17	1205421.0	333795.0	134867.0	560119.0	654271.0	144290.0	249066.0	12.9	8.7	19.9	13.7
2012-01-24	1214461.0	329958.0	150504.0	566561.0	640638.0	142440.0	247817.0	13.0	7.6	20.3	12.5
2012-01-31	1235541.0	344682.0	132518.0	578157.0	678269.0	126607.0	238659.0	12.8	7.4	19.9	12.5
2012-02-07	1278749.0	362429.0	133841.0	585652.0	695794.0	130148.0	248594.0	12.1	7.3	19.1	12.2
2012-02-14	1315896.0	363551.0	137710.0	611398.0	712531.0	126278.0	250986.0	11.7	6.9	18.4	11.4
2012-02-21	1312513.0	349784.0	136139.0	609242.0	706707.0	131383.0	247563.0	11.8	6.9	18.9	11.6
2012-02-28	1281619.0	362404.0	113300.0	578248.0	715596.0	133184.0	244940.0	12.3	7.7	19.8	13.3
2012-03-06	1289545.0	374758.0	91866.0	567409.0	736496.0	126135.0	239940.0	12.4	7.6	19.8	13.5
2012-03-13	1322339.0	382012.0	94585.0	575543.0	751089.0	134208.0	246089.0	12.4	7.5	19.8	13.5
2012-03-20	1324553.0	391254.0	79542.0	569311.0	770797.0	135361.0	245587.0	12.5	8.8	19.9	14.7
2012-03-27	1309002.0	364901.0	95768.0	579372.0	732874.0	130206.0	245837.0	12.6	7.7	20.1	13.0
2012-04-03	1342159.0	354311.0	108445.0	614542.0	739801.0	131303.0	251910.0	12.6	8.0	20.1	13.3
2012-04-10	1349593.0	352306.0	113037.0	613431.0	724761.0	133058.0	260997.0	12.2	7.5	19.6	12.9
2012-04-17	1355022.0	345654.0	135223.0	635407.0	719026.0	136162.0	262974.0	12.2	7.3	19.9	12.6
2012-04-24	1309733.0	313627.0	166553.0	637005.0	659288.0	135183.0	259974.0	12.6	6.5	20.6	11.5
2012-05-01	1225210.0	315523.0	163575.0	594906.0	636510.0	126048.0	236392.0	13.7	8.0	22.1	13.4
2012-05-08	1232904.0	307959.0	149387.0	606351.0	652075.0	123100.0	235948.0	13.6	8.2	22.2	13.4
2012-05-15	1232055.0	303486.0	178172.0	613664.0	621132.0	125542.0	243388.0	13.2	7.9	21.7	13.3
2012-05-22	1195041.0	287449.0	140758.0	599538.0	634647.0	120692.0	232274.0	13.5	8.6	22.3	13.9
2012-05-29	1173286.0	261793.0	155142.0	614492.0	608565.0	121947.0	234525.0	13.9	8.8	22.9	13.8
2012-06-05	1178388.0	268436.0	174870.0	607968.0	597547.0	129716.0	233703.0	13.4	9.1	22.3	14.4
2012-06-12	1157512.0	264059.0	169331.0	579544.0	569642.0	128900.0	233530.0	13.6	8.2	22.6	13.1
2012-06-19	1117515.0	274943.0	169579.0	547808.0	554152.0	130727.0	229747.0	13.6	8.9	22.8	13.9
2012-06-26	1057772.0	270196.0	142715.0	528475.0	578755.0	134883.0	212084.0	13.7	8.7	23.5	13.9
2012-07-03	1036438.0	291962.0	109381.0	507058.0	623106.0	133367.0	199900.0	13.8	9.2	23.2	14.8
2012-07-10	1088659.0	307576.0	112691.0	546109.0	676384.0	136918.0	201528.0	13.5	9.1	22.4	14.5
2012-07-17	1154868.0	327620.0	108382.0	570757.0	734761.0	144678.0	199912.0	12.7	9.0	20.8	14.3
2012-07-24	1199304.0	361858.0	96883.0	571352.0	762459.0	131498.0	205366.0	12.1	8.8	20.4	13.3
2012-07-31	1190062.0	380846.0	99468.0	559556.0	768106.0	135540.0	208368.0	12.2	9.0	20.5	14.0
2012-08-07	1187048.0	389066.0	97753.0	550272.0	763720.0	133329.0	211194.0	12.3	8.8	20.8	13.8
2012-08-14	1212846.0	406578.0	90481.0	540811.0	780437.0	138710.0	215181.0	11.9	8.8	20.3	13.6
2012-08-21	1256968.0	436022.0	92360.0	544303.0	812100.0	142165.0	218030.0	11.4	9.1	19.4	14.0
2012-08-28	1210057.0	424556.0	87086.0	523180.0	791177.0	140942.0	210415.0	11.7	9.3	20.0	14.4
2012-09-04	1178391.0	430977.0	82874.0	495467.0	772568.0	137696.0	208698.0	11.8	9.7	20.3	14.9
2012-09-11	1162740.0	418771.0	86826.0	487337.0	747807.0	136213.0	207688.0	11.9	10.0	20.5	15.2
2012-09-18	1175247.0	422311.0	95424.0	491492.0	737392.0	134189.0	215176.0	11.8	9.5	20.4	14.8
2012-09-25	1172897.0	406467.0	89434.0	497212.0	727704.0	134034.0	220575.0	11.7	9.5	20.2	14.5
2012-10-02	1206089.0	412821.0	94282.0	510007.0	743234.0	137403.0	222715.0	11.3	9.2	19.5	13.9
2012-10-09	1201847.0	408935.0	92069.0	501155.0	736451.0	141217.0	222787.0	11.2	9.3	19.3	13.9
2012-10-16	1252825.0	422857.0	95804.0	525387.0	767934.0	143929.0	228435.0	10.6	9.0	18.4	13.8
2012-10-23	1278961.0	433003.0	99344.0	522345.0	772869.0	146833.0	229968.0	10.4	8.5	18.0	13.0
2012-10-30	1279243.0	411922.0	103291.0	530750.0	757263.0	148532.0	230650.0	10.2	8.0	18.0	12.5
2012-11-06	1286309.0	411787.0	106979.0	546263.0	769135.0	147819.0	229755.0	9.9	8.2	17.5	12.8
2012-11-13	1294574.0	394123.0	117964.0	563392.0	757909.0	151502.0	233144.0	9.9	8.0	17.8	12.4
2012-11-20	1301506.0	408558.0	94549.0	552079.0	787976.0	151454.0	229566.0	9.6	8.4	17.4	13.2
2012-11-27	1240603.0	393687.0	63301.0	528084.0	788080.0	154820.0	225210.0	10.4	10.0	18.7	15.8
2012-12-04	1203365.0	427726.0	68453.0	489624.0	777938.0	139504.0	210463.0	10.6	10.9	19.2	17.6
2012-12-11	1193445.0	403691.0	81081.0	500044.0	755065.0	134994.0	202583.0	10.9	10.6	19.6	16.9
2012-12-18	1153532.0	387121.0	102754.0	485210.0	703692.0	136775.0	202660.0	11.2	10.4	20.2	16.0
2012-12-24	1137584.0	353439.0	109787.0	502020.0	666629.0	129353.0	208396.0	11.6	8.7	20.5	14.1
2012-12-31	1128183.0	340847.0	106001.0	497035.0	656037.0	129108.0	204952.0	11.8	8.5	20.8	13.9
2013-01-08	1148434.0	345549.0	124689.0	504231.0	655252.0	136065.0	205904.0	11.6	9.5	20.7	15.1
2013-01-15	1192286.0	366755.0	138092.0	513878.0	672856.0	145936.0	215621.0	11.7	9.4	20.8	15.4
2013-01-22	1194796.0	361027.0	128830.0	512338.0	674397.0	145724.0	215862.0	11.7	9.3	20.8	15.1
2013-01-29	1223428.0	375850.0	132255.0	516449.0	683642.0	150043.0	226445.0	11.3	9.3	20.2	14.8
2013-02-05	1282117.0	395267.0	140575.0	539613.0	713937.0	149468.0	229836.0	10.6	9.4	19.5	15.3
2013-02-12	1291268.0	371106.0	153870.0	577595.0	709648.0	146149.0	231332.0	10.7	9.1	19.5	14.2
2013-02-19	1313307.0	363706.0	184192.0	593728.0	687784.0	147905.0	233363.0	10.3	8.7	18.5	13.5
2013-02-26	1242545.0	334634.0	196001.0	559523.0	622992.0	152173.0	227337.0	10.9	10.3	19.4	15.9
2013-03-05	1204304.0	350876.0	191102.0	516008.0	598721.0	136539.0	213600.0	11.4	11.4	20.1	17.3
2013-03-12	1224316.0	354884.0	177252.0	523317.0	621835.0	140593.0	219707.0	11.2	11.5	19.9	17.1
2013-03-19	1290733.0	396379.0	166138.0	543892.0	695608.0	140856.0	219381.0	10.7	12.4	19.1	17.4
2013-03-26	1330486.0	440854.0	167356.0	552896.0	741334.0	140551.0	225611.0	10.3	13.0	18.5	18.4
2013-04-02	1315116.0	383687.0	183391.0	568405.0	690151.0	146155.0	224705.0	9.9	12.0	18.3	17.1
2013-04-09	1297225.0	345864.0	197179.0	578975.0	639106.0	145008.0	233562.0	10.3	10.7	19.0	15.9
2013-04-16	1280221.0	346076.0	201495.0	566663.0	620682.0	142563.0	233125.0	10.2	10.6	19.1	15.2
2013-04-23	1250211.0	333099.0	215139.0	563025.0	600673.0	145704.0	226016.0	10.3	10.4	19.4	14.6
2013-04-30	1156343.0	335488.0	209177.0	521231.0	571984.0	139206.0	214764.0	11.7	11.8	21.6	16.8
2013-05-07	1143527.0	336821.0	204395.0	512025.0	561611.0	136829.0	219669.0	11.5	11.1	21.6	16.0
2013-05-14	1144874.0	351520.0	209247.0	503533.0	548682.0	132713.0	229837.0	11.3	10.7	21.4	15.9
2013-05-21	1176120.0	359543.0	236433.0	507940.0	535643.0	138425.0	233832.0	10.9	9.5	20.6	14.9
2013-05-28	1181497.0	376874.0	224375.0	500020.0	554557.0	140016.0	237978.0	10.8	9.5	20.4	15.1
2013-06-04	1179731.0	368272.0	232450.0	516097.0	557162.0	141167.0	235924.0	11.0	9.1	20.5	14.8
2013-06-11	1217400.0	366680.0	233980.0	528322.0	566577.0	146012.0	240457.0	10.5	9.3	19.7	15.3
2013-06-18	1239198.0	359000.0	243413.0	535565.0	559775.0	146537.0	237914.0	10.6	9.1	19.9	14.2
2013-06-25	1155457.0	358935.0	250417.0	506531.0	531225.0	143915.0	227739.0	11.6	10.3	20.8	15.7
2013-07-02	1109480.0	323728.0	291454.0	520210.0	456562.0	129763.0	225685.0	11.5	8.6	20.9	13.6
2013-07-09	1119889.0	324534.0	327980.0	524029.0	435118.0	136415.0	221880.0	11.4	8.5	20.6	13.6
2013-07-16	1114755.0	324046.0	320659.0	529450.0	437948.0	131369.0	226258.0	11.5	8.3	20.7	13.4
2013-07-23	1168749.0	335422.0	365332.0	554736.0	437443.0	138901.0	226284.0	11.0	9.3	20.0	14.8
2013-07-30	1169039.0	328465.0	386890.0	562166.0	420527.0	139667.0	222881.0	11.0	9.1	20.1	14.9
2013-08-06	1177978.0	350021.0	406919.0	553323.0	403451.0	138639.0	231613.0	10.7	9.2	19.6	14.7
2013-08-13	1206286.0	353903.0	412785.0	562786.0	421166.0	150475.0	233213.0	10.6	9.6	19.5	15.3
2013-08-20	1199310.0	346548.0	388474.0	574119.0	454284.0	146065.0	223974.0	11.7	10.2	21.1	16.0
2013-08-27	1090214.0	310942.0	342715.0	537659.0	428661.0	137998.0	215223.0	11.8	11.2	22.0	16.5
2013-09-03	1071732.0	317390.0	355658.0	523369.0	408266.0	130789.0	207624.0	12.0	11.4	22.2	17.1
2013-09-10	1084845.0	324624.0	368344.0	523065.0	397354.0	129888.0	211879.0	11.7	11.6	22.1	17.7
2013-09-17	1124419.0	344736.0	419542.0	540362.0	382302.0	129280.0	212534.0	11.2	10.8	21.3	17.9
2013-09-24	1147298.0	335940.0	438216.0	564876.0	373717.0	131773.0	220656.0	11.1	10.9	20.9	18.1
2013-10-01	1182752.0	340932.0	456152.0	578115.0	371593.0	135940.0	227242.0	11.4	10.4	20.7	18.0
2013-10-08	1215467.0	336580.0	460681.0	587453.0	374216.0	143414.0	232550.0	11.1	10.2	20.0	17.8
2013-10-15	1237489.0	344347.0	473407.0	599076.0	382311.0	148438.0	236143.0	11.1	10.8	19.9	18.4
2013-10-22	1284218.0	354612.0	480407.0	616612.0	393704.0	147138.0	244251.0	10.8	10.4	19.2	17.7
2013-10-29	1321037.0	357962.0	493216.0	637230.0	410669.0	151922.0	243229.0	10.7	9.6	18.7	17.0
2013-11-05	1332836.0	370306.0	488644.0	645170.0	432892.0	150047.0	243987.0	10.7	9.3	18.5	16.9
2013-11-12	1371072.0	383398.0	454532.0	642483.0	482846.0	157399.0	245902.0	10.8	9.0	18.3	15.8
2013-11-19	1386379.0	386258.0	456757.0	653518.0	495408.0	152375.0	239986.0	10.7	9.6	17.8	16.7
2013-11-26	1232930.0	310512.0	420579.0	616642.0	413653.0	145500.0	238422.0	11.3	10.3	20.2	16.4
2013-12-03	1199036.0	314950.0	414372.0	587191.0	397689.0	134636.0	224716.0	11.5	10.1	20.5	16.9
2013-12-10	1199525.0	314147.0	394706.0	586692.0	417721.0	133379.0	221791.0	11.6	10.1	20.5	16.4
2013-12-17	1194658.0	316125.0	400886.0	578694.0	404969.0	133249.0	222213.0	11.8	10.5	20.5	17.8
2013-12-24	1178132.0	312715.0	389758.0	573768.0	398808.0	128536.0	226453.0	11.9	10.0	20.8	16.1
2014-01-07	1223592.0	312840.0	406805.0	596846.0	402123.0	131890.0	232648.0	11.1	9.0	19.6	15.1
2014-01-14	1280203.0	332372.0	398586.0	644700.0	469178.0	131600.0	240908.0	11.9	9.0	21.1	14.6
2014-01-21	1310544.0	327982.0	393173.0	654084.0	477026.0	132921.0	244788.0	11.5	9.0	20.4	14.0
2014-01-28	1315853.0	324400.0	379982.0	664843.0	497239.0	136492.0	248514.0	11.6	9.2	20.5	14.2
2014-02-04	1319044.0	340871.0	342164.0	646041.0	529309.0	136960.0	252399.0	11.6	8.7	19.9	14.2
2014-02-11	1346960.0	347214.0	311803.0	649612.0	566489.0	135466.0	254000.0	11.1	7.9	19.2	13.1
2014-02-18	1385213.0	352188.0	298684.0	671428.0	612843.0	138242.0	250331.0	10.9	7.9	18.7	12.9
2014-02-25	1343281.0	379378.0	253208.0	620061.0	627274.0	135417.0	254374.0	10.5	9.6	18.6	14.2
2014-03-04	1300945.0	400623.0	202043.0	579943.0	662506.0	124580.0	240597.0	10.9	10.6	18.7	15.9
2014-03-11	1314774.0	422097.0	187193.0	589301.0	704100.0	126459.0	246564.0	10.8	10.2	18.6	15.3
2014-03-18	1328078.0	416760.0	174409.0	598302.0	715546.0	126859.0	251966.0	10.8	10.5	18.3	15.4
2014-03-25	1330028.0	420830.0	162203.0	585731.0	716454.0	129390.0	257294.0	10.7	11.0	18.7	15.9
2014-04-01	1362869.0	434977.0	126314.0	595458.0	781769.0	133189.0	255541.0	10.4	11.0	18.4	16.6
2014-04-08	1397218.0	446529.0	128267.0	598323.0	791976.0	137449.0	262058.0	10.0	10.9	17.8	16.4
2014-04-15	1412403.0	442521.0	134703.0	609980.0	790506.0	132704.0	259996.0	9.8	10.5	17.6	15.9
2014-04-22	1392699.0	427994.0	137847.0	599155.0	756260.0	127442.0	260484.0	10.0	9.4	17.9	14.5
2014-04-29	1364293.0	450285.0	127936.0	581932.0	772370.0	120437.0	252348.0	10.8	9.7	18.5	14.9
2014-05-06	1349953.0	451148.0	125878.0	574906.0	764698.0	113451.0	248929.0	10.9	10.7	18.5	16.2
2014-05-13	1342203.0	453043.0	140762.0	580544.0	758257.0	113535.0	248103.0	10.9	11.2	18.4	16.8
2014-05-20	1322910.0	408808.0	153813.0	593863.0	713239.0	113035.0	248654.0	10.9	10.4	18.7	15.9
2014-05-27	1332710.0	408513.0	187205.0	609720.0	689831.0	111519.0	252716.0	10.9	9.7	18.8	15.1
2014-06-03	1357565.0	422981.0	205090.0	605599.0	680744.0	112683.0	255429.0	10.5	10.5	18.3	15.5
2014-06-10	1397425.0	420336.0	235582.0	626153.0	671346.0	117691.0	257252.0	10.5	9.5	18.0	14.5
2014-06-17	1406180.0	427806.0	252904.0	625999.0	659521.0	115872.0	257252.0	10.3	9.6	18.0	14.3
2014-06-24	1362700.0	422235.0	284618.0	619263.0	623122.0	120349.0	254107.0	10.4	9.9	18.2	14.5
2014-07-01	1281647.0	413772.0	293291.0	585432.0	582915.0	116477.0	239475.0	10.6	10.4	19.1	15.2
2014-07-08	1306608.0	427939.0	304247.0	600025.0	589813.0	112362.0	246266.0	10.6	11.1	19.1	15.8
2014-07-15	1328646.0	425458.0	321736.0	603715.0	575613.0	118525.0	250349.0	10.4	11.0	18.4	15.6
2014-07-22	1341446.0	428526.0	342142.0	613208.0	570956.0	123196.0	251832.0	10.4	10.9	18.1	15.7
2014-07-29	1383027.0	436737.0	370957.0	625549.0	567815.0	128578.0	252092.0	10.6	11.2	18.5	16.1
2014-08-05	1378305.0	458411.0	381306.0	606724.0	559798.0	127493.0	251524.0	10.7	11.0	19.2	16.3
2014-08-12	1351181.0	464809.0	394179.0	600927.0	554028.0	127034.0	244563.0	11.3	11.1	20.0	16.6
2014-08-19	1321013.0	463758.0	384801.0	584705.0	539377.0	125174.0	249459.0	12.0	10.3	20.8	15.8
2014-08-26	1254162.0	451689.0	384380.0	549947.0	492315.0	128502.0	253443.0	12.0	10.2	21.3	15.9
2014-09-02	1218838.0	458545.0	379818.0	531154.0	476642.0	111232.0	244471.0	12.5	10.6	22.2	16.5
2014-09-09	1229772.0	452420.0	382164.0	535793.0	471387.0	112240.0	246902.0	12.2	11.0	21.9	16.6
2014-09-16	1255744.0	465677.0	383926.0	534895.0	484611.0	114559.0	246594.0	11.9	11.0	21.3	16.5
2014-09-23	1277325.0	463639.0	377927.0	539671.0	492413.0	115874.0	248844.0	11.7	9.9	20.9	15.2
2014-09-30	1285167.0	468899.0	372005.0	530888.0	493088.0	119360.0	254054.0	11.8	10.1	20.9	15.3
2014-10-07	1297802.0	457378.0	370865.0	547908.0	514810.0	125775.0	245386.0	11.9	9.1	20.5	14.3
2014-10-14	1298144.0	445281.0	341514.0	552368.0	525054.0	120733.0	251814.0	11.8	8.2	20.0	13.8
2014-10-21	1295544.0	438041.0	311721.0	556118.0	549881.0	121266.0	253823.0	11.7	7.4	19.6	12.7
2014-10-28	1271020.0	433894.0	278554.0	554120.0	572857.0	116171.0	252774.0	12.2	8.1	20.2	13.6
2014-11-04	1304861.0	450036.0	262409.0	572287.0	613024.0	111952.0	258842.0	11.5	7.9	19.2	13.3
2014-11-11	1328322.0	451884.0	241492.0	559808.0	626671.0	121658.0	265187.0	11.3	8.2	18.8	13.8
2014-11-18	1335969.0	460608.0	238080.0	575495.0	661017.0	120606.0	257612.0	11.2	8.5	18.4	14.4
2014-11-25	1217636.0	428813.0	183714.0	530424.0	639670.0	118107.0	253960.0	11.9	9.5	19.9	15.8
2014-12-02	1192166.0	424826.0	184687.0	526598.0	624447.0	101738.0	244028.0	12.3	9.6	20.5	16.0
2014-12-09	1209237.0	437486.0	171874.0	527936.0	664078.0	111783.0	241253.0	12.3	10.3	20.7	16.8
2014-12-16	1224374.0	432568.0	164245.0	539859.0	683181.0	109193.0	234194.0	12.2	9.7	20.0	15.6
2014-12-23	1227423.0	429335.0	158154.0	543340.0	692796.0	110117.0	231842.0	12.2	9.2	20.0	15.1
2014-12-30	1229915.0	426316.0	139560.0	549546.0	711629.0	109209.0	233882.0	12.0	9.5	19.7	16.0
2015-01-06	1257693.0	428218.0	157768.0	573080.0	709183.0	102972.0	237319.0	10.8	9.5	18.5	15.3
2015-01-13	1274564.0	420328.0	176565.0	593085.0	695790.0	99558.0	240616.0	10.8	9.2	18.5	14.7
2015-01-20	1301166.0	416365.0	186286.0	611992.0	698461.0	99200.0	242810.0	11.4	8.7	18.9	14.3
2015-01-27	1304935.0	394454.0	178398.0	614812.0	681512.0	100531.0	249887.0	11.9	8.3	19.3	13.7
2015-02-03	1350370.0	396084.0	220252.0	639943.0	678472.0	108027.0	245330.0	12.3	7.5	19.7	12.7
2015-02-10	1358550.0	376836.0	210764.0	657172.0	690159.0	111853.0	244938.0	12.8	7.9	20.0	12.9
2015-02-17	1362156.0	365018.0	214939.0	666989.0	688418.0	111838.0	240488.0	13.2	7.5	20.6	12.3
2015-02-24	1294525.0	381314.0	217503.0	599617.0	642401.0	113091.0	234118.0	10.8	7.2	18.4	12.1
2015-03-03	1249063.0	379483.0	231733.0	579060.0	610321.0	104458.0	220947.0	10.9	7.6	18.9	12.6
2015-03-10	1245440.0	376792.0	247815.0	589476.0	602884.0	103504.0	219073.0	11.7	7.3	19.1	12.5
2015-03-17	1330967.0	386487.0	323607.0	629592.0	583485.0	110194.0	219181.0	11.2	6.7	18.0	11.8
2015-03-24	1333440.0	383284.0	286898.0	619163.0	614533.0	112223.0	213239.0	10.9	6.5	17.8	11.4
2015-03-31	1349885.0	366144.0	261770.0	637837.0	639907.0	110736.0	213040.0	10.3	6.2	17.0	10.9
2015-04-07	1358349.0	348540.0	258645.0	635017.0	621789.0	111317.0	214440.0	9.5	5.8	16.2	10.5
2015-04-14	1407876.0	363390.0	317365.0	653491.0	605737.0	123175.0	216954.0	9.0	6.0	15.2	10.9
2015-04-21	1369994.0	356748.0	329435.0	645877.0	577161.0	119402.0	215431.0	9.4	6.6	16.0	11.6
2015-04-28	1319827.0	368148.0	367773.0	598544.0	504169.0	121506.0	216256.0	9.7	7.2	16.1	12.5
2015-05-05	1325963.0	381068.0	411500.0	621024.0	500691.0	119102.0	209003.0	9.6	7.7	15.9	13.7
2015-05-12	1340706.0	398281.0	429433.0	631171.0	517788.0	122408.0	204639.0	9.7	8.7	16.1	14.8
2015-05-19	1399666.0	408932.0	461970.0	664426.0	530833.0	122364.0	202919.0	9.3	8.6	15.5	14.3
2015-05-26	1434318.0	424955.0	479404.0	677083.0	538414.0	127073.0	211293.0	9.1	8.4	15.1	14.3
2015-06-02	1454337.0	422322.0	486269.0	688683.0	550051.0	131993.0	206678.0	9.1	8.4	14.8	14.5
2015-06-09	1459091.0	413673.0	438913.0	677882.0	566093.0	130347.0	216896.0	9.1	7.8	14.9	13.9
2015-06-16	1456360.0	408168.0	473546.0	683973.0	542071.0	132998.0	209522.0	8.6	8.6	14.4	14.6
2015-06-23	1427005.0	384495.0	430808.0	675368.0	559919.0	133947.0	203083.0	8.9	8.4	15.0	14.1
2015-06-30	1308355.0	409204.0	298635.0	598044.0	612459.0	115838.0	211992.0	10.1	7.1	16.8	12.6
2015-07-07	1323094.0	432365.0	223665.0	587838.0	680820.0	111392.0	227110.0	10.0	7.2	16.7	12.2
2015-07-14	1349047.0	445791.0	187561.0	588370.0	740596.0	116789.0	222793.0	9.6	7.3	16.0	12.2
2015-07-21	1386008.0	484416.0	160922.0	581722.0	789311.0	115216.0	231121.0	9.5	7.7	15.9	13.2
2015-07-28	1350791.0	444321.0	138640.0	579715.0	775779.0	117043.0	226660.0	8.9	8.2	15.6	14.1
2015-08-04	1368036.0	435338.0	193706.0	602080.0	739461.0	113557.0	217808.0	8.9	8.4	15.4	14.2
2015-08-11	1390718.0	435826.0	238566.0	617278.0	726011.0	118060.0	206587.0	8.9	8.4	15.3	14.7
2015-08-18	1376536.0	435940.0	275229.0	634617.0	707259.0	116662.0	204731.0	9.1	7.9	15.7	14.0
2015-08-25	1296742.0	399014.0	247554.0	621287.0	676499.0	114142.0	210390.0	9.3	7.6	16.5	13.3
2015-09-01	1212362.0	395692.0	247475.0	567131.0	626079.0	104961.0	194230.0	10.1	8.7	17.5	14.6
2015-09-08	1225245.0	392497.0	287290.0	585453.0	607113.0	109786.0	193333.0	9.9	8.7	17.3	14.7
2015-09-15	1248454.0	400024.0	270060.0	585538.0	642547.0	118591.0	191546.0	10.3	9.4	17.6	15.4
2015-09-22	1269119.0	399486.0	269815.0	590646.0	649737.0	117293.0	187873.0	9.9	9.4	16.9	15.0
2015-09-29	1295732.0	408779.0	275163.0	606670.0	673711.0	121094.0	187669.0	9.8	9.2	16.8	14.9
2015-10-06	1307966.0	418490.0	241153.0	616252.0	728407.0	124637.0	189819.0	10.0	9.9	16.8	15.4
2015-10-13	1290684.0	393203.0	246723.0	612130.0	692976.0	124799.0	190433.0	10.1	10.2	16.8	15.5
2015-10-20	1320517.0	382149.0	281965.0	630910.0	666131.0	127295.0	192258.0	9.6	10.5	16.4	15.9
2015-10-27	1320509.0	378854.0	274600.0	631708.0	674223.0	132069.0	193808.0	10.0	11.2	17.2	17.2
2015-11-03	1350499.0	377112.0	276044.0	640885.0	683381.0	134059.0	192631.0	9.9	11.0	16.9	16.9
2015-11-10	1398265.0	374317.0	329274.0	653948.0	646047.0	146931.0	199875.0	9.2	9.2	15.6	14.9
2015-11-17	1404100.0	362008.0	343358.0	664512.0	634700.0	144912.0	193374.0	9.2	8.5	16.0	14.0
2015-11-24	1309794.0	322870.0	342917.0	630893.0	570964.0	146749.0	186631.0	9.7	8.6	17.2	14.7
2015-12-01	1300942.0	336850.0	335879.0	630826.0	593427.0	133896.0	172266.0	12.4	12.5	20.7	18.6
2015-12-08	1280685.0	333786.0	312565.0	619046.0	603718.0	132591.0	169140.0	12.3	12.5	20.5	18.4
2015-12-15	1263718.0	327416.0	280369.0	609195.0	616093.0	128934.0	169083.0	12.5	11.8	20.7	17.3
2015-12-22	1284149.0	323469.0	312132.0	631459.0	605822.0	133052.0	170026.0	12.3	10.8	20.4	16.4
2015-12-29	1317814.0	331127.0	370701.0	646650.0	572001.0	139346.0	174421.0	11.8	11.8	19.7	17.0
2016-01-05	1356517.0	345953.0	407715.0	656017.0	563544.0	149144.0	179855.0	11.2	11.4	18.9	16.9
2016-01-12	1388762.0	348690.0	431999.0	653275.0	545888.0	150450.0	174528.0	10.6	9.4	17.7	15.3
2016-01-19	1390878.0	340312.0	398117.0	655733.0	566358.0	145788.0	177358.0	10.1	6.7	16.8	11.2
2016-01-26	1356442.0	327482.0	326804.0	644161.0	603023.0	136966.0	178782.0	10.6	7.3	17.3	12.3
2016-02-02	1368832.0	346833.0	321103.0	647706.0	631269.0	142780.0	184947.0	11.0	7.6	17.7	12.6
2016-02-09	1403163.0	343188.0	358187.0	665959.0	604222.0	155119.0	201857.0	10.3	7.2	16.9	12.2
2016-02-16	1407062.0	347100.0	388044.0	672647.0	591892.0	146426.0	186237.0	10.3	8.3	17.0	13.3
2016-02-23	1355719.0	352827.0	377627.0	642184.0	574868.0	147661.0	190177.0	10.3	8.8	17.2	14.2
2016-03-01	1325794.0	363529.0	440354.0	632941.0	524681.0	140820.0	172255.0	10.2	8.9	17.2	14.3
2016-03-08	1356292.0	366404.0	466580.0	644145.0	525292.0	150813.0	169490.0	9.6	8.9	16.0	14.3
2016-03-15	1349275.0	359345.0	433578.0	642269.0	550561.0	150115.0	167590.0	9.7	9.2	16.0	15.2
2016-03-22	1338870.0	358750.0	402050.0	634000.0	571059.0	147356.0	166997.0	9.8	9.7	16.2	15.6
2016-03-29	1328820.0	355259.0	356977.0	636625.0	608932.0	145967.0	171942.0	10.2	10.2	16.6	16.1
2016-04-05	1439814.0	338427.0	423969.0	713549.0	600592.0	157590.0	185005.0	9.5	9.0	15.6	14.9
2016-04-12	1464480.0	344113.0	399567.0	721355.0	638746.0	156128.0	183283.0	9.4	9.3	15.6	15.6
2016-04-19	1439932.0	353201.0	288238.0	697613.0	720479.0	144705.0	186802.0	10.2	8.6	16.4	13.8
2016-04-26	1402906.0	391813.0	223499.0	657887.0	771150.0	133573.0	188624.0	9.9	9.6	16.2	15.5
2016-05-03	1363422.0	395375.0	231061.0	642688.0	751824.0	125361.0	180539.0	10.5	9.9	17.0	15.9
2016-05-10	1323691.0	372515.0	244513.0	641129.0	719064.0	125253.0	175320.0	10.9	9.9	17.5	15.9
2016-05-17	1353223.0	382061.0	236689.0	654614.0	748294.0	127694.0	179386.0	10.8	9.2	17.9	15.6
2016-05-24	1412921.0	403495.0	220327.0	677061.0	805561.0	131112.0	185780.0	10.2	10.9	17.2	17.2
2016-05-31	1411252.0	439640.0	190792.0	633857.0	815569.0	130634.0	197770.0	10.5	11.4	17.7	17.6
2016-06-07	1466703.0	498527.0	171012.0	624214.0	875140.0	134352.0	210941.0	9.9	10.5	17.1	17.0
2016-06-14	1480701.0	526413.0	163888.0	615312.0	895377.0	131830.0	214290.0	10.3	10.3	17.1	16.8
2016-06-21	1479366.0	509777.0	180892.0	644767.0	881405.0	124361.0	216608.0	10.8	10.4	17.4	16.2
2016-06-28	1333078.0	440231.0	151116.0	598307.0	811251.0	121930.0	198101.0	11.2	10.4	18.5	16.9
2016-07-05	1288110.0	398570.0	181533.0	596384.0	738629.0	121738.0	196530.0	10.8	9.9	18.0	16.2
2016-07-12	1297529.0	385111.0	236346.0	610671.0	688581.0	127637.0	198492.0	9.8	8.4	16.4	13.9
2016-07-19	1298151.0	388356.0	257732.0	594377.0	660910.0	128658.0	192749.0	9.8	9.7	16.1	15.0
2016-07-26	1309528.0	342462.0	270402.0	612112.0	625682.0	138779.0	197269.0	9.8	10.2	16.1	15.3
2016-08-02	1339998.0	348196.0	308980.0	620775.0	606324.0	142046.0	195713.0	9.2	9.8	15.4	15.1
2016-08-09	1360945.0	351872.0	346460.0	636566.0	597397.0	149896.0	194477.0	8.9	9.6	15.2	14.5
2016-08-16	1379265.0	371185.0	375111.0	637355.0	593877.0	151001.0	190553.0	8.9	8.9	15.0	14.1
2016-08-23	1370132.0	391868.0	389669.0	624083.0	582117.0	145054.0	189219.0	9.0	7.4	15.3	12.5
2016-08-30	1296621.0	361777.0	408049.0	593209.0	507842.0	141142.0	180237.0	9.2	7.3	15.9	12.7
2016-09-06	1317098.0	357752.0	418982.0	609845.0	518879.0	145582.0	175318.0	9.0	7.2	15.7	12.7
2016-09-13	1283735.0	348936.0	385607.0	596924.0	516118.0	138543.0	182678.0	9.3	7.2	16.2	12.2
2016-09-20	1299946.0	357923.0	392949.0	595596.0	526458.0	143866.0	177978.0	9.4	7.6	16.2	13.3
2016-09-27	1307114.0	359963.0	406033.0	607013.0	519029.0	146337.0	188251.0	9.5	7.7	16.3	13.6
2016-10-04	1310849.0	363099.0	388203.0	596041.0	536639.0	150951.0	185249.0	9.7	7.7	16.6	13.7
2016-10-11	1305996.0	353933.0	354569.0	586110.0	547784.0	146560.0	184250.0	9.7	8.3	16.6	14.0
2016-10-18	1316500.0	373293.0	320760.0	578968.0	589548.0	148473.0	190426.0	9.8	9.3	16.5	14.4
2016-10-25	1335614.0	377686.0	315674.0	581406.0	597414.0	147016.0	193020.0	9.8	9.9	16.4	14.4
2016-11-01	1345452.0	391799.0	313829.0	594371.0	621573.0	145181.0	195949.0	10.3	9.8	16.8	14.8
2016-11-08	1346960.0	402898.0	289463.0	588361.0	656582.0	149304.0	194518.0	10.5	10.8	17.3	15.8
2016-11-15	1398285.0	373220.0	315922.0	656367.0	667152.0	149810.0	196323.0	10.1	10.3	16.3	15.1
2016-11-22	1348656.0	369309.0	285974.0	615377.0	651367.0	146234.0	193579.0	11.5	11.0	18.0	15.6
2016-11-29	1236807.0	374841.0	294885.0	572292.0	605840.0	134383.0	180791.0	12.2	12.3	19.6	18.1
2016-12-06	1221274.0	361515.0	289902.0	558360.0	592685.0	136064.0	173352.0	12.3	12.6	19.7	18.6
2016-12-13	1219931.0	366154.0	294855.0	559511.0	590348.0	132588.0	173050.0	12.4	13.0	19.7	18.8
2016-12-20	1227436.0	355181.0	309160.0	568962.0	571702.0	135341.0	178622.0	12.2	12.6	19.2	18.5
2016-12-27	1231462.0	341685.0	331831.0	579809.0	556806.0	140974.0	173831.0	11.8	11.5	18.7	17.5
2017-01-03	1244604.0	354679.0	328655.0	569431.0	568756.0	143815.0	170514.0	10.8	11.2	17.8	17.1
2017-01-10	1251333.0	366651.0	323630.0	567923.0	566558.0	138252.0	182638.0	11.5	10.9	18.6	16.9
2017-01-17	1321861.0	388939.0	322138.0	596450.0	623716.0	141949.0	181484.0	11.7	11.7	19.0	17.3
2017-01-24	1351289.0	415481.0	308744.0	600569.0	656582.0	140718.0	191442.0	11.7	11.4	18.6	17.0
2017-01-31	1346772.0	390309.0	293286.0	620972.0	670061.0	140951.0	188885.0	11.8	11.3	18.8	16.6
