2005-01-04	338951.0	118848.0	37740.0	158723.0	250092.0	24807.0	14546.0	21.3	33.8	33.4	47.2
2005-01-11	352991.0	119588.0	42800.0	169987.0	250004.0	21390.0	18161.0	25.7	29.3	37.4	42.1
2005-01-18	371356.0	128677.0	42070.0	173745.0	263801.0	18153.0	14704.0	26.9	32.9	38.0	45.8
2005-01-25	442101.0	158856.0	55829.0	203849.0	312315.0	29522.0	24083.0	27.2	36.9	39.8	48.8
2005-02-01	490328.0	186415.0	48525.0	188962.0	349417.0	67061.0	44496.0	28.0	38.3	39.4	48.3
2005-02-08	404965.0	173430.0	39257.0	166036.0	304942.0	31873.0	27140.0	35.2	45.2	47.9	55.6
2005-02-15	428567.0	184803.0	40639.0	173297.0	323779.0	31169.0	24851.0	34.1	48.1	45.9	58.1
2005-02-22	442360.0	147815.0	35222.0	172188.0	340271.0	83470.0	27980.0	25.0	49.4	33.8	57.8
2005-03-01	481101.0	196497.0	34439.0	167363.0	326586.0	61507.0	64342.0	32.5	43.9	42.5	50.4
2005-03-08	436947.0	192125.0	41834.0	154585.0	306062.0	34622.0	33436.0	40.2	42.9	49.5	51.6
2005-03-15	489661.0	225997.0	46146.0	175784.0	358038.0	37999.0	35596.0	39.8	41.0	50.6	50.9
2005-03-22	524578.0	230539.0	49119.0	201909.0	389688.0	46211.0	39852.0	35.2	43.3	47.2	54.2
2005-03-29	504137.0	201437.0	39903.0	210253.0	376513.0	40318.0	35592.0	32.1	40.5	42.1	50.4
2005-04-05	443838.0	178355.0	26457.0	173868.0	328514.0	34595.0	31847.0	28.3	33.8	36.6	42.7
2005-04-12	479778.0	176208.0	26080.0	194547.0	348132.0	31359.0	27902.0	22.0	28.7	30.0	36.8
2005-04-19	481064.0	173222.0	22985.0	190262.0	348223.0	40613.0	32889.0	20.7	29.8	28.6	38.0
2005-04-26	502062.0	201625.0	24136.0	186288.0	369956.0	37264.0	31085.0	22.6	30.8	29.9	39.8
2005-05-03	410130.0	145930.0	20172.0	174385.0	305158.0	31860.0	26845.0	23.5	31.9	30.7	40.9
2005-05-10	424186.0	108121.0	28046.0	189661.0	274529.0	37817.0	33024.0	16.2	24.7	23.6	32.0
2005-05-17	433091.0	124709.0	28587.0	191672.0	291072.0	35261.0	31983.0	17.9	26.5	24.6	34.4
2005-05-24	448213.0	115711.0	30393.0	202825.0	299524.0	39004.0	27623.0	16.5	26.6	22.0	33.2
2005-05-31	457890.0	98754.0	28197.0	213656.0	302679.0	42269.0	23803.0	15.7	25.2	20.9	31.0
2005-06-07	381307.0	71300.0	51572.0	204122.0	236475.0	41492.0	28867.0	15.0	22.0	22.0	32.4
2005-06-14	397586.0	84037.0	60353.0	219831.0	258550.0	45741.0	30706.0	17.2	20.5	24.6	31.2
2005-06-21	418961.0	100676.0	62426.0	216556.0	276867.0	52148.0	30087.0	17.0	21.3	24.8	31.9
2005-06-28	443231.0	113771.0	67783.0	220116.0	291775.0	57039.0	31368.0	17.1	22.8	24.7	32.8
2005-07-05	343769.0	68391.0	52716.0	185993.0	226341.0	53773.0	29100.0	15.4	18.5	25.6	31.4
2005-07-12	355189.0	73529.0	50395.0	188965.0	245273.0	60995.0	27821.0	16.3	27.7	25.7	39.4
2005-07-19	399900.0	86615.0	56432.0	209496.0	267931.0	66490.0	38238.0	20.0	29.4	27.9	38.6
2005-07-26	432895.0	110401.0	54997.0	219232.0	297332.0	57660.0	34964.0	18.4	31.4	28.2	40.3
2005-08-02	379708.0	115455.0	54550.0	174646.0	253207.0	50891.0	33235.0	25.7	34.7	36.1	42.6
2005-08-09	380090.0	120241.0	49868.0	163079.0	255623.0	51874.0	29703.0	27.8	34.0	36.4	42.0
2005-08-16	380274.0	135865.0	43255.0	142445.0	253649.0	50348.0	31754.0	28.3	32.1	36.2	42.0
2005-08-23	401304.0	137199.0	42091.0	160495.0	277715.0	46757.0	24645.0	28.4	30.9	36.7	41.4
2005-09-06	413224.0	176418.0	59344.0	138415.0	261901.0	45003.0	38591.0	31.4	29.3	40.9	37.2
2005-09-13	485843.0	184427.0	73732.0	185843.0	306775.0	49770.0	39533.0	24.4	20.9	32.5	27.9
2005-09-20	502043.0	157966.0	88993.0	218886.0	306337.0	53889.0	35411.0	18.6	21.2	25.9	30.8
2005-09-27	463968.0	134792.0	81724.0	207597.0	273987.0	50871.0	37549.0	16.3	18.9	23.8	30.4
2005-10-04	353263.0	100555.0	71260.0	157861.0	198556.0	43562.0	32162.0	18.2	22.8	26.5	32.7
2005-10-11	379328.0	112590.0	92094.0	168720.0	207898.0	46267.0	27585.0	22.5	21.3	31.6	30.9
2005-10-18	423027.0	138750.0	105290.0	181587.0	222986.0	42483.0	34544.0	24.5	19.7	32.7	29.6
2005-10-25	452728.0	156746.0	105379.0	185862.0	245933.0	44849.0	36145.0	23.2	18.4	31.6	27.9
2005-11-01	436192.0	155128.0	104779.0	195984.0	245708.0	34388.0	35013.0	25.5	19.8	34.7	31.1
2005-11-08	325079.0	97742.0	82782.0	143587.0	165420.0	41082.0	34209.0	25.0	20.6	37.1	30.9
2005-11-15	346087.0	102592.0	83148.0	150091.0	178777.0	43052.0	33810.0	23.6	20.2	34.2	30.0
2005-11-22	376293.0	110926.0	95652.0	165698.0	191151.0	46411.0	36232.0	22.1	18.6	31.4	28.8
2005-11-29	403576.0	124136.0	87515.0	165656.0	210861.0	41762.0	33178.0	18.0	17.5	26.7	26.0
2005-12-06	340331.0	102666.0	74520.0	123400.0	167492.0	41736.0	25790.0	19.5	13.6	27.8	23.0
2005-12-13	394164.0	138748.0	82769.0	135102.0	207706.0	37862.0	21237.0	22.0	15.6	30.8	25.0
2005-12-20	429431.0	162970.0	79026.0	145380.0	245316.0	39739.0	23747.0	26.8	17.8	35.9	26.6
2005-12-27	451088.0	172385.0	80736.0	159547.0	262983.0	36457.0	24670.0	27.3	17.9	36.4	26.2
2006-01-03	473954.0	157603.0	64120.0	162441.0	276461.0	62110.0	41573.0	22.5	21.6	31.8	28.4
2006-01-10	502344.0	147176.0	91977.0	196941.0	262982.0	34403.0	23561.0	25.6	23.3	30.9	29.5
2006-01-17	550733.0	176150.0	93448.0	202995.0	299473.0	37894.0	24118.0	25.9	21.9	31.3	29.3
2006-01-24	581436.0	176002.0	99423.0	223552.0	308073.0	39586.0	31644.0	25.3	20.6	30.7	27.5
2006-01-31	577919.0	163045.0	139465.0	248846.0	280340.0	50153.0	42239.0	20.7	20.1	27.9	26.0
2006-02-07	470718.0	123821.0	114983.0	197077.0	215893.0	49545.0	39567.0	22.3	21.9	30.9	28.1
2006-02-14	527506.0	135858.0	123512.0	222348.0	239633.0	49463.0	44524.0	19.5	20.4	27.9	27.3
2006-02-21	514889.0	112976.0	119082.0	224761.0	229782.0	45687.0	34560.0	12.8	18.8	21.1	25.4
2006-02-28	559097.0	120607.0	125546.0	239390.0	242025.0	49312.0	41738.0	13.7	15.9	21.9	22.0
2006-03-07	457401.0	109410.0	135869.0	200346.0	182291.0	45259.0	36855.0	13.6	23.5	21.9	31.9
2006-03-14	555796.0	115895.0	150667.0	257123.0	250666.0	65448.0	37133.0	12.0	20.9	20.0	30.0
2006-03-21	600440.0	131248.0	143801.0	278953.0	287833.0	59644.0	38211.0	11.3	17.4	18.4	25.5
2006-03-28	609327.0	148854.0	148470.0	268809.0	280734.0	50840.0	39299.0	14.8	19.6	20.8	26.3
2006-04-04	510718.0	158549.0	172785.0	202082.0	216222.0	58271.0	29895.0	18.3	31.3	25.1	38.8
2006-04-11	536956.0	174563.0	192646.0	211995.0	218013.0	56957.0	32856.0	18.6	31.5	25.4	41.6
2006-04-18	550194.0	205644.0	197181.0	197671.0	226406.0	51555.0	31283.0	18.0	31.4	26.3	42.0
2006-04-25	548978.0	206792.0	211854.0	211943.0	222245.0	45156.0	29792.0	16.2	33.3	26.2	43.8
2006-05-02	448199.0	158513.0	144567.0	168006.0	190167.0	33804.0	25589.0	18.5	23.8	27.9	30.8
2006-05-09	419681.0	148527.0	143995.0	174345.0	183122.0	27237.0	22992.0	15.9	24.2	26.1	31.9
2006-05-16	423673.0	144603.0	144808.0	189901.0	190735.0	33649.0	32610.0	15.8	25.0	25.4	34.2
2006-05-23	459494.0	134616.0	166600.0	224093.0	200661.0	33733.0	25181.0	17.1	24.8	27.2	34.8
2006-05-30	483842.0	141580.0	176903.0	233418.0	211193.0	36998.0	23900.0	18.6	26.7	27.7	36.2
2006-06-06	454366.0	126574.0	157022.0	219165.0	201537.0	37960.0	25140.0	17.1	24.0	26.1	32.5
2006-06-13	480201.0	188946.0	211336.0	192255.0	184670.0	45099.0	30294.0	16.1	32.8	24.7	40.9
2006-06-20	528891.0	171050.0	228153.0	241251.0	205513.0	48472.0	27107.0	14.5	32.0	23.3	39.3
2006-06-27	579794.0	171927.0	222344.0	275044.0	243089.0	49457.0	30995.0	13.5	29.6	22.3	35.7
2006-07-03	558641.0	167114.0	203601.0	263544.0	233191.0	59113.0	52979.0	15.4	28.9	24.7	36.3
2006-07-11	501860.0	182093.0	199434.0	235687.0	223523.0	36396.0	31219.0	22.3	30.4	31.8	38.7
2006-07-18	534551.0	139149.0	175192.0	272122.0	242076.0	45391.0	39394.0	16.4	26.7	24.5	32.3
2006-07-25	534385.0	141945.0	193913.0	273639.0	223856.0	37955.0	35770.0	18.2	26.4	27.5	33.4
2006-08-01	581846.0	80484.0	129785.0	271966.0	249680.0	95751.0	68736.0	12.9	12.4	20.4	19.4
2006-08-08	529177.0	103054.0	115258.0	258216.0	243561.0	46594.0	49045.0	16.7	11.9	24.8	18.2
2006-08-15	515346.0	90148.0	95524.0	240646.0	233310.0	47634.0	49594.0	15.4	12.1	23.1	20.2
2006-08-22	525452.0	103045.0	86901.0	241455.0	254322.0	43395.0	46672.0	17.7	17.7	26.1	25.0
2006-08-29	558412.0	117850.0	88026.0	259988.0	287667.0	47707.0	49852.0	19.6	19.7	26.6	27.2
2006-09-05	481737.0	121418.0	85160.0	214361.0	232832.0	26592.0	44379.0	25.4	13.1	33.3	19.8
2006-09-12	534287.0	138764.0	97566.0	243753.0	270543.0	29384.0	43792.0	26.7	13.0	34.9	20.6
2006-09-19	567369.0	175340.0	119769.0	268783.0	302374.0	22416.0	44396.0	30.4	16.1	39.1	24.7
2006-09-26	559400.0	128326.0	120377.0	310812.0	302490.0	29926.0	46197.0	25.1	13.7	34.4	22.3
2006-10-03	476644.0	88517.0	85770.0	248766.0	242348.0	26633.0	35798.0	24.3	12.5	32.5	19.3
2006-10-10	484569.0	76447.0	85107.0	255538.0	234753.0	26185.0	38310.0	23.9	12.2	32.9	18.6
2006-10-17	478907.0	70180.0	89156.0	257604.0	233360.0	28519.0	33787.0	25.1	11.4	34.6	18.9
2006-10-24	485474.0	60283.0	88563.0	260104.0	229984.0	34521.0	36361.0	26.9	12.8	35.8	20.3
2006-10-31	472463.0	55742.0	74915.0	267876.0	239589.0	27080.0	36194.0	28.7	13.5	34.8	20.9
2006-11-07	384191.0	64115.0	70767.0	204342.0	188676.0	22850.0	31864.0	23.6	10.5	30.0	18.1
2006-11-14	393863.0	69121.0	77374.0	205927.0	187597.0	25499.0	35576.0	23.8	10.5	29.8	18.9
2006-11-21	380593.0	63901.0	66626.0	207897.0	192019.0	20071.0	33224.0	24.4	10.7	31.5	18.5
2006-11-28	388190.0	85308.0	81543.0	202875.0	195419.0	20745.0	31966.0	23.7	11.7	33.2	18.9
2006-12-05	360489.0	98127.0	95730.0	171466.0	172084.0	27723.0	29502.0	27.1	15.9	40.9	25.9
2006-12-12	380941.0	91660.0	94817.0	197142.0	192725.0	27055.0	28315.0	22.9	16.9	35.3	27.8
2006-12-19	401010.0	89144.0	88505.0	219729.0	223024.0	29332.0	26676.0	21.9	20.1	32.0	29.0
2006-12-26	409544.0	90287.0	86069.0	226717.0	237935.0	30488.0	23488.0	20.9	21.7	31.3	30.2
2007-01-03	323952.0	79009.0	71195.0	171711.0	188362.0	30264.0	21427.0	21.7	21.6	32.2	29.8
2007-01-09	351769.0	81651.0	67389.0	181848.0	207324.0	33817.0	22603.0	24.6	20.3	34.7	30.0
2007-01-16	378003.0	92645.0	62559.0	189620.0	231011.0	31412.0	20107.0	26.4	19.7	36.2	28.9
2007-01-23	425347.0	119167.0	80413.0	203149.0	249560.0	32446.0	24789.0	29.6	20.2	38.9	31.1
2007-01-30	463980.0	130538.0	87501.0	217763.0	263376.0	30441.0	27865.0	26.8	19.2	37.3	30.1
2007-02-06	387497.0	110052.0	73789.0	165500.0	206646.0	30096.0	25213.0	26.6	18.0	34.6	26.5
2007-02-13	417532.0	138859.0	77390.0	169592.0	232345.0	21910.0	20626.0	29.8	20.4	37.9	28.0
2007-02-20	455993.0	145109.0	95132.0	187235.0	238356.0	23331.0	22187.0	28.5	24.4	37.5	32.7
2007-02-27	542258.0	186448.0	131812.0	221483.0	276938.0	29456.0	28637.0	30.4	29.3	41.2	37.3
2007-03-06	523627.0	197338.0	152367.0	218962.0	265084.0	31684.0	30533.0	27.8	29.0	39.2	39.1
2007-03-13	588166.0	217746.0	167989.0	281005.0	334088.0	32525.0	29199.0	27.8	34.3	39.3	44.5
2007-03-20	663583.0	177536.0	177401.0	359225.0	366637.0	38250.0	30973.0	27.2	38.7	38.8	48.1
2007-03-27	699560.0	192133.0	202340.0	378569.0	373340.0	39657.0	34679.0	28.4	37.2	40.4	45.5
2007-04-03	613465.0	169355.0	195476.0	335499.0	311477.0	38622.0	36523.0	31.9	35.7	42.1	45.0
2007-04-10	609907.0	158556.0	199340.0	341187.0	306206.0	33569.0	27766.0	29.9	36.7	40.6	46.2
2007-04-17	596649.0	152637.0	202101.0	338036.0	298433.0	31397.0	21536.0	32.7	33.5	42.6	43.6
2007-04-24	618853.0	150580.0	197767.0	368598.0	324168.0	29377.0	26620.0	31.6	34.3	41.7	43.4
2007-05-01	640677.0	135489.0	222305.0	366266.0	312577.0	50303.0	17176.0	27.9	38.6	37.2	47.1
2007-05-08	529826.0	81360.0	173452.0	328589.0	246355.0	33993.0	24135.0	24.5	37.0	34.7	43.9
2007-05-15	573889.0	87901.0	180991.0	357857.0	277065.0	35806.0	23508.0	22.5	35.3	32.5	42.8
2007-05-22	583254.0	87119.0	194490.0	364142.0	265793.0	35933.0	26911.0	21.6	34.6	31.6	42.9
2007-05-29	595246.0	89228.0	197204.0	376081.0	277468.0	33926.0	24563.0	20.2	36.2	30.0	43.8
2007-06-05	452166.0	80211.0	157259.0	277912.0	217096.0	36460.0	20228.0	20.3	34.1	32.5	45.8
2007-06-12	470360.0	93160.0	148290.0	285452.0	241193.0	35305.0	24434.0	21.6	29.1	32.2	40.0
2007-06-19	483275.0	91442.0	152132.0	303489.0	254440.0	29542.0	17901.0	21.7	26.9	31.8	38.7
2007-06-26	521732.0	94131.0	153154.0	332209.0	283510.0	33307.0	22983.0	24.0	30.9	34.1	42.7
2007-07-03	435583.0	79279.0	135084.0	275655.0	232862.0	30820.0	17808.0	22.0	35.6	32.5	45.6
2007-07-10	452188.0	107370.0	139346.0	268987.0	247563.0	29440.0	18888.0	20.7	34.2	33.4	44.6
2007-07-17	460532.0	103474.0	142692.0	277763.0	244733.0	27450.0	21262.0	22.9	32.8	35.4	43.3
2007-07-24	505646.0	111598.0	169700.0	311315.0	257923.0	29343.0	24633.0	24.4	29.8	37.3	41.6
2007-07-31	548470.0	107565.0	184045.0	334188.0	254573.0	29345.0	32480.0	22.3	22.3	32.7	36.4
2007-08-07	513743.0	88447.0	222402.0	347100.0	218556.0	29462.0	24051.0	24.4	29.1	37.3	44.2
2007-08-14	549458.0	167316.0	220049.0	267107.0	217787.0	29920.0	26507.0	28.4	21.8	43.6	34.2
2007-08-21	521649.0	217490.0	201452.0	220267.0	238819.0	28588.0	26074.0	42.0	20.0	52.9	33.2
2007-08-28	508584.0	197431.0	198889.0	223999.0	225106.0	22243.0	19678.0	42.5	22.0	53.0	34.6
2007-09-04	521620.0	203623.0	192150.0	230203.0	223737.0	29685.0	47624.0	43.1	19.9	53.4	31.3
2007-09-11	435159.0	189072.0	170062.0	189614.0	208805.0	21688.0	21507.0	46.0	18.4	56.5	30.9
2007-09-18	415818.0	169565.0	132159.0	197317.0	210432.0	20269.0	44560.0	31.0	20.9	42.7	31.6
2007-09-25	395665.0	137145.0	80509.0	190997.0	244277.0	23947.0	27303.0	24.6	21.1	36.2	31.8
2007-10-02	316795.0	99302.0	63046.0	151943.0	187150.0	22003.0	23052.0	21.7	17.9	33.8	28.1
2007-10-09	374410.0	107406.0	68587.0	178356.0	211389.0	24582.0	30368.0	24.0	15.8	33.6	25.1
2007-10-16	401533.0	136679.0	79617.0	186505.0	242734.0	20591.0	21424.0	36.1	21.0	42.9	30.0
2007-10-23	394104.0	108048.0	65292.0	210774.0	250633.0	26267.0	29164.0	18.3	16.8	28.8	26.1
2007-10-30	475724.0	87160.0	122130.0	282392.0	253198.0	33903.0	28127.0	18.6	14.8	27.4	22.7
2007-11-06	369937.0	54087.0	71236.0	246040.0	221444.0	30931.0	38378.0	23.6	12.7	33.7	22.3
2007-11-13	393600.0	63524.0	75928.0	255946.0	240269.0	28901.0	32174.0	21.3	12.6	31.8	21.0
2007-11-20	442302.0	58312.0	100432.0	305585.0	258516.0	30211.0	35160.0	21.2	13.0	32.0	20.8
2007-11-27	475287.0	73338.0	94889.0	316479.0	289132.0	29227.0	35023.0	21.6	13.8	33.1	21.1
2007-12-04	373319.0	68305.0	82067.0	252752.0	236583.0	28581.0	30988.0	20.5	20.1	33.0	28.0
2007-12-11	420068.0	84088.0	121551.0	281704.0	242986.0	31190.0	32445.0	21.6	21.6	35.3	30.1
2007-12-18	435729.0	111044.0	115438.0	279737.0	274851.0	27879.0	28371.0	20.8	25.1	34.4	36.5
2007-12-24	449980.0	117523.0	112990.0	284673.0	288369.0	29536.0	30373.0	19.5	23.5	32.1	35.7
2007-12-31	460799.0	117556.0	116635.0	295096.0	290825.0	28843.0	34035.0	19.2	22.4	32.5	34.4
2008-01-08	343829.0	120422.0	71014.0	185892.0	225208.0	18375.0	28467.0	29.1	21.9	41.7	36.1
2008-01-15	393330.0	144981.0	80473.0	188461.0	239369.0	31553.0	45153.0	34.2	15.0	43.2	24.6
2008-01-22	405048.0	121163.0	60663.0	210805.0	220342.0	32547.0	83510.0	26.1	15.5	37.8	23.3
2008-01-29	432967.0	145739.0	105970.0	220337.0	249529.0	25798.0	36375.0	27.1	23.0	37.2	30.8
2008-02-05	324933.0	90179.0	46457.0	179316.0	213283.0	20620.0	30375.0	23.0	19.8	33.6	28.8
2008-02-12	345584.0	87675.0	59228.0	195609.0	217746.0	23983.0	30293.0	23.9	22.6	35.3	35.0
2008-02-19	353991.0	93967.0	63938.0	198481.0	225244.0	27975.0	31241.0	23.5	22.1	34.7	36.1
2008-02-26	361299.0	87686.0	74577.0	207252.0	217707.0	25852.0	28506.0	22.9	23.1	32.6	34.0
2008-03-04	267644.0	70371.0	30076.0	132934.0	169675.0	26769.0	30323.0	23.4	12.7	34.0	21.5
2008-03-11	298841.0	78017.0	41327.0	152243.0	185341.0	32604.0	36196.0	19.9	15.4	30.2	26.5
2008-03-18	348247.0	102595.0	36128.0	182637.0	244192.0	28294.0	33206.0	23.7	16.3	32.7	27.0
2008-03-25	330207.0	64304.0	23808.0	203123.0	238278.0	28373.0	33714.0	19.0	17.3	28.0	28.6
2008-04-01	338957.0	54506.0	32032.0	213888.0	234583.0	27473.0	29252.0	15.7	17.7	24.4	26.8
2008-04-08	379667.0	80736.0	40587.0	212346.0	252121.0	31922.0	32296.0	17.9	17.9	25.9	27.7
2008-04-15	412593.0	87109.0	36544.0	232266.0	283374.0	31353.0	30810.0	16.3	18.5	24.0	27.4
2008-04-22	583356.0	109564.0	57015.0	335359.0	389363.0	44519.0	43064.0	10.7	19.0	17.0	28.0
2008-04-29	684133.0	122700.0	75151.0	377113.0	432450.0	49009.0	41221.0	11.0	16.1	17.3	25.0
2008-05-06	632829.0	158551.0	42380.0	304984.0	425737.0	49943.0	45361.0	12.9	19.5	18.3	29.5
2008-05-13	695279.0	176228.0	49046.0	346053.0	477964.0	50450.0	45721.0	12.9	21.1	18.7	29.8
2008-05-20	717725.0	181818.0	37674.0	357286.0	510934.0	55777.0	46273.0	12.0	24.0	18.1	32.1
2008-05-27	743814.0	198509.0	27335.0	358705.0	538773.0	57509.0	48615.0	11.4	25.2	17.3	33.4
2008-06-03	604678.0	200846.0	19662.0	284875.0	477465.0	51790.0	40384.0	19.6	34.5	25.4	44.9
2008-06-10	623817.0	230809.0	17263.0	291643.0	520980.0	53194.0	37403.0	22.1	39.0	29.6	51.5
2008-06-17	746411.0	334792.0	33938.0	310997.0	628209.0	63820.0	47462.0	28.9	41.9	36.0	56.0
2008-06-24	772484.0	374802.0	42482.0	310465.0	656902.0	60607.0	46490.0	29.0	42.4	37.5	58.0
2008-07-01	716356.0	331593.0	38076.0	305872.0	608026.0	59231.0	50594.0	26.3	45.5	36.8	60.4
2008-07-08	633331.0	306389.0	35017.0	250118.0	531843.0	55539.0	45186.0	28.8	48.0	37.0	62.2
2008-07-15	632279.0	300977.0	40044.0	262271.0	535042.0	48791.0	36953.0	28.7	49.0	37.9	63.2
2008-07-22	637046.0	296870.0	38191.0	273654.0	545966.0	45738.0	32105.0	27.6	48.9	36.6	63.7
2008-07-29	642141.0	299544.0	37019.0	270223.0	549022.0	49976.0	33702.0	27.7	48.7	36.1	63.0
2008-08-05	568417.0	261482.0	32843.0	246329.0	485489.0	40215.0	29694.0	28.9	47.7	36.1	63.6
2008-08-12	580551.0	248816.0	38028.0	265067.0	483025.0	41620.0	34450.0	26.1	47.1	35.6	61.6
2008-08-19	595620.0	239018.0	30634.0	274258.0	486703.0	42675.0	38614.0	24.3	45.6	34.8	59.4
2008-08-26	600653.0	242941.0	34202.0	278551.0	495213.0	40800.0	32877.0	23.7	45.2	35.0	59.9
2008-09-02	598845.0	244822.0	36022.0	274194.0	492977.0	36394.0	26411.0	23.3	45.0	34.2	59.7
2008-09-09	548300.0	228463.0	33517.0	242778.0	451529.0	40802.0	26997.0	20.4	47.2	31.5	59.1
2008-09-16	605357.0	212873.0	34601.0	287722.0	475490.0	44516.0	35020.0	20.2	41.6	31.3	53.7
2008-09-23	587969.0	184978.0	44209.0	298541.0	451957.0	42060.0	29413.0	19.6	37.2	29.5	52.8
2008-09-30	598042.0	174106.0	42456.0	315621.0	458265.0	44015.0	33021.0	17.9	31.5	26.4	47.9
2008-10-07	534132.0	165417.0	39686.0	267183.0	405638.0	41087.0	28363.0	17.2	34.1	27.5	48.6
2008-10-14	556116.0	177896.0	32756.0	295171.0	449904.0	41394.0	31801.0	19.9	36.4	31.1	49.7
2008-10-21	591815.0	204304.0	43988.0	293910.0	464781.0	41674.0	31119.0	19.0	35.0	29.5	47.6
2008-10-28	594221.0	221426.0	46531.0	284331.0	460309.0	36484.0	35401.0	17.4	36.4	29.2	49.3
2008-11-04	485789.0	208779.0	37235.0	199978.0	370888.0	34554.0	35188.0	21.7	35.5	33.0	50.3
2008-11-11	469568.0	202381.0	31620.0	200917.0	368388.0	31485.0	34775.0	22.4	35.9	33.2	52.1
2008-11-18	476245.0	201046.0	27204.0	205133.0	367420.0	30444.0	41999.0	22.8	35.9	34.1	51.4
2008-11-25	478707.0	211754.0	27307.0	200135.0	378047.0	29566.0	36101.0	24.6	38.0	36.9	54.2
2008-12-02	385777.0	173990.0	22354.0	157727.0	305334.0	30654.0	34683.0	28.5	38.9	41.7	57.0
2008-12-09	399970.0	178174.0	20308.0	162081.0	318778.0	30034.0	31203.0	27.1	38.7	39.9	57.9
2008-12-16	405435.0	189782.0	20563.0	169327.0	328860.0	22407.0	32093.0	28.3	39.9	41.6	60.3
2008-12-22	422477.0	208502.0	19676.0	157826.0	343683.0	26845.0	29814.0	27.8	43.6	41.1	62.2
2008-12-30	424489.0	201073.0	21331.0	161305.0	339499.0	26528.0	28076.0	26.6	41.8	38.7	59.7
2009-01-06	363682.0	192744.0	21261.0	117280.0	284513.0	30576.0	34826.0	31.1	45.2	44.2	61.1
2009-01-13	369688.0	195148.0	22508.0	119231.0	289407.0	31987.0	34451.0	30.9	41.0	43.2	58.6
2009-01-20	370662.0	193787.0	25476.0	120897.0	288840.0	29826.0	30194.0	30.5	39.1	43.1	57.0
2009-01-27	401010.0	198695.0	26370.0	135278.0	309031.0	32725.0	31297.0	28.2	41.1	39.2	56.5
2009-02-03	344278.0	153605.0	18823.0	123161.0	258621.0	29384.0	28706.0	24.4	42.5	37.3	58.1
2009-02-10	366776.0	153655.0	17633.0	135811.0	276447.0	30446.0	25832.0	22.9	42.4	35.5	55.3
2009-02-17	387680.0	161694.0	18340.0	142554.0	287224.0	35240.0	33924.0	22.7	42.4	34.7	53.2
2009-02-24	413470.0	176850.0	15774.0	146143.0	308331.0	34211.0	33099.0	21.5	43.4	31.9	52.1
2009-03-03	349588.0	142357.0	8929.0	126572.0	261243.0	31128.0	29885.0	20.7	45.3	32.2	54.7
2009-03-10	371739.0	145779.0	12657.0	146760.0	285862.0	32213.0	26233.0	21.6	47.3	32.6	55.6
2009-03-17	390038.0	153015.0	18214.0	159415.0	299759.0	32917.0	27374.0	23.0	45.2	34.8	52.1
2009-03-24	410555.0	156216.0	16284.0	170287.0	317152.0	37651.0	30718.0	22.1	45.0	33.9	51.1
2009-03-31	432096.0	173395.0	14433.0	179416.0	343794.0	33926.0	28510.0	20.8	44.1	33.0	50.7
2009-04-07	403273.0	168535.0	14826.0	165058.0	327186.0	39286.0	30867.0	22.9	44.5	35.3	52.3
2009-04-14	406123.0	165180.0	16771.0	171990.0	327460.0	41787.0	34726.0	21.1	41.9	33.7	49.9
2009-04-21	438487.0	169872.0	20964.0	191946.0	354910.0	39352.0	25296.0	20.3	40.9	32.3	50.5
2009-04-28	451122.0	172555.0	20676.0	192788.0	358415.0	45350.0	31602.0	18.4	40.0	29.9	50.9
2009-05-05	388872.0	156343.0	15979.0	162777.0	315830.0	42384.0	29695.0	22.5	42.5	36.1	55.6
2009-05-12	406478.0	157258.0	22269.0	179408.0	326218.0	40986.0	29165.0	22.5	42.7	37.0	53.4
2009-05-19	422251.0	162720.0	21063.0	188652.0	337606.0	39645.0	32348.0	21.9	44.5	36.9	54.6
2009-05-26	434271.0	166019.0	21298.0	191232.0	347784.0	43653.0	31822.0	22.3	44.0	36.5	53.3
2009-06-02	374046.0	128316.0	16719.0	180254.0	298944.0	35856.0	28763.0	24.4	39.3	37.1	51.1
2009-06-09	398187.0	131517.0	9757.0	179491.0	311736.0	50552.0	40067.0	21.7	40.0	34.1	49.6
2009-06-16	405113.0	133537.0	10069.0	194391.0	325627.0	42516.0	34748.0	21.7	40.6	33.7	50.9
2009-06-23	428327.0	145605.0	12134.0	200421.0	338999.0	42633.0	37526.0	21.5	39.6	33.6	49.5
2009-06-30	428696.0	132449.0	17799.0	218847.0	335034.0	40168.0	38631.0	22.3	40.0	33.8	50.0
2009-07-07	377081.0	120623.0	12562.0	194467.0	307161.0	39424.0	34791.0	21.2	40.1	33.4	50.4
2009-07-14	378512.0	120192.0	15781.0	196463.0	303833.0	37424.0	34465.0	20.3	38.3	32.6	48.7
2009-07-21	385055.0	115091.0	14286.0	207518.0	308973.0	34033.0	33383.0	18.1	35.7	30.0	46.6
2009-07-28	386091.0	118961.0	14364.0	205697.0	310653.0	33580.0	33221.0	18.6	35.5	30.1	45.9
2009-08-04	344601.0	113442.0	12242.0	169065.0	268958.0	32185.0	33492.0	17.4	33.8	28.2	44.3
2009-08-11	371079.0	123544.0	24384.0	180812.0	276873.0	32819.0	35918.0	20.5	29.4	30.6	40.9
2009-08-18	387848.0	118363.0	23066.0	204475.0	297674.0	37033.0	39131.0	20.1	25.6	30.4	37.7
2009-08-25	398202.0	119810.0	22546.0	211918.0	312061.0	39206.0	36327.0	20.1	25.0	29.4	36.0
2009-09-01	419676.0	128317.0	28219.0	220969.0	320157.0	39521.0	40431.0	21.4	24.7	31.0	35.6
2009-09-08	384424.0	111453.0	24501.0	204277.0	288920.0	34316.0	36625.0	18.6	23.6	29.2	34.1
2009-09-15	407820.0	122350.0	27014.0	211777.0	307587.0	38645.0	38171.0	19.8	23.3	31.0	34.1
2009-09-22	445208.0	142068.0	27004.0	231412.0	343724.0	34072.0	36824.0	19.5	22.8	31.0	34.5
2009-09-29	453880.0	135398.0	25107.0	248540.0	353449.0	32567.0	37949.0	18.8	23.8	30.1	34.2
2009-10-06	444901.0	115419.0	43701.0	249817.0	318865.0	32494.0	35164.0	20.9	21.5	30.8	31.5
2009-10-13	452123.0	108428.0	54267.0	262732.0	313813.0	30368.0	33448.0	22.5	20.6	32.1	31.1
2009-10-20	477775.0	111070.0	56370.0	274716.0	329604.0	36491.0	36303.0	22.1	18.5	31.5	29.3
2009-10-27	508207.0	121229.0	68602.0	290544.0	343094.0	35886.0	35963.0	23.3	19.8	32.0	30.4
2009-11-03	498492.0	105660.0	66648.0	298440.0	337379.0	33146.0	33219.0	24.2	20.7	31.8	30.0
2009-11-09	516366.0	97391.0	56539.0	315431.0	353466.0	39009.0	41826.0	22.9	18.0	30.2	27.0
2009-11-17	539898.0	96434.0	56686.0	343630.0	377731.0	33306.0	38953.0	22.1	17.8	29.4	26.1
2009-11-24	545987.0	86394.0	51966.0	360521.0	391115.0	34950.0	38784.0	22.6	16.6	30.6	23.1
2009-12-01	556654.0	83701.0	51292.0	365806.0	399567.0	45070.0	43718.0	21.2	16.8	28.5	23.5
2009-12-08	497967.0	66364.0	53946.0	335995.0	345620.0	32554.0	35347.0	26.4	16.2	33.0	23.5
2009-12-15	540223.0	82401.0	54394.0	363427.0	386994.0	32583.0	37023.0	26.0	17.0	32.4	24.3
2009-12-22	537056.0	83818.0	51393.0	365758.0	391277.0	30975.0	37881.0	26.2	14.5	32.3	22.2
2009-12-29	550847.0	86982.0	52189.0	372800.0	400815.0	31649.0	38427.0	25.5	14.9	31.8	22.8
2010-01-05	485960.0	57675.0	56690.0	337778.0	334788.0	35069.0	39044.0	28.2	13.3	34.9	21.2
2010-01-12	527176.0	68033.0	66626.0	371074.0	365451.0	35506.0	42536.0	31.0	12.6	38.8	21.3
2010-01-19	555143.0	72529.0	69467.0	385252.0	384617.0	45901.0	49598.0	31.5	11.4	37.5	19.2
2010-01-26	572149.0	76765.0	76502.0	402371.0	394756.0	35941.0	43819.0	29.1	11.2	35.3	18.8
2010-02-02	535585.0	55292.0	67053.0	384458.0	366136.0	34177.0	40738.0	25.8	9.3	32.0	15.9
2010-02-09	551306.0	62446.0	68705.0	391686.0	379019.0	36718.0	43126.0	26.4	10.4	31.6	17.2
2010-02-16	590370.0	67176.0	72089.0	415350.0	407247.0	36639.0	39829.0	27.9	12.7	33.1	18.8
2010-02-23	653386.0	78479.0	83942.0	451356.0	438772.0	41054.0	48175.0	27.8	13.5	33.0	18.8
2010-03-02	618778.0	67462.0	81941.0	425345.0	404070.0	37131.0	43927.0	26.0	13.8	31.7	19.9
2010-03-09	635336.0	74154.0	83345.0	436358.0	415538.0	37288.0	48917.0	27.0	11.2	31.7	17.9
2010-03-16	676200.0	90830.0	78991.0	455694.0	455237.0	40392.0	52688.0	23.6	10.5	28.6	16.6
2010-03-23	686462.0	94037.0	79888.0	459714.0	460281.0	38734.0	52316.0	23.5	13.0	28.4	18.9
2010-03-30	694137.0	110674.0	62392.0	450170.0	485360.0	38470.0	51562.0	23.2	15.8	29.7	21.7
2010-04-06	649491.0	128764.0	53494.0	392952.0	453090.0	41447.0	56579.0	23.8	17.0	30.5	22.1
2010-04-13	664230.0	140495.0	52569.0	397804.0	472877.0	40164.0	53017.0	24.5	17.8	31.1	22.7
2010-04-20	680688.0	148720.0	54213.0	401589.0	483106.0	39632.0	52622.0	23.4	17.8	30.7	23.2
2010-04-27	688191.0	130987.0	51616.0	454213.0	520483.0	41873.0	54974.0	23.5	19.7	31.5	25.2
2010-05-04	634603.0	136288.0	21514.0	396414.0	499168.0	42861.0	54881.0	23.5	21.0	31.5	28.1
2010-05-11	618126.0	125349.0	18991.0	386585.0	481749.0	47681.0	58875.0	23.7	20.2	31.7	27.4
2010-05-18	658369.0	140323.0	22726.0	415231.0	519695.0	43171.0	56304.0	23.6	20.0	32.3	26.5
2010-05-25	666266.0	144958.0	25238.0	425977.0	527697.0	36460.0	54460.0	23.6	20.4	33.1	26.6
2010-06-01	608644.0	149660.0	20159.0	375466.0	489821.0	33118.0	48264.0	25.6	22.9	36.1	30.6
2010-06-08	631023.0	151242.0	18161.0	391207.0	507052.0	32890.0	50126.0	25.0	21.8	34.6	30.0
2010-06-15	649324.0	164864.0	18876.0	389627.0	513135.0	36304.0	58784.0	25.4	21.5	34.2	29.3
2010-06-22	664629.0	175983.0	18907.0	385257.0	522370.0	39818.0	59781.0	26.1	20.6	34.9	28.8
2010-06-29	654373.0	178732.0	15341.0	373016.0	515013.0	42719.0	64113.0	26.8	20.7	35.6	29.3
2010-07-06	593842.0	174587.0	15822.0	334063.0	476071.0	41959.0	58716.0	27.4	21.9	36.8	31.0
2010-07-13	608917.0	177014.0	13617.0	343715.0	490066.0	39909.0	56955.0	26.4	22.0	35.7	30.6
2010-07-20	616778.0	173233.0	11952.0	351791.0	491409.0	40754.0	62417.0	26.6	23.3	35.3	32.1
2010-07-27	632595.0	177230.0	9470.0	357611.0	504903.0	47062.0	67530.0	25.2	25.1	33.3	33.7
2010-08-03	588561.0	164244.0	9203.0	332369.0	469606.0	41885.0	59689.0	26.5	27.9	35.2	35.7
2010-08-10	593701.0	148937.0	7717.0	346338.0	472176.0	43274.0	58656.0	24.7	26.8	33.6	34.8
2010-08-17	597316.0	153034.0	8297.0	345347.0	477465.0	44501.0	57120.0	24.3	26.9	33.4	35.2
2010-08-24	603936.0	149373.0	14331.0	346443.0	469960.0	42431.0	53956.0	23.8	26.8	32.6	34.6
2010-08-31	626057.0	161459.0	16428.0	363275.0	493054.0	36856.0	52108.0	22.9	24.0	32.9	33.2
2010-09-07	565622.0	152485.0	16516.0	315068.0	442155.0	36329.0	45211.0	22.6	27.8	31.8	36.8
2010-09-14	580677.0	152861.0	16996.0	325558.0	447138.0	34290.0	48575.0	20.9	27.5	30.0	35.9
2010-09-21	597693.0	161183.0	21268.0	331362.0	451323.0	34026.0	53980.0	21.7	26.8	32.1	34.3
2010-09-28	622161.0	166141.0	23473.0	345478.0	473500.0	35575.0	50221.0	22.1	26.4	33.7	34.7
2010-10-05	582320.0	142279.0	23833.0	327527.0	431272.0	35111.0	49812.0	23.8	25.3	34.8	34.0
2010-10-12	596498.0	147076.0	23269.0	340974.0	449534.0	31934.0	47181.0	23.6	25.6	34.1	34.2
2010-10-19	607252.0	155652.0	24522.0	338987.0	455931.0	36198.0	50384.0	23.7	24.7	33.4	33.2
2010-10-26	613027.0	159399.0	24671.0	341772.0	462118.0	35172.0	49554.0	23.0	25.8	33.2	34.2
2010-11-02	558298.0	139281.0	23128.0	314969.0	416803.0	33420.0	47739.0	19.4	24.4	30.0	32.9
2010-11-09	593896.0	140333.0	25508.0	340716.0	440723.0	36631.0	51449.0	17.1	24.1	27.9	32.3
2010-11-16	576187.0	142431.0	24162.0	329607.0	436281.0	36179.0	47774.0	17.5	24.2	27.5	32.7
2010-11-23	597916.0	148915.0	24737.0	337851.0	447584.0	38971.0	53416.0	17.9	23.0	27.8	31.6
2010-11-30	626706.0	179367.0	27985.0	339847.0	474024.0	37070.0	54275.0	18.3	23.3	27.3	31.3
2010-12-07	543323.0	154842.0	31229.0	298247.0	403609.0	31561.0	49812.0	20.1	20.8	29.5	31.8
2010-12-14	562535.0	169887.0	29363.0	299998.0	423202.0	31039.0	48359.0	21.5	20.1	32.7	30.7
2010-12-21	574405.0	170888.0	35891.0	313925.0	436907.0	27894.0	39909.0	21.9	20.0	32.3	30.3
2010-12-28	575278.0	170461.0	33181.0	317468.0	442427.0	26634.0	38955.0	22.5	20.3	33.0	30.5
2011-01-04	514212.0	117638.0	35782.0	313795.0	384733.0	26624.0	37542.0	23.6	19.6	30.5	27.2
2011-01-11	549865.0	126876.0	36570.0	332666.0	409443.0	29281.0	42810.0	24.8	18.5	30.9	25.5
2011-01-18	562387.0	121333.0	33857.0	347801.0	419542.0	30358.0	46093.0	23.8	18.9	29.5	25.5
2011-01-25	582416.0	127039.0	37557.0	365535.0	440910.0	31052.0	45159.0	24.6	18.3	29.9	24.8
2011-02-01	544417.0	109117.0	30511.0	347125.0	410113.0	26217.0	41835.0	22.1	18.1	27.0	25.8
2011-02-08	570809.0	119430.0	35221.0	364400.0	437999.0	28568.0	39178.0	22.5	18.6	27.9	27.2
2011-02-15	598736.0	113537.0	39900.0	384604.0	451334.0	36399.0	43306.0	23.0	18.1	28.2	26.5
2011-02-22	611996.0	110206.0	43503.0	388587.0	443814.0	42287.0	53763.0	22.6	17.9	28.2	26.4
2011-03-01	558224.0	105952.0	40541.0	353805.0	402717.0	38016.0	54515.0	20.0	17.7	26.3	25.9
2011-03-08	584776.0	99944.0	45220.0	380080.0	417727.0	30552.0	47629.0	19.3	16.7	26.6	23.8
2011-03-15	623786.0	99109.0	57763.0	417239.0	444404.0	28344.0	42525.0	18.4	15.3	27.2	22.0
2011-03-22	659202.0	122187.0	59850.0	427169.0	478409.0	31904.0	43001.0	18.0	16.0	25.0	24.1
2011-03-29	672792.0	123902.0	57570.0	443482.0	498845.0	32026.0	42995.0	17.5	16.7	26.3	24.9
2011-04-05	638687.0	116812.0	69674.0	416420.0	451841.0	35500.0	47217.0	23.0	15.0	32.0	23.8
2011-04-12	652385.0	109145.0	58071.0	430562.0	467233.0	38919.0	53322.0	24.1	14.9	32.3	24.1
2011-04-19	682782.0	112356.0	61342.0	451281.0	486443.0	36467.0	52319.0	24.8	13.9	32.4	22.3
2011-04-26	695570.0	110910.0	64077.0	461246.0	493375.0	35820.0	50524.0	25.0	13.3	32.6	21.8
2011-05-03	646665.0	98542.0	61566.0	428034.0	442719.0	32917.0	55208.0	25.8	12.2	32.9	19.6
2011-05-10	681620.0	93021.0	65337.0	455385.0	466820.0	35452.0	51701.0	24.5	11.7	30.3	18.3
2011-05-17	699377.0	84875.0	74178.0	481540.0	476770.0	36526.0	51993.0	24.6	11.6	29.6	17.1
2011-05-24	714235.0	85123.0	75664.0	497541.0	490885.0	38600.0	54715.0	26.6	12.0	31.0	17.5
2011-05-31	751787.0	76482.0	84501.0	537549.0	508747.0	41709.0	62492.0	28.2	12.0	31.9	17.3
2011-06-07	699273.0	70185.0	90507.0	501577.0	464069.0	36357.0	53543.0	33.2	13.3	37.3	19.5
2011-06-14	728513.0	79931.0	92083.0	520396.0	491103.0	33931.0	51072.0	31.4	13.4	35.2	18.7
2011-06-21	758735.0	73876.0	86997.0	531165.0	501953.0	43002.0	59093.0	31.3	13.2	34.5	18.1
2011-06-28	775250.0	83452.0	68878.0	526492.0	521962.0	37566.0	56670.0	29.2	13.8	32.3	18.7
2011-07-05	718588.0	64104.0	62899.0	509027.0	492883.0	30895.0	48244.0	30.6	13.5	33.9	19.2
2011-07-12	768069.0	68835.0	66757.0	542253.0	532483.0	40730.0	52578.0	29.3	13.4	31.8	18.4
2011-07-19	823635.0	84456.0	77421.0	562662.0	563612.0	45801.0	51886.0	28.8	14.3	31.7	20.2
2011-07-26	864924.0	78105.0	79932.0	605971.0	601451.0	48357.0	51050.0	30.2	15.1	34.1	21.8
2011-08-02	858944.0	90024.0	68103.0	594786.0	610103.0	44426.0	51030.0	33.2	18.1	37.2	25.7
2011-08-09	826278.0	95361.0	68331.0	561123.0	589592.0	40864.0	39425.0	33.4	20.9	37.2	28.5
2011-08-16	830056.0	85210.0	61662.0	576940.0	594208.0	41915.0	48195.0	33.2	20.2	36.6	27.1
2011-08-23	809195.0	87059.0	67624.0	574100.0	587236.0	39120.0	45419.0	35.2	22.0	39.3	29.7
2011-08-30	799502.0	89618.0	69916.0	567349.0	579713.0	37686.0	45024.0	35.9	22.4	40.8	31.1
2011-09-06	711422.0	87149.0	64540.0	490528.0	505608.0	35321.0	42850.0	36.9	23.9	41.4	34.0
2011-09-13	708104.0	89407.0	64817.0	483544.0	502332.0	36816.0	42618.0	36.4	24.3	41.4	34.5
2011-09-20	707947.0	77864.0	72291.0	495283.0	494860.0	34797.0	40793.0	35.7	23.9	40.9	33.5
2011-09-27	688765.0	71905.0	71768.0	490790.0	486901.0	32757.0	36783.0	36.0	25.1	41.2	34.9
2011-10-04	623049.0	61555.0	48100.0	444415.0	446914.0	30825.0	41781.0	35.7	26.0	40.2	36.4
2011-10-11	617999.0	63471.0	46864.0	444913.0	448021.0	27607.0	41106.0	35.8	26.4	40.6	37.1
2011-10-18	621992.0	62899.0	59625.0	431679.0	427181.0	29687.0	37459.0	33.9	26.6	39.0	36.1
2011-10-25	641904.0	65558.0	58155.0	442808.0	444008.0	34151.0	40354.0	34.0	27.5	39.3	36.6
2011-11-01	596589.0	64731.0	60954.0	404519.0	410509.0	35852.0	33639.0	33.3	27.1	38.0	35.6
2011-11-08	586944.0	68360.0	61041.0	398277.0	403702.0	30726.0	32620.0	33.2	27.4	37.2	36.1
2011-11-15	598935.0	72069.0	61778.0	395106.0	403661.0	44228.0	45964.0	33.6	27.1	37.8	35.5
2011-11-22	597515.0	79832.0	63015.0	398142.0	406828.0	35061.0	43192.0	35.3	27.2	39.7	37.5
2011-11-29	616393.0	94454.0	67554.0	407085.0	423599.0	29945.0	40331.0	35.2	27.8	40.3	38.1
2011-12-06	559953.0	80608.0	60202.0	379543.0	385703.0	27393.0	41639.0	34.0	28.0	40.3	39.4
2011-12-13	573418.0	84891.0	63405.0	384120.0	396483.0	28460.0	37583.0	32.9	27.3	39.2	38.8
2011-12-20	565916.0	90756.0	71250.0	376865.0	387515.0	28056.0	36912.0	34.0	27.9	40.0	39.8
2011-12-27	575653.0	97375.0	71666.0	382308.0	398248.0	26613.0	36382.0	35.1	28.0	41.3	40.9
2012-01-03	513191.0	79367.0	67050.0	335750.0	346176.0	31966.0	33857.0	34.7	26.2	40.5	39.8
2012-01-10	516316.0	83320.0	68138.0	329919.0	346505.0	36336.0	34932.0	33.9	26.7	39.5	40.0
2012-01-17	520680.0	81816.0	64676.0	329971.0	349876.0	38051.0	35286.0	33.4	27.4	38.5	39.5
2012-01-24	530229.0	81104.0	59720.0	333941.0	357597.0	41387.0	39115.0	31.7	26.5	36.4	38.6
2012-01-31	548721.0	85735.0	67556.0	352132.0	370106.0	37826.0	38031.0	31.6	27.6	36.6	39.5
2012-02-07	510111.0	81580.0	58716.0	325086.0	344625.0	34694.0	38019.0	32.2	23.1	36.1	33.5
2012-02-14	526334.0	89392.0	61548.0	341541.0	359748.0	27681.0	37318.0	33.0	23.1	37.2	32.5
2012-02-21	546520.0	81989.0	71654.0	363820.0	366456.0	30782.0	38481.0	33.4	23.2	38.1	32.7
2012-02-28	566181.0	85342.0	73312.0	375887.0	379611.0	31525.0	39831.0	32.5	23.1	37.5	32.7
2012-03-06	512829.0	70347.0	73620.0	340529.0	328968.0	32712.0	41000.0	34.7	21.1	39.1	30.6
2012-03-13	530754.0	78299.0	78945.0	360527.0	345372.0	27875.0	42384.0	33.6	20.5	37.8	29.3
2012-03-20	553560.0	83977.0	78049.0	374001.0	362842.0	24330.0	41417.0	34.0	19.7	38.5	30.1
2012-03-27	571439.0	83721.0	78993.0	391528.0	376675.0	24749.0	44330.0	32.8	19.8	37.7	29.5
2012-04-03	519960.0	77289.0	80919.0	348745.0	326079.0	25349.0	44385.0	35.3	21.0	41.4	30.5
2012-04-10	520321.0	74054.0	72932.0	350200.0	328605.0	24290.0	47007.0	33.8	20.2	40.4	29.9
2012-04-17	518082.0	51119.0	83710.0	370495.0	315101.0	26800.0	49603.0	31.4	19.6	37.9	27.7
2012-04-24	523564.0	49103.0	76238.0	373282.0	325104.0	29306.0	50349.0	30.4	18.4	37.9	28.7
2012-05-01	490074.0	48779.0	83702.0	348383.0	293841.0	27558.0	47177.0	34.3	21.0	40.9	31.9
2012-05-08	499715.0	44827.0	79594.0	360553.0	304485.0	24371.0	45672.0	33.4	19.2	38.9	29.8
2012-05-15	528528.0	42074.0	83137.0	389001.0	320797.0	21819.0	48960.0	31.2	18.3	36.7	27.3
2012-05-22	539386.0	41116.0	85808.0	395359.0	318893.0	22608.0	54382.0	31.0	18.5	37.6	27.1
2012-05-29	539857.0	43394.0	90974.0	395809.0	318630.0	21843.0	51442.0	30.0	18.4	35.8	27.0
2012-06-05	494175.0	28170.0	61111.0	365707.0	301079.0	20045.0	51732.0	32.2	16.7	36.8	25.4
2012-06-12	497662.0	24547.0	60602.0	370984.0	305223.0	21399.0	51105.0	33.6	17.6	37.9	27.1
2012-06-19	515363.0	22919.0	66801.0	386480.0	317132.0	23115.0	48581.0	32.5	18.9	37.2	28.5
2012-06-26	526590.0	31994.0	66361.0	388837.0	333384.0	25312.0	46398.0	32.3	18.1	36.9	28.1
2012-07-03	485980.0	28872.0	70149.0	357622.0	297075.0	23535.0	42805.0	33.7	17.6	38.7	28.3
2012-07-10	487622.0	27607.0	69535.0	362728.0	304646.0	21639.0	37793.0	33.2	18.4	38.6	28.9
2012-07-17	486461.0	21549.0	57754.0	367038.0	314034.0	24638.0	41437.0	33.9	20.1	38.7	29.8
2012-07-24	493089.0	17619.0	53200.0	374951.0	329780.0	26964.0	36554.0	33.4	22.0	38.4	32.9
2012-07-31	503514.0	22032.0	59870.0	386661.0	338195.0	26967.0	37595.0	34.2	22.8	39.4	33.9
2012-08-07	435302.0	14289.0	48672.0	333318.0	285792.0	26357.0	39500.0	34.2	22.7	39.3	33.3
2012-08-14	444832.0	19423.0	44867.0	341930.0	298640.0	23242.0	41088.0	33.4	21.7	38.6	34.1
2012-08-21	457649.0	24207.0	57720.0	347918.0	304279.0	24061.0	34187.0	33.3	22.6	38.8	37.3
2012-08-28	483138.0	32261.0	62380.0	358822.0	322011.0	29498.0	36190.0	32.7	25.2	38.9	39.4
2012-09-04	413277.0	12481.0	52418.0	314002.0	263786.0	24134.0	34413.0	32.6	24.2	38.0	36.0
2012-09-11	424978.0	16203.0	51604.0	318811.0	275033.0	27951.0	36328.0	32.2	25.5	37.6	36.1
2012-09-18	429972.0	19336.0	45187.0	320555.0	285219.0	29773.0	39258.0	33.2	26.2	38.2	34.4
2012-09-25	437583.0	23488.0	45668.0	324509.0	289770.0	26413.0	38972.0	32.9	26.4	38.8	34.0
2012-10-02	369890.0	6438.0	43439.0	283670.0	231958.0	22390.0	37101.0	35.6	22.8	41.1	31.0
2012-10-09	374293.0	8085.0	44031.0	283724.0	238064.0	29728.0	39442.0	35.3	23.2	40.6	32.2
2012-10-16	379837.0	7821.0	46452.0	291938.0	243884.0	29321.0	38744.0	34.5	23.3	40.4	34.8
2012-10-23	387775.0	10685.0	48059.0	299934.0	247665.0	22960.0	37855.0	34.3	23.2	40.8	35.4
2012-10-30	418586.0	33513.0	47784.0	308895.0	282150.0	20628.0	33102.0	33.0	28.1	39.6	40.3
2012-11-06	360034.0	14944.0	49053.0	271518.0	224861.0	21292.0	33840.0	32.6	25.8	39.2	36.6
2012-11-13	372098.0	16742.0	49266.0	277745.0	235278.0	22977.0	32920.0	32.8	27.2	39.4	37.4
2012-11-20	381820.0	18574.0	47183.0	280701.0	246376.0	26767.0	32483.0	32.6	28.9	38.9	38.2
2012-11-27	392895.0	26341.0	48069.0	286884.0	258358.0	24689.0	31487.0	32.9	31.3	39.7	41.0
2012-12-04	330886.0	15164.0	47966.0	242254.0	197834.0	22771.0	34389.0	36.2	26.1	40.9	32.5
2012-12-11	344013.0	19827.0	46246.0	250649.0	210786.0	22913.0	36357.0	35.3	27.6	40.7	33.4
2012-12-18	432669.0	69798.0	52594.0	285928.0	293778.0	20108.0	29462.0	30.4	38.8	38.0	44.7
2012-12-24	439297.0	71506.0	51709.0	294441.0	299725.0	16489.0	31002.0	30.7	40.1	39.4	46.7
2012-12-31	447169.0	67654.0	43499.0	302279.0	311102.0	16813.0	32145.0	29.4	38.3	38.5	44.5
2013-01-08	357487.0	31891.0	35290.0	245176.0	229289.0	17392.0	29880.0	30.3	26.4	39.6	34.2
2013-01-15	372623.0	29149.0	31608.0	257916.0	247687.0	22447.0	30217.0	31.4	25.5	39.3	34.2
2013-01-22	373267.0	24842.0	28080.0	275268.0	254752.0	19596.0	36874.0	32.1	25.6	40.8	34.6
2013-01-29	365782.0	26893.0	28049.0	271265.0	254680.0	15384.0	30813.0	31.7	25.7	40.7	35.4
2013-02-05	321671.0	21580.0	25025.0	233616.0	218690.0	19179.0	30660.0	31.1	21.7	40.2	29.9
2013-02-12	327622.0	20836.0	25276.0	238630.0	223720.0	17289.0	27759.0	32.0	21.7	40.5	29.4
2013-02-19	335283.0	21512.0	24201.0	245330.0	229042.0	16206.0	29805.0	31.9	21.4	40.2	28.8
2013-02-26	344739.0	19427.0	26231.0	252649.0	230719.0	21070.0	36196.0	32.7	21.0	40.7	27.7
2013-03-05	326795.0	18430.0	40407.0	232907.0	198257.0	23918.0	36591.0	34.5	23.7	40.8	30.2
2013-03-12	329344.0	18573.0	39460.0	235594.0	201646.0	21132.0	34193.0	34.8	26.2	41.3	32.9
2013-03-19	350306.0	26725.0	38212.0	243631.0	221649.0	23444.0	33939.0	30.7	25.9	37.2	34.0
2013-03-26	374071.0	43297.0	37320.0	251406.0	245395.0	20658.0	32646.0	28.9	26.3	35.0	34.2
2013-04-02	330504.0	22844.0	37840.0	234498.0	203724.0	19955.0	35733.0	30.3	22.4	38.9	30.4
2013-04-09	338550.0	20446.0	37492.0	242286.0	210928.0	22760.0	37072.0	30.7	23.0	39.3	30.6
2013-04-16	348654.0	17836.0	38780.0	252059.0	216538.0	24230.0	38807.0	31.4	21.6	39.5	29.0
2013-04-23	361957.0	17066.0	35774.0	264532.0	232519.0	24043.0	37348.0	32.1	23.1	39.8	30.2
2013-04-30	372160.0	18000.0	37994.0	259595.0	225885.0	21241.0	34957.0	31.2	22.2	38.1	29.1
2013-05-07	325584.0	12422.0	33356.0	226571.0	187259.0	19198.0	37576.0	31.9	21.6	40.8	27.9
2013-05-14	327909.0	17166.0	29124.0	220185.0	193801.0	20870.0	35296.0	31.6	22.6	39.7	29.0
2013-05-21	343016.0	19650.0	32762.0	228903.0	198650.0	19850.0	36991.0	31.6	26.0	39.5	32.3
2013-05-28	365000.0	34247.0	31528.0	234900.0	224620.0	22204.0	35203.0	29.0	29.8	37.3	36.3
2013-06-04	312601.0	19317.0	29556.0	199016.0	171925.0	25672.0	42524.0	31.3	27.1	39.1	33.0
2013-06-11	324031.0	18219.0	31256.0	207818.0	178786.0	24715.0	40710.0	30.8	26.9	38.7	32.3
2013-06-18	336265.0	16347.0	30803.0	220242.0	191096.0	23861.0	38551.0	29.2	26.1	36.9	31.7
2013-06-25	340141.0	18264.0	29513.0	225399.0	202606.0	20049.0	31593.0	26.8	24.0	34.5	29.9
2013-07-02	302643.0	15273.0	30933.0	194209.0	163472.0	21664.0	36741.0	27.1	21.0	32.7	26.2
2013-07-09	301799.0	17047.0	28964.0	193469.0	169028.0	19405.0	31929.0	26.3	22.2	32.9	27.1
2013-07-16	305992.0	13596.0	33361.0	200056.0	169584.0	24148.0	34855.0	25.7	21.1	32.8	26.5
2013-07-23	308582.0	16610.0	33394.0	198769.0	170206.0	26900.0	38679.0	26.0	21.4	33.5	26.7
2013-07-30	310357.0	19092.0	34101.0	198990.0	171128.0	23204.0	36057.0	25.8	21.0	33.3	26.4
2013-08-06	272741.0	12777.0	31045.0	165774.0	135954.0	30946.0	42498.0	24.7	19.8	33.1	25.5
2013-08-13	283056.0	16119.0	32525.0	171244.0	145487.0	32538.0	41889.0	23.4	19.9	31.4	26.4
2013-08-20	290747.0	17383.0	33881.0	174401.0	147640.0	33781.0	44044.0	23.3	20.1	31.1	27.6
2013-08-27	303473.0	26813.0	35263.0	182092.0	163394.0	24880.0	35128.0	22.8	21.2	30.1	28.5
2013-09-03	271512.0	22023.0	28939.0	158349.0	139449.0	23619.0	35603.0	21.2	20.2	28.3	26.3
2013-09-10	282651.0	20710.0	30292.0	167299.0	145418.0	24698.0	36997.0	22.2	21.0	29.2	28.1
2013-09-17	297019.0	23199.0	30344.0	178943.0	158781.0	28051.0	41068.0	21.8	22.3	29.9	30.1
2013-09-24	307188.0	28932.0	34884.0	188006.0	167706.0	29209.0	43557.0	23.8	20.8	30.1	29.5
2013-10-01	281321.0	19950.0	27644.0	168360.0	145119.0	31370.0	46917.0	25.8	19.8	32.3	27.3
2013-10-08	302800.0	20833.0	32600.0	184883.0	164575.0	33726.0	42267.0	25.1	16.9	30.9	25.0
2013-10-15	303228.0	15405.0	30906.0	194846.0	168705.0	30031.0	40671.0	24.2	17.7	30.6	25.1
2013-10-22	302330.0	15177.0	38849.0	199365.0	164267.0	24358.0	35784.0	25.6	17.5	33.9	25.0
2013-10-29	305405.0	16670.0	36444.0	201724.0	169940.0	26872.0	38882.0	25.5	17.8	33.4	25.6
2013-11-05	277789.0	15994.0	38153.0	180978.0	142645.0	25339.0	41513.0	26.1	18.9	32.6	25.2
2013-11-12	283950.0	15558.0	42279.0	189002.0	143788.0	26861.0	45354.0	26.6	19.4	34.0	25.1
2013-11-19	292242.0	17120.0	43096.0	196130.0	155114.0	24665.0	39705.0	27.1	20.3	34.6	25.8
2013-11-26	288493.0	15635.0	44016.0	196281.0	152977.0	25468.0	40391.0	27.7	21.0	35.3	26.7
2013-12-03	264394.0	15937.0	40395.0	176875.0	130977.0	22449.0	43889.0	30.7	22.1	38.3	28.3
2013-12-10	274535.0	15469.0	44543.0	187633.0	136023.0	23119.0	45655.0	30.9	20.9	37.6	27.0
2013-12-17	290761.0	12928.0	43447.0	203403.0	149358.0	24944.0	48470.0	32.8	23.2	39.6	29.0
2013-12-24	306920.0	17395.0	55597.0	212274.0	155212.0	28466.0	47326.0	32.4	25.1	39.7	30.7
2014-01-07	278090.0	13563.0	51612.0	188819.0	136226.0	31312.0	45856.0	30.1	23.9	38.2	30.3
2014-01-14	278861.0	16115.0	53409.0	188629.0	135005.0	31366.0	47696.0	28.3	23.8	37.5	30.3
2014-01-21	279760.0	11686.0	51097.0	196160.0	140114.0	30805.0	47440.0	30.0	23.4	37.8	29.4
2014-01-28	291494.0	13500.0	47522.0	209068.0	150531.0	28964.0	53479.0	31.2	23.8	39.5	30.1
2014-02-04	273109.0	12618.0	44335.0	192043.0	144851.0	30934.0	46409.0	30.4	20.7	40.7	28.1
2014-02-11	293954.0	11405.0	50125.0	211579.0	158131.0	30601.0	45329.0	33.6	21.6	43.3	30.0
2014-02-18	314854.0	15359.0	47350.0	223193.0	176124.0	30736.0	45814.0	30.7	20.0	40.8	27.3
2014-02-25	326188.0	17087.0	45531.0	229545.0	186667.0	29695.0	44129.0	31.3	19.4	40.2	26.7
2014-03-04	295231.0	11075.0	50254.0	203191.0	147119.0	27303.0	44196.0	36.2	17.8	44.5	25.2
2014-03-11	298102.0	14677.0	51443.0	205035.0	149036.0	26800.0	46033.0	34.9	17.9	43.4	26.4
2014-03-18	318024.0	24064.0	54610.0	217726.0	166008.0	26613.0	47785.0	35.7	20.8	43.3	29.3
2014-03-25	335742.0	26554.0	61356.0	225550.0	169155.0	30867.0	52460.0	34.8	18.8	42.5	26.7
2014-04-01	291999.0	10055.0	56175.0	202963.0	131556.0	30854.0	56141.0	38.0	15.4	44.3	21.9
2014-04-08	310870.0	10872.0	68289.0	217742.0	134590.0	30803.0	56538.0	38.3	16.0	44.4	22.2
2014-04-15	324094.0	14768.0	70595.0	227732.0	144661.0	29457.0	56701.0	36.9	16.2	42.8	22.9
2014-04-22	340477.0	16232.0	85168.0	242224.0	147374.0	27390.0	53304.0	36.8	16.1	45.0	22.6
2014-04-29	358404.0	16544.0	91449.0	259057.0	156619.0	28773.0	56306.0	38.7	16.6	46.4	23.6
2014-05-06	324263.0	13699.0	67239.0	226999.0	147349.0	28656.0	54766.0	38.3	15.8	42.9	22.5
2014-05-13	339695.0	20283.0	71271.0	237935.0	162872.0	29227.0	53302.0	37.9	17.0	42.4	24.6
2014-05-20	361265.0	19932.0	73868.0	256749.0	171969.0	28645.0	59489.0	40.0	17.1	44.2	24.7
2014-05-27	367374.0	20941.0	78923.0	259675.0	174145.0	28906.0	56454.0	40.3	17.2	44.7	24.8
2014-06-03	345693.0	14617.0	71054.0	246345.0	165086.0	28515.0	53337.0	43.8	15.5	48.3	23.9
2014-06-10	372779.0	21112.0	84924.0	256538.0	170590.0	29208.0	51344.0	43.1	15.7	47.4	24.6
2014-06-17	403606.0	29942.0	86978.0	270640.0	188060.0	28237.0	53781.0	42.3	16.8	47.3	26.5
2014-06-24	417521.0	30368.0	88677.0	281274.0	197922.0	27393.0	52436.0	41.6	18.9	46.7	27.9
2014-07-01	411799.0	28953.0	88240.0	276054.0	196684.0	27269.0	47352.0	40.6	19.5	45.0	27.3
2014-07-08	415535.0	26213.0	94424.0	283769.0	196743.0	26943.0	45758.0	40.8	17.6	45.0	25.8
2014-07-15	444459.0	16006.0	103873.0	309815.0	202491.0	33076.0	52533.0	39.1	14.4	42.9	22.8
2014-07-22	451694.0	19665.0	110999.0	313782.0	201413.0	32136.0	53171.0	39.2	15.7	42.9	23.5
2014-07-29	464212.0	18425.0	119033.0	326422.0	202545.0	32056.0	55325.0	39.4	16.6	43.5	23.6
2014-08-05	459492.0	17679.0	121068.0	316640.0	189545.0	28544.0	52250.0	35.3	16.3	40.7	22.7
2014-08-12	492083.0	17855.0	124032.0	336647.0	204501.0	30002.0	55971.0	34.2	15.1	39.3	20.7
2014-08-19	528137.0	16086.0	132871.0	350310.0	213006.0	30535.0	51054.0	33.1	14.4	38.2	19.5
2014-08-26	541629.0	18742.0	146577.0	361251.0	212981.0	30159.0	50594.0	34.9	16.0	39.7	21.4
2014-09-02	511290.0	18586.0	131382.0	339789.0	206020.0	30397.0	51370.0	36.0	14.2	40.5	20.0
2014-09-09	523266.0	20225.0	141105.0	352559.0	215918.0	31908.0	47669.0	37.0	16.5	41.1	22.4
2014-09-16	557935.0	14165.0	158155.0	390407.0	230844.0	36610.0	52183.0	39.0	19.0	43.3	24.3
2014-09-23	583182.0	15365.0	163238.0	415211.0	246163.0	37201.0	58376.0	38.1	18.9	42.9	23.9
2014-09-30	600910.0	16138.0	150613.0	424212.0	267516.0	37126.0	59347.0	37.8	15.7	41.9	20.6
2014-10-07	588877.0	13407.0	142944.0	417580.0	264337.0	33857.0	57563.0	36.7	15.0	42.3	20.5
2014-10-14	618670.0	14649.0	149427.0	441806.0	284850.0	36950.0	59128.0	34.9	16.1	41.2	21.8
2014-10-21	632860.0	8333.0	149380.0	472199.0	303951.0	36319.0	63520.0	35.0	15.6	41.5	21.4
2014-10-28	659176.0	5145.0	169205.0	498550.0	313610.0	37439.0	58319.0	36.0	15.2	41.8	21.1
2014-11-04	661079.0	16934.0	173043.0	495843.0	316296.0	34072.0	57510.0	35.7	16.3	41.0	22.2
2014-11-11	688001.0	23736.0	190693.0	514494.0	323531.0	33953.0	57959.0	37.4	17.4	42.6	23.7
2014-11-18	712743.0	23420.0	195589.0	534054.0	336832.0	30831.0	55884.0	37.3	19.0	41.9	25.6
2014-11-25	732393.0	35739.0	201206.0	536926.0	347169.0	32816.0	57106.0	37.2	18.5	41.7	25.3
2014-12-02	698240.0	32105.0	192934.0	510650.0	324764.0	31062.0	56119.0	39.0	18.6	42.7	26.7
2014-12-09	711164.0	31961.0	182634.0	511498.0	334673.0	30273.0	56425.0	36.9	17.8	40.5	26.4
2014-12-16	745558.0	35617.0	181645.0	539719.0	367922.0	29276.0	55045.0	35.7	17.0	39.7	26.2
2014-12-23	740845.0	41096.0	173385.0	528692.0	369282.0	21780.0	48901.0	33.7	15.1	37.6	23.8
2014-12-30	749504.0	41691.0	176871.0	532195.0	370507.0	22353.0	48861.0	34.0	15.4	38.0	24.3
2015-01-06	683792.0	23534.0	149224.0	491382.0	337648.0	25010.0	53054.0	32.7	13.9	36.6	22.6
2015-01-13	726402.0	18921.0	168697.0	535407.0	362178.0	22857.0	46310.0	33.7	13.0	37.5	21.5
2015-01-20	732631.0	17210.0	151166.0	541185.0	385738.0	25295.0	46786.0	33.0	12.8	36.8	20.4
2015-01-27	735711.0	19926.0	141291.0	549718.0	406377.0	21997.0	43973.0	31.4	12.6	34.8	20.0
2015-02-03	700393.0	14243.0	134631.0	530489.0	389222.0	24001.0	44880.0	31.6	11.2	35.1	18.9
2015-02-10	689876.0	18572.0	137095.0	506533.0	370743.0	29575.0	46842.0	31.0	11.6	34.8	19.5
2015-02-17	679680.0	24836.0	131329.0	487451.0	361465.0	26823.0	46316.0	29.0	11.5	32.4	19.6
2015-02-24	698711.0	36329.0	126438.0	481817.0	363300.0	28068.0	56476.0	28.5	11.3	32.2	19.6
2015-03-03	659157.0	18905.0	132313.0	466836.0	328904.0	28019.0	52543.0	32.1	10.5	36.3	18.9
2015-03-10	723522.0	17083.0	129653.0	494119.0	357242.0	25532.0	49839.0	30.0	8.9	33.5	16.5
2015-03-17	761833.0	29043.0	136440.0	518858.0	385176.0	24059.0	50344.0	29.4	8.9	33.5	16.3
2015-03-24	749830.0	50517.0	132437.0	518538.0	407438.0	24841.0	54021.0	29.4	10.6	35.2	18.2
2015-03-31	777368.0	49290.0	136999.0	548929.0	430673.0	25522.0	56069.0	28.5	10.1	34.3	17.4
2015-04-07	716978.0	40690.0	143235.0	516647.0	385048.0	26570.0	55624.0	28.3	9.9	34.6	16.8
2015-04-14	749700.0	39932.0	157053.0	542636.0	398267.0	28469.0	55717.0	30.5	9.9	36.6	16.4
2015-04-21	769859.0	40253.0	168004.0	558555.0	407573.0	28011.0	51242.0	30.9	10.2	36.4	16.5
2015-04-28	803472.0	39274.0	169341.0	587924.0	433600.0	24713.0	48970.0	30.6	9.9	36.2	16.0
2015-05-05	767617.0	35178.0	161965.0	566221.0	408689.0	22059.0	52804.0	35.6	10.8	41.1	17.7
2015-05-12	807262.0	37461.0	177127.0	599379.0	427269.0	22655.0	55099.0	35.1	10.7	40.8	17.4
2015-05-19	848963.0	34797.0	177963.0	621099.0	447475.0	26364.0	56822.0	34.8	10.7	40.3	17.1
2015-05-26	854237.0	37162.0	183363.0	623174.0	442446.0	25316.0	59843.0	35.4	11.0	40.9	17.4
2015-06-02	781020.0	12814.0	165966.0	591153.0	406529.0	25401.0	56873.0	37.6	13.3	42.8	19.8
2015-06-09	817282.0	19396.0	175216.0	616906.0	428333.0	22151.0	54904.0	36.5	12.9	42.1	19.7
2015-06-16	868620.0	28223.0	176045.0	661258.0	478545.0	22636.0	57527.0	35.6	12.8	42.4	20.4
2015-06-23	871840.0	25418.0	185454.0	669912.0	470761.0	19297.0	58412.0	37.9	13.4	44.9	19.7
2015-06-30	906380.0	33061.0	177520.0	685478.0	509341.0	23500.0	55178.0	35.4	14.1	42.3	20.5
2015-07-07	866553.0	32224.0	170845.0	664775.0	490178.0	20380.0	56356.0	35.6	14.0	42.5	19.6
2015-07-14	889222.0	33693.0	197627.0	685804.0	486222.0	20999.0	56647.0	37.3	13.6	44.3	19.3
2015-07-21	888107.0	40427.0	190161.0	685439.0	500643.0	20760.0	55822.0	35.4	13.4	42.8	18.9
2015-07-28	903332.0	42796.0	182466.0	692117.0	518841.0	21920.0	55526.0	35.0	13.9	42.3	19.3
2015-08-04	796935.0	51490.0	138554.0	589681.0	475050.0	19674.0	47241.0	30.5	12.6	36.9	18.4
2015-08-11	877169.0	76500.0	166462.0	642050.0	523735.0	23796.0	52149.0	29.5	12.5	36.1	18.5
2015-08-18	860904.0	52219.0	147605.0	666115.0	541536.0	20824.0	50017.0	32.9	13.6	38.7	19.6
2015-08-25	892199.0	51132.0	133746.0	687692.0	576444.0	21164.0	49798.0	32.1	13.3	37.2	20.7
2015-09-01	820522.0	43123.0	119241.0	616723.0	511778.0	23144.0	51971.0	31.9	14.9	38.6	22.7
2015-09-08	834541.0	60711.0	126196.0	610141.0	514058.0	26626.0	57224.0	32.9	14.4	42.1	21.4
2015-09-15	944844.0	140403.0	113926.0	628948.0	618033.0	28006.0	65398.0	33.2	14.0	43.6	21.1
2015-09-22	890519.0	140682.0	100371.0	615754.0	609762.0	18445.0	64748.0	36.7	14.5	45.6	20.9
2015-09-29	914433.0	118818.0	105237.0	668431.0	635371.0	18698.0	65339.0	38.0	13.7	46.8	20.1
2015-10-06	860543.0	154094.0	86928.0	592800.0	614275.0	18716.0	64407.0	36.3	13.4	44.3	20.0
2015-10-13	902824.0	210270.0	96396.0	553782.0	612190.0	17064.0	72530.0	37.9	16.0	48.8	22.9
2015-10-20	912623.0	234553.0	83477.0	537690.0	652161.0	21184.0	57789.0	38.9	18.6	46.6	24.9
2015-10-27	926679.0	259834.0	96814.0	529104.0	651682.0	24666.0	65108.0	42.3	18.8	49.6	24.8
2015-11-03	726822.0	115002.0	63858.0	491232.0	511797.0	20903.0	51482.0	39.0	17.5	43.5	23.7
2015-11-10	763010.0	102608.0	76308.0	541609.0	539771.0	19510.0	47648.0	39.5	19.3	44.0	27.0
2015-11-17	782860.0	120583.0	77684.0	535195.0	549664.0	21248.0	49678.0	39.5	19.5	45.9	27.0
2015-11-24	829394.0	113098.0	73582.0	567118.0	578154.0	21751.0	50231.0	36.9	17.0	43.9	26.0
2015-12-01	662350.0	58587.0	63750.0	472064.0	443307.0	21729.0	45323.0	33.1	14.6	41.8	25.2
2015-12-08	676945.0	42970.0	68041.0	488992.0	440757.0	24366.0	47530.0	37.3	15.2	45.4	26.5
2015-12-15	769791.0	52077.0	76776.0	583497.0	536210.0	23321.0	45909.0	38.0	14.5	43.8	24.2
2015-12-22	729687.0	59650.0	64355.0	549138.0	521453.0	21710.0	44690.0	39.0	17.2	43.9	25.9
2015-12-29	747871.0	61404.0	80324.0	566368.0	527030.0	20047.0	40465.0	39.0	16.4	43.5	25.5
2016-01-05	690098.0	54719.0	74740.0	516853.0	472270.0	20846.0	45408.0	36.8	13.5	40.8	22.5
2016-01-12	748561.0	56520.0	81294.0	574280.0	528445.0	21033.0	42094.0	37.2	14.3	41.3	22.1
2016-01-19	781508.0	66726.0	71608.0	575773.0	550324.0	22367.0	42934.0	35.8	14.7	39.9	22.6
2016-01-26	819706.0	65940.0	64819.0	598191.0	579336.0	22267.0	42243.0	36.4	15.5	40.4	22.9
2016-02-02	740448.0	36372.0	99158.0	545653.0	465981.0	23737.0	40623.0	36.4	14.2	40.0	22.3
2016-02-09	779818.0	28443.0	99703.0	613134.0	519937.0	24463.0	46400.0	39.1	15.2	42.8	23.3
2016-02-16	766270.0	31934.0	99883.0	598202.0	508029.0	22011.0	44235.0	39.4	18.4	42.7	27.0
2016-02-23	786174.0	31054.0	110813.0	619018.0	519655.0	21882.0	41486.0	40.4	17.1	43.6	27.5
2016-03-01	725225.0	32567.0	75198.0	553324.0	492501.0	23643.0	41835.0	37.1	16.0	41.1	24.5
2016-03-08	770518.0	44175.0	93153.0	597387.0	524886.0	20536.0	44059.0	35.5	14.6	42.1	22.4
2016-03-15	815639.0	63010.0	112054.0	634290.0	557523.0	18927.0	46650.0	33.2	15.4	42.9	23.1
2016-03-22	779098.0	39106.0	96661.0	624040.0	541511.0	21624.0	46598.0	32.2	16.5	41.1	23.1
2016-03-29	822071.0	45404.0	101150.0	645321.0	560446.0	20861.0	49990.0	30.2	14.9	37.7	21.4
2016-04-05	855670.0	42275.0	96873.0	684070.0	578302.0	16807.0	67977.0	33.9	15.3	41.9	22.0
2016-04-12	935153.0	46653.0	123252.0	744963.0	623537.0	17150.0	61977.0	31.5	15.4	41.5	23.3
2016-04-19	1001100.0	40435.0	132689.0	786932.0	654488.0	19878.0	60068.0	30.5	14.0	40.0	21.7
2016-04-26	978589.0	41392.0	145507.0	763783.0	578970.0	22574.0	103272.0	31.0	13.8	39.8	19.6
2016-05-03	836320.0	17638.0	152462.0	646635.0	483824.0	24594.0	52581.0	35.8	14.7	42.7	21.6
2016-05-10	931241.0	30117.0	141141.0	679449.0	534403.0	24530.0	58552.0	29.4	9.9	36.0	16.2
2016-05-17	937418.0	32735.0	144745.0	682797.0	534894.0	25112.0	61005.0	29.5	9.6	37.4	16.7
2016-05-24	954886.0	20109.0	149980.0	687494.0	532831.0	24817.0	49609.0	26.5	9.3	34.3	14.5
2016-05-31	1007504.0	40805.0	165740.0	723591.0	568694.0	19919.0	49881.0	28.2	10.7	35.5	17.1
2016-06-07	907876.0	42788.0	137442.0	670329.0	541209.0	17915.0	52381.0	29.7	12.1	38.1	19.2
2016-06-14	985631.0	61302.0	149649.0	715492.0	589478.0	22163.0	59830.0	28.8	12.2	37.9	18.8
2016-06-21	1020338.0	81998.0	146578.0	722359.0	624444.0	22159.0	55494.0	25.4	11.8	36.7	19.0
2016-06-28	954018.0	94254.0	126338.0	645513.0	585355.0	22998.0	51072.0	22.3	10.0	32.1	16.5
2016-07-05	834392.0	75055.0	120729.0	562709.0	487472.0	19440.0	49003.0	20.2	11.4	32.5	17.5
2016-07-12	811566.0	59408.0	80508.0	551398.0	501981.0	19717.0	48034.0	20.0	10.6	30.1	16.0
2016-07-19	830024.0	44806.0	97316.0	572943.0	494346.0	21356.0	47443.0	19.8	10.7	28.3	15.4
2016-07-26	863810.0	53191.0	93551.0	593934.0	523275.0	19915.0	50214.0	18.7	10.3	28.9	15.1
2016-08-02	764199.0	32768.0	127635.0	548420.0	426209.0	20615.0	47959.0	21.1	13.8	31.3	19.6
2016-08-09	811087.0	38214.0	122156.0	592048.0	475217.0	25060.0	57949.0	19.9	11.8	29.5	16.5
2016-08-16	840584.0	45219.0	122555.0	615673.0	504334.0	22491.0	56494.0	20.9	13.7	31.1	19.0
2016-08-23	915804.0	68890.0	124938.0	666105.0	580540.0	20398.0	49915.0	19.6	13.1	28.3	18.2
2016-08-30	1018072.0	65081.0	108429.0	756223.0	647650.0	20067.0	85292.0	22.4	11.7	31.5	16.2
2016-09-06	993831.0	63532.0	125611.0	691261.0	595263.0	22213.0	56132.0	26.3	17.6	36.7	24.9
2016-09-13	1044822.0	74695.0	130952.0	718544.0	623299.0	20372.0	59360.0	25.8	15.7	35.7	23.0
2016-09-20	1136376.0	88448.0	154698.0	785125.0	680669.0	20681.0	58887.0	25.3	15.9	34.3	22.6
2016-09-27	1139523.0	106504.0	133461.0	762618.0	693144.0	22880.0	65397.0	21.3	13.2	31.5	18.7
2016-10-04	1065083.0	84947.0	133039.0	714565.0	629445.0	19522.0	56550.0	20.3	14.6	30.6	19.3
2016-10-11	1121263.0	131852.0	158905.0	724206.0	666909.0	19764.0	50008.0	18.9	14.4	29.2	19.4
2016-10-18	1133388.0	121376.0	161122.0	744770.0	674719.0	18115.0	48420.0	18.7	13.4	28.6	18.8
2016-10-25	1187082.0	127921.0	165674.0	785955.0	719710.0	19055.0	47547.0	19.1	12.8	28.1	17.2
2016-11-01	903152.0	96798.0	158977.0	624670.0	539201.0	26086.0	49376.0	20.0	15.9	31.1	22.6
2016-11-08	902719.0	83177.0	115939.0	653711.0	600390.0	28992.0	49551.0	19.8	14.8	29.0	21.4
2016-11-15	902680.0	57954.0	112749.0	680178.0	604357.0	27194.0	48220.0	20.9	11.8	31.8	18.3
2016-11-22	955614.0	57078.0	120871.0	723693.0	635579.0	28341.0	52662.0	19.0	13.1	31.3	20.7
2016-11-29	1012863.0	76595.0	131318.0	755707.0	679429.0	23764.0	45319.0	17.9	14.3	30.4	20.2
2016-12-06	885668.0	84600.0	143436.0	656419.0	580586.0	29987.0	46984.0	19.0	18.4	31.5	27.8
2016-12-13	950331.0	101549.0	178964.0	694395.0	598620.0	28692.0	47052.0	17.8	18.6	31.5	27.4
2016-12-20	999831.0	86492.0	147558.0	769080.0	680156.0	25419.0	53277.0	21.3	15.1	32.7	23.0
2016-12-27	979571.0	77568.0	154704.0	767538.0	662926.0	23430.0	50906.0	20.6	12.5	32.4	20.7
2017-01-03	882307.0	63833.0	173266.0	696364.0	566077.0	26112.0	46966.0	22.0	13.0	33.7	19.9
2017-01-10	1001097.0	84074.0	219172.0	764243.0	603967.0	26990.0	52168.0	21.3	14.6	33.6	21.9
2017-01-17	969455.0	95295.0	221258.0	717296.0	571137.0	27461.0	47657.0	20.9	14.4	33.2	21.9
2017-01-24	1118949.0	148224.0	232984.0	733233.0	632057.0	29982.0	46398.0	19.9	11.9	31.5	18.9
2017-01-31	1300502.0	155483.0	263473.0	818812.0	696967.0	99319.0	113174.0	17.7	11.2	27.5	17.6
