2005-01-04	49580.0	19663.0	9021.0	24704.0	32916.0	5166.0	7596.0	38.1	65.2	57.3	74.9
2005-01-11	47667.0	17169.0	9607.0	25254.0	32568.0	5141.0	5389.0	38.3	66.3	55.1	77.0
2005-01-18	46582.0	14891.0	8689.0	25371.0	32236.0	6251.0	5588.0	37.4	67.3	54.5	78.4
2005-01-25	48169.0	13479.0	9905.0	22613.0	31301.0	12067.0	6953.0	31.5	64.2	45.3	74.3
2005-02-01	47494.0	12528.0	8634.0	21698.0	31362.0	13268.0	7498.0	29.4	65.0	41.5	75.7
2005-02-08	47943.0	12607.0	3171.0	21536.0	37447.0	13744.0	7269.0	29.6	64.8	41.5	75.2
2005-02-15	48852.0	14115.0	3342.0	21510.0	38027.0	13126.0	7382.0	29.0	64.4	40.7	74.3
2005-02-22	49043.0	14011.0	3130.0	21264.0	38314.0	13733.0	7564.0	29.1	64.4	40.7	73.8
2005-03-01	52811.0	16505.0	2843.0	22278.0	40823.0	14028.0	9145.0	27.0	61.5	38.2	71.3
2005-03-08	55277.0	16664.0	2468.0	23306.0	42604.0	14536.0	9434.0	26.0	59.0	37.0	67.8
2005-03-15	63337.0	14602.0	3648.0	36785.0	43488.0	9463.0	13714.0	31.7	50.9	42.7	58.2
2005-03-22	38488.0	10008.0	5153.0	21239.0	26291.0	7241.0	7044.0	37.7	63.2	52.3	72.5
2005-03-29	38330.0	9745.0	6152.0	20292.0	26351.0	8293.0	5827.0	36.7	63.2	51.2	73.0
2005-04-05	38218.0	9412.0	10806.0	20357.0	20793.0	8449.0	6619.0	36.8	62.0	51.2	72.2
2005-04-12	38782.0	9350.0	11718.0	19842.0	20249.0	9201.0	6426.0	36.2	58.8	50.5	68.0
2005-04-19	40514.0	8794.0	11919.0	20944.0	21536.0	10265.0	6548.0	33.8	58.1	48.3	68.0
2005-04-26	41273.0	10150.0	11715.0	20929.0	21849.0	9801.0	7316.0	33.0	57.6	47.8	67.6
2005-05-03	41616.0	10839.0	5111.0	20653.0	28315.0	9721.0	7787.0	32.9	58.7	47.1	68.4
2005-05-10	41556.0	10577.0	5105.0	20567.0	28390.0	10015.0	7664.0	32.9	60.8	47.5	68.0
2005-05-17	41137.0	10790.0	5137.0	20470.0	27751.0	9484.0	7856.0	33.2	59.0	48.1	67.6
2005-05-24	41433.0	11934.0	4911.0	19222.0	29070.0	9888.0	7063.0	32.6	60.1	45.6	68.6
2005-05-31	39970.0	12665.0	4551.0	15835.0	28333.0	11031.0	6647.0	26.8	60.5	40.1	70.3
2005-06-07	42498.0	12354.0	4777.0	16669.0	30111.0	12819.0	6954.0	24.9	55.1	36.3	64.4
2005-06-14	51592.0	12595.0	4039.0	20356.0	35589.0	17258.0	10581.0	20.2	45.5	29.3	53.6
2005-06-21	28121.0	6489.0	2963.0	14957.0	17429.0	6675.0	7729.0	35.2	42.0	51.8	56.9
2005-06-28	27798.0	5334.0	3619.0	15432.0	16232.0	7032.0	7947.0	35.2	43.6	51.3	56.4
2005-07-05	28220.0	5905.0	5108.0	15684.0	15974.0	6630.0	7137.0	34.6	44.7	50.3	61.3
2005-07-12	29018.0	6845.0	4760.0	15551.0	17143.0	6621.0	7114.0	33.7	46.0	49.3	61.9
2005-07-19	28218.0	6802.0	4719.0	15431.0	16830.0	5984.0	6668.0	34.7	47.2	50.8	63.6
2005-07-26	29956.0	7903.0	5125.0	15353.0	17490.0	6699.0	7340.0	32.7	44.6	49.1	60.5
2005-08-02	30723.0	8248.0	5649.0	15888.0	18032.0	6587.0	7042.0	32.0	44.7	47.8	61.0
2005-08-09	30910.0	8732.0	5593.0	15899.0	17998.0	6277.0	7317.0	31.9	44.2	47.6	60.4
2005-08-16	31470.0	8526.0	6217.0	16269.0	18268.0	6669.0	6979.0	31.7	45.4	46.9	61.3
2005-08-23	31152.0	7904.0	5872.0	16279.0	18875.0	6961.0	6397.0	31.1	45.7	46.2	61.3
2005-09-06	33980.0	7557.0	5044.0	18656.0	21617.0	7549.0	7101.0	29.9	42.9	43.6	56.8
2005-09-13	51740.0	7995.0	6176.0	29119.0	30737.0	12077.0	12278.0	19.8	25.5	29.0	35.6
2005-09-20	33616.0	3790.0	6958.0	23811.0	17109.0	6015.0	9549.0	50.4	45.9	64.9	55.1
2005-09-27	34568.0	4323.0	7029.0	23338.0	16950.0	6901.0	10583.0	48.4	44.2	63.9	53.9
2005-10-04	35810.0	4954.0	6318.0	23533.0	18174.0	6913.0	10908.0	46.7	37.8	61.1	48.8
2005-10-11	34940.0	4053.0	6057.0	23434.0	18178.0	7450.0	10702.0	47.9	40.1	61.8	52.0
2005-10-18	36278.0	5880.0	7140.0	23586.0	17806.0	6810.0	11330.0	46.1	37.9	59.7	49.6
2005-10-25	37850.0	4841.0	8985.0	25780.0	17207.0	7217.0	11646.0	44.2	39.8	59.8	53.3
2005-11-01	37620.0	5130.0	8498.0	26014.0	17327.0	6476.0	11795.0	44.7	39.3	60.3	52.9
2005-11-08	37543.0	5702.0	7763.0	25935.0	17645.0	5901.0	12130.0	45.0	39.9	61.0	53.6
2005-11-15	37458.0	6349.0	8596.0	26010.0	17535.0	5094.0	11322.0	45.1	39.8	61.3	53.1
2005-11-22	37815.0	10410.0	6182.0	21577.0	18489.0	5643.0	12959.0	41.9	37.2	57.9	48.3
2005-11-29	38981.0	10573.0	6686.0	21749.0	18873.0	6643.0	13406.0	41.5	36.3	57.0	47.5
2005-12-06	41472.0	11234.0	6950.0	22058.0	19723.0	7533.0	14152.0	39.2	34.8	53.8	45.8
2005-12-13	64269.0	12621.0	8376.0	36251.0	29322.0	9255.0	20429.0	25.6	22.7	37.0	29.9
2005-12-20	37594.0	11274.0	6096.0	14793.0	26759.0	11523.0	4735.0	26.2	42.3	41.4	64.1
2005-12-27	37962.0	11076.0	6295.0	14908.0	26747.0	11974.0	4916.0	25.9	41.9	41.2	64.6
2006-01-03	37453.0	9654.0	6555.0	14731.0	26348.0	13062.0	4544.0	26.3	41.8	41.5	64.8
2006-01-10	41607.0	11448.0	6514.0	16470.0	28563.0	13685.0	6526.0	23.9	38.1	38.7	62.0
2006-01-17	40565.0	11401.0	6552.0	16260.0	28637.0	12899.0	5371.0	25.2	42.4	40.6	63.9
2006-01-24	39472.0	8773.0	6545.0	16437.0	27109.0	14240.0	5796.0	25.0	43.7	40.1	65.7
2006-01-31	39195.0	9717.0	6041.0	17153.0	27814.0	12303.0	5318.0	25.5	44.8	41.0	66.4
2006-02-07	38482.0	9376.0	6919.0	17789.0	25838.0	11300.0	5708.0	26.9	43.8	42.1	64.6
2006-02-14	38661.0	9558.0	6588.0	16731.0	25005.0	12357.0	7053.0	26.8	43.5	41.6	64.2
2006-02-21	42617.0	12530.0	8744.0	17443.0	26518.0	12610.0	7321.0	25.1	41.9	40.6	60.7
2006-02-28	41873.0	11751.0	8482.0	17605.0	26341.0	12500.0	7033.0	26.7	42.0	41.2	61.9
2006-03-07	43612.0	11998.0	8755.0	18810.0	26615.0	12762.0	8200.0	26.3	40.1	40.3	59.2
2006-03-14	56527.0	11900.0	7709.0	25407.0	31487.0	11360.0	9471.0	21.4	30.8	34.4	45.4
2006-03-21	41058.0	10242.0	7469.0	15833.0	25357.0	14809.0	8058.0	29.1	40.5	43.7	60.1
2006-03-28	39493.0	10127.0	7358.0	15733.0	25017.0	13630.0	7115.0	30.7	42.1	46.1	63.1
2006-04-04	39682.0	9686.0	7443.0	16157.0	24828.0	13836.0	7408.0	32.0	42.0	47.0	63.2
2006-04-11	43498.0	10129.0	6931.0	20687.0	29765.0	12680.0	6800.0	30.3	37.9	47.4	63.6
2006-04-18	44388.0	11035.0	7174.0	20489.0	29738.0	12861.0	7473.0	29.9	37.2	46.5	62.5
2006-04-25	45502.0	11819.0	7590.0	21364.0	30290.0	12294.0	7597.0	28.7	38.4	44.8	63.8
2006-05-02	45692.0	12687.0	7194.0	21454.0	30343.0	11515.0	8119.0	30.3	38.2	47.0	63.0
2006-05-09	45667.0	12090.0	6856.0	21234.0	30524.0	12306.0	8250.0	28.8	38.5	45.1	63.3
2006-05-16	47752.0	14434.0	6389.0	19538.0	31514.0	13777.0	9846.0	27.8	36.9	42.9	60.7
2006-05-23	45283.0	12094.0	7478.0	19250.0	32398.0	13900.0	5368.0	26.5	40.6	42.2	65.4
2006-05-30	44807.0	12527.0	7243.0	18785.0	32105.0	13451.0	5415.0	26.7	41.6	42.0	66.7
2006-06-06	46634.0	11526.0	7746.0	19542.0	33438.0	14957.0	4841.0	25.8	39.8	39.8	64.4
2006-06-13	64302.0	11198.0	6471.0	26195.0	39966.0	16748.0	7704.0	18.4	28.7	28.4	46.3
2006-06-20	54218.0	13573.0	3855.0	15163.0	45231.0	25479.0	5129.0	22.3	51.5	33.4	75.5
2006-06-27	53658.0	13435.0	3453.0	14848.0	45331.0	25363.0	4862.0	22.1	52.1	33.2	76.0
2006-07-03	54276.0	13736.0	3453.0	15399.0	45419.0	25136.0	5399.0	21.8	51.7	32.3	75.5
2006-07-11	55304.0	14232.0	3666.0	14969.0	45624.0	26098.0	6009.0	21.4	51.5	32.3	75.2
2006-07-18	56643.0	13995.0	4559.0	16884.0	48303.0	25741.0	3758.0	21.2	54.7	32.5	78.0
2006-07-25	57547.0	11969.0	3381.0	19243.0	47814.0	26310.0	6327.0	20.1	53.9	31.1	76.8
2006-08-01	57602.0	10710.0	3525.0	21145.0	48052.0	25742.0	6020.0	20.0	53.9	30.8	77.1
2006-08-08	58077.0	11077.0	3505.0	20639.0	47795.0	26353.0	6769.0	19.9	53.1	30.6	76.1
2006-08-15	57839.0	11777.0	4048.0	20636.0	47781.0	25413.0	5997.0	20.4	53.2	31.2	76.3
2006-08-22	59729.0	12308.0	4455.0	20962.0	48257.0	26459.0	7017.0	19.9	52.7	31.0	75.0
2006-08-29	60343.0	12772.0	4609.0	20684.0	48425.0	26876.0	7298.0	19.4	52.0	30.4	74.1
2006-09-05	61234.0	12283.0	5268.0	21802.0	48341.0	26921.0	7397.0	20.0	51.2	31.4	73.0
2006-09-12	77243.0	15009.0	5886.0	23812.0	50062.0	28210.0	11083.0	16.7	40.3	27.1	57.4
2006-09-19	54844.0	11533.0	7244.0	18958.0	40637.0	24353.0	6963.0	21.8	53.1	35.7	76.6
2006-09-26	55851.0	12763.0	7371.0	18535.0	40578.0	24548.0	7897.0	20.6	52.3	34.4	75.6
2006-10-03	59809.0	14567.0	9041.0	19774.0	42249.0	25461.0	8512.0	20.2	48.9	33.3	70.1
2006-10-10	61300.0	16474.0	9920.0	19838.0	42272.0	24983.0	9103.0	20.2	47.4	34.4	66.7
2006-10-17	62077.0	16643.0	11574.0	19820.0	42022.0	25603.0	8470.0	19.1	46.7	32.5	65.7
2006-10-24	63441.0	17269.0	11915.0	20015.0	42954.0	26141.0	8556.0	18.0	46.0	31.1	65.9
2006-10-31	62777.0	18080.0	12167.0	20344.0	42654.0	24330.0	7933.0	18.4	46.5	31.0	67.3
2006-11-07	63187.0	17579.0	11943.0	19088.0	42155.0	26495.0	9064.0	17.7	46.1	30.5	66.8
2006-11-14	62320.0	17479.0	13005.0	19063.0	41355.0	25754.0	7936.0	17.5	46.6	29.8	67.2
2006-11-21	61842.0	18471.0	13084.0	18547.0	40487.0	24775.0	8222.0	17.7	47.4	29.7	66.8
2006-11-28	61964.0	17688.0	13169.0	18330.0	40905.0	25894.0	7838.0	17.4	47.2	29.7	66.5
2006-12-05	65253.0	18215.0	12532.0	21008.0	43466.0	25886.0	9111.0	16.8	44.9	28.7	63.6
2006-12-12	93481.0	19905.0	13749.0	33530.0	55850.0	27358.0	11194.0	12.8	32.5	21.2	45.7
2006-12-19	65761.0	27401.0	7514.0	20088.0	51190.0	18246.0	7031.0	27.4	58.2	42.0	75.4
2006-12-26	65298.0	27474.0	7924.0	19956.0	51333.0	17842.0	6015.0	27.3	58.6	42.0	75.9
2007-01-03	64476.0	24385.0	6697.0	20168.0	51564.0	19897.0	6189.0	27.5	59.3	41.9	76.9
2007-01-09	66717.0	24775.0	7424.0	18587.0	51416.0	23328.0	7850.0	26.4	57.4	40.3	74.3
2007-01-16	66534.0	25565.0	5611.0	18902.0	53947.0	22025.0	6934.0	25.9	59.2	39.8	77.0
2007-01-23	68640.0	26608.0	4900.0	19406.0	56533.0	22586.0	7167.0	25.7	58.8	39.1	76.7
2007-01-30	70239.0	27491.0	5467.0	19714.0	56986.0	22986.0	7738.0	25.8	57.4	37.9	75.7
2007-02-06	71833.0	29631.0	7114.0	19477.0	57402.0	22676.0	7268.0	25.4	56.2	37.9	74.0
2007-02-13	71945.0	29543.0	7269.0	19653.0	57337.0	22695.0	7285.0	25.2	56.1	36.8	73.9
2007-02-20	74991.0	33021.0	7679.0	19763.0	59597.0	22149.0	7657.0	24.5	54.8	37.4	72.8
2007-02-27	74274.0	31622.0	6930.0	19327.0	60060.0	23044.0	7003.0	23.6	55.4	35.8	73.4
2007-03-06	72764.0	31585.0	5844.0	19410.0	59122.0	20926.0	6955.0	24.4	56.5	36.9	74.8
2007-03-13	78601.0	30845.0	6269.0	20716.0	60412.0	22743.0	7623.0	23.0	54.2	34.4	69.0
2007-03-20	38457.0	16207.0	4871.0	16027.0	28327.0	6188.0	5224.0	26.3	48.3	45.5	68.0
2007-03-27	38818.0	16329.0	4941.0	16353.0	28178.0	6075.0	5638.0	26.0	47.9	44.7	67.1
2007-04-03	40143.0	16767.0	6196.0	17014.0	28018.0	6109.0	5676.0	26.7	47.5	44.9	64.2
2007-04-10	40463.0	16952.0	6503.0	17015.0	28068.0	6419.0	5815.0	26.6	47.1	45.8	63.8
2007-04-17	41084.0	16202.0	6598.0	16974.0	28007.0	7862.0	6433.0	26.0	46.4	45.2	62.7
2007-04-24	42484.0	18451.0	6481.0	17053.0	28723.0	6931.0	7231.0	26.0	46.0	44.1	62.6
2007-05-01	47954.0	23064.0	9435.0	17551.0	30574.0	7289.0	7895.0	27.6	41.7	45.1	61.2
2007-05-08	47114.0	21272.0	10393.0	17131.0	27807.0	8666.0	8869.0	25.5	42.0	40.0	59.7
2007-05-15	48174.0	22129.0	10340.0	17737.0	29070.0	8275.0	8731.0	26.6	38.5	41.0	57.7
2007-05-22	48620.0	23275.0	10534.0	16563.0	30610.0	8720.0	7414.0	27.1	39.2	40.9	59.1
2007-05-29	50267.0	23407.0	10136.0	17387.0	31511.0	8791.0	7938.0	26.2	42.4	40.2	58.1
2007-06-05	52559.0	25005.0	12097.0	17312.0	31238.0	8864.0	7846.0	26.2	40.6	39.7	56.0
2007-06-12	60042.0	23825.0	10758.0	20840.0	35827.0	10881.0	8961.0	23.0	35.5	33.1	48.6
2007-06-19	32575.0	11481.0	12899.0	14981.0	11961.0	6075.0	7677.0	37.4	46.7	51.3	60.1
2007-06-26	32438.0	13043.0	12596.0	14033.0	11973.0	5319.0	7826.0	35.2	46.5	50.1	60.3
2007-07-03	31548.0	12663.0	10921.0	13999.0	12903.0	4837.0	7675.0	36.3	45.0	50.2	60.3
2007-07-10	32509.0	13554.0	11561.0	13582.0	12951.0	5327.0	7951.0	35.2	43.7	49.2	57.0
2007-07-17	33828.0	14269.0	12655.0	13332.0	14198.0	6198.0	6946.0	33.3	42.5	47.2	61.9
2007-07-24	34171.0	16032.0	11821.0	12740.0	14951.0	5365.0	7365.0	34.5	42.1	49.3	59.5
2007-07-31	35404.0	16466.0	12742.0	13313.0	16151.0	5572.0	6458.0	34.4	43.1	51.4	61.6
2007-08-07	37757.0	16980.0	13088.0	14837.0	16494.0	5827.0	8062.0	32.7	39.4	50.9	57.8
2007-08-14	38329.0	16779.0	14451.0	14715.0	16367.0	6624.0	7300.0	31.7	38.8	50.0	56.9
2007-08-21	37940.0	17365.0	15824.0	14716.0	16049.0	5633.0	5841.0	33.2	41.3	51.5	58.1
2007-08-28	37875.0	18147.0	15491.0	14904.0	16738.0	4780.0	5602.0	33.4	41.3	51.1	58.1
2007-09-04	38144.0	18254.0	15245.0	14773.0	16880.0	4886.0	5788.0	33.1	41.0	50.1	58.2
2007-09-11	41034.0	18727.0	15867.0	15013.0	16963.0	6458.0	7368.0	31.6	38.1	48.0	53.9
2007-09-18	46164.0	18826.0	15388.0	19253.0	20435.0	5523.0	7779.0	28.9	33.8	42.5	47.7
2007-09-25	24534.0	6906.0	6396.0	13633.0	13276.0	3976.0	4843.0	47.6	49.8	59.9	64.5
2007-10-02	27592.0	7189.0	7485.0	15057.0	14763.0	5328.0	5326.0	47.8	49.7	59.1	63.9
2007-10-09	28554.0	7198.0	7928.0	17034.0	15314.0	4305.0	5295.0	46.7	46.5	63.8	61.8
2007-10-16	30908.0	9333.0	10684.0	17416.0	17455.0	4140.0	2750.0	43.5	44.7	60.3	65.5
2007-10-23	32820.0	11922.0	10135.0	16782.0	16838.0	4098.0	5829.0	37.9	35.2	55.9	57.1
2007-10-30	34357.0	13014.0	10652.0	17233.0	17410.0	4020.0	6205.0	33.9	33.7	55.1	54.9
2007-11-06	34320.0	14255.0	11231.0	15104.0	16197.0	4718.0	6649.0	35.6	33.6	54.7	53.7
2007-11-13	36384.0	14223.0	11698.0	16752.0	16821.0	4958.0	7414.0	37.8	31.6	53.3	51.1
2007-11-20	35935.0	12934.0	11857.0	17327.0	17035.0	4649.0	6018.0	29.5	32.8	48.5	52.4
2007-11-27	36390.0	13476.0	11519.0	16634.0	15437.0	5206.0	8360.0	29.5	31.4	49.4	50.8
2007-12-04	36127.0	14397.0	12642.0	16227.0	13806.0	4548.0	8724.0	29.6	31.0	50.0	49.4
2007-12-11	38969.0	14925.0	13110.0	17923.0	15491.0	5141.0	9388.0	29.8	31.6	49.6	48.7
2007-12-18	43771.0	14693.0	14084.0	21872.0	18780.0	5972.0	9673.0	27.7	28.1	44.8	44.2
2007-12-24	24330.0	6960.0	12975.0	12594.0	6752.0	4743.0	4570.0	46.4	48.3	65.1	68.0
2007-12-31	24673.0	7041.0	13432.0	12808.0	6766.0	4792.0	4443.0	46.4	47.9	64.2	67.1
2008-01-08	26622.0	9567.0	14281.0	12402.0	8160.0	4606.0	4134.0	42.4	49.3	61.1	67.5
2008-01-15	27945.0	9998.0	14262.0	12820.0	8260.0	5018.0	5314.0	41.1	47.7	59.1	65.1
2008-01-22	28226.0	10069.0	14321.0	12451.0	7941.0	5561.0	5819.0	39.0	43.5	55.4	61.7
2008-01-29	28974.0	12090.0	12946.0	12636.0	10412.0	4069.0	5437.0	39.5	46.7	56.1	62.7
2008-02-05	29637.0	13650.0	12754.0	12228.0	9836.0	3616.0	6904.0	34.9	39.1	52.2	55.4
2008-02-12	32660.0	15688.0	12821.0	12485.0	11714.0	3795.0	7433.0	32.5	36.4	49.2	56.1
2008-02-19	31969.0	15472.0	12844.0	12374.0	11201.0	3516.0	7317.0	33.6	35.2	49.5	55.9
2008-02-26	33518.0	17169.0	14150.0	11918.0	11253.0	3934.0	7618.0	33.9	33.6	48.6	53.6
2008-03-04	35075.0	17615.0	14767.0	12539.0	11848.0	3995.0	7534.0	35.0	32.5	48.9	53.0
2008-03-11	36047.0	18185.0	15071.0	12917.0	12541.0	3611.0	7101.0	34.1	31.1	47.8	52.0
2008-03-18	45067.0	19189.0	14806.0	14162.0	14623.0	7369.0	11291.0	27.5	25.9	38.9	42.9
2008-03-25	24094.0	14058.0	8189.0	6427.0	11610.0	3593.0	4279.0	54.1	47.4	70.5	67.3
2008-04-01	27763.0	15860.0	9733.0	7523.0	12621.0	4360.0	5389.0	49.9	41.1	66.9	59.6
2008-04-08	31698.0	15462.0	10040.0	8411.0	13993.0	7695.0	7535.0	41.8	38.7	57.0	55.8
2008-04-15	29177.0	15191.0	10366.0	9088.0	14312.0	4770.0	4371.0	44.2	42.2	62.5	61.8
2008-04-22	29364.0	15458.0	10913.0	8723.0	13196.0	4892.0	4964.0	41.6	43.5	57.3	61.9
2008-04-29	29990.0	15908.0	11910.0	9368.0	13094.0	4377.0	4649.0	42.0	42.6	57.6	61.9
2008-05-06	30645.0	16710.0	12481.0	9302.0	12878.0	4252.0	4905.0	41.7	41.8	57.6	62.5
2008-05-13	32249.0	17104.0	13039.0	9381.0	13163.0	5390.0	5673.0	36.9	39.7	54.3	60.2
2008-05-20	32072.0	16812.0	13205.0	9905.0	12984.0	4983.0	5511.0	37.8	37.6	55.9	58.1
2008-05-27	31417.0	16841.0	13116.0	9760.0	12850.0	4447.0	5082.0	36.9	38.1	55.6	58.7
2008-06-03	31714.0	16305.0	12936.0	10697.0	12833.0	4260.0	5493.0	39.1	33.3	57.0	50.7
2008-06-10	33237.0	16263.0	13501.0	11159.0	13822.0	5321.0	5420.0	37.5	32.2	54.8	50.8
2008-06-17	50440.0	17464.0	14559.0	17818.0	20195.0	10556.0	11084.0	25.3	21.9	37.2	33.5
2008-06-24	25180.0	9655.0	11323.0	11254.0	8009.0	3291.0	4868.0	46.2	47.5	62.6	63.5
2008-07-01	27642.0	11311.0	12789.0	11333.0	7491.0	4017.0	6381.0	43.4	40.9	59.5	57.5
2008-07-08	29660.0	12220.0	13640.0	11857.0	8253.0	4601.0	6785.0	34.6	38.2	52.9	53.9
2008-07-15	32163.0	12637.0	14709.0	12595.0	8595.0	5930.0	7858.0	32.2	34.7	50.6	54.4
2008-07-22	31819.0	14389.0	14387.0	11825.0	8049.0	4563.0	8341.0	34.8	35.8	53.4	50.3
2008-07-29	31931.0	14961.0	14259.0	11805.0	8229.0	4155.0	8433.0	35.0	35.9	53.5	50.9
2008-08-05	32488.0	15682.0	14111.0	11845.0	8294.0	3936.0	9058.0	35.4	35.6	53.6	49.5
2008-08-12	34956.0	15534.0	14060.0	14317.0	11260.0	3834.0	8365.0	38.6	35.9	56.8	50.0
2008-08-19	35220.0	15409.0	15082.0	14718.0	10688.0	4035.0	8392.0	35.5	35.5	54.8	47.2
2008-08-26	36573.0	16530.0	14648.0	13945.0	11187.0	4424.0	9064.0	35.3	32.4	52.5	44.7
2008-09-02	36197.0	16763.0	14028.0	16182.0	13772.0	1547.0	6692.0	35.6	33.1	53.2	45.0
2008-09-09	40317.0	17030.0	14241.0	20423.0	14870.0	521.0	8863.0	35.2	26.9	49.7	35.1
2008-09-16	61275.0	17392.0	14541.0	27721.0	23034.0	12357.0	19895.0	28.5	18.9	39.8	28.4
2008-09-23	23763.0	9179.0	3550.0	11004.0	11380.0	3578.0	8831.0	44.7	42.2	65.7	54.3
2008-09-30	25075.0	9883.0	3004.0	10577.0	12563.0	4565.0	9458.0	40.1	38.0	59.7	52.0
2008-10-07	25460.0	9809.0	3838.0	10577.0	12478.0	5018.0	9088.0	38.9	38.0	58.2	52.5
2008-10-14	26386.0	10215.0	3442.0	11819.0	13086.0	4291.0	9797.0	33.2	40.0	53.2	54.6
2008-10-21	26738.0	11284.0	3415.0	12216.0	13869.0	3176.0	9392.0	28.8	39.6	49.2	53.1
2008-10-28	28889.0	12214.0	5756.0	12568.0	12306.0	4050.0	10770.0	27.2	32.0	48.3	45.2
2008-11-04	26957.0	13245.0	5341.0	10193.0	11977.0	3461.0	9581.0	34.5	35.3	54.7	47.9
2008-11-11	26628.0	13010.0	6402.0	10238.0	11184.0	3333.0	8995.0	33.0	35.7	53.6	47.9
2008-11-18	26598.0	13068.0	6266.0	10254.0	11206.0	3234.0	9084.0	32.9	35.8	54.0	47.7
2008-11-25	29842.0	13756.0	6511.0	12077.0	13339.0	3924.0	9907.0	31.5	37.5	50.4	49.7
2008-12-02	32701.0	14147.0	6703.0	14617.0	15922.0	3786.0	9925.0	35.5	34.9	54.1	48.3
2008-12-09	32085.0	13716.0	7074.0	15133.0	15557.0	3038.0	9256.0	36.1	34.4	55.2	48.9
2008-12-16	36510.0	14180.0	7236.0	15170.0	15978.0	4498.0	10634.0	32.0	30.3	48.7	42.8
2008-12-22	9229.0	3166.0	4363.0	3661.0	1957.0	2402.0	2909.0	37.8	47.3	55.6	61.8
2008-12-30	9630.0	3070.0	4279.0	3661.0	2455.0	2899.0	2896.0	33.0	49.9	50.0	63.1
2009-01-06	10082.0	2935.0	3713.0	5604.0	2181.0	1543.0	4188.0	47.7	38.7	64.3	51.0
2009-01-13	12141.0	3533.0	3692.0	5578.0	5166.0	3030.0	3283.0	43.7	56.0	58.2	66.8
2009-01-20	16576.0	3493.0	4084.0	9512.0	9415.0	3571.0	3077.0	50.9	54.3	65.5	70.8
2009-01-27	16900.0	4427.0	4142.0	9555.0	9714.0	2918.0	3044.0	54.8	52.9	69.9	69.6
2009-02-03	18646.0	4516.0	4275.0	10275.0	11106.0	3855.0	3265.0	54.6	58.4	68.8	73.6
2009-02-10	21037.0	3550.0	4128.0	13489.0	13501.0	3995.0	3405.0	51.1	63.4	69.5	77.2
2009-02-17	22428.0	4208.0	4739.0	13518.0	14001.0	4694.0	3680.0	49.0	62.0	68.2	75.4
2009-02-24	24810.0	5218.0	4666.0	14266.0	15324.0	5138.0	4632.0	48.9	62.2	68.0	74.9
2009-03-03	25615.0	5312.0	5628.0	14976.0	16034.0	4823.0	3449.0	49.3	61.5	68.2	73.7
2009-03-10	26682.0	5814.0	5667.0	15341.0	15534.0	4405.0	4359.0	46.6	56.7	65.0	68.3
2009-03-17	26821.0	5960.0	4874.0	15079.0	15590.0	4637.0	5212.0	45.2	55.9	64.1	67.7
2009-03-24	9812.0	3043.0	786.0	2436.0	3811.0	4333.0	5215.0	27.0	40.6	41.9	46.9
2009-03-31	8226.0	3479.0	1044.0	1932.0	3832.0	2815.0	3350.0	36.0	43.4	52.3	59.3
2009-04-07	10005.0	3567.0	1089.0	3262.0	5190.0	3174.0	3724.0	43.1	46.0	59.2	62.8
2009-04-21	10096.0	2984.0	1599.0	3258.0	4843.0	3755.0	3555.0	42.7	45.0	56.5	59.6
2009-04-28	11798.0	3187.0	1348.0	4706.0	6826.0	3806.0	3525.0	43.7	54.4	58.5	66.6
2009-05-05	13381.0	3481.0	1675.0	5105.0	7798.0	4697.0	3810.0	41.9	55.2	55.8	66.2
2009-05-12	13946.0	3983.0	2544.0	5105.0	7793.0	4834.0	3585.0	40.8	52.9	54.0	66.2
2009-05-19	13893.0	3913.0	1714.0	4605.0	8109.0	5345.0	4040.0	36.6	54.9	50.4	66.2
2009-05-26	19138.0	3968.0	1726.0	9830.0	13520.0	5310.0	3862.0	51.0	68.1	61.3	76.2
2009-06-02	25006.0	5319.0	1468.0	13714.0	18486.0	5950.0	5029.0	49.9	70.0	62.3	76.2
2009-06-09	25593.0	5894.0	1420.0	13994.0	19716.0	5679.0	4431.0	52.1	67.9	64.6	75.7
2009-06-16	28047.0	7044.0	1301.0	13589.0	20598.0	6948.0	5682.0	44.8	56.7	54.6	63.4
2009-07-14	12267.0	1681.0	2333.0	7391.0	7207.0	3192.0	2724.0	55.3	59.3	68.6	75.9
2009-07-28	11611.0	2169.0	1162.0	6331.0	7778.0	3108.0	2668.0	43.9	57.1	59.6	71.8
2009-08-04	12011.0	2223.0	1195.0	6391.0	7771.0	3394.0	3042.0	42.5	55.3	57.8	69.6
2009-08-11	11885.0	2312.0	1213.0	6355.0	7771.0	3215.0	2898.0	42.9	55.7	58.4	70.5
2009-08-18	12021.0	2446.0	1555.0	6108.0	7551.0	3464.0	2912.0	40.9	53.2	56.7	69.1
2009-08-25	11487.0	1834.0	1583.0	5433.0	6071.0	4217.0	3830.0	39.6	40.3	54.0	59.1
2009-09-01	13114.0	1917.0	1657.0	6593.0	7231.0	4602.0	4224.0	35.3	35.4	47.9	52.4
2009-09-08	13833.0	2142.0	1917.0	7628.0	8741.0	4063.0	3175.0	32.9	33.8	43.5	50.0
2009-09-15	16400.0	2426.0	1955.0	8302.0	9470.0	5149.0	4452.0	28.1	28.1	36.7	40.5
2009-10-06	13359.0	3198.0	1343.0	6919.0	9332.0	3237.0	2679.0	56.4	65.1	72.4	74.9
2009-10-13	13430.0	3554.0	1402.0	6919.0	9330.0	2953.0	2694.0	56.1	64.8	72.9	74.9
2009-10-20	13634.0	2719.0	1562.0	7441.0	9302.0	3474.0	2770.0	57.3	63.9	72.5	74.0
2009-10-27	14294.0	3298.0	2097.0	7691.0	9422.0	3305.0	2775.0	56.4	62.0	73.1	72.4
2009-11-03	15668.0	2862.0	2408.0	8691.0	10423.0	4115.0	2837.0	59.1	58.3	72.1	71.8
2009-11-09	16122.0	3172.0	2528.0	8691.0	10423.0	4259.0	3171.0	59.3	56.7	71.8	70.5
2009-11-17	16167.0	3309.0	2623.0	8691.0	10299.0	4160.0	3238.0	60.2	55.8	72.7	70.1
2009-11-24	16701.0	3766.0	2617.0	8691.0	10706.0	4242.0	3376.0	59.7	53.1	73.0	68.9
2009-12-01	15597.0	3511.0	2854.0	8691.0	9208.0	3391.0	3531.0	63.9	48.2	78.2	64.3
2009-12-08	15660.0	3485.0	2873.0	8691.0	9206.0	3470.0	3567.0	63.5	48.0	77.8	64.1
2009-12-15	18256.0	3611.0	3165.0	8995.0	9010.0	5085.0	5516.0	56.6	40.0	68.8	53.5
2010-01-19	12570.0	2440.0	2035.0	7533.0	6856.0	2597.0	3679.0	56.1	51.8	74.0	66.7
2010-01-26	13506.0	2840.0	1682.0	7791.0	6862.0	2875.0	4962.0	59.2	43.7	74.7	58.8
2010-02-02	13797.0	2786.0	1854.0	7791.0	7861.0	3220.0	4082.0	57.9	49.9	73.1	64.5
2010-02-09	13577.0	2606.0	1826.0	8476.0	8617.0	2494.0	3133.0	58.9	50.9	74.9	65.5
2010-02-16	14149.0	2646.0	1845.0	8976.0	9117.0	2524.0	3184.0	60.0	49.2	75.7	65.6
2010-02-23	14278.0	3357.0	1497.0	8666.0	9628.0	2252.0	3150.0	63.0	49.7	78.1	68.5
2010-03-02	13912.0	3414.0	1377.0	8166.0	8992.0	2329.0	3540.0	61.1	51.0	76.9	66.6
2010-03-09	13955.0	3478.0	1765.0	8008.0	8987.0	2466.0	3200.0	57.3	50.8	75.5	66.3
2010-03-16	15553.0	3575.0	1889.0	8748.0	9827.0	2899.0	3506.0	53.4	48.0	70.9	63.2
2010-05-25	12580.0	2134.0	411.0	7683.0	9305.0	2763.0	2864.0	38.8	60.0	59.9	73.7
2010-06-01	12762.0	1207.0	663.0	7683.0	9305.0	3872.0	2794.0	36.5	59.2	56.1	73.0
2010-06-08	12926.0	1531.0	471.0	7683.0	9305.0	3712.0	3150.0	36.0	58.4	56.2	72.2
2010-06-15	15996.0	1599.0	922.0	9105.0	10511.0	4215.0	3486.0	37.0	47.2	52.3	57.2
2010-09-07	10096.0	2464.0	3166.0	5627.0	3083.0	1996.0	3838.0	61.2	31.8	80.1	51.9
2011-02-01	10616.0	2653.0	465.0	6191.0	8044.0	1772.0	2107.0	48.1	66.7	70.6	78.6
2011-02-08	10771.0	2797.0	476.0	6191.0	8044.0	1783.0	2251.0	47.4	66.8	70.0	77.5
2011-02-15	11537.0	3050.0	513.0	6574.0	8839.0	1913.0	2185.0	44.2	64.9	66.6	77.4
2011-02-22	11833.0	3326.0	753.0	6582.0	8839.0	1925.0	2241.0	43.1	63.3	66.7	75.8
2011-03-01	12782.0	4122.0	811.0	6698.0	9783.0	1962.0	2188.0	47.9	59.3	72.0	75.2
2011-03-08	13841.0	4258.0	763.0	7536.0	10621.0	1993.0	2403.0	50.3	60.8	72.6	75.5
2011-03-15	14894.0	2965.0	250.0	8654.0	10442.0	2992.0	3919.0	43.2	52.1	60.6	65.7
2011-05-17	24357.0	2819.0	1405.0	12123.0	20496.0	9407.0	2448.0	42.4	79.1	56.1	85.9
2011-05-24	24441.0	3084.0	1452.0	12123.0	20494.0	9225.0	2486.0	42.2	78.8	55.8	85.6
2011-05-31	24315.0	3030.0	1437.0	12123.0	20494.0	9153.0	2375.0	42.4	79.2	56.0	86.0
2011-06-07	20585.0	3179.0	1419.0	8187.0	16490.0	9203.0	2660.0	38.3	77.7	49.0	84.7
2011-06-14	26224.0	3293.0	1169.0	12430.0	20733.0	9262.0	3083.0	30.0	61.0	39.4	65.9
2011-07-12	14630.0	4281.0	758.0	7758.0	12412.0	2560.0	1429.0	46.9	79.7	68.2	90.0
2011-07-19	15719.0	4629.0	758.0	9256.0	13434.0	1803.0	1496.0	47.4	80.5	71.7	90.3
2011-07-26	17771.0	4681.0	756.0	11255.0	15448.0	1804.0	1536.0	53.2	79.6	74.7	89.7
2011-08-02	17750.0	4678.0	756.0	10755.0	15448.0	2284.0	1513.0	50.4	79.7	72.0	89.8
2011-08-09	17019.0	2843.0	756.0	11752.0	14242.0	2391.0	1988.0	52.0	77.3	70.3	86.6
2011-08-16	13612.0	2410.0	2258.0	8749.0	9458.0	2420.0	1863.0	43.0	71.1	65.8	86.1
2011-08-23	13774.0	2474.0	2460.0	9002.0	9711.0	2264.0	1569.0	44.2	70.2	66.5	86.5
2011-08-30	13834.0	2529.0	2450.0	9002.0	9711.0	2260.0	1630.0	44.0	73.5	66.2	86.2
2011-09-06	14202.0	2468.0	2460.0	9002.0	9721.0	2698.0	1987.0	42.9	71.6	64.5	84.0
2011-09-13	15829.0	2172.0	2482.0	9819.0	10541.0	2905.0	1873.0	38.5	64.3	57.9	75.4
2011-09-27	13642.0	2962.0	1349.0	9276.0	11573.0	1404.0	720.0	63.6	71.8	82.3	92.6
2011-10-04	12362.0	2969.0	1359.0	7733.0	10174.0	1660.0	829.0	57.7	68.3	78.2	90.9
2011-10-18	12420.0	3149.0	1249.0	7733.0	10164.0	1538.0	1007.0	57.4	68.0	79.1	89.9
2011-10-25	14406.0	3299.0	1249.0	9145.0	9380.0	1760.0	3575.0	49.5	58.6	73.5	72.6
2011-11-01	14830.0	3254.0	1224.0	9543.0	9778.0	1831.0	3626.0	50.1	58.3	73.6	73.1
2011-11-22	17651.0	3021.0	1217.0	12642.0	13392.0	1566.0	2620.0	59.1	67.1	79.0	81.3
2011-11-29	17682.0	3032.0	1235.0	12642.0	13387.0	1586.0	2638.0	59.0	67.0	78.9	81.2
2011-12-06	18720.0	3008.0	1256.0	13642.0	14368.0	1632.0	2658.0	61.1	68.6	79.6	82.0
2011-12-13	26816.0	3228.0	761.0	17898.0	19151.0	1731.0	2945.0	44.5	51.6	57.5	59.2
2012-03-13	20058.0	2850.0	2219.0	13328.0	14455.0	1976.0	1480.0	45.5	44.1	52.5	52.5
2012-05-22	16237.0	5219.0	2138.0	9611.0	11329.0	1407.0	2770.0	70.3	53.1	89.7	77.1
2012-05-29	17501.0	5249.0	1149.0	10846.0	12623.0	1406.0	3729.0	69.8	56.7	87.8	75.5
2012-06-05	20486.0	5226.0	1140.0	13884.0	15595.0	1376.0	3751.0	63.2	58.2	86.9	77.1
2012-06-12	23920.0	5331.0	1129.0	15388.0	17195.0	3048.0	5443.0	54.3	50.0	72.6	63.7
2012-12-18	16318.0	7192.0	79.0	7696.0	14745.0	1107.0	1171.0	51.5	55.0	74.3	75.1
2013-09-10	13664.0	2562.0	230.0	6209.0	12158.0	4891.0	1274.0	36.1	74.0	56.4	90.7
2013-09-17	16234.0	2794.0	1025.0	7092.0	12541.0	5318.0	1638.0	33.5	63.6	50.6	81.1
2013-10-15	11559.0	4177.0	644.0	5659.0	10478.0	1723.0	437.0	53.6	84.5	74.7	96.2
2013-10-22	12597.0	4162.0	642.0	6859.0	11477.0	1576.0	478.0	58.7	85.4	78.0	96.2
2013-10-29	12832.0	4145.0	627.0	7109.0	11727.0	1578.0	478.0	59.6	85.8	78.5	96.3
2013-11-05	13605.0	4157.0	645.0	7829.0	12447.0	1619.0	513.0	53.5	77.3	72.1	92.5
2013-11-12	13930.0	4106.0	320.0	8529.0	12947.0	1295.0	663.0	57.3	79.1	75.3	93.1
2013-11-19	13998.0	4109.0	320.0	8429.0	12947.0	1460.0	731.0	57.0	78.7	74.9	92.6
2013-11-26	13811.0	4137.0	320.0	8179.0	12697.0	1495.0	794.0	57.8	74.3	75.6	90.5
2013-12-03	14557.0	3975.0	522.0	8927.0	13445.0	1650.0	585.0	55.2	67.4	72.7	85.7
2013-12-10	14554.0	3960.0	522.0	8927.0	13445.0	1629.0	549.0	55.2	65.9	72.6	85.2
2013-12-17	16810.0	4008.0	320.0	11145.0	14964.0	1203.0	1072.0	53.4	59.9	68.7	76.7
2014-02-11	13379.0	3885.0	500.0	8459.0	11343.0	1035.0	1536.0	59.1	71.6	82.6	87.0
2014-03-18	14115.0	4041.0	415.0	8861.0	13145.0	1213.0	555.0	55.3	69.4	78.5	93.2
2014-12-09	12805.0	2401.0	615.0	6920.0	11580.0	3484.0	610.0	49.3	71.3	65.3	87.4
2014-12-16	15724.0	2352.0	500.0	6748.0	14508.0	6580.0	672.0	29.4	66.3	46.3	86.4
2015-06-16	55316.0	12635.0	6659.0	33283.0	40928.0	7871.0	6202.0	29.3	37.0	40.4	54.8
2015-06-23	53299.0	17431.0	5407.0	28044.0	41417.0	6904.0	5556.0	31.3	44.1	43.7	63.1
