2005-01-04	13599.0	500.0	1689.0	13078.0	11442.0	21.0	468.0	80.4	71.9	97.1	82.9
2005-01-11	13266.0	0.0	1554.0	13254.0	11252.0	12.0	460.0	83.8	72.0	97.0	82.8
2005-01-18	13463.0	0.0	1747.0	13451.0	11252.0	12.0	464.0	84.0	70.9	97.1	82.1
2005-01-25	14214.0	5718.0	1587.0	8480.0	12167.0	16.0	460.0	84.4	72.8	97.2	84.3
2005-02-01	14134.0	5689.0	1665.0	8360.0	12254.0	85.0	215.0	87.9	72.1	96.7	84.4
2005-02-08	14540.0	5689.0	1903.0	8816.0	12116.0	35.0	521.0	88.6	70.1	97.1	82.0
2005-02-15	13991.0	5899.0	1948.0	7630.0	11061.0	462.0	982.0	88.4	70.2	96.7	81.1
2005-02-22	14687.0	5656.0	2745.0	8468.0	11384.0	563.0	558.0	88.1	69.3	94.4	79.3
2005-03-01	14613.0	5656.0	2372.0	8464.0	11668.0	493.0	573.0	83.8	68.8	93.2	78.5
2005-03-08	17180.0	5726.0	2996.0	11360.0	13996.0	94.0	188.0	78.4	61.5	82.6	69.9
2005-03-15	14038.0	0.0	3010.0	14037.0	10916.0	1.0	112.0	97.9	73.2	100.0	84.4
2005-03-22	14185.0	0.0	2681.0	13125.0	10666.0	1060.0	838.0	90.4	65.9	92.5	77.8
2005-03-29	12983.0	0.0	2204.0	12838.0	10666.0	145.0	113.0	96.6	71.9	98.9	83.3
2005-04-05	12587.0	0.0	1992.0	12586.0	10182.0	1.0	413.0	98.9	73.9	100.0	84.9
2005-04-12	13354.0	0.0	2026.0	13353.0	11228.0	1.0	100.0	99.3	72.3	100.0	83.6
2005-04-19	11892.0	0.0	1244.0	11644.0	10304.0	248.0	344.0	97.6	75.8	97.9	86.4
2005-04-26	12689.0	0.0	1038.0	12383.0	11251.0	306.0	400.0	95.7	75.4	97.6	85.9
2005-05-03	14323.0	0.0	1039.0	14025.0	12946.0	298.0	338.0	95.7	78.3	97.9	87.6
2005-05-10	14251.0	0.0	1045.0	14188.0	13126.0	63.0	80.0	99.6	79.3	99.6	89.9
2005-05-17	14302.0	0.0	1037.0	14248.0	13184.0	54.0	81.0	99.6	80.8	99.6	91.3
2005-05-24	14234.0	0.0	948.0	14180.0	13200.0	54.0	86.0	98.9	78.9	98.9	90.4
2005-05-31	12571.0	100.0	1105.0	12468.0	11422.0	3.0	44.0	98.4	81.6	99.2	93.2
2005-06-07	13893.0	0.0	1547.0	13879.0	12264.0	14.0	82.0	83.1	69.5	84.8	79.3
2005-10-18	14531.0	278.0	1713.0	14253.0	12689.0	0.0	129.0	96.4	85.9	100.0	94.4
2007-07-10	22563.0	1359.0	3603.0	21135.0	18396.0	0.0	495.0	81.8	68.0	84.9	78.5
2007-07-17	18853.0	1155.0	3273.0	17557.0	14940.0	0.0	499.0	95.4	81.2	99.3	90.0
2007-07-24	20794.0	1485.0	5140.0	19160.0	15364.0	0.0	141.0	95.7	76.6	96.1	89.2
2007-07-31	33264.0	1217.0	10996.0	32047.0	22044.0	0.0	224.0	87.2	64.9	88.5	84.4
2007-08-07	31181.0	2212.0	8801.0	28946.0	22284.0	23.0	96.0	70.2	54.3	72.6	69.7
2007-08-14	34561.0	3280.0	10481.0	30971.0	23754.0	14.0	30.0	72.7	59.6	76.6	74.6
2007-08-21	35294.0	2520.0	11305.0	30230.0	21424.0	2416.0	2437.0	77.3	62.7	80.1	78.2
2007-08-28	31301.0	2712.0	10168.0	27968.0	20493.0	2.0	21.0	79.9	64.0	83.7	81.3
2007-09-04	26217.0	2693.0	7855.0	22852.0	17673.0	2.0	19.0	74.6	57.5	79.1	76.2
2007-09-11	30128.0	2804.0	8140.0	24860.0	19522.0	13.0	15.0	55.7	41.6	60.0	55.6
2007-09-18	10400.0	5132.0	2676.0	5225.0	7702.0	43.0	22.0	82.0	76.5	96.8	96.8
2007-09-25	13876.0	8467.0	2851.0	5407.0	10998.0	2.0	27.0	82.7	80.2	96.5	97.8
2007-10-02	13245.0	7735.0	3169.0	5416.0	9939.0	94.0	137.0	80.9	83.8	95.2	96.9
2007-10-09	13195.0	7333.0	2913.0	5469.0	9869.0	101.0	121.0	80.2	81.2	93.6	94.4
2007-10-16	15620.0	9958.0	2314.0	5559.0	13184.0	102.0	121.0	84.9	90.5	96.4	97.8
2007-10-23	15189.0	9085.0	3524.0	5997.0	11505.0	1.0	54.0	80.0	78.1	96.0	96.3
2007-10-30	15334.0	9144.0	4310.0	6189.0	10969.0	1.0	55.0	82.9	79.3	97.2	97.2
2007-11-06	17346.0	9687.0	3964.0	7651.0	13313.0	1.0	62.0	82.1	87.4	96.3	98.1
2007-11-13	16049.0	7759.0	3943.0	8282.0	12026.0	1.0	73.0	86.0	81.1	97.9	97.6
2007-11-20	16370.0	3237.0	3718.0	12943.0	12416.0	1.0	47.0	83.4	80.6	93.6	96.5
2007-11-27	20188.0	6620.0	1131.0	11650.0	17127.0	37.0	49.0	46.4	57.4	60.8	66.6
2007-12-04	16588.0	6452.0	399.0	9393.0	15464.0	84.0	66.0	50.5	54.9	60.9	61.5
2007-12-11	22456.0	5478.0	711.0	14912.0	19644.0	11.0	46.0	53.2	54.7	62.5	61.3
2007-12-18	17200.0	9697.0	4326.0	7308.0	12686.0	45.0	38.0	80.7	72.3	84.3	81.9
2007-12-24	17214.0	9747.0	4945.0	7309.0	12137.0	44.0	18.0	84.1	78.7	91.8	91.4
2007-12-31	16162.0	9753.0	4541.0	6257.0	11493.0	38.0	14.0	86.9	76.9	92.2	90.0
2008-01-08	16894.0	9784.0	3981.0	6766.0	12625.0	93.0	37.0	83.8	72.7	90.4	88.7
2008-01-15	16573.0	9865.0	3313.0	6403.0	13018.0	195.0	132.0	84.9	80.4	92.1	93.7
2008-01-22	17654.0	6069.0	4087.0	11363.0	12501.0	112.0	956.0	82.2	69.0	90.6	86.5
2008-01-29	15338.0	1307.0	1465.0	13486.0	13377.0	192.0	143.0	84.9	79.1	91.0	91.7
2008-02-05	15364.0	1286.0	1903.0	13854.0	13287.0	113.0	63.0	87.1	83.0	92.9	93.5
2008-02-12	16082.0	838.0	2499.0	14958.0	13403.0	175.0	69.0	88.7	85.3	93.9	93.8
2008-02-19	16011.0	1538.0	1878.0	13967.0	13730.0	172.0	69.0	83.0	82.3	90.7	92.4
2008-02-26	16816.0	1586.0	2573.0	14974.0	14063.0	145.0	69.0	86.2	86.8	92.8	94.1
2008-03-04	22630.0	2025.0	3250.0	20167.0	18883.0	68.0	127.0	87.5	86.7	92.7	93.6
2008-03-11	27394.0	2939.0	5064.0	24158.0	22037.0	137.0	133.0	71.8	76.7	78.4	81.8
2008-03-18	18234.0	2107.0	3969.0	15745.0	13893.0	84.0	74.0	80.1	74.9	85.5	84.1
2008-03-25	18177.0	1944.0	3415.0	15587.0	14140.0	88.0	64.0	80.0	73.7	84.7	82.1
2008-04-01	17918.0	2146.0	1207.0	15140.0	16075.0	68.0	72.0	78.7	74.2	83.2	82.4
2008-04-08	18288.0	2124.0	1392.0	15609.0	16373.0	135.0	103.0	84.3	80.4	89.3	88.2
2008-04-15	18185.0	2396.0	546.0	15371.0	17216.0	85.0	90.0	84.7	84.5	91.1	92.2
2008-04-22	18718.0	1988.0	1525.0	16208.0	16640.0	65.0	96.0	82.9	77.2	89.2	85.6
2008-04-29	24410.0	5289.0	696.0	19052.0	23564.0	49.0	130.0	77.2	86.4	88.2	90.7
2008-05-06	24003.0	4172.0	673.0	19802.0	23188.0	9.0	122.0	81.1	88.6	90.5	93.2
2008-05-13	24162.0	2832.0	1184.0	21304.0	22803.0	6.0	155.0	76.1	83.0	86.9	88.3
2008-05-20	41167.0	9579.0	1568.0	31572.0	39454.0	6.0	135.0	86.8	92.8	94.7	96.3
2008-05-27	40696.0	9877.0	1589.0	30763.0	38851.0	6.0	206.0	85.7	94.9	94.7	97.0
2008-06-03	45238.0	9961.0	1476.0	34869.0	43217.0	7.0	144.0	82.6	94.1	92.4	95.9
2008-06-10	70629.0	15776.0	2586.0	50077.0	60625.0	2655.0	5297.0	75.6	81.2	85.1	82.7
2008-06-17	59515.0	17096.0	2891.0	42413.0	56374.0	6.0	250.0	86.4	96.8	97.0	98.4
2008-06-24	57420.0	16665.0	2653.0	40693.0	54432.0	7.0	280.0	87.8	96.4	96.4	98.0
2008-07-01	58780.0	15177.0	2709.0	43558.0	55753.0	7.0	280.0	88.2	96.2	97.4	97.7
2008-07-08	60098.0	16237.0	2540.0	43855.0	57336.0	6.0	222.0	87.4	95.2	96.4	97.5
2008-07-15	58677.0	17331.0	1795.0	41325.0	56622.0	21.0	260.0	89.7	95.8	97.1	97.3
2008-07-22	60715.0	18742.0	560.0	41889.0	59839.0	16.0	248.0	87.7	96.7	95.8	97.9
2008-07-29	59488.0	17265.0	1157.0	42223.0	58090.0	0.0	241.0	89.2	96.7	97.7	97.9
2008-08-05	57997.0	18343.0	1825.0	39647.0	55974.0	7.0	198.0	86.8	96.0	96.5	97.4
2008-08-12	59001.0	18529.0	1649.0	40274.0	56903.0	11.0	262.0	85.8	95.3	95.9	96.7
2008-08-19	62276.0	20318.0	2993.0	41648.0	58760.0	123.0	336.0	83.5	94.4	93.0	95.5
2008-08-26	55282.0	20611.0	3127.0	34412.0	51660.0	72.0	308.0	81.4	94.7	92.3	96.0
2008-09-02	58948.0	21718.0	2612.0	36991.0	55893.0	52.0	256.0	79.7	94.8	91.1	95.8
2008-09-09	67752.0	22288.0	1503.0	36420.0	57095.0	6932.0	7042.0	60.8	72.8	70.4	73.7
2008-09-16	53034.0	23194.0	12513.0	29171.0	39817.0	372.0	407.0	77.0	89.6	85.9	90.4
