2006-04-11	16832.0	5784.0	5004.0	1892.0	5572.0	9156.0	6256.0	32.9	45.5	40.6	59.6
2006-04-18	17077.0	5666.0	5227.0	2394.0	5459.0	8796.0	6170.0	32.3	45.7	41.4	59.2
2006-04-25	18863.0	5349.0	5263.0	4481.0	8239.0	8708.0	5036.0	32.4	52.3	45.6	65.6
2006-05-02	17784.0	4900.0	4816.0	4665.0	7231.0	7939.0	5457.0	35.4	47.4	44.7	59.8
2006-05-09	21019.0	4957.0	3068.0	4561.0	7377.0	11300.0	10373.0	27.5	36.3	35.8	43.1
2006-05-16	32955.0	5941.0	4923.0	5693.0	12169.0	21319.0	15861.0	15.5	29.6	23.4	39.0
2006-05-23	24200.0	5361.0	3191.0	2830.0	10321.0	15662.0	10341.0	18.9	40.5	26.5	48.1
2006-05-30	19677.0	4865.0	490.0	3392.0	13255.0	10822.0	5334.0	17.7	52.4	23.7	55.8
2006-06-06	19220.0	6128.0	1647.0	2355.0	9758.0	10736.0	7814.0	22.0	48.2	29.9	55.8
2006-06-13	25882.0	8270.0	4673.0	1852.0	13332.0	15760.0	7877.0	21.5	46.6	28.5	61.9
2006-06-20	22685.0	6742.0	2233.0	3183.0	13811.0	12522.0	6403.0	23.3	53.3	34.7	65.8
2006-06-27	22415.0	6427.0	2210.0	2953.0	11867.0	12703.0	8006.0	20.3	47.1	31.2	59.1
2006-07-03	23014.0	8184.0	2555.0	3378.0	12810.0	10785.0	6982.0	22.0	51.7	36.6	62.7
2006-07-11	25432.0	8156.0	1525.0	4334.0	15435.0	12703.0	8233.0	19.6	52.7	32.3	64.0
2006-07-18	28473.0	5961.0	2655.0	6993.0	16240.0	14576.0	8635.0	20.3	43.7	30.5	51.3
2006-07-25	26254.0	4635.0	2304.0	6660.0	15158.0	14278.0	8111.0	20.7	41.0	30.4	53.8
2006-08-01	24512.0	6080.0	1469.0	4386.0	15654.0	13988.0	7331.0	24.8	43.3	34.8	59.3
2006-08-08	27939.0	5843.0	1374.0	5826.0	18640.0	15064.0	6719.0	23.5	40.9	31.0	57.5
2006-08-15	31735.0	5721.0	2746.0	6762.0	17947.0	17389.0	9179.0	21.4	37.6	30.1	53.0
2006-08-22	31222.0	6485.0	2428.0	4800.0	19389.0	18356.0	7824.0	15.5	39.8	23.9	51.9
2006-08-29	34338.0	5493.0	5718.0	7638.0	18707.0	18741.0	7447.0	19.8	32.0	27.2	45.1
2006-09-05	33795.0	10447.0	2215.0	4283.0	21812.0	18137.0	8840.0	17.0	34.1	28.1	51.1
2006-09-12	36419.0	4513.0	10513.0	10758.0	13923.0	20286.0	11121.0	19.0	25.8	28.7	39.2
2006-09-19	41036.0	3974.0	12297.0	16558.0	16745.0	19190.0	10680.0	20.8	29.2	32.0	41.1
2006-09-26	37248.0	3537.0	8790.0	10808.0	18265.0	21662.0	8952.0	14.7	31.2	22.6	41.2
2006-10-03	39005.0	3957.0	10089.0	11497.0	16130.0	22083.0	11318.0	16.8	25.9	25.6	37.2
2006-10-10	42577.0	5125.0	10161.0	17070.0	19851.0	18169.0	10352.0	19.4	31.2	28.1	41.2
2006-10-17	41246.0	6057.0	6541.0	13985.0	24238.0	19526.0	8789.0	16.5	37.2	24.6	46.8
2006-10-24	44891.0	7345.0	5756.0	14003.0	26783.0	22460.0	11269.0	15.4	39.1	23.9	48.4
2006-10-31	49533.0	15370.0	3545.0	9808.0	32559.0	21096.0	10170.0	13.8	37.3	22.6	49.6
2006-11-07	52364.0	18033.0	4370.0	6141.0	32447.0	24115.0	11472.0	12.1	33.1	20.7	44.4
2006-11-14	52263.0	14190.0	6109.0	7299.0	30590.0	26168.0	10958.0	11.7	27.6	19.8	40.5
2006-11-21	54178.0	15249.0	4597.0	7879.0	33140.0	25731.0	11122.0	11.3	28.3	19.7	43.4
2006-11-28	50655.0	14419.0	5774.0	5348.0	32147.0	27829.0	9675.0	12.4	28.5	19.2	42.8
2006-12-05	47355.0	17332.0	6720.0	3594.0	29848.0	25001.0	9359.0	13.6	32.7	21.3	50.7
2006-12-12	43761.0	13262.0	5384.0	5411.0	27323.0	23317.0	9283.0	12.5	32.9	20.7	53.7
2006-12-19	42779.0	11806.0	5173.0	7628.0	24960.0	21923.0	11224.0	12.0	33.8	20.1	52.4
2006-12-26	41191.0	11277.0	5214.0	8036.0	25477.0	20464.0	9086.0	12.3	35.8	18.9	53.6
2007-01-03	44571.0	14006.0	5345.0	5819.0	27910.0	23685.0	10255.0	14.3	37.0	22.3	53.6
2007-01-09	37605.0	7787.0	6523.0	8816.0	19768.0	19981.0	10293.0	14.6	27.5	25.9	41.4
2007-01-16	38599.0	8954.0	5688.0	9474.0	20161.0	18802.0	11381.0	14.6	25.1	23.6	39.2
2007-01-23	43817.0	12386.0	6410.0	11591.0	23559.0	18608.0	12616.0	21.1	29.0	31.1	43.8
2007-01-30	36750.0	11143.0	5068.0	7197.0	23543.0	16770.0	6499.0	17.7	35.1	29.5	51.0
2007-02-06	38492.0	10773.0	4713.0	7220.0	22297.0	18960.0	9943.0	21.7	35.8	31.1	51.7
2007-02-13	39189.0	13855.0	3390.0	5499.0	24880.0	18485.0	9569.0	20.0	40.2	31.1	56.1
2007-02-20	40402.0	11576.0	5969.0	8473.0	24631.0	18839.0	8288.0	24.0	38.9	32.4	53.3
2007-02-27	45832.0	15227.0	4059.0	7203.0	29618.0	21199.0	9952.0	16.7	41.0	26.1	56.4
2007-03-06	40957.0	11265.0	8229.0	8371.0	24053.0	19447.0	6801.0	16.4	38.9	25.8	57.1
2007-03-13	39354.0	10714.0	8704.0	9399.0	22664.0	17550.0	6295.0	16.2	35.1	27.1	54.9
2007-03-20	39649.0	11430.0	6432.0	8512.0	24606.0	18386.0	7290.0	17.3	35.0	27.1	54.7
2007-03-27	35262.0	11789.0	4355.0	5338.0	23652.0	16681.0	5801.0	16.7	37.9	26.0	55.8
2007-04-03	31397.0	11844.0	689.0	2780.0	23324.0	16452.0	7063.0	19.2	48.3	28.7	65.4
2007-04-10	31854.0	12273.0	1900.0	2381.0	22924.0	16590.0	6420.0	17.6	43.9	26.4	63.1
2007-04-17	31771.0	12151.0	2490.0	1889.0	22540.0	17128.0	6138.0	17.8	42.1	26.9	59.6
2007-04-24	32194.0	11022.0	4385.0	1722.0	19400.0	18643.0	7602.0	15.1	37.3	23.7	53.4
2007-05-01	29074.0	9477.0	6192.0	2659.0	16096.0	16398.0	6246.0	17.1	37.8	26.6	55.0
2007-05-08	29366.0	10178.0	5650.0	2741.0	17637.0	15867.0	5499.0	19.3	36.2	29.0	53.0
2007-05-15	29914.0	7739.0	8647.0	5555.0	14340.0	16031.0	6338.0	20.0	29.0	28.7	45.7
2007-05-22	28826.0	6905.0	7750.0	5398.0	13376.0	15806.0	6983.0	19.8	28.1	30.3	42.9
2007-05-29	25939.0	5195.0	5940.0	4925.0	12550.0	14274.0	5904.0	19.4	30.8	30.8	44.6
2007-06-05	23828.0	6331.0	6184.0	3620.0	12582.0	13428.0	4613.0	17.4	37.7	27.3	55.0
2007-06-12	21638.0	4952.0	4602.0	3078.0	10931.0	13149.0	5646.0	15.8	38.9	24.8	54.8
2007-06-19	20600.0	3179.0	4805.0	2803.0	10124.0	14225.0	5278.0	13.7	41.0	21.0	54.6
2007-06-26	22237.0	3247.0	6200.0	4070.0	10439.0	14260.0	4938.0	12.2	37.8	18.1	51.9
2007-07-03	21155.0	3293.0	4185.0	3093.0	11307.0	13869.0	4763.0	12.0	45.7	18.1	57.6
2007-07-10	21795.0	4758.0	5066.0	2640.0	10895.0	13451.0	4888.0	10.9	44.8	18.2	55.8
2007-07-17	22517.0	4927.0	5080.0	2977.0	10613.0	13628.0	5839.0	12.0	44.2	20.9	54.4
2007-07-24	23707.0	6873.0	3523.0	2230.0	12000.0	12636.0	6216.0	16.2	43.9	24.8	53.0
2007-07-31	20164.0	4891.0	3305.0	2475.0	9326.0	11710.0	6445.0	16.4	36.5	25.3	48.2
2007-08-07	17817.0	4032.0	2463.0	1578.0	8210.0	11502.0	6439.0	16.5	41.2	27.3	54.7
2007-08-14	19220.0	4815.0	2523.0	2504.0	9210.0	10773.0	6359.0	18.3	37.3	28.9	47.8
2007-08-21	17736.0	4478.0	3025.0	2623.0	8078.0	9873.0	5871.0	21.7	40.8	31.6	54.0
2007-08-28	19026.0	6075.0	2774.0	2230.0	9486.0	9754.0	5799.0	20.5	46.8	32.8	58.9
2007-09-04	19656.0	7226.0	2855.0	1626.0	9753.0	9797.0	6041.0	18.3	43.7	32.0	56.3
2007-09-11	20591.0	7717.0	3618.0	1433.0	9466.0	10010.0	6076.0	17.1	41.8	26.7	53.6
2007-09-18	22267.0	7931.0	3722.0	1460.0	10817.0	11387.0	6239.0	14.2	36.8	23.1	53.4
2007-09-25	23271.0	9080.0	3796.0	1838.0	12162.0	11346.0	6306.0	17.8	40.2	27.0	57.0
2007-10-02	22888.0	9053.0	3703.0	1764.0	11125.0	11490.0	7479.0	19.2	37.9	29.2	53.7
2007-10-09	20314.0	7026.0	3807.0	1827.0	8975.0	10652.0	6723.0	16.2	38.9	25.4	54.0
2007-10-16	22087.0	6390.0	4488.0	2008.0	8420.0	12374.0	7864.0	15.1	29.8	23.7	46.2
2007-10-23	21573.0	6872.0	4850.0	2388.0	7626.0	10836.0	7620.0	16.3	28.7	24.7	44.9
2007-10-30	21494.0	6606.0	6061.0	2380.0	7638.0	11573.0	6860.0	14.8	31.0	23.3	48.7
2007-11-06	22742.0	6792.0	5156.0	2839.0	8006.0	12323.0	8792.0	13.4	27.1	21.7	42.8
2007-11-13	21821.0	3248.0	3004.0	2824.0	8064.0	13356.0	8360.0	9.6	23.0	15.4	37.2
2007-11-20	18555.0	3541.0	1647.0	2718.0	8642.0	11375.0	7345.0	11.3	33.3	19.2	43.4
2007-11-27	17129.0	3003.0	1277.0	2386.0	8890.0	10558.0	5780.0	11.1	37.1	18.1	48.5
2007-12-04	15254.0	3300.0	488.0	2094.0	8140.0	8434.0	5200.0	13.3	40.1	22.2	49.6
2007-12-11	16180.0	3977.0	2084.0	1850.0	8327.0	8999.0	4415.0	12.6	38.2	20.8	50.1
2007-12-18	14998.0	3076.0	1006.0	1777.0	8416.0	8847.0	4278.0	13.0	43.8	22.5	52.9
2007-12-24	15482.0	4446.0	760.0	1151.0	9252.0	8581.0	4166.0	14.5	44.5	22.0	53.4
2007-12-31	16569.0	6153.0	949.0	1201.0	9876.0	8097.0	4626.0	20.8	42.0	29.5	53.6
2008-01-08	17969.0	6046.0	2040.0	1723.0	8688.0	9316.0	6357.0	17.7	32.3	25.7	45.7
2008-01-15	16645.0	5074.0	1034.0	1760.0	7757.0	8776.0	6819.0	15.3	34.9	23.9	43.9
2008-01-22	16322.0	3823.0	1973.0	1886.0	7556.0	9807.0	5987.0	14.7	38.3	23.5	47.8
2008-01-29	14027.0	3286.0	911.0	1538.0	7090.0	9128.0	5951.0	16.0	39.3	24.3	48.5
2008-02-05	14324.0	3334.0	2196.0	1095.0	5343.0	9008.0	5898.0	16.5	38.2	24.1	47.8
2008-02-12	14136.0	3010.0	2301.0	1620.0	6084.0	8620.0	4865.0	19.1	44.5	26.5	55.3
2008-02-19	13825.0	2617.0	1946.0	1633.0	6587.0	8658.0	4375.0	17.2	46.7	24.3	57.3
2008-02-26	14824.0	2903.0	3211.0	1915.0	6291.0	8951.0	4267.0	18.3	48.3	26.6	57.9
2008-03-04	14944.0	3200.0	3148.0	2150.0	7022.0	9380.0	4560.0	19.9	44.8	28.1	56.8
2008-03-11	15039.0	3687.0	3021.0	2276.0	7589.0	8661.0	4014.0	20.6	52.2	29.2	62.6
2008-03-18	15459.0	3440.0	2384.0	1512.0	7648.0	9144.0	4064.0	20.1	51.3	27.2	59.0
2008-04-29	12443.0	3681.0	2378.0	2716.0	7088.0	5645.0	2576.0	26.5	59.0	39.8	68.3
2008-05-13	12321.0	2996.0	2126.0	2597.0	6865.0	5752.0	2354.0	24.3	55.7	35.6	67.5
2008-07-15	11842.0	4385.0	1079.0	1161.0	7075.0	5530.0	2922.0	31.2	58.8	41.5	68.8
2008-07-22	11538.0	3630.0	2011.0	1549.0	5987.0	5324.0	2505.0	25.2	55.9	38.3	67.0
