2008-09-23	34939.0	13128.0	8221.0	21078.0	26141.0	220.0	64.0	56.3	58.4	64.5	66.5
2008-09-30	37141.0	15060.0	8574.0	21490.0	28049.0	189.0	116.0	58.5	60.1	67.4	67.2
2008-10-07	36307.0	14166.0	9087.0	21428.0	26696.0	311.0	122.0	58.8	56.9	66.9	63.9
2008-10-14	33937.0	13964.0	8496.0	19155.0	24763.0	328.0	188.0	67.2	66.5	75.8	73.6
2008-10-21	34282.0	15131.0	9143.0	18500.0	24668.0	190.0	10.0	67.4	69.3	76.9	76.5
2008-10-28	32682.0	15441.0	8953.0	16477.0	23107.0	336.0	194.0	67.4	72.1	74.9	77.0
2008-11-04	31329.0	15621.0	9129.0	14976.0	21588.0	304.0	184.0	67.5	71.6	77.6	78.2
2008-11-11	32082.0	19478.0	9032.0	11895.0	22319.0	144.0	166.0	66.3	65.2	75.3	74.1
2008-11-18	32112.0	21068.0	9106.0	10400.0	22408.0	235.0	189.0	68.7	64.4	78.5	74.9
2008-11-25	34096.0	22059.0	8832.0	9953.0	23184.0	1490.0	1486.0	67.5	71.8	80.2	79.7
2008-12-02	30974.0	18176.0	8708.0	11863.0	21318.0	271.0	284.0	79.7	80.7	89.7	89.3
2008-12-09	38213.0	21091.0	8006.0	15585.0	28715.0	308.0	263.0	54.9	59.0	63.3	65.9
2008-12-16	30386.0	12659.0	7944.0	13809.0	18642.0	3736.0	3618.0	70.3	69.3	79.9	79.3
2008-12-22	26289.0	11204.0	7656.0	14728.0	18334.0	186.0	128.0	82.0	80.9	89.8	89.7
2008-12-30	28713.0	15615.0	7101.0	12755.0	21370.0	230.0	129.0	79.9	80.9	89.0	91.1
2009-01-06	31020.0	17697.0	7094.0	12911.0	23608.0	225.0	131.0	78.4	81.1	87.6	90.5
2009-01-13	28319.0	14701.0	9814.0	13142.0	18089.0	264.0	204.0	81.5	73.9	91.5	89.0
2009-01-20	25247.0	13651.0	7824.0	11337.0	17163.0	152.0	153.0	83.5	68.2	92.5	85.2
2009-01-27	21718.0	10189.0	5574.0	10992.0	15612.0	179.0	174.0	84.6	64.8	91.4	85.7
2009-02-03	29808.0	9535.0	5405.0	19520.0	24036.0	596.0	210.0	86.2	81.1	92.9	91.7
2009-02-10	36110.0	9611.0	6242.0	26154.0	29721.0	258.0	60.0	87.5	79.9	95.1	91.4
2009-02-17	32036.0	9958.0	4234.0	21436.0	26507.0	171.0	824.0	83.6	77.6	92.1	88.5
2009-02-24	26146.0	10746.0	4485.0	13743.0	19346.0	83.0	741.0	66.8	62.0	77.2	73.2
2009-03-03	27177.0	10650.0	4494.0	15298.0	21362.0	396.0	488.0	63.7	50.2	73.2	66.8
2009-03-10	30654.0	10487.0	4401.0	18496.0	24433.0	1239.0	1388.0	54.5	42.0	62.0	56.6
2009-03-17	16458.0	5604.0	2199.0	10683.0	13995.0	90.0	183.0	60.4	65.9	76.9	79.8
2009-03-24	21125.0	9495.0	5877.0	11429.0	14955.0	83.0	175.0	69.2	56.2	81.9	73.9
2009-03-31	21845.0	10442.0	5661.0	11108.0	15950.0	181.0	120.0	69.4	53.6	82.1	73.2
2009-04-07	21343.0	10718.0	5071.0	10275.0	15877.0	200.0	245.0	69.5	54.9	80.9	73.9
2009-04-14	22401.0	5028.0	5188.0	17053.0	16802.0	206.0	297.0	74.3	54.7	84.1	73.5
2009-04-21	20424.0	1940.0	5339.0	18180.0	14521.0	122.0	382.0	73.0	54.6	83.6	73.2
2009-04-28	18985.0	4992.0	2205.0	13796.0	16386.0	120.0	317.0	67.7	64.6	80.0	77.7
2009-05-05	17793.0	2674.0	2644.0	14946.0	14843.0	96.0	229.0	66.6	66.6	81.3	76.9
2009-05-12	19926.0	2167.0	4430.0	17598.0	15125.0	82.0	292.0	73.7	69.0	84.5	78.7
2009-05-19	20935.0	2299.0	4327.0	18190.0	15912.0	77.0	327.0	76.4	66.1	84.5	75.6
2009-05-26	22620.0	1747.0	3790.0	20492.0	18253.0	63.0	259.0	76.6	68.9	85.3	80.1
2009-06-02	31527.0	3040.0	7148.0	27793.0	23478.0	327.0	534.0	66.1	66.6	75.3	74.2
2009-06-09	39712.0	5328.0	2510.0	33646.0	32230.0	64.0	4298.0	53.9	46.6	63.3	53.0
2009-06-16	25246.0	4200.0	4173.0	20950.0	20654.0	10.0	333.0	83.7	79.5	94.1	89.2
2009-06-23	24615.0	552.0	4202.0	23966.0	19939.0	11.0	388.0	86.8	78.2	95.6	88.5
2009-06-30	30919.0	4644.0	2417.0	24729.0	26628.0	1024.0	1352.0	85.2	83.0	91.0	87.5
2009-07-07	34313.0	2464.0	2032.0	29658.0	29766.0	2103.0	2427.0	79.8	83.5	90.8	88.3
2009-07-14	29367.0	694.0	3492.0	27694.0	24693.0	44.0	247.0	85.4	84.6	93.1	90.6
2009-07-21	27576.0	706.0	2334.0	25926.0	24099.0	58.0	257.0	85.6	82.5	93.8	89.8
2009-07-28	24914.0	3038.0	2019.0	21722.0	22464.0	66.0	343.0	85.0	81.9	94.6	90.0
2009-08-04	23268.0	2563.0	1963.0	20556.0	20875.0	59.0	340.0	79.2	83.4	94.3	90.8
2009-08-11	22928.0	2824.0	1964.0	19957.0	20500.0	57.0	374.0	78.1	83.5	92.7	90.6
2009-08-18	23176.0	3640.0	1903.0	19373.0	20809.0	73.0	374.0	83.5	84.0	95.0	90.5
2009-08-25	23014.0	3408.0	1552.0	19023.0	20591.0	93.0	381.0	78.5	80.4	90.2	87.2
2009-09-01	25914.0	3559.0	1388.0	21919.0	23921.0	58.0	227.0	69.0	71.1	78.5	77.1
2009-09-08	29053.0	4953.0	1452.0	23899.0	27284.0	111.0	227.0	71.7	66.7	78.3	74.4
2009-09-15	20094.0	2723.0	1547.0	16991.0	18137.0	146.0	176.0	67.3	56.8	75.8	67.9
2009-09-22	17711.0	563.0	2210.0	16943.0	15248.0	115.0	163.0	50.3	44.0	59.7	54.6
2009-09-29	18009.0	579.0	3088.0	17192.0	14677.0	148.0	154.0	49.1	46.9	59.1	56.7
2009-10-06	15942.0	1720.0	1820.0	13797.0	13753.0	228.0	172.0	52.2	48.4	65.5	60.3
2009-10-13	16444.0	740.0	2415.0	15366.0	13784.0	243.0	150.0	61.9	49.8	70.2	62.3
2009-10-20	15792.0	808.0	1660.0	14509.0	13719.0	228.0	166.0	64.5	53.9	70.4	64.5
2009-10-27	15080.0	603.0	2207.0	14187.0	12574.0	195.0	204.0	64.7	58.3	72.5	67.9
2009-11-03	15543.0	609.0	2768.0	14702.0	12393.0	131.0	281.0	67.0	60.4	75.2	69.6
2009-11-09	15822.0	358.0	3153.0	15235.0	12389.0	128.0	179.0	63.8	62.6	75.4	71.8
2009-11-17	16603.0	519.0	3607.0	15785.0	12740.0	198.0	155.0	67.5	70.2	82.0	78.9
2009-11-24	16788.0	530.0	3955.0	15847.0	12551.0	312.0	183.0	66.4	69.6	80.2	78.4
2009-12-01	16014.0	585.0	3670.0	15128.0	12103.0	206.0	146.0	68.3	67.6	78.5	76.3
2009-12-08	16639.0	720.0	3834.0	15600.0	12584.0	224.0	126.0	64.4	65.6	75.0	73.4
2009-12-15	9275.0	366.0	2551.0	8608.0	6524.0	206.0	105.0	63.6	56.5	73.6	72.1
2009-12-22	8963.0	145.0	2127.0	7913.0	5896.0	730.0	765.0	65.4	55.8	76.3	71.9
2009-12-29	9226.0	104.0	2364.0	8411.0	6012.0	536.0	675.0	68.0	55.0	78.0	70.9
2010-01-05	9585.0	127.0	2270.0	8872.0	6450.0	409.0	688.0	69.9	53.4	82.3	72.7
2010-01-12	9655.0	213.0	2564.0	8923.0	6327.0	345.0	590.0	69.2	46.8	81.7	66.3
2010-01-19	10361.0	252.0	2697.0	9509.0	6841.0	350.0	573.0	72.5	41.4	80.0	60.9
2010-01-26	10005.0	525.0	1948.0	9107.0	7600.0	127.0	211.0	71.8	48.6	80.1	67.1
2010-02-02	10184.0	455.0	2231.0	9204.0	7434.0	143.0	137.0	70.1	48.8	78.0	66.4
2010-02-09	9382.0	710.0	1316.0	8266.0	7664.0	168.0	164.0	68.0	58.9	78.1	72.5
2010-02-16	10354.0	426.0	1686.0	8992.0	7785.0	144.0	91.0	56.7	54.4	71.5	68.0
2010-02-23	11031.0	1052.0	1235.0	9730.0	9433.0	40.0	154.0	55.5	58.2	70.4	68.4
2010-03-02	13505.0	1991.0	1068.0	11323.0	12273.0	191.0	164.0	47.6	58.6	66.0	66.9
2010-03-09	16094.0	2602.0	1082.0	12288.0	13817.0	218.0	209.0	47.7	53.9	63.5	60.7
2010-03-16	13942.0	2540.0	1009.0	11167.0	12676.0	235.0	257.0	72.5	69.1	86.9	79.7
2010-03-23	14367.0	2747.0	1039.0	11353.0	13067.0	265.0	259.0	73.6	68.4	87.6	79.3
2010-03-30	13945.0	2096.0	1078.0	11590.0	12444.0	257.0	421.0	71.8	63.6	86.2	76.6
2010-04-06	13177.0	1697.0	1031.0	11371.0	11876.0	107.0	268.0	78.2	66.8	92.5	78.1
2010-04-13	13631.0	2705.0	1012.0	10770.0	12325.0	154.0	292.0	80.8	66.3	93.0	76.3
2010-04-20	15501.0	3357.0	1180.0	11954.0	14008.0	184.0	307.0	80.8	69.8	93.5	78.1
2010-04-27	16353.0	4481.0	777.0	11576.0	15289.0	290.0	281.0	80.9	67.1	92.9	77.3
2010-05-04	15935.0	5498.0	710.0	10101.0	14925.0	330.0	294.0	80.0	66.9	92.3	77.4
2010-05-11	14702.0	4430.0	702.0	9838.0	13573.0	428.0	421.0	76.8	64.2	91.0	76.2
2010-05-18	13885.0	3643.0	692.0	9790.0	12810.0	446.0	377.0	72.2	63.3	88.4	75.8
2010-05-25	15398.0	2642.0	657.0	12134.0	14152.0	418.0	385.0	64.6	63.4	80.5	70.4
2010-06-01	15216.0	3199.0	751.0	11617.0	14100.0	394.0	359.0	69.5	68.4	84.0	75.2
2010-06-08	16776.0	3990.0	751.0	11968.0	15368.0	812.0	651.0	70.1	66.7	83.7	74.9
2010-06-15	13899.0	3009.0	748.0	10606.0	12930.0	284.0	221.0	70.5	71.8	87.5	80.3
2010-06-22	14350.0	3672.0	746.0	10376.0	13359.0	249.0	192.0	74.1	69.9	91.1	80.7
2010-06-29	14710.0	2806.0	743.0	11595.0	13746.0	256.0	168.0	77.1	69.5	91.9	81.2
2010-07-06	14786.0	3283.0	785.0	11185.0	13797.0	265.0	151.0	81.5	67.1	93.1	81.1
2010-07-13	14527.0	2529.0	731.0	11683.0	13610.0	262.0	133.0	80.9	68.2	92.5	81.6
2010-07-20	12935.0	2133.0	726.0	10396.0	11897.0	250.0	156.0	76.2	64.5	90.7	79.8
2010-07-27	12620.0	885.0	910.0	11337.0	11388.0	242.0	166.0	74.7	66.2	88.8	79.3
2010-08-03	13831.0	1319.0	910.0	12212.0	12742.0	144.0	23.0	71.1	68.3	85.8	80.4
2010-08-10	14773.0	1597.0	901.0	12751.0	13581.0	269.0	135.0	69.5	64.6	84.5	78.3
2010-08-17	11857.0	1563.0	899.0	9906.0	10622.0	232.0	180.0	65.5	55.6	81.8	71.4
2010-08-24	12769.0	999.0	1323.0	11238.0	10953.0	236.0	197.0	67.8	48.0	76.8	63.4
2010-08-31	14715.0	946.0	1654.0	12242.0	11649.0	257.0	142.0	55.5	39.2	65.5	54.6
2010-09-07	17272.0	1049.0	2623.0	15511.0	14072.0	286.0	151.0	50.3	36.7	56.3	49.0
2010-09-14	9884.0	931.0	1320.0	8777.0	8538.0	176.0	26.0	75.2	57.0	82.3	72.0
2010-09-21	9865.0	994.0	709.0	8539.0	8984.0	284.0	124.0	72.6	54.0	80.4	67.1
2010-09-28	11111.0	1006.0	2445.0	9825.0	8541.0	280.0	125.0	71.9	60.4	82.1	75.1
2010-10-05	11163.0	1115.0	2699.0	9707.0	8361.0	341.0	103.0	70.5	65.3	81.6	77.1
2010-10-12	12094.0	1188.0	3460.0	10572.0	8558.0	334.0	76.0	70.1	67.9	81.4	78.4
2010-10-19	12513.0	1202.0	1760.0	11001.0	10677.0	310.0	76.0	70.2	65.8	82.1	78.3
2010-10-26	14445.0	1276.0	1800.0	12869.0	12550.0	300.0	95.0	71.7	70.1	83.1	79.8
2010-11-02	14434.0	924.0	1854.0	13265.0	12478.0	245.0	102.0	73.7	69.6	85.6	79.3
2010-11-09	15463.0	789.0	2303.0	14407.0	13066.0	267.0	94.0	75.8	74.4	86.1	81.8
2010-11-16	15777.0	844.0	637.0	14389.0	14674.0	190.0	112.0	74.2	75.4	84.4	80.8
2010-11-23	17263.0	818.0	858.0	16154.0	16090.0	144.0	168.0	78.1	75.6	87.7	81.3
2010-11-30	19105.0	766.0	1037.0	17261.0	16934.0	123.0	179.0	75.8	72.9	84.7	78.6
2010-12-07	21362.0	918.0	1776.0	18784.0	17875.0	119.0	170.0	72.2	68.3	81.2	75.6
2010-12-14	12834.0	1790.0	1241.0	10858.0	11335.0	186.0	258.0	84.8	68.7	97.4	83.8
2010-12-21	13867.0	1828.0	1763.0	11980.0	11885.0	59.0	219.0	83.3	64.6	97.8	83.0
2010-12-28	14172.0	1775.0	1954.0	12353.0	12020.0	44.0	198.0	83.8	63.2	97.7	81.4
2011-01-04	13784.0	1046.0	1896.0	12688.0	11665.0	50.0	223.0	82.8	62.1	97.3	80.0
2011-01-11	14110.0	1575.0	1742.0	12349.0	12019.0	186.0	349.0	79.2	62.1	95.9	78.7
2011-01-18	14645.0	1448.0	1594.0	13095.0	12809.0	85.0	225.0	76.0	64.7	91.6	77.9
2011-01-25	15296.0	1580.0	1549.0	13640.0	13511.0	59.0	219.0	77.0	67.1	91.4	79.5
2011-02-01	15404.0	1392.0	1421.0	13918.0	13748.0	74.0	215.0	77.0	67.5	92.1	78.7
2011-02-08	15702.0	1227.0	1311.0	14393.0	14166.0	82.0	225.0	75.9	65.8	92.3	78.9
2011-02-15	14430.0	195.0	1442.0	14173.0	12769.0	62.0	219.0	81.2	64.8	91.5	77.2
2011-02-22	14635.0	530.0	1501.0	13788.0	12629.0	62.0	250.0	78.3	62.4	90.2	76.5
2011-03-01	14432.0	759.0	1357.0	13220.0	12436.0	63.0	249.0	75.4	65.0	89.1	75.6
2011-03-08	14679.0	799.0	1337.0	12981.0	12237.0	56.0	262.0	73.5	64.3	86.1	74.4
2011-03-15	10721.0	877.0	1050.0	9788.0	9303.0	49.0	361.0	89.7	74.8	98.9	86.1
2011-03-22	11963.0	398.0	1799.0	11463.0	9883.0	92.0	271.0	94.3	72.4	98.9	84.9
2011-03-29	11922.0	273.0	1265.0	11556.0	10386.0	82.0	260.0	95.8	72.6	98.9	84.9
2011-04-05	11225.0	650.0	1353.0	10440.0	9606.0	128.0	259.0	91.8	69.7	98.5	82.2
2011-04-12	11229.0	482.0	1323.0	10609.0	9599.0	112.0	281.0	93.6	67.1	98.6	82.1
2011-04-19	11067.0	652.0	1221.0	10261.0	9555.0	107.0	244.0	90.4	67.4	98.1	82.6
2011-04-26	11249.0	1262.0	1221.0	9838.0	9836.0	139.0	182.0	85.0	69.5	98.2	84.0
2011-05-03	10818.0	943.0	1161.0	9557.0	9471.0	314.0	182.0	85.0	69.9	96.3	85.1
2011-05-10	11383.0	1136.0	1121.0	9976.0	10162.0	268.0	97.0	84.8	73.4	96.2	87.0
2011-05-17	11569.0	2479.0	1091.0	8713.0	10384.0	374.0	91.0	79.1	77.2	94.8	89.0
2011-05-24	13907.0	3972.0	975.0	9576.0	12838.0	356.0	91.0	79.8	81.4	93.5	90.3
2011-05-31	13823.0	3365.0	904.0	10056.0	12842.0	400.0	75.0	77.5	82.4	91.7	91.4
2011-06-07	14948.0	3817.0	866.0	10720.0	13978.0	408.0	101.0	72.1	77.7	86.0	86.0
2011-06-14	14175.0	3725.0	734.0	10081.0	13360.0	366.0	78.0	77.1	86.0	93.0	94.0
2011-06-21	13299.0	2653.0	738.0	10276.0	12481.0	359.0	69.0	74.6	83.1	92.7	94.1
2011-06-28	13404.0	3318.0	759.0	9715.0	12579.0	359.0	54.0	71.2	82.9	93.5	93.7
2011-07-05	13911.0	1402.0	733.0	12211.0	13112.0	282.0	50.0	81.1	83.5	94.6	93.9
2011-07-12	14369.0	1655.0	718.0	12383.0	13577.0	314.0	57.0	75.8	83.8	93.9	94.3
2011-07-19	14180.0	2180.0	729.0	11643.0	13378.0	340.0	56.0	71.4	83.5	90.6	94.2
2011-07-26	13655.0	1460.0	744.0	11834.0	12838.0	344.0	56.0	76.3	82.9	92.6	94.1
2011-08-02	13260.0	1613.0	677.0	11341.0	12515.0	294.0	56.0	74.9	82.7	92.1	93.3
2011-08-09	13848.0	1991.0	412.0	11445.0	13367.0	353.0	10.0	73.7	86.5	91.7	95.6
2011-08-16	13343.0	3180.0	411.0	9805.0	12865.0	352.0	61.0	71.9	85.4	92.6	95.5
2011-08-23	12547.0	2112.0	412.0	10098.0	12072.0	337.0	63.0	71.2	84.3	91.3	95.0
2011-08-30	11444.0	2349.0	414.0	8761.0	10947.0	330.0	79.0	72.5	82.9	89.5	94.4
2011-09-06	11743.0	2359.0	404.0	8570.0	10769.0	324.0	80.0	69.5	78.4	85.5	89.6
2011-09-13	10719.0	3009.0	622.0	7438.0	10032.0	272.0	65.0	78.3	78.9	94.1	91.8
2011-09-20	10807.0	2437.0	582.0	8046.0	10140.0	320.0	81.0	78.9	79.8	93.5	92.6
2011-09-27	11384.0	1850.0	2218.0	9194.0	9098.0	331.0	59.0	84.7	79.8	94.8	92.9
2011-10-04	10970.0	1802.0	1765.0	8815.0	9105.0	313.0	60.0	87.1	75.5	95.1	88.8
2011-10-11	10057.0	1892.0	701.0	7628.0	9026.0	274.0	67.0	79.9	77.2	92.3	87.9
2011-10-18	9791.0	2055.0	566.0	7095.0	8732.0	275.0	127.0	77.5	77.8	90.7	88.8
2011-10-25	9502.0	1586.0	428.0	7635.0	8960.0	280.0	113.0	85.5	82.5	95.1	92.6
2011-11-01	10146.0	1024.0	772.0	8888.0	9263.0	233.0	110.0	87.4	80.4	96.2	91.6
2011-11-08	10707.0	1139.0	1363.0	9341.0	9234.0	227.0	110.0	87.2	78.1	96.6	91.5
2011-11-15	10029.0	1206.0	550.0	8591.0	9361.0	232.0	118.0	86.8	80.0	95.7	92.2
2011-11-22	10782.0	2148.0	709.0	8367.0	9935.0	267.0	138.0	81.5	77.7	95.4	93.3
2011-11-29	11637.0	2767.0	1105.0	8311.0	10109.0	272.0	136.0	80.6	74.3	93.2	90.1
2011-12-06	11027.0	1166.0	1227.0	8836.0	8936.0	269.0	108.0	83.2	68.2	89.7	84.6
2011-12-13	11784.0	1208.0	2302.0	9160.0	8268.0	1080.0	878.0	77.1	68.4	86.1	82.2
2011-12-20	10464.0	1195.0	1917.0	9002.0	8443.0	242.0	79.0	83.3	77.3	95.3	91.3
2011-12-27	10483.0	1204.0	1912.0	9006.0	8452.0	248.0	94.0	83.1	76.1	95.2	91.8
2012-01-03	10575.0	1209.0	2513.0	9069.0	7945.0	272.0	92.0	82.3	76.4	95.0	92.0
2012-01-10	10313.0	1294.0	1954.0	8722.0	8267.0	270.0	65.0	81.8	77.7	94.4	92.2
2012-01-17	9465.0	1291.0	1045.0	7904.0	8303.0	240.0	87.0	85.5	79.6	95.2	92.3
2012-01-24	9664.0	1539.0	668.0	7868.0	8901.0	227.0	65.0	83.7	84.0	93.5	94.3
2012-01-31	9571.0	1388.0	698.0	7921.0	8736.0	232.0	107.0	83.5	82.7	94.4	93.4
2012-02-07	9519.0	1597.0	594.0	7667.0	8798.0	222.0	94.0	82.5	84.2	93.1	93.5
2012-02-14	9975.0	2225.0	295.0	7493.0	9560.0	247.0	110.0	80.6	88.1	92.9	94.9
2012-02-21	10554.0	2679.0	294.0	7588.0	10145.0	277.0	105.0	80.7	88.9	92.3	95.4
2012-02-28	10650.0	2887.0	205.0	7369.0	10233.0	284.0	102.0	74.8	89.0	90.1	94.8
2012-03-06	9674.0	2130.0	468.0	6954.0	8805.0	275.0	86.0	75.6	83.2	88.7	91.1
2012-03-13	9315.0	1949.0	290.0	7092.0	8875.0	229.0	105.0	80.3	86.8	92.6	93.7
2012-03-20	8643.0	2608.0	332.0	5834.0	8119.0	160.0	151.0	84.0	77.7	96.6	90.3
2012-03-27	10160.0	4004.0	352.0	5987.0	9646.0	145.0	138.0	86.6	80.7	96.2	91.8
2012-04-03	10621.0	4992.0	507.0	5471.0	9948.0	134.0	142.0	84.9	80.0	95.8	91.3
2012-04-10	10101.0	4285.0	431.0	5644.0	9508.0	151.0	141.0	81.2	78.8	94.5	91.7
2012-04-17	9756.0	3977.0	411.0	5593.0	9193.0	165.0	131.0	80.2	78.0	94.3	91.2
2012-04-24	7931.0	2181.0	502.0	5544.0	7287.0	192.0	128.0	70.6	80.2	90.4	89.8
2012-05-01	8197.0	2503.0	522.0	5494.0	7549.0	186.0	112.0	69.4	80.7	90.5	90.2
2012-05-08	8219.0	2185.0	408.0	5643.0	7481.0	169.0	108.0	69.1	79.9	87.8	89.4
2012-05-15	8409.0	2170.0	472.0	5807.0	7596.0	215.0	124.0	71.1	79.7	87.5	88.8
2012-05-22	8464.0	2088.0	469.0	5790.0	7511.0	243.0	141.0	69.2	78.6	85.8	87.6
2012-05-29	8429.0	2257.0	705.0	5666.0	7385.0	289.0	122.0	69.2	77.3	85.7	87.8
2012-06-05	8713.0	1431.0	1218.0	6929.0	7334.0	265.0	73.0	77.3	73.3	90.3	84.9
2012-06-12	12519.0	1553.0	3110.0	8410.0	7005.0	407.0	255.0	65.9	61.4	76.0	72.1
2012-06-19	9430.0	1510.0	2248.0	7674.0	7070.0	201.0	67.0	79.6	69.0	93.5	86.6
2012-06-26	9305.0	1520.0	3093.0	7474.0	6112.0	261.0	50.0	78.5	77.1	92.9	90.2
2012-07-03	9995.0	1544.0	3662.0	8141.0	6237.0	260.0	46.0	79.8	79.2	93.1	91.3
2012-07-10	10132.0	1406.0	3735.0	8380.0	6303.0	296.0	44.0	81.0	82.2	92.7	92.3
2012-07-17	10005.0	1589.0	3775.0	8083.0	6162.0	308.0	43.0	79.1	82.7	91.9	92.5
2012-07-24	10370.0	1576.0	2796.0	8443.0	6017.0	325.0	1531.0	79.7	69.3	92.1	77.8
2012-07-31	9951.0	1284.0	3741.0	8276.0	6102.0	321.0	38.0	81.4	78.8	92.9	89.7
2012-08-07	11009.0	1322.0	4937.0	9317.0	5994.0	330.0	38.0	83.1	81.6	93.8	90.9
2012-08-14	10845.0	1338.0	4548.0	9139.0	6206.0	318.0	41.0	82.7	81.6	93.8	91.1
2012-08-21	10474.0	1098.0	3782.0	9110.0	6643.0	259.0	42.0	85.5	82.1	96.0	91.7
2012-08-28	10619.0	1241.0	3794.0	9115.0	6752.0	256.0	66.0	84.3	81.7	94.8	91.3
2012-09-04	11736.0	1225.0	4841.0	10232.0	6796.0	246.0	66.0	85.8	80.2	95.1	90.2
2012-09-11	12926.0	1154.0	5057.0	10560.0	6793.0	217.0	81.0	80.5	76.2	88.8	84.9
2012-09-18	10426.0	1008.0	3455.0	9242.0	6900.0	171.0	66.0	87.2	79.7	97.1	90.3
2012-09-25	10785.0	1131.0	5547.0	9479.0	5185.0	170.0	48.0	86.4	75.8	96.1	91.3
2012-10-02	11681.0	1165.0	5638.0	10346.0	5993.0	165.0	45.0	86.8	76.8	96.0	92.6
2012-10-09	12006.0	1155.0	5890.0	10687.0	6066.0	163.0	49.0	87.5	79.0	96.4	92.7
2012-10-16	11506.0	2069.0	5013.0	9257.0	6432.0	179.0	60.0	87.0	85.6	96.1	94.7
2012-10-23	11630.0	2020.0	5075.0	9433.0	6493.0	176.0	61.0	87.1	85.1	95.8	94.5
2012-10-30	12000.0	2207.0	5166.0	9612.0	6789.0	180.0	44.0	87.8	84.8	95.9	94.7
2012-11-06	11529.0	1254.0	4223.0	10055.0	7265.0	219.0	40.0	87.7	80.8	95.1	91.2
2012-11-13	11747.0	1088.0	4339.0	10427.0	7344.0	231.0	63.0	89.4	79.8	96.4	90.0
2012-11-20	12356.0	950.0	4119.0	11188.0	8159.0	217.0	77.0	91.0	80.4	96.3	90.5
2012-11-27	12877.0	982.0	4596.0	11677.0	8180.0	217.0	100.0	91.2	77.4	97.1	89.1
2012-12-04	13089.0	1216.0	4495.0	11322.0	8172.0	202.0	73.0	87.2	77.3	93.8	87.6
2012-12-11	13353.0	2403.0	4899.0	10403.0	8047.0	236.0	96.0	87.6	67.7	94.3	86.2
2012-12-18	8770.0	812.0	4774.0	7823.0	3944.0	135.0	52.0	95.4	74.5	97.7	89.7
2012-12-24	9004.0	990.0	4914.0	7891.0	4019.0	123.0	71.0	95.8	72.5	98.6	87.5
2012-12-31	8990.0	969.0	4936.0	7900.0	3981.0	121.0	73.0	95.8	72.6	98.7	88.3
2013-01-08	8638.0	630.0	4703.0	7892.0	3878.0	116.0	57.0	97.1	75.6	98.6	91.0
2013-01-15	8949.0	592.0	5106.0	8246.0	3771.0	111.0	72.0	96.6	73.0	98.7	90.0
2013-01-22	8826.0	564.0	5032.0	8174.0	3720.0	88.0	74.0	96.9	74.0	99.0	90.4
2013-01-29	9600.0	1623.0	5590.0	7889.0	3890.0	88.0	120.0	97.3	77.3	99.1	90.9
2013-02-05	10423.0	2536.0	5749.0	7786.0	4558.0	86.0	101.0	97.7	73.1	99.0	89.1
2013-02-12	11221.0	3131.0	5999.0	8029.0	5115.0	46.0	92.0	98.1	67.6	99.4	83.2
2013-02-19	11882.0	3811.0	6039.0	8019.0	5721.0	37.0	107.0	98.3	67.9	99.5	83.8
2013-02-26	12308.0	4173.0	5988.0	8084.0	6156.0	40.0	153.0	98.3	65.5	99.6	84.3
2013-03-05	12672.0	4594.0	5563.0	8014.0	6982.0	52.0	115.0	98.3	66.9	99.5	86.6
2013-03-12	11261.0	2285.0	5386.0	7797.0	4599.0	35.0	132.0	88.0	63.8	89.5	80.3
2013-03-19	8647.0	1496.0	5418.0	7092.0	3102.0	42.0	110.0	97.4	78.5	99.3	92.5
2013-03-26	8614.0	1465.0	5336.0	7097.0	3096.0	31.0	161.0	97.4	78.7	99.4	92.5
2013-04-02	9367.0	2130.0	5336.0	7156.0	3853.0	60.0	157.0	96.9	73.5	99.1	90.9
2013-04-09	8625.0	686.0	4771.0	7849.0	3690.0	64.0	138.0	94.7	70.1	98.4	88.9
2013-04-16	8436.0	495.0	4274.0	7814.0	3992.0	90.0	133.0	96.2	65.8	98.5	85.3
2013-04-23	8720.0	532.0	4563.0	8032.0	3983.0	119.0	137.0	95.3	63.8	97.8	85.9
2013-04-30	8741.0	597.0	5064.0	7987.0	3505.0	120.0	135.0	95.2	63.1	97.8	85.4
2013-05-07	8767.0	600.0	4726.0	7993.0	3846.0	130.0	151.0	95.0	63.1	98.0	85.1
2013-05-14	8760.0	889.0	4771.0	7706.0	3819.0	121.0	126.0	94.1	76.7	97.7	90.2
2013-05-21	10740.0	2830.0	6585.0	7780.0	3974.0	86.0	137.0	96.8	79.9	98.5	91.4
2013-05-28	13701.0	3283.0	6847.0	10311.0	4205.0	78.0	2620.0	97.1	67.6	98.8	76.6
2013-06-04	11254.0	3240.0	6465.0	7844.0	4552.0	77.0	144.0	98.0	80.5	98.5	92.6
