2008-09-23	52881.0	22857.0	10240.0	29178.0	42195.0	416.0	16.0	72.6	83.9	80.9	85.2
2008-09-30	55562.0	24888.0	9284.0	29879.0	45616.0	305.0	172.0	68.5	81.9	78.3	83.9
2008-10-07	56172.0	26486.0	6760.0	28841.0	48784.0	310.0	93.0	76.4	90.0	86.1	91.6
2008-10-14	56056.0	26723.0	6748.0	27649.0	48131.0	578.0	71.0	74.7	88.9	84.8	90.2
2008-10-21	58798.0	28069.0	7500.0	29094.0	49973.0	492.0	182.0	76.2	88.2	85.8	90.4
2008-10-28	60107.0	30864.0	6562.0	27764.0	52358.0	361.0	69.0	78.2	90.0	86.4	91.3
2008-11-04	56351.0	29832.0	4327.0	25092.0	50835.0	350.0	112.0	77.6	89.8	87.0	91.6
2008-11-11	59506.0	32352.0	4176.0	25728.0	54105.0	283.0	82.0	74.6	88.8	86.2	92.1
2008-11-18	63140.0	33576.0	4555.0	28043.0	57376.0	379.0	67.0	72.7	90.1	84.7	91.4
2008-11-25	69788.0	41751.0	3724.0	25672.0	63373.0	330.0	656.0	71.7	83.7	81.2	84.8
2008-12-02	68274.0	42268.0	4091.0	24151.0	62509.0	263.0	82.0	77.3	87.8	84.8	89.0
2008-12-09	68633.0	40432.0	3770.0	25202.0	62086.0	1331.0	1109.0	70.7	80.0	77.9	82.8
2008-12-16	54298.0	32244.0	3549.0	20207.0	49093.0	246.0	55.0	73.6	86.5	83.5	89.6
2008-12-22	53176.0	31680.0	864.0	19543.0	50559.0	245.0	45.0	74.2	85.5	83.9	88.7
2008-12-30	50407.0	31708.0	1037.0	16759.0	47666.0	289.0	53.0	70.7	81.5	80.9	86.1
2009-01-06	50166.0	31429.0	1144.0	16706.0	47328.0	368.0	31.0	70.2	79.0	79.2	83.5
2009-01-13	48446.0	24126.0	948.0	18582.0	42344.0	4036.0	3452.0	54.7	75.7	72.6	80.4
2009-01-20	43827.0	15898.0	1192.0	25405.0	40890.0	812.0	33.0	55.3	75.0	71.8	80.4
2009-01-27	37562.0	12603.0	1033.0	22581.0	34820.0	737.0	68.0	56.8	79.2	73.9	82.8
2009-02-03	36922.0	10748.0	1157.0	23388.0	33802.0	1145.0	322.0	58.6	80.9	73.6	85.0
2009-02-10	36053.0	10950.0	1068.0	20904.0	32828.0	2552.0	510.0	53.2	80.7	69.0	84.7
2009-02-17	36229.0	10974.0	1674.0	21118.0	32624.0	2347.0	141.0	50.2	79.4	66.1	83.1
2009-02-24	36006.0	9496.0	1204.0	21779.0	32191.0	2284.0	164.0	51.6	71.8	66.0	76.0
2009-03-03	36819.0	9739.0	1350.0	24946.0	33232.0	135.0	238.0	53.0	72.6	68.8	76.1
2009-03-10	35796.0	9995.0	1454.0	22634.0	31091.0	777.0	861.0	55.8	75.0	72.2	79.4
2009-03-17	18981.0	10558.0	937.0	8138.0	17728.0	123.0	154.0	54.4	78.1	76.8	83.9
2009-03-24	27759.0	12005.0	968.0	15270.0	26353.0	186.0	140.0	67.8	84.7	84.6	93.1
2009-03-31	22218.0	8936.0	1090.0	11253.0	19287.0	245.0	57.0	57.7	70.7	73.9	82.0
2009-04-07	27420.0	8760.0	1355.0	17387.0	25059.0	325.0	58.0	66.1	77.7	78.4	83.2
2009-04-14	23510.0	2103.0	1194.0	20910.0	22017.0	261.0	63.0	65.9	72.7	78.4	79.7
2009-04-21	25346.0	3315.0	990.0	21536.0	24038.0	245.0	68.0	62.5	67.9	80.5	86.1
2009-04-28	35325.0	2750.0	1270.0	32361.0	33932.0	145.0	54.0	79.1	84.5	89.5	94.5
2009-05-05	35544.0	2739.0	356.0	32662.0	35075.0	94.0	64.0	79.5	85.3	90.4	94.8
2009-05-12	34421.0	3907.0	166.0	30248.0	34067.0	217.0	139.0	76.0	89.2	90.3	96.2
2009-05-19	32071.0	3332.0	329.0	28541.0	31562.0	198.0	180.0	80.2	85.6	92.3	94.2
2009-05-26	28363.0	2605.0	166.0	24478.0	27195.0	362.0	84.0	74.6	78.8	85.2	87.5
2009-06-02	27259.0	2301.0	229.0	24225.0	26345.0	596.0	548.0	62.3	76.3	77.8	80.5
2009-06-09	49610.0	1799.0	585.0	47384.0	48619.0	104.0	83.0	57.3	63.5	65.5	66.4
2009-06-16	40360.0	3372.0	949.0	36917.0	39155.0	71.0	256.0	74.3	84.2	87.6	87.9
2009-06-23	40065.0	2686.0	1129.0	37306.0	38659.0	73.0	277.0	72.5	82.3	87.5	87.9
2009-06-30	32319.0	8685.0	266.0	23389.0	31691.0	104.0	221.0	61.4	81.4	81.6	85.4
2009-07-07	33766.0	7894.0	375.0	24847.0	32466.0	194.0	94.0	68.3	79.6	79.8	83.2
2009-07-14	34255.0	7779.0	910.0	25259.0	32244.0	212.0	96.0	69.9	75.3	80.8	81.6
2009-07-21	32772.0	7885.0	254.0	23647.0	31404.0	258.0	132.0	52.8	63.7	63.5	66.9
2009-07-28	30336.0	8031.0	224.0	21016.0	28863.0	226.0	186.0	60.1	64.1	68.0	69.4
2009-08-04	30843.0	7424.0	781.0	22350.0	29031.0	220.0	182.0	55.9	63.7	66.3	67.9
2009-08-11	37506.0	6372.0	369.0	29997.0	35842.0	83.0	241.0	53.0	57.9	60.4	60.7
2009-08-18	32245.0	5013.0	327.0	26024.0	30585.0	67.0	192.0	56.9	64.3	68.1	68.5
2009-08-25	30105.0	4040.0	285.0	24808.0	28661.0	227.0	129.0	52.0	62.6	64.1	66.9
2009-09-01	29871.0	3795.0	786.0	24830.0	27925.0	210.0	124.0	49.5	57.0	61.6	62.3
2009-09-08	38657.0	4406.0	263.0	32769.0	37009.0	446.0	349.0	39.4	48.6	49.8	52.1
2009-09-15	29178.0	4715.0	652.0	24286.0	28515.0	177.0	11.0	66.2	78.6	81.1	83.0
2009-09-22	29290.0	3852.0	159.0	25263.0	29076.0	150.0	30.0	61.3	77.4	77.6	80.2
2009-09-29	31022.0	5802.0	265.0	25012.0	30695.0	183.0	37.0	56.9	77.9	77.3	80.7
2009-10-06	31700.0	4784.0	545.0	26676.0	31096.0	215.0	34.0	60.8	77.9	79.3	80.9
2009-10-13	32438.0	7131.0	1011.0	25050.0	31352.0	232.0	50.0	61.0	76.8	78.7	80.9
2009-10-20	37617.0	8370.0	232.0	29023.0	37316.0	199.0	44.0	61.3	81.3	80.3	83.9
2009-10-27	38780.0	7634.0	710.0	30818.0	37877.0	171.0	36.0	63.9	80.2	80.0	84.0
2009-11-03	40106.0	7330.0	377.0	32454.0	39495.0	169.0	81.0	64.3	81.6	79.7	84.4
2009-11-09	41767.0	7936.0	439.0	33499.0	41120.0	179.0	55.0	60.9	82.1	79.0	84.7
2009-11-17	36215.0	7510.0	680.0	28490.0	35431.0	193.0	82.0	75.8	93.4	93.7	97.1
2009-11-24	38720.0	6508.0	864.0	31667.0	37453.0	523.0	381.0	78.4	92.8	94.6	96.0
2009-12-01	37855.0	5711.0	251.0	31569.0	37178.0	487.0	338.0	76.2	93.5	91.8	96.1
2009-12-08	38228.0	3924.0	819.0	33567.0	36839.0	467.0	300.0	82.2	92.1	93.7	96.1
2009-12-15	14290.0	3553.0	123.0	10576.0	14122.0	161.0	45.0	72.1	85.4	91.8	94.9
2009-12-22	14004.0	3075.0	1052.0	10539.0	12641.0	390.0	311.0	70.9	76.3	91.9	90.4
2009-12-29	13303.0	2389.0	1010.0	10632.0	12073.0	282.0	220.0	78.9	77.0	92.7	90.4
2010-01-05	14554.0	2337.0	83.0	12133.0	14363.0	84.0	108.0	77.8	80.9	91.9	93.7
2010-01-12	18427.0	1982.0	651.0	16370.0	17701.0	75.0	75.0	75.5	80.6	94.6	91.6
2010-01-19	23950.0	3186.0	166.0	20571.0	23687.0	193.0	97.0	75.6	81.3	92.2	94.3
2010-01-26	22780.0	3463.0	362.0	19116.0	22298.0	201.0	120.0	73.8	77.0	92.5	90.8
2010-02-02	21218.0	5045.0	349.0	15968.0	20743.0	205.0	126.0	65.4	68.3	83.7	82.9
2010-02-09	18079.0	5388.0	808.0	12509.0	17130.0	182.0	141.0	64.5	64.5	88.1	84.1
2010-02-16	19412.0	7039.0	1568.0	12162.0	17696.0	211.0	148.0	69.1	59.8	91.0	79.5
2010-02-23	23144.0	4683.0	908.0	18256.0	20617.0	205.0	1619.0	67.3	51.1	83.3	67.9
2010-03-02	24579.0	7362.0	2327.0	16762.0	21704.0	244.0	337.0	55.0	47.6	71.3	63.2
2010-03-09	25611.0	7551.0	1727.0	17327.0	23246.0	259.0	164.0	61.8	57.1	74.9	70.0
2010-03-16	22166.0	6107.0	2127.0	15786.0	19856.0	273.0	183.0	68.3	66.1	86.1	81.3
2010-03-23	23088.0	5896.0	1153.0	16835.0	21702.0	307.0	183.0	66.7	63.3	81.0	78.1
2010-03-30	23612.0	4552.0	1466.0	18723.0	21874.0	287.0	222.0	68.0	69.5	82.6	80.6
2010-04-06	24064.0	3278.0	1926.0	20411.0	21873.0	303.0	193.0	61.7	61.2	80.2	74.3
2010-04-13	25904.0	1701.0	1779.0	23830.0	23909.0	373.0	216.0	63.4	63.5	78.3	75.2
2010-04-20	27531.0	3355.0	1311.0	23690.0	25939.0	414.0	209.0	54.9	59.9	72.2	69.8
2010-04-27	28825.0	3526.0	1110.0	24137.0	26701.0	1008.0	860.0	56.0	57.5	72.8	69.3
2010-05-04	30650.0	4117.0	1431.0	25361.0	28225.0	1018.0	840.0	59.0	59.3	74.7	70.8
2010-05-11	32525.0	3145.0	1576.0	28136.0	29856.0	1090.0	939.0	65.2	61.9	79.5	73.1
2010-05-18	32555.0	3799.0	826.0	26897.0	30030.0	1705.0	1545.0	65.0	60.4	75.0	70.7
2010-05-25	38971.0	4166.0	1472.0	33728.0	36664.0	1077.0	835.0	69.6	65.6	79.7	74.4
2010-06-01	40021.0	4000.0	2311.0	35228.0	37156.0	793.0	554.0	69.8	61.7	77.9	70.5
2010-06-08	45155.0	4505.0	2560.0	39719.0	41975.0	931.0	620.0	61.6	53.4	68.0	63.7
2010-06-15	30776.0	3796.0	2045.0	26676.0	28598.0	304.0	133.0	94.2	76.0	98.2	90.3
2010-06-22	31402.0	4233.0	2740.0	26914.0	28579.0	255.0	83.0	90.9	72.5	96.0	88.5
2010-06-29	32784.0	2719.0	4110.0	29820.0	28575.0	245.0	99.0	90.0	74.4	97.2	89.1
2010-07-06	32698.0	3057.0	3155.0	29336.0	29435.0	305.0	108.0	88.8	75.4	96.3	89.8
2010-07-13	31397.0	1967.0	4148.0	29114.0	27112.0	316.0	137.0	91.4	73.7	97.9	88.8
2010-07-20	33327.0	2745.0	3078.0	30290.0	30119.0	272.0	110.0	89.8	77.0	97.1	90.5
2010-07-27	34982.0	3469.0	2743.0	31210.0	32137.0	283.0	82.0	90.7	76.1	97.6	89.7
2010-08-03	38591.0	1850.0	995.0	36468.0	37515.0	253.0	61.0	95.7	77.5	98.6	89.6
2010-08-10	41353.0	2012.0	2353.0	38962.0	38865.0	359.0	115.0	95.3	71.8	98.1	88.2
2010-08-17	40560.0	1657.0	3505.0	38408.0	36723.0	245.0	82.0	94.5	69.3	96.8	87.4
2010-08-24	41638.0	1888.0	4653.0	39157.0	36505.0	253.0	140.0	91.0	68.9	93.8	86.1
2010-08-31	41078.0	2054.0	4050.0	38492.0	36632.0	282.0	146.0	90.7	69.2	94.2	86.6
2010-09-07	40906.0	1337.0	3475.0	39117.0	36827.0	192.0	344.0	91.4	68.3	94.3	85.7
2010-09-14	33802.0	1670.0	2819.0	31982.0	30771.0	150.0	212.0	95.9	73.4	98.8	88.2
2010-09-21	35057.0	1716.0	2601.0	33099.0	32381.0	242.0	75.0	96.1	70.0	98.8	88.2
2010-09-28	35851.0	1630.0	2615.0	33938.0	33047.0	283.0	189.0	92.8	68.6	96.2	86.7
2010-10-05	39080.0	2144.0	2513.0	36576.0	36490.0	360.0	77.0	87.7	70.5	93.3	85.8
2010-10-12	41014.0	2229.0	1000.0	38516.0	39888.0	269.0	126.0	88.4	74.6	93.6	86.6
2010-10-19	42757.0	2026.0	1148.0	40365.0	41430.0	366.0	179.0	88.7	74.9	93.7	86.0
2010-10-26	44352.0	2046.0	2475.0	42017.0	41647.0	289.0	230.0	88.6	70.9	93.7	83.9
2010-11-02	46000.0	1800.0	3981.0	43747.0	41770.0	453.0	249.0	87.6	67.3	92.0	82.7
2010-11-09	44100.0	2363.0	4388.0	40958.0	39363.0	529.0	99.0	83.5	62.6	87.8	80.8
2010-11-16	46732.0	729.0	3295.0	45422.0	42880.0	284.0	260.0	84.4	62.8	86.7	78.6
2010-11-23	50701.0	460.0	2827.0	49221.0	46858.0	321.0	317.0	84.1	65.0	85.6	78.4
2010-11-30	58174.0	677.0	2489.0	55134.0	53732.0	490.0	80.0	79.5	61.6	81.0	75.4
2010-12-07	64308.0	627.0	2137.0	60431.0	58994.0	223.0	150.0	79.3	62.8	80.5	74.9
2010-12-14	40088.0	3184.0	1391.0	36771.0	38390.0	133.0	307.0	97.1	79.9	99.2	91.1
2010-12-21	38980.0	3256.0	835.0	35245.0	37860.0	479.0	285.0	96.5	78.4	98.5	91.9
2010-12-28	41158.0	4278.0	1055.0	36573.0	39924.0	307.0	179.0	97.3	78.1	99.1	91.7
2011-01-04	44016.0	4137.0	1185.0	39804.0	42627.0	75.0	204.0	97.3	75.4	99.6	91.8
2011-01-11	42554.0	2630.0	1724.0	39842.0	40392.0	82.0	438.0	95.1	71.4	96.7	87.1
2011-01-18	48263.0	3213.0	1934.0	44480.0	45908.0	570.0	421.0	85.0	63.9	87.5	79.7
2011-01-25	50580.0	3184.0	1698.0	47153.0	48392.0	243.0	490.0	81.5	57.9	84.0	76.4
2011-02-01	55615.0	2398.0	2060.0	52888.0	53376.0	329.0	179.0	80.7	60.0	82.9	76.2
2011-02-08	53898.0	1615.0	1277.0	52042.0	52494.0	241.0	127.0	76.3	59.9	78.5	73.1
2011-02-15	49316.0	191.0	1009.0	48732.0	48109.0	377.0	182.0	69.8	53.6	70.0	63.9
2011-02-22	47125.0	1316.0	948.0	45361.0	46064.0	448.0	113.0	66.9	54.8	68.5	64.4
2011-03-01	47335.0	727.0	930.0	46310.0	45997.0	78.0	188.0	67.3	54.6	69.0	64.9
2011-03-08	47152.0	1016.0	1559.0	45126.0	44517.0	136.0	202.0	64.8	55.1	67.2	62.7
2011-03-15	29233.0	2399.0	1495.0	26606.0	27602.0	228.0	136.0	97.0	77.3	98.8	90.6
2011-03-22	28898.0	2974.0	1387.0	25342.0	27482.0	582.0	29.0	93.9	76.1	97.6	90.6
2011-03-29	28480.0	1159.0	1753.0	27161.0	26588.0	160.0	139.0	97.2	76.6	99.1	88.8
2011-04-05	28465.0	1205.0	1536.0	26975.0	26697.0	285.0	232.0	97.4	75.6	98.8	90.4
2011-04-12	28609.0	1317.0	1871.0	27171.0	26147.0	121.0	591.0	98.5	75.1	99.4	89.3
2011-04-19	29131.0	1527.0	820.0	26864.0	26269.0	186.0	1488.0	95.0	72.6	97.0	85.8
2011-04-26	27679.0	2148.0	1096.0	25254.0	26196.0	277.0	387.0	95.5	75.6	98.1	90.6
2011-05-03	27935.0	3065.0	1158.0	24620.0	26707.0	250.0	70.0	94.2	77.9	97.8	91.5
2011-05-10	28229.0	3404.0	1080.0	24546.0	27086.0	279.0	63.0	92.9	76.4	97.2	91.4
2011-05-17	28564.0	3555.0	1430.0	24614.0	27103.0	395.0	31.0	90.7	72.0	97.1	90.3
2011-05-24	28745.0	3097.0	869.0	25230.0	27787.0	380.0	51.0	90.8	70.5	95.9	90.8
2011-05-31	28377.0	4357.0	1058.0	23578.0	27182.0	326.0	21.0	90.6	71.5	96.1	91.1
2011-06-07	28683.0	3276.0	482.0	23726.0	26762.0	288.0	46.0	85.0	68.1	91.4	88.2
2011-06-14	25616.0	3433.0	557.0	21830.0	24948.0	353.0	111.0	92.1	70.2	96.9	91.6
2011-06-21	22857.0	4663.0	623.0	17862.0	22135.0	332.0	99.0	85.0	75.7	94.1	90.8
2011-06-28	25566.0	5188.0	833.0	20062.0	24653.0	316.0	80.0	85.5	74.6	95.8	90.7
2011-07-05	25408.0	4542.0	1488.0	20608.0	23850.0	258.0	70.0	89.0	71.2	97.9	89.1
2011-07-12	22659.0	5608.0	957.0	16781.0	21632.0	267.0	67.0	85.0	72.3	93.1	89.6
2011-07-19	24445.0	5036.0	1560.0	19135.0	22810.0	271.0	72.0	88.6	69.4	96.6	88.6
2011-07-26	24661.0	5211.0	1509.0	19150.0	23066.0	279.0	65.0	85.7	70.2	95.1	88.8
2011-08-02	23523.0	5195.0	1951.0	18026.0	21504.0	302.0	68.0	85.8	67.8	95.1	85.8
2011-08-09	21570.0	4079.0	1657.0	17216.0	19866.0	275.0	47.0	88.6	67.8	96.4	86.8
2011-08-16	21228.0	3021.0	1569.0	17966.0	19614.0	241.0	45.0	88.6	71.2	96.3	89.2
2011-08-23	20716.0	2858.0	1316.0	17529.0	19331.0	325.0	65.0	90.1	77.5	96.5	91.0
2011-08-30	21226.0	3313.0	1253.0	17633.0	19892.0	276.0	77.0	90.1	76.2	95.8	91.3
2011-09-06	22469.0	3616.0	1283.0	18383.0	20928.0	263.0	51.0	91.3	77.0	95.3	89.4
2011-09-13	21103.0	1706.0	695.0	19154.0	20340.0	243.0	68.0	93.5	79.8	97.6	90.7
2011-09-20	15557.0	1480.0	435.0	13749.0	15074.0	328.0	48.0	94.1	80.0	97.2	93.0
2011-09-27	14823.0	514.0	1125.0	14046.0	13640.0	263.0	58.0	94.8	73.7	97.1	90.2
2011-10-04	14434.0	859.0	770.0	13244.0	13539.0	331.0	125.0	90.1	75.1	96.1	89.8
2011-10-11	13538.0	967.0	904.0	12239.0	12484.0	332.0	150.0	90.7	74.0	96.1	89.8
2011-10-18	14276.0	1790.0	450.0	12218.0	13684.0	268.0	142.0	86.7	77.1	95.1	91.1
2011-10-25	14135.0	1124.0	455.0	12718.0	13525.0	293.0	155.0	91.1	74.5	96.4	90.7
2011-11-01	14852.0	496.0	1652.0	14108.0	13065.0	248.0	135.0	95.7	67.6	97.9	84.7
2011-11-08	15638.0	1301.0	2042.0	14055.0	13413.0	282.0	183.0	90.9	69.6	96.6	90.3
2011-11-15	15062.0	904.0	1309.0	13827.0	13609.0	331.0	144.0	94.0	71.3	96.9	89.9
2011-11-22	15028.0	721.0	1542.0	13994.0	13341.0	313.0	145.0	94.6	68.6	97.4	87.1
2011-11-29	15572.0	752.0	1568.0	13830.0	13209.0	395.0	200.0	90.8	64.8	93.0	83.7
2011-12-06	13769.0	846.0	1326.0	12515.0	12246.0	408.0	197.0	92.4	66.2	95.2	83.9
2011-12-13	14300.0	842.0	909.0	12105.0	12213.0	384.0	209.0	84.9	65.7	87.9	79.1
2011-12-20	12415.0	1022.0	839.0	10983.0	11350.0	410.0	226.0	88.3	73.4	93.7	86.6
2011-12-27	11939.0	891.0	579.0	10689.0	11171.0	359.0	189.0	91.2	76.4	95.0	88.8
2012-01-03	12322.0	1186.0	794.0	10695.0	11339.0	441.0	189.0	87.5	75.0	93.8	87.1
2012-01-10	12283.0	1389.0	2305.0	10480.0	9785.0	414.0	193.0	88.2	70.5	93.2	86.4
2012-01-17	12428.0	2048.0	1767.0	9989.0	10466.0	391.0	195.0	83.3	69.9	91.5	85.7
2012-01-24	12575.0	2285.0	1556.0	9974.0	10902.0	316.0	117.0	82.9	70.3	92.4	86.4
2012-01-31	13572.0	1109.0	1783.0	12197.0	11665.0	266.0	124.0	92.6	67.2	96.9	82.6
2012-02-07	13177.0	2079.0	1043.0	10841.0	12010.0	257.0	124.0	88.7	69.6	96.3	83.9
2012-02-14	12690.0	2361.0	489.0	10082.0	12039.0	247.0	162.0	88.9	72.6	97.2	87.4
2012-02-21	12935.0	2715.0	911.0	9954.0	11978.0	266.0	46.0	89.0	70.2	97.3	84.5
2012-02-28	12017.0	3045.0	564.0	8708.0	11345.0	252.0	96.0	87.3	68.9	97.2	85.1
2012-03-06	11456.0	3165.0	1169.0	7238.0	9049.0	239.0	424.0	79.2	57.8	90.2	73.1
2012-03-13	8535.0	2537.0	482.0	5710.0	7961.0	288.0	92.0	83.7	65.5	94.7	84.4
2012-03-20	7047.0	2030.0	353.0	4846.0	6594.0	171.0	100.0	89.0	68.6	97.2	86.0
2012-03-27	7559.0	1846.0	826.0	5590.0	6636.0	123.0	97.0	88.1	61.5	97.4	79.6
2012-04-03	8144.0	825.0	1079.0	7166.0	6982.0	153.0	83.0	93.0	61.2	97.6	78.1
2012-04-10	7922.0	1516.0	1061.0	6207.0	6764.0	199.0	97.0	82.9	60.4	94.3	77.1
2012-04-17	8600.0	2262.0	1513.0	6136.0	7035.0	202.0	52.0	84.6	57.9	95.3	77.6
2012-04-24	8662.0	1656.0	1468.0	6747.0	7124.0	259.0	70.0	84.1	56.2	95.2	75.5
2012-05-01	8475.0	1268.0	722.0	6933.0	7701.0	274.0	52.0	87.7	61.4	94.5	79.5
2012-05-08	8485.0	1334.0	590.0	6890.0	7843.0	261.0	52.0	87.6	62.5	94.3	81.3
2012-05-15	8647.0	1130.0	690.0	7266.0	7879.0	251.0	78.0	93.3	62.8	96.2	80.8
2012-05-22	9041.0	1816.0	1456.0	6975.0	7545.0	250.0	40.0	89.6	58.9	95.0	81.1
2012-05-29	9640.0	2415.0	2165.0	6912.0	7439.0	306.0	29.0	84.2	62.8	93.8	83.7
2012-06-05	12076.0	3160.0	2696.0	7423.0	8174.0	312.0	25.0	73.6	57.1	83.2	75.2
2012-06-12	11373.0	1803.0	1793.0	8855.0	8987.0	254.0	132.0	87.4	57.4	92.7	76.4
2012-06-19	9308.0	2060.0	1649.0	6961.0	7612.0	287.0	47.0	86.8	58.4	95.4	78.0
2012-06-26	11114.0	1800.0	3787.0	8989.0	7270.0	325.0	57.0	91.2	63.5	95.4	79.8
2012-07-03	12313.0	2017.0	3410.0	9945.0	8835.0	351.0	68.0	91.6	67.1	96.1	82.4
2012-07-10	12084.0	1763.0	2917.0	9945.0	9105.0	376.0	62.0	91.5	64.2	96.5	79.6
2012-07-17	12098.0	1793.0	3448.0	9947.0	8625.0	358.0	25.0	91.4	66.7	96.6	82.4
2012-07-24	14214.0	1923.0	3515.0	11973.0	10674.0	318.0	25.0	89.6	65.2	97.0	81.4
2012-07-31	14378.0	2198.0	3207.0	11868.0	11127.0	312.0	44.0	87.8	69.3	96.4	85.4
2012-08-07	15038.0	2256.0	2342.0	12474.0	12664.0	308.0	32.0	88.1	70.3	96.0	86.0
2012-08-14	14946.0	2205.0	3258.0	12469.0	11647.0	272.0	41.0	89.0	70.0	97.1	85.5
2012-08-21	14738.0	2227.0	3203.0	12227.0	11503.0	284.0	32.0	88.7	71.2	96.4	86.6
2012-08-28	14524.0	1888.0	2977.0	12292.0	11305.0	243.0	141.0	90.3	73.1	96.5	87.7
2012-09-04	14645.0	1792.0	2818.0	12336.0	11480.0	194.0	24.0	90.1	70.8	96.2	85.7
2012-09-11	16022.0	1697.0	1552.0	12387.0	12695.0	202.0	39.0	82.3	64.9	87.3	78.7
2012-09-18	13415.0	1648.0	2091.0	11589.0	11276.0	178.0	48.0	95.0	71.1	98.4	89.0
2012-09-25	13546.0	1668.0	1401.0	11616.0	12088.0	262.0	57.0	93.7	69.7	97.8	86.3
2012-10-02	13560.0	1785.0	1371.0	11490.0	12149.0	285.0	40.0	92.5	69.6	96.7	86.6
2012-10-09	13961.0	2244.0	1929.0	11463.0	11994.0	254.0	38.0	90.9	67.7	96.8	87.3
2012-10-16	13631.0	1683.0	1493.0	11676.0	12101.0	272.0	37.0	94.4	68.6	97.3	84.7
2012-10-23	13694.0	1655.0	1588.0	11758.0	12075.0	281.0	31.0	94.5	69.1	97.4	88.4
2012-10-30	13969.0	1781.0	1802.0	11900.0	12112.0	288.0	55.0	93.0	67.9	96.6	86.8
2012-11-06	14020.0	1450.0	2276.0	12331.0	11690.0	239.0	54.0	94.9	59.6	97.8	80.4
2012-11-13	14047.0	1412.0	2334.0	12337.0	11674.0	298.0	39.0	94.2	56.6	97.0	77.1
2012-11-20	13606.0	1111.0	2102.0	12239.0	11455.0	256.0	49.0	95.0	56.0	97.6	77.7
2012-11-27	13198.0	753.0	1609.0	12176.0	11484.0	257.0	93.0	95.1	58.0	97.4	79.6
2012-12-04	13293.0	809.0	1514.0	12114.0	11598.0	249.0	60.0	94.2	58.0	96.1	79.4
2012-12-11	12695.0	896.0	1377.0	11022.0	10654.0	184.0	71.0	92.0	58.5	93.6	81.5
2012-12-18	8209.0	1026.0	1306.0	6999.0	6874.0	184.0	29.0	94.3	63.1	97.3	87.0
2012-12-24	8192.0	687.0	1276.0	7325.0	6882.0	180.0	34.0	95.5	62.9	97.3	87.1
2012-12-31	7804.0	356.0	1339.0	7298.0	6438.0	150.0	27.0	97.5	66.1	97.5	86.9
2013-01-08	7812.0	373.0	1307.0	7303.0	6445.0	136.0	60.0	97.3	66.3	97.7	87.0
2013-01-15	7679.0	296.0	1468.0	7245.0	6183.0	138.0	28.0	97.6	66.3	97.6	85.7
2013-01-22	7032.0	229.0	1054.0	6610.0	5937.0	193.0	41.0	96.6	70.4	96.6	87.5
2013-01-29	6562.0	224.0	606.0	6201.0	5914.0	137.0	42.0	95.9	74.6	97.3	90.9
2013-02-05	6592.0	458.0	626.0	6006.0	5931.0	128.0	35.0	95.4	74.7	97.4	90.7
2013-02-12	6563.0	449.0	666.0	5978.0	5871.0	136.0	26.0	95.3	74.2	97.3	90.2
2013-02-19	6526.0	267.0	511.0	6149.0	5960.0	110.0	55.0	94.5	75.8	97.7	92.1
2013-02-26	6865.0	470.0	916.0	6280.0	5884.0	115.0	65.0	94.8	71.0	97.7	90.6
2013-03-05	6976.0	504.0	886.0	6358.0	6014.0	114.0	76.0	93.4	70.4	97.8	89.1
2013-03-26	3100.0	324.0	630.0	2700.0	2450.0	76.0	20.0	93.5	63.7	96.3	87.8
2013-04-09	3302.0	367.0	1016.0	2806.0	2225.0	129.0	61.0	89.2	64.2	95.0	88.1
2013-04-16	3470.0	455.0	1161.0	2859.0	2242.0	156.0	67.0	87.1	66.7	94.5	89.3
2013-04-23	3703.0	686.0	1466.0	2890.0	2188.0	127.0	49.0	81.4	69.2	93.8	90.4
2013-04-30	3495.0	684.0	1331.0	2700.0	2104.0	111.0	60.0	84.4	70.4	94.9	92.6
2013-05-14	3434.0	841.0	724.0	2432.0	2657.0	161.0	53.0	88.9	66.5	94.3	88.6
2013-05-28	4264.0	1209.0	1191.0	2967.0	3027.0	88.0	46.0	94.9	66.7	97.2	88.8
