2009-07-21	6253.0	4390.0	4972.0	1688.0	1249.0	175.0	32.0	75.1	87.6	93.6	99.0
2009-07-28	6525.0	4390.0	5042.0	1695.0	1481.0	440.0	2.0	72.0	87.6	89.8	99.5
2009-08-18	8352.0	6472.0	5144.0	1746.0	3205.0	134.0	3.0	76.3	92.8	93.5	100.0
2009-08-25	8444.0	6578.0	5236.0	1736.0	3207.0	130.0	1.0	75.4	93.0	93.6	100.0
2009-09-01	9050.0	6522.0	5267.0	2398.0	3782.0	130.0	1.0	73.2	93.1	91.4	100.0
2009-09-08	8877.0	6516.0	5167.0	2234.0	3710.0	127.0	0.0	74.0	93.0	91.3	100.0
2009-09-29	10168.0	8027.0	8406.0	2009.0	1741.0	132.0	21.0	81.8	98.0	96.1	99.5
2009-11-09	11348.0	8530.0	8972.0	1720.0	2263.0	1098.0	113.0	77.3	93.5	87.7	99.0
2009-11-17	11483.0	8648.0	9151.0	1737.0	2218.0	1098.0	114.0	77.5	93.1	87.9	99.0
2009-11-24	12262.0	9139.0	9425.0	1959.0	2829.0	1164.0	8.0	78.2	93.9	88.1	99.5
2009-12-01	12456.0	9323.0	9523.0	1982.0	2933.0	1151.0	0.0	78.4	93.9	88.1	99.6
2009-12-08	12434.0	9605.0	9537.0	1658.0	2893.0	1171.0	4.0	77.2	93.7	87.8	99.5
2009-12-15	15144.0	9883.0	9779.0	1658.0	2929.0	1276.0	109.0	63.9	79.5	73.2	83.9
2009-12-22	12869.0	9935.0	12052.0	1568.0	715.0	1366.0	102.0	75.0	97.3	86.1	99.2
2009-12-29	12802.0	9904.0	12066.0	1531.0	635.0	1367.0	101.0	74.9	97.2	86.0	99.2
2010-01-05	13009.0	9714.0	12331.0	1928.0	577.0	1367.0	101.0	72.4	96.3	86.0	99.2
2010-01-12	12842.0	9495.0	12102.0	1970.0	640.0	1377.0	100.0	73.5	96.0	86.1	99.2
2010-01-19	12502.0	9337.0	11818.0	2174.0	584.0	991.0	100.0	76.5	96.2	88.8	99.2
2010-02-02	13355.0	9657.0	12689.0	3105.0	566.0	593.0	100.0	78.7	97.3	92.1	99.3
2010-02-09	12671.0	8502.0	12556.0	3771.0	90.0	398.0	25.0	73.3	98.6	91.4	99.8
2010-02-16	12683.0	8374.0	12563.0	3911.0	117.0	398.0	3.0	73.8	98.5	92.2	100.0
2010-02-23	12683.0	8418.0	12563.0	3866.0	117.0	399.0	3.0	74.3	98.5	92.0	100.0
2010-03-02	12766.0	8560.0	12646.0	3807.0	117.0	399.0	3.0	74.5	98.6	91.4	100.0
2010-03-16	24413.0	8569.0	12738.0	11724.0	7958.0	3948.0	3545.0	39.4	51.9	48.3	52.4
2010-05-18	10352.0	6682.0	2335.0	3303.0	7973.0	367.0	44.0	65.7	95.9	92.4	99.6
2010-06-15	11407.0	4484.0	1561.0	4594.0	8024.0	1588.0	1081.0	56.4	81.8	75.4	83.6
2010-08-10	5151.0	3255.0	1868.0	1819.0	3246.0	77.0	37.0	63.4	96.0	88.6	99.3
2010-08-17	5155.0	3248.0	1454.0	1819.0	3664.0	88.0	37.0	63.4	94.6	88.9	99.3
2010-10-05	4561.0	2646.0	2324.0	1578.0	2159.0	296.0	37.0	62.2	93.6	87.7	98.3
2010-10-12	4679.0	2814.0	2449.0	1720.0	2147.0	99.0	37.0	63.6	94.0	89.5	98.2
2010-12-07	5547.0	3397.0	3139.0	1983.0	2314.0	130.0	57.0	65.1	89.2	89.1	98.3
2010-12-14	6879.0	3269.0	3283.0	3155.0	3209.0	414.0	346.0	52.4	73.9	72.1	78.5
2011-01-11	5065.0	3236.0	1776.0	1524.0	3238.0	268.0	14.0	73.9	93.3	91.1	99.0
2011-01-18	5092.0	3464.0	1776.0	1510.0	3260.0	81.0	19.0	73.3	92.7	91.9	98.9
2011-01-25	5126.0	3450.0	1766.0	1588.0	3290.0	51.0	33.0	74.3	91.8	92.8	98.6
2011-02-01	5378.0	3601.0	2035.0	1669.0	3286.0	71.0	20.0	72.4	90.4	91.8	98.9
2011-02-08	5464.0	3611.0	2079.0	1721.0	3348.0	95.0	0.0	72.4	91.8	92.0	98.9
2011-02-15	5613.0	3783.0	2157.0	1721.0	3419.0	72.0	0.0	70.5	91.0	90.0	98.5
2011-02-22	5634.0	3804.0	2184.0	1721.0	3384.0	72.0	29.0	70.2	92.0	90.0	98.8
2011-03-08	6421.0	4557.0	2535.0	1737.0	3849.0	90.0	0.0	67.7	91.0	90.4	99.4
2011-03-15	10312.0	4498.0	2577.0	2713.0	4741.0	2610.0	2503.0	41.6	55.0	55.4	60.9
2011-03-22	8822.0	6498.0	4562.0	2223.0	4199.0	64.0	24.0	58.3	97.7	86.4	99.3
2011-03-29	9679.0	6319.0	3080.0	1748.0	5038.0	1575.0	1524.0	51.7	75.9	75.4	83.9
2011-04-05	8886.0	5594.0	1669.0	1674.0	5680.0	1581.0	1500.0	53.1	75.6	75.6	82.7
2011-04-12	8424.0	4556.0	1669.0	1704.0	5798.0	2127.0	920.0	45.2	81.7	67.5	88.6
2011-04-19	8543.0	4693.0	2006.0	1684.0	5580.0	2129.0	920.0	46.2	80.2	68.1	87.9
2011-04-26	8819.0	4979.0	2267.0	1674.0	5595.0	2129.0	920.0	46.7	78.7	68.1	87.4
2011-05-03	7523.0	4688.0	1472.0	1584.0	6014.0	1214.0	0.0	50.5	84.1	76.2	98.0
2011-05-10	8084.0	4597.0	1342.0	1584.0	6024.0	1194.0	9.0	44.9	80.3	68.6	89.7
2011-05-17	8001.0	4624.0	1330.0	1584.0	5999.0	1121.0	0.0	45.4	81.6	69.1	89.5
2011-05-24	8057.0	4626.0	1303.0	1559.0	5957.0	1200.0	125.0	44.7	81.1	68.3	90.1
2011-05-31	7957.0	4427.0	1337.0	1645.0	5828.0	1213.0	120.0	44.2	81.4	66.8	90.0
2011-06-07	7966.0	4442.0	1378.0	1643.0	5825.0	1209.0	91.0	43.9	81.8	67.6	90.3
2011-06-14	9072.0	4413.0	1430.0	1692.0	5790.0	1977.0	862.0	38.5	71.6	59.4	79.2
2011-06-28	6161.0	2938.0	1753.0	1818.0	3813.0	919.0	109.0	57.0	80.5	72.2	90.3
2011-07-05	6219.0	2998.0	1783.0	1814.0	3813.0	921.0	137.0	56.5	79.8	71.6	90.0
2011-07-12	6757.0	3540.0	2435.0	1842.0	3813.0	889.0	23.0	52.4	78.2	71.9	92.5
2011-07-19	6767.0	3646.0	2321.0	1911.0	3813.0	724.0	147.0	52.3	76.2	72.3	90.6
2011-07-26	6286.0	3070.0	1851.0	1985.0	3813.0	745.0	136.0	56.5	80.3	72.5	90.1
2011-08-02	6287.0	3523.0	1851.0	1699.0	3813.0	579.0	137.0	56.5	80.3	75.2	90.1
2011-08-09	10443.0	5713.0	5737.0	3619.0	3813.0	618.0	400.0	66.6	78.3	85.5	89.6
2011-08-16	10839.0	5788.0	6175.0	3647.0	3813.0	554.0	1.0	69.1	72.0	84.3	85.3
2011-08-23	12255.0	5246.0	6971.0	4976.0	3813.0	577.0	15.0	68.6	69.5	81.3	83.1
2011-08-30	12337.0	5364.0	7012.0	4907.0	3813.0	554.0	0.0	69.5	69.7	80.2	83.0
2011-09-06	11981.0	5230.0	6380.0	4531.0	3813.0	554.0	122.0	70.0	64.8	79.7	78.1
2011-09-13	11874.0	5230.0	6325.0	4501.0	3813.0	407.0	0.0	70.1	66.7	79.9	80.4
2011-09-20	14381.0	5142.0	6214.0	4498.0	3813.0	404.0	17.0	56.4	55.3	64.3	66.5
2011-09-27	9313.0	4224.0	8617.0	3982.0	0.0	413.0	2.0	65.8	72.5	81.4	88.1
2011-10-04	11432.0	5454.0	10803.0	5008.0	0.0	424.0	83.0	69.5	76.1	87.2	90.9
2011-10-11	13119.0	6066.0	12656.0	6269.0	0.0	324.0	3.0	72.1	79.7	88.6	93.2
2011-10-18	13306.0	6245.0	12835.0	6266.0	0.0	335.0	11.0	71.0	79.8	88.8	93.1
2011-10-25	13404.0	6110.0	12888.0	6413.0	0.0	376.0	11.0	73.3	79.0	88.8	92.5
2011-11-01	13636.0	6133.0	13111.0	6656.0	0.0	333.0	11.0	73.6	78.4	88.5	92.5
2011-11-08	13772.0	6032.0	13254.0	6740.0	0.0	486.0	4.0	73.3	77.9	88.4	92.1
2011-11-15	15023.0	6398.0	14359.0	7767.0	0.0	344.0	150.0	72.7	78.5	90.1	91.4
2011-11-22	16040.0	6531.0	15516.0	8797.0	0.0	196.0	8.0	74.1	79.9	91.6	92.7
2011-11-29	15942.0	6349.0	15317.0	8781.0	0.0	196.0	9.0	73.9	79.9	90.9	92.5
2011-12-06	16882.0	7406.0	15808.0	8223.0	0.0	188.0	9.0	70.8	74.7	89.7	87.5
2011-12-13	16944.0	7459.0	15589.0	8004.0	0.0	136.0	10.0	70.1	73.7	87.5	87.0
2011-12-20	16214.0	7114.0	15621.0	8368.0	58.0	220.0	23.0	73.7	78.4	93.5	91.4
2011-12-27	16062.0	13784.0	15369.0	1385.0	0.0	208.0	8.0	89.5	77.5	93.2	90.5
2012-01-03	15631.0	13599.0	14380.0	1331.0	747.0	211.0	14.0	92.5	67.6	95.5	83.9
2012-01-10	17641.0	13599.0	9566.0	1331.0	5563.0	2214.0	2015.0	81.9	51.3	84.6	70.1
2012-01-17	16148.0	13709.0	8049.0	1331.0	7244.0	268.0	15.0	89.5	65.4	92.8	83.5
2012-01-24	16354.0	13759.0	7738.0	1331.0	7696.0	357.0	13.0	87.7	66.7	91.9	83.2
2012-01-31	16376.0	13759.0	7720.0	1361.0	7724.0	346.0	22.0	87.6	67.4	91.8	83.3
2012-02-07	16336.0	13944.0	7954.0	1361.0	7678.0	348.0	21.0	85.7	72.6	92.7	86.6
2012-02-14	16312.0	13908.0	7405.0	1361.0	7893.0	55.0	26.0	84.9	70.8	92.0	83.5
2012-02-21	16519.0	14033.0	6718.0	1361.0	8610.0	60.0	126.0	84.7	71.7	91.7	84.0
2012-02-28	16968.0	14476.0	7057.0	1361.0	8830.0	53.0	3.0	82.5	74.2	91.7	85.9
2012-03-06	17174.0	14176.0	7406.0	1361.0	8578.0	569.0	122.0	81.9	73.5	88.4	85.4
2012-03-13	17370.0	14519.0	7773.0	1361.0	8118.0	51.0	40.0	81.0	72.9	90.1	84.9
2012-03-20	18831.0	14303.0	7592.0	1398.0	8119.0	53.0	43.0	74.7	68.2	82.0	78.7
2012-03-27	7535.0	4880.0	5757.0	1393.0	530.0	54.0	40.0	63.2	57.5	81.1	80.1
2012-04-03	7345.0	5047.0	5764.0	1361.0	643.0	59.0	60.0	63.1	59.4	85.3	81.6
2012-04-10	7348.0	5046.0	5777.0	1361.0	638.0	61.0	53.0	63.0	59.7	85.3	81.3
2012-04-17	7412.0	5104.0	5909.0	1361.0	598.0	67.0	25.0	62.5	62.4	84.7	84.4
2012-04-24	7433.0	5104.0	5951.0	1361.0	577.0	83.0	20.0	62.3	61.9	84.5	83.9
2012-05-01	7156.0	4728.0	5743.0	1449.0	500.0	88.0	22.0	61.9	61.0	82.1	83.4
2012-05-08	7091.0	4744.0	5638.0	1361.0	550.0	95.0	12.0	62.5	61.2	82.9	83.4
2012-05-15	6976.0	4437.0	5532.0	1494.0	500.0	147.0	46.0	63.5	63.8	81.3	85.5
2012-05-22	7149.0	4303.0	5737.0	1859.0	500.0	86.0	11.0	58.4	61.6	79.3	83.8
2012-05-29	8007.0	4726.0	6595.0	2290.0	500.0	90.0	11.0	54.1	63.3	79.1	84.3
2012-06-05	8978.0	5017.0	7761.0	3147.0	500.0	110.0	13.0	56.1	67.7	84.8	87.1
2012-06-12	8223.0	4824.0	6917.0	2502.0	500.0	193.0	102.0	60.5	64.9	85.5	84.9
2012-06-19	10591.0	4586.0	6532.0	2557.0	616.0	112.0	107.0	45.5	50.1	63.8	63.5
2012-07-03	7990.0	5686.0	6510.0	1361.0	622.0	96.0	11.0	82.1	64.7	88.2	83.0
2012-07-17	8343.0	5842.0	6277.0	1501.0	1159.0	100.0	7.0	80.5	64.9	87.3	82.9
2012-07-24	8339.0	5881.0	6239.0	1448.0	1192.0	110.0	8.0	79.1	68.6	87.1	84.4
2012-07-31	8525.0	6069.0	6327.0	1448.0	1293.0	108.0	5.0	76.9	68.8	86.5	85.2
2012-08-07	8360.0	5898.0	6325.0	1448.0	1130.0	114.0	5.0	78.4	70.4	87.4	86.3
2012-08-14	8431.0	5914.0	6451.0	1448.0	1075.0	169.0	5.0	77.7	69.5	87.3	85.2
2012-08-21	8501.0	5934.0	6451.0	1448.0	1062.0	137.0	6.0	77.1	68.1	86.8	83.6
2012-08-28	8432.0	6040.0	6429.0	1293.0	1044.0	145.0	5.0	75.9	70.3	86.4	85.3
2012-09-04	8614.0	6222.0	6614.0	1293.0	1041.0	145.0	5.0	74.3	70.3	85.3	86.0
2012-09-11	9157.0	6734.0	6367.0	1293.0	1771.0	117.0	6.0	69.9	72.5	83.8	88.5
2012-09-18	14185.0	8225.0	7324.0	1379.0	2453.0	179.0	6.0	51.7	58.1	66.0	68.7
2012-09-25	8318.0	5720.0	6755.0	1378.0	537.0	196.0	2.0	66.0	69.8	80.5	86.4
2012-10-02	8269.0	5769.0	6699.0	1327.0	520.0	125.0	2.0	68.9	72.4	82.2	86.0
2012-10-09	8483.0	5969.0	6964.0	1327.0	456.0	125.0	1.0	68.0	72.7	82.0	85.9
2012-10-16	8419.0	6116.0	6945.0	1134.0	431.0	127.0	1.0	66.8	73.7	81.7	86.1
2012-10-23	8449.0	6116.0	7076.0	1134.0	316.0	147.0	5.0	67.7	74.1	81.4	86.0
2012-10-30	6756.0	4306.0	5721.0	1262.0	0.0	157.0	4.0	67.2	74.6	76.6	84.7
2012-11-06	7150.0	4887.0	6138.0	1143.0	0.0	126.0	18.0	70.1	76.3	79.2	85.8
2012-11-13	8106.0	5879.0	7117.0	1149.0	27.0	125.0	9.0	61.8	77.0	80.2	88.1
2012-11-20	7153.0	4921.0	5764.0	1121.0	394.0	125.0	9.0	70.6	68.4	80.3	85.7
2012-11-27	9331.0	7194.0	7418.0	1024.0	919.0	128.0	9.0	66.8	66.8	83.7	85.9
2012-12-04	9296.0	7163.0	7025.0	1024.0	1283.0	130.0	9.0	68.2	70.9	85.2	87.7
2012-12-11	9530.0	7394.0	7249.0	1024.0	1295.0	131.0	5.0	67.9	71.0	85.6	88.0
2013-01-15	8853.0	6163.0	7766.0	1476.0	0.0	131.0	4.0	68.1	78.1	81.6	87.7
2013-02-05	7459.0	4879.0	5374.0	1279.0	908.0	124.0	0.0	58.1	73.7	74.0	84.2
2013-02-12	10326.0	7132.0	9119.0	1817.0	0.0	170.0	0.0	63.3	81.8	78.0	88.3
2013-02-19	10378.0	5781.0	9137.0	3243.0	0.0	118.0	5.0	58.7	81.8	79.6	87.5
2013-02-26	12837.0	7087.0	11626.0	4426.0	0.0	118.0	5.0	68.8	83.8	83.5	90.1
2013-03-05	12893.0	7122.0	11325.0	4055.0	0.0	159.0	11.0	63.9	82.9	81.6	87.3
2013-03-12	12529.0	7180.0	11057.0	3742.0	0.0	142.0	7.0	63.2	82.1	80.8	87.0
2013-03-19	12615.0	8297.0	11252.0	2859.0	191.0	291.0	4.0	68.5	84.8	85.3	89.6
2013-03-26	6689.0	3996.0	5027.0	954.0	517.0	598.0	4.0	57.7	70.2	71.1	80.9
2013-04-02	9115.0	6274.0	7921.0	1040.0	0.0	613.0	6.0	63.3	80.6	75.5	86.9
2013-04-09	9513.0	7144.0	8384.0	1089.0	0.0	171.0	20.0	66.1	81.0	79.9	88.1
2013-04-16	10335.0	8024.0	9004.0	954.0	115.0	162.0	21.0	66.3	81.8	79.8	88.2
2013-04-23	10484.0	8250.0	9060.0	1054.0	354.0	135.0	25.0	66.5	81.1	80.6	89.8
2013-04-30	10102.0	7861.0	8732.0	1102.0	366.0	137.0	2.0	65.8	80.9	80.1	90.1
2013-05-07	10133.0	7760.0	8837.0	1285.0	322.0	136.0	22.0	70.6	81.7	82.1	90.4
2013-05-14	10115.0	7818.0	8681.0	1082.0	327.0	130.0	22.0	72.6	80.7	83.8	89.1
2013-05-21	10148.0	7747.0	8692.0	1046.0	244.0	165.0	22.0	71.8	80.6	83.2	87.4
2013-05-28	9995.0	7339.0	8633.0	1123.0	0.0	173.0	2.0	67.8	81.9	79.9	86.4
2013-06-04	9588.0	6518.0	7704.0	1356.0	310.0	161.0	21.0	63.1	75.9	76.9	82.1
2013-06-11	9487.0	6000.0	7186.0	1350.0	280.0	579.0	463.0	57.4	70.9	71.6	77.1
2013-06-18	8597.0	5194.0	6471.0	1255.0	92.0	124.0	10.0	56.2	68.4	70.3	74.7
2013-07-23	6441.0	3722.0	4959.0	886.0	0.0	373.0	22.0	53.2	71.0	67.7	76.3
2013-07-30	6687.0	3979.0	5050.0	881.0	0.0	225.0	35.0	49.1	71.3	64.6	75.5
2013-08-06	6607.0	4225.0	5115.0	855.0	0.0	51.0	16.0	53.4	72.2	69.8	77.4
2013-08-13	6615.0	4412.0	5337.0	903.0	0.0	32.0	10.0	56.4	73.8	73.2	80.7
2013-08-20	6451.0	4129.0	5034.0	987.0	75.0	28.0	35.0	54.0	69.0	71.2	79.2
2013-08-27	6752.0	4382.0	5792.0	1438.0	0.0	27.0	55.0	54.5	75.3	77.4	85.8
2013-09-03	8003.0	4800.0	5893.0	1125.0	50.0	27.0	9.0	44.3	72.9	63.3	74.3
2013-09-10	8129.0	5572.0	6109.0	670.0	342.0	223.0	14.0	44.7	74.8	65.3	79.4
2013-09-17	9314.0	5332.0	5969.0	716.0	314.0	243.0	8.0	34.2	63.5	53.5	67.5
2013-09-24	7350.0	5063.0	5919.0	720.0	84.0	226.0	6.0	47.1	81.3	67.3	81.7
2013-10-01	7288.0	5298.0	5962.0	695.0	26.0	28.0	33.0	47.7	81.4	66.2	82.2
2013-10-08	6847.0	5186.0	5962.0	747.0	0.0	50.0	21.0	50.0	86.7	69.4	87.1
2013-10-15	6869.0	5237.0	5906.0	748.0	0.0	52.0	131.0	50.9	85.6	69.7	86.0
2013-10-22	6767.0	5161.0	5818.0	743.0	0.0	49.0	135.0	48.9	85.1	68.9	86.0
2013-10-29	6891.0	5348.0	5946.0	713.0	25.0	48.0	138.0	48.5	84.3	70.6	86.6
2013-11-05	7042.0	4877.0	6124.0	1339.0	0.0	44.0	136.0	52.1	84.5	75.0	87.0
2013-11-12	7421.0	5039.0	6635.0	1468.0	0.0	132.0	4.0	56.4	86.7	76.4	89.4
2013-11-19	7603.0	4980.0	6817.0	1710.0	0.0	131.0	4.0	58.4	87.1	77.9	89.7
2013-11-26	8005.0	5072.0	7220.0	2020.0	0.0	131.0	3.0	62.6	87.9	79.0	90.2
2013-12-10	9115.0	4886.0	7337.0	2399.0	0.0	64.0	12.0	47.6	78.5	68.1	80.5
2013-12-17	8993.0	6583.0	7175.0	547.0	0.0	50.0	5.0	51.7	76.1	71.6	79.8
2013-12-24	7599.0	5610.0	6100.0	569.0	90.0	35.0	24.0	51.5	75.9	71.5	81.5
2014-01-21	7177.0	5494.0	6124.0	606.0	0.0	50.0	26.0	60.6	82.3	78.7	85.3
2014-02-11	8960.0	7142.0	7377.0	577.0	347.0	30.0	25.0	57.1	82.9	76.9	86.2
2014-02-18	9349.0	7537.0	7728.0	577.0	347.0	30.0	69.0	54.2	83.3	74.2	86.4
2014-02-25	10366.0	8372.0	6858.0	758.0	2233.0	30.0	69.0	51.6	85.6	71.6	87.7
2014-03-04	14421.0	11731.0	9341.0	1460.0	3817.0	33.0	66.0	63.6	89.6	80.7	91.2
2014-03-11	15250.0	12467.0	9204.0	1549.0	4770.0	36.0	78.0	65.1	90.8	78.9	91.6
2014-03-18	19431.0	11979.0	8872.0	1399.0	4540.0	43.0	9.0	50.1	67.2	61.0	69.0
2014-03-25	13594.0	11003.0	12494.0	1467.0	0.0	27.0	3.0	65.1	91.3	80.2	91.9
2014-04-01	14143.0	11528.0	12742.0	1504.0	306.0	19.0	3.0	66.5	90.8	81.6	92.3
2014-04-08	15669.0	13008.0	13743.0	1527.0	827.0	38.0	3.0	62.7	91.7	80.8	93.0
2014-04-15	16527.0	13812.0	13613.0	1527.0	1763.0	38.0	1.0	64.1	91.8	81.6	93.0
2014-04-22	16479.0	13731.0	13617.0	1612.0	1742.0	33.0	17.0	64.5	91.0	81.9	93.2
2014-04-29	16408.0	13425.0	14175.0	1828.0	1116.0	55.0	17.0	65.1	91.8	82.8	93.2
2014-05-06	16903.0	13703.0	15781.0	2027.0	0.0	68.0	17.0	61.0	93.4	78.2	93.4
2014-05-13	16363.0	13254.0	15280.0	1977.0	0.0	66.0	17.0	65.4	93.4	79.7	93.4
2014-05-20	16576.0	13734.0	15503.0	1723.0	0.0	63.0	17.0	68.3	93.5	81.8	93.5
2014-05-27	16523.0	13219.0	15465.0	2209.0	0.0	55.0	18.0	68.3	93.3	82.0	93.6
2014-06-03	15719.0	12426.0	14703.0	2239.0	0.0	58.0	20.0	65.1	93.5	82.3	93.5
2014-06-10	14182.0	10308.0	13247.0	2864.0	0.0	79.0	4.0	63.0	93.4	82.4	93.4
2014-06-17	20898.0	12032.0	14808.0	2717.0	0.0	63.0	4.0	46.4	70.9	62.5	70.9
2014-06-24	15369.0	13329.0	14285.0	1018.0	100.0	40.0	2.0	64.8	93.2	84.3	93.6
2014-07-01	15070.0	13186.0	13984.0	926.0	194.0	72.0	6.0	67.0	94.1	83.6	94.1
2014-07-08	14949.0	13133.0	14382.0	1199.0	0.0	55.0	5.0	69.1	96.2	83.8	96.2
2014-07-15	13759.0	11466.0	13261.0	1725.0	0.0	75.0	5.0	65.7	96.4	82.3	96.4
2014-07-22	13276.0	10952.0	12547.0	1778.0	248.0	70.0	5.0	65.2	94.2	79.8	94.5
2014-07-29	10758.0	8079.0	10047.0	2149.0	248.0	72.0	5.0	65.3	93.4	80.6	93.4
2014-08-05	12018.0	8936.0	11251.0	2351.0	248.0	217.0	5.0	62.6	93.4	79.7	93.6
2014-08-12	12468.0	9890.0	11193.0	1774.0	528.0	68.0	11.0	59.6	89.8	78.5	89.8
2014-08-19	13556.0	9412.0	12345.0	3395.0	528.0	68.0	2.0	68.2	87.5	81.3	91.1
2014-08-26	13104.0	8831.0	11918.0	3555.0	528.0	62.0	2.0	68.0	88.3	81.4	90.9
2014-09-02	13853.0	8622.0	12489.0	4270.0	528.0	128.0	3.0	72.0	84.4	82.8	90.2
2014-09-09	14048.0	8503.0	12580.0	4482.0	528.0	126.0	3.0	71.8	81.3	82.8	89.6
2014-09-16	14225.0	7393.0	11401.0	4543.0	678.0	147.0	4.0	65.7	76.7	75.8	80.7
2014-09-23	10731.0	9647.0	9578.0	360.0	678.0	249.0	0.0	75.9	80.9	85.9	92.2
2014-09-30	11174.0	10121.0	9537.0	360.0	1179.0	261.0	26.0	76.8	77.3	86.7	92.7
2014-10-07	10571.0	9441.0	9020.0	460.0	1107.0	238.0	12.0	75.9	81.4	84.8	91.4
2014-10-14	11245.0	9985.0	9539.0	460.0	1142.0	248.0	12.0	78.7	76.1	86.2	90.2
2014-10-21	11059.0	9719.0	9555.0	460.0	865.0	256.0	15.0	81.0	76.6	86.6	88.4
2014-10-28	12503.0	11113.0	10825.0	460.0	982.0	246.0	12.0	84.1	73.0	88.0	87.7
2014-11-04	11384.0	10025.0	9841.0	560.0	875.0	153.0	22.0	85.0	70.4	87.8	86.6
2014-11-11	10675.0	9428.0	8648.0	460.0	1374.0	156.0	22.0	85.2	73.2	87.5	88.0
2014-12-16	13660.0	11005.0	8745.0	623.0	2903.0	43.0	23.0	77.8	70.3	79.8	80.7
2014-12-23	9462.0	8224.0	8192.0	585.0	678.0	69.0	8.0	70.0	84.1	87.9	91.1
2014-12-30	10046.0	8536.0	8699.0	762.0	678.0	88.0	9.0	69.2	78.3	86.1	88.9
2015-01-06	10784.0	9140.0	9462.0	912.0	678.0	103.0	15.0	69.6	75.0	86.8	87.7
2015-01-13	11579.0	10028.0	10301.0	878.0	678.0	91.0	18.0	76.0	71.9	90.4	86.0
2015-01-20	12120.0	10369.0	10031.0	851.0	1274.0	109.0	24.0	74.1	69.4	87.3	82.8
2015-01-27	12667.0	10639.0	10337.0	1101.0	1492.0	114.0	25.0	77.3	68.8	87.5	83.2
2015-02-03	12590.0	11314.0	10263.0	365.0	1487.0	98.0	27.0	72.7	70.3	87.7	84.1
2015-02-10	12897.0	11535.0	9979.0	462.0	2096.0	102.0	24.0	77.5	71.3	87.1	84.6
2015-02-17	12046.0	10504.0	9755.0	662.0	1467.0	91.0	35.0	79.6	71.1	86.4	84.3
2015-02-24	12062.0	10554.0	9838.0	662.0	1446.0	101.0	33.0	79.1	71.4	86.5	85.3
2015-03-03	13966.0	12414.0	10790.0	691.0	2407.0	108.0	16.0	84.1	68.6	87.7	82.6
2015-03-10	14250.0	12686.0	12807.0	691.0	678.0	121.0	13.0	84.5	70.0	87.9	84.2
2015-03-17	16924.0	13242.0	13445.0	915.0	678.0	112.0	146.0	74.3	60.2	78.2	74.5
2015-03-24	13146.0	11416.0	11754.0	848.0	678.0	168.0	0.0	67.8	72.1	83.7	85.7
2015-03-31	13628.0	11865.0	12198.0	848.0	678.0	166.0	3.0	74.7	72.1	84.1	85.3
2015-04-07	13832.0	11962.0	12277.0	848.0	678.0	145.0	0.0	73.9	72.6	83.1	84.5
2015-04-14	14457.0	12626.0	12953.0	848.0	678.0	157.0	0.0	72.0	67.8	83.8	84.6
2015-04-21	15217.0	12803.0	13663.0	1415.0	678.0	123.0	0.0	71.6	67.6	82.4	85.0
2015-04-28	17324.0	13156.0	15759.0	3167.0	678.0	114.0	0.0	72.8	70.5	84.7	86.8
2015-05-05	17498.0	14049.0	15958.0	2467.0	678.0	120.0	0.0	72.3	65.2	83.1	85.2
2015-05-12	19142.0	16026.0	17581.0	2133.0	678.0	100.0	0.0	79.6	63.0	87.5	81.6
2015-05-19	19274.0	16185.0	17700.0	2114.0	678.0	79.0	0.0	80.7	63.0	87.6	81.8
2015-05-26	17261.0	14220.0	15739.0	2114.0	678.0	83.0	0.0	82.2	62.9	87.9	79.8
2015-06-02	16541.0	13759.0	15069.0	1916.0	678.0	77.0	5.0	79.4	64.4	87.7	81.3
2015-06-09	16216.0	13119.0	14512.0	2015.0	678.0	86.0	30.0	77.3	64.0	85.6	80.4
2015-06-16	19721.0	15400.0	17022.0	2178.0	678.0	154.0	32.0	73.0	59.2	81.7	76.4
2015-06-23	17182.0	14108.0	15731.0	2125.0	678.0	208.0	32.0	73.9	67.2	85.6	84.0
2015-06-30	22678.0	19090.0	21094.0	2492.0	678.0	222.0	32.0	73.5	67.6	87.0	84.6
2015-07-07	20865.0	17303.0	19294.0	2492.0	678.0	206.0	29.0	71.4	67.9	86.1	84.6
2015-07-14	20547.0	17454.0	19352.0	2361.0	678.0	233.0	18.0	67.3	71.6	86.8	86.4
2015-07-21	20180.0	17381.0	19059.0	1961.0	678.0	418.0	23.0	67.2	73.1	85.2	88.2
2015-07-28	20094.0	17363.0	19013.0	1981.0	678.0	372.0	25.0	66.0	74.6	85.8	90.5
2015-08-04	20647.0	17742.0	19545.0	2146.0	678.0	385.0	50.0	64.3	75.3	85.4	91.6
2015-08-11	21022.0	18138.0	19936.0	2120.0	678.0	395.0	39.0	62.4	74.9	83.9	91.6
2015-08-18	21535.0	19079.0	20759.0	2020.0	678.0	390.0	52.0	63.5	72.9	85.7	92.1
2015-08-25	21270.0	18356.0	20475.0	2420.0	678.0	431.0	54.0	59.6	73.3	82.5	93.9
2015-09-01	20841.0	17978.0	19657.0	2020.0	678.0	388.0	51.0	61.1	74.1	82.5	90.8
2015-09-08	21266.0	18365.0	20070.0	2074.0	678.0	360.0	51.0	62.2	72.0	79.7	89.1
2015-09-15	26882.0	20359.0	21195.0	2574.0	678.0	383.0	1443.0	55.2	56.6	73.3	74.1
2015-09-22	20838.0	17889.0	19693.0	2174.0	678.0	335.0	27.0	53.5	77.4	75.8	91.6
2015-09-29	21185.0	17443.0	19648.0	2574.0	678.0	337.0	28.0	64.2	74.7	82.9	89.2
2015-10-06	20223.0	17496.0	18714.0	1560.0	678.0	364.0	28.0	71.5	79.0	81.5	91.9
2015-10-13	16679.0	14850.0	15540.0	1060.0	678.0	348.0	40.0	67.4	84.7	79.6	93.0
2015-10-20	18209.0	15817.0	16505.0	1060.0	678.0	347.0	41.0	69.1	77.9	80.0	90.2
2015-10-27	18111.0	15681.0	16363.0	1060.0	678.0	343.0	43.0	67.7	78.3	78.8	89.9
2015-11-03	18592.0	16047.0	16808.0	1130.0	678.0	354.0	45.0	65.5	73.5	78.8	88.3
2015-11-10	17582.0	15189.0	15856.0	1017.0	678.0	355.0	27.0	71.6	68.4	82.0	87.5
2015-11-17	18486.0	15428.0	16285.0	1218.0	678.0	354.0	37.0	75.0	66.9	82.2	85.1
2015-11-24	18776.0	16890.0	17563.0	1029.0	678.0	356.0	34.0	69.8	78.8	85.0	91.4
2015-12-01	20942.0	18015.0	18711.0	1029.0	680.0	375.0	28.0	70.2	74.2	82.3	86.1
2015-12-08	20936.0	17646.0	18142.0	1029.0	680.0	193.0	46.0	78.0	71.7	83.2	84.2
2015-12-15	22021.0	17359.0	17762.0	1029.0	680.0	207.0	153.0	73.1	69.8	78.1	79.9
2015-12-22	19556.0	15902.0	16792.0	1375.0	680.0	214.0	19.0	75.4	77.8	79.5	85.7
2015-12-29	19623.0	15868.0	16788.0	1375.0	680.0	288.0	63.0	73.2	78.2	79.4	85.4
2016-01-05	14220.0	10202.0	11393.0	1749.0	680.0	177.0	55.0	68.3	63.6	74.8	78.7
2016-01-12	14847.0	11609.0	12159.0	1137.0	680.0	176.0	83.0	67.2	59.0	76.4	79.2
2016-01-19	15102.0	12237.0	12407.0	1137.0	680.0	231.0	518.0	69.5	57.5	79.8	78.3
2016-01-26	16387.0	13277.0	14017.0	1137.0	680.0	371.0	88.0	74.9	60.6	80.6	79.4
2016-02-02	16722.0	13754.0	14506.0	1137.0	680.0	384.0	89.0	74.5	56.2	80.1	78.7
2016-02-09	17023.0	14311.0	15060.0	1137.0	680.0	392.0	100.0	77.4	55.3	81.8	79.8
2016-02-16	16300.0	13832.0	14555.0	1137.0	680.0	415.0	149.0	78.7	65.1	84.4	85.7
2016-02-23	17247.0	14252.0	15480.0	1737.0	680.0	320.0	149.0	77.3	60.2	85.1	85.4
2016-03-01	18044.0	15239.0	16355.0	1581.0	680.0	319.0	104.0	76.6	57.2	85.4	82.5
2016-03-08	20833.0	13985.0	14682.0	1228.0	680.0	273.0	124.0	60.4	46.5	65.9	65.5
2016-03-15	19022.0	15687.0	16459.0	1228.0	680.0	265.0	41.0	73.3	54.0	79.8	77.9
2016-03-22	19274.0	16664.0	17861.0	1576.0	645.0	295.0	29.0	65.1	59.8	81.1	84.4
2016-03-29	18436.0	15898.0	17098.0	1576.0	645.0	281.0	12.0	62.0	54.4	78.9	84.4
2016-04-05	16348.0	13770.0	14990.0	1576.0	645.0	308.0	19.0	69.6	57.6	80.5	86.3
2016-04-12	15445.0	13139.0	14188.0	1576.0	645.0	127.0	9.0	66.2	63.6	79.4	90.3
2016-04-19	18716.0	16131.0	17367.0	1785.0	645.0	103.0	7.0	63.7	69.2	79.8	92.0
2016-04-26	19288.0	16642.0	17866.0	1786.0	645.0	112.0	29.0	66.5	71.8	81.8	91.5
2016-05-03	22019.0	19227.0	20501.0	1804.0	645.0	137.0	22.0	67.3	70.4	80.8	89.3
2016-05-10	23182.0	20739.0	21447.0	1280.0	645.0	129.0	56.0	68.3	67.5	82.9	88.2
2016-05-17	23021.0	20312.0	21330.0	1235.0	645.0	436.0	8.0	68.3	72.8	80.9	86.5
2016-05-24	19512.0	16849.0	17933.0	1243.0	645.0	495.0	9.0	69.8	74.9	82.4	90.3
2016-05-31	21255.0	18927.0	19683.0	1243.0	645.0	167.0	9.0	74.4	74.7	85.4	88.8
2016-06-07	22245.0	19370.0	20377.0	1391.0	555.0	171.0	0.0	70.9	73.5	82.1	87.9
2016-06-14	24741.0	19963.0	21700.0	1642.0	0.0	267.0	172.0	65.9	69.1	79.3	82.6
2016-06-21	19806.0	17131.0	18965.0	1642.0	0.0	208.0	16.0	62.9	76.1	83.4	93.4
2016-06-28	16233.0	13452.0	15295.0	1697.0	0.0	188.0	42.0	62.6	80.7	81.8	94.2
