2010-03-02	73887.0	1876.0	12316.0	48233.0	43082.0	22536.0	17247.0	40.6	52.9	53.5	64.6
2010-03-09	78834.0	0.0	13925.0	46350.0	46608.0	31484.0	17301.0	38.5	49.4	50.3	63.5
2010-03-16	82790.0	3842.0	15064.0	48412.0	44649.0	29559.0	22100.0	40.5	51.2	54.1	63.1
2010-03-23	89509.0	4763.0	17441.0	51667.0	50736.0	32539.0	20792.0	41.0	54.0	53.6	65.9
2010-03-30	96670.0	3953.0	21074.0	61613.0	56008.0	31104.0	19588.0	46.3	53.4	59.6	67.7
2010-04-06	116239.0	3953.0	29802.0	77564.0	65315.0	34722.0	21122.0	51.6	51.6	63.6	65.8
2010-04-13	117817.0	3728.0	28915.0	77285.0	64431.0	36804.0	24471.0	51.2	51.2	63.0	67.4
2010-04-20	118367.0	4525.0	27623.0	72246.0	65639.0	40032.0	23541.0	49.7	48.5	60.4	64.8
2010-04-27	118116.0	1742.0	26972.0	74824.0	69135.0	40065.0	20524.0	49.1	51.0	59.1	67.9
2010-05-04	123720.0	1742.0	30895.0	82538.0	76437.0	39440.0	16388.0	45.4	53.4	55.0	72.4
2010-05-11	123360.0	1799.0	22372.0	82534.0	81596.0	36895.0	17260.0	44.5	55.3	55.7	68.9
2010-05-18	135421.0	3449.0	24284.0	94051.0	88446.0	34963.0	19733.0	44.7	53.6	58.4	66.4
2010-05-25	137411.0	3519.0	15495.0	91803.0	100229.0	39442.0	19040.0	43.1	52.0	54.1	64.6
2010-06-01	145185.0	3921.0	17709.0	105941.0	104672.0	35323.0	22804.0	40.4	53.7	54.5	63.3
2010-06-08	139614.0	3921.0	16058.0	101358.0	106357.0	34213.0	17077.0	41.4	59.1	55.9	67.9
2010-06-15	140981.0	5921.0	17966.0	98285.0	105390.0	36727.0	17577.0	41.6	61.0	53.6	69.1
2010-06-22	142914.0	7762.0	19658.0	98106.0	105958.0	36987.0	17239.0	41.7	61.1	53.6	70.4
2010-06-29	145446.0	8162.0	23961.0	99016.0	105089.0	38166.0	16294.0	41.5	60.2	55.3	69.5
2010-07-06	151699.0	13323.0	24738.0	101101.0	110253.0	37191.0	16624.0	40.8	57.3	55.9	68.3
2010-07-13	155057.0	13323.0	30373.0	103130.0	107015.0	38537.0	17602.0	40.5	54.2	54.4	67.5
2010-07-20	159655.0	17055.0	32834.0	102179.0	109549.0	40393.0	17244.0	39.5	52.7	53.2	66.5
2010-07-27	158482.0	16828.0	31760.0	98251.0	108123.0	43375.0	18571.0	38.8	50.9	52.1	65.4
2010-08-03	165684.0	20902.0	38342.0	102345.0	110057.0	42302.0	17150.0	37.6	51.5	52.3	69.5
2010-08-10	171778.0	20430.0	30171.0	105196.0	119073.0	46095.0	22477.0	35.4	47.8	49.7	66.8
2010-08-17	197029.0	21879.0	30536.0	126616.0	132899.0	48487.0	33547.0	33.3	48.3	49.6	65.4
2010-08-24	235402.0	31035.0	33658.0	147167.0	156280.0	54657.0	42921.0	30.4	45.4	45.6	63.3
2010-08-31	243426.0	32101.0	30075.0	159039.0	171471.0	45987.0	35581.0	29.3	46.2	44.5	62.6
2010-09-07	219013.0	27704.0	29143.0	142826.0	151775.0	42136.0	31748.0	30.8	51.2	47.6	65.9
2010-09-14	220555.0	28098.0	26325.0	144622.0	158714.0	42686.0	30367.0	30.8	51.8	47.5	66.8
2010-09-21	222962.0	36073.0	23542.0	139784.0	165137.0	45918.0	33096.0	30.6	53.2	47.7	68.2
2010-09-28	226274.0	39348.0	22144.0	139562.0	173986.0	46192.0	28972.0	29.4	53.5	46.5	67.1
2010-10-05	225497.0	35945.0	23278.0	142000.0	168974.0	47322.0	33015.0	30.1	55.5	47.8	68.1
2010-10-12	232194.0	37984.0	26254.0	148508.0	170939.0	45472.0	34771.0	30.7	53.9	48.4	66.4
2010-10-19	240425.0	38944.0	28568.0	154816.0	174106.0	46176.0	37262.0	29.6	52.9	49.1	66.4
2010-10-26	238885.0	39098.0	31570.0	154957.0	171054.0	44406.0	35837.0	29.8	51.3	49.4	64.0
2010-11-02	253816.0	34434.0	35989.0	165670.0	180252.0	53123.0	36986.0	28.9	50.0	47.6	62.8
2010-11-09	295946.0	36374.0	42732.0	204447.0	211659.0	54481.0	40911.0	28.8	44.2	46.2	58.6
2010-11-16	312931.0	32394.0	45234.0	220360.0	227038.0	59522.0	40004.0	27.5	44.8	45.1	58.9
2010-11-23	342063.0	33304.0	48466.0	236201.0	241866.0	69133.0	48306.0	25.3	43.2	41.3	56.1
2010-11-30	332705.0	34886.0	45215.0	237924.0	239096.0	59539.0	48038.0	25.9	43.6	41.4	57.9
2010-12-07	315259.0	37656.0	47504.0	215813.0	223349.0	61164.0	43780.0	27.1	48.1	44.7	62.1
2010-12-14	303256.0	38634.0	48605.0	205599.0	209357.0	58259.0	44530.0	27.5	50.2	47.0	63.8
2010-12-21	305268.0	38679.0	48503.0	208226.0	213353.0	58069.0	43118.0	27.7	48.7	47.2	63.4
2010-12-28	307561.0	40314.0	49206.0	206626.0	216665.0	60371.0	41440.0	27.7	48.4	47.1	63.0
2011-01-04	306838.0	41845.0	48945.0	205945.0	213252.0	58798.0	44391.0	27.6	47.5	47.2	62.3
2011-01-11	306139.0	42865.0	51609.0	203323.0	208588.0	59701.0	45692.0	26.8	44.8	46.4	59.8
2011-01-18	305292.0	43253.0	57417.0	198408.0	203391.0	63381.0	44234.0	26.8	44.1	46.3	59.4
2011-01-25	302284.0	43223.0	56459.0	195145.0	197119.0	63666.0	48456.0	26.7	43.6	46.4	59.4
2011-02-01	305494.0	41669.0	57767.0	199563.0	197623.0	64006.0	49848.0	26.7	43.2	46.7	59.1
2011-02-08	312873.0	41671.0	57426.0	204640.0	207045.0	66280.0	48120.0	25.1	42.3	44.5	56.5
2011-02-15	323620.0	43228.0	60708.0	212651.0	213328.0	65855.0	47698.0	23.3	41.8	41.9	56.7
2011-02-22	330946.0	43620.0	63572.0	210250.0	206060.0	72438.0	56676.0	23.0	40.2	41.3	55.2
2011-03-01	362157.0	44907.0	63032.0	238887.0	230869.0	66191.0	56084.0	21.1	37.4	37.4	51.6
2011-03-08	330735.0	45772.0	62389.0	217688.0	213576.0	59450.0	46945.0	24.0	39.3	41.8	52.9
2011-03-15	320346.0	43600.0	63580.0	205397.0	210892.0	67713.0	42238.0	25.0	42.8	41.8	57.1
2011-03-22	312888.0	43479.0	58633.0	204270.0	212390.0	64674.0	41400.0	25.9	47.7	44.6	60.2
2011-03-29	319155.0	43962.0	57142.0	211238.0	217979.0	63423.0	43502.0	24.8	47.4	43.7	60.4
2011-04-05	325982.0	42527.0	60153.0	217947.0	224683.0	64975.0	40613.0	24.3	48.9	43.3	61.1
2011-04-12	324524.0	44460.0	57697.0	213200.0	226273.0	66274.0	39964.0	24.6	49.8	42.5	62.0
2011-04-19	321225.0	42403.0	59480.0	219181.0	221319.0	59010.0	39795.0	27.6	50.5	45.9	63.0
2011-04-26	317060.0	43359.0	57753.0	204784.0	213680.0	68277.0	44987.0	26.0	48.1	44.6	60.3
2011-05-03	317386.0	50109.0	56712.0	205022.0	214930.0	61494.0	44983.0	25.5	47.8	44.2	60.1
2011-05-10	319321.0	49710.0	56974.0	209745.0	215777.0	59106.0	45810.0	25.2	47.9	44.6	60.0
2011-05-17	344499.0	44943.0	62683.0	231691.0	234858.0	67074.0	46167.0	23.9	47.2	42.3	61.5
2011-05-24	363360.0	43439.0	53437.0	231863.0	254538.0	83176.0	50503.0	24.0	47.7	42.3	61.5
2011-05-31	378832.0	43863.0	49877.0	251648.0	264289.0	71665.0	53010.0	23.8	47.6	42.1	60.4
2011-06-07	365413.0	45681.0	51727.0	253794.0	262806.0	62447.0	47389.0	27.7	50.1	46.9	62.2
2011-06-14	375859.0	45946.0	57620.0	267683.0	277590.0	61287.0	39706.0	26.2	49.3	43.9	63.0
2011-06-21	406477.0	53282.0	63811.0	290481.0	296381.0	62106.0	45677.0	28.0	50.4	45.5	63.5
2011-06-28	387219.0	52508.0	61326.0	270497.0	282289.0	63606.0	42996.0	25.3	50.2	43.6	63.3
2011-07-05	380405.0	58428.0	61970.0	261926.0	274252.0	59693.0	43825.0	26.1	47.6	43.9	60.8
2011-07-12	368760.0	56876.0	63876.0	252841.0	258939.0	58655.0	45557.0	24.6	48.1	43.1	59.9
2011-07-19	371783.0	57365.0	65600.0	253193.0	267032.0	60715.0	38641.0	24.7	48.0	41.6	61.3
2011-07-26	378104.0	58496.0	66576.0	262226.0	269690.0	56813.0	41269.0	24.7	46.6	42.3	60.5
2011-08-02	390841.0	60051.0	65021.0	272282.0	283217.0	57941.0	42036.0	24.9	48.5	43.3	61.3
2011-08-09	401012.0	58339.0	65919.0	275912.0	290814.0	66103.0	43621.0	23.0	48.6	40.9	61.8
2011-08-16	409608.0	55531.0	61221.0	284911.0	310425.0	68573.0	37369.0	22.9	49.8	39.8	60.8
2011-08-23	407490.0	52166.0	57682.0	280802.0	307594.0	71792.0	39484.0	23.7	49.5	40.5	61.3
2011-08-30	427295.0	50302.0	46133.0	287419.0	324866.0	72803.0	39525.0	21.9	48.1	37.5	59.7
2011-09-06	412311.0	50568.0	40185.0	281331.0	318125.0	64630.0	38219.0	22.8	48.3	39.5	60.1
2011-09-13	396468.0	54580.0	45168.0	269572.0	300979.0	66069.0	44074.0	22.9	49.5	39.9	61.1
2011-09-20	376572.0	52670.0	46414.0	256944.0	286544.0	65483.0	42139.0	24.4	48.9	40.8	61.1
2011-09-27	377248.0	53940.0	42803.0	256070.0	289077.0	66134.0	44264.0	22.7	47.7	38.2	59.4
2011-10-04	376982.0	55693.0	36976.0	253613.0	290990.0	66156.0	47496.0	21.6	44.1	37.3	56.8
2011-10-11	374115.0	58313.0	34396.0	251006.0	292050.0	63736.0	46609.0	22.0	45.7	38.3	58.0
2011-10-18	377973.0	58296.0	31969.0	253321.0	298479.0	65239.0	46408.0	21.7	46.5	37.8	59.7
2011-10-25	373817.0	56139.0	33211.0	251133.0	297342.0	63624.0	40343.0	21.7	46.0	37.6	58.6
2011-11-01	378905.0	55492.0	32204.0	261936.0	304328.0	60128.0	41024.0	22.7	46.2	38.8	58.8
2011-11-08	381237.0	53877.0	29929.0	260087.0	306114.0	65869.0	43790.0	22.3	45.7	38.2	59.3
2011-11-15	391849.0	56141.0	30357.0	265828.0	319799.0	68927.0	40740.0	21.5	46.0	36.9	61.1
2011-11-22	406747.0	58186.0	33273.0	279027.0	326219.0	66315.0	44036.0	20.9	45.8	35.6	58.9
2011-11-29	405565.0	54428.0	32019.0	275622.0	321267.0	68219.0	44983.0	20.3	46.1	35.7	58.3
2011-12-06	405421.0	51700.0	36639.0	284045.0	321882.0	62862.0	40086.0	20.4	45.3	35.8	56.0
2011-12-13	381228.0	54858.0	32966.0	262726.0	303939.0	62524.0	43203.0	21.6	48.6	37.3	59.5
2011-12-20	367285.0	59028.0	34824.0	244798.0	289742.0	62356.0	41616.0	20.8	49.6	38.3	61.3
2011-12-27	368614.0	59028.0	35464.0	247659.0	293229.0	60781.0	38775.0	21.2	49.3	38.4	61.6
2012-01-03	362292.0	59119.0	31999.0	244493.0	289614.0	58125.0	40124.0	21.6	50.6	38.9	63.8
2012-01-10	373606.0	58920.0	33369.0	255956.0	292366.0	58053.0	47194.0	23.6	48.9	41.3	63.4
2012-01-17	374518.0	59165.0	33855.0	253498.0	294305.0	61389.0	45892.0	23.5	49.4	41.3	63.6
2012-01-24	372317.0	58020.0	33268.0	253696.0	291219.0	60138.0	47367.0	23.5	49.0	41.5	62.7
2012-01-31	378456.0	45786.0	31297.0	269913.0	294728.0	61822.0	51496.0	23.6	49.5	40.9	64.2
2012-02-07	378563.0	45892.0	35171.0	275247.0	293079.0	56447.0	49336.0	24.1	48.7	41.5	63.2
2012-02-14	378075.0	47574.0	33223.0	269944.0	289946.0	54171.0	48520.0	23.3	46.7	39.8	61.8
2012-02-21	375738.0	47105.0	31749.0	265853.0	288349.0	57400.0	50260.0	23.3	47.1	39.4	61.2
2012-02-28	405258.0	43947.0	33683.0	292710.0	317433.0	62337.0	47878.0	20.8	40.6	35.2	53.5
2012-03-06	355708.0	39960.0	27211.0	257686.0	275116.0	57375.0	52694.0	23.8	41.4	40.3	56.0
2012-03-13	351049.0	39914.0	28945.0	246955.0	265137.0	63291.0	56078.0	24.5	43.2	41.2	56.0
2012-03-20	356745.0	41024.0	24769.0	254500.0	277639.0	60311.0	53427.0	23.5	43.4	40.1	57.9
2012-03-27	351177.0	41216.0	26102.0	251219.0	277870.0	57794.0	46257.0	23.8	43.3	39.5	55.4
2012-04-03	344322.0	38111.0	26266.0	251527.0	271705.0	54388.0	46055.0	25.5	43.3	41.0	53.9
2012-04-10	356434.0	39629.0	30547.0	260950.0	274267.0	55556.0	51321.0	24.8	43.5	41.9	53.9
2012-04-17	366445.0	43796.0	27342.0	268719.0	287970.0	53681.0	50884.0	25.4	45.0	42.4	55.3
2012-04-24	364099.0	46371.0	26526.0	262412.0	286762.0	55143.0	50638.0	25.5	45.7	41.2	55.2
2012-05-01	356427.0	46284.0	24678.0	250167.0	277860.0	59797.0	53710.0	26.0	48.4	42.2	58.5
2012-05-08	358320.0	44715.0	27359.0	250804.0	276426.0	62622.0	54356.0	25.9	47.5	41.1	56.6
2012-05-15	365348.0	45450.0	28414.0	254251.0	280360.0	65468.0	56395.0	25.2	48.4	40.5	57.4
2012-05-22	359292.0	44659.0	26705.0	248171.0	274369.0	66235.0	57991.0	26.0	44.0	39.8	53.5
2012-05-29	403081.0	42656.0	20726.0	264698.0	299798.0	86311.0	73141.0	23.5	39.1	35.4	47.9
2012-06-05	371441.0	42707.0	13944.0	257138.0	295527.0	64200.0	54574.0	26.2	41.0	37.6	51.6
2012-06-12	356835.0	43379.0	16200.0	236644.0	281182.0	68990.0	51631.0	28.3	41.2	40.4	52.1
2012-06-19	345539.0	45044.0	21523.0	236634.0	269665.0	63401.0	53891.0	29.1	41.5	41.5	51.8
2012-06-26	347443.0	45758.0	24038.0	234655.0	273613.0	66602.0	49364.0	29.4	42.6	41.7	52.4
2012-07-03	347164.0	46504.0	21946.0	236398.0	278383.0	63836.0	46409.0	31.2	42.4	43.4	52.5
2012-07-10	353121.0	46550.0	20429.0	239782.0	283068.0	66347.0	49182.0	30.6	42.3	42.5	52.4
2012-07-17	348652.0	45478.0	25292.0	237616.0	274036.0	65149.0	48915.0	31.0	41.5	42.4	51.5
2012-07-24	349099.0	45004.0	23633.0	231398.0	273496.0	72303.0	51576.0	31.3	40.1	42.1	50.3
2012-07-31	355526.0	47894.0	21442.0	245270.0	279694.0	61759.0	53787.0	32.1	38.8	43.5	48.0
2012-08-07	352260.0	47260.0	25696.0	241259.0	268270.0	63092.0	57645.0	32.8	39.7	44.7	49.3
2012-08-14	359604.0	45337.0	25635.0	248427.0	281376.0	65357.0	52110.0	32.9	39.3	45.2	49.2
2012-08-21	361883.0	42069.0	21359.0	251793.0	284609.0	67549.0	55443.0	33.0	40.4	45.4	50.3
2012-08-28	385001.0	43325.0	25020.0	254329.0	282078.0	76773.0	67329.0	31.0	37.9	42.5	46.8
2012-09-04	383613.0	43649.0	33089.0	263266.0	282218.0	67153.0	58761.0	31.7	39.0	43.7	48.6
2012-09-11	378847.0	39342.0	33961.0	258351.0	272972.0	67756.0	58516.0	31.4	39.1	43.7	48.6
2012-09-18	361685.0	41813.0	34290.0	249818.0	264744.0	67530.0	60127.0	34.5	39.6	45.7	49.5
2012-09-25	359072.0	41907.0	30833.0	252673.0	267842.0	62782.0	58687.0	35.0	38.3	45.6	48.6
2012-10-02	370325.0	42834.0	30453.0	260484.0	280130.0	64388.0	57123.0	33.7	38.1	45.5	49.0
2012-10-09	370618.0	36374.0	29494.0	253772.0	275944.0	73238.0	57946.0	32.5	36.3	44.1	46.7
2012-10-16	371187.0	38402.0	32379.0	251327.0	274288.0	72683.0	55745.0	32.4	36.5	44.1	46.6
2012-10-23	368002.0	37077.0	30621.0	255771.0	275256.0	68584.0	55555.0	33.0	37.0	44.8	48.4
2012-10-30	354041.0	23098.0	31159.0	254915.0	263125.0	68895.0	52624.0	32.4	36.9	43.3	47.9
2012-11-06	346068.0	18692.0	38494.0	255894.0	252930.0	69286.0	52448.0	32.8	37.8	44.2	47.6
2012-11-13	357444.0	23868.0	52028.0	262099.0	249488.0	69692.0	54143.0	31.8	39.6	42.9	50.6
2012-11-20	356716.0	24352.0	52580.0	259427.0	244979.0	71069.0	57289.0	31.9	39.5	43.1	49.5
2012-11-27	389460.0	21891.0	53108.0	266987.0	256121.0	92069.0	71718.0	29.5	35.9	39.6	45.7
2012-12-04	380644.0	23968.0	53249.0	282473.0	269179.0	70127.0	54140.0	29.9	36.4	40.6	46.6
2012-12-11	370490.0	26437.0	50720.0	273986.0	259391.0	67433.0	57745.0	30.9	37.8	41.7	48.6
2012-12-18	365279.0	21827.0	50574.0	276737.0	252627.0	63824.0	59187.0	33.0	39.2	44.6	49.9
2012-12-24	355535.0	21678.0	46549.0	267037.0	252684.0	63909.0	53391.0	33.7	39.1	44.3	50.8
2012-12-31	348555.0	21680.0	44622.0	258692.0	248160.0	65320.0	52910.0	34.2	41.5	45.1	52.9
2013-01-08	351274.0	19741.0	44412.0	260156.0	247858.0	68213.0	55840.0	34.0	39.0	44.5	49.7
2013-01-15	357653.0	19975.0	44783.0	266354.0	252259.0	68060.0	57347.0	34.1	37.6	44.7	48.7
2013-01-22	357457.0	20003.0	46937.0	263976.0	249987.0	70306.0	57361.0	34.3	37.2	44.7	49.0
2013-01-29	365171.0	19974.0	45696.0	273932.0	250637.0	68198.0	65771.0	34.1	36.7	45.9	50.4
2013-02-05	371944.0	18591.0	48125.0	279042.0	258511.0	71086.0	62083.0	34.0	36.1	46.0	50.0
2013-02-12	366255.0	17125.0	42828.0	275471.0	255064.0	69760.0	64464.0	33.6	35.7	45.8	47.8
2013-02-19	373189.0	17253.0	43242.0	278009.0	259710.0	74826.0	67136.0	33.3	36.3	45.5	48.6
2013-02-26	417174.0	19205.0	45666.0	312427.0	288330.0	82384.0	80020.0	30.1	31.7	41.5	42.4
2013-03-05	406899.0	25473.0	50844.0	303035.0	280656.0	74585.0	71593.0	31.1	34.4	41.9	45.9
2013-03-12	387095.0	25619.0	51426.0	283029.0	266335.0	75420.0	66307.0	33.2	36.5	44.8	48.3
2013-03-19	381333.0	25266.0	53334.0	279369.0	267532.0	73254.0	57023.0	33.9	37.7	45.9	50.7
2013-03-26	377536.0	25650.0	51116.0	275476.0	260890.0	73236.0	62356.0	33.8	37.3	46.2	49.2
2013-04-02	370136.0	27203.0	49772.0	264659.0	254881.0	74999.0	62208.0	34.3	34.7	47.0	49.2
2013-04-09	382711.0	29962.0	44841.0	272884.0	273186.0	75919.0	60738.0	33.6	35.2	46.0	49.8
2013-04-16	384772.0	30900.0	48185.0	272505.0	277698.0	77263.0	54785.0	33.1	35.4	45.5	50.5
2013-04-23	395953.0	29672.0	47007.0	284553.0	289442.0	78925.0	56701.0	32.0	36.2	44.9	51.1
2013-04-30	396857.0	34310.0	47526.0	279974.0	287888.0	79808.0	58678.0	31.2	38.8	43.9	52.6
2013-05-07	400089.0	30297.0	47332.0	289595.0	295103.0	77813.0	55270.0	31.2	37.5	43.4	50.4
2013-05-14	396689.0	24203.0	47786.0	294018.0	289746.0	72617.0	53306.0	31.9	34.8	44.1	48.4
2013-05-21	387059.0	24032.0	50139.0	283547.0	274244.0	73677.0	56873.0	31.8	33.1	44.3	46.8
2013-05-28	402340.0	21781.0	53252.0	288556.0	258840.0	83775.0	82020.0	29.8	30.7	41.9	44.7
2013-06-04	404186.0	24064.0	54648.0	296747.0	275078.0	76773.0	67858.0	28.1	26.9	39.7	41.9
2013-06-11	398207.0	26123.0	51868.0	295702.0	281900.0	70556.0	58613.0	28.2	26.7	40.8	42.9
2013-06-18	384497.0	26261.0	54256.0	282913.0	265284.0	69740.0	59374.0	28.6	29.7	41.7	45.6
2013-06-25	381970.0	28145.0	41096.0	280311.0	271235.0	68264.0	64389.0	29.2	29.3	42.5	44.9
2013-07-02	377324.0	30265.0	42543.0	276154.0	259097.0	65799.0	70578.0	29.3	33.5	42.8	47.6
2013-07-09	377183.0	29825.0	41206.0	277292.0	264639.0	66257.0	67529.0	27.8	32.3	41.2	46.2
2013-07-16	376666.0	30862.0	43808.0	271758.0	256466.0	70234.0	72580.0	27.3	32.1	40.0	46.3
2013-07-23	376402.0	28200.0	43607.0	276915.0	253886.0	67461.0	75083.0	28.4	32.9	41.4	48.2
2013-07-30	376121.0	28804.0	42355.0	275171.0	257338.0	68290.0	72572.0	28.6	33.1	41.8	48.9
2013-08-06	383633.0	34514.0	45261.0	274068.0	254798.0	70896.0	79419.0	27.7	31.9	41.5	47.4
2013-08-13	385131.0	34682.0	29656.0	274721.0	276556.0	71732.0	74923.0	27.6	33.5	41.4	46.8
2013-08-20	388656.0	34912.0	28090.0	274055.0	280402.0	75669.0	76144.0	28.3	31.9	42.5	45.8
2013-08-27	400368.0	31513.0	32707.0	287392.0	285463.0	76641.0	77376.0	27.0	32.6	41.3	45.4
2013-09-03	418901.0	29562.0	31737.0	303939.0	296162.0	73773.0	79375.0	24.8	31.9	37.9	44.4
2013-09-10	404779.0	32303.0	39564.0	291639.0	280497.0	75808.0	79689.0	24.9	30.6	37.7	43.8
2013-09-17	393421.0	34328.0	40443.0	276796.0	273935.0	78512.0	75258.0	25.5	29.8	37.6	43.9
2013-09-24	401199.0	36987.0	38219.0	280810.0	287073.0	79416.0	71921.0	24.6	33.3	36.3	46.8
2013-10-01	401219.0	42531.0	40132.0	278880.0	286076.0	75689.0	70892.0	24.7	31.0	36.2	44.5
2013-10-08	404471.0	42551.0	40609.0	280185.0	286255.0	77759.0	73631.0	24.5	31.3	36.0	44.3
2013-10-15	411034.0	43987.0	39518.0	286951.0	297602.0	76301.0	70119.0	24.3	30.1	35.7	44.2
2013-10-22	411492.0	45642.0	37363.0	280288.0	288701.0	81341.0	81207.0	24.0	30.9	35.6	43.6
2013-10-29	411197.0	43610.0	35643.0	282218.0	292896.0	81488.0	78777.0	23.8	29.7	35.0	42.1
2013-11-05	422231.0	47623.0	38396.0	292114.0	294319.0	78562.0	85584.0	23.6	30.6	36.1	43.5
2013-11-12	425959.0	41982.0	45090.0	302449.0	279378.0	77615.0	97578.0	23.6	27.2	36.4	40.2
2013-11-19	456672.0	45233.0	43812.0	317847.0	304048.0	88461.0	103681.0	22.8	28.6	35.5	40.7
2013-11-26	464197.0	49060.0	55271.0	310635.0	290693.0	90842.0	104573.0	23.0	29.1	36.6	40.2
2013-12-03	479309.0	55181.0	61824.0	327564.0	314081.0	83168.0	90008.0	23.0	30.2	36.3	42.2
2013-12-10	460056.0	54173.0	62554.0	319942.0	297774.0	77064.0	90851.0	24.4	31.6	38.1	45.4
2013-12-17	448590.0	53628.0	66798.0	316760.0	290771.0	74668.0	87487.0	25.2	32.0	39.4	46.1
2013-12-24	454101.0	51779.0	67776.0	323885.0	298197.0	76096.0	85787.0	24.3	33.7	39.9	47.1
2014-01-07	456790.0	52093.0	72791.0	331977.0	293876.0	71433.0	88836.0	24.5	32.3	40.3	45.5
2014-01-14	465441.0	53214.0	70490.0	336536.0	305222.0	74398.0	88436.0	22.9	33.1	37.5	45.9
2014-01-21	465462.0	54277.0	69494.0	332807.0	306171.0	77317.0	88736.0	23.1	33.7	37.6	44.9
2014-01-28	463566.0	50330.0	60331.0	332357.0	314897.0	79893.0	87352.0	23.0	32.9	36.1	46.2
2014-02-04	454125.0	48532.0	59359.0	330307.0	304162.0	74281.0	89599.0	23.7	30.8	37.0	43.4
2014-02-11	455014.0	45769.0	58834.0	329618.0	305100.0	78623.0	90076.0	23.5	31.9	36.5	43.4
2014-02-18	451347.0	45210.0	59606.0	327295.0	298481.0	77946.0	92364.0	23.5	32.3	36.2	43.3
2014-02-25	484045.0	46297.0	59296.0	349634.0	321637.0	87223.0	102221.0	21.9	31.4	33.8	41.8
2014-03-04	505399.0	48742.0	52784.0	364150.0	353131.0	88001.0	94978.0	21.3	31.4	33.4	40.6
2014-03-11	489549.0	43836.0	47708.0	364608.0	348386.0	78832.0	91182.0	21.9	30.7	34.6	41.3
2014-03-18	486781.0	46617.0	52920.0	355288.0	343253.0	83208.0	88940.0	22.4	32.6	34.2	44.3
2014-03-25	479346.0	47991.0	60330.0	342149.0	336110.0	87744.0	81444.0	22.9	35.7	34.2	47.4
2014-04-01	479414.0	48792.0	54158.0	338992.0	342951.0	88777.0	79452.0	23.5	35.0	36.3	44.8
2014-04-08	481663.0	47958.0	56983.0	340673.0	332389.0	90516.0	89775.0	23.7	34.3	36.3	44.1
2014-04-15	491079.0	52374.0	52278.0	339316.0	344135.0	97067.0	92344.0	23.1	36.5	35.4	47.5
2014-04-22	488729.0	51989.0	55381.0	341023.0	350393.0	93511.0	80749.0	23.6	36.5	35.7	47.8
2014-04-29	482393.0	51663.0	48310.0	335738.0	347862.0	92864.0	84093.0	23.0	37.0	35.1	48.1
2014-05-06	483798.0	56194.0	47956.0	328408.0	342283.0	96987.0	91350.0	23.0	36.0	35.6	46.0
2014-05-13	489923.0	55066.0	50022.0	334193.0	351406.0	98274.0	86105.0	22.5	39.1	34.7	48.4
2014-05-20	503490.0	55440.0	51420.0	338758.0	360097.0	104608.0	87289.0	22.9	38.9	34.2	47.9
2014-05-27	525443.0	56713.0	46535.0	350638.0	361400.0	106647.0	106063.0	22.0	37.1	32.8	44.9
2014-06-03	545000.0	54126.0	37538.0	373482.0	395759.0	100659.0	94970.0	21.0	34.8	31.2	41.1
2014-06-10	510425.0	46367.0	39287.0	355290.0	366606.0	98138.0	93902.0	22.6	35.3	33.9	43.0
2014-06-17	487712.0	50855.0	37610.0	329803.0	351080.0	101592.0	93560.0	23.8	38.9	35.3	46.8
2014-06-24	481349.0	49524.0	38006.0	326201.0	348982.0	101008.0	89745.0	23.7	39.9	34.4	48.0
2014-07-01	485677.0	54240.0	34821.0	326217.0	354706.0	100975.0	91905.0	23.6	37.5	34.4	45.9
2014-07-08	489731.0	50178.0	33269.0	327996.0	354287.0	106942.0	97560.0	23.9	37.7	34.8	46.1
2014-07-15	491937.0	51217.0	35337.0	329302.0	357989.0	107129.0	94322.0	24.1	37.1	35.5	47.0
2014-07-22	498929.0	55373.0	36801.0	330348.0	361918.0	109216.0	96218.0	23.6	35.0	34.6	45.1
2014-07-29	489487.0	53580.0	39929.0	326372.0	350464.0	105884.0	95443.0	23.5	34.9	34.7	44.5
2014-08-05	494112.0	51842.0	32980.0	336073.0	356311.0	100303.0	98927.0	23.2	34.8	34.1	44.8
2014-08-12	494615.0	53891.0	33655.0	336110.0	355143.0	100441.0	101644.0	22.5	35.9	33.5	46.0
2014-08-19	518335.0	56657.0	38059.0	345102.0	375839.0	108955.0	96816.0	20.9	34.7	31.1	44.0
2014-08-26	536608.0	57234.0	37889.0	342319.0	377967.0	126498.0	110195.0	20.6	34.3	30.4	43.3
2014-09-02	543378.0	53618.0	38049.0	377434.0	399389.0	105644.0	99258.0	20.7	33.6	30.0	42.7
2014-09-09	513078.0	57055.0	37005.0	348357.0	376726.0	102697.0	94378.0	21.9	36.0	32.0	45.4
2014-09-16	509152.0	54500.0	35044.0	346349.0	376194.0	103296.0	92907.0	22.0	38.1	32.5	46.9
2014-09-23	506049.0	55794.0	35245.0	340935.0	369612.0	104371.0	96243.0	22.2	40.9	32.4	49.6
2014-09-30	514574.0	61443.0	36762.0	339561.0	376174.0	107859.0	95927.0	22.3	40.8	32.3	49.2
2014-10-07	517065.0	63647.0	36076.0	333724.0	380086.0	112866.0	94075.0	22.3	41.2	32.1	49.8
2014-10-14	515126.0	65387.0	39761.0	331460.0	376305.0	112579.0	93360.0	22.8	41.2	31.9	49.8
2014-10-21	504304.0	57068.0	35372.0	332930.0	367781.0	108689.0	95534.0	23.2	42.2	32.4	49.7
2014-10-28	506315.0	55368.0	38482.0	332669.0	368055.0	112187.0	93687.0	23.5	41.5	32.6	48.9
2014-11-04	513070.0	58343.0	39213.0	337731.0	375046.0	111254.0	93069.0	23.1	43.0	32.6	50.1
2014-11-11	509485.0	60158.0	38352.0	334817.0	373137.0	110540.0	94026.0	22.8	42.6	32.5	50.0
2014-11-18	528202.0	68277.0	43181.0	341465.0	390280.0	114112.0	90393.0	22.1	43.6	32.3	50.6
2014-11-25	587752.0	60614.0	46794.0	360316.0	410014.0	146031.0	110153.0	19.6	39.1	28.6	45.6
2014-12-02	558122.0	67986.0	54785.0	354266.0	393331.0	116258.0	90394.0	20.1	41.5	29.6	48.2
2014-12-09	568563.0	65905.0	57017.0	367130.0	406648.0	118180.0	87550.0	19.8	41.4	30.3	48.2
2014-12-16	528628.0	66406.0	63182.0	340758.0	364596.0	111023.0	90409.0	20.5	39.7	30.6	47.3
2014-12-23	526308.0	60559.0	61542.0	341942.0	365662.0	115184.0	90481.0	20.7	38.1	30.3	46.6
2014-12-30	523482.0	59973.0	63158.0	340554.0	364615.0	114434.0	87188.0	20.8	38.3	30.6	46.9
2015-01-06	522725.0	63506.0	73354.0	337010.0	358196.0	114182.0	83148.0	21.0	38.0	31.5	46.5
2015-01-13	514237.0	53952.0	75534.0	341493.0	346923.0	109162.0	82150.0	19.8	36.6	29.9	45.2
2015-01-20	508266.0	58964.0	73651.0	327252.0	339228.0	112118.0	85455.0	19.1	36.6	28.9	45.6
2015-01-27	504360.0	57260.0	72237.0	333216.0	342623.0	107020.0	82636.0	19.1	35.5	29.3	45.8
2015-02-03	502448.0	47388.0	76816.0	329813.0	325345.0	113034.0	88074.0	18.3	32.7	27.7	43.1
2015-02-10	537389.0	45459.0	78307.0	357247.0	355667.0	117865.0	86597.0	17.9	33.9	28.0	41.3
2015-02-17	574966.0	48924.0	79536.0	379794.0	382145.0	117747.0	84784.0	17.4	35.1	26.7	43.0
2015-02-24	631899.0	46661.0	88831.0	433426.0	424106.0	122121.0	89271.0	16.7	32.0	25.8	40.2
2015-03-03	581574.0	51161.0	86573.0	401381.0	388041.0	111278.0	89206.0	19.0	34.4	30.3	43.8
2015-03-10	587671.0	53168.0	92783.0	407573.0	391246.0	113676.0	90388.0	19.4	35.1	31.5	44.4
2015-03-17	581355.0	51386.0	93378.0	401189.0	393272.0	117486.0	83411.0	20.0	37.5	31.9	47.4
2015-03-24	581495.0	46725.0	95537.0	402447.0	389033.0	125217.0	89819.0	21.0	36.3	32.7	46.2
2015-03-31	571434.0	47464.0	94666.0	395365.0	382863.0	121326.0	86626.0	19.8	35.8	31.3	45.7
2015-04-07	570955.0	48938.0	81228.0	395478.0	391474.0	118707.0	90421.0	20.6	35.7	32.3	45.4
2015-04-14	586550.0	53156.0	88508.0	405480.0	400346.0	120420.0	90202.0	20.3	36.7	31.9	46.5
2015-04-21	580350.0	50191.0	86838.0	407924.0	396137.0	113854.0	88994.0	20.7	36.4	31.5	46.3
2015-04-28	576578.0	47192.0	84724.0	404230.0	389164.0	117213.0	94747.0	22.5	36.3	32.8	45.9
2015-05-05	582220.0	46685.0	79504.0	408612.0	395239.0	119316.0	99870.0	22.5	37.5	33.3	46.9
2015-05-12	579355.0	46666.0	79701.0	414912.0	392894.0	108581.0	97564.0	23.8	37.5	34.6	46.6
2015-05-19	575801.0	42045.0	78920.0	421590.0	387712.0	106749.0	103752.0	24.6	38.2	34.9	47.5
2015-05-26	623616.0	38724.0	86683.0	438951.0	410030.0	128433.0	109395.0	22.6	35.4	32.0	43.8
2015-06-02	625787.0	45141.0	84702.0	461094.0	431492.0	112443.0	102484.0	22.7	36.6	32.9	44.2
2015-06-09	616244.0	55734.0	88126.0	439265.0	425706.0	113930.0	95097.0	23.8	37.6	33.0	45.4
2015-06-16	610253.0	55469.0	81503.0	430776.0	422263.0	116345.0	98824.0	24.2	38.7	34.2	47.0
2015-06-23	597597.0	55934.0	80693.0	424785.0	413719.0	106416.0	92723.0	24.6	39.4	35.8	47.8
2015-06-30	587059.0	50444.0	91064.0	427139.0	395711.0	101369.0	92177.0	25.0	38.0	36.8	45.9
2015-07-07	594592.0	52712.0	91759.0	428328.0	400398.0	104932.0	93815.0	24.5	38.2	35.5	45.9
2015-07-14	605317.0	51868.0	95829.0	436304.0	404571.0	108487.0	96259.0	24.7	38.4	35.9	46.3
2015-07-21	607965.0	52166.0	97829.0	438902.0	409419.0	107877.0	91697.0	24.0	38.3	35.7	47.0
2015-07-28	612314.0	54589.0	101138.0	443485.0	412371.0	106459.0	91024.0	23.5	38.7	35.5	47.3
2015-08-04	605175.0	47685.0	97454.0	432612.0	399323.0	117492.0	101012.0	23.9	38.3	35.6	47.3
2015-08-11	609376.0	49071.0	84427.0	424830.0	416787.0	125921.0	98608.0	23.6	40.5	34.3	49.1
2015-08-18	611141.0	55370.0	94664.0	421225.0	410695.0	123167.0	94403.0	22.3	42.0	32.9	50.4
2015-08-25	620639.0	57034.0	101652.0	415570.0	397973.0	133863.0	106842.0	20.6	38.4	31.1	47.1
2015-09-01	620643.0	54969.0	97969.0	408633.0	379609.0	117417.0	103441.0	20.9	37.3	32.3	46.3
2015-09-08	615308.0	53346.0	104334.0	410153.0	374606.0	117789.0	102348.0	21.8	38.3	32.9	47.5
2015-09-15	625599.0	56140.0	109483.0	423355.0	389733.0	116862.0	97141.0	23.4	39.5	35.2	49.0
2015-09-22	635674.0	57651.0	114184.0	441473.0	404663.0	116213.0	96490.0	22.9	41.3	35.8	50.9
2015-09-29	632244.0	62640.0	130482.0	445946.0	405159.0	114812.0	87757.0	23.9	42.6	36.9	52.6
2015-10-06	636157.0	50377.0	135634.0	461353.0	399559.0	112723.0	89260.0	24.6	42.2	37.6	52.3
2015-10-13	645806.0	56127.0	147192.0	460673.0	399816.0	117503.0	87295.0	24.8	43.0	37.3	53.7
2015-10-20	635244.0	57222.0	144748.0	448090.0	390912.0	118484.0	88136.0	25.2	42.0	37.1	52.6
2015-10-27	636077.0	64130.0	141630.0	438115.0	393264.0	122330.0	89681.0	25.1	42.4	35.5	52.2
2015-11-03	629188.0	68174.0	148006.0	434757.0	378265.0	117451.0	94111.0	24.7	40.8	34.8	51.0
2015-11-10	619242.0	62632.0	146060.0	426766.0	364540.0	119161.0	97959.0	24.7	38.8	34.8	48.7
2015-11-17	623375.0	59428.0	149678.0	430132.0	368909.0	124855.0	95828.0	24.8	40.0	34.5	50.2
2015-11-24	689379.0	60961.0	145187.0	467335.0	417082.0	132385.0	98412.0	22.1	35.0	30.7	43.9
2015-12-01	653061.0	61767.0	136059.0	459994.0	408893.0	113438.0	90247.0	24.5	39.2	33.6	48.6
2015-12-08	635543.0	58505.0	140689.0	448412.0	388463.0	111043.0	88808.0	23.7	42.7	34.0	52.0
2015-12-15	637448.0	58616.0	136946.0	447319.0	401274.0	117964.0	85679.0	23.5	44.3	35.1	54.0
2015-12-22	616380.0	57996.0	145149.0	433375.0	385342.0	118392.0	79272.0	23.8	46.4	34.8	56.8
2015-12-29	614176.0	56368.0	150448.0	437090.0	375008.0	114082.0	82084.0	23.9	45.7	35.0	56.0
2016-01-05	614216.0	53393.0	151161.0	436214.0	375690.0	119542.0	82298.0	24.6	45.7	34.8	55.7
2016-01-12	615185.0	55563.0	148315.0	433400.0	375376.0	121351.0	86623.0	22.6	46.7	33.1	56.9
2016-01-19	619337.0	58859.0	148881.0	431269.0	381213.0	123971.0	84005.0	22.4	46.2	32.7	56.3
2016-01-26	627847.0	60173.0	148576.0	440563.0	393646.0	122782.0	81296.0	22.5	46.6	33.4	57.0
2016-02-02	628989.0	60095.0	146541.0	432320.0	401868.0	132414.0	76420.0	22.3	48.1	32.7	57.0
2016-02-09	631270.0	61692.0	145707.0	435616.0	402340.0	129484.0	78745.0	22.0	46.7	33.5	55.5
2016-02-16	642208.0	60323.0	147085.0	434299.0	413875.0	143357.0	77019.0	22.1	47.6	33.8	57.5
2016-02-23	662294.0	61679.0	146531.0	434966.0	420725.0	158438.0	87827.0	21.4	44.9	32.6	55.1
2016-03-01	624033.0	49366.0	142220.0	426102.0	390198.0	140404.0	83454.0	21.9	45.2	32.5	56.2
2016-03-08	624129.0	48074.0	144409.0	418578.0	384172.0	145745.0	83816.0	22.9	45.4	33.3	55.4
2016-03-15	621198.0	48148.0	147752.0	421735.0	382146.0	141450.0	81435.0	23.5	45.2	33.4	55.1
2016-03-22	616349.0	50443.0	152597.0	423340.0	376953.0	135896.0	80129.0	23.8	45.6	34.8	55.5
2016-03-29	619757.0	50002.0	152140.0	424357.0	378644.0	138912.0	82487.0	22.7	46.3	33.9	56.1
2016-04-05	624505.0	51499.0	155325.0	425097.0	379037.0	139779.0	82013.0	22.0	45.4	34.1	54.8
2016-04-12	631065.0	53837.0	155325.0	425703.0	388751.0	141884.0	77348.0	21.6	44.8	33.2	53.8
2016-04-19	629322.0	54993.0	163710.0	425678.0	387437.0	140997.0	70521.0	21.7	45.3	32.6	54.1
2016-04-26	622083.0	49474.0	158267.0	435621.0	385973.0	129279.0	70134.0	22.4	45.2	33.3	54.3
2016-05-03	621279.0	48527.0	159750.0	434498.0	379424.0	129278.0	73129.0	22.3	44.8	33.5	54.1
2016-05-10	631450.0	49197.0	155734.0	435756.0	390467.0	134438.0	73190.0	22.5	45.1	33.6	54.5
2016-05-17	633667.0	52031.0	154486.0	432112.0	394112.0	138726.0	74271.0	21.6	46.1	32.9	56.0
2016-05-24	632998.0	50011.0	140853.0	427155.0	402146.0	147602.0	81769.0	21.8	45.8	32.5	55.5
2016-05-31	615744.0	53583.0	144805.0	407540.0	381286.0	139179.0	74211.0	21.9	44.7	32.3	54.7
2016-06-07	607403.0	52565.0	143140.0	400381.0	372678.0	137972.0	75100.0	21.2	43.4	31.3	53.3
