2010-06-15	62170.0	5369.0	4621.0	42146.0	40673.0	10507.0	12727.0	22.7	25.4	34.9	37.5
2010-06-22	37543.0	5705.0	3993.0	26734.0	27162.0	4661.0	5946.0	40.0	40.8	52.2	59.4
2010-06-29	41448.0	7324.0	3125.0	27923.0	32267.0	5783.0	5638.0	36.9	47.0	48.5	65.2
2010-07-06	40783.0	6616.0	4764.0	27977.0	29880.0	6054.0	6003.0	38.5	43.3	49.3	62.6
2010-07-13	39091.0	4819.0	6256.0	29022.0	25431.0	4985.0	7138.0	44.5	34.7	56.8	51.7
2010-07-20	41245.0	6482.0	4700.0	29066.0	28213.0	5249.0	7884.0	41.9	34.3	52.8	55.4
2010-07-27	43524.0	7542.0	4986.0	29085.0	29793.0	6496.0	8345.0	38.2	35.5	49.9	55.8
2010-08-03	44759.0	10430.0	4278.0	27907.0	34615.0	5961.0	5405.0	35.4	40.4	48.0	60.5
2010-08-10	46277.0	9629.0	3934.0	28972.0	35250.0	7049.0	6466.0	35.7	40.1	47.9	60.3
2010-08-17	48402.0	13638.0	4416.0	27064.0	38455.0	7496.0	5326.0	30.4	41.6	42.8	60.6
2010-08-24	44608.0	9852.0	4597.0	27173.0	34368.0	7191.0	5250.0	32.2	39.1	44.4	59.9
2010-08-31	43120.0	9186.0	5333.0	27248.0	32456.0	6411.0	5056.0	32.8	36.3	45.1	57.5
2010-09-07	51637.0	6640.0	4404.0	32285.0	33745.0	7651.0	8426.0	34.6	31.3	45.7	46.1
2010-09-14	53351.0	11191.0	6113.0	31710.0	38503.0	7644.0	5930.0	29.6	30.7	40.5	45.4
2010-09-21	39273.0	12139.0	5698.0	21383.0	27178.0	5489.0	6136.0	28.2	31.2	44.0	48.9
2010-09-28	44430.0	17723.0	3744.0	19989.0	33814.0	6058.0	6212.0	25.0	31.3	39.9	51.2
2010-10-05	49007.0	21368.0	3873.0	19905.0	39239.0	7387.0	5548.0	26.1	33.8	40.3	52.9
2010-10-12	45517.0	17192.0	4613.0	21377.0	35543.0	6439.0	4851.0	27.0	31.4	42.1	50.7
2010-10-19	45097.0	16844.0	4259.0	21575.0	35606.0	6306.0	4860.0	26.3	37.4	41.9	57.2
2010-10-26	48054.0	19498.0	3291.0	20849.0	39603.0	7276.0	4729.0	23.1	39.0	38.2	58.8
2010-11-02	48467.0	19951.0	4130.0	20801.0	38598.0	7476.0	5501.0	22.5	38.0	37.7	57.5
2010-11-09	50875.0	22612.0	6753.0	21237.0	38794.0	6822.0	5125.0	21.8	39.1	36.7	59.0
2010-11-16	47805.0	17265.0	5617.0	23709.0	37060.0	6745.0	5042.0	21.1	40.7	35.5	60.1
2010-11-23	50667.0	17610.0	6959.0	25972.0	38265.0	6808.0	5165.0	21.7	40.0	35.6	58.3
2010-11-30	48594.0	15798.0	5617.0	25850.0	36767.0	6742.0	6005.0	24.1	39.2	37.7	58.3
2010-12-07	48189.0	18228.0	3938.0	22721.0	38347.0	6575.0	5238.0	24.9	37.1	39.5	56.0
2010-12-14	47633.0	13260.0	3165.0	25941.0	37142.0	7586.0	6480.0	22.2	33.3	35.4	51.8
2010-12-21	36880.0	10095.0	3118.0	20605.0	30470.0	6172.0	3284.0	27.7	43.7	41.7	60.4
2010-12-28	36546.0	9844.0	2642.0	20447.0	29903.0	6209.0	3955.0	27.5	43.1	41.0	59.9
2011-01-04	40020.0	13354.0	3352.0	20114.0	32502.0	6365.0	3979.0	26.1	41.0	40.2	57.0
2011-01-11	42612.0	15079.0	3129.0	20959.0	35748.0	6575.0	3735.0	28.9	43.0	43.6	59.7
2011-01-18	45419.0	16145.0	5034.0	22098.0	35475.0	7162.0	4896.0	28.3	37.0	39.8	52.9
2011-01-25	49782.0	18658.0	6530.0	23700.0	37763.0	7173.0	5237.0	27.1	37.1	42.1	51.9
2011-02-01	60570.0	21546.0	4347.0	29244.0	47769.0	8225.0	6899.0	28.6	37.5	40.4	52.4
2011-02-08	55629.0	15536.0	5398.0	29452.0	40008.0	8622.0	8204.0	28.2	30.9	40.6	46.2
2011-02-15	58212.0	17051.0	4130.0	29737.0	43501.0	9170.0	8327.0	27.3	36.3	38.0	50.6
2011-02-22	57762.0	16433.0	5595.0	29900.0	41356.0	8698.0	8079.0	27.1	33.8	37.8	47.4
2011-03-01	58911.0	13825.0	4242.0	32244.0	44315.0	8623.0	6135.0	21.7	37.1	31.6	51.5
2011-03-08	59316.0	15414.0	3842.0	31816.0	44410.0	8403.0	7381.0	22.8	35.6	33.0	50.2
2011-03-15	63793.0	11942.0	2887.0	37387.0	44892.0	9699.0	11248.0	21.1	27.6	30.4	39.7
2011-03-22	44989.0	15576.0	4108.0	24042.0	34253.0	5154.0	6410.0	37.9	38.4	51.0	55.2
2011-03-29	58786.0	24250.0	4336.0	25145.0	48454.0	9125.0	5729.0	38.8	44.0	52.0	61.2
2011-04-05	58807.0	26687.0	4945.0	25348.0	45642.0	6732.0	8180.0	38.8	43.4	50.8	59.1
2011-04-12	59261.0	26079.0	4368.0	26172.0	47223.0	6857.0	7517.0	37.4	45.4	49.7	62.0
2011-04-19	53057.0	20437.0	4538.0	25406.0	40602.0	7202.0	7905.0	31.3	41.3	45.1	58.7
2011-04-26	57431.0	21083.0	4819.0	28950.0	43534.0	7279.0	8960.0	29.7	39.9	41.3	55.2
2011-05-03	65524.0	29601.0	6358.0	28911.0	53323.0	7003.0	5834.0	33.4	41.3	45.7	58.7
2011-05-10	60500.0	25323.0	4741.0	27324.0	49315.0	7664.0	6255.0	33.6	42.9	46.1	60.2
2011-05-17	77478.0	16513.0	3181.0	41201.0	57916.0	16557.0	13175.0	15.8	34.8	24.1	47.4
2011-05-24	77677.0	15744.0	3180.0	41916.0	57678.0	16322.0	13124.0	16.2	33.5	24.2	45.9
2011-05-31	78430.0	16735.0	3186.0	42021.0	57847.0	15727.0	13450.0	17.3	32.7	25.5	44.8
2011-06-07	70449.0	10261.0	5554.0	40701.0	47916.0	15553.0	13045.0	20.5	36.1	30.1	47.0
2011-06-14	81758.0	10397.0	3046.0	48219.0	57486.0	16549.0	14633.0	17.9	30.6	26.2	39.5
2011-06-21	41287.0	10436.0	3270.0	24712.0	33912.0	6037.0	4003.0	27.3	51.2	43.3	65.1
2011-06-28	39596.0	10841.0	2366.0	22518.0	32922.0	5965.0	4036.0	27.3	49.6	42.2	64.9
2011-07-05	49758.0	18169.0	4688.0	24978.0	40882.0	6354.0	3931.0	32.0	45.2	47.4	62.5
2011-07-12	73447.0	25474.0	3138.0	34236.0	61296.0	10054.0	5330.0	26.7	45.1	38.3	60.4
2011-07-19	76111.0	24951.0	2167.0	38759.0	64698.0	8485.0	5330.0	28.5	43.3	40.1	59.3
2011-07-26	74390.0	19265.0	2351.0	42465.0	62806.0	8297.0	4871.0	25.5	42.8	37.7	58.2
2011-08-02	72896.0	16261.0	2947.0	43343.0	59216.0	9126.0	6566.0	21.2	41.2	33.9	56.8
2011-08-09	66231.0	15779.0	1176.0	40598.0	56783.0	8453.0	6872.0	22.8	43.4	35.0	57.7
2011-08-16	53860.0	8795.0	6086.0	35951.0	37714.0	6090.0	7036.0	22.7	28.0	35.5	45.7
2011-08-23	52216.0	7412.0	1283.0	35154.0	41084.0	6415.0	6614.0	22.3	36.0	33.7	52.3
2011-08-30	52814.0	7037.0	3844.0	36657.0	38333.0	5943.0	7461.0	23.3	27.7	35.3	42.7
2011-09-06	51603.0	8213.0	2330.0	33328.0	38353.0	6742.0	7600.0	21.5	29.2	34.0	45.5
2011-09-13	62157.0	8306.0	2987.0	40408.0	45923.0	8777.0	8581.0	18.2	25.7	28.1	39.0
2011-09-20	32752.0	7428.0	2708.0	21685.0	25047.0	3619.0	4977.0	36.2	38.8	51.6	55.5
2011-09-27	47828.0	5827.0	3307.0	33252.0	34520.0	4540.0	5791.0	31.5	36.5	42.8	48.2
2011-10-04	50342.0	8763.0	1882.0	31919.0	38754.0	5624.0	5670.0	24.9	42.3	35.5	54.3
2011-10-11	39332.0	10275.0	4266.0	25000.0	28843.0	4028.0	6194.0	32.6	43.9	48.5	55.5
2011-10-18	50365.0	6987.0	879.0	33991.0	39635.0	5860.0	6323.0	25.7	45.7	36.7	57.5
2011-10-25	53649.0	6572.0	2608.0	34991.0	38423.0	8285.0	8817.0	24.2	37.4	34.9	48.6
2011-11-01	56785.0	7954.0	2467.0	36315.0	41905.0	8398.0	8294.0	22.2	40.6	33.8	51.1
2011-11-08	42675.0	7171.0	4569.0	29042.0	33156.0	6442.0	4930.0	23.7	45.9	38.6	59.2
2011-11-15	45518.0	9858.0	4268.0	28168.0	35613.0	7338.0	5482.0	23.1	50.2	36.6	61.5
2011-11-22	61638.0	8099.0	4185.0	41274.0	46322.0	7774.0	6640.0	21.3	37.6	32.8	49.7
2011-11-29	59620.0	8186.0	4842.0	40379.0	43484.0	6960.0	7198.0	23.0	34.2	35.2	46.5
2011-12-06	66743.0	11207.0	2785.0	43777.0	52209.0	7771.0	7761.0	22.3	40.5	34.9	51.9
2011-12-13	106167.0	12678.0	3423.0	74083.0	83826.0	8981.0	8493.0	15.3	28.0	24.2	35.7
2011-12-20	45509.0	14449.0	3798.0	25595.0	37341.0	5305.0	4210.0	31.4	61.2	45.7	73.1
2011-12-27	44765.0	12651.0	4184.0	26733.0	36408.0	5097.0	3888.0	35.9	61.1	49.0	73.2
2012-01-03	47962.0	13816.0	3864.0	27865.0	40251.0	6102.0	3668.0	35.3	60.9	48.3	72.6
2012-01-10	50249.0	13413.0	3894.0	28790.0	41516.0	7507.0	4300.0	35.7	60.5	48.8	72.0
2012-01-17	50886.0	13940.0	4327.0	28691.0	41314.0	7444.0	4434.0	35.5	58.3	48.2	69.5
2012-01-24	51716.0	16294.0	4558.0	27813.0	41910.0	7512.0	5151.0	35.1	58.5	48.4	69.1
2012-01-31	51836.0	17444.0	4519.0	27176.0	42562.0	7087.0	4627.0	35.3	57.9	49.8	69.1
2012-02-07	54890.0	19704.0	5388.0	27993.0	45092.0	7170.0	4387.0	33.1	55.7	47.3	68.4
2012-02-14	53993.0	18506.0	5624.0	28318.0	43139.0	7146.0	5207.0	34.5	55.6	48.9	67.4
2012-02-21	53157.0	19310.0	5083.0	27015.0	42916.0	6758.0	5084.0	32.8	56.1	47.3	68.1
2012-02-28	55949.0	21253.0	5789.0	27490.0	44577.0	6797.0	5173.0	30.4	55.1	44.5	65.5
2012-03-06	54004.0	19077.0	7468.0	27696.0	40341.0	6839.0	5804.0	30.1	54.2	44.9	64.4
2012-03-13	95629.0	23586.0	5643.0	54970.0	75708.0	10222.0	7427.0	17.3	34.5	25.6	44.9
2012-03-20	53205.0	21690.0	6752.0	24827.0	41705.0	6686.0	4745.0	26.8	41.1	42.6	56.9
2012-03-27	53369.0	21065.0	6378.0	24806.0	42220.0	7216.0	4490.0	27.1	40.0	42.8	56.3
2012-04-03	52465.0	19811.0	7193.0	24994.0	39876.0	7503.0	5238.0	28.2	40.8	43.7	56.3
2012-04-10	49867.0	18142.0	8443.0	23711.0	36767.0	7987.0	4630.0	27.0	41.6	42.9	57.2
2012-04-17	51736.0	20087.0	7083.0	24882.0	39611.0	6680.0	4954.0	26.5	41.5	41.2	58.1
2012-04-24	50342.0	19659.0	6055.0	23115.0	39770.0	7539.0	4487.0	27.4	42.2	43.2	58.4
2012-05-01	56222.0	23380.0	6554.0	25378.0	44568.0	7438.0	5075.0	28.2	38.6	44.1	56.3
2012-05-08	51824.0	18077.0	9697.0	26458.0	37725.0	7178.0	4292.0	28.7	40.6	42.5	59.2
2012-05-15	50060.0	17836.0	8465.0	24496.0	37100.0	7696.0	4463.0	27.0	40.8	39.9	57.9
2012-05-22	67190.0	14209.0	6564.0	38838.0	47942.0	8661.0	7201.0	19.1	29.7	29.7	40.6
2012-05-29	68734.0	10900.0	7337.0	43416.0	49173.0	9957.0	7763.0	19.3	30.7	29.4	41.6
2012-06-05	72252.0	9900.0	6243.0	47820.0	53674.0	9986.0	7789.0	17.2	23.3	24.8	34.1
2012-06-12	88781.0	11108.0	5832.0	59680.0	66828.0	11949.0	10077.0	14.2	19.8	22.1	29.6
2012-06-19	38715.0	9785.0	7545.0	22432.0	26752.0	6341.0	4261.0	29.4	41.3	47.2	59.5
2012-06-26	45307.0	17650.0	5002.0	20591.0	36190.0	7005.0	4055.0	32.1	54.2	47.1	68.5
2012-07-03	45453.0	15211.0	5071.0	22543.0	36150.0	7536.0	4070.0	26.7	52.2	41.0	68.9
2012-07-10	43280.0	13226.0	6197.0	22638.0	33209.0	7358.0	3816.0	27.1	51.0	41.9	67.5
2012-07-17	41606.0	11573.0	5298.0	22857.0	32732.0	7175.0	3576.0	27.6	50.7	41.9	66.9
2012-07-24	39580.0	10655.0	7239.0	21709.0	28249.0	7179.0	4055.0	29.8	50.1	43.9	65.5
2012-07-31	49096.0	18289.0	5857.0	22456.0	37493.0	8253.0	5649.0	28.8	47.3	42.6	61.9
2012-08-07	52382.0	19835.0	5857.0	24328.0	40359.0	8117.0	6063.0	29.3	46.6	43.6	62.6
2012-08-14	52112.0	18140.0	6048.0	25260.0	40485.0	8683.0	5550.0	29.1	46.8	43.4	62.9
2012-08-21	56637.0	20812.0	6999.0	26414.0	42965.0	9286.0	6547.0	27.2	46.0	41.2	61.6
2012-08-28	58876.0	22042.0	5087.0	27061.0	48104.0	9158.0	5070.0	25.8	53.4	38.6	67.5
2012-09-04	56223.0	18913.0	6026.0	28104.0	44347.0	8463.0	5107.0	25.3	52.0	39.4	65.9
2012-09-11	62974.0	21841.0	5891.0	30810.0	50229.0	9434.0	5966.0	22.9	47.1	36.2	61.0
2012-09-18	75855.0	25501.0	5972.0	39150.0	61399.0	9574.0	6853.0	20.3	40.8	32.9	52.7
2012-09-25	60437.0	27727.0	6551.0	23867.0	48904.0	8456.0	4595.0	25.1	43.3	40.0	60.5
2012-10-02	62042.0	27217.0	5622.0	26367.0	51675.0	7779.0	4065.0	23.3	44.7	37.3	62.4
2012-10-09	57807.0	23223.0	6224.0	26844.0	46035.0	7503.0	5311.0	27.7	43.8	42.5	62.6
2012-10-16	60449.0	25678.0	6472.0	26580.0	48347.0	8186.0	5625.0	26.4	40.1	40.9	58.6
2012-10-23	55166.0	18722.0	7940.0	27633.0	42646.0	8293.0	4062.0	23.6	43.2	38.5	64.0
2012-10-30	53837.0	16472.0	8687.0	27849.0	39967.0	8427.0	4094.0	19.8	40.8	35.0	62.2
2012-11-06	51112.0	14735.0	6462.0	26955.0	38500.0	7564.0	4293.0	21.1	41.0	36.3	61.8
2012-11-13	50635.0	12483.0	8915.0	25812.0	35030.0	9525.0	3875.0	16.6	36.3	31.0	57.5
2012-11-20	48149.0	9387.0	11227.0	27627.0	29519.0	8610.0	4879.0	19.2	32.2	33.7	53.7
2012-11-27	48110.0	8104.0	10682.0	29349.0	30039.0	8175.0	4907.0	20.1	32.5	32.9	54.1
2012-12-04	47680.0	10533.0	6824.0	27242.0	35031.0	8692.0	4612.0	17.7	33.6	31.9	56.5
2012-12-11	50665.0	12947.0	7715.0	29762.0	36724.0	7808.0	6078.0	22.3	31.4	36.6	52.4
2012-12-18	77875.0	14859.0	1962.0	46613.0	63046.0	9794.0	6258.0	16.0	29.3	26.1	44.4
2012-12-24	48053.0	13374.0	3273.0	26774.0	40921.0	7854.0	3808.0	23.9	55.1	39.0	71.5
2012-12-31	46805.0	13650.0	4785.0	25656.0	38623.0	7342.0	3240.0	20.3	54.6	35.5	70.8
2013-01-08	46682.0	12463.0	3591.0	26233.0	39017.0	7987.0	4075.0	23.7	51.9	39.0	71.8
2013-01-15	51142.0	13688.0	3723.0	29189.0	42091.0	8247.0	5311.0	24.5	48.5	39.5	67.5
2013-01-22	55139.0	15702.0	4029.0	31160.0	44192.0	8254.0	6895.0	24.1	45.0	38.3	64.7
2013-01-29	57873.0	17078.0	6281.0	30994.0	44133.0	9687.0	7346.0	23.5	43.7	38.2	62.4
2013-02-05	58609.0	19318.0	4964.0	29232.0	47250.0	10029.0	6365.0	23.9	42.9	38.8	62.7
2013-02-12	61689.0	20017.0	6539.0	31700.0	48255.0	9893.0	6816.0	23.9	40.8	38.4	60.6
2013-02-19	61804.0	19004.0	5290.0	32209.0	48737.0	10501.0	7687.0	24.3	41.1	39.1	61.2
2013-02-26	62136.0	20854.0	5422.0	30244.0	48163.0	10742.0	8255.0	22.6	40.4	36.2	60.4
2013-03-05	69220.0	21390.0	8669.0	37023.0	50264.0	10429.0	9909.0	21.6	36.1	34.9	55.1
2013-03-12	102701.0	22210.0	6202.0	67212.0	80449.0	12010.0	14781.0	14.7	20.2	22.6	32.8
2013-03-19	53674.0	22914.0	3891.0	22205.0	41184.0	8439.0	8483.0	27.6	32.4	42.1	57.0
2013-03-26	55859.0	22196.0	4560.0	24482.0	42627.0	8977.0	8468.0	27.1	31.7	42.5	56.9
2013-04-02	56703.0	22713.0	5380.0	25704.0	40866.0	8268.0	10440.0	27.5	31.3	43.2	55.2
2013-04-09	55463.0	21507.0	5605.0	25160.0	39846.0	8756.0	9972.0	28.3	33.7	44.2	57.7
2013-04-16	57360.0	23021.0	5310.0	25518.0	42298.0	8674.0	9605.0	26.9	31.1	43.1	55.7
2013-04-23	59475.0	25500.0	4077.0	25229.0	46718.0	8727.0	8661.0	24.1	36.9	39.2	60.4
2013-04-30	60731.0	23531.0	4369.0	28026.0	47065.0	9170.0	9293.0	24.3	36.7	38.0	60.9
2013-05-07	60180.0	23762.0	4945.0	27509.0	45880.0	8898.0	9344.0	24.0	37.1	38.4	62.0
2013-05-14	59879.0	22570.0	4765.0	27761.0	44734.0	9352.0	10183.0	24.2	34.4	37.1	56.1
2013-05-21	57531.0	20351.0	4263.0	26662.0	41982.0	10015.0	10784.0	23.2	33.9	36.0	54.8
2013-05-28	57916.0	21424.0	3774.0	26070.0	43215.0	10357.0	10862.0	25.3	33.8	37.6	55.8
2013-06-04	58071.0	24387.0	2683.0	24357.0	44881.0	9260.0	10439.0	23.5	36.2	37.4	58.3
2013-06-11	55426.0	22767.0	2743.0	23878.0	43275.0	8712.0	9339.0	27.3	38.3	41.3	58.2
2013-06-18	76492.0	26072.0	2968.0	39962.0	62494.0	8997.0	9569.0	22.8	28.0	33.9	45.2
2013-06-25	45296.0	18589.0	3454.0	19498.0	35455.0	6882.0	6059.0	23.6	45.7	36.4	65.7
2013-07-02	47054.0	19214.0	2154.0	20669.0	38755.0	6936.0	5911.0	24.5	47.7	39.4	68.5
2013-07-09	52840.0	21841.0	3988.0	23174.0	41995.0	7550.0	6582.0	25.9	42.9	42.2	64.1
2013-07-16	58559.0	22706.0	3171.0	27101.0	48672.0	8443.0	6407.0	25.8	49.0	41.5	68.0
2013-07-23	60037.0	22643.0	3135.0	28392.0	49923.0	8759.0	6736.0	23.6	47.6	38.4	67.9
2013-07-30	61227.0	23681.0	3044.0	28902.0	50504.0	8388.0	7422.0	23.2	46.9	38.0	65.9
2013-08-06	61341.0	22220.0	3670.0	30157.0	50007.0	8609.0	7310.0	24.5	43.5	39.6	64.1
2013-08-13	63624.0	24826.0	3346.0	28184.0	53202.0	10339.0	6800.0	21.5	43.6	35.9	67.3
2013-08-20	54405.0	19160.0	4171.0	25445.0	43941.0	9338.0	5831.0	19.5	47.3	32.5	68.9
2013-08-27	51533.0	15023.0	4225.0	28118.0	40395.0	8146.0	6667.0	24.0	43.8	36.6	65.9
2013-09-03	49019.0	13336.0	3366.0	27415.0	35738.0	8047.0	9693.0	23.8	43.8	36.1	63.5
2013-09-10	66726.0	14294.0	4685.0	38522.0	49912.0	13268.0	11487.0	15.5	31.6	25.1	48.5
2013-09-17	84348.0	20351.0	3525.0	45509.0	62394.0	13614.0	13555.0	17.8	33.8	29.0	50.3
2013-09-24	68015.0	29003.0	4204.0	29985.0	58534.0	8749.0	4999.0	23.9	50.9	38.4	72.6
2013-10-01	59278.0	21238.0	4482.0	29129.0	49699.0	8538.0	4724.0	18.7	52.5	32.2	72.7
2013-10-08	50296.0	14776.0	5097.0	25931.0	39812.0	9348.0	5146.0	18.9	51.6	33.1	73.0
2013-10-15	61766.0	12691.0	6816.0	38002.0	47234.0	9303.0	5946.0	15.2	37.7	25.0	55.9
2013-10-22	65178.0	15413.0	6271.0	38312.0	50353.0	9441.0	6541.0	17.2	36.9	27.1	56.7
2013-10-29	71415.0	17990.0	7991.0	41557.0	53159.0	9751.0	8148.0	17.9	34.4	28.8	55.9
2013-11-05	76549.0	21783.0	7275.0	42240.0	57611.0	9915.0	9052.0	20.0	34.8	30.3	56.7
2013-11-12	78368.0	21879.0	7492.0	44669.0	58434.0	9102.0	9724.0	20.4	34.2	30.5	55.8
2013-11-19	79063.0	22167.0	10054.0	44283.0	55174.0	9894.0	11116.0	19.8	32.2	30.5	51.2
2013-11-26	81713.0	23581.0	10072.0	45606.0	57287.0	9647.0	11475.0	19.4	31.5	30.7	49.5
2013-12-03	86226.0	26097.0	7864.0	46242.0	63946.0	9968.0	10496.0	18.6	34.3	30.7	54.1
2013-12-10	84512.0	23873.0	7564.0	47085.0	63781.0	9860.0	9474.0	19.7	37.0	32.6	57.3
2013-12-17	87167.0	19012.0	7004.0	53479.0	66807.0	9937.0	8617.0	16.7	35.1	27.2	51.7
2013-12-24	59754.0	15183.0	10626.0	36133.0	41554.0	8149.0	7285.0	27.5	47.3	42.5	66.1
2014-01-07	63744.0	19460.0	9859.0	35166.0	44481.0	8894.0	9180.0	23.2	45.0	37.5	66.6
2014-01-14	66166.0	21395.0	9511.0	35213.0	47791.0	9232.0	8538.0	22.3	45.3	37.2	66.8
2014-01-21	66296.0	19491.0	10200.0	37483.0	47708.0	9167.0	8234.0	25.7	45.2	41.5	69.0
2014-01-28	61970.0	16126.0	11282.0	37646.0	43684.0	7845.0	6651.0	22.0	46.7	37.2	71.0
2014-02-04	58907.0	14214.0	9726.0	35570.0	44060.0	8689.0	4687.0	21.7	50.2	34.5	76.3
2014-02-11	66710.0	10397.0	11972.0	42932.0	43473.0	10373.0	8256.0	24.3	40.9	34.3	60.1
2014-02-18	55663.0	12975.0	13598.0	33531.0	34946.0	9128.0	7090.0	23.0	46.2	37.1	66.3
2014-02-25	60457.0	15180.0	11363.0	35391.0	42263.0	9872.0	6817.0	24.8	46.3	40.2	68.3
2014-03-04	66245.0	19393.0	12139.0	37500.0	46542.0	9342.0	7555.0	24.0	45.2	39.4	64.7
2014-03-11	64348.0	17704.0	13141.0	37375.0	44140.0	9075.0	6873.0	24.8	45.5	40.1	65.4
2014-03-18	91896.0	20329.0	8969.0	58015.0	70331.0	9406.0	8450.0	19.8	36.9	30.9	55.8
2014-03-25	63777.0	16502.0	12172.0	38432.0	44100.0	8834.0	7496.0	25.3	50.2	39.5	68.0
2014-04-01	64050.0	17941.0	12846.0	37840.0	43559.0	8261.0	7636.0	23.4	46.8	37.0	65.4
2014-04-08	58307.0	13553.0	14493.0	36602.0	36743.0	8115.0	7033.0	24.3	44.8	38.6	63.4
2014-04-15	53600.0	12205.0	12593.0	34247.0	33809.0	7111.0	7161.0	26.0	40.9	39.3	60.5
2014-04-22	59993.0	13685.0	12554.0	37965.0	39825.0	8327.0	7599.0	25.6	42.5	39.9	61.6
2014-04-29	60892.0	16205.0	11446.0	36844.0	41103.0	7797.0	8297.0	24.4	42.8	39.0	63.1
2014-05-06	59360.0	15242.0	13429.0	36621.0	37583.0	7405.0	8257.0	26.0	43.1	41.6	60.8
2014-05-13	68067.0	21751.0	13499.0	37642.0	43754.0	8658.0	10798.0	23.4	37.9	35.5	56.7
2014-05-20	60912.0	16134.0	16871.0	37194.0	35578.0	7532.0	8411.0	24.0	36.5	37.7	56.0
2014-05-27	64624.0	18313.0	13682.0	37255.0	41847.0	8430.0	8469.0	22.9	36.0	37.1	55.3
2014-06-03	63905.0	17811.0	14052.0	36448.0	40580.0	9326.0	8954.0	24.5	36.9	39.0	53.9
2014-06-10	65446.0	18777.0	14439.0	37935.0	41641.0	8654.0	9286.0	23.9	37.8	37.0	54.5
2014-06-17	83468.0	17490.0	13766.0	55568.0	61344.0	9664.0	7612.0	19.4	30.0	29.0	43.2
2014-06-24	58112.0	14579.0	15334.0	35549.0	35279.0	7769.0	7284.0	27.7	38.7	41.9	58.0
2014-07-01	65075.0	20245.0	14188.0	35886.0	44205.0	8818.0	6557.0	25.2	39.4	38.5	58.7
2014-07-08	58489.0	15775.0	13258.0	35219.0	37808.0	7342.0	7270.0	27.5	40.7	41.6	60.3
2014-07-15	62186.0	19009.0	13965.0	34769.0	41107.0	8405.0	7111.0	26.8	40.9	40.0	59.8
2014-07-22	63627.0	21719.0	12547.0	33242.0	43587.0	8663.0	7489.0	27.0	40.8	40.0	59.1
2014-07-29	63353.0	20319.0	10072.0	34237.0	45858.0	8616.0	7243.0	27.2	42.7	41.1	61.0
2014-08-05	58328.0	15645.0	15131.0	33747.0	36418.0	8408.0	6251.0	22.4	40.2	34.7	57.7
2014-08-12	54959.0	13015.0	16752.0	33808.0	31687.0	8129.0	6514.0	23.3	39.2	34.9	57.2
2014-08-19	55644.0	13994.0	15257.0	32360.0	32274.0	9059.0	7882.0	23.3	38.9	36.4	58.0
2014-08-26	60918.0	18066.0	15313.0	33799.0	36329.0	8458.0	8681.0	27.0	38.6	40.4	57.5
2014-09-02	64775.0	20144.0	13566.0	35178.0	41567.0	8731.0	8920.0	26.9	37.2	40.8	55.5
2014-09-09	64723.0	18859.0	13133.0	36215.0	40979.0	8245.0	9207.0	25.7	36.4	38.7	54.3
2014-09-16	85792.0	24228.0	12543.0	50640.0	60582.0	8271.0	10014.0	18.2	28.8	27.3	43.4
2014-09-23	67750.0	22270.0	14532.0	37499.0	45589.0	7808.0	7455.0	22.2	35.9	37.0	52.7
2014-09-30	69201.0	24463.0	11442.0	36496.0	49238.0	8190.0	8469.0	20.9	40.9	35.3	58.4
2014-10-07	66136.0	20033.0	11448.0	37747.0	45888.0	8127.0	8572.0	24.4	38.3	38.9	55.9
2014-10-14	59234.0	17437.0	11603.0	33830.0	40156.0	7884.0	7392.0	27.5	38.5	42.9	55.1
2014-10-21	55269.0	14010.0	12294.0	35146.0	34165.0	6072.0	8768.0	27.5	34.7	42.5	49.2
2014-10-28	56533.0	17863.0	12229.0	32465.0	35053.0	6066.0	9112.0	29.4	36.1	46.2	50.8
2014-11-04	66485.0	20442.0	9410.0	37575.0	46465.0	8121.0	10263.0	27.3	36.7	42.7	55.6
2014-11-11	67770.0	23307.0	10596.0	36407.0	45830.0	7863.0	11151.0	24.3	37.4	40.7	54.6
2014-11-18	71721.0	25181.0	10823.0	37851.0	49155.0	8593.0	11646.0	23.4	37.8	38.8	55.7
2014-11-25	71821.0	23184.0	10896.0	39941.0	48977.0	8680.0	11932.0	22.2	38.6	38.6	54.8
2014-12-02	75115.0	24543.0	11243.0	41403.0	52630.0	9121.0	11194.0	21.2	38.7	37.8	56.2
2014-12-09	83767.0	21601.0	9171.0	48452.0	62308.0	11879.0	10452.0	21.2	40.7	33.8	53.3
2014-12-16	99154.0	22853.0	9442.0	57741.0	75244.0	15528.0	11436.0	17.8	38.4	28.6	50.2
2014-12-23	53355.0	14414.0	9639.0	30251.0	38092.0	8623.0	5558.0	27.0	38.9	42.6	59.3
2014-12-30	56954.0	17687.0	9701.0	30392.0	41371.0	8799.0	5807.0	24.4	38.3	40.5	58.4
2015-01-06	56308.0	19294.0	10013.0	28477.0	40569.0	8302.0	5491.0	22.9	41.1	38.8	62.0
2015-01-13	55366.0	17667.0	9816.0	29525.0	39840.0	8041.0	5577.0	23.4	40.7	40.5	62.4
2015-01-20	50301.0	13779.0	9278.0	27981.0	36796.0	8327.0	4012.0	26.3	43.8	41.7	65.8
2015-01-27	52970.0	11598.0	12415.0	30976.0	34862.0	9275.0	4572.0	27.2	41.1	41.8	59.9
2015-02-03	52505.0	13228.0	8514.0	27851.0	38037.0	10609.0	5137.0	22.0	40.3	34.3	61.1
2015-02-10	53087.0	17274.0	8332.0	25558.0	38765.0	10120.0	5854.0	23.1	39.2	37.8	59.0
2015-02-17	58115.0	20908.0	8540.0	26571.0	43654.0	10550.0	5836.0	23.6	37.8	37.7	58.8
2015-02-24	58166.0	19723.0	9200.0	27747.0	43183.0	10538.0	5624.0	21.9	35.9	35.5	57.0
2015-03-03	58358.0	21096.0	9204.0	29022.0	41728.0	8150.0	7336.0	22.7	37.4	36.1	56.5
2015-03-10	55716.0	17701.0	9326.0	29901.0	38293.0	7698.0	7681.0	25.1	38.6	38.8	57.4
2015-03-17	54208.0	15665.0	10638.0	29422.0	36426.0	8175.0	6198.0	23.5	36.3	35.6	54.9
2015-03-24	53325.0	14971.0	8773.0	29206.0	38248.0	7896.0	5053.0	30.8	39.2	44.4	61.6
2015-03-31	48671.0	11178.0	8041.0	27229.0	33339.0	8150.0	5176.0	28.9	39.4	40.7	59.9
2015-04-07	48669.0	12330.0	7697.0	26912.0	35032.0	8179.0	4692.0	29.4	40.1	41.4	59.9
2015-04-14	54343.0	16564.0	7944.0	28801.0	41021.0	8420.0	4821.0	29.1	40.0	41.9	61.9
2015-04-21	50070.0	13956.0	7935.0	27934.0	36806.0	7799.0	4947.0	31.2	44.1	43.8	63.0
2015-04-28	57117.0	16318.0	8098.0	32012.0	42187.0	7721.0	5766.0	29.5	39.8	43.8	57.8
2015-05-05	53082.0	13546.0	9900.0	31192.0	37082.0	8069.0	5825.0	30.6	40.7	43.8	59.1
2015-05-12	53077.0	14676.0	7130.0	28560.0	38421.0	9102.0	6787.0	30.2	39.7	42.6	56.1
2015-05-19	60703.0	21232.0	9895.0	29512.0	42504.0	9333.0	7677.0	29.4	35.8	43.4	53.9
2015-05-26	56676.0	17146.0	10024.0	30371.0	39075.0	8605.0	7022.0	30.5	38.5	43.7	56.2
2015-06-02	57516.0	17099.0	11021.0	31337.0	39578.0	8592.0	6430.0	27.7	36.9	40.6	54.4
2015-06-09	58066.0	11387.0	11500.0	37349.0	40355.0	8508.0	5389.0	29.7	35.8	42.0	54.3
2015-06-30	44827.0	8709.0	9099.0	28539.0	29319.0	6550.0	5380.0	32.5	43.3	43.7	60.1
2015-07-07	43659.0	9482.0	9087.0	27544.0	28153.0	6353.0	6139.0	34.5	44.5	47.3	61.1
2015-07-14	47511.0	13613.0	9093.0	27751.0	31072.0	5769.0	6968.0	34.9	40.7	47.1	57.1
2015-07-21	47433.0	10570.0	9301.0	29854.0	31537.0	6699.0	6286.0	35.6	41.8	47.9	58.8
2015-07-28	46258.0	9772.0	12826.0	29337.0	26906.0	6586.0	5963.0	29.5	43.6	41.6	59.7
2015-08-04	48166.0	10821.0	12112.0	30604.0	29829.0	6555.0	6040.0	29.4	43.1	42.8	59.0
2015-08-11	47419.0	10418.0	15837.0	30656.0	25015.0	6287.0	6509.0	28.5	45.6	41.5	61.3
2015-08-18	46724.0	10289.0	15523.0	29655.0	22234.0	5563.0	7751.0	27.4	42.1	38.3	56.2
2015-08-25	46395.0	9798.0	17726.0	29148.0	21202.0	6894.0	6912.0	30.5	43.5	44.5	59.2
2015-09-01	42344.0	8405.0	14196.0	28003.0	19243.0	5198.0	8167.0	33.2	43.7	48.7	59.7
2015-09-08	43620.0	10137.0	11183.0	26350.0	22277.0	5239.0	8266.0	27.8	40.6	39.9	52.1
2015-09-15	48589.0	10586.0	12129.0	30886.0	25054.0	5239.0	9528.0	27.3	35.1	40.2	45.5
2015-09-22	29388.0	8230.0	10239.0	16012.0	10417.0	5099.0	8685.0	26.4	30.8	41.5	43.9
2015-09-29	31990.0	10960.0	10803.0	15910.0	13891.0	5077.0	7253.0	29.2	34.8	41.6	51.9
2015-10-06	34668.0	13130.0	12187.0	16800.0	13607.0	4738.0	8874.0	27.7	26.0	41.6	40.0
2015-10-13	37572.0	14124.0	12347.0	18522.0	15655.0	4924.0	9568.0	26.8	26.5	40.6	43.8
2015-10-20	37727.0	12428.0	12321.0	19824.0	15637.0	5467.0	9761.0	23.1	24.4	37.1	41.7
2015-10-27	38703.0	12172.0	10371.0	20531.0	18990.0	5738.0	9080.0	19.8	25.7	32.4	37.1
2015-11-03	47790.0	16900.0	11205.0	23870.0	27614.0	6959.0	8911.0	20.1	31.3	33.0	43.2
2015-11-10	51867.0	19964.0	9440.0	25141.0	33215.0	6676.0	9126.0	23.2	32.9	34.9	47.1
2015-11-17	49731.0	17049.0	10487.0	24974.0	31662.0	7450.0	7323.0	24.7	33.3	36.1	50.2
2015-11-24	51507.0	19594.0	10716.0	25089.0	32367.0	6694.0	8295.0	24.7	32.3	36.8	49.0
2015-12-01	53404.0	20930.0	12326.0	25060.0	32863.0	7100.0	7901.0	20.5	33.1	32.9	48.1
2015-12-08	51296.0	18560.0	10820.0	25529.0	32898.0	6497.0	6869.0	17.3	34.9	29.4	48.2
2015-12-15	62230.0	20308.0	8972.0	33251.0	45144.0	7254.0	6697.0	16.1	31.2	24.8	42.2
2015-12-22	39066.0	14938.0	6467.0	17102.0	26632.0	6627.0	5568.0	25.3	45.0	38.7	58.8
2015-12-29	41172.0	16457.0	6197.0	17929.0	28697.0	6359.0	5851.0	24.7	42.5	38.4	57.9
2016-01-05	37445.0	14055.0	9060.0	16884.0	22018.0	5963.0	5825.0	19.6	44.4	33.4	56.2
2016-01-12	33166.0	10895.0	6547.0	14832.0	19849.0	6381.0	5713.0	16.7	47.9	28.6	61.9
2016-01-19	30588.0	8004.0	6687.0	15944.0	17675.0	6344.0	5931.0	18.9	44.3	32.0	62.1
2016-01-26	30555.0	8149.0	7552.0	17010.0	16555.0	5328.0	6380.0	24.5	39.1	39.0	57.0
2016-02-02	29967.0	7564.0	7548.0	17065.0	15055.0	4876.0	6902.0	25.0	29.2	38.3	44.6
2016-02-09	32237.0	7795.0	8268.0	18880.0	17202.0	5134.0	6340.0	23.7	29.2	41.1	45.4
2016-02-16	31478.0	6833.0	7000.0	19304.0	17036.0	4741.0	6842.0	25.7	29.3	40.9	42.3
2016-02-23	28952.0	6829.0	5566.0	17063.0	15671.0	4793.0	7447.0	21.1	24.2	32.8	39.3
2016-03-01	31216.0	7514.0	5414.0	17662.0	18615.0	5672.0	6819.0	20.8	25.9	32.5	42.4
2016-03-08	33243.0	8553.0	7409.0	18765.0	17899.0	5491.0	7500.0	20.8	27.2	33.1	41.2
2016-03-15	44843.0	9700.0	9286.0	28396.0	26214.0	6315.0	8910.0	16.4	22.9	26.7	32.7
2016-03-22	45580.0	17390.0	13954.0	22284.0	22313.0	5670.0	9077.0	36.2	35.8	50.2	50.6
2016-03-29	50968.0	20804.0	14538.0	23268.0	27268.0	6783.0	9050.0	34.0	39.6	50.0	56.0
2016-04-05	56474.0	23739.0	15182.0	25144.0	32163.0	7383.0	8921.0	31.5	41.2	47.8	58.6
2016-04-12	58324.0	24846.0	16829.0	25394.0	31919.0	7786.0	9278.0	31.9	42.8	47.1	58.9
2016-04-19	59763.0	24999.0	17598.0	26656.0	31998.0	7778.0	9837.0	30.0	40.7	46.4	54.8
2016-04-26	60869.0	25610.0	19471.0	26874.0	31946.0	8127.0	9194.0	28.7	41.4	44.4	54.2
2016-05-03	62293.0	26631.0	17098.0	27844.0	36175.0	7462.0	8664.0	30.6	42.0	45.7	56.7
2016-05-10	65060.0	28754.0	16528.0	26987.0	39028.0	8818.0	9003.0	29.8	39.0	43.3	55.5
2016-05-17	55806.0	23957.0	14892.0	23660.0	31531.0	7705.0	8899.0	31.6	43.9	45.7	58.1
2016-05-24	58780.0	27353.0	13677.0	23168.0	34826.0	7721.0	9740.0	30.6	38.8	44.6	54.0
2016-05-31	61198.0	27604.0	14235.0	25644.0	37264.0	7726.0	9475.0	31.2	40.6	48.0	54.9
2016-06-07	65122.0	28402.0	15593.0	28029.0	39875.0	8453.0	9416.0	30.7	38.6	46.1	53.0
2016-06-14	74270.0	32927.0	12300.0	31873.0	51647.0	8537.0	9390.0	27.2	34.6	39.9	46.6
2016-06-21	56193.0	32305.0	10713.0	15296.0	37533.0	8224.0	7579.0	34.8	34.1	48.8	50.5
2016-06-28	47108.0	24762.0	4674.0	15094.0	36217.0	7016.0	5980.0	36.4	41.9	48.0	57.1
2016-07-05	49640.0	27627.0	4989.0	14749.0	35879.0	7078.0	8585.0	34.1	38.9	46.2	54.2
2016-07-12	55987.0	31170.0	6420.0	16537.0	38985.0	8281.0	10582.0	31.0	35.9	44.1	51.2
2016-07-19	63157.0	38649.0	7219.0	16811.0	44477.0	7697.0	11461.0	35.4	35.2	48.5	51.8
2016-07-26	67461.0	41623.0	8122.0	16470.0	49198.0	9348.0	10121.0	35.2	38.0	46.8	55.0
2016-08-02	69740.0	44061.0	5817.0	16526.0	54163.0	8930.0	9538.0	35.8	44.0	48.4	60.9
2016-08-09	71005.0	44907.0	7500.0	16870.0	53259.0	8650.0	9668.0	35.4	41.6	49.0	54.9
2016-08-16	72633.0	46016.0	8181.0	17557.0	53548.0	8302.0	10146.0	34.9	40.7	49.0	53.7
2016-08-23	73139.0	46501.0	8377.0	17344.0	53569.0	8416.0	10315.0	34.7	40.4	50.0	54.5
2016-08-30	72837.0	46385.0	7609.0	17238.0	53966.0	8208.0	10256.0	35.4	42.2	49.4	55.7
2016-09-06	74026.0	47460.0	8249.0	16829.0	54754.0	8836.0	10122.0	35.8	42.2	48.1	56.6
2016-09-13	78565.0	38561.0	9285.0	30063.0	58664.0	8593.0	9269.0	29.9	34.7	40.3	45.4
2016-09-20	58114.0	35501.0	8363.0	14526.0	41801.0	7818.0	7681.0	29.5	37.8	44.5	54.1
2016-09-27	60653.0	38693.0	8256.0	13717.0	44071.0	7937.0	8020.0	32.6	33.8	46.3	49.8
2016-10-04	61014.0	38865.0	9579.0	13822.0	42857.0	7818.0	8068.0	35.2	34.7	48.9	49.0
2016-10-11	60761.0	37746.0	11436.0	13460.0	40922.0	8981.0	7830.0	37.2	32.9	48.5	46.9
2016-10-18	58842.0	38043.0	10112.0	12454.0	40170.0	7836.0	8051.0	36.7	31.9	46.7	47.5
2016-10-25	57677.0	36208.0	11903.0	12538.0	37018.0	8310.0	8135.0	35.2	30.6	45.8	46.9
2016-11-01	58314.0	34678.0	13569.0	15208.0	36102.0	7853.0	8068.0	32.3	32.2	42.2	49.0
2016-11-08	58186.0	37184.0	15435.0	13144.0	32979.0	7475.0	9390.0	27.7	35.4	39.1	49.1
2016-11-15	61674.0	37923.0	7978.0	14085.0	39653.0	8339.0	12715.0	30.6	31.0	41.0	45.1
2016-11-22	67260.0	40187.0	8882.0	16167.0	44428.0	9393.0	12438.0	31.5	31.6	42.2	45.6
2016-11-29	72827.0	44672.0	9412.0	17728.0	49963.0	9083.0	12108.0	32.3	34.6	43.9	49.0
2016-12-06	71133.0	43514.0	8951.0	17621.0	49855.0	9391.0	11720.0	31.0	33.8	44.5	48.5
2016-12-13	84811.0	36696.0	7472.0	36911.0	63739.0	9485.0	11881.0	23.6	22.9	34.3	34.2
2016-12-20	63716.0	37304.0	6657.0	16029.0	46806.0	9217.0	9088.0	28.3	37.8	44.0	54.0
2016-12-27	64692.0	37127.0	6959.0	16572.0	47314.0	9907.0	9333.0	28.3	38.1	43.5	54.0
2017-01-03	69341.0	41822.0	6760.0	17093.0	53240.0	9937.0	8852.0	27.8	38.4	42.2	54.8
2017-01-10	65240.0	36829.0	6174.0	17454.0	48730.0	9693.0	9072.0	28.8	37.4	43.7	53.7
2017-01-17	65209.0	37367.0	5309.0	16854.0	49052.0	9718.0	9577.0	27.5	37.4	41.3	53.5
2017-01-24	67349.0	41054.0	9297.0	15095.0	48073.0	10301.0	9080.0	26.7	37.3	39.7	55.2
2017-01-31	64011.0	35988.0	9727.0	17234.0	44988.0	10017.0	8524.0	26.1	40.3	39.5	57.7
