2013-12-17	397185.0	124720.0	185339.0	180455.0	100029.0	29685.0	49492.0	16.3	11.0	26.9	20.2
2013-12-24	404159.0	130728.0	189105.0	181185.0	102919.0	28987.0	48876.0	16.0	10.9	26.3	20.6
2014-01-07	413296.0	132177.0	192546.0	183180.0	104904.0	33125.0	51032.0	15.7	10.6	25.5	19.3
2014-01-14	422664.0	134436.0	184594.0	176993.0	108261.0	33436.0	52010.0	14.9	10.2	24.7	18.6
2014-01-21	434469.0	134539.0	185515.0	182635.0	113340.0	33418.0	51737.0	14.2	10.1	24.4	18.8
2014-01-28	444827.0	133862.0	191604.0	192556.0	120472.0	34118.0	48460.0	14.2	10.8	23.8	19.5
2014-02-04	437968.0	138146.0	187099.0	191005.0	131034.0	35763.0	46781.0	14.1	11.6	23.9	19.9
2014-02-11	437684.0	136677.0	177160.0	187803.0	135495.0	34934.0	46759.0	14.4	12.0	23.4	20.5
2014-02-18	422829.0	133941.0	160915.0	176310.0	139897.0	35137.0	44576.0	15.2	12.3	24.3	20.2
2014-02-25	376244.0	116192.0	134882.0	159882.0	128824.0	32790.0	45158.0	16.5	12.5	26.7	20.7
2014-03-04	346522.0	114503.0	121490.0	145996.0	127635.0	31369.0	42743.0	18.2	12.8	28.2	20.6
2014-03-11	340739.0	115373.0	108649.0	138404.0	138629.0	36817.0	43316.0	18.4	15.0	28.7	21.9
2014-03-18	344794.0	117488.0	105661.0	137495.0	141572.0	34969.0	42719.0	18.0	14.7	28.0	22.5
2014-03-25	360618.0	124529.0	102954.0	139664.0	151839.0	34664.0	44064.0	16.8	13.6	26.5	21.3
2014-04-01	367573.0	126437.0	99780.0	143689.0	159136.0	32520.0	43730.0	15.5	14.5	25.2	21.7
2014-04-08	377237.0	127130.0	103249.0	144446.0	161574.0	35567.0	42320.0	15.5	13.6	24.9	20.0
2014-04-15	370600.0	124239.0	103288.0	148777.0	162490.0	34711.0	41949.0	16.0	13.5	25.3	19.2
2014-04-22	367278.0	120558.0	103067.0	151486.0	156889.0	29699.0	41787.0	16.1	12.6	25.7	18.8
2014-04-29	356546.0	125321.0	89154.0	144830.0	170131.0	31298.0	42164.0	17.1	15.8	27.4	22.2
2014-05-06	362059.0	126700.0	89902.0	141857.0	171671.0	36214.0	43198.0	16.6	14.9	26.8	21.0
2014-05-13	369027.0	134118.0	95766.0	138719.0	166515.0	34033.0	44589.0	15.8	13.3	25.9	20.3
2014-05-20	377013.0	125590.0	102114.0	146068.0	156965.0	32675.0	45254.0	15.4	12.7	25.2	19.6
2014-05-27	382061.0	129160.0	104995.0	153988.0	163077.0	31277.0	46353.0	15.4	12.2	25.0	19.4
2014-06-03	386068.0	130617.0	116138.0	164025.0	162191.0	34158.0	50471.0	15.1	12.0	24.6	19.1
2014-06-10	401247.0	128222.0	128951.0	170589.0	156323.0	35411.0	48948.0	15.0	10.8	24.2	17.3
2014-06-17	401525.0	122991.0	127777.0	174616.0	156355.0	33955.0	47430.0	15.5	11.8	24.7	18.3
2014-06-24	376293.0	102315.0	135851.0	179514.0	136289.0	36423.0	46112.0	17.3	12.7	27.3	20.1
2014-07-01	370771.0	107523.0	140941.0	172256.0	128592.0	33184.0	43430.0	17.7	13.1	28.0	20.9
2014-07-08	384888.0	107601.0	147251.0	177635.0	128978.0	36662.0	45669.0	17.0	12.1	26.8	19.5
2014-07-15	405434.0	109223.0	151927.0	187907.0	136246.0	38201.0	47158.0	16.3	11.1	26.0	17.7
2014-07-22	420728.0	117614.0	166007.0	187442.0	129994.0	39209.0	48264.0	15.8	10.2	25.3	16.9
2014-07-29	437580.0	115502.0	178192.0	199287.0	128275.0	38122.0	46444.0	15.4	10.1	24.6	17.1
2014-08-05	438935.0	121838.0	177528.0	197323.0	133297.0	39182.0	47518.0	15.7	10.0	25.0	17.0
2014-08-12	423732.0	120013.0	168339.0	191490.0	135661.0	40686.0	48189.0	15.8	11.1	25.3	18.3
2014-08-19	420191.0	120425.0	163528.0	188881.0	136817.0	39375.0	48336.0	16.2	11.1	25.6	18.2
2014-08-26	396273.0	119887.0	159139.0	178502.0	126008.0	39434.0	52676.0	16.6	11.0	26.2	18.8
2014-09-02	381369.0	120423.0	161194.0	170405.0	118032.0	36139.0	47741.0	17.1	11.4	27.1	19.3
2014-09-09	391716.0	120849.0	166246.0	174497.0	112739.0	32066.0	48427.0	17.1	10.5	26.8	17.9
2014-09-16	398319.0	125529.0	173475.0	174818.0	109363.0	31224.0	48733.0	16.8	10.5	26.4	17.7
2014-09-23	415904.0	131409.0	191058.0	184546.0	107473.0	32010.0	49434.0	16.3	10.0	25.4	16.7
2014-09-30	423182.0	138030.0	194210.0	182442.0	109262.0	31919.0	48919.0	16.0	10.0	25.0	17.1
2014-10-07	418862.0	131903.0	190458.0	181644.0	110618.0	33203.0	45674.0	16.1	9.5	25.4	16.9
2014-10-14	418509.0	132129.0	184102.0	181706.0	114362.0	34447.0	49818.0	15.0	10.1	24.0	17.4
2014-10-21	415401.0	129356.0	176097.0	186723.0	126779.0	32700.0	45903.0	15.1	10.8	24.4	17.8
2014-10-28	425445.0	134476.0	169395.0	190085.0	141121.0	32188.0	46233.0	14.6	11.0	23.8	17.6
2014-11-04	419547.0	129951.0	157457.0	190055.0	147598.0	31795.0	46746.0	14.2	11.6	23.5	18.3
2014-11-11	414831.0	126204.0	155451.0	183673.0	141600.0	36631.0	49457.0	14.7	10.4	24.1	17.4
2014-11-18	411446.0	126417.0	146779.0	186489.0	155792.0	34346.0	44681.0	15.2	12.3	24.5	19.2
2014-11-25	371924.0	117870.0	126243.0	168177.0	146006.0	30594.0	44392.0	16.1	11.4	25.4	19.8
2014-12-02	375363.0	116599.0	121737.0	173240.0	157668.0	33256.0	43690.0	16.1	11.7	25.4	19.9
2014-12-09	373848.0	124484.0	117483.0	169965.0	167849.0	32530.0	41647.0	16.0	12.6	25.6	20.9
2014-12-16	368598.0	132356.0	110203.0	163316.0	176033.0	32333.0	41769.0	16.1	13.8	26.1	22.4
2014-12-23	374826.0	139027.0	117131.0	156993.0	171076.0	30912.0	38725.0	15.1	11.6	24.8	19.5
2014-12-30	371977.0	131999.0	118465.0	160033.0	166060.0	30469.0	37976.0	14.9	11.7	24.5	19.4
2015-01-06	375872.0	127118.0	120140.0	158548.0	158931.0	32903.0	39498.0	14.6	10.9	24.0	18.5
2015-01-13	368985.0	120028.0	113594.0	155111.0	151022.0	32059.0	42582.0	14.5	11.1	23.6	18.4
2015-01-20	382543.0	118632.0	117264.0	158715.0	148460.0	31337.0	42960.0	14.0	10.2	22.8	16.5
2015-01-27	387290.0	119886.0	119964.0	158168.0	145848.0	31041.0	43283.0	13.7	10.4	22.2	16.5
2015-02-03	427575.0	122940.0	142306.0	181090.0	149721.0	32192.0	44195.0	12.8	8.9	20.8	14.6
2015-02-10	424104.0	120580.0	137716.0	172235.0	144730.0	34277.0	44646.0	13.3	9.8	21.3	15.2
2015-02-17	410585.0	122657.0	140827.0	167756.0	142553.0	36507.0	43540.0	13.8	11.2	22.1	17.3
2015-02-24	401742.0	124096.0	147364.0	162616.0	130159.0	35900.0	45089.0	13.5	10.1	21.9	17.1
2015-03-03	404555.0	123959.0	153066.0	159430.0	122226.0	36020.0	44117.0	13.2	10.1	22.0	17.9
2015-03-10	424445.0	129031.0	165819.0	171121.0	123779.0	34518.0	45072.0	12.6	9.1	21.0	15.8
2015-03-17	426797.0	132301.0	164632.0	166138.0	126987.0	35213.0	42033.0	12.2	9.4	20.5	16.7
2015-03-24	427942.0	118638.0	158508.0	170895.0	126031.0	35698.0	40692.0	12.2	9.1	20.6	15.1
2015-03-31	431772.0	113490.0	162267.0	178555.0	124789.0	36420.0	41409.0	12.3	8.5	20.6	14.4
2015-04-07	447444.0	116405.0	159616.0	181158.0	136581.0	38677.0	40043.0	11.6	9.7	19.7	15.8
2015-04-14	469920.0	116820.0	175559.0	188807.0	126301.0	41954.0	45721.0	11.7	9.1	19.3	15.1
2015-04-21	455945.0	123215.0	183046.0	184318.0	118049.0	40747.0	47185.0	12.6	9.0	19.9	15.4
2015-04-28	442544.0	124883.0	194803.0	178197.0	101511.0	39581.0	46347.0	13.0	9.8	20.8	16.7
2015-05-05	455053.0	122615.0	200028.0	185753.0	100697.0	39075.0	46718.0	12.3	9.5	19.9	16.9
2015-05-12	452943.0	126584.0	199111.0	185491.0	108471.0	42412.0	46905.0	12.4	9.5	19.9	16.8
2015-05-19	433360.0	125800.0	178602.0	181265.0	121112.0	36691.0	44042.0	13.3	9.2	20.9	17.2
2015-05-26	437298.0	120523.0	183516.0	184705.0	116075.0	38016.0	43653.0	12.8	9.4	20.5	16.7
2015-06-02	442014.0	114879.0	172633.0	184827.0	122840.0	37308.0	41541.0	13.7	9.2	21.6	16.6
2015-06-09	443543.0	122710.0	143983.0	172918.0	147174.0	37468.0	41939.0	13.4	10.2	21.3	17.7
2015-06-16	440311.0	114623.0	152433.0	180188.0	137704.0	37705.0	42379.0	13.0	9.3	20.5	16.7
2015-06-23	433941.0	107587.0	151142.0	185180.0	138633.0	38739.0	41731.0	13.3	9.4	20.9	17.5
2015-06-30	389170.0	118918.0	117011.0	155171.0	153872.0	39665.0	42871.0	14.9	13.2	23.7	20.7
2015-07-07	393844.0	133723.0	114045.0	151510.0	166103.0	38890.0	43975.0	15.1	13.7	24.0	22.0
2015-07-14	407177.0	136325.0	120598.0	155330.0	171392.0	43628.0	43293.0	14.0	10.7	22.7	18.8
2015-07-21	409308.0	134738.0	121445.0	153528.0	167815.0	43463.0	42469.0	13.0	9.9	21.7	17.3
2015-07-28	394933.0	120057.0	115704.0	156675.0	156912.0	34872.0	38988.0	12.7	10.0	21.3	16.8
2015-08-04	419980.0	121168.0	130898.0	168393.0	153200.0	39335.0	44798.0	11.8	8.8	19.8	15.4
2015-08-11	422938.0	120432.0	131829.0	170213.0	152754.0	36693.0	42755.0	12.0	9.1	20.2	15.6
2015-08-18	415287.0	120266.0	127899.0	166515.0	149760.0	34228.0	43350.0	12.6	10.1	21.1	17.3
2015-08-25	372290.0	105381.0	119973.0	157956.0	133537.0	34356.0	44183.0	13.7	10.5	23.3	18.3
2015-09-01	367605.0	96037.0	133481.0	163228.0	120472.0	35837.0	41149.0	13.5	10.7	22.5	17.9
2015-09-08	365375.0	90680.0	145831.0	168246.0	106181.0	36054.0	42968.0	13.6	11.1	22.7	18.0
2015-09-15	378364.0	96169.0	147540.0	171479.0	114131.0	36776.0	42753.0	13.5	11.1	22.4	18.1
2015-09-22	375578.0	99813.0	144966.0	167138.0	115570.0	36789.0	43204.0	13.4	10.9	22.3	17.9
2015-09-29	365999.0	95585.0	132591.0	162706.0	120702.0	35684.0	40682.0	13.9	10.4	23.0	18.2
2015-10-06	373719.0	100932.0	126506.0	161650.0	128862.0	36495.0	43709.0	14.0	11.5	22.9	18.2
2015-10-13	371965.0	97749.0	129255.0	157742.0	120026.0	35149.0	41359.0	13.6	10.7	22.2	17.4
2015-10-20	384922.0	89825.0	156752.0	175877.0	101689.0	33840.0	41101.0	13.1	10.9	21.4	18.0
2015-10-27	389786.0	99413.0	143884.0	168997.0	119686.0	36077.0	40917.0	12.7	10.5	20.7	17.2
2015-11-03	387520.0	103632.0	134671.0	169468.0	129494.0	31401.0	40336.0	12.5	9.4	20.7	16.2
2015-11-10	379741.0	96594.0	129677.0	170087.0	128128.0	32531.0	41407.0	12.7	8.7	20.5	15.7
2015-11-17	393780.0	93111.0	139291.0	182885.0	126595.0	33590.0	43700.0	13.5	9.1	21.1	16.2
2015-11-24	369719.0	90156.0	137457.0	165117.0	110863.0	33829.0	40782.0	15.5	11.3	24.1	19.3
2015-12-01	370858.0	96915.0	164722.0	171411.0	96947.0	34024.0	40681.0	15.1	11.9	23.8	20.8
2015-12-08	349793.0	93359.0	161704.0	164226.0	89078.0	32579.0	39382.0	15.7	13.0	25.0	21.7
2015-12-15	332506.0	95758.0	144674.0	148956.0	93820.0	31596.0	37816.0	16.4	11.7	25.3	20.3
2015-12-22	348420.0	97183.0	159957.0	156412.0	87499.0	32781.0	38920.0	15.7	11.7	24.4	20.6
2015-12-29	360825.0	96939.0	172304.0	166100.0	88138.0	35708.0	38305.0	15.7	12.3	24.0	21.0
2016-01-05	400509.0	106695.0	195365.0	182725.0	88321.0	37203.0	42937.0	16.1	11.4	23.6	19.6
2016-01-12	394177.0	113675.0	180433.0	164337.0	91244.0	36786.0	43121.0	13.5	10.8	20.7	18.8
2016-01-19	395396.0	107539.0	174866.0	167004.0	94845.0	36547.0	41379.0	13.3	10.3	20.7	17.5
2016-01-26	387982.0	102133.0	157876.0	157461.0	99306.0	38510.0	40922.0	13.7	10.4	20.8	17.6
2016-02-02	407498.0	107686.0	163693.0	163175.0	105825.0	40584.0	41927.0	13.7	9.7	20.7	16.3
2016-02-09	445244.0	115990.0	197463.0	187074.0	103983.0	42769.0	44387.0	13.3	10.1	20.1	17.1
2016-02-16	460077.0	123512.0	202496.0	193697.0	112905.0	40759.0	42567.0	13.1	9.5	19.6	16.2
2016-02-23	442878.0	120129.0	213735.0	199094.0	106613.0	44445.0	43320.0	14.0	10.4	20.8	17.4
2016-03-01	437577.0	122654.0	225003.0	192439.0	88546.0	41767.0	43311.0	14.2	10.4	21.0	17.3
2016-03-08	429740.0	117123.0	206870.0	186455.0	97127.0	39810.0	39391.0	13.5	9.8	20.5	16.7
2016-03-15	415670.0	107378.0	178101.0	183415.0	112963.0	38403.0	38132.0	13.6	9.1	20.3	16.0
2016-03-22	434245.0	108626.0	193515.0	192629.0	108795.0	41562.0	40507.0	13.2	9.3	19.9	15.6
2016-03-29	432652.0	106256.0	184168.0	192421.0	118490.0	42610.0	38629.0	13.2	8.4	19.6	14.9
2016-04-05	438769.0	111480.0	182998.0	193440.0	121115.0	39958.0	40765.0	13.1	8.4	19.6	15.0
2016-04-12	476076.0	114059.0	219744.0	208432.0	107653.0	45181.0	40275.0	12.0	8.9	17.8	15.2
2016-04-19	448610.0	108136.0	190167.0	197988.0	122557.0	43731.0	37131.0	12.5	9.3	18.9	15.8
2016-04-26	397145.0	107192.0	169375.0	182963.0	119483.0	38034.0	39331.0	14.4	10.6	21.7	17.9
2016-05-03	391040.0	110308.0	171120.0	178820.0	115902.0	38224.0	40330.0	14.6	10.8	22.4	18.3
2016-05-10	407702.0	112754.0	183254.0	182778.0	116696.0	42701.0	38283.0	14.0	10.9	21.3	18.8
2016-05-17	396200.0	108301.0	174422.0	175040.0	114515.0	42967.0	37371.0	14.7	10.6	22.1	17.8
2016-05-24	418296.0	100226.0	179107.0	193000.0	119147.0	42872.0	37844.0	13.7	9.8	20.8	17.2
2016-05-31	415685.0	102518.0	181112.0	193475.0	119471.0	42580.0	37990.0	13.3	9.5	20.0	16.5
2016-06-07	410803.0	107306.0	156200.0	187597.0	147322.0	47560.0	38941.0	14.4	10.3	21.5	17.1
2016-06-14	419835.0	111784.0	156488.0	197030.0	156188.0	43118.0	39256.0	13.2	9.8	20.7	16.7
2016-06-21	417107.0	117956.0	169162.0	198862.0	151594.0	43753.0	39815.0	11.6	10.1	18.6	17.5
2016-06-28	397489.0	107849.0	177677.0	186836.0	121397.0	46049.0	41660.0	14.3	9.9	21.6	17.4
2016-07-05	431701.0	114070.0	197714.0	202764.0	120959.0	45254.0	43415.0	13.2	9.7	20.3	17.2
2016-07-12	453533.0	123972.0	214606.0	198458.0	114141.0	47276.0	40959.0	12.7	9.6	19.6	17.5
2016-07-19	465177.0	131171.0	223292.0	196711.0	111440.0	49506.0	42656.0	12.2	9.2	18.5	16.8
2016-07-26	471210.0	126563.0	229572.0	196658.0	100987.0	50583.0	43245.0	11.6	9.5	17.7	17.8
2016-08-02	488242.0	133803.0	232579.0	199309.0	108281.0	52198.0	44450.0	9.3	9.1	15.2	17.1
2016-08-09	451314.0	131969.0	220190.0	177266.0	98938.0	54201.0	44308.0	9.7	10.0	16.1	18.6
2016-08-16	440857.0	132807.0	207769.0	168044.0	99701.0	51531.0	44912.0	10.0	10.4	16.5	19.0
2016-08-23	451533.0	138200.0	212384.0	168971.0	103968.0	52992.0	43811.0	9.4	10.0	15.6	17.9
2016-08-30	439470.0	136657.0	228844.0	173536.0	87404.0	49601.0	43546.0	9.5	10.5	16.2	19.0
2016-09-06	451070.0	142330.0	242448.0	176487.0	83617.0	49963.0	42715.0	9.2	10.2	15.6	19.4
2016-09-13	459288.0	141887.0	234460.0	181590.0	96668.0	48578.0	40927.0	8.6	9.9	14.9	18.5
2016-09-20	460079.0	141289.0	235964.0	184846.0	97302.0	49120.0	41989.0	8.4	9.8	14.7	18.3
2016-09-27	465882.0	146279.0	240190.0	184829.0	98506.0	50651.0	43063.0	8.5	9.8	14.9	18.2
2016-10-04	477960.0	146986.0	260306.0	191606.0	89346.0	53355.0	42295.0	9.1	9.6	15.7	17.8
2016-10-11	480709.0	149937.0	242474.0	178871.0	97607.0	52217.0	40944.0	8.2	9.5	14.4	17.8
2016-10-18	476586.0	158075.0	221179.0	169537.0	113711.0	49944.0	42666.0	7.2	9.4	13.4	17.4
2016-10-25	497116.0	153310.0	240022.0	189315.0	111004.0	51071.0	42670.0	7.8	9.1	13.9	16.8
2016-11-01	495525.0	151746.0	227125.0	185523.0	120203.0	51951.0	41892.0	7.4	9.1	13.4	16.7
2016-11-08	496516.0	150306.0	229183.0	196609.0	126182.0	51547.0	43097.0	7.8	8.9	14.3	16.6
2016-11-15	512485.0	146151.0	239413.0	205304.0	121492.0	54340.0	44890.0	7.6	8.6	13.9	16.2
2016-11-22	503117.0	154536.0	227196.0	187823.0	123230.0	52097.0	44030.0	7.6	8.7	13.9	16.1
2016-11-29	444341.0	143935.0	235779.0	168436.0	78443.0	46117.0	44266.0	9.0	9.8	15.8	18.0
2016-12-06	436214.0	146019.0	237381.0	165221.0	78780.0	47653.0	42732.0	8.7	10.3	15.3	19.0
2016-12-13	443306.0	150854.0	221125.0	165318.0	99746.0	46012.0	41313.0	9.2	10.3	15.9	19.2
2016-12-20	447386.0	146691.0	230309.0	170507.0	91208.0	47911.0	43592.0	9.9	10.2	16.6	18.7
2016-12-27	446777.0	144895.0	228691.0	170572.0	95030.0	48332.0	40078.0	9.4	10.2	15.8	19.0
2017-01-03	457848.0	153838.0	226282.0	166839.0	104544.0	51353.0	41204.0	9.2	10.1	15.6	18.9
2017-01-10	463755.0	156632.0	203818.0	167325.0	123928.0	46881.0	43092.0	10.5	9.8	17.0	17.3
2017-01-17	480997.0	157831.0	209540.0	184501.0	137612.0	45999.0	41179.0	11.4	9.3	18.5	16.2
2017-01-24	477653.0	152656.0	210914.0	186470.0	131524.0	44934.0	41622.0	11.4	9.8	18.6	16.1
2017-01-31	494355.0	148242.0	212316.0	199926.0	139426.0	45844.0	42270.0	10.1	9.1	17.2	15.4
