2013-12-17	147079.0	49929.0	33681.0	62484.0	66649.0	15211.0	27294.0	16.8	21.4	27.1	30.2
2013-12-24	149117.0	48146.0	37231.0	65899.0	66176.0	15826.0	26464.0	16.6	20.7	26.9	29.8
2014-01-07	158024.0	49256.0	42040.0	69159.0	66034.0	16989.0	27330.0	15.7	21.1	25.3	29.8
2014-01-14	157174.0	50027.0	43582.0	69300.0	65702.0	16092.0	26135.0	16.2	21.6	26.0	30.5
2014-01-21	159858.0	50752.0	44619.0	70890.0	66633.0	15556.0	25946.0	15.9	21.3	25.6	29.9
2014-01-28	160310.0	50840.0	45760.0	71430.0	66395.0	15532.0	25647.0	15.5	20.2	25.1	28.3
2014-02-04	159443.0	50108.0	44924.0	74430.0	69687.0	15622.0	25549.0	15.6	20.6	25.1	28.5
2014-02-11	146909.0	47968.0	39667.0	68994.0	67512.0	16424.0	26207.0	16.7	21.2	27.2	29.0
2014-02-18	145093.0	49571.0	34944.0	66108.0	69495.0	15542.0	26782.0	17.1	20.8	27.9	28.0
2014-02-25	135949.0	50264.0	33443.0	62354.0	68031.0	13169.0	24313.0	18.5	21.4	29.9	28.2
2014-03-04	129590.0	49694.0	28952.0	59489.0	69750.0	12918.0	23399.0	21.6	22.5	33.3	29.9
2014-03-11	128769.0	50121.0	25198.0	56589.0	71263.0	14153.0	24402.0	21.2	23.1	32.4	30.0
2014-03-18	135239.0	51353.0	23062.0	58252.0	76467.0	16224.0	26300.0	20.3	21.4	30.5	29.2
2014-03-25	147947.0	54804.0	22712.0	63403.0	86932.0	17776.0	26339.0	18.7	21.4	28.4	29.1
2014-04-01	148198.0	56405.0	20919.0	61368.0	88188.0	17512.0	26178.0	18.2	22.1	28.4	29.5
2014-04-08	146183.0	53224.0	23404.0	63752.0	84917.0	18258.0	26913.0	17.7	21.2	28.1	29.1
2014-04-15	145723.0	49109.0	23191.0	66344.0	83003.0	17454.0	26713.0	18.2	19.7	27.6	26.9
2014-04-22	142067.0	50785.0	23309.0	63862.0	82136.0	16924.0	26126.0	18.9	20.0	28.5	27.8
2014-04-29	143239.0	52091.0	25428.0	63737.0	82725.0	16338.0	24013.0	19.1	20.1	29.6	28.6
2014-05-06	150685.0	53929.0	24343.0	64732.0	87991.0	18488.0	24815.0	17.9	19.3	27.9	27.8
2014-05-13	146100.0	53242.0	27961.0	62199.0	81134.0	18739.0	25085.0	18.0	19.3	27.7	28.1
2014-05-20	146465.0	52447.0	27394.0	64196.0	81938.0	17411.0	24722.0	16.7	19.7	26.6	29.3
2014-05-27	142821.0	49294.0	26401.0	67098.0	80981.0	16534.0	25544.0	19.7	21.0	30.1	30.9
2014-06-03	144935.0	51715.0	28265.0	66434.0	79559.0	16906.0	27231.0	20.8	21.4	31.0	31.2
2014-06-10	141333.0	48332.0	30257.0	63424.0	73018.0	17509.0	25990.0	22.5	20.5	32.5	29.9
2014-06-17	139027.0	48647.0	30680.0	62513.0	70045.0	16087.0	26522.0	21.7	19.4	31.8	28.3
2014-06-24	138382.0	52056.0	30728.0	59033.0	72744.0	16524.0	24141.0	18.8	19.6	28.8	29.3
2014-07-01	133669.0	53489.0	31636.0	57883.0	72068.0	15001.0	22669.0	18.5	20.4	28.2	30.7
2014-07-08	135001.0	52882.0	34170.0	60816.0	70469.0	14707.0	23766.0	18.7	18.0	28.3	27.7
2014-07-15	141188.0	51530.0	37674.0	64187.0	66977.0	16008.0	27074.0	18.4	17.4	28.6	25.9
2014-07-22	142865.0	51514.0	38773.0	64216.0	66227.0	16708.0	27438.0	18.2	15.9	28.0	24.3
2014-07-29	142048.0	49677.0	38117.0	65560.0	65119.0	16168.0	28169.0	18.4	14.8	28.5	23.2
2014-08-05	143984.0	49536.0	38483.0	69340.0	69767.0	16758.0	27384.0	17.7	14.8	27.9	23.1
2014-08-12	140969.0	47931.0	36794.0	66657.0	67077.0	17291.0	28008.0	17.6	14.8	28.0	22.9
2014-08-19	139568.0	47709.0	36841.0	67514.0	67686.0	16921.0	27617.0	18.3	15.6	28.6	23.2
2014-08-26	136627.0	46447.0	40447.0	65298.0	62684.0	16605.0	25219.0	19.1	15.9	29.6	24.0
2014-09-02	133681.0	47793.0	40655.0	63174.0	59710.0	14923.0	25525.0	18.7	16.3	29.9	24.7
2014-09-09	137693.0	48819.0	41853.0	64406.0	61853.0	14908.0	24427.0	17.8	15.7	28.7	24.4
2014-09-16	145073.0	48125.0	44642.0	70286.0	63522.0	14741.0	24988.0	16.6	14.9	26.5	23.2
2014-09-23	149085.0	47779.0	46454.0	74159.0	63631.0	14407.0	26260.0	16.0	14.1	25.5	22.2
2014-09-30	151310.0	50585.0	47848.0	71815.0	62570.0	15124.0	27106.0	15.5	13.9	24.8	21.4
2014-10-07	157656.0	50706.0	49474.0	73785.0	64113.0	14907.0	25811.0	15.3	12.9	24.3	20.1
2014-10-14	155622.0	50865.0	47734.0	71292.0	63177.0	15914.0	27160.0	15.4	13.2	24.5	21.1
2014-10-21	154405.0	51447.0	43305.0	69180.0	66285.0	16113.0	27150.0	16.2	14.3	25.5	22.1
2014-10-28	159186.0	51584.0	43127.0	69702.0	66641.0	17069.0	28587.0	16.1	14.3	25.0	21.9
2014-11-04	157692.0	51060.0	41771.0	69424.0	67394.0	16538.0	27857.0	15.2	16.0	24.4	23.8
2014-11-11	160533.0	49253.0	46212.0	71010.0	63065.0	17430.0	28416.0	15.4	15.8	24.2	24.3
2014-11-18	150426.0	44160.0	41062.0	71572.0	65593.0	15571.0	24648.0	16.7	16.6	26.0	25.1
2014-11-25	143534.0	41962.0	39827.0	69620.0	63679.0	15149.0	23225.0	17.7	17.8	27.8	26.2
2014-12-02	139445.0	43451.0	32201.0	66187.0	70034.0	15066.0	22469.0	18.2	19.6	29.1	28.4
2014-12-09	131160.0	43638.0	30165.0	62981.0	67923.0	13442.0	21973.0	18.3	19.0	28.7	28.0
2014-12-16	128499.0	42546.0	28833.0	60005.0	68370.0	16553.0	21901.0	19.0	17.9	28.9	27.6
2014-12-23	129362.0	46838.0	26047.0	57832.0	73313.0	16573.0	21883.0	18.5	16.8	28.9	26.8
2014-12-30	130717.0	45385.0	26313.0	58836.0	72838.0	16820.0	21890.0	18.1	16.2	28.3	25.6
2015-01-06	130911.0	44099.0	26694.0	60018.0	72208.0	17250.0	22465.0	18.4	16.6	28.6	24.8
2015-01-13	132736.0	42998.0	28788.0	64555.0	71159.0	16680.0	24286.0	17.8	15.6	27.6	22.4
2015-01-20	143695.0	42276.0	34791.0	71175.0	72217.0	17801.0	24244.0	16.5	14.3	25.5	20.4
2015-01-27	153825.0	44711.0	41518.0	77025.0	73814.0	17464.0	23868.0	14.3	15.4	22.9	21.9
2015-02-03	166438.0	48345.0	48642.0	83966.0	75591.0	16559.0	24637.0	13.1	14.9	21.0	21.5
2015-02-10	160200.0	47702.0	46882.0	77735.0	70926.0	16476.0	24105.0	13.9	15.8	21.9	22.9
2015-02-17	156821.0	48169.0	48200.0	76039.0	70065.0	16080.0	22023.0	14.1	15.9	22.4	23.3
2015-02-24	157937.0	46032.0	55167.0	83932.0	69224.0	15464.0	21037.0	13.8	16.4	22.2	23.4
2015-03-03	164037.0	47849.0	61382.0	86795.0	66486.0	15453.0	22229.0	13.5	16.6	21.1	24.4
2015-03-10	161141.0	49529.0	62156.0	82616.0	62250.0	15519.0	23258.0	14.1	17.2	22.4	25.4
2015-03-17	160160.0	48085.0	60884.0	78169.0	59702.0	16863.0	22531.0	12.9	17.5	20.8	25.0
2015-03-24	153978.0	43679.0	53176.0	75043.0	58481.0	16809.0	23874.0	12.8	18.1	21.0	24.5
2015-03-31	154679.0	42689.0	50772.0	76446.0	63083.0	16868.0	22148.0	12.3	17.6	20.3	24.3
2015-04-07	147321.0	40372.0	44912.0	74567.0	64553.0	15871.0	21345.0	13.7	17.2	21.8	25.1
2015-04-14	153133.0	37668.0	49759.0	76672.0	60003.0	18820.0	23398.0	12.4	16.2	20.8	23.5
2015-04-21	158203.0	40163.0	60141.0	75428.0	52682.0	20630.0	23398.0	11.6	16.3	20.5	24.5
2015-04-28	166205.0	42478.0	67219.0	80910.0	52854.0	19522.0	22837.0	11.3	16.1	19.7	25.2
2015-05-05	165655.0	42631.0	69600.0	79174.0	48647.0	18986.0	22544.0	12.1	16.2	20.6	25.1
2015-05-12	159809.0	42904.0	68738.0	75680.0	46771.0	19354.0	22429.0	13.6	17.6	23.0	28.3
2015-05-19	155439.0	44351.0	61098.0	72436.0	49698.0	17224.0	23215.0	15.0	16.6	24.5	26.1
2015-05-26	155898.0	44051.0	53652.0	70889.0	54873.0	17354.0	23769.0	15.0	15.9	23.9	24.4
2015-06-02	160483.0	42298.0	55940.0	73575.0	53907.0	17893.0	23919.0	14.6	14.7	23.5	23.6
2015-06-09	161406.0	41691.0	51998.0	71865.0	55561.0	19200.0	25197.0	14.9	13.5	24.1	22.4
2015-06-16	162519.0	44500.0	55847.0	72424.0	55437.0	18338.0	23978.0	15.1	13.1	24.1	21.4
2015-06-23	171911.0	48091.0	65136.0	78932.0	58323.0	19047.0	22611.0	13.9	12.4	22.2	21.4
2015-06-30	183836.0	57591.0	56550.0	83693.0	76510.0	16437.0	24661.0	14.4	12.4	22.0	20.6
2015-07-07	185914.0	55642.0	46442.0	86607.0	87105.0	17679.0	26381.0	14.6	12.9	22.5	21.3
2015-07-14	192063.0	56285.0	42935.0	89137.0	94146.0	18965.0	27306.0	14.7	13.6	22.2	21.3
2015-07-21	199141.0	58413.0	49491.0	91544.0	91955.0	19644.0	28155.0	15.4	12.6	24.0	19.3
2015-07-28	195075.0	57875.0	57689.0	90853.0	85768.0	21396.0	26667.0	16.1	13.3	24.9	21.0
2015-08-04	202218.0	61854.0	67133.0	93372.0	82399.0	20825.0	26519.0	15.9	13.8	24.8	22.3
2015-08-11	198333.0	61951.0	70418.0	89178.0	76337.0	21515.0	25889.0	16.2	14.1	25.4	23.0
2015-08-18	200401.0	63915.0	69545.0	88422.0	79206.0	21685.0	25271.0	16.0	13.8	25.0	22.6
2015-08-25	187037.0	62134.0	70622.0	85533.0	73275.0	21243.0	25013.0	16.5	15.9	26.3	24.7
2015-09-01	179864.0	61921.0	68774.0	85698.0	73428.0	18176.0	23593.0	17.0	16.5	27.6	25.7
2015-09-08	182171.0	62301.0	70983.0	86823.0	73314.0	18260.0	23087.0	16.7	16.3	27.0	25.2
2015-09-15	186652.0	63089.0	71632.0	86183.0	73052.0	19189.0	23777.0	16.3	16.3	26.4	24.9
2015-09-22	188020.0	61433.0	71559.0	87138.0	72285.0	19703.0	24430.0	15.7	16.6	26.1	25.2
2015-09-29	185177.0	60085.0	67959.0	85441.0	74986.0	21002.0	23583.0	15.4	17.5	25.8	25.6
2015-10-06	188562.0	61151.0	68180.0	85449.0	76150.0	20967.0	23237.0	15.0	17.2	25.0	25.3
2015-10-13	185121.0	61494.0	68088.0	83595.0	74068.0	20381.0	23314.0	15.7	17.9	25.9	25.4
2015-10-20	192268.0	62881.0	75951.0	87407.0	70356.0	21612.0	25593.0	15.1	17.8	25.1	26.5
2015-10-27	195999.0	60358.0	78801.0	91035.0	68829.0	22125.0	25888.0	14.2	17.6	24.2	26.9
2015-11-03	199860.0	60134.0	80358.0	93832.0	69435.0	21679.0	25852.0	13.2	17.2	22.7	26.2
2015-11-10	205827.0	59628.0	84448.0	96718.0	66999.0	22427.0	27326.0	12.6	17.0	22.2	26.4
2015-11-17	202782.0	58543.0	86231.0	100636.0	67300.0	22878.0	28526.0	12.8	17.0	22.5	26.7
2015-11-24	196312.0	56319.0	89672.0	99768.0	61767.0	21831.0	26479.0	13.6	17.8	22.8	28.2
2015-12-01	193267.0	57082.0	90641.0	96849.0	58812.0	20078.0	24556.0	13.6	17.9	23.0	28.1
2015-12-08	190229.0	55234.0	86737.0	95332.0	59239.0	20030.0	24620.0	14.0	18.2	22.9	28.3
2015-12-15	182653.0	53618.0	76173.0	90040.0	63012.0	19928.0	24401.0	13.1	19.1	22.3	27.9
2015-12-22	188114.0	49555.0	69814.0	95160.0	67972.0	19687.0	26616.0	12.7	17.7	21.1	26.8
2015-12-29	190323.0	50582.0	72311.0	96366.0	69095.0	18744.0	24286.0	12.9	17.6	21.3	26.7
2016-01-05	204323.0	51113.0	78893.0	105961.0	72038.0	19717.0	25860.0	12.9	16.9	21.6	25.9
2016-01-12	209846.0	50662.0	77546.0	108179.0	76814.0	20613.0	25094.0	11.6	17.0	20.0	25.2
2016-01-19	211816.0	52494.0	76062.0	106531.0	78011.0	20489.0	25441.0	11.0	16.5	19.1	24.3
2016-01-26	216083.0	51155.0	76263.0	108318.0	80806.0	21819.0	24223.0	11.0	16.4	19.0	25.6
2016-02-02	219124.0	51444.0	80707.0	111148.0	79090.0	21632.0	24427.0	11.7	16.6	19.6	25.5
2016-02-09	222982.0	53917.0	88635.0	111293.0	74717.0	24688.0	26546.0	11.7	17.2	19.6	26.8
2016-02-16	220157.0	55089.0	89111.0	113665.0	75903.0	23562.0	27302.0	12.7	17.3	20.6	26.6
2016-02-23	221923.0	58715.0	94449.0	115807.0	76784.0	22563.0	25852.0	13.1	18.6	21.1	28.4
2016-03-01	215138.0	62447.0	98535.0	110259.0	70664.0	19447.0	22954.0	12.2	18.5	20.9	29.8
2016-03-08	210160.0	59917.0	91388.0	108347.0	73830.0	19701.0	22747.0	10.8	18.0	19.0	28.5
2016-03-15	198960.0	54569.0	71335.0	99574.0	78993.0	19587.0	23402.0	10.8	16.5	18.9	24.6
2016-03-22	203546.0	53453.0	68829.0	100305.0	80780.0	20217.0	24366.0	9.7	15.2	17.3	23.2
2016-03-29	205432.0	54599.0	70895.0	99123.0	80552.0	20964.0	23239.0	9.7	15.4	17.1	22.6
2016-04-05	210844.0	54927.0	72437.0	101998.0	83044.0	21821.0	23265.0	8.7	14.9	16.1	21.7
2016-04-12	214931.0	58519.0	85366.0	104485.0	77409.0	22954.0	23183.0	9.4	16.6	17.2	24.8
2016-04-19	216918.0	64774.0	84997.0	103832.0	81569.0	21172.0	23212.0	10.3	17.5	17.6	25.9
2016-04-26	201352.0	64180.0	67187.0	95578.0	88519.0	19048.0	23100.0	10.6	14.7	18.3	22.4
2016-05-03	202441.0	63273.0	71123.0	95004.0	83181.0	19932.0	23905.0	12.2	14.8	19.9	23.3
2016-05-10	215287.0	65453.0	78202.0	100364.0	83796.0	19600.0	23419.0	11.6	15.9	18.6	23.9
2016-05-17	225268.0	71660.0	85643.0	102190.0	84601.0	19315.0	22921.0	12.1	16.1	19.1	24.1
2016-05-24	227316.0	68418.0	87505.0	104750.0	81736.0	20111.0	24038.0	12.1	15.9	18.7	24.8
2016-05-31	230273.0	69784.0	88843.0	105446.0	83180.0	20227.0	23434.0	11.8	15.9	18.0	24.6
2016-06-07	227192.0	72048.0	80421.0	103750.0	91633.0	20218.0	23962.0	12.7	14.2	18.9	23.0
2016-06-14	226906.0	75995.0	72856.0	100469.0	97513.0	19035.0	25130.0	13.3	13.3	20.1	20.3
2016-06-21	226450.0	77083.0	78814.0	99551.0	92384.0	19909.0	25345.0	13.3	14.6	19.9	22.7
2016-06-28	215643.0	75978.0	88375.0	94254.0	77382.0	19349.0	23824.0	13.6	15.5	20.7	24.3
2016-07-05	222790.0	80461.0	91943.0	95702.0	80325.0	19871.0	23766.0	13.2	15.4	20.6	25.1
2016-07-12	225914.0	80276.0	92250.0	98300.0	82122.0	18996.0	23200.0	13.0	16.8	20.1	26.9
2016-07-19	230596.0	79125.0	91350.0	101634.0	86596.0	20784.0	23597.0	12.8	16.6	19.7	26.9
2016-07-26	242725.0	77665.0	91564.0	107929.0	92158.0	21679.0	23551.0	12.6	16.7	19.5	26.9
2016-08-02	241221.0	75459.0	89942.0	108207.0	90955.0	22021.0	24790.0	12.9	16.9	20.9	27.4
2016-08-09	242243.0	75100.0	88916.0	113077.0	97866.0	22881.0	24276.0	13.3	17.2	21.6	27.7
2016-08-16	239572.0	76990.0	89556.0	111589.0	96364.0	22402.0	25061.0	13.8	17.4	22.1	28.0
2016-08-23	233774.0	82570.0	87081.0	103567.0	97179.0	21464.0	23341.0	13.8	17.5	22.3	28.1
2016-08-30	227572.0	81050.0	91243.0	100307.0	87660.0	20410.0	22864.0	13.9	17.5	23.9	28.0
2016-09-06	231473.0	81612.0	92480.0	103755.0	90656.0	20504.0	22735.0	14.0	17.3	24.0	28.1
2016-09-13	231027.0	81209.0	89285.0	105459.0	94272.0	20204.0	23315.0	13.8	17.5	23.8	28.4
2016-09-20	232429.0	85934.0	88559.0	102171.0	96139.0	20189.0	23596.0	13.7	17.9	23.0	28.4
2016-09-27	233164.0	88998.0	87636.0	99472.0	98021.0	20456.0	23269.0	13.3	18.1	23.0	28.8
2016-10-04	239676.0	97543.0	92207.0	94504.0	95844.0	19338.0	23334.0	13.2	17.8	22.6	28.3
2016-10-11	246225.0	99193.0	97100.0	97065.0	96192.0	19648.0	22614.0	12.9	18.8	22.2	29.2
2016-10-18	250582.0	99490.0	91063.0	95041.0	101877.0	20190.0	21781.0	12.6	18.6	21.9	28.7
2016-10-25	255090.0	99714.0	86318.0	95208.0	105987.0	20474.0	23091.0	12.3	17.6	21.4	27.1
2016-11-01	263869.0	100330.0	89086.0	97876.0	108033.0	22229.0	23316.0	11.9	16.9	20.6	26.2
2016-11-08	266296.0	103371.0	96288.0	97306.0	103604.0	22397.0	23182.0	12.0	17.8	20.7	27.0
2016-11-15	259745.0	100163.0	96884.0	101843.0	103865.0	22093.0	23350.0	12.5	18.3	22.0	28.5
2016-11-22	265441.0	99734.0	90671.0	102512.0	111084.0	22665.0	23156.0	12.3	16.9	21.3	26.8
2016-11-29	245249.0	98862.0	83554.0	88493.0	101018.0	21350.0	24133.0	13.2	16.9	22.5	26.1
2016-12-06	255892.0	98646.0	94790.0	95631.0	97755.0	21748.0	23480.0	12.9	15.9	22.0	26.1
2016-12-13	259126.0	98655.0	102691.0	102154.0	97703.0	23160.0	23575.0	13.2	17.3	23.4	27.4
2016-12-20	247476.0	93117.0	91605.0	96633.0	97984.0	22352.0	22513.0	14.5	18.1	24.8	28.2
2016-12-27	242328.0	92768.0	84737.0	91921.0	100246.0	21305.0	21011.0	13.9	18.0	24.3	28.1
2017-01-03	240665.0	91324.0	79703.0	89520.0	102051.0	22200.0	21290.0	12.7	17.8	22.7	27.5
2017-01-10	234182.0	87044.0	59617.0	88599.0	114130.0	21233.0	23129.0	13.8	18.0	23.5	25.5
2017-01-17	232648.0	87565.0	52544.0	87554.0	120900.0	20621.0	22296.0	13.8	18.3	23.5	25.6
2017-01-24	227668.0	87828.0	50603.0	84014.0	119615.0	21069.0	22693.0	13.8	18.6	23.4	26.2
2017-01-31	233169.0	85075.0	57971.0	90792.0	117418.0	22595.0	23073.0	13.6	18.0	23.0	25.4
