2005-01-04	605730.0	176659.0	110636.0	323154.0	371941.0	101574.0	118810.0	20.0	18.0	27.7	28.1
2005-01-11	645645.0	186288.0	112560.0	341442.0	403256.0	111751.0	123665.0	18.8	18.6	26.7	28.1
2005-01-18	679522.0	189534.0	121738.0	367157.0	425643.0	115448.0	124758.0	20.1	17.5	28.1	26.1
2005-01-25	719351.0	187206.0	156913.0	372803.0	376880.0	148299.0	174515.0	17.6	15.8	25.6	23.7
2005-02-01	754773.0	151403.0	168968.0	418351.0	397153.0	163855.0	167488.0	16.8	13.8	23.9	22.7
2005-02-08	818964.0	193978.0	146065.0	426677.0	468895.0	167257.0	172952.0	15.7	12.7	23.2	22.8
2005-02-15	800676.0	171387.0	132868.0	431272.0	455893.0	160912.0	174810.0	16.1	14.1	23.4	24.3
2005-02-22	781552.0	135263.0	127625.0	451160.0	430408.0	152515.0	180905.0	16.7	14.0	22.8	23.5
2005-03-01	807644.0	118328.0	137699.0	479271.0	435577.0	155015.0	179338.0	18.0	13.7	25.6	22.8
2005-03-08	798191.0	130610.0	142897.0	480563.0	425075.0	134609.0	177810.0	17.4	14.3	24.3	22.9
2005-03-15	755492.0	127631.0	151635.0	468552.0	396088.0	121995.0	170455.0	18.4	15.2	24.9	25.1
2005-03-22	741488.0	115751.0	152006.0	478248.0	391909.0	116488.0	166572.0	17.0	15.4	23.1	23.0
2005-03-29	749499.0	115167.0	157507.0	490859.0	394700.0	113328.0	167147.0	19.9	16.0	27.7	23.9
2005-04-05	735433.0	96681.0	142720.0	481571.0	389007.0	135999.0	182524.0	21.0	15.7	28.8	25.1
2005-04-12	717091.0	94420.0	141771.0	460121.0	394588.0	140410.0	158592.0	20.0	15.1	28.3	24.1
2005-04-19	709956.0	95654.0	145129.0	465459.0	397554.0	136660.0	155090.0	20.5	15.6	27.5	24.7
2005-04-26	707582.0	105202.0	110224.0	455497.0	420492.0	133622.0	163605.0	18.8	13.6	25.2	23.2
2005-05-03	716898.0	102324.0	111028.0	447759.0	430114.0	149434.0	158375.0	16.9	12.5	22.9	20.9
2005-05-10	704316.0	97739.0	110179.0	442453.0	424336.0	150383.0	156060.0	17.0	12.4	22.8	20.2
2005-05-17	760026.0	122684.0	134198.0	456329.0	444292.0	162896.0	163419.0	17.3	11.8	23.2	19.6
2005-05-24	752961.0	147706.0	128607.0	423430.0	427570.0	154987.0	169946.0	20.3	11.2	26.2	18.4
2005-05-31	755209.0	146613.0	116812.0	421339.0	414994.0	161142.0	197288.0	21.8	11.2	27.4	17.5
2005-06-07	686536.0	160021.0	111152.0	378395.0	394600.0	136999.0	169663.0	27.1	12.6	33.2	20.7
2005-06-14	659461.0	143742.0	100599.0	373491.0	379934.0	132771.0	169471.0	29.0	14.7	35.6	22.8
2005-06-21	652946.0	152744.0	102141.0	359557.0	373342.0	133849.0	170667.0	29.6	15.1	35.9	23.3
2005-06-28	657177.0	149422.0	101351.0	365892.0	371149.0	130299.0	173113.0	30.9	14.9	37.0	23.3
2005-07-05	619184.0	120009.0	106935.0	355669.0	337259.0	133021.0	164505.0	29.4	14.9	34.8	22.0
2005-07-12	584846.0	101439.0	96295.0	350474.0	318778.0	122550.0	159390.0	30.2	14.9	35.6	22.1
2005-07-19	572767.0	95418.0	78673.0	357376.0	321947.0	108326.0	160500.0	29.5	15.9	35.0	22.1
2005-07-26	556072.0	88269.0	72330.0	347871.0	320745.0	112895.0	155960.0	27.2	13.8	33.2	20.0
2005-08-02	554372.0	77271.0	83775.0	366151.0	306042.0	104642.0	158247.0	26.7	12.9	32.7	18.8
2005-08-09	574689.0	78236.0	85986.0	383511.0	322862.0	104839.0	157738.0	26.4	12.9	32.9	19.4
2005-08-16	596441.0	88547.0	70990.0	366629.0	350435.0	129944.0	163695.0	25.9	12.5	31.8	20.0
2005-08-23	616407.0	102739.0	73188.0	362339.0	365915.0	139288.0	165263.0	23.6	12.3	29.9	19.6
2005-09-06	672598.0	96829.0	73795.0	415473.0	399907.0	133717.0	172317.0	20.0	13.9	27.2	22.2
2005-09-13	608165.0	94578.0	71469.0	368277.0	354302.0	128107.0	165191.0	21.5	13.7	28.8	22.4
2005-09-20	550579.0	84012.0	67420.0	357160.0	338534.0	107430.0	142648.0	23.3	14.5	31.6	23.6
2005-09-27	555673.0	97867.0	81370.0	340533.0	312036.0	112152.0	157146.0	23.1	14.0	31.0	22.7
2005-10-04	582145.0	96177.0	97922.0	362260.0	306695.0	119521.0	173341.0	21.7	13.2	29.6	21.2
2005-10-11	564979.0	79577.0	100607.0	377692.0	292926.0	103971.0	167707.0	22.7	13.6	30.9	22.6
2005-10-18	594283.0	92882.0	120464.0	386332.0	292369.0	111045.0	177426.0	21.7	13.4	30.6	22.7
2005-10-25	595634.0	85206.0	119681.0	390773.0	290083.0	111697.0	177912.0	20.8	13.2	29.7	22.1
2005-11-01	601814.0	85173.0	142346.0	395943.0	291736.0	111344.0	158378.0	23.2	13.7	31.2	22.7
2005-11-08	614382.0	94218.0	123407.0	383036.0	306565.0	121935.0	169217.0	21.8	14.1	30.2	23.2
2005-11-15	647819.0	97377.0	116140.0	406256.0	342925.0	127163.0	171731.0	21.2	13.3	29.1	22.4
2005-11-22	593960.0	84871.0	102232.0	387215.0	327187.0	104967.0	147634.0	19.8	14.0	28.4	23.0
2005-11-29	602011.0	55221.0	93792.0	408777.0	305097.0	118126.0	183235.0	20.2	13.0	27.7	19.1
2005-12-06	579879.0	54634.0	108327.0	384583.0	289174.0	131844.0	173560.0	22.9	13.5	31.2	19.5
2005-12-13	547530.0	48905.0	108255.0	382922.0	269397.0	109217.0	163392.0	22.7	14.3	32.9	20.8
2005-12-20	562932.0	58847.0	96786.0	380035.0	306992.0	118634.0	153738.0	23.4	14.5	33.7	22.3
2005-12-27	603790.0	77600.0	93997.0	390643.0	346221.0	130807.0	158832.0	21.6	13.5	32.4	21.3
2006-01-03	602420.0	79794.0	89136.0	380663.0	350970.0	131647.0	151998.0	20.9	14.9	31.6	23.2
2006-01-10	585254.0	60699.0	98633.0	389000.0	318465.0	128570.0	161171.0	21.3	14.6	30.3	22.5
2006-01-17	612079.0	77732.0	97252.0	382381.0	355323.0	146774.0	154312.0	19.2	13.6	28.2	20.1
2006-01-24	612913.0	81604.0	93406.0	390729.0	365572.0	134645.0	148000.0	15.8	13.2	23.9	20.3
2006-01-31	604338.0	71325.0	100476.0	402062.0	327030.0	123136.0	169017.0	17.2	12.8	25.9	19.7
2006-02-07	658500.0	119955.0	94222.0	405276.0	350559.0	121127.0	201577.0	15.7	12.5	23.8	19.3
2006-02-14	674231.0	126801.0	117379.0	413261.0	357891.0	125825.0	190617.0	17.2	11.7	25.5	18.9
2006-02-21	668942.0	124162.0	103454.0	397834.0	362150.0	128864.0	185256.0	15.5	12.0	24.1	19.0
2006-02-28	659181.0	94270.0	91284.0	393067.0	356834.0	142393.0	181612.0	13.8	11.8	21.9	18.3
2006-03-07	650748.0	46217.0	90458.0	437198.0	320797.0	124277.0	196437.0	13.5	12.0	21.2	18.7
2006-03-14	596121.0	40887.0	98653.0	419329.0	296228.0	110636.0	175971.0	15.1	13.5	24.0	20.7
2006-03-21	614565.0	51276.0	111242.0	443589.0	295091.0	101263.0	189795.0	17.8	13.5	26.0	20.0
2006-03-28	614075.0	57095.0	133783.0	440366.0	288202.0	103116.0	178592.0	20.7	13.6	28.6	20.5
2006-04-04	656553.0	75987.0	164444.0	454969.0	303782.0	116474.0	179204.0	20.4	14.1	28.0	23.4
2006-04-11	697646.0	78209.0	192594.0	488774.0	311263.0	119254.0	182380.0	21.9	13.7	30.0	23.0
2006-04-18	732388.0	81622.0	209973.0	513496.0	308448.0	123617.0	200314.0	21.7	13.9	29.8	22.7
2006-04-25	815907.0	98653.0	252622.0	573028.0	326378.0	122694.0	215375.0	23.1	12.1	31.2	20.7
2006-05-02	851211.0	99924.0	278424.0	607526.0	342225.0	116593.0	203394.0	22.0	11.3	31.1	20.1
2006-05-09	849097.0	107106.0	274987.0	582668.0	338968.0	130210.0	206029.0	20.2	12.4	29.9	21.1
2006-05-16	878745.0	107868.0	273277.0	608715.0	354250.0	126137.0	215193.0	20.2	13.8	29.4	21.5
2006-05-23	875358.0	111914.0	227728.0	574786.0	392878.0	137501.0	203595.0	17.6	15.2	25.7	21.1
2006-05-30	796130.0	81111.0	205759.0	531600.0	343040.0	140680.0	204592.0	18.3	16.5	26.2	23.2
2006-06-06	763828.0	104827.0	198863.0	487102.0	359816.0	140196.0	173446.0	17.4	16.7	25.7	23.6
2006-06-13	762787.0	128124.0	192076.0	478908.0	379243.0	135166.0	170879.0	18.2	18.3	26.7	25.7
2006-06-20	747700.0	111183.0	202823.0	509147.0	337095.0	115810.0	196222.0	18.3	18.3	26.4	25.4
2006-06-27	765619.0	104921.0	222719.0	531191.0	342042.0	119609.0	190960.0	19.8	20.1	27.4	27.6
2006-07-03	743619.0	99814.0	190922.0	520560.0	359145.0	114551.0	184858.0	20.6	19.6	28.9	26.4
2006-07-11	753141.0	86138.0	176395.0	527745.0	393480.0	128356.0	172364.0	21.3	19.0	28.9	24.7
2006-07-18	751513.0	95360.0	184271.0	529589.0	377296.0	114118.0	177500.0	22.5	19.7	30.9	26.4
2006-07-25	765362.0	120458.0	156858.0	510265.0	426402.0	121557.0	169020.0	20.7	20.6	29.4	26.7
2006-08-01	774122.0	121663.0	172878.0	509522.0	414475.0	126951.0	170783.0	20.0	21.3	29.2	27.1
2006-08-08	808424.0	116822.0	191310.0	524908.0	422635.0	139041.0	166826.0	19.9	20.9	28.9	27.4
2006-08-15	816638.0	98393.0	191402.0	527122.0	429780.0	155872.0	160205.0	19.4	19.2	27.1	25.0
2006-08-22	834113.0	120506.0	200810.0	521839.0	417877.0	152016.0	175674.0	20.2	18.0	27.8	24.1
2006-08-29	833289.0	143719.0	202350.0	487420.0	400025.0	163912.0	192676.0	20.7	19.3	27.8	25.9
2006-09-05	794591.0	146306.0	202111.0	460260.0	385136.0	160581.0	179900.0	20.9	19.5	28.0	26.0
2006-09-12	764360.0	147407.0	196197.0	433297.0	375399.0	160208.0	169316.0	19.2	20.1	26.4	26.7
2006-09-19	747208.0	140083.0	188411.0	424506.0	375169.0	167950.0	168959.0	19.5	21.6	26.8	29.1
2006-09-26	766827.0	160374.0	201527.0	439404.0	386986.0	162740.0	174005.0	21.6	22.0	28.4	29.9
2006-10-03	773507.0	162157.0	204958.0	440079.0	402963.0	168951.0	163266.0	21.0	20.9	28.0	28.8
2006-10-10	733744.0	135106.0	174644.0	437912.0	394123.0	156320.0	160571.0	19.7	20.3	26.7	28.3
2006-10-17	723720.0	126012.0	170343.0	453905.0	387836.0	135952.0	157690.0	19.4	23.0	26.7	31.0
2006-10-24	721095.0	101604.0	169487.0	474346.0	374492.0	133696.0	165667.0	22.1	22.3	28.9	30.2
2006-10-31	763166.0	117406.0	177189.0	485775.0	398176.0	148576.0	176392.0	22.1	21.9	29.2	30.4
2006-11-07	772984.0	123119.0	199841.0	481151.0	404398.0	157135.0	157166.0	21.2	22.9	28.7	31.6
2006-11-14	806422.0	133589.0	203154.0	487289.0	428215.0	169300.0	158809.0	20.7	23.5	28.7	32.7
2006-11-21	780202.0	127238.0	215057.0	504495.0	407579.0	117689.0	126786.0	21.9	23.4	30.5	32.9
2006-11-28	899947.0	123648.0	173745.0	537480.0	508493.0	189257.0	168147.0	19.1	24.2	25.8	30.7
2006-12-05	847924.0	143583.0	192404.0	502899.0	464772.0	174622.0	163928.0	21.6	24.5	29.5	32.0
2006-12-12	834901.0	147850.0	190332.0	496728.0	455783.0	172626.0	171089.0	21.3	25.0	28.5	32.8
2006-12-19	787883.0	116869.0	185449.0	514925.0	436752.0	147363.0	156956.0	21.9	27.0	29.4	35.5
2006-12-26	761767.0	111078.0	179878.0	510397.0	427771.0	131081.0	144907.0	22.8	27.8	30.7	36.3
2007-01-03	768769.0	106859.0	176921.0	531238.0	426576.0	124130.0	158730.0	23.1	28.6	30.1	37.7
2007-01-09	782871.0	117737.0	170404.0	526900.0	436211.0	127556.0	165578.0	22.0	28.6	29.9	37.5
2007-01-16	793340.0	125473.0	192468.0	548129.0	430233.0	111789.0	162690.0	22.6	27.9	30.4	36.7
2007-01-23	839081.0	139979.0	209262.0	565935.0	436434.0	118873.0	179091.0	22.1	26.7	30.2	34.4
2007-01-30	893358.0	142069.0	209288.0	608329.0	484400.0	126371.0	183081.0	22.7	26.8	30.4	34.3
2007-02-06	893751.0	130727.0	203984.0	614361.0	482315.0	128935.0	187724.0	26.1	26.3	34.0	33.5
2007-02-13	888406.0	125595.0	196879.0	612314.0	486785.0	125047.0	179292.0	27.2	26.4	35.4	34.1
2007-02-20	883153.0	124869.0	184472.0	600294.0	508646.0	131608.0	163653.0	26.8	25.9	35.0	33.2
2007-02-27	955433.0	112018.0	199517.0	623683.0	506374.0	168646.0	198456.0	22.2	21.6	30.6	28.4
2007-03-06	904998.0	115714.0	227017.0	602141.0	478253.0	148973.0	161558.0	22.7	22.6	32.0	29.7
2007-03-13	856609.0	128581.0	223531.0	566564.0	463594.0	151935.0	159955.0	22.0	22.7	30.9	30.3
2007-03-20	839429.0	121999.0	221298.0	573551.0	465532.0	137968.0	146688.0	21.0	21.0	28.8	28.6
2007-03-27	818615.0	91326.0	198424.0	591881.0	444842.0	126640.0	166581.0	22.1	20.8	30.9	27.9
2007-04-03	835051.0	103770.0	192420.0	599120.0	466133.0	124071.0	168408.0	21.9	18.4	29.6	26.1
2007-04-10	880206.0	152013.0	205307.0	606961.0	480733.0	111796.0	184730.0	24.4	17.3	33.7	24.3
2007-04-17	890178.0	119629.0	231185.0	642638.0	463771.0	116212.0	183523.0	23.9	17.5	34.3	24.8
2007-04-24	867816.0	122463.0	191048.0	595348.0	486028.0	135986.0	176721.0	24.9	17.9	32.9	25.5
2007-05-01	903566.0	115259.0	216548.0	632175.0	483400.0	133459.0	180945.0	26.3	17.9	34.6	25.9
2007-05-08	896829.0	138571.0	210622.0	604522.0	493888.0	131033.0	169616.0	26.6	18.4	34.4	26.6
2007-05-15	933521.0	127802.0	221325.0	643686.0	503081.0	136056.0	183138.0	25.8	17.8	33.3	25.8
2007-05-22	1000702.0	132633.0	236606.0	714901.0	546796.0	128055.0	192187.0	23.9	17.6	30.9	26.2
2007-05-29	1026322.0	123237.0	241325.0	723140.0	523513.0	155410.0	236949.0	23.7	17.4	32.4	25.7
2007-06-05	928170.0	117718.0	257541.0	654154.0	456261.0	139463.0	197533.0	27.8	22.9	36.6	32.5
2007-06-12	976597.0	149778.0	266657.0	662570.0	496342.0	148102.0	197451.0	29.1	25.5	38.6	35.5
2007-06-19	1008422.0	157107.0	273923.0	702193.0	534374.0	139582.0	190585.0	31.3	26.9	40.9	36.9
2007-06-26	999529.0	148864.0	269050.0	711256.0	532893.0	129490.0	187667.0	30.8	26.7	41.3	36.6
2007-07-03	994059.0	146913.0	255475.0	727067.0	533703.0	110804.0	195606.0	29.8	27.1	41.3	36.9
2007-07-10	994393.0	118694.0	242866.0	730660.0	548808.0	136015.0	193695.0	27.1	28.8	38.5	37.0
2007-07-17	981332.0	114083.0	237881.0	728462.0	545829.0	129941.0	188776.0	27.3	29.0	37.2	37.1
2007-07-24	986073.0	130986.0	251160.0	723398.0	565556.0	122806.0	160474.0	24.9	29.4	35.5	37.4
2007-07-31	1012550.0	133332.0	231239.0	733182.0	595787.0	140235.0	179723.0	24.8	27.1	34.0	35.7
2007-08-07	1018698.0	146703.0	245478.0	728399.0	592095.0	133257.0	170786.0	21.8	28.1	31.5	37.4
2007-08-14	1004299.0	126857.0	261003.0	731357.0	586507.0	138698.0	149402.0	21.5	28.7	32.4	37.7
2007-08-21	991242.0	144855.0	233189.0	700453.0	597650.0	137764.0	152233.0	22.1	26.2	32.9	34.7
2007-08-28	1007861.0	156005.0	180766.0	698595.0	646479.0	142529.0	169884.0	20.2	26.9	29.9	36.7
2007-09-04	955890.0	151846.0	195279.0	642897.0	577412.0	149552.0	171604.0	20.4	27.5	29.9	37.3
2007-09-11	945406.0	158490.0	188041.0	639439.0	588372.0	143292.0	164808.0	21.4	26.7	30.5	34.9
2007-09-18	903476.0	129868.0	176633.0	621300.0	568232.0	148529.0	154832.0	21.4	30.0	30.7	38.5
2007-09-25	879606.0	102689.0	157124.0	632548.0	548615.0	140789.0	170287.0	22.2	29.4	30.2	36.3
2007-10-02	925217.0	110988.0	177724.0	667850.0	580986.0	142511.0	162639.0	22.8	29.8	31.0	37.0
2007-10-09	925602.0	112563.0	172922.0	670103.0	578745.0	139504.0	170503.0	22.1	29.0	29.9	36.7
2007-10-16	941190.0	120781.0	170104.0	676517.0	602989.0	136501.0	160706.0	18.8	27.6	27.8	35.5
2007-10-23	957109.0	142280.0	163902.0	657675.0	629839.0	149220.0	155434.0	18.0	26.9	26.5	35.6
2007-10-30	979545.0	180185.0	181858.0	642160.0	630588.0	152001.0	161900.0	18.5	25.0	29.1	34.3
2007-11-06	998729.0	203795.0	174477.0	624574.0	646254.0	162576.0	170214.0	19.8	26.4	29.4	35.5
2007-11-13	1022286.0	191318.0	187430.0	657349.0	653671.0	164852.0	172418.0	17.6	26.7	28.5	34.9
2007-11-20	1040545.0	210239.0	165933.0	674434.0	684415.0	147578.0	181903.0	19.2	25.9	29.4	33.9
2007-11-27	1034180.0	224479.0	163765.0	619594.0	668202.0	171152.0	183258.0	20.0	25.8	30.8	33.1
2007-12-04	1003926.0	225590.0	167532.0	611125.0	650206.0	159356.0	178333.0	21.4	23.0	30.0	30.7
2007-12-11	941732.0	158315.0	162890.0	615032.0	612016.0	159549.0	157990.0	18.2	26.7	28.1	34.8
2007-12-18	942295.0	147595.0	167893.0	640132.0	608605.0	149228.0	160457.0	19.7	28.0	29.8	35.7
2007-12-24	930611.0	148626.0	163006.0	640007.0	616796.0	136031.0	144862.0	21.1	28.0	31.2	35.5
2007-12-31	920284.0	142853.0	170247.0	633667.0	591343.0	140888.0	155818.0	23.3	28.7	31.9	37.3
2008-01-08	1000171.0	192935.0	195672.0	657862.0	617995.0	145781.0	182911.0	23.0	26.6	32.1	34.7
2008-01-15	1058419.0	220764.0	208781.0	672668.0	656061.0	161246.0	189836.0	23.2	26.2	32.8	34.1
2008-01-22	1092860.0	257485.0	227175.0	678338.0	669976.0	150308.0	188980.0	25.7	26.1	35.1	32.5
2008-01-29	1049956.0	227760.0	211325.0	669396.0	654441.0	141590.0	172980.0	24.8	26.6	33.1	32.5
2008-02-05	1037965.0	204414.0	219476.0	669460.0	626081.0	155670.0	183987.0	24.6	26.9	32.9	32.9
2008-02-12	1033489.0	223201.0	203661.0	651865.0	629750.0	147929.0	189584.0	23.3	26.8	32.7	32.9
2008-02-19	1049142.0	226874.0	205645.0	662155.0	642802.0	147614.0	188196.0	23.8	26.9	33.0	33.0
2008-02-26	1020435.0	173928.0	178637.0	687056.0	646978.0	152300.0	187669.0	24.7	27.1	32.5	32.6
2008-03-04	1064263.0	192884.0	210217.0	711405.0	643485.0	143501.0	194088.0	24.5	26.3	33.5	32.4
2008-03-11	985849.0	194976.0	192209.0	655730.0	616169.0	129447.0	171775.0	23.8	29.5	34.3	35.3
2008-03-18	964386.0	169896.0	190171.0	648356.0	593697.0	142351.0	176735.0	24.1	30.1	33.4	36.6
2008-03-25	941923.0	186880.0	159600.0	624025.0	597497.0	126171.0	179979.0	25.0	29.3	33.7	35.9
2008-04-01	905321.0	148994.0	148164.0	627621.0	582065.0	123809.0	170195.0	22.0	27.6	30.9	33.9
2008-04-08	875360.0	146628.0	144696.0	592853.0	553633.0	129572.0	170724.0	24.0	28.3	32.0	34.2
2008-04-15	905614.0	135728.0	161820.0	631067.0	551292.0	131338.0	185021.0	24.5	24.2	33.5	30.0
2008-04-22	890843.0	116309.0	136280.0	649845.0	569472.0	116539.0	176941.0	26.0	25.0	34.6	31.3
2008-04-29	907702.0	110278.0	139790.0	658567.0	567244.0	122599.0	184410.0	24.8	24.9	33.1	30.7
2008-05-06	916018.0	120051.0	147116.0	662542.0	571720.0	121896.0	185653.0	24.3	25.1	32.6	30.9
2008-05-13	941179.0	162164.0	155550.0	655850.0	593157.0	111194.0	180501.0	24.9	25.8	34.4	31.2
2008-05-20	942969.0	166969.0	162881.0	640746.0	587031.0	121689.0	179492.0	23.3	23.2	32.8	28.6
2008-05-27	967144.0	143902.0	161059.0	684567.0	585135.0	122711.0	204986.0	20.9	21.7	30.3	26.9
2008-06-03	906460.0	128304.0	149740.0	648714.0	543790.0	114144.0	197632.0	21.5	21.2	30.5	26.5
2008-06-10	868698.0	105162.0	169045.0	645515.0	499174.0	105351.0	187809.0	22.3	18.7	30.8	24.7
2008-06-17	872237.0	103866.0	180705.0	656551.0	497380.0	97126.0	179458.0	20.9	13.9	29.0	20.2
2008-06-24	889210.0	109556.0	192410.0	671962.0	525591.0	97453.0	160970.0	20.8	13.6	31.2	19.9
2008-07-01	894417.0	141015.0	188620.0	633286.0	516822.0	111261.0	180120.0	19.9	13.2	30.8	20.7
2008-07-08	909292.0	163438.0	192605.0	618211.0	534537.0	124674.0	179181.0	18.1	13.5	28.6	21.4
2008-07-15	919096.0	161922.0	201427.0	620029.0	533722.0	133593.0	180395.0	17.5	12.7	28.0	20.0
2008-07-22	883247.0	150372.0	193598.0	608543.0	506411.0	120904.0	179810.0	18.4	11.8	29.1	18.7
2008-07-29	848661.0	120324.0	188747.0	615296.0	494654.0	110498.0	162717.0	19.1	11.9	29.7	18.5
2008-08-05	857390.0	138518.0	188843.0	599524.0	500804.0	115829.0	164224.0	19.3	11.9	29.4	18.5
2008-08-12	852830.0	113309.0	169342.0	617053.0	516214.0	118844.0	163650.0	18.6	11.7	27.4	18.9
2008-08-19	863132.0	104301.0	169702.0	627464.0	517907.0	125601.0	169757.0	18.9	11.6	29.6	19.2
2008-08-26	922700.0	107438.0	163716.0	633780.0	542597.0	153240.0	188145.0	17.9	11.3	27.4	18.3
2008-09-02	928982.0	124779.0	176621.0	629993.0	547919.0	145761.0	175993.0	16.8	11.5	26.1	18.1
2008-09-09	919294.0	132790.0	174178.0	631176.0	538517.0	133079.0	184350.0	18.4	11.7	29.8	17.8
2008-09-16	908645.0	107252.0	176415.0	646840.0	531724.0	136560.0	182513.0	18.2	11.9	29.5	18.3
2008-09-23	819964.0	84259.0	181982.0	608215.0	482112.0	118256.0	146636.0	17.8	12.8	28.0	20.1
2008-09-30	803176.0	66785.0	170476.0	609652.0	474038.0	119499.0	151422.0	18.3	12.1	27.7	19.1
2008-10-07	793207.0	68498.0	179502.0	601350.0	442893.0	113484.0	160937.0	22.1	12.1	32.4	19.0
2008-10-14	748271.0	45910.0	178533.0	586709.0	425100.0	108090.0	137076.0	22.1	13.7	33.9	21.0
2008-10-21	723588.0	44296.0	150002.0	558430.0	415722.0	116769.0	153771.0	23.7	14.2	33.8	21.2
2008-10-28	734592.0	38954.0	146145.0	571469.0	428490.0	118915.0	154703.0	25.2	13.9	35.3	22.3
2008-11-04	724605.0	49150.0	162401.0	571361.0	424217.0	100882.0	134775.0	22.6	14.2	33.2	21.9
2008-11-11	733196.0	50856.0	157429.0	583155.0	430002.0	95751.0	142331.0	22.5	13.6	33.0	21.7
2008-11-18	744570.0	60739.0	151705.0	583035.0	440776.0	96120.0	147413.0	23.0	14.1	33.8	21.6
2008-11-25	759348.0	50853.0	138025.0	552049.0	396217.0	148127.0	216787.0	22.8	13.7	32.6	21.3
2008-12-02	737714.0	50922.0	162713.0	566219.0	417982.0	114523.0	150969.0	22.2	15.9	34.1	23.1
2008-12-09	760912.0	52682.0	156870.0	594929.0	461941.0	109125.0	137925.0	30.7	18.2	42.4	25.9
2008-12-16	770320.0	59200.0	178906.0	600103.0	436476.0	107177.0	151098.0	32.9	15.7	43.8	24.9
2008-12-22	758306.0	57193.0	176301.0	591853.0	440580.0	103718.0	135883.0	34.9	17.2	47.2	26.2
2008-12-30	761182.0	57765.0	179614.0	580408.0	433781.0	118231.0	143009.0	35.1	17.2	47.4	26.0
2009-01-06	737426.0	60246.0	156902.0	547003.0	428161.0	123123.0	145309.0	32.6	19.4	43.1	27.9
2009-01-13	733037.0	62241.0	138722.0	554350.0	440449.0	107402.0	144822.0	33.5	20.1	45.6	28.3
2009-01-20	718023.0	43617.0	134548.0	560991.0	427700.0	105050.0	147410.0	35.3	21.8	48.0	29.7
2009-01-27	717586.0	42683.0	120311.0	561032.0	444715.0	107760.0	146449.0	34.5	24.4	46.1	31.6
2009-02-03	717270.0	38974.0	127723.0	567192.0	435121.0	103565.0	146887.0	33.1	25.8	44.0	33.3
2009-02-10	716371.0	37892.0	123085.0	565460.0	432340.0	105404.0	153331.0	32.7	26.2	43.5	33.6
2009-02-17	739838.0	43731.0	130263.0	577474.0	448446.0	109650.0	152146.0	32.6	24.7	43.4	31.7
2009-02-24	757285.0	36380.0	129130.0	571981.0	435723.0	114757.0	158265.0	32.4	23.2	40.6	29.5
2009-03-03	740494.0	38348.0	141177.0	571646.0	422432.0	98548.0	144933.0	34.1	23.4	42.7	29.8
2009-03-10	711263.0	39116.0	142031.0	560081.0	408743.0	98677.0	147100.0	35.6	24.2	44.3	30.8
2009-03-17	700966.0	34884.0	139926.0	551732.0	407464.0	106289.0	145515.0	35.1	27.0	44.3	34.6
2009-03-24	708745.0	44407.0	136473.0	549127.0	438780.0	108726.0	127007.0	33.0	30.1	42.2	37.8
2009-03-31	720074.0	46404.0	123597.0	559800.0	458964.0	106609.0	130252.0	33.1	32.2	42.7	40.1
2009-04-07	726363.0	39760.0	125111.0	576971.0	458510.0	99865.0	132975.0	33.9	33.5	45.2	41.8
2009-04-14	726817.0	45006.0	120270.0	565618.0	467999.0	106733.0	129088.0	33.2	35.0	44.5	43.0
2009-04-21	706673.0	39333.0	113675.0	552254.0	446382.0	105960.0	137490.0	31.4	34.9	40.2	41.9
2009-04-28	694396.0	44562.0	115004.0	537514.0	432866.0	104873.0	139079.0	31.4	33.8	40.4	40.5
2009-05-05	686278.0	41523.0	115553.0	526206.0	416483.0	111878.0	147571.0	29.5	32.9	39.3	39.6
2009-05-12	711193.0	43594.0	139680.0	546868.0	416430.0	113379.0	147731.0	29.0	30.7	38.3	37.3
2009-05-19	726264.0	47132.0	160505.0	558838.0	412589.0	110604.0	143480.0	28.2	27.8	38.0	35.5
2009-05-26	744615.0	49175.0	167448.0	560582.0	414298.0	120195.0	148206.0	25.9	27.1	34.6	34.6
2009-06-02	755603.0	72869.0	155069.0	560377.0	439757.0	112155.0	150575.0	23.1	26.6	31.8	34.1
2009-06-09	708941.0	76255.0	157221.0	513277.0	414644.0	111469.0	129136.0	23.6	26.3	31.7	34.5
2009-06-16	696764.0	68861.0	154641.0	511441.0	405235.0	113107.0	133533.0	24.1	28.5	32.7	36.9
2009-06-23	703436.0	64848.0	150387.0	518424.0	414156.0	116810.0	135539.0	24.2	28.2	32.2	36.8
2009-06-30	698712.0	67364.0	151591.0	525773.0	413833.0	104748.0	132461.0	23.0	28.5	30.5	37.6
2009-07-07	719075.0	83997.0	144390.0	526768.0	435269.0	106633.0	137739.0	22.3	30.6	29.7	39.5
2009-07-14	714383.0	70876.0	142666.0	534023.0	442274.0	107672.0	127631.0	20.8	30.0	28.1	38.7
2009-07-21	685512.0	64660.0	140621.0	510179.0	413284.0	107927.0	128861.0	20.9	28.1	28.5	36.9
2009-07-28	679719.0	71281.0	149401.0	505472.0	395440.0	100502.0	132414.0	20.3	24.5	27.9	33.3
2009-08-04	683393.0	68975.0	177073.0	517014.0	410151.0	94711.0	93476.0	20.7	28.9	28.6	39.7
2009-08-11	686992.0	65866.0	180479.0	523078.0	417431.0	95274.0	86308.0	20.8	30.5	29.2	41.4
2009-08-18	720235.0	70435.0	200368.0	544319.0	436833.0	96018.0	73571.0	20.5	30.3	28.7	40.6
2009-08-25	822167.0	67371.0	190933.0	631737.0	530845.0	111019.0	88349.0	18.2	29.7	26.3	38.4
2009-09-01	776030.0	77116.0	143275.0	569541.0	503841.0	120520.0	120061.0	17.6	29.2	26.5	37.9
2009-09-08	756638.0	67898.0	132751.0	563382.0	500654.0	121126.0	119001.0	17.7	30.2	26.5	39.2
2009-09-15	750038.0	79519.0	132500.0	531400.0	493073.0	134299.0	119645.0	18.7	30.7	26.8	39.7
2009-09-22	741386.0	59500.0	136981.0	543533.0	475930.0	131077.0	121199.0	19.4	29.5	29.2	38.3
2009-09-29	752669.0	71422.0	140147.0	548672.0	486968.0	125408.0	118387.0	19.6	29.9	30.1	37.9
2009-10-06	768850.0	80955.0	142903.0	544819.0	492246.0	133589.0	124214.0	19.5	28.8	30.1	37.0
2009-10-13	746072.0	76184.0	152471.0	527522.0	461704.0	132379.0	121910.0	17.4	28.9	28.1	37.7
2009-10-20	729615.0	78783.0	154955.0	526383.0	443040.0	119186.0	126357.0	18.1	27.1	28.9	36.0
2009-10-27	727101.0	67368.0	163811.0	541179.0	432711.0	114236.0	126261.0	18.0	26.3	29.3	35.4
2009-11-03	733215.0	61904.0	156496.0	556105.0	442101.0	109200.0	128612.0	18.0	25.7	29.2	34.3
2009-11-09	743833.0	50569.0	164642.0	576800.0	438604.0	108171.0	132294.0	17.6	25.2	27.7	33.5
2009-11-17	785818.0	63182.0	182400.0	584685.0	464699.0	129844.0	130612.0	17.2	24.5	28.4	32.1
2009-11-24	806968.0	69412.0	175893.0	579790.0	476904.0	140126.0	136531.0	15.7	23.5	25.6	30.4
2009-12-01	811951.0	83244.0	160738.0	567182.0	501857.0	142107.0	129938.0	15.5	23.3	25.4	31.3
2009-12-08	728573.0	60161.0	145739.0	522207.0	448759.0	133148.0	121018.0	15.1	22.4	25.7	30.4
2009-12-15	697209.0	55856.0	156201.0	508925.0	417667.0	127769.0	118682.0	19.1	22.0	29.7	30.9
2009-12-22	680977.0	61035.0	152676.0	501756.0	391104.0	114084.0	133095.0	18.3	21.2	29.5	29.4
2009-12-29	670423.0	46190.0	149880.0	503468.0	388317.0	118218.0	129679.0	17.8	21.4	29.2	29.5
2010-01-05	658969.0	49866.0	151399.0	494457.0	371103.0	112809.0	134630.0	16.7	20.4	27.5	28.8
2010-01-12	657643.0	49908.0	150989.0	489097.0	349668.0	110601.0	148949.0	16.1	20.1	28.2	28.3
2010-01-19	652138.0	46509.0	152513.0	490104.0	346802.0	111688.0	148986.0	15.5	20.1	28.5	28.8
2010-01-26	652424.0	41848.0	136270.0	493378.0	360884.0	112195.0	150267.0	17.4	19.6	30.6	28.8
2010-02-02	648854.0	39833.0	139575.0	488255.0	364757.0	116242.0	139998.0	17.7	19.6	30.9	29.3
2010-02-09	670838.0	42554.0	149750.0	494487.0	372497.0	125528.0	140322.0	17.6	18.7	30.0	27.6
2010-02-16	667028.0	42281.0	150109.0	495529.0	364797.0	120060.0	142964.0	17.3	19.4	30.1	28.1
2010-02-23	703202.0	46872.0	148387.0	517963.0	359757.0	124563.0	181254.0	19.5	18.2	32.5	26.1
2010-03-02	680023.0	46082.0	147570.0	503471.0	372546.0	114710.0	144147.0	18.4	19.0	30.7	27.5
2010-03-09	638248.0	41701.0	148335.0	472205.0	335652.0	108902.0	138821.0	20.1	20.0	33.5	28.6
2010-03-16	643281.0	40871.0	150956.0	470671.0	347476.0	119267.0	132377.0	21.1	19.8	34.6	28.4
2010-03-23	649308.0	54062.0	151540.0	470002.0	362701.0	118383.0	128206.0	20.7	20.0	34.2	28.8
2010-03-30	640167.0	38363.0	156221.0	488572.0	344436.0	110254.0	136532.0	23.6	19.3	37.2	28.2
2010-04-06	661193.0	50905.0	164922.0	488285.0	336349.0	120328.0	158247.0	18.6	18.6	32.2	28.4
2010-04-13	651228.0	52400.0	167674.0	480907.0	341721.0	116148.0	140060.0	19.4	18.2	32.4	28.7
2010-04-20	655537.0	57784.0	163177.0	484182.0	354965.0	111563.0	135387.0	20.6	17.7	32.5	30.0
2010-04-27	685417.0	76066.0	161957.0	478534.0	391580.0	127623.0	128686.0	19.9	16.9	31.4	28.1
2010-05-04	719213.0	76651.0	159464.0	503750.0	417450.0	132995.0	136482.0	18.9	17.1	30.2	28.0
2010-05-11	738472.0	73416.0	172532.0	504191.0	430077.0	149142.0	124140.0	19.5	18.8	31.0	29.4
2010-05-18	749720.0	78038.0	175515.0	508708.0	438585.0	148603.0	121249.0	20.1	19.1	31.1	29.5
2010-05-25	757180.0	72318.0	154875.0	523607.0	445622.0	141018.0	136446.0	19.2	19.1	29.5	27.9
2010-06-01	712278.0	72899.0	133767.0	462117.0	431115.0	144702.0	114836.0	19.1	21.4	29.9	31.2
2010-06-08	677581.0	72075.0	137145.0	446406.0	404642.0	139681.0	116375.0	20.0	21.8	30.8	33.1
2010-06-15	662857.0	85535.0	134550.0	424925.0	400733.0	136698.0	111875.0	20.2	20.6	31.4	33.5
2010-06-22	633174.0	78091.0	125109.0	407034.0	384531.0	137179.0	112664.0	20.8	20.3	31.6	32.8
2010-06-29	652433.0	72345.0	129229.0	436203.0	392027.0	132976.0	120268.0	21.0	19.9	32.2	32.7
2010-07-06	662203.0	77501.0	133016.0	430214.0	396488.0	145648.0	123859.0	20.9	20.3	31.7	32.8
2010-07-13	673928.0	90323.0	129685.0	435265.0	420116.0	139818.0	115605.0	19.9	19.9	31.2	34.1
2010-07-20	682517.0	82400.0	130109.0	446553.0	414863.0	146023.0	130004.0	19.8	19.9	30.1	33.7
2010-07-27	691590.0	88317.0	138840.0	446956.0	422395.0	148397.0	122435.0	19.7	19.9	30.7	34.4
2010-08-03	692587.0	96349.0	138072.0	452489.0	447006.0	136777.0	100537.0	20.0	21.5	31.3	36.5
2010-08-10	729581.0	92435.0	100961.0	465416.0	497571.0	167477.0	126796.0	19.1	22.4	30.1	36.3
2010-08-17	715278.0	81336.0	92935.0	453834.0	485445.0	172736.0	129526.0	19.2	21.8	29.7	36.6
2010-08-24	743828.0	96004.0	101775.0	472592.0	494603.0	160620.0	132838.0	18.1	19.5	28.2	33.9
2010-08-31	780661.0	97002.0	111310.0	458772.0	466047.0	176337.0	154754.0	16.4	19.0	26.0	31.9
2010-09-07	681513.0	91253.0	100261.0	420582.0	431528.0	145446.0	125492.0	18.2	21.3	28.1	35.5
2010-09-14	664989.0	85969.0	86385.0	413076.0	439210.0	143183.0	116633.0	17.8	22.0	27.7	34.9
2010-09-21	666414.0	75122.0	68467.0	422012.0	465336.0	148568.0	111899.0	19.4	23.7	29.5	37.5
2010-09-28	676868.0	78361.0	79796.0	427868.0	456623.0	150464.0	120274.0	19.0	22.3	28.2	37.7
2010-10-05	674322.0	79438.0	92440.0	436823.0	453540.0	146352.0	116633.0	20.0	20.9	29.4	36.3
2010-10-12	692890.0	96571.0	103773.0	433639.0	456209.0	153533.0	123761.0	19.8	19.6	29.6	33.8
2010-10-19	695529.0	98486.0	96613.0	442544.0	462670.0	143944.0	125691.0	19.4	19.0	28.2	32.7
2010-10-26	667626.0	77404.0	100589.0	429397.0	414416.0	144688.0	136484.0	18.0	20.9	26.9	32.6
2010-11-02	675492.0	80616.0	98673.0	440480.0	432400.0	138631.0	128654.0	18.2	17.9	26.2	30.3
2010-11-09	681718.0	103408.0	106420.0	429912.0	423039.0	136629.0	140490.0	18.2	17.0	26.8	26.3
2010-11-16	647423.0	82755.0	68043.0	407067.0	419402.0	143283.0	145660.0	18.8	19.5	28.8	28.2
2010-11-23	626882.0	68657.0	81354.0	413199.0	391011.0	132514.0	142005.0	20.1	18.6	29.2	27.4
2010-11-30	634661.0	64585.0	76656.0	428144.0	411956.0	136567.0	140684.0	18.8	17.7	27.7	26.1
2010-12-07	593469.0	73797.0	54289.0	398899.0	393597.0	117405.0	142215.0	20.0	17.9	29.9	27.1
2010-12-14	579262.0	75173.0	68716.0	383414.0	370081.0	117511.0	137301.0	19.8	16.3	30.1	25.6
2010-12-21	537120.0	48451.0	74969.0	376169.0	319875.0	109371.0	139147.0	22.2	16.5	32.7	26.2
2010-12-28	529597.0	44226.0	71225.0	363038.0	319673.0	117386.0	133752.0	22.3	15.5	32.8	25.4
2011-01-04	538630.0	63740.0	69412.0	364715.0	327746.0	106886.0	138183.0	22.2	16.4	33.4	26.4
2011-01-11	548390.0	51280.0	69696.0	373840.0	331624.0	119581.0	143381.0	21.6	15.6	32.2	25.2
2011-01-18	559990.0	59911.0	70936.0	370285.0	335115.0	123520.0	147665.0	21.2	15.9	31.4	24.8
2011-01-25	567906.0	60222.0	70020.0	371297.0	352099.0	132211.0	141611.0	21.1	16.9	30.9	26.2
2011-02-01	560523.0	52969.0	71410.0	377728.0	339467.0	124596.0	144416.0	20.3	16.8	30.1	26.0
2011-02-08	585970.0	67524.0	90677.0	382298.0	333271.0	129655.0	155529.0	18.9	15.8	29.0	25.1
2011-02-15	591848.0	57188.0	96115.0	401228.0	328950.0	128435.0	161786.0	20.8	15.9	30.9	25.5
2011-02-22	665717.0	66349.0	114277.0	421284.0	366094.0	168028.0	175290.0	18.2	15.1	27.4	23.4
2011-03-01	664755.0	93507.0	125745.0	428754.0	378717.0	138589.0	156388.0	18.6	16.7	30.1	25.8
2011-03-08	622337.0	84958.0	108404.0	399489.0	352237.0	135665.0	159471.0	18.3	17.8	29.3	28.4
2011-03-15	596535.0	67991.0	101079.0	392094.0	346570.0	133248.0	145684.0	17.1	17.9	26.8	27.5
2011-03-22	597795.0	80514.0	97837.0	380748.0	349021.0	132922.0	147326.0	18.4	18.6	29.0	27.8
2011-03-29	590910.0	76528.0	95712.0	376053.0	332085.0	134376.0	159160.0	18.8	18.4	29.3	28.2
2011-04-05	593161.0	74675.0	121338.0	383071.0	302847.0	128906.0	162467.0	18.5	17.3	28.7	26.6
2011-04-12	562684.0	37809.0	111720.0	367511.0	278708.0	148063.0	162955.0	19.0	16.1	27.9	24.8
2011-04-19	561681.0	58187.0	102732.0	366070.0	298008.0	129346.0	152863.0	19.3	16.0	28.9	25.0
2011-04-26	575695.0	67844.0	104390.0	360387.0	321881.0	140729.0	142689.0	18.7	17.8	28.9	27.4
2011-05-03	607225.0	88234.0	110790.0	357614.0	342271.0	153874.0	146661.0	20.7	19.5	29.4	29.2
2011-05-10	660636.0	108944.0	121342.0	378599.0	381257.0	161639.0	146583.0	20.0	20.8	30.4	29.7
2011-05-17	721053.0	116448.0	130340.0	418869.0	425679.0	171051.0	150349.0	20.5	19.2	30.1	27.4
2011-05-24	774703.0	112354.0	145777.0	469772.0	458357.0	175923.0	153915.0	19.4	18.7	29.1	26.6
2011-05-31	740953.0	112276.0	148277.0	448653.0	438052.0	173432.0	148032.0	20.3	18.7	29.7	26.9
2011-06-07	691900.0	94204.0	127348.0	422149.0	415473.0	165639.0	139171.0	20.3	19.1	29.0	27.3
2011-06-14	667019.0	76201.0	136653.0	425118.0	377239.0	156307.0	143734.0	19.5	18.0	27.4	26.5
2011-06-21	652844.0	79009.0	143867.0	405771.0	372841.0	159877.0	127949.0	21.1	20.3	29.3	29.1
2011-06-28	641754.0	74954.0	139376.0	410273.0	360728.0	149822.0	134945.0	20.5	18.8	28.2	27.9
2011-07-05	598632.0	58780.0	140686.0	391905.0	313970.0	142242.0	138271.0	21.8	20.2	28.9	29.3
2011-07-12	634944.0	71194.0	156645.0	416127.0	329921.0	140823.0	141578.0	21.6	19.4	30.2	28.6
2011-07-19	645396.0	76001.0	143151.0	414699.0	364670.0	147001.0	129880.0	22.5	16.4	30.6	25.6
2011-07-26	636836.0	66183.0	138531.0	404563.0	364130.0	155001.0	123086.0	22.5	16.8	30.1	26.0
2011-08-02	650940.0	75680.0	136082.0	404901.0	367472.0	157211.0	134238.0	21.5	17.2	28.8	25.8
2011-08-09	647821.0	67374.0	124957.0	431488.0	382028.0	138930.0	130807.0	23.3	18.5	32.4	27.3
2011-08-16	642101.0	65853.0	109054.0	416617.0	402457.0	147972.0	118931.0	21.2	19.9	29.7	30.0
2011-08-23	656050.0	66295.0	112094.0	429472.0	401851.0	146319.0	128141.0	21.0	19.8	29.2	29.8
2011-08-30	689017.0	61361.0	92401.0	459211.0	445053.0	158449.0	141567.0	19.5	16.9	26.7	27.6
2011-09-06	642580.0	54719.0	96141.0	420515.0	399045.0	158651.0	138699.0	21.0	19.8	28.7	30.2
2011-09-13	643314.0	59603.0	97020.0	422090.0	406673.0	152006.0	130006.0	21.0	17.6	28.2	28.7
2011-09-20	651563.0	72397.0	97232.0	425810.0	424590.0	143474.0	119859.0	21.2	17.9	28.0	28.7
2011-09-27	638290.0	69624.0	92981.0	423525.0	405973.0	136723.0	130918.0	23.9	17.8	31.9	29.2
2011-10-04	626846.0	65916.0	91883.0	421612.0	393991.0	133385.0	135039.0	25.2	18.6	34.8	29.5
2011-10-11	615802.0	77288.0	101013.0	403052.0	382854.0	129149.0	125622.0	23.5	20.2	33.3	30.0
2011-10-18	612289.0	77353.0	85637.0	392352.0	389381.0	137256.0	131943.0	21.6	21.6	31.5	31.2
2011-10-25	620520.0	85971.0	84875.0	387426.0	407815.0	137325.0	118032.0	21.8	23.4	29.7	32.9
2011-11-01	622374.0	63986.0	93262.0	416707.0	403043.0	135740.0	120128.0	22.5	22.5	31.6	33.6
2011-11-08	621596.0	63873.0	97962.0	417173.0	399175.0	134582.0	118491.0	21.9	22.6	31.3	33.9
2011-11-15	634416.0	64858.0	98947.0	422095.0	407596.0	142565.0	122975.0	21.9	23.3	30.7	34.0
2011-11-22	650958.0	62405.0	100062.0	422168.0	409283.0	156131.0	131359.0	22.4	23.5	30.6	33.5
2011-11-29	658141.0	62659.0	94783.0	440804.0	425074.0	143334.0	126940.0	22.0	23.5	29.0	33.4
2011-12-06	591861.0	60828.0	90939.0	393785.0	369241.0	133878.0	128311.0	24.3	22.3	30.0	32.8
2011-12-13	601710.0	59268.0	86238.0	402990.0	384793.0	136179.0	127406.0	25.0	22.5	31.0	32.8
2011-12-20	599053.0	59143.0	92418.0	401372.0	385669.0	135962.0	118390.0	24.8	23.9	31.4	33.9
2011-12-27	581902.0	60024.0	92496.0	384265.0	367110.0	135242.0	119925.0	24.1	23.9	30.5	34.8
2012-01-03	585528.0	63467.0	97014.0	381042.0	364598.0	138175.0	121072.0	22.6	22.8	29.7	34.6
2012-01-10	599203.0	67515.0	107265.0	374335.0	354882.0	153888.0	133591.0	21.5	20.9	28.5	32.2
2012-01-17	641385.0	90188.0	107540.0	399410.0	407368.0	147813.0	122503.0	21.1	21.2	28.7	32.8
2012-01-24	624696.0	72085.0	113666.0	411882.0	374693.0	136420.0	132028.0	22.3	21.9	29.5	32.2
2012-01-31	619808.0	75726.0	92907.0	396615.0	380098.0	142350.0	141686.0	21.9	22.4	28.0	32.9
2012-02-07	621121.0	81549.0	93366.0	396959.0	378855.0	138607.0	144894.0	21.3	19.5	27.6	30.0
2012-02-14	605045.0	71940.0	86710.0	391442.0	372937.0	136792.0	140527.0	22.2	19.3	28.9	29.7
2012-02-21	598173.0	74495.0	92400.0	380428.0	348373.0	136570.0	150720.0	21.0	19.8	27.6	29.3
2012-02-28	643524.0	69566.0	87171.0	401841.0	392741.0	167327.0	158822.0	18.1	19.0	23.8	28.4
2012-03-06	605174.0	78778.0	87842.0	381806.0	366526.0	141320.0	147536.0	19.4	20.3	27.1	30.1
2012-03-13	593501.0	63817.0	92896.0	388981.0	344910.0	136654.0	151646.0	16.5	19.8	23.3	28.8
2012-03-20	573955.0	47889.0	102113.0	397185.0	331114.0	125391.0	137238.0	16.0	17.5	23.4	27.0
2012-03-27	571340.0	45570.0	85196.0	396410.0	338393.0	127368.0	145759.0	16.7	16.4	24.5	27.7
2012-04-03	573636.0	57315.0	79067.0	379859.0	351698.0	132015.0	138424.0	15.6	15.5	22.8	26.1
2012-04-10	596803.0	65143.0	82583.0	385052.0	378399.0	141864.0	131077.0	15.3	16.5	22.2	27.4
2012-04-17	565563.0	65455.0	69126.0	354085.0	359574.0	142277.0	133117.0	14.7	16.7	22.0	26.3
2012-04-24	578534.0	70318.0	75605.0	360517.0	356082.0	145465.0	144613.0	16.9	15.8	24.3	25.5
2012-05-01	571339.0	60155.0	75131.0	359207.0	348813.0	149529.0	144947.0	17.4	15.4	25.8	24.2
2012-05-08	611630.0	82172.0	69730.0	365305.0	393016.0	157194.0	141925.0	18.4	14.6	26.5	23.8
2012-05-15	645984.0	93668.0	85676.0	375673.0	399698.0	167498.0	151465.0	20.3	14.8	28.1	24.7
2012-05-22	688700.0	104638.0	55794.0	402483.0	472637.0	168346.0	147036.0	21.1	15.1	29.7	24.8
2012-05-29	790120.0	97029.0	46023.0	487620.0	573218.0	191230.0	156638.0	19.8	15.0	26.8	23.9
2012-06-05	705472.0	92932.0	51976.0	450431.0	509832.0	156847.0	138402.0	24.4	16.3	33.9	27.0
2012-06-12	676851.0	99825.0	46949.0	425687.0	499731.0	145761.0	124593.0	22.9	16.8	32.9	28.6
2012-06-19	649558.0	82269.0	37859.0	410140.0	479321.0	151516.0	126745.0	24.1	17.1	33.3	29.6
2012-06-26	633327.0	79476.0	38700.0	385615.0	460010.0	157951.0	124332.0	23.5	16.8	31.4	29.5
2012-07-03	626502.0	80916.0	40989.0	379605.0	455800.0	157728.0	121460.0	21.9	17.2	29.0	29.9
2012-07-10	641900.0	79750.0	39193.0	381107.0	465818.0	172904.0	128750.0	20.7	16.7	28.0	30.2
2012-07-17	626253.0	75498.0	46554.0	378012.0	446288.0	165084.0	125752.0	20.5	16.8	27.8	29.8
2012-07-24	644706.0	80131.0	49644.0	395787.0	456408.0	162196.0	132062.0	19.5	16.1	27.1	28.2
2012-07-31	616688.0	80177.0	50470.0	374166.0	431236.0	157102.0	129739.0	18.7	15.4	26.4	26.5
2012-08-07	605807.0	84257.0	57326.0	352590.0	407761.0	160968.0	132728.0	18.0	15.0	26.0	25.9
2012-08-14	596175.0	81020.0	60212.0	349428.0	396966.0	156599.0	129869.0	18.4	14.2	26.5	25.6
2012-08-21	589320.0	63190.0	42533.0	366341.0	402525.0	152624.0	137097.0	17.3	13.6	24.5	24.5
2012-08-28	641164.0	57147.0	61276.0	406519.0	417458.0	163310.0	148242.0	15.9	11.3	23.5	21.5
2012-09-04	614505.0	65314.0	50683.0	388940.0	415537.0	151980.0	140014.0	16.7	12.6	23.9	22.6
2012-09-11	573215.0	69832.0	49744.0	347099.0	386540.0	150669.0	131316.0	16.5	13.5	24.2	23.8
2012-09-18	558449.0	45807.0	45879.0	364865.0	357452.0	139879.0	147220.0	15.4	15.3	22.4	23.5
2012-09-25	561389.0	41732.0	58606.0	377243.0	357073.0	137879.0	141175.0	16.4	16.1	24.1	24.2
2012-10-02	574605.0	53200.0	59820.0	373663.0	373775.0	141742.0	135010.0	17.2	16.5	25.6	25.1
2012-10-09	577724.0	64534.0	65362.0	374008.0	378041.0	134529.0	129668.0	17.4	15.3	26.4	24.4
2012-10-16	569927.0	60429.0	57210.0	371222.0	374411.0	135680.0	135710.0	17.9	14.3	26.2	25.2
2012-10-23	543502.0	36421.0	60256.0	368238.0	347218.0	133714.0	130899.0	17.7	14.4	26.1	24.1
2012-10-30	549851.0	35646.0	50966.0	365122.0	353241.0	143775.0	140336.0	18.1	13.6	26.4	22.7
2012-11-06	555028.0	37486.0	60140.0	377374.0	350993.0	134983.0	138710.0	20.0	13.1	28.7	22.5
2012-11-13	615062.0	70100.0	53188.0	390284.0	413412.0	146917.0	140701.0	18.7	15.9	26.5	26.6
2012-11-20	633185.0	82668.0	52897.0	384947.0	423284.0	158151.0	149585.0	17.2	15.6	24.2	26.1
2012-11-27	688751.0	75364.0	49540.0	409405.0	447784.0	171782.0	159227.0	16.5	14.0	23.2	23.4
2012-12-04	654492.0	100366.0	42462.0	387421.0	446195.0	147358.0	146488.0	18.5	16.5	25.4	26.9
2012-12-11	602970.0	87470.0	55040.0	354240.0	392854.0	148973.0	142789.0	19.9	16.2	27.2	26.7
2012-12-18	576277.0	83591.0	71426.0	352748.0	354776.0	134579.0	144716.0	21.1	14.6	28.8	24.1
2012-12-24	541853.0	55121.0	50416.0	349703.0	333302.0	132039.0	153145.0	22.9	14.2	30.2	24.4
2012-12-31	542695.0	52077.0	51642.0	359692.0	345961.0	127646.0	141812.0	23.8	15.2	31.7	25.5
2013-01-08	544064.0	49035.0	56484.0	357100.0	333070.0	135121.0	151702.0	22.9	16.1	30.3	26.2
2013-01-15	544407.0	49046.0	54419.0	357701.0	330428.0	134205.0	156105.0	23.5	14.9	30.9	24.7
2013-01-22	549756.0	49211.0	53332.0	361698.0	333937.0	134649.0	158289.0	23.6	13.1	30.8	22.7
2013-01-29	564575.0	39691.0	60806.0	386009.0	336485.0	136250.0	164659.0	23.1	15.6	30.1	23.8
2013-02-05	586451.0	31457.0	60362.0	416651.0	343391.0	133815.0	178170.0	23.3	15.2	30.3	23.7
2013-02-12	609123.0	40765.0	64444.0	430448.0	359816.0	132566.0	179519.0	23.2	15.5	30.9	23.1
2013-02-19	615847.0	46915.0	64610.0	428518.0	365431.0	133970.0	179362.0	23.9	17.7	31.6	25.2
2013-02-26	779151.0	40315.0	57983.0	555142.0	521710.0	162910.0	178674.0	17.8	15.0	23.4	21.2
2013-03-05	641634.0	60422.0	63374.0	444891.0	418144.0	131028.0	154823.0	24.4	19.9	32.4	27.5
2013-03-12	641985.0	64757.0	74159.0	444137.0	387553.0	127443.0	174625.0	25.3	18.1	33.8	25.4
2013-03-19	612710.0	55869.0	76491.0	426736.0	371915.0	124788.0	158987.0	24.4	16.0	32.8	24.1
2013-03-26	620347.0	57379.0	68617.0	427365.0	385909.0	128461.0	158679.0	26.1	18.0	33.9	26.3
2013-04-02	630799.0	68710.0	77126.0	418197.0	399884.0	138109.0	148006.0	28.2	17.5	35.8	25.7
2013-04-09	652501.0	66447.0	78538.0	426430.0	418419.0	151042.0	146962.0	27.7	15.5	35.1	24.1
2013-04-16	674700.0	82058.0	91026.0	433939.0	428496.0	152482.0	148957.0	28.1	14.3	35.6	22.7
2013-04-23	705136.0	91421.0	90084.0	445701.0	454853.0	160581.0	152766.0	28.0	15.3	35.0	23.6
2013-04-30	717378.0	111820.0	82767.0	437185.0	470566.0	158100.0	153772.0	27.3	15.2	34.0	23.7
2013-05-07	684138.0	90967.0	83478.0	422898.0	428622.0	158279.0	160044.0	26.5	13.7	32.6	21.0
2013-05-14	662478.0	80668.0	66030.0	421110.0	411305.0	142588.0	167031.0	26.7	12.6	33.3	20.4
2013-05-21	634982.0	62269.0	71852.0	410931.0	378325.0	141995.0	165018.0	25.3	11.2	31.5	18.5
2013-05-28	710940.0	52965.0	80216.0	465768.0	427353.0	157380.0	168544.0	17.9	9.4	24.0	14.5
2013-06-04	579821.0	56753.0	54384.0	384671.0	346010.0	123229.0	164259.0	18.9	13.4	26.3	19.6
2013-06-11	580653.0	64275.0	81993.0	386080.0	313789.0	119960.0	174533.0	17.1	12.7	24.4	18.6
2013-06-18	564983.0	64935.0	65211.0	376914.0	316645.0	114607.0	174600.0	17.4	12.2	24.7	18.5
2013-06-25	546939.0	52104.0	81708.0	352948.0	291919.0	134141.0	165566.0	17.9	14.0	25.9	20.1
2013-07-02	560247.0	59238.0	79547.0	360844.0	304880.0	134146.0	169801.0	18.1	14.7	26.5	20.9
2013-07-09	576017.0	76312.0	81881.0	361872.0	316814.0	131341.0	170830.0	18.3	14.1	26.3	20.3
2013-07-16	576327.0	77456.0	85646.0	366007.0	310660.0	125629.0	172786.0	19.5	12.1	28.2	19.0
2013-07-23	573979.0	75923.0	90872.0	367007.0	306612.0	125331.0	170777.0	20.7	11.8	28.9	17.3
2013-07-30	569972.0	69304.0	81086.0	363097.0	309069.0	130893.0	173139.0	20.6	12.6	28.6	18.9
2013-08-06	583333.0	76465.0	82232.0	374190.0	314978.0	127137.0	180582.0	20.7	12.6	28.7	17.9
2013-08-13	592893.0	79375.0	81163.0	380524.0	319937.0	126522.0	185321.0	21.0	12.0	30.0	17.5
2013-08-20	625917.0	82125.0	66191.0	403309.0	349434.0	130475.0	200284.0	20.7	12.9	29.4	18.8
2013-08-27	686657.0	67781.0	70266.0	463411.0	405775.0	135478.0	190629.0	19.3	11.6	27.4	17.7
2013-09-03	631454.0	64538.0	73501.0	443880.0	378906.0	114950.0	170961.0	22.0	11.9	30.8	18.8
2013-09-10	631287.0	76835.0	59772.0	421133.0	382752.0	126124.0	181568.0	22.9	18.0	31.6	25.1
2013-09-17	632691.0	84982.0	47787.0	405097.0	397201.0	125657.0	170748.0	22.3	15.7	31.3	23.2
2013-09-24	620439.0	82666.0	75966.0	396594.0	367213.0	133893.0	169974.0	22.4	15.2	31.4	24.9
2013-10-01	630995.0	90290.0	80184.0	409875.0	372934.0	122644.0	169691.0	22.5	16.6	31.3	24.6
2013-10-08	632126.0	82983.0	84328.0	416027.0	368745.0	123358.0	169295.0	22.7	16.4	31.2	24.0
2013-10-15	631680.0	73570.0	62141.0	422732.0	389809.0	128377.0	172729.0	23.7	14.3	32.2	19.9
2013-10-22	657904.0	76596.0	87323.0	418709.0	390641.0	149321.0	166662.0	21.8	12.3	29.0	19.7
2013-10-29	659490.0	80868.0	66841.0	410266.0	407227.0	154943.0	172009.0	22.0	12.5	29.0	19.6
2013-11-05	670743.0	100850.0	76384.0	420471.0	414258.0	141852.0	172531.0	22.4	11.6	30.4	18.3
2013-11-12	676333.0	96487.0	89067.0	442471.0	403763.0	129680.0	175808.0	23.3	11.2	31.5	18.8
2013-11-19	687245.0	90966.0	91274.0	459547.0	410520.0	127226.0	175945.0	22.9	11.8	30.3	18.5
2013-11-26	799593.0	88588.0	79651.0	552998.0	494227.0	134735.0	202443.0	20.4	11.1	27.6	16.4
2013-12-03	710746.0	92745.0	71095.0	479605.0	432622.0	123066.0	191699.0	23.2	12.5	30.9	19.4
2013-12-10	651270.0	84519.0	83970.0	432299.0	365341.0	122637.0	190144.0	26.2	10.2	34.4	17.5
2013-12-17	634859.0	84392.0	75228.0	414355.0	373677.0	126193.0	176035.0	24.8	9.4	33.5	16.7
2013-12-24	630014.0	92267.0	74627.0	413563.0	379367.0	115381.0	167217.0	23.3	10.2	31.0	17.3
2014-01-07	642340.0	124257.0	78932.0	384696.0	383469.0	124458.0	171010.0	22.7	9.7	31.6	16.9
2014-01-14	673573.0	134194.0	75284.0	390707.0	418646.0	141419.0	172390.0	20.4	9.7	28.8	16.8
2014-01-21	669487.0	139462.0	82403.0	383743.0	410447.0	139598.0	169953.0	20.9	9.1	29.3	16.4
2014-01-28	672669.0	133500.0	64967.0	395055.0	440755.0	136182.0	159015.0	20.9	11.6	29.1	19.2
2014-02-04	678708.0	110261.0	65302.0	402598.0	431904.0	153415.0	169068.0	20.6	11.4	28.5	18.7
2014-02-11	694851.0	115141.0	69027.0	414740.0	439659.0	154521.0	175716.0	21.1	12.6	28.6	19.5
2014-02-18	694423.0	94966.0	45888.0	429935.0	463638.0	158385.0	173760.0	19.9	16.4	27.2	23.5
2014-02-25	772952.0	86050.0	38767.0	470844.0	488773.0	196759.0	226113.0	18.2	14.1	24.6	20.6
2014-03-04	718276.0	79023.0	62165.0	457787.0	449832.0	156288.0	181101.0	20.5	14.2	26.9	21.5
2014-03-11	680771.0	76461.0	60330.0	447145.0	442968.0	142292.0	162600.0	20.0	14.3	26.6	21.3
2014-03-18	719849.0	91382.0	62435.0	460716.0	478373.0	153650.0	164940.0	19.8	12.8	27.1	20.2
2014-03-25	710477.0	82110.0	71560.0	454311.0	457386.0	158797.0	166272.0	21.2	10.0	28.2	17.8
2014-04-01	714381.0	89160.0	85402.0	455928.0	454428.0	155026.0	160284.0	21.4	10.0	27.8	17.6
2014-04-08	709594.0	80524.0	67737.0	449426.0	470312.0	168184.0	160085.0	21.7	9.8	27.8	17.3
2014-04-15	729736.0	90714.0	67112.0	446923.0	468496.0	178529.0	180558.0	21.3	10.3	27.5	17.8
2014-04-22	721024.0	90397.0	74012.0	451460.0	459621.0	166576.0	174800.0	21.6	11.5	28.5	19.1
2014-04-29	734939.0	102186.0	69977.0	452462.0	475008.0	166385.0	176048.0	20.9	13.4	27.8	21.3
2014-05-06	746046.0	105001.0	69324.0	449466.0	472358.0	174534.0	187319.0	19.0	13.1	26.4	20.4
2014-05-13	755104.0	123862.0	61185.0	437559.0	495832.0	178455.0	182859.0	17.1	12.0	25.0	20.2
2014-05-20	817068.0	123923.0	69172.0	470133.0	514770.0	199916.0	210030.0	15.4	11.4	22.8	18.9
2014-05-27	830759.0	108231.0	59241.0	494495.0	517619.0	178473.0	204339.0	14.3	11.9	21.4	19.4
2014-06-03	718749.0	89976.0	66159.0	435867.0	459458.0	175744.0	175970.0	14.4	12.2	22.9	20.1
2014-06-10	735042.0	78536.0	72639.0	472681.0	474610.0	168644.0	172612.0	18.7	12.3	28.0	19.9
2014-06-17	756066.0	85243.0	79683.0	500747.0	502188.0	158344.0	162463.0	20.8	12.4	29.7	20.0
2014-06-24	739097.0	78009.0	68187.0	495741.0	498625.0	154571.0	161509.0	21.1	12.4	29.2	20.1
2014-07-01	736293.0	88817.0	71080.0	488290.0	490637.0	152358.0	167748.0	21.1	11.2	28.6	18.9
2014-07-08	716920.0	73101.0	77458.0	477917.0	458213.0	158795.0	174142.0	21.1	11.3	28.6	19.1
2014-07-15	749043.0	94071.0	68339.0	488423.0	508542.0	158801.0	164414.0	22.2	14.7	30.4	22.8
2014-07-22	789586.0	108162.0	93916.0	500748.0	515358.0	172724.0	172360.0	22.5	15.8	31.0	23.6
2014-07-29	794653.0	102995.0	92808.0	499056.0	513949.0	183099.0	178393.0	23.1	16.5	31.5	24.2
2014-08-05	775023.0	91377.0	87424.0	502928.0	500621.0	166567.0	172827.0	24.5	17.4	33.4	25.3
2014-08-12	835608.0	103876.0	86668.0	548205.0	558318.0	172797.0	179892.0	26.6	18.8	35.1	26.3
2014-08-19	870530.0	116838.0	90392.0	570587.0	579049.0	170132.0	188116.0	27.0	18.9	35.3	26.0
2014-08-26	941955.0	124727.0	92712.0	608748.0	619666.0	182849.0	203946.0	25.9	18.2	33.4	25.7
2014-09-02	917199.0	110441.0	97644.0	595758.0	599599.0	170500.0	179456.0	26.2	18.6	33.6	26.0
2014-09-09	853756.0	104700.0	88085.0	556361.0	568186.0	172573.0	177363.0	27.4	17.7	34.6	26.1
2014-09-16	840414.0	112414.0	87456.0	556073.0	565765.0	153741.0	169007.0	25.9	18.6	33.3	26.7
2014-09-23	856264.0	116637.0	103282.0	569625.0	574961.0	156360.0	164379.0	26.0	19.8	33.6	27.2
2014-09-30	869246.0	119029.0	106443.0	571638.0	573880.0	158071.0	168415.0	29.4	20.1	36.8	29.1
2014-10-07	898894.0	147620.0	127883.0	568640.0	583918.0	173125.0	177584.0	31.5	18.2	38.9	26.1
2014-10-14	901517.0	135887.0	129065.0	567607.0	572660.0	183924.0	185693.0	31.2	18.8	37.6	27.1
2014-10-21	868104.0	108856.0	94542.0	571682.0	587287.0	174519.0	173228.0	33.6	19.4	39.1	28.1
2014-10-28	851719.0	91559.0	91588.0	574315.0	572904.0	169837.0	171219.0	33.1	19.1	40.1	28.5
2014-11-04	829116.0	87381.0	86188.0	558001.0	552470.0	166959.0	173683.0	31.4	18.3	37.8	27.3
2014-11-11	820316.0	75496.0	86348.0	558837.0	549084.0	170999.0	169900.0	32.3	19.3	38.3	28.7
2014-11-18	819445.0	98491.0	83474.0	538388.0	556188.0	168839.0	166056.0	29.7	19.6	35.7	28.4
2014-11-25	990473.0	121202.0	84336.0	573436.0	619577.0	230713.0	221438.0	23.1	16.7	28.5	24.9
2014-12-02	880794.0	121589.0	97453.0	548688.0	579079.0	177352.0	171097.0	25.9	19.9	33.1	28.1
2014-12-09	890464.0	119328.0	100412.0	588970.0	608284.0	172383.0	171985.0	31.4	22.4	37.7	31.4
2014-12-16	899485.0	111067.0	135018.0	605502.0	591782.0	172156.0	161925.0	32.5	23.3	38.6	30.9
2014-12-23	882972.0	89625.0	121577.0	622128.0	596010.0	160565.0	154731.0	34.4	22.7	39.8	30.4
2014-12-30	877411.0	82324.0	112645.0	615989.0	599530.0	169297.0	155435.0	34.8	23.8	40.6	31.9
2015-01-06	883840.0	93394.0	128759.0	598471.0	577501.0	174607.0	160212.0	32.8	23.6	38.4	30.7
2015-01-13	844292.0	96160.0	115491.0	560043.0	553038.0	171597.0	159271.0	30.2	18.9	35.4	27.6
2015-01-20	820884.0	100875.0	106307.0	532608.0	530696.0	167454.0	163934.0	30.4	17.6	36.4	26.6
2015-01-27	787448.0	92521.0	102626.0	505532.0	506364.0	172312.0	161375.0	28.6	20.8	35.0	29.5
2015-02-03	705394.0	80546.0	95883.0	442650.0	431473.0	163716.0	159556.0	25.0	16.7	32.2	26.3
2015-02-10	694598.0	72682.0	91308.0	442202.0	432280.0	161433.0	152729.0	23.8	12.5	31.4	22.2
2015-02-17	679905.0	83969.0	75479.0	419104.0	429253.0	155308.0	153649.0	22.5	12.1	29.9	20.4
2015-02-24	590614.0	62377.0	53682.0	341513.0	345163.0	173566.0	178611.0	18.7	12.6	25.5	18.9
2015-03-03	426420.0	53252.0	54911.0	220189.0	214525.0	134728.0	138733.0	16.5	12.7	23.6	20.2
2015-03-10	403170.0	47987.0	41417.0	209608.0	204678.0	136357.0	147857.0	14.8	13.7	21.2	20.9
2015-03-17	405160.0	61012.0	32002.0	198187.0	221181.0	137093.0	143109.0	14.7	17.5	21.4	24.6
2015-03-24	414086.0	53111.0	40739.0	211118.0	230920.0	143617.0	136187.0	17.0	16.5	24.2	24.3
2015-03-31	426004.0	62501.0	45259.0	217109.0	242667.0	141397.0	133081.0	17.4	18.0	25.8	26.7
2015-04-07	435377.0	61104.0	47344.0	225494.0	250785.0	142221.0	130690.0	17.6	19.4	25.3	28.3
2015-04-14	447376.0	77079.0	50630.0	218814.0	262778.0	146990.0	129475.0	16.8	20.5	24.7	29.2
2015-04-21	435553.0	54391.0	49617.0	234142.0	248124.0	138648.0	129440.0	18.7	18.4	27.5	26.8
2015-04-28	431699.0	58967.0	55517.0	226921.0	229785.0	137326.0	137912.0	18.0	16.0	26.6	24.1
2015-05-05	445195.0	65492.0	54519.0	245005.0	243133.0	125095.0	137940.0	17.5	15.4	24.5	23.7
2015-05-12	472216.0	85936.0	59077.0	254739.0	254887.0	124426.0	151137.0	15.7	14.3	22.3	23.7
2015-05-19	496821.0	84335.0	59500.0	268324.0	271435.0	130441.0	152165.0	15.6	15.0	22.5	24.4
2015-05-26	496128.0	64176.0	55707.0	269132.0	268375.0	150778.0	160004.0	19.3	14.0	26.8	23.0
2015-06-02	482533.0	69382.0	63157.0	277463.0	247902.0	124966.0	160752.0	22.1	14.4	31.4	22.7
2015-06-09	491842.0	74814.0	51341.0	284412.0	272533.0	119841.0	155193.0	23.2	14.4	32.6	22.7
2015-06-16	483880.0	73328.0	55204.0	272077.0	265830.0	126814.0	151185.0	23.7	15.3	33.1	22.8
2015-06-23	484453.0	71407.0	56842.0	284117.0	266153.0	120794.0	153323.0	24.4	13.4	34.3	21.0
2015-06-30	477943.0	57066.0	61171.0	298305.0	267096.0	113224.0	140328.0	26.2	14.1	36.1	22.8
2015-07-07	496718.0	64762.0	53905.0	305009.0	283824.0	119796.0	151838.0	25.0	15.2	34.7	23.8
2015-07-14	484848.0	54212.0	59155.0	298075.0	274527.0	125296.0	143901.0	24.7	15.6	33.6	24.9
2015-07-21	508180.0	62755.0	68026.0	314244.0	290207.0	123519.0	142285.0	24.2	14.7	32.8	23.7
2015-07-28	507926.0	60237.0	59079.0	313881.0	293223.0	126116.0	147932.0	23.7	14.5	32.5	24.3
2015-08-04	526168.0	64738.0	50516.0	322521.0	314286.0	130028.0	152485.0	25.2	16.8	32.7	26.0
2015-08-11	531279.0	70253.0	58641.0	323201.0	310215.0	126389.0	150987.0	25.2	17.5	32.3	25.3
2015-08-18	525938.0	70974.0	59199.0	320326.0	321388.0	127235.0	137948.0	25.1	18.9	32.2	25.6
2015-08-25	554294.0	55406.0	62597.0	343162.0	334670.0	144718.0	146019.0	22.1	16.5	28.6	23.4
2015-09-01	532576.0	56353.0	63004.0	323134.0	320286.0	134194.0	130391.0	22.0	20.3	28.8	27.4
2015-09-08	509378.0	56229.0	64537.0	301473.0	302733.0	139663.0	130095.0	21.8	21.6	28.4	28.6
2015-09-15	519524.0	74131.0	64642.0	296861.0	312035.0	139121.0	133436.0	21.1	22.3	27.5	29.7
2015-09-22	496521.0	68414.0	60742.0	286195.0	305337.0	136769.0	125299.0	21.2	22.7	28.4	30.8
2015-09-29	495917.0	53264.0	62338.0	291593.0	295685.0	148591.0	135425.0	20.8	22.8	26.8	29.3
2015-10-06	504542.0	55439.0	62584.0	302497.0	304585.0	142241.0	133008.0	22.8	22.8	29.8	29.0
2015-10-13	521887.0	69262.0	62556.0	306554.0	311101.0	141998.0	144157.0	22.7	22.5	30.3	29.3
2015-10-20	503195.0	64034.0	67187.0	293686.0	285175.0	141505.0	146863.0	19.9	21.6	27.2	27.7
2015-10-27	484358.0	47620.0	67785.0	278655.0	279940.0	151127.0	129677.0	20.9	20.9	27.0	27.6
2015-11-03	493079.0	56920.0	78806.0	286710.0	269119.0	144553.0	140258.0	19.8	20.2	26.6	27.7
2015-11-10	479878.0	58928.0	75612.0	284665.0	261475.0	127422.0	133928.0	18.4	19.5	25.7	26.2
2015-11-17	471956.0	51284.0	72036.0	282288.0	247165.0	134081.0	148452.0	19.4	17.3	26.6	24.0
2015-11-24	540362.0	51039.0	72975.0	314029.0	283834.0	148835.0	157094.0	19.0	12.5	25.4	18.8
2015-12-01	524811.0	55546.0	81076.0	306804.0	287678.0	148986.0	142582.0	22.1	14.0	28.4	21.0
2015-12-08	528173.0	64115.0	85037.0	317908.0	289672.0	130989.0	138303.0	24.5	16.1	31.1	23.9
2015-12-15	524404.0	73343.0	79146.0	310156.0	305389.0	128413.0	127377.0	24.8	16.6	32.1	24.8
2015-12-22	521144.0	78708.0	86161.0	297662.0	298006.0	133646.0	125849.0	23.2	16.0	30.0	24.1
2015-12-29	511734.0	82962.0	82973.0	288512.0	289276.0	129889.0	129114.0	21.6	16.0	28.6	24.2
2016-01-05	491104.0	74067.0	82254.0	280218.0	283292.0	132825.0	121564.0	21.6	17.4	28.3	25.4
2016-01-12	508235.0	75467.0	77261.0	287655.0	292769.0	138479.0	131571.0	21.5	16.6	29.0	23.3
2016-01-19	528461.0	82331.0	88121.0	297677.0	303411.0	141316.0	129792.0	21.0	14.9	28.9	21.6
2016-01-26	534175.0	83611.0	79237.0	293911.0	309324.0	149989.0	138950.0	21.8	14.2	29.6	20.6
2016-02-02	550487.0	93027.0	81736.0	295478.0	315071.0	149947.0	141645.0	20.6	14.2	28.8	20.1
2016-02-09	571022.0	100592.0	102477.0	312978.0	324397.0	144464.0	131160.0	18.8	14.3	26.5	20.6
2016-02-16	568562.0	99355.0	85869.0	307774.0	332102.0	150700.0	139858.0	19.4	15.9	26.7	21.7
2016-02-23	546339.0	84596.0	61592.0	279402.0	317832.0	167783.0	152357.0	16.8	17.0	23.3	23.2
2016-03-01	542518.0	94115.0	70025.0	288610.0	320808.0	145757.0	137649.0	16.7	16.0	23.5	22.6
2016-03-08	525655.0	104907.0	68056.0	260420.0	319010.0	148783.0	127044.0	16.0	16.3	23.4	22.7
2016-03-15	506384.0	108632.0	66330.0	243283.0	303563.0	139991.0	122013.0	13.6	16.8	21.2	24.1
2016-03-22	492144.0	112343.0	62342.0	230143.0	294659.0	137070.0	122555.0	13.6	16.3	21.8	24.1
2016-03-29	504806.0	117882.0	57978.0	226921.0	307664.0	148655.0	127816.0	12.8	17.3	20.6	25.3
2016-04-05	517225.0	119632.0	65895.0	234554.0	301386.0	153452.0	140357.0	14.1	17.5	21.9	25.4
2016-04-12	529394.0	126752.0	70884.0	242133.0	308093.0	149225.0	139133.0	15.0	17.0	23.3	25.2
2016-04-19	542834.0	130903.0	77928.0	253187.0	318793.0	146268.0	133637.0	16.0	15.9	23.9	24.1
2016-04-26	520073.0	112732.0	64557.0	247980.0	309498.0	147005.0	133662.0	17.3	15.5	24.9	23.7
2016-05-03	509896.0	116602.0	71602.0	241028.0	299131.0	140688.0	127585.0	14.9	16.7	22.7	24.2
2016-05-10	520425.0	115003.0	64272.0	240810.0	310778.0	150571.0	131334.0	14.8	17.1	22.8	24.7
2016-05-17	534013.0	123745.0	66625.0	251252.0	324106.0	146514.0	130780.0	14.9	17.9	22.8	27.1
2016-05-24	538679.0	130197.0	57881.0	231316.0	316065.0	165258.0	152825.0	14.9	16.9	22.6	24.6
2016-05-31	563250.0	139290.0	74988.0	246371.0	332918.0	158502.0	136257.0	14.0	15.3	21.7	22.0
2016-06-07	567518.0	155585.0	64837.0	234983.0	352488.0	161995.0	135238.0	13.9	16.5	21.8	23.8
2016-06-14	586565.0	162239.0	84962.0	241301.0	350306.0	165395.0	133667.0	13.6	16.2	22.2	24.4
2016-06-21	584288.0	173911.0	70440.0	237637.0	362063.0	156608.0	135653.0	14.0	17.4	22.9	26.2
2016-06-28	553179.0	137609.0	71606.0	247044.0	333923.0	155085.0	134209.0	13.7	17.7	22.2	26.6
2016-07-05	566840.0	168159.0	78096.0	235452.0	339267.0	149304.0	135552.0	14.6	17.3	24.0	25.9
2016-07-12	589391.0	181633.0	77779.0	253251.0	352064.0	140351.0	145392.0	15.2	17.1	24.1	26.4
2016-07-19	588048.0	174488.0	82691.0	245894.0	352549.0	149947.0	135089.0	13.8	17.7	22.6	26.9
2016-07-26	568150.0	171816.0	74377.0	232658.0	343116.0	145236.0	132217.0	12.6	19.8	21.4	29.4
2016-08-02	563228.0	143727.0	72852.0	256647.0	325694.0	141798.0	143626.0	12.7	17.9	21.0	26.0
2016-08-09	582001.0	150003.0	91511.0	258231.0	327569.0	156195.0	145349.0	12.2	17.5	20.0	25.6
2016-08-16	588203.0	151045.0	97092.0	264784.0	333046.0	154066.0	139757.0	12.0	17.7	19.9	26.0
2016-08-23	589741.0	148558.0	90811.0	265697.0	338916.0	156253.0	140781.0	11.7	18.0	19.5	26.1
2016-08-30	582396.0	118355.0	89928.0	294238.0	335387.0	152949.0	140227.0	10.2	16.1	17.5	24.8
2016-09-06	562705.0	116618.0	92484.0	277154.0	311126.0	151652.0	141814.0	10.8	18.1	18.4	26.4
2016-09-13	560056.0	106887.0	99064.0	283505.0	299430.0	148755.0	140653.0	10.3	15.2	17.6	22.8
2016-09-20	560194.0	108215.0	109796.0	279639.0	300510.0	156043.0	133591.0	10.3	14.7	17.4	22.3
2016-09-27	564271.0	102279.0	116027.0	283582.0	296238.0	163817.0	137413.0	10.4	14.4	17.5	21.9
2016-10-04	569086.0	108944.0	98595.0	292624.0	323189.0	154191.0	133975.0	11.3	17.0	18.3	24.8
2016-10-11	571432.0	112477.0	113462.0	291069.0	307999.0	155554.0	137639.0	11.2	16.1	17.9	24.2
2016-10-18	554097.0	110067.0	106697.0	285802.0	292094.0	147401.0	144479.0	11.5	16.6	18.2	23.1
2016-10-25	557367.0	102538.0	98077.0	295366.0	300769.0	149242.0	148300.0	11.5	15.0	17.7	22.6
2016-11-01	544660.0	87719.0	91874.0	300255.0	278231.0	145121.0	162990.0	11.7	15.3	18.7	22.3
2016-11-08	545561.0	83337.0	86009.0	301593.0	285039.0	148794.0	162676.0	12.7	16.9	20.8	24.2
2016-11-15	591542.0	106181.0	110031.0	322731.0	295495.0	148209.0	171595.0	14.8	14.9	23.6	21.4
2016-11-22	602091.0	99364.0	99130.0	336652.0	301176.0	148734.0	184444.0	12.9	14.3	21.7	20.5
2016-11-29	578177.0	85380.0	109695.0	338795.0	283662.0	143407.0	174225.0	15.6	14.5	25.7	20.7
2016-12-06	575948.0	76882.0	120473.0	354638.0	281932.0	137140.0	166255.0	17.4	14.3	28.7	20.4
2016-12-13	591367.0	92750.0	108284.0	359722.0	308060.0	131375.0	167503.0	18.5	14.1	29.8	20.2
2016-12-20	592942.0	95259.0	106582.0	358534.0	319368.0	131964.0	159807.0	19.5	15.4	29.3	22.0
2016-12-27	594263.0	85549.0	107059.0	375029.0	314440.0	126224.0	165303.0	21.5	14.8	31.4	20.9
2017-01-03	604589.0	81565.0	113724.0	390590.0	320796.0	124435.0	162070.0	22.0	15.3	31.8	22.2
2017-01-10	621710.0	84615.0	128379.0	403639.0	313983.0	122361.0	168253.0	22.7	15.0	32.6	22.0
2017-01-17	615818.0	90789.0	113524.0	388330.0	322222.0	127239.0	170612.0	21.9	15.2	31.6	23.4
2017-01-24	614355.0	85865.0	119583.0	393981.0	322619.0	125306.0	162950.0	20.6	15.7	30.3	23.0
2017-01-31	614586.0	77347.0	113669.0	399095.0	318250.0	124526.0	169049.0	20.0	16.3	30.2	22.8
