2005-01-04	152084.0	8391.0	33317.0	93545.0	68092.0	23971.0	24498.0	24.6	13.2	32.5	20.1
2005-01-11	149191.0	14090.0	26805.0	84012.0	75211.0	26626.0	22712.0	24.6	17.1	30.6	25.3
2005-01-18	159993.0	7249.0	40001.0	99003.0	68625.0	26940.0	24566.0	25.0	11.4	31.9	18.0
2005-01-25	156537.0	9151.0	41560.0	91856.0	61749.0	28565.0	26263.0	22.4	9.3	29.5	15.8
2005-02-01	164356.0	10304.0	43835.0	97604.0	64087.0	28440.0	28426.0	21.5	8.8	29.0	14.5
2005-02-08	178298.0	10303.0	53355.0	106383.0	62994.0	30992.0	31329.0	21.7	8.3	28.0	14.0
2005-02-15	162001.0	13415.0	38028.0	87923.0	64080.0	29896.0	29126.0	17.8	10.5	24.6	16.6
2005-02-22	163367.0	25432.0	25075.0	75509.0	80505.0	31435.0	26796.0	11.7	11.8	17.0	18.4
2005-03-01	153438.0	26334.0	21162.0	70781.0	83757.0	30630.0	22826.0	11.7	13.7	18.1	22.4
2005-03-08	153381.0	34388.0	19992.0	66409.0	90076.0	29974.0	20703.0	11.5	19.3	18.6	28.3
2005-03-15	151613.0	37066.0	18821.0	67077.0	96407.0	31761.0	20676.0	12.1	22.3	19.8	31.6
2005-03-22	141686.0	35185.0	20143.0	60817.0	84636.0	29079.0	20302.0	12.3	22.1	19.2	30.9
2005-03-29	136433.0	31126.0	19224.0	61024.0	81617.0	28910.0	20219.0	12.5	20.0	19.2	29.7
2005-04-05	127264.0	24714.0	17246.0	60350.0	76055.0	29247.0	21010.0	12.3	19.3	19.4	28.5
2005-04-12	129209.0	22188.0	17891.0	60916.0	74024.0	30114.0	21303.0	13.1	18.6	20.5	26.8
2005-04-19	136130.0	29100.0	17433.0	59758.0	80020.0	30667.0	22072.0	11.6	18.8	19.3	26.2
2005-04-26	143327.0	33761.0	14059.0	61083.0	91150.0	31970.0	21605.0	11.1	22.9	19.1	31.9
2005-05-03	132321.0	29893.0	12881.0	57837.0	83620.0	29350.0	20579.0	11.6	21.8	18.5	30.2
2005-05-10	128883.0	28364.0	12986.0	56804.0	81188.0	28885.0	19879.0	10.8	21.9	17.6	28.9
2005-05-17	121722.0	21331.0	13476.0	57272.0	74252.0	28301.0	19176.0	11.9	19.8	18.8	25.6
2005-05-24	128146.0	25218.0	13355.0	56883.0	80593.0	31190.0	19343.0	10.7	20.5	17.7	27.0
2005-05-31	141753.0	37307.0	13543.0	53982.0	90902.0	34808.0	21652.0	11.0	23.6	18.6	32.7
2005-06-07	144050.0	44309.0	13602.0	52040.0	95961.0	34385.0	21171.0	10.1	24.6	17.6	34.7
2005-06-14	149521.0	47678.0	10660.0	50701.0	102635.0	37474.0	22558.0	9.9	25.7	18.1	36.2
2005-06-21	161001.0	50707.0	10028.0	54987.0	112317.0	36397.0	19746.0	10.1	27.2	18.0	40.4
2005-06-28	148941.0	34673.0	2977.0	57208.0	102903.0	34828.0	20829.0	11.0	31.4	18.0	40.8
2005-07-05	128648.0	27257.0	2143.0	52240.0	93167.0	32182.0	16369.0	11.1	35.2	18.9	46.3
2005-07-12	122473.0	25671.0	2771.0	50630.0	89806.0	31868.0	15592.0	11.3	36.0	18.3	47.5
2005-07-19	123838.0	26227.0	1408.0	48753.0	90312.0	33483.0	16743.0	10.0	34.8	16.3	46.0
2005-07-26	118402.0	25096.0	1212.0	46042.0	87110.0	32204.0	15020.0	10.4	32.6	16.8	44.1
2005-08-02	113404.0	22271.0	2590.0	42059.0	78201.0	31102.0	14641.0	10.6	32.8	16.7	43.8
2005-08-09	108509.0	20739.0	4540.0	43412.0	72817.0	30485.0	17279.0	14.8	35.2	21.0	47.5
2005-08-16	105339.0	15383.0	5985.0	49369.0	70186.0	26658.0	15239.0	14.9	32.5	21.3	44.2
2005-08-23	109684.0	16096.0	7315.0	52470.0	72051.0	26801.0	16001.0	13.6	34.5	21.0	43.1
2005-09-06	114109.0	17571.0	8894.0	57019.0	71428.0	24424.0	18692.0	15.5	30.8	23.7	38.6
2005-09-13	117786.0	16533.0	11750.0	60968.0	71169.0	24938.0	19520.0	16.1	30.7	24.4	38.0
2005-09-20	125469.0	16336.0	12337.0	71868.0	78187.0	22476.0	20156.0	17.8	27.7	25.9	35.8
2005-09-27	126912.0	18010.0	15091.0	69164.0	76456.0	24732.0	20359.0	15.5	26.7	23.6	33.1
2005-10-04	130923.0	20462.0	19237.0	68801.0	74560.0	26411.0	21877.0	16.5	25.3	24.7	31.4
2005-10-11	136513.0	19014.0	19772.0	71922.0	77770.0	29018.0	22412.0	18.6	25.8	26.1	31.8
2005-10-18	135432.0	20561.0	18721.0	71235.0	77866.0	28548.0	23757.0	19.5	24.0	25.7	30.3
2005-10-25	138721.0	18847.0	21102.0	72498.0	77128.0	32577.0	25692.0	19.2	20.9	24.6	27.2
2005-11-01	140900.0	18878.0	22158.0	77636.0	78216.0	28145.0	24285.0	19.9	20.9	25.6	27.2
2005-11-08	137339.0	19515.0	21407.0	75685.0	74632.0	26057.0	25218.0	19.1	23.1	26.7	30.0
2005-11-15	136479.0	21960.0	19365.0	71171.0	76762.0	26495.0	23499.0	18.1	25.3	25.1	32.7
2005-11-22	136202.0	18231.0	23483.0	75161.0	73667.0	26205.0	22447.0	20.2	23.3	27.7	31.1
2005-11-29	147676.0	19888.0	30423.0	86352.0	75716.0	24595.0	24696.0	22.3	18.9	30.1	26.6
2005-12-06	144238.0	18851.0	28347.0	86691.0	78366.0	23603.0	22432.0	20.8	18.9	28.5	26.8
2005-12-13	139906.0	24114.0	17901.0	69278.0	82408.0	28569.0	21652.0	17.3	23.7	23.7	32.0
2005-12-20	139295.0	28473.0	15527.0	61984.0	83248.0	29563.0	21245.0	13.6	24.6	19.8	33.6
2005-12-27	141842.0	31747.0	14210.0	65042.0	92223.0	27818.0	18174.0	12.9	22.3	19.4	30.3
2006-01-03	138661.0	31597.0	10622.0	64087.0	94563.0	27263.0	17762.0	13.3	24.0	19.9	33.0
2006-01-10	124893.0	23556.0	11939.0	62047.0	82413.0	24897.0	16148.0	15.3	24.6	21.6	31.3
2006-01-17	125657.0	21084.0	12249.0	62257.0	79868.0	26410.0	17634.0	16.3	24.8	23.6	31.8
2006-01-24	126402.0	20903.0	17137.0	61457.0	71338.0	26760.0	20645.0	19.6	22.3	26.5	29.7
2006-01-31	126865.0	21248.0	18229.0	62563.0	69928.0	24250.0	19904.0	18.3	22.4	26.3	30.4
2006-02-07	131474.0	20818.0	21999.0	64940.0	65103.0	23641.0	22297.0	19.6	19.2	27.6	26.2
2006-02-14	131170.0	22081.0	21046.0	62710.0	65329.0	24264.0	22680.0	16.9	18.0	25.6	24.8
2006-02-21	133035.0	20270.0	19777.0	67032.0	67010.0	24548.0	25063.0	15.1	16.8	24.0	23.3
2006-02-28	135435.0	17825.0	33197.0	73142.0	57068.0	25019.0	25721.0	19.1	14.0	29.1	20.2
2006-03-07	143387.0	19811.0	35274.0	77565.0	60354.0	23700.0	25448.0	19.5	14.9	28.1	21.2
2006-03-14	148416.0	19610.0	36676.0	78005.0	60859.0	26528.0	26608.0	20.4	15.5	29.6	22.2
2006-03-21	149902.0	19597.0	38360.0	77390.0	58913.0	27773.0	27487.0	21.0	15.5	30.1	22.7
2006-03-28	151113.0	23437.0	34545.0	73923.0	63513.0	27864.0	27166.0	18.8	19.0	27.5	26.0
2006-04-04	165330.0	22782.0	41245.0	86895.0	67415.0	27155.0	28172.0	22.6	19.6	31.2	26.5
2006-04-11	181046.0	25211.0	52301.0	97910.0	68538.0	26687.0	28969.0	23.5	18.3	32.3	25.9
2006-04-18	170048.0	25994.0	43720.0	89982.0	72615.0	26703.0	26344.0	22.2	20.7	30.8	28.8
2006-04-25	171766.0	27376.0	44119.0	89239.0	75642.0	28427.0	25281.0	20.8	20.7	28.5	27.9
2006-05-02	171157.0	32788.0	42150.0	85658.0	80648.0	26692.0	22340.0	19.6	24.2	27.9	32.5
2006-05-09	173115.0	30909.0	40971.0	87419.0	84208.0	28193.0	21342.0	21.8	23.5	28.9	32.4
2006-05-16	175780.0	30254.0	42191.0	92638.0	85368.0	28283.0	23616.0	24.1	23.2	31.4	33.2
2006-05-23	189648.0	30812.0	53015.0	105919.0	86952.0	27516.0	24280.0	26.3	22.0	33.8	30.0
2006-05-30	203717.0	33748.0	61136.0	116486.0	91988.0	27338.0	24448.0	29.3	21.8	36.7	30.4
2006-06-06	187685.0	37564.0	37436.0	95729.0	102597.0	30061.0	23321.0	24.8	27.7	30.8	39.9
2006-06-13	181296.0	34273.0	33619.0	91299.0	99025.0	29651.0	22579.0	24.8	27.4	30.5	39.6
2006-06-20	174418.0	30101.0	30966.0	90812.0	93897.0	29087.0	25137.0	25.9	26.9	32.0	39.0
2006-06-27	182761.0	26768.0	43161.0	102640.0	87914.0	27236.0	25569.0	28.0	22.5	33.7	32.9
2006-07-03	182549.0	29379.0	39972.0	100563.0	93130.0	25702.0	22542.0	27.7	24.8	33.5	34.2
2006-07-11	184842.0	33494.0	42806.0	100320.0	96953.0	26772.0	20827.0	28.8	27.0	34.7	37.4
2006-07-18	205123.0	37525.0	54621.0	116414.0	105871.0	27488.0	20935.0	28.4	24.3	34.8	36.4
2006-07-25	205789.0	37976.0	57587.0	116060.0	103093.0	29381.0	22737.0	28.2	23.6	34.5	34.1
2006-08-01	218217.0	36145.0	65260.0	128396.0	105741.0	29990.0	23530.0	29.0	22.0	35.4	32.1
2006-08-08	224073.0	39152.0	69642.0	130978.0	106164.0	28376.0	22700.0	29.8	20.9	36.5	31.3
2006-08-15	230599.0	38570.0	69252.0	131978.0	107886.0	28805.0	22215.0	28.9	20.4	35.4	30.4
2006-08-22	239525.0	38056.0	72717.0	135228.0	108983.0	32140.0	23724.0	27.6	18.6	33.7	28.3
2006-08-29	233263.0	36036.0	72093.0	132971.0	103781.0	29428.0	22561.0	26.4	18.0	32.5	27.1
2006-09-05	236120.0	38111.0	69487.0	134765.0	111192.0	30843.0	23040.0	25.8	19.0	31.8	27.8
2006-09-12	246769.0	39375.0	78020.0	142788.0	111426.0	31203.0	23920.0	26.0	18.3	31.9	26.6
2006-09-19	240525.0	39530.0	66551.0	133897.0	115441.0	32744.0	24179.0	24.9	21.0	30.4	29.8
2006-09-26	221859.0	33439.0	58153.0	127037.0	111056.0	30637.0	21904.0	27.7	23.7	32.9	32.4
2006-10-03	215125.0	32286.0	57647.0	118753.0	103177.0	33019.0	23234.0	31.2	26.1	37.0	35.1
2006-10-10	209122.0	31959.0	49081.0	113183.0	105806.0	32764.0	23019.0	30.3	29.0	36.1	37.8
2006-10-17	200867.0	37363.0	32665.0	98784.0	116539.0	35233.0	22176.0	26.0	34.3	33.0	44.4
2006-10-24	201996.0	38700.0	29418.0	97116.0	122355.0	35383.0	19426.0	26.1	37.7	33.8	47.2
2006-10-31	209182.0	46806.0	22829.0	92689.0	134187.0	36901.0	19380.0	23.6	41.2	31.1	49.6
2006-11-07	218276.0	50693.0	19019.0	96404.0	147388.0	37330.0	18020.0	23.9	42.1	31.5	51.3
2006-11-14	215492.0	53977.0	21853.0	97991.0	149749.0	37650.0	18016.0	24.0	43.1	31.5	53.3
2006-11-21	212685.0	50028.0	16381.0	99130.0	149538.0	35124.0	18363.0	24.8	42.9	31.8	54.6
2006-11-28	217505.0	48460.0	17343.0	101409.0	151369.0	38201.0	19358.0	25.1	42.7	32.5	54.7
2006-12-05	211205.0	38571.0	22001.0	109433.0	140091.0	35070.0	20982.0	30.5	40.9	37.1	52.4
2006-12-12	209626.0	38024.0	19833.0	109606.0	141341.0	34719.0	21175.0	30.2	40.6	36.9	52.4
2006-12-19	208789.0	35970.0	21689.0	111018.0	136695.0	32414.0	21018.0	31.6	40.4	38.3	52.3
2006-12-26	197584.0	36811.0	21164.0	102671.0	131557.0	31287.0	18048.0	30.2	41.4	37.1	52.5
2007-01-03	191811.0	39227.0	23179.0	98494.0	125724.0	29150.0	17968.0	28.9	40.0	35.1	51.5
2007-01-09	189991.0	36119.0	23521.0	99847.0	122677.0	29396.0	19164.0	30.0	39.6	36.5	51.6
2007-01-16	197787.0	43002.0	22419.0	99016.0	134160.0	33424.0	18863.0	26.8	43.1	34.1	55.1
2007-01-23	207992.0	52919.0	19943.0	97065.0	145160.0	32987.0	17868.0	21.5	42.7	29.2	51.6
2007-01-30	217580.0	56247.0	20232.0	99340.0	152407.0	35523.0	18471.0	19.8	41.5	27.7	50.8
2007-02-06	220617.0	59464.0	17963.0	97076.0	157232.0	38339.0	19684.0	18.1	42.2	26.8	52.0
2007-02-13	229728.0	72516.0	15022.0	87288.0	165349.0	40460.0	19893.0	12.3	41.6	21.9	50.3
2007-02-20	235601.0	77916.0	13339.0	85184.0	169782.0	42624.0	22603.0	11.2	39.6	20.3	48.2
2007-02-27	230463.0	73840.0	23421.0	84305.0	154508.0	42706.0	22922.0	12.2	38.0	21.7	47.7
2007-03-06	215684.0	62159.0	24530.0	85277.0	142888.0	44080.0	24098.0	14.3	36.3	23.8	48.0
2007-03-13	212767.0	58072.0	15781.0	85278.0	148376.0	44563.0	23756.0	14.4	33.8	23.8	46.2
2007-03-20	212165.0	56821.0	17307.0	83446.0	143565.0	45461.0	24856.0	15.4	33.3	24.4	45.6
2007-03-27	206556.0	54541.0	18197.0	83629.0	138402.0	42689.0	24260.0	17.6	33.3	26.7	45.8
2007-04-03	211355.0	51732.0	18776.0	88455.0	139618.0	44316.0	26109.0	20.2	33.1	29.0	46.3
2007-04-10	220196.0	49563.0	20021.0	98565.0	143751.0	44219.0	28575.0	22.5	32.3	30.7	45.6
2007-04-17	220311.0	46262.0	20800.0	103252.0	144109.0	41531.0	26136.0	24.3	31.6	32.7	46.2
2007-04-24	213595.0	43737.0	21332.0	104058.0	141591.0	39611.0	24483.0	24.9	32.8	34.0	45.8
2007-05-01	211148.0	49065.0	23826.0	97897.0	135110.0	36756.0	24782.0	25.7	33.0	34.6	45.9
2007-05-08	215493.0	48345.0	26666.0	103086.0	138059.0	38104.0	24810.0	26.9	32.9	35.9	45.3
2007-05-15	215474.0	50768.0	26330.0	101677.0	142451.0	39258.0	22922.0	25.8	33.6	33.9	46.3
2007-05-22	208348.0	51127.0	23386.0	94890.0	142273.0	40319.0	20677.0	24.6	35.4	32.8	48.0
2007-05-29	211170.0	53433.0	20913.0	93194.0	147199.0	41658.0	20173.0	23.0	35.0	30.9	47.2
2007-06-05	220887.0	60113.0	18504.0	98192.0	160894.0	40771.0	19678.0	19.9	34.5	27.9	45.7
2007-06-12	219614.0	59855.0	14006.0	87801.0	157860.0	48006.0	23796.0	17.3	35.5	25.2	45.6
2007-06-19	220726.0	65320.0	15958.0	83855.0	153509.0	43859.0	23567.0	16.4	34.5	25.1	44.0
2007-06-26	207892.0	57610.0	12086.0	83035.0	148533.0	39997.0	20023.0	16.5	36.8	25.4	46.4
2007-07-03	206937.0	58993.0	10118.0	84100.0	150933.0	38468.0	20510.0	17.6	37.5	26.6	47.2
2007-07-10	213250.0	65192.0	7617.0	82255.0	159452.0	40197.0	20575.0	16.5	38.0	24.0	48.0
2007-07-17	214698.0	64545.0	7828.0	85541.0	160789.0	39197.0	20666.0	19.2	38.3	26.3	48.0
2007-07-24	206054.0	54736.0	10909.0	86219.0	147780.0	37985.0	20251.0	18.0	33.9	25.7	44.4
2007-07-31	202116.0	49993.0	13449.0	86803.0	139077.0	34918.0	19188.0	21.3	35.1	29.3	44.1
2007-08-07	204880.0	56758.0	11782.0	85567.0	147427.0	37952.0	21068.0	20.7	36.2	28.8	44.9
2007-08-14	201449.0	54799.0	6935.0	83724.0	150048.0	39045.0	20585.0	18.3	36.3	26.2	44.9
2007-08-21	196526.0	49698.0	6943.0	85534.0	144687.0	34919.0	18521.0	19.4	35.6	25.6	44.0
2007-08-28	199541.0	53500.0	5561.0	85340.0	151197.0	34330.0	16412.0	17.0	34.2	24.9	42.9
2007-09-04	205858.0	60948.0	6201.0	81313.0	156273.0	38559.0	18346.0	15.8	34.1	23.5	44.0
2007-09-11	211594.0	63312.0	5187.0	85292.0	165022.0	41688.0	20083.0	15.7	35.1	24.2	45.8
2007-09-18	224426.0	70216.0	7640.0	88590.0	172563.0	43569.0	22172.0	15.5	35.5	24.2	46.9
2007-09-25	225239.0	69291.0	7353.0	90192.0	172459.0	44672.0	24343.0	14.5	35.4	23.1	45.1
2007-10-02	215628.0	67264.0	10506.0	85346.0	161718.0	40517.0	20903.0	16.9	33.9	26.1	44.8
2007-10-09	214805.0	64890.0	8556.0	87693.0	162485.0	43113.0	24655.0	17.7	35.8	26.9	47.4
2007-10-16	222673.0	69750.0	8172.0	89189.0	169993.0	41359.0	22133.0	18.5	36.6	28.0	48.6
2007-10-23	232759.0	74132.0	9540.0	92806.0	176816.0	41358.0	21940.0	18.7	38.4	27.9	50.3
2007-10-30	236432.0	74800.0	6551.0	92850.0	181738.0	42003.0	21364.0	17.7	38.4	26.9	50.7
2007-11-06	247588.0	78801.0	6484.0	95282.0	188427.0	41105.0	20277.0	18.3	38.1	27.1	50.8
2007-11-13	246508.0	79759.0	8744.0	94101.0	185086.0	42900.0	22930.0	18.3	38.5	27.1	49.6
2007-11-20	251101.0	78189.0	9913.0	97539.0	190621.0	43523.0	18717.0	17.0	38.2	25.3	47.9
2007-11-27	245568.0	76815.0	11371.0	93929.0	183698.0	44662.0	20337.0	16.9	37.5	25.3	47.8
2007-12-04	247297.0	81909.0	7656.0	92163.0	191306.0	43561.0	18671.0	16.8	38.8	25.1	50.0
2007-12-11	249316.0	85671.0	8035.0	90336.0	193895.0	44713.0	18790.0	15.3	37.5	22.7	48.7
2007-12-18	254668.0	87178.0	13379.0	94752.0	195016.0	45281.0	18816.0	12.9	37.0	20.5	44.9
2007-12-24	254466.0	85907.0	13173.0	98118.0	196152.0	42131.0	16831.0	13.0	37.8	20.3	45.0
2007-12-31	242052.0	78939.0	12938.0	96785.0	184797.0	39949.0	17938.0	13.1	37.3	19.6	45.5
2008-01-08	229873.0	74766.0	12471.0	90606.0	177100.0	43577.0	19378.0	12.9	39.2	20.2	47.1
2008-01-15	236999.0	70890.0	14941.0	103408.0	185089.0	43528.0	17796.0	13.4	42.5	20.7	49.9
2008-01-22	237598.0	65790.0	17646.0	112542.0	181754.0	39563.0	18495.0	14.8	41.8	22.4	49.2
2008-01-29	235150.0	58870.0	17232.0	116599.0	179258.0	39409.0	18388.0	14.4	41.6	22.7	48.5
2008-02-05	232341.0	61307.0	16741.0	110432.0	176995.0	40934.0	18937.0	13.3	42.5	21.9	48.7
2008-02-12	232869.0	64313.0	15407.0	108849.0	178740.0	40492.0	19507.0	12.7	41.3	20.6	47.6
2008-02-19	231491.0	63611.0	14730.0	110316.0	181342.0	39849.0	17704.0	12.0	41.0	20.1	46.7
2008-02-26	242089.0	69040.0	11009.0	107266.0	188857.0	41695.0	18135.0	12.1	41.6	19.0	48.0
2008-03-04	237236.0	70141.0	11262.0	98434.0	181314.0	43571.0	19570.0	12.3	42.8	19.5	50.6
2008-03-11	224140.0	55972.0	10545.0	108518.0	172442.0	37173.0	18676.0	16.4	42.8	24.2	51.0
2008-03-18	219746.0	54968.0	16695.0	118652.0	172642.0	27634.0	11917.0	20.1	42.3	28.1	50.6
2008-03-25	219796.0	49153.0	16167.0	126961.0	173249.0	24488.0	11186.0	20.8	40.7	29.0	49.3
2008-04-01	223879.0	53896.0	11165.0	116789.0	172978.0	32475.0	19017.0	16.9	42.1	25.6	50.1
2008-04-08	221557.0	53419.0	10837.0	113097.0	171643.0	34189.0	18225.0	15.3	42.6	23.1	50.1
2008-04-15	218922.0	53479.0	9959.0	103196.0	167327.0	35208.0	14597.0	14.3	43.5	20.9	49.7
2008-04-22	220561.0	56022.0	11050.0	104521.0	167483.0	35592.0	17602.0	13.8	42.4	20.1	48.1
2008-04-29	207216.0	50723.0	10654.0	102631.0	159006.0	34449.0	18143.0	15.4	44.1	22.6	49.8
2008-05-06	197661.0	50963.0	9919.0	99646.0	154498.0	29982.0	16174.0	15.5	44.4	23.1	50.6
2008-05-13	194921.0	50093.0	9026.0	93973.0	151751.0	32570.0	15859.0	13.5	44.0	20.8	49.6
2008-05-20	198969.0	46301.0	6729.0	98330.0	153011.0	30817.0	15708.0	15.8	42.6	22.9	48.3
2008-05-27	200377.0	48921.0	7715.0	96977.0	153412.0	29541.0	14312.0	15.7	40.6	22.2	46.5
2008-06-03	203136.0	51413.0	7215.0	93793.0	152319.0	30115.0	15787.0	11.9	38.2	18.1	43.7
2008-06-10	207529.0	55369.0	6936.0	87205.0	154348.0	36361.0	17651.0	9.8	36.9	15.3	42.3
2008-06-17	222910.0	64121.0	6696.0	85753.0	163426.0	37285.0	17037.0	7.9	34.9	13.3	40.3
2008-06-24	221465.0	70578.0	5861.0	82093.0	166351.0	35126.0	15585.0	8.9	36.2	15.0	42.7
2008-07-01	225308.0	68624.0	5483.0	80290.0	165971.0	39017.0	16477.0	8.5	33.5	14.6	41.0
2008-07-08	220165.0	62966.0	7131.0	79291.0	156181.0	38014.0	16959.0	8.3	33.1	15.0	39.9
2008-07-15	217674.0	62808.0	7598.0	75243.0	150677.0	39059.0	18835.0	8.2	32.6	14.9	41.0
2008-07-22	202095.0	54462.0	11799.0	76872.0	135822.0	35533.0	19246.0	9.2	34.2	16.3	41.8
2008-07-29	182993.0	47866.0	6213.0	74466.0	130629.0	32485.0	17975.0	10.3	34.0	17.7	42.7
2008-08-05	185266.0	47738.0	5875.0	79690.0	135926.0	31454.0	17081.0	12.0	36.6	19.7	45.6
2008-08-12	182430.0	43776.0	5911.0	87361.0	138908.0	30008.0	16326.0	13.2	35.0	21.0	44.0
2008-08-19	174493.0	42587.0	5371.0	84814.0	135046.0	27743.0	14727.0	10.0	33.1	17.9	41.3
2008-08-26	170926.0	41158.0	5701.0	79756.0	130396.0	30038.0	14855.0	10.6	34.1	18.0	41.8
2008-09-02	169385.0	41570.0	6048.0	77388.0	127081.0	29012.0	14841.0	10.7	34.1	18.5	41.3
2008-09-09	170864.0	38819.0	8473.0	85555.0	128230.0	27583.0	15254.0	12.7	30.4	20.9	38.4
2008-09-16	166261.0	36294.0	10793.0	85157.0	122246.0	27860.0	16272.0	14.4	30.6	22.9	39.7
2008-09-23	158540.0	35658.0	9921.0	77418.0	114183.0	28443.0	17415.0	14.5	31.7	23.6	41.7
2008-09-30	152862.0	33592.0	12357.0	71599.0	100592.0	28626.0	20868.0	17.6	28.8	26.3	40.0
2008-10-07	153739.0	33938.0	15653.0	73773.0	100026.0	28145.0	20177.0	21.7	30.7	30.1	42.8
2008-10-14	152647.0	30255.0	16117.0	78511.0	98185.0	29030.0	23494.0	22.0	31.0	30.7	42.0
2008-10-21	158986.0	29990.0	16596.0	82483.0	101981.0	28732.0	22628.0	21.6	28.5	30.0	38.8
2008-10-28	150444.0	29443.0	12563.0	77748.0	99425.0	26545.0	21748.0	22.3	29.8	30.5	39.7
2008-11-04	145265.0	26254.0	14614.0	74259.0	93817.0	29312.0	21394.0	20.9	29.3	29.2	40.0
2008-11-11	138256.0	25808.0	14052.0	71278.0	90333.0	26280.0	18981.0	19.1	28.3	27.9	39.5
2008-11-18	138211.0	24933.0	13410.0	71667.0	88473.0	25997.0	20714.0	19.0	28.6	26.8	37.9
2008-11-25	134482.0	16727.0	10239.0	71074.0	81745.0	29575.0	25392.0	17.8	28.3	25.0	37.0
2008-12-02	129329.0	15824.0	13088.0	71416.0	75187.0	23950.0	22915.0	18.5	24.9	25.7	34.1
2008-12-09	127927.0	15653.0	15127.0	70068.0	71601.0	23563.0	22556.0	17.7	22.5	25.5	31.6
2008-12-16	127105.0	15910.0	14672.0	67754.0	71394.0	23867.0	21465.0	18.5	23.9	26.1	32.6
2008-12-22	124825.0	16678.0	14462.0	63369.0	70231.0	25068.0	20422.0	17.5	24.9	25.4	33.6
2008-12-30	117355.0	18749.0	12622.0	59284.0	69390.0	21855.0	17876.0	15.7	26.8	23.9	36.4
2009-01-06	118203.0	20307.0	14741.0	57647.0	69359.0	24577.0	18431.0	14.2	27.1	22.4	37.2
2009-01-13	116082.0	20029.0	12891.0	56495.0	71999.0	24685.0	16319.0	14.1	29.9	22.9	39.6
2009-01-20	117006.0	20946.0	13641.0	58988.0	75168.0	25699.0	16824.0	13.5	30.9	21.9	39.5
2009-01-27	123321.0	24772.0	11610.0	60091.0	81263.0	25992.0	17982.0	11.8	32.8	19.7	40.9
2009-02-03	128534.0	23559.0	10242.0	63324.0	83001.0	26940.0	20580.0	10.8	31.0	18.8	38.5
2009-02-10	127157.0	25619.0	11386.0	63189.0	84987.0	27234.0	19669.0	10.4	31.7	18.7	39.6
2009-02-17	123329.0	20920.0	10367.0	65415.0	78143.0	26033.0	23858.0	12.5	30.6	20.6	38.6
2009-02-24	116534.0	18071.0	9518.0	64725.0	75197.0	23643.0	21724.0	14.7	30.6	22.9	37.6
2009-03-03	115672.0	21546.0	11500.0	60844.0	69727.0	21862.0	23025.0	14.0	28.2	21.8	36.1
2009-03-10	110141.0	23591.0	13105.0	53214.0	64077.0	21580.0	21203.0	11.9	28.5	19.7	36.9
2009-03-17	110215.0	25591.0	9313.0	48728.0	67846.0	23367.0	20527.0	11.2	28.7	17.8	36.9
2009-03-24	112617.0	29126.0	8113.0	46145.0	74943.0	26014.0	18229.0	11.0	31.8	17.7	41.5
2009-03-31	110721.0	30819.0	6861.0	43468.0	76175.0	24673.0	15924.0	10.4	35.0	17.1	43.3
2009-04-07	115073.0	30836.0	8724.0	47082.0	78345.0	25923.0	16772.0	9.8	34.4	16.1	43.2
2009-04-14	122434.0	35778.0	8204.0	46327.0	84840.0	28335.0	17396.0	9.9	34.9	16.4	42.7
2009-04-21	132039.0	45179.0	8103.0	45862.0	95911.0	27825.0	14852.0	9.8	37.1	16.1	45.8
2009-04-28	131988.0	43751.0	6354.0	45980.0	92900.0	29038.0	19515.0	10.1	36.6	16.7	44.8
2009-05-05	142929.0	54424.0	5926.0	47758.0	109455.0	29117.0	15918.0	10.5	38.0	16.9	48.2
2009-05-12	151572.0	53904.0	5889.0	53213.0	116012.0	30296.0	15512.0	9.4	40.3	16.3	50.1
2009-05-19	169630.0	60434.0	6586.0	56118.0	129427.0	36732.0	17271.0	9.8	39.7	16.4	49.2
2009-05-26	179720.0	66020.0	8102.0	58291.0	136925.0	39163.0	18447.0	9.5	38.7	15.8	49.1
2009-06-02	186752.0	69420.0	7534.0	60161.0	142633.0	38807.0	18221.0	10.0	39.0	16.7	48.6
2009-06-09	196862.0	68864.0	9007.0	64503.0	146420.0	41455.0	19395.0	9.7	37.7	16.4	45.2
2009-06-16	195604.0	67082.0	8870.0	66081.0	143142.0	39714.0	20865.0	8.9	37.1	15.3	44.2
2009-06-23	187559.0	58800.0	8485.0	66543.0	130759.0	36988.0	23087.0	7.9	32.9	14.3	38.9
2009-06-30	185093.0	58592.0	8146.0	69114.0	130344.0	31247.0	20463.0	8.7	32.5	15.7	38.6
2009-07-07	180490.0	48247.0	9539.0	75636.0	124626.0	30885.0	20603.0	9.8	29.8	15.6	36.8
2009-07-14	174331.0	41053.0	8488.0	78669.0	120096.0	30912.0	22050.0	9.4	27.3	15.3	33.7
2009-07-21	169647.0	38315.0	7176.0	80419.0	117226.0	28952.0	23284.0	9.9	27.3	15.7	33.4
2009-07-28	173667.0	42122.0	5872.0	80319.0	123000.0	29585.0	23154.0	9.2	26.2	14.7	34.2
2009-08-04	175032.0	49494.0	5659.0	70592.0	123177.0	28667.0	19917.0	8.4	28.4	13.7	35.8
2009-08-11	176529.0	52687.0	6535.0	69399.0	124391.0	30115.0	21275.0	8.0	28.5	13.6	35.9
2009-08-18	166586.0	46985.0	6776.0	64253.0	114510.0	29362.0	19314.0	9.8	29.6	15.5	37.0
2009-08-25	161685.0	45175.0	6199.0	64686.0	114977.0	29116.0	17801.0	10.7	33.1	17.2	41.9
2009-09-01	158207.0	44039.0	6224.0	65730.0	113747.0	26697.0	16495.0	12.4	33.0	19.3	41.3
2009-09-08	157042.0	41262.0	10342.0	70362.0	108612.0	26963.0	19633.0	15.8	31.5	22.5	41.0
2009-09-15	161948.0	43047.0	10911.0	73644.0	115723.0	27313.0	17370.0	17.0	33.8	23.8	45.3
2009-09-22	156483.0	39233.0	11663.0	75186.0	107520.0	25132.0	20368.0	18.6	31.7	25.9	42.4
2009-09-29	151334.0	39703.0	11452.0	69904.0	101077.0	23054.0	20132.0	18.5	30.1	26.2	42.3
2009-10-06	152408.0	39782.0	13400.0	70209.0	98939.0	23589.0	21241.0	18.1	29.0	25.9	40.6
2009-10-13	151584.0	47210.0	17306.0	60619.0	99124.0	27630.0	19029.0	16.7	31.5	24.7	44.4
2009-10-20	151252.0	47630.0	17843.0	56598.0	96860.0	30418.0	19943.0	16.4	33.2	23.8	44.1
2009-10-27	149889.0	44974.0	18840.0	58339.0	94158.0	28924.0	19239.0	16.9	33.0	24.3	43.2
2009-11-03	153793.0	45288.0	14536.0	60238.0	104202.0	31456.0	18244.0	16.6	35.0	24.2	45.7
2009-11-09	153205.0	43640.0	16348.0	62789.0	101203.0	32158.0	21036.0	16.6	33.8	23.5	44.2
2009-11-17	162915.0	47369.0	17904.0	67881.0	108800.0	32683.0	21229.0	16.3	33.0	22.8	43.9
2009-11-24	171561.0	52154.0	15615.0	68428.0	118482.0	33836.0	20321.0	14.9	34.1	21.2	43.9
2009-12-01	166668.0	56384.0	18709.0	60999.0	114023.0	35250.0	19901.0	15.7	37.3	23.0	47.4
2009-12-08	162553.0	55155.0	22119.0	61494.0	109332.0	34180.0	19378.0	16.0	36.6	23.4	46.6
2009-12-15	174362.0	59185.0	24338.0	62919.0	113669.0	37462.0	21559.0	14.9	33.2	21.8	42.0
2009-12-22	167371.0	49386.0	24670.0	68214.0	103940.0	34419.0	23409.0	15.7	26.7	22.6	35.9
2009-12-29	158749.0	48995.0	24417.0	66950.0	104563.0	29282.0	16247.0	15.9	29.7	23.2	39.5
2010-01-05	163587.0	53813.0	24788.0	65642.0	108438.0	29990.0	16219.0	15.2	32.1	22.9	41.9
2010-01-12	164952.0	50917.0	24330.0	67094.0	101659.0	28204.0	20226.0	17.6	32.8	27.7	42.4
2010-01-19	170137.0	49717.0	21122.0	69444.0	107428.0	30565.0	21176.0	17.6	36.0	27.0	45.7
2010-01-26	179176.0	54955.0	23793.0	72431.0	110556.0	29346.0	22383.0	16.2	32.8	25.1	42.5
2010-02-02	187955.0	54813.0	28829.0	78775.0	110228.0	30901.0	25432.0	16.0	31.3	26.3	40.3
2010-02-09	201425.0	53143.0	31759.0	90045.0	113101.0	30664.0	28992.0	16.3	30.2	26.6	37.5
2010-02-16	206310.0	55259.0	31857.0	91377.0	119225.0	31906.0	27460.0	16.6	31.1	26.5	38.8
2010-02-23	201275.0	53158.0	28438.0	88154.0	119365.0	33577.0	27086.0	16.1	32.6	25.4	40.6
2010-03-02	197262.0	50711.0	31686.0	86794.0	112551.0	32738.0	26006.0	16.9	30.8	26.2	39.0
2010-03-09	203028.0	47807.0	41741.0	95350.0	103287.0	30786.0	28915.0	15.0	27.1	24.8	35.3
2010-03-16	207243.0	50174.0	44552.0	92345.0	98695.0	30671.0	29943.0	14.9	25.9	23.9	34.1
2010-03-23	198307.0	47116.0	36043.0	88923.0	103321.0	31391.0	28066.0	14.9	29.5	24.2	37.7
2010-03-30	195862.0	50144.0	34691.0	85311.0	106932.0	31973.0	25805.0	14.7	31.2	23.9	40.4
2010-04-06	188093.0	48992.0	39461.0	83611.0	97681.0	29726.0	25187.0	15.3	28.4	25.1	38.2
2010-04-13	192951.0	49713.0	40083.0	84165.0	100324.0	30754.0	24225.0	14.2	29.4	24.0	38.0
2010-04-20	209502.0	55390.0	34963.0	87797.0	116673.0	33769.0	25320.0	13.5	31.4	21.8	40.0
2010-04-27	196807.0	61052.0	25023.0	78469.0	123114.0	33712.0	25096.0	12.7	38.2	21.2	46.1
2010-05-04	190267.0	65214.0	29163.0	68881.0	116313.0	35699.0	24318.0	12.6	40.3	21.4	46.7
2010-05-11	182333.0	57357.0	27178.0	70226.0	111167.0	33685.0	22923.0	13.0	39.4	21.9	45.9
2010-05-18	176145.0	50929.0	22944.0	73723.0	109722.0	31533.0	23519.0	13.0	37.0	21.7	43.5
2010-05-25	171451.0	43546.0	17973.0	74242.0	108051.0	33201.0	24965.0	12.6	35.3	22.3	41.8
2010-06-01	167756.0	44030.0	16637.0	72126.0	105635.0	30445.0	24329.0	12.3	31.4	21.4	38.3
2010-06-08	174770.0	46365.0	10456.0	71911.0	116747.0	33406.0	24479.0	12.2	33.3	21.5	39.4
2010-06-15	190775.0	60132.0	13856.0	74780.0	134441.0	37000.0	23615.0	11.9	36.8	20.4	43.3
2010-06-22	201431.0	64944.0	17205.0	76817.0	140448.0	42553.0	26661.0	10.2	35.5	18.4	42.8
2010-06-29	194244.0	67732.0	15175.0	72706.0	137250.0	37585.0	25598.0	10.2	38.0	18.4	44.8
2010-07-06	192292.0	63227.0	14839.0	75236.0	135102.0	37524.0	26046.0	10.3	37.6	18.8	44.4
2010-07-13	195206.0	70629.0	12870.0	70752.0	142943.0	38125.0	23693.0	9.6	40.3	17.3	48.2
2010-07-20	203147.0	73324.0	17853.0	74071.0	147105.0	41551.0	23988.0	9.5	40.1	17.2	48.8
2010-07-27	195151.0	73431.0	14431.0	69498.0	143022.0	38560.0	24036.0	9.9	40.6	17.8	48.4
2010-08-03	192396.0	76682.0	13893.0	64344.0	143134.0	37245.0	21244.0	9.9	41.5	18.5	49.8
2010-08-10	197477.0	78183.0	12823.0	65923.0	150090.0	38853.0	20046.0	11.3	41.2	19.8	50.2
2010-08-17	203643.0	82648.0	13951.0	67377.0	153517.0	38354.0	20911.0	10.7	42.1	19.2	51.4
2010-08-24	200331.0	77009.0	12328.0	70349.0	153654.0	38507.0	19883.0	10.5	42.4	19.1	50.9
2010-08-31	208364.0	84657.0	16970.0	70893.0	155708.0	37076.0	19948.0	10.5	41.9	19.2	51.1
2010-09-07	213073.0	86181.0	17797.0	71878.0	162365.0	39535.0	17432.0	11.0	43.7	19.5	52.7
2010-09-14	204584.0	76066.0	13174.0	76128.0	157882.0	35524.0	16662.0	11.5	44.6	19.9	52.7
2010-09-21	213118.0	79658.0	15306.0	76996.0	162984.0	38693.0	17057.0	10.8	42.7	18.7	51.5
2010-09-28	207421.0	76504.0	16978.0	71104.0	152733.0	40469.0	18366.0	10.4	40.6	18.3	49.3
2010-10-05	187127.0	60590.0	18076.0	74103.0	133941.0	36234.0	18910.0	12.4	34.1	20.6	43.9
2010-10-12	192578.0	63125.0	20513.0	77690.0	138080.0	34821.0	17043.0	11.1	31.7	18.8	41.0
2010-10-19	200156.0	64150.0	19525.0	81687.0	145819.0	36635.0	17128.0	10.4	31.2	17.8	40.6
2010-10-26	201181.0	61821.0	18090.0	80781.0	146831.0	39038.0	16719.0	10.1	31.2	17.4	39.9
2010-11-02	204711.0	61815.0	19478.0	83740.0	148412.0	37665.0	15330.0	9.5	30.1	16.5	39.2
2010-11-09	198155.0	59347.0	14970.0	82230.0	150329.0	36126.0	12404.0	9.7	31.9	16.3	41.7
2010-11-16	196858.0	50449.0	12051.0	90745.0	147970.0	33164.0	14337.0	11.0	34.6	17.6	43.7
2010-11-23	205404.0	51490.0	12421.0	94549.0	153208.0	35761.0	16171.0	9.5	34.5	16.8	44.4
2010-11-30	196050.0	56099.0	8914.0	87252.0	152141.0	34637.0	16933.0	9.3	37.5	15.9	46.9
2010-12-07	193278.0	58598.0	10822.0	83738.0	152836.0	35972.0	14650.0	9.2	39.9	15.5	48.0
2010-12-14	193466.0	57810.0	9295.0	84755.0	154558.0	34860.0	13572.0	10.0	42.9	16.6	50.6
2010-12-21	194131.0	62713.0	9572.0	76972.0	152242.0	38875.0	16746.0	10.2	43.8	16.7	52.0
2010-12-28	196263.0	62571.0	9597.0	79662.0	153411.0	36717.0	15942.0	9.1	44.4	15.6	51.9
2011-01-04	190035.0	63792.0	9940.0	75876.0	153123.0	38631.0	15236.0	9.1	45.6	15.8	54.5
2011-01-11	192977.0	65155.0	10735.0	78280.0	156393.0	37826.0	14133.0	9.6	46.5	16.2	55.7
2011-01-18	207764.0	64655.0	10538.0	85497.0	163392.0	39623.0	15845.0	8.1	41.6	14.1	50.0
2011-01-25	211803.0	65938.0	14165.0	87907.0	161405.0	39551.0	17826.0	7.8	40.7	13.6	48.2
2011-02-01	218089.0	73278.0	13049.0	81752.0	166408.0	41541.0	17114.0	7.3	39.2	13.0	46.8
2011-02-08	220984.0	74615.0	15520.0	81117.0	163359.0	41059.0	17912.0	7.6	35.9	13.1	43.5
2011-02-15	218541.0	71633.0	19164.0	87963.0	160204.0	38898.0	19126.0	9.1	34.2	15.2	42.6
2011-02-22	205915.0	61930.0	19967.0	89030.0	145089.0	35992.0	21896.0	8.7	32.0	14.9	40.4
2011-03-01	208932.0	59670.0	23379.0	89680.0	138684.0	34294.0	21581.0	8.4	31.3	15.0	39.2
2011-03-08	212482.0	56576.0	21582.0	91600.0	141039.0	38643.0	24198.0	8.4	28.8	15.2	36.9
2011-03-15	215424.0	57346.0	24852.0	98882.0	141474.0	34869.0	24771.0	10.4	31.1	17.2	39.1
2011-03-22	214100.0	61095.0	20832.0	92503.0	147837.0	35706.0	20635.0	9.3	33.9	16.3	41.3
2011-03-29	214495.0	63088.0	23743.0	89580.0	145026.0	36824.0	20723.0	9.0	34.9	16.3	42.0
2011-04-05	221496.0	60031.0	26297.0	95290.0	145563.0	40366.0	23827.0	8.7	32.1	15.1	39.6
2011-04-12	225272.0	58750.0	31350.0	102178.0	141548.0	39057.0	27087.0	9.4	28.8	16.3	37.3
2011-04-19	234149.0	57519.0	34313.0	109948.0	142863.0	38591.0	28882.0	9.2	25.5	15.9	33.3
2011-04-26	226777.0	56633.0	26216.0	102361.0	146939.0	39102.0	24941.0	9.0	28.0	16.0	35.1
2011-05-03	226128.0	55684.0	25875.0	100715.0	144741.0	39290.0	25073.0	8.7	27.9	15.9	34.1
2011-05-10	229758.0	55380.0	24369.0	104970.0	147838.0	35127.0	23270.0	8.4	29.2	15.1	34.7
2011-05-17	227912.0	52564.0	24625.0	104340.0	145030.0	36583.0	23832.0	7.8	27.8	14.3	33.9
2011-05-24	227569.0	57636.0	22503.0	94252.0	146952.0	39529.0	21962.0	7.6	28.4	13.7	35.2
2011-05-31	228197.0	57345.0	26132.0	92819.0	140185.0	41281.0	25128.0	7.9	26.2	14.6	32.4
2011-06-07	238210.0	64058.0	20542.0	88723.0	154758.0	46989.0	24470.0	7.4	27.9	13.7	34.7
2011-06-14	234276.0	62807.0	20958.0	89321.0	151644.0	44309.0	23835.0	7.1	27.4	13.0	34.5
2011-06-21	217894.0	53192.0	20865.0	90605.0	136088.0	39597.0	26441.0	7.5	24.9	12.7	31.5
2011-06-28	203355.0	43515.0	32092.0	96635.0	113030.0	35652.0	30680.0	8.8	21.2	15.4	28.1
2011-07-05	191542.0	43841.0	34029.0	92350.0	105022.0	30351.0	27491.0	9.8	19.5	17.1	27.0
2011-07-12	174134.0	42377.0	28188.0	79788.0	99119.0	32286.0	27144.0	10.5	23.1	18.6	30.8
2011-07-19	175578.0	49724.0	22740.0	68707.0	108592.0	37591.0	24690.0	9.5	25.8	16.0	34.9
2011-07-26	184730.0	53221.0	19041.0	68116.0	118321.0	41863.0	25838.0	9.5	27.9	16.3	36.3
2011-08-02	174085.0	52357.0	20561.0	68742.0	113267.0	38325.0	25596.0	9.9	27.7	16.9	36.2
2011-08-09	166429.0	49559.0	21998.0	74952.0	108865.0	30464.0	24112.0	11.4	26.7	18.4	36.3
2011-08-16	165344.0	46090.0	23942.0	73897.0	104540.0	30322.0	21827.0	12.0	23.7	18.7	33.0
2011-08-23	183636.0	57954.0	22804.0	67740.0	118750.0	39709.0	23849.0	9.1	24.3	15.6	33.3
2011-08-30	200624.0	69878.0	21865.0	65792.0	132873.0	39849.0	20781.0	8.7	24.4	15.6	33.5
2011-09-06	206693.0	79554.0	20840.0	68319.0	144424.0	38029.0	20638.0	8.8	25.1	15.5	34.8
2011-09-13	189553.0	73927.0	22507.0	64360.0	132979.0	36949.0	19750.0	9.1	24.9	16.1	34.2
2011-09-20	173657.0	57776.0	27064.0	71706.0	111927.0	32963.0	23454.0	10.8	22.6	17.4	31.2
2011-09-27	177578.0	42498.0	34478.0	88639.0	99313.0	30719.0	28065.0	13.9	18.2	21.5	26.8
2011-10-04	184653.0	39564.0	40239.0	90619.0	91823.0	31852.0	29973.0	14.6	18.9	22.1	27.5
2011-10-11	186934.0	36621.0	46337.0	95255.0	89293.0	33987.0	30233.0	14.1	17.8	21.7	25.0
2011-10-18	187911.0	32638.0	48334.0	100502.0	86796.0	33427.0	31437.0	12.5	16.9	20.3	23.1
2011-10-25	187731.0	33995.0	46110.0	99640.0	88991.0	33147.0	31681.0	11.7	19.0	20.2	25.3
2011-11-01	188866.0	33177.0	48436.0	103940.0	91486.0	31764.0	28959.0	11.3	17.2	19.1	24.8
2011-11-08	196865.0	36699.0	50377.0	100913.0	87170.0	36693.0	36758.0	10.6	16.2	18.5	23.2
2011-11-15	207010.0	39408.0	59780.0	108452.0	88093.0	34654.0	34641.0	13.6	15.6	21.8	23.0
2011-11-22	209707.0	33877.0	60978.0	117258.0	89343.0	33460.0	34274.0	15.9	15.6	23.0	22.6
2011-11-29	209361.0	31932.0	58399.0	116312.0	87583.0	33895.0	36157.0	18.7	17.5	26.2	24.4
2011-12-06	207046.0	30020.0	61039.0	118381.0	86635.0	32134.0	32861.0	18.2	16.2	24.2	23.5
2011-12-13	213142.0	31039.0	62357.0	121429.0	89348.0	32059.0	32822.0	15.4	14.2	21.6	21.7
2011-12-20	204488.0	29497.0	54945.0	116571.0	90211.0	30075.0	30987.0	16.8	15.1	22.9	21.6
2011-12-27	196580.0	30789.0	48240.0	110416.0	93243.0	28701.0	28423.0	16.5	17.3	23.1	24.6
2012-01-03	195357.0	29988.0	48099.0	107969.0	91426.0	29547.0	27979.0	17.5	18.8	24.5	26.0
2012-01-10	183589.0	30526.0	42006.0	102582.0	94932.0	26890.0	23060.0	15.9	21.0	22.7	28.6
2012-01-17	190530.0	29007.0	47337.0	112942.0	97077.0	26740.0	24275.0	16.5	19.1	24.1	26.3
2012-01-24	201968.0	32012.0	42539.0	115537.0	109701.0	30171.0	25480.0	16.7	18.7	22.7	25.4
2012-01-31	202350.0	33374.0	41399.0	113768.0	108972.0	28451.0	25222.0	14.6	18.3	20.6	24.8
2012-02-07	188968.0	36852.0	36898.0	95509.0	101749.0	30719.0	24433.0	13.6	21.5	20.0	28.0
2012-02-14	182669.0	36246.0	35345.0	88795.0	98102.0	33119.0	24713.0	13.8	22.7	20.6	29.6
2012-02-21	183614.0	42486.0	28679.0	83984.0	107254.0	33343.0	23880.0	11.9	23.6	19.2	30.5
2012-02-28	189803.0	52112.0	20653.0	72972.0	117290.0	37458.0	24599.0	11.7	24.6	20.0	32.2
2012-03-06	206515.0	69297.0	16410.0	77124.0	146858.0	38247.0	21400.0	11.1	28.4	19.6	36.6
2012-03-13	222437.0	81686.0	17074.0	77360.0	164562.0	41156.0	18566.0	11.0	28.0	19.2	37.6
2012-03-20	237159.0	89420.0	14718.0	81737.0	178085.0	40070.0	18424.0	10.7	29.9	18.1	39.0
2012-03-27	241213.0	93557.0	15633.0	80967.0	181026.0	41618.0	19483.0	10.3	30.7	18.4	39.6
2012-04-03	256098.0	103394.0	13269.0	87121.0	199082.0	40230.0	18394.0	9.8	30.7	17.3	39.7
2012-04-10	260582.0	106069.0	13989.0	85519.0	197381.0	41707.0	21925.0	9.5	31.2	17.0	40.1
2012-04-17	266125.0	110843.0	11047.0	86067.0	206777.0	43577.0	22663.0	9.3	32.1	16.7	41.1
2012-04-24	268419.0	116521.0	9269.0	83968.0	212454.0	44167.0	22933.0	9.1	34.0	16.7	43.6
2012-05-01	254173.0	109953.0	10768.0	81872.0	203083.0	43233.0	21207.0	9.2	36.4	16.5	47.3
2012-05-08	252090.0	109747.0	10636.0	85414.0	203544.0	39745.0	20726.0	9.1	38.6	16.8	49.6
2012-05-15	251245.0	104901.0	12153.0	86629.0	199924.0	41469.0	20922.0	8.7	37.0	15.7	47.6
2012-05-22	248847.0	101208.0	9561.0	88770.0	196629.0	40071.0	23859.0	8.8	36.0	15.9	46.4
2012-05-29	249886.0	98240.0	12414.0	89896.0	195038.0	41445.0	22129.0	8.7	34.2	15.6	45.1
2012-06-05	237205.0	86429.0	11823.0	87927.0	180295.0	41212.0	23450.0	9.1	31.7	15.5	42.9
2012-06-12	244223.0	93142.0	11174.0	84557.0	187990.0	44985.0	23520.0	8.7	30.5	15.5	41.4
2012-06-19	259367.0	100578.0	9295.0	81195.0	192833.0	46151.0	25796.0	9.0	28.1	15.7	38.8
2012-06-26	272448.0	101145.0	8908.0	84701.0	196683.0	48919.0	29174.0	8.2	26.0	14.8	36.3
2012-07-03	266531.0	96561.0	7605.0	82784.0	189889.0	47473.0	29324.0	8.4	24.7	14.5	34.7
2012-07-10	261063.0	93113.0	7908.0	79313.0	186169.0	50125.0	28474.0	8.2	24.5	14.1	34.4
2012-07-17	273643.0	90971.0	8786.0	87299.0	189724.0	51537.0	31297.0	7.7	24.1	13.9	34.1
2012-07-24	260346.0	83897.0	7295.0	84147.0	180206.0	47058.0	27601.0	7.7	25.8	13.6	35.0
2012-07-31	246496.0	79304.0	8205.0	79796.0	169499.0	46044.0	27440.0	8.0	27.0	13.7	35.5
2012-08-07	244787.0	80753.0	8137.0	77348.0	168212.0	44691.0	26443.0	8.1	28.5	14.3	37.5
2012-08-14	253617.0	87786.0	7743.0	74357.0	175795.0	47289.0	25894.0	8.1	28.7	14.3	38.3
2012-08-21	267986.0	91832.0	9090.0	78788.0	187408.0	50348.0	24470.0	8.3	28.6	14.6	40.0
2012-08-28	257606.0	85762.0	10757.0	78673.0	176496.0	48441.0	25623.0	8.2	27.9	14.2	38.4
2012-09-04	251907.0	85410.0	11914.0	76521.0	174607.0	48491.0	23901.0	8.3	29.0	14.3	39.6
2012-09-11	238717.0	81193.0	14385.0	76127.0	164592.0	46081.0	24424.0	8.7	28.8	14.9	39.0
2012-09-18	239569.0	74987.0	13985.0	82271.0	166095.0	45719.0	22897.0	8.7	30.1	15.6	40.0
2012-09-25	223005.0	66668.0	15820.0	85667.0	154483.0	40723.0	22755.0	9.4	28.1	16.4	37.4
2012-10-02	209593.0	60626.0	13272.0	83322.0	147574.0	37813.0	20915.0	9.3	28.2	16.1	37.0
2012-10-09	206193.0	62264.0	12012.0	77021.0	143509.0	38826.0	22590.0	9.0	28.6	15.6	37.6
2012-10-16	208969.0	67650.0	11348.0	75909.0	151583.0	39958.0	20586.0	8.6	31.4	15.0	39.8
2012-10-23	211274.0	67593.0	15199.0	79512.0	153717.0	42412.0	20601.0	8.5	31.5	15.0	40.6
2012-10-30	221538.0	76019.0	18183.0	80322.0	161387.0	43940.0	20711.0	8.9	33.0	15.5	41.5
2012-11-06	222845.0	73968.0	20905.0	77015.0	154547.0	46349.0	21880.0	8.0	32.5	14.1	41.1
2012-11-13	216550.0	65460.0	22247.0	78676.0	140552.0	46059.0	27396.0	9.0	31.3	15.6	39.9
2012-11-20	217998.0	64695.0	20597.0	85072.0	146259.0	45081.0	27992.0	9.4	30.5	16.6	39.2
2012-11-27	211266.0	60902.0	22200.0	82403.0	138457.0	46146.0	28794.0	9.8	30.9	17.0	38.0
2012-12-04	216689.0	63952.0	23099.0	85387.0	144401.0	43182.0	25021.0	8.9	31.6	15.2	38.9
2012-12-11	222860.0	70843.0	21696.0	85783.0	156505.0	45257.0	23682.0	8.8	33.4	15.5	41.2
2012-12-18	237209.0	76030.0	21084.0	88794.0	167053.0	45525.0	22212.0	8.3	33.4	14.7	40.4
2012-12-24	217123.0	66370.0	20669.0	86622.0	154543.0	42077.0	19857.0	8.9	33.0	15.6	39.4
2012-12-31	212318.0	63708.0	21523.0	84581.0	144420.0	39351.0	21697.0	9.3	32.5	16.4	38.9
2013-01-08	231380.0	70312.0	28657.0	99947.0	154103.0	37979.0	25478.0	9.5	33.5	16.1	40.1
2013-01-15	245142.0	68566.0	36068.0	114683.0	160889.0	39289.0	25581.0	10.5	34.9	18.2	41.3
2013-01-22	261357.0	72734.0	31037.0	116579.0	172580.0	40885.0	26581.0	9.6	34.2	16.9	39.8
2013-01-29	275945.0	74965.0	31779.0	120732.0	179172.0	41876.0	26622.0	8.7	32.0	15.7	37.8
2013-02-05	293791.0	82607.0	29337.0	125717.0	194012.0	44163.0	29138.0	8.4	32.5	14.9	39.7
2013-02-12	288367.0	88971.0	30531.0	123712.0	195305.0	43642.0	30489.0	9.4	32.4	16.3	40.4
2013-02-19	288404.0	89718.0	33691.0	128113.0	198202.0	43296.0	29234.0	8.3	32.5	14.8	40.1
2013-02-26	276811.0	88769.0	29567.0	121646.0	193239.0	41133.0	28742.0	8.4	34.4	15.1	41.9
2013-03-05	282271.0	96223.0	31667.0	112056.0	191681.0	41331.0	26262.0	8.6	32.8	15.5	41.3
2013-03-12	292079.0	103959.0	33660.0	111394.0	198134.0	41900.0	25459.0	8.3	33.3	15.0	41.6
2013-03-19	280843.0	90994.0	33749.0	114806.0	186279.0	40925.0	26697.0	8.7	34.6	15.5	42.8
2013-03-26	278479.0	83234.0	35480.0	119646.0	183209.0	41394.0	25585.0	8.8	32.0	15.7	39.9
2013-04-02	263647.0	74814.0	38636.0	123070.0	166044.0	37798.0	31002.0	9.6	29.7	16.9	37.6
2013-04-09	263859.0	67552.0	44844.0	130249.0	158003.0	39601.0	34555.0	9.6	28.0	16.7	36.5
2013-04-16	260889.0	73949.0	41167.0	126138.0	162824.0	38913.0	35009.0	9.2	26.8	16.1	34.9
2013-04-23	257195.0	76641.0	39530.0	118992.0	160950.0	38983.0	34136.0	9.3	27.3	16.4	35.6
2013-04-30	256095.0	79118.0	38488.0	117030.0	169939.0	40953.0	28674.0	9.4	29.5	16.4	38.8
2013-05-07	256273.0	79403.0	39961.0	116035.0	168127.0	40734.0	28084.0	9.5	30.4	16.4	38.6
2013-05-14	256827.0	83543.0	33318.0	107026.0	173810.0	41631.0	25072.0	9.4	31.6	16.3	40.9
2013-05-21	266679.0	87217.0	28925.0	103898.0	186651.0	46794.0	22333.0	8.4	32.8	15.1	42.8
2013-05-28	278897.0	91143.0	32090.0	106815.0	192341.0	49511.0	23038.0	8.1	30.1	14.9	39.7
2013-06-04	287234.0	93718.0	34924.0	110518.0	197977.0	50870.0	22205.0	7.7	29.9	14.2	39.0
2013-06-11	305361.0	103938.0	35578.0	109271.0	207217.0	53783.0	24197.0	8.0	29.7	14.5	38.5
2013-06-18	315493.0	104255.0	40584.0	119799.0	208284.0	53132.0	28318.0	8.0	27.8	14.6	35.8
2013-06-25	316642.0	102439.0	41730.0	126659.0	206362.0	49001.0	30007.0	8.2	26.4	15.0	32.9
2013-07-02	294163.0	96707.0	40892.0	119644.0	195493.0	47143.0	27109.0	8.5	26.6	15.5	34.0
2013-07-09	289952.0	92035.0	39279.0	117968.0	193429.0	50573.0	27868.0	8.6	26.6	15.8	33.7
2013-07-16	296152.0	95788.0	39728.0	119021.0	197920.0	51065.0	28226.0	8.7	27.7	15.6	35.3
2013-07-23	283625.0	92121.0	43998.0	115215.0	183496.0	49324.0	29166.0	9.3	29.1	16.6	36.7
2013-07-30	262248.0	84529.0	49886.0	115675.0	162714.0	39510.0	27114.0	10.1	28.5	18.0	37.3
2013-08-06	252941.0	81777.0	57494.0	112621.0	148039.0	38177.0	27042.0	10.3	26.3	18.5	35.5
2013-08-13	260617.0	84371.0	55220.0	115359.0	156817.0	39383.0	27076.0	10.3	26.6	18.1	36.1
2013-08-20	275079.0	95588.0	49987.0	111869.0	178413.0	45125.0	24182.0	9.6	29.6	17.3	38.5
2013-08-27	274447.0	98071.0	44453.0	106241.0	184163.0	48076.0	23772.0	9.3	28.6	17.3	38.2
2013-09-03	267260.0	100624.0	42981.0	101463.0	181865.0	44922.0	22163.0	9.4	29.1	17.5	38.6
2013-09-10	268404.0	97450.0	43528.0	102280.0	181911.0	48194.0	22485.0	9.2	31.1	16.8	40.1
2013-09-17	269238.0	93418.0	47767.0	110995.0	180285.0	46558.0	22919.0	9.5	30.5	17.0	38.5
2013-09-24	271114.0	92382.0	50803.0	115324.0	179071.0	46805.0	24637.0	9.2	30.9	16.8	38.3
2013-10-01	259320.0	88473.0	51863.0	109728.0	164354.0	42586.0	24570.0	9.5	30.2	17.5	38.1
2013-10-08	262950.0	88122.0	52521.0	108924.0	164619.0	45224.0	25130.0	9.2	31.7	16.9	40.0
2013-10-15	265574.0	86901.0	53996.0	108240.0	163614.0	44741.0	22272.0	9.0	30.7	16.4	39.0
2013-10-22	277326.0	90880.0	52562.0	108062.0	169679.0	49709.0	26410.0	8.6	29.8	15.5	38.5
2013-10-29	283833.0	94652.0	51970.0	110149.0	174048.0	49363.0	28146.0	8.3	30.6	14.8	38.0
2013-11-05	272399.0	82952.0	57197.0	113219.0	155641.0	44941.0	28274.0	8.7	27.5	15.2	35.8
2013-11-12	285827.0	90451.0	53972.0	111226.0	169193.0	51113.0	29625.0	8.5	30.1	15.2	37.8
2013-11-19	284962.0	92924.0	58388.0	112885.0	166340.0	47287.0	28368.0	8.4	28.6	15.2	36.0
2013-11-26	270122.0	95164.0	46021.0	100097.0	169809.0	49069.0	28500.0	9.1	30.9	16.3	38.2
2013-12-03	272138.0	98367.0	46314.0	100685.0	175183.0	48647.0	26202.0	9.0	31.1	16.3	38.2
2013-12-10	273084.0	102214.0	48215.0	97755.0	173320.0	49484.0	27918.0	9.0	30.6	16.3	38.3
2013-12-17	281739.0	105027.0	52601.0	99914.0	174481.0	51147.0	29006.0	8.8	28.7	15.9	37.4
2013-12-24	277183.0	101475.0	52937.0	102049.0	170599.0	48906.0	28894.0	9.0	29.1	16.6	36.9
2014-01-07	257156.0	93936.0	53696.0	96333.0	151296.0	41508.0	26785.0	9.1	29.1	16.6	37.2
2014-01-14	274395.0	101632.0	58580.0	98969.0	163025.0	48986.0	27982.0	8.0	29.5	15.5	37.4
2014-01-21	276037.0	102599.0	59204.0	100916.0	163153.0	46468.0	27626.0	8.1	27.8	15.6	35.8
2014-01-28	283141.0	100905.0	56205.0	105790.0	170117.0	48960.0	29333.0	8.1	27.9	15.3	35.6
2014-02-04	296160.0	109007.0	59117.0	110476.0	184267.0	51731.0	27830.0	8.2	29.4	15.2	37.0
2014-02-11	299642.0	112328.0	57688.0	113665.0	190311.0	50697.0	28691.0	8.6	29.7	15.8	38.0
2014-02-18	313130.0	115677.0	55978.0	118462.0	201671.0	53804.0	30294.0	8.1	28.5	15.0	37.0
2014-02-25	312265.0	118362.0	55784.0	119633.0	203932.0	50455.0	28734.0	8.8	28.1	15.9	36.4
2014-03-04	310250.0	118079.0	59113.0	124387.0	205328.0	46309.0	24334.0	8.8	27.6	15.8	36.3
2014-03-11	313843.0	114951.0	60980.0	125819.0	203685.0	46536.0	22641.0	8.6	28.8	15.6	36.9
2014-03-18	313206.0	114120.0	60044.0	122823.0	203123.0	48492.0	22268.0	8.7	29.7	15.5	37.9
2014-03-25	308413.0	111004.0	57918.0	119648.0	198423.0	49855.0	24166.0	9.0	28.8	16.2	37.2
2014-04-01	317907.0	112496.0	57757.0	126826.0	206639.0	49494.0	24420.0	8.7	27.8	15.5	36.2
2014-04-08	323759.0	112257.0	59730.0	129057.0	206615.0	52654.0	27623.0	8.6	26.8	15.1	35.1
2014-04-15	327940.0	119037.0	59981.0	128920.0	213201.0	53979.0	28754.0	8.6	26.9	14.9	35.4
2014-04-22	319612.0	115898.0	58489.0	127053.0	204232.0	50781.0	31011.0	8.8	24.3	15.1	32.7
2014-04-29	312643.0	119127.0	55731.0	122880.0	207496.0	48527.0	27307.0	8.5	25.3	15.1	35.2
2014-05-06	301044.0	111723.0	58983.0	121761.0	195063.0	45931.0	25369.0	8.7	24.7	15.4	34.5
2014-05-13	308575.0	117837.0	57480.0	120839.0	201905.0	47714.0	27005.0	8.6	24.9	15.2	35.5
2014-05-20	309900.0	117271.0	56256.0	121705.0	206231.0	50097.0	26586.0	8.6	24.6	15.1	34.9
2014-05-27	316786.0	118089.0	55067.0	126616.0	210806.0	50113.0	28945.0	8.3	25.1	14.5	35.1
2014-06-03	324171.0	118004.0	56399.0	131988.0	214812.0	49428.0	28209.0	8.1	23.9	14.2	33.9
2014-06-10	323764.0	113853.0	58605.0	135042.0	211044.0	49645.0	28891.0	8.3	23.1	14.5	33.5
2014-06-17	318947.0	105344.0	60510.0	140923.0	204522.0	45819.0	27054.0	8.7	21.8	15.3	31.8
2014-06-24	313281.0	96894.0	60826.0	142371.0	195063.0	46257.0	29633.0	9.0	21.5	16.3	30.4
2014-07-01	307503.0	95181.0	70913.0	139982.0	182927.0	45427.0	26750.0	9.8	22.2	17.4	30.1
2014-07-08	307471.0	93349.0	71022.0	139829.0	178194.0	45279.0	29241.0	10.8	22.1	18.3	30.2
2014-07-15	309346.0	96802.0	66735.0	140614.0	183807.0	41235.0	28109.0	10.8	23.8	17.6	31.8
2014-07-22	312262.0	96240.0	62490.0	139097.0	186282.0	43474.0	30039.0	10.6	23.4	17.6	32.7
2014-07-29	310960.0	92225.0	56637.0	142419.0	190023.0	43653.0	31637.0	10.4	23.7	17.5	33.0
2014-08-05	309521.0	95605.0	56000.0	137917.0	190471.0	42514.0	29565.0	10.1	24.3	17.0	33.9
2014-08-12	315061.0	97869.0	46864.0	133804.0	198242.0	43761.0	30328.0	9.4	25.6	16.6	34.8
2014-08-19	323645.0	106290.0	49112.0	131735.0	204366.0	46999.0	31546.0	8.8	27.2	15.2	36.1
2014-08-26	321972.0	98960.0	51268.0	144949.0	201910.0	42826.0	33557.0	9.1	26.5	16.0	34.8
2014-09-02	338784.0	112430.0	54530.0	145757.0	217660.0	44545.0	30542.0	8.4	29.1	15.1	36.9
2014-09-09	337387.0	101482.0	53890.0	150473.0	210057.0	44993.0	33001.0	8.6	27.8	15.1	35.8
2014-09-16	340520.0	101131.0	59833.0	156523.0	204837.0	41569.0	34553.0	8.4	26.3	15.0	34.1
2014-09-23	342573.0	106062.0	58992.0	156914.0	206297.0	40429.0	38116.0	8.7	27.8	15.3	35.1
2014-09-30	351029.0	107449.0	60848.0	159731.0	207464.0	40461.0	39329.0	10.2	26.0	16.9	32.7
2014-10-07	359477.0	111695.0	65638.0	157819.0	209394.0	45177.0	39659.0	8.6	24.5	14.9	30.9
2014-10-14	369514.0	112628.0	64164.0	168057.0	224560.0	44181.0	36142.0	8.2	25.3	14.3	31.7
2014-10-21	361628.0	112560.0	62086.0	161399.0	221314.0	44962.0	35521.0	7.4	26.2	13.5	33.4
2014-10-28	361561.0	120107.0	52402.0	154518.0	233207.0	45295.0	34311.0	7.3	28.0	13.2	35.0
2014-11-04	377036.0	135461.0	54561.0	151012.0	246631.0	50621.0	35902.0	6.7	30.5	12.1	37.3
2014-11-11	390674.0	139146.0	53284.0	153822.0	253645.0	51415.0	37454.0	6.3	29.3	11.7	36.2
2014-11-18	385343.0	129246.0	53631.0	158185.0	247766.0	51047.0	37081.0	6.1	29.7	11.3	37.3
2014-11-25	379157.0	128841.0	46966.0	156384.0	255869.0	53339.0	35729.0	7.0	31.5	12.3	38.7
2014-12-02	362080.0	126012.0	47989.0	150441.0	243930.0	49632.0	34166.0	7.3	31.5	12.8	38.8
2014-12-09	352063.0	124223.0	52419.0	143751.0	232672.0	49922.0	32805.0	7.5	31.8	13.1	39.2
2014-12-16	355086.0	118059.0	53113.0	150384.0	232961.0	51354.0	33723.0	7.3	30.6	12.9	37.8
2014-12-23	357019.0	124717.0	54991.0	147560.0	234918.0	49443.0	31811.0	8.0	32.4	13.7	39.3
2014-12-30	342536.0	126688.0	48073.0	134279.0	229471.0	47174.0	30597.0	8.4	35.2	14.3	41.6
2015-01-06	336608.0	121526.0	47446.0	132610.0	220839.0	45370.0	31221.0	8.2	33.4	14.2	39.9
2015-01-13	338726.0	116896.0	52449.0	141428.0	213294.0	41901.0	34482.0	8.5	30.5	14.6	36.9
2015-01-20	345111.0	115568.0	60374.0	149724.0	209674.0	41925.0	37169.0	8.8	29.4	15.0	35.6
2015-01-27	366125.0	118178.0	57629.0	159816.0	226230.0	41967.0	36102.0	7.6	29.0	13.2	35.5
2015-02-03	371005.0	115706.0	62939.0	161714.0	227635.0	46982.0	33828.0	7.2	28.0	12.4	34.1
2015-02-10	364911.0	104861.0	66002.0	160060.0	209436.0	47792.0	37275.0	8.1	26.6	13.4	32.9
2015-02-17	371919.0	111491.0	65534.0	159555.0	219924.0	48063.0	33651.0	7.7	27.5	12.9	33.8
2015-02-24	357742.0	117248.0	60941.0	149794.0	219493.0	47278.0	33886.0	8.3	30.1	13.8	37.2
2015-03-03	336523.0	106492.0	62827.0	145091.0	201465.0	43721.0	31012.0	9.3	29.0	15.3	36.7
2015-03-10	345400.0	111433.0	63028.0	146496.0	213001.0	44336.0	26236.0	8.8	29.4	14.7	36.6
2015-03-17	340100.0	101916.0	67461.0	151006.0	197019.0	43073.0	31515.0	9.1	27.1	14.9	34.1
2015-03-24	340977.0	97655.0	63728.0	148647.0	196494.0	45729.0	31809.0	9.0	28.0	14.7	34.8
2015-03-31	346338.0	105251.0	64777.0	148438.0	204531.0	46067.0	30448.0	8.7	28.6	14.6	35.2
2015-04-07	339892.0	97135.0	68664.0	150796.0	191202.0	46740.0	34805.0	10.0	25.2	15.7	31.4
2015-04-14	345989.0	91305.0	82145.0	156778.0	175064.0	49496.0	40370.0	10.2	21.0	15.9	28.4
2015-04-21	347324.0	96679.0	80615.0	156829.0	182792.0	48133.0	38234.0	10.1	23.0	15.9	30.0
2015-04-28	333979.0	102596.0	74204.0	149020.0	187711.0	44977.0	34678.0	10.7	26.6	16.8	33.4
2015-05-05	331199.0	100254.0	74067.0	150328.0	186644.0	45204.0	35075.0	11.3	26.9	17.6	33.6
2015-05-12	348881.0	104059.0	87100.0	163326.0	186323.0	43709.0	37671.0	12.0	23.8	18.4	31.3
2015-05-19	352972.0	101472.0	86273.0	163814.0	188012.0	44246.0	35247.0	11.1	21.2	17.0	29.0
2015-05-26	378102.0	104856.0	90037.0	179469.0	201792.0	43251.0	35747.0	10.3	19.5	16.1	27.2
2015-06-02	394409.0	107238.0	89589.0	184109.0	209830.0	44954.0	36882.0	10.2	17.5	15.8	24.7
2015-06-09	400599.0	111351.0	83901.0	178154.0	219910.0	49570.0	35264.0	9.6	17.7	15.1	25.3
2015-06-16	400940.0	120571.0	79240.0	171410.0	229508.0	49867.0	33100.0	9.2	18.2	14.5	26.0
2015-06-23	411909.0	127746.0	73173.0	170115.0	245572.0	52762.0	31878.0	9.3	20.0	14.6	28.2
2015-06-30	393327.0	137280.0	68982.0	157103.0	247627.0	49371.0	27145.0	9.9	24.8	15.5	33.4
2015-07-07	397900.0	141881.0	63229.0	155304.0	256398.0	49778.0	27336.0	9.6	26.0	15.0	34.3
2015-07-14	402626.0	141678.0	50806.0	157859.0	272228.0	50553.0	27056.0	9.5	27.3	14.8	35.5
2015-07-21	412469.0	149312.0	44829.0	158016.0	284421.0	49887.0	27965.0	9.0	28.6	14.1	36.4
2015-07-28	394219.0	146970.0	46872.0	156169.0	271749.0	46549.0	31067.0	9.5	29.5	15.0	37.2
2015-08-04	381055.0	144847.0	44825.0	148364.0	266100.0	49082.0	31368.0	9.8	31.6	15.4	39.3
2015-08-11	391719.0	143345.0	48121.0	153105.0	270685.0	49579.0	27223.0	9.3	30.9	15.1	38.3
2015-08-18	386640.0	128590.0	50869.0	158810.0	257239.0	51102.0	30394.0	10.8	31.2	16.6	38.2
2015-08-25	390236.0	121815.0	39037.0	166480.0	267743.0	50876.0	32391.0	10.9	32.7	16.5	39.9
2015-09-01	369524.0	116077.0	43538.0	160107.0	247478.0	49907.0	35075.0	11.6	31.0	17.3	38.5
2015-09-08	378205.0	117106.0	46999.0	163329.0	252032.0	50965.0	32369.0	11.3	30.2	16.7	37.6
2015-09-15	390928.0	120774.0	43025.0	165962.0	267496.0	53492.0	29707.0	10.6	30.8	15.9	38.0
2015-09-22	380849.0	113350.0	49179.0	163436.0	248353.0	53256.0	32510.0	11.0	28.8	16.7	36.2
2015-09-29	368560.0	111910.0	49228.0	158509.0	240738.0	52653.0	33106.0	11.4	29.1	17.2	36.6
2015-10-06	378687.0	109938.0	46362.0	160460.0	246294.0	56774.0	34516.0	10.9	29.8	16.6	37.5
2015-10-13	408493.0	125364.0	49204.0	161523.0	263779.0	59738.0	33642.0	10.4	30.5	15.7	37.6
2015-10-20	419206.0	124291.0	50860.0	172899.0	271015.0	59851.0	35166.0	10.7	29.6	16.2	36.2
2015-10-27	409127.0	104559.0	55601.0	185529.0	260633.0	58716.0	32570.0	11.4	28.1	17.0	34.7
2015-11-03	414929.0	103577.0	63017.0	194329.0	256356.0	57961.0	36494.0	11.1	26.2	17.4	32.9
2015-11-10	422594.0	105778.0	76150.0	198620.0	247158.0	57569.0	38659.0	11.2	25.8	17.4	32.0
2015-11-17	426824.0	103584.0	84735.0	205731.0	239512.0	54368.0	39436.0	11.8	25.0	17.8	30.6
2015-11-24	424738.0	94202.0	98802.0	214100.0	220257.0	52027.0	41270.0	11.5	23.8	18.1	28.8
2015-12-01	418708.0	93911.0	100115.0	212900.0	220329.0	52059.0	38426.0	12.7	26.0	19.8	30.8
2015-12-08	421259.0	91161.0	97954.0	217404.0	218490.0	49213.0	41334.0	13.3	26.8	20.6	32.0
2015-12-15	422365.0	85821.0	104524.0	219559.0	212995.0	53134.0	40995.0	13.1	25.1	20.4	30.2
2015-12-22	406089.0	85509.0	105563.0	210829.0	205180.0	52937.0	38532.0	13.3	24.3	19.7	29.8
2015-12-29	400372.0	81506.0	112246.0	211906.0	192945.0	51019.0	39240.0	13.2	23.7	19.9	29.4
2016-01-05	405616.0	84465.0	122809.0	213488.0	185294.0	49221.0	39071.0	13.0	21.8	19.5	27.5
2016-01-12	407669.0	86270.0	124120.0	210736.0	185466.0	50553.0	37973.0	11.5	22.7	18.0	28.0
2016-01-19	414457.0	82838.0	124204.0	216108.0	185704.0	50752.0	39790.0	11.5	22.0	18.2	27.1
2016-01-26	414945.0	81545.0	112003.0	211024.0	192227.0	52749.0	41088.0	10.6	22.6	17.1	27.9
2016-02-02	409219.0	76115.0	102510.0	208424.0	195068.0	55388.0	42349.0	11.4	23.6	17.7	28.6
2016-02-09	422098.0	79637.0	117999.0	216819.0	186335.0	54655.0	46777.0	12.0	21.0	18.3	26.1
2016-02-16	427548.0	80113.0	116559.0	221218.0	194770.0	53965.0	43967.0	12.5	21.3	18.7	26.2
2016-02-23	413798.0	70898.0	117473.0	222118.0	182856.0	53126.0	45813.0	14.1	19.7	20.3	24.7
2016-03-01	393496.0	70941.0	120446.0	210850.0	165149.0	48580.0	44776.0	14.9	19.6	21.4	25.1
2016-03-08	369907.0	71444.0	98528.0	190027.0	173566.0	49877.0	39254.0	13.5	22.1	19.9	27.6
2016-03-15	373582.0	77422.0	102207.0	193546.0	176035.0	48283.0	41009.0	13.2	21.9	19.8	27.4
2016-03-22	377306.0	77875.0	97941.0	187501.0	178969.0	49554.0	38020.0	12.6	21.2	19.1	26.8
2016-03-29	372474.0	76101.0	85246.0	181705.0	186458.0	53658.0	39760.0	12.2	21.9	18.1	27.4
2016-04-05	379901.0	75994.0	93809.0	195517.0	186599.0	50668.0	41771.0	12.7	19.5	18.4	24.9
2016-04-12	374417.0	78982.0	80493.0	178635.0	191896.0	53715.0	38943.0	12.2	19.9	17.8	25.0
2016-04-19	372598.0	86199.0	60499.0	175202.0	218744.0	53616.0	35774.0	11.8	24.8	17.3	30.4
2016-04-26	357327.0	94022.0	44943.0	163570.0	233357.0	50772.0	30064.0	12.5	28.7	17.8	35.6
2016-05-03	349070.0	98453.0	39539.0	160411.0	239850.0	48859.0	28334.0	14.3	30.7	19.7	38.4
2016-05-10	365161.0	110200.0	34650.0	158695.0	257945.0	51359.0	27659.0	13.5	32.6	18.7	39.6
2016-05-17	376067.0	114036.0	30382.0	161174.0	270458.0	51921.0	26291.0	12.5	31.4	17.8	38.6
2016-05-24	374204.0	113838.0	28826.0	164941.0	273097.0	50341.0	27197.0	12.3	33.4	17.4	39.3
2016-05-31	379701.0	119118.0	32279.0	165921.0	278085.0	52447.0	27122.0	12.1	34.2	17.1	39.3
2016-06-07	381841.0	118084.0	30243.0	163843.0	277489.0	52577.0	26772.0	12.0	31.2	17.1	36.6
2016-06-14	395471.0	118666.0	30773.0	170233.0	282920.0	53720.0	28926.0	11.5	29.7	16.4	35.4
2016-06-21	399547.0	116369.0	29939.0	174633.0	285969.0	53034.0	28128.0	11.0	29.0	15.9	34.7
2016-06-28	381041.0	114999.0	21962.0	169177.0	281127.0	47138.0	28225.0	11.9	31.4	16.9	36.6
2016-07-05	377467.0	113799.0	21934.0	169881.0	278648.0	45253.0	28351.0	11.7	31.4	16.9	36.9
2016-07-12	377461.0	112845.0	19388.0	171737.0	282815.0	45261.0	27640.0	11.4	32.0	16.7	37.7
2016-07-19	375040.0	110336.0	20246.0	173920.0	280054.0	42638.0	26594.0	11.5	31.3	16.9	36.9
2016-07-26	364289.0	107505.0	20639.0	172840.0	278214.0	43792.0	25284.0	11.8	33.9	17.7	39.1
2016-08-02	359746.0	105748.0	22798.0	176357.0	272960.0	40341.0	26688.0	12.5	34.5	18.9	39.1
2016-08-09	357482.0	102357.0	21379.0	176697.0	273850.0	42043.0	25868.0	12.9	35.6	19.3	40.2
2016-08-16	359279.0	103306.0	24047.0	174931.0	270987.0	42640.0	25843.0	12.9	35.1	19.2	39.6
2016-08-23	365211.0	108663.0	26280.0	172740.0	271452.0	41380.0	25051.0	12.7	34.2	18.8	38.4
2016-08-30	350038.0	106793.0	29023.0	168727.0	255157.0	38069.0	29409.0	13.7	34.5	20.2	39.0
2016-09-06	359617.0	100867.0	36204.0	178132.0	253693.0	40770.0	29872.0	13.7	31.8	20.1	36.3
2016-09-13	366036.0	99246.0	35025.0	182291.0	257964.0	42131.0	30679.0	13.3	32.8	19.5	37.2
2016-09-20	362924.0	97111.0	35626.0	177164.0	254435.0	44323.0	28537.0	12.8	32.7	19.0	37.7
2016-09-27	371239.0	91319.0	49471.0	184976.0	236088.0	42203.0	32939.0	13.0	28.5	19.3	33.8
2016-10-04	364721.0	91321.0	47270.0	176091.0	232658.0	46035.0	33519.0	13.5	30.0	19.9	36.1
2016-10-11	371311.0	83835.0	51318.0	180443.0	225392.0	45212.0	32780.0	13.3	28.1	19.5	32.9
2016-10-18	380612.0	85792.0	53756.0	185355.0	229352.0	46920.0	34959.0	12.8	27.4	19.0	32.2
2016-10-25	382137.0	88185.0	54746.0	185125.0	235628.0	48466.0	31402.0	12.9	27.1	18.9	32.5
2016-11-01	366377.0	89689.0	47598.0	185477.0	243492.0	48389.0	32465.0	14.6	31.2	20.8	36.3
2016-11-08	369732.0	91794.0	53179.0	180941.0	238128.0	49516.0	30944.0	14.1	32.1	20.5	37.4
2016-11-15	380317.0	91782.0	57671.0	190105.0	236975.0	45749.0	32990.0	14.4	29.4	20.6	34.5
2016-11-22	378007.0	98349.0	56279.0	183948.0	243144.0	47856.0	30730.0	14.0	30.7	20.1	36.2
2016-11-29	367705.0	99668.0	56101.0	178706.0	240410.0	47066.0	28929.0	13.2	32.4	19.7	38.6
2016-12-06	358330.0	97594.0	48996.0	174237.0	242511.0	48695.0	29019.0	13.2	32.6	20.0	39.4
2016-12-13	356626.0	93563.0	53181.0	171161.0	229900.0	46877.0	28520.0	13.0	31.6	19.7	38.3
2016-12-20	354704.0	91691.0	54407.0	174879.0	224303.0	44840.0	32700.0	13.1	29.2	19.8	35.1
2016-12-27	338439.0	92447.0	51466.0	166228.0	221544.0	41949.0	27614.0	13.4	30.7	20.2	36.0
2017-01-03	326477.0	91996.0	53973.0	157429.0	208476.0	40334.0	27310.0	13.9	31.4	20.9	37.3
2017-01-10	336636.0	94494.0	49330.0	164694.0	222123.0	40269.0	28004.0	13.6	32.8	20.6	38.9
2017-01-17	352383.0	111568.0	34599.0	158889.0	257408.0	46038.0	24488.0	12.7	34.5	19.4	41.8
2017-01-24	378588.0	126642.0	29767.0	159902.0	277557.0	46613.0	25833.0	11.8	36.0	18.0	42.6
2017-01-31	380857.0	127285.0	32725.0	158747.0	272738.0	47487.0	28056.0	11.9	34.8	18.2	41.1
