2005-01-04	252434.0	67803.0	84343.0	156669.0	117751.0	27437.0	49815.0	30.9	12.7	43.4	20.8
2005-01-11	272173.0	73179.0	87651.0	173308.0	130624.0	25312.0	53524.0	30.0	14.9	43.8	22.1
2005-01-18	295603.0	79632.0	88714.0	185839.0	148334.0	29058.0	57481.0	29.9	17.5	43.8	25.0
2005-01-25	311966.0	80008.0	80034.0	182049.0	136803.0	49209.0	94429.0	31.8	16.6	44.8	24.3
2005-02-01	308462.0	87641.0	80483.0	167129.0	131755.0	53692.0	96224.0	31.3	17.0	43.4	24.1
2005-02-08	329026.0	104088.0	77400.0	169951.0	146075.0	54987.0	105551.0	30.3	20.3	42.2	27.6
2005-02-15	349822.0	107008.0	80546.0	185422.0	161851.0	51301.0	101334.0	30.3	20.1	41.8	27.3
2005-02-22	379969.0	101226.0	91348.0	202456.0	157658.0	63120.0	117796.0	29.3	18.4	40.2	25.1
2005-03-01	364581.0	118996.0	69452.0	178792.0	158202.0	60542.0	130676.0	32.3	16.7	42.1	22.9
2005-03-08	328502.0	112120.0	69306.0	156723.0	149531.0	56763.0	106769.0	30.1	16.8	39.5	23.7
2005-03-15	321552.0	104568.0	71833.0	160808.0	137654.0	53885.0	109774.0	29.0	15.7	38.8	24.1
2005-03-22	330524.0	115303.0	75539.0	156503.0	147364.0	57849.0	106752.0	29.4	15.5	40.3	24.7
2005-03-29	331576.0	114442.0	79228.0	164377.0	145686.0	52612.0	106517.0	29.7	16.5	41.3	26.7
2005-04-05	313417.0	102991.0	64478.0	151902.0	141978.0	58518.0	106955.0	30.2	17.8	43.0	26.9
2005-04-12	296644.0	89586.0	57358.0	145457.0	136276.0	61595.0	103004.0	31.7	16.9	43.0	25.7
2005-04-19	303286.0	95873.0	60814.0	141767.0	145322.0	65640.0	97144.0	32.4	20.4	45.4	29.5
2005-04-26	315342.0	105423.0	73511.0	145611.0	142144.0	64085.0	99464.0	33.1	18.0	46.6	26.4
2005-05-03	335267.0	113492.0	83691.0	158812.0	147624.0	61173.0	102162.0	34.0	18.6	47.9	26.2
2005-05-10	330437.0	115134.0	78863.0	152029.0	143604.0	61556.0	106252.0	33.3	16.7	49.0	25.4
2005-05-17	340731.0	113862.0	75242.0	163374.0	148824.0	62156.0	115326.0	30.8	16.7	46.9	24.9
2005-05-24	367547.0	103271.0	72285.0	196253.0	171664.0	64007.0	119582.0	29.6	15.3	44.3	22.7
2005-05-31	376562.0	94679.0	74639.0	222668.0	188894.0	58427.0	112241.0	27.3	16.1	42.6	23.2
2005-06-07	399847.0	101027.0	75901.0	234867.0	220015.0	61516.0	101494.0	26.4	22.1	39.9	30.7
2005-06-14	378232.0	94344.0	80564.0	226369.0	184168.0	55532.0	111513.0	29.9	23.5	44.3	32.0
2005-06-21	364245.0	92885.0	82179.0	220383.0	171010.0	50735.0	110814.0	30.0	24.3	45.0	34.4
2005-06-28	365933.0	94915.0	88770.0	214497.0	171283.0	56083.0	105442.0	29.0	24.6	43.1	33.7
2005-07-05	352512.0	97211.0	95846.0	210256.0	153765.0	44804.0	102660.0	31.0	22.9	47.2	32.8
2005-07-12	370433.0	97698.0	108421.0	222319.0	154449.0	50325.0	107472.0	30.2	22.9	46.0	33.5
2005-07-19	367566.0	102187.0	108455.0	210383.0	150329.0	54874.0	108660.0	30.3	19.0	47.0	27.1
2005-07-26	360119.0	103350.0	105406.0	200517.0	144855.0	54335.0	107941.0	29.2	18.0	46.2	26.4
2005-08-02	360649.0	105895.0	112713.0	199192.0	138808.0	53423.0	106989.0	28.9	16.8	45.7	25.2
2005-08-09	368486.0	102950.0	113337.0	208801.0	145091.0	55300.0	108623.0	28.1	15.4	44.0	23.8
2005-08-16	372247.0	104227.0	101663.0	215470.0	159431.0	51419.0	110022.0	28.1	14.8	43.9	24.1
2005-08-23	374118.0	101792.0	87141.0	219775.0	172660.0	49684.0	111450.0	27.8	14.7	43.8	23.6
2005-09-06	388067.0	111010.0	82029.0	211423.0	190998.0	58703.0	108109.0	27.9	16.6	43.1	25.0
2005-09-13	387103.0	114483.0	85630.0	207048.0	185727.0	63254.0	113428.0	27.3	12.7	41.2	20.7
2005-09-20	346781.0	103394.0	51839.0	173710.0	185821.0	66958.0	106402.0	29.6	14.8	41.7	22.1
2005-09-27	335847.0	87199.0	45639.0	175552.0	181883.0	71435.0	106664.0	31.5	13.0	44.3	21.0
2005-10-04	335140.0	83571.0	65457.0	186377.0	163420.0	63869.0	104940.0	31.4	13.7	42.4	21.6
2005-10-11	347437.0	92804.0	80694.0	188737.0	164603.0	63838.0	100082.0	30.8	14.8	41.9	23.9
2005-10-18	355080.0	93564.0	86377.0	189371.0	167329.0	70093.0	99322.0	30.4	15.5	42.8	23.7
2005-10-25	372316.0	101461.0	97277.0	193658.0	165637.0	75100.0	107305.0	27.4	15.5	38.5	24.9
2005-11-01	356104.0	95091.0	91571.0	187188.0	155358.0	71819.0	107169.0	25.6	14.9	36.7	24.4
2005-11-08	362070.0	104934.0	90606.0	183777.0	163312.0	71201.0	105994.0	24.3	14.9	35.6	24.6
2005-11-15	370646.0	103954.0	96798.0	193688.0	162230.0	70846.0	109460.0	25.2	15.4	36.1	24.8
2005-11-22	343390.0	82788.0	63582.0	181900.0	167677.0	76521.0	109950.0	24.9	13.3	34.5	22.8
2005-11-29	344530.0	95983.0	59381.0	174165.0	158902.0	68569.0	120434.0	23.4	13.3	33.5	22.1
2005-12-06	336264.0	113256.0	65164.0	156811.0	164935.0	61800.0	101768.0	21.6	10.8	33.6	19.5
2005-12-13	356798.0	110651.0	71388.0	176399.0	175728.0	63579.0	103513.0	27.0	10.7	39.2	20.0
2005-12-20	365759.0	117904.0	63115.0	179684.0	195484.0	62608.0	101597.0	29.5	12.2	42.4	21.3
2005-12-27	392658.0	114104.0	92631.0	209686.0	193449.0	63940.0	101650.0	30.8	17.4	45.1	26.6
2006-01-03	403781.0	111305.0	97307.0	222353.0	198597.0	65773.0	103527.0	30.5	17.7	43.4	26.8
2006-01-10	411820.0	111108.0	109520.0	218847.0	204541.0	80097.0	95991.0	30.0	26.6	42.6	35.4
2006-01-17	447024.0	129429.0	134866.0	228401.0	208071.0	84962.0	99855.0	27.8	27.3	41.7	36.0
2006-01-24	461715.0	133320.0	138988.0	237171.0	211747.0	87466.0	107222.0	25.8	28.8	40.4	37.4
2006-01-31	477616.0	146236.0	162497.0	238775.0	202085.0	88785.0	109214.0	22.7	26.2	37.2	34.6
2006-02-07	481350.0	141360.0	137404.0	249052.0	220307.0	86524.0	119225.0	22.0	18.5	36.0	27.9
2006-02-14	486558.0	132712.0	141255.0	259608.0	218624.0	90191.0	122632.0	23.8	20.4	36.9	28.8
2006-02-21	504744.0	137470.0	138946.0	268777.0	239715.0	88664.0	116250.0	22.9	17.4	35.5	26.2
2006-02-28	484210.0	135715.0	149791.0	249552.0	199734.0	89952.0	125694.0	23.5	14.8	36.3	23.9
2006-03-07	446693.0	113850.0	129678.0	232701.0	188492.0	91475.0	119856.0	27.4	12.3	38.6	20.6
2006-03-14	472446.0	121406.0	138276.0	259889.0	205859.0	84991.0	122151.0	28.3	12.1	40.6	20.3
2006-03-21	485942.0	153396.0	116561.0	242069.0	241235.0	83222.0	120891.0	25.4	13.1	38.6	21.8
2006-03-28	454340.0	155865.0	118484.0	219450.0	214317.0	76379.0	118893.0	24.8	13.1	38.0	21.9
2006-04-04	473532.0	160669.0	134302.0	228300.0	217765.0	82690.0	119592.0	21.6	15.1	35.6	24.0
2006-04-11	472344.0	153396.0	151559.0	220863.0	203170.0	94536.0	114066.0	21.2	15.1	35.0	24.3
2006-04-18	487287.0	172176.0	148086.0	213092.0	228746.0	100471.0	108907.0	20.6	12.4	33.3	21.2
2006-04-25	501149.0	174695.0	152811.0	221082.0	226747.0	104069.0	120288.0	21.3	13.1	35.1	21.8
2006-05-02	535887.0	183370.0	162076.0	241848.0	251797.0	109527.0	120872.0	20.8	12.9	33.7	22.0
2006-05-09	588252.0	210963.0	179190.0	265471.0	289784.0	110404.0	117864.0	19.0	12.4	30.9	22.0
2006-05-16	665914.0	209634.0	165692.0	311912.0	382337.0	139162.0	112679.0	16.7	12.4	27.6	21.5
2006-05-23	641406.0	174711.0	155243.0	324292.0	354552.0	132546.0	121754.0	17.8	11.7	29.0	19.9
2006-05-30	592306.0	160680.0	128702.0	292394.0	312161.0	120070.0	132281.0	21.5	10.5	32.3	19.5
2006-06-06	529334.0	115881.0	117545.0	280913.0	291856.0	122795.0	110188.0	21.7	12.7	33.3	22.6
2006-06-13	531799.0	117097.0	129952.0	299211.0	294613.0	107343.0	99086.0	21.1	13.4	34.9	23.5
2006-06-20	542065.0	128070.0	150784.0	312087.0	275885.0	98111.0	111599.0	21.4	14.2	37.5	24.6
2006-06-27	543305.0	141175.0	148114.0	301214.0	283661.0	98767.0	109381.0	21.4	16.7	36.9	26.9
2006-07-03	544836.0	118235.0	141502.0	310369.0	289941.0	114315.0	111476.0	20.8	17.8	34.4	28.2
2006-07-11	564107.0	134859.0	126687.0	316765.0	324149.0	103210.0	103998.0	20.0	17.5	32.6	27.9
2006-07-18	572534.0	129424.0	130851.0	329913.0	335583.0	105093.0	97996.0	21.9	18.4	34.0	30.0
2006-07-25	632421.0	135748.0	133059.0	369078.0	375783.0	112883.0	108867.0	20.4	18.0	32.6	28.4
2006-08-01	675697.0	122728.0	179009.0	421458.0	379901.0	122965.0	108241.0	21.8	22.6	34.3	33.3
2006-08-08	667585.0	103823.0	180776.0	426922.0	378604.0	123465.0	94830.0	22.9	23.7	35.9	34.4
2006-08-15	683223.0	108683.0	201625.0	416934.0	348901.0	145604.0	120695.0	22.5	25.0	34.6	34.5
2006-08-22	730105.0	114179.0	213667.0	447549.0	381770.0	142416.0	108707.0	22.6	24.7	34.0	34.6
2006-08-29	749397.0	110765.0	201638.0	448506.0	371557.0	154648.0	140724.0	21.1	23.2	31.1	32.7
2006-09-05	700935.0	93601.0	158564.0	439245.0	412711.0	141806.0	103377.0	23.6	19.0	31.2	29.6
2006-09-12	683184.0	96318.0	175793.0	432372.0	390931.0	146488.0	108454.0	24.5	22.4	32.2	34.7
2006-09-19	681842.0	92177.0	186398.0	437539.0	376130.0	143878.0	111066.0	24.3	22.0	32.5	34.3
2006-09-26	679301.0	113914.0	174616.0	413405.0	386899.0	147860.0	113664.0	22.0	20.9	30.5	33.7
2006-10-03	696293.0	127916.0	182557.0	412957.0	405520.0	149906.0	102702.0	20.6	19.9	29.0	32.5
2006-10-10	673821.0	120403.0	173035.0	402783.0	396277.0	146037.0	99911.0	21.5	20.6	30.4	32.8
2006-10-17	684338.0	125447.0	178139.0	398617.0	385080.0	156618.0	117463.0	22.2	18.8	31.1	29.8
2006-10-24	677213.0	142074.0	170716.0	386658.0	373861.0	146306.0	130461.0	22.4	18.1	32.9	28.7
2006-10-31	671383.0	137333.0	159333.0	387180.0	391778.0	143750.0	117152.0	23.0	18.6	33.6	30.4
2006-11-07	661030.0	128737.0	146464.0	391034.0	390535.0	137891.0	120663.0	24.2	20.1	34.2	32.1
2006-11-14	673096.0	114665.0	157350.0	415289.0	386705.0	137487.0	123386.0	24.1	18.6	33.0	30.2
2006-11-21	733055.0	90255.0	170273.0	469749.0	401965.0	131335.0	119101.0	21.9	18.5	31.2	27.9
2006-11-28	793013.0	99034.0	179880.0	463308.0	425788.0	174702.0	131376.0	19.1	18.0	27.2	26.4
2006-12-05	754838.0	136055.0	181026.0	419935.0	400875.0	172291.0	146380.0	24.3	17.3	32.4	26.9
2006-12-12	701641.0	145444.0	189509.0	408991.0	394567.0	138961.0	109320.0	26.3	18.6	35.3	30.0
2006-12-19	698959.0	135858.0	197788.0	421850.0	379140.0	136920.0	117700.0	26.7	18.6	36.2	28.9
2006-12-26	705857.0	134284.0	198401.0	444127.0	393411.0	123604.0	110203.0	26.2	18.7	35.5	29.5
2007-01-03	744276.0	130532.0	196502.0	480833.0	418839.0	129818.0	125842.0	26.9	18.9	36.0	30.6
2007-01-09	779425.0	140229.0	219066.0	492221.0	425792.0	143953.0	131545.0	26.5	22.2	35.1	33.0
2007-01-16	755422.0	131327.0	221434.0	500812.0	421678.0	119262.0	108289.0	26.1	21.7	37.4	32.8
2007-01-23	758481.0	129760.0	233048.0	496866.0	402197.0	126966.0	118347.0	26.5	20.1	37.8	31.0
2007-01-30	788759.0	136954.0	225480.0	522879.0	431725.0	124299.0	126927.0	25.8	17.8	37.4	28.0
2007-02-06	821706.0	130063.0	242273.0	548717.0	441188.0	130720.0	126039.0	29.1	17.5	38.1	27.4
2007-02-13	802617.0	126074.0	224046.0	548307.0	458708.0	112566.0	104193.0	29.2	17.5	40.2	26.7
2007-02-20	835145.0	120163.0	233045.0	585874.0	485267.0	112897.0	100622.0	30.3	16.2	41.9	25.0
2007-02-27	870038.0	116808.0	232109.0	564673.0	469339.0	139263.0	119296.0	25.1	14.5	35.2	22.6
2007-03-06	838026.0	122488.0	248416.0	562014.0	471427.0	136115.0	100774.0	25.4	20.6	36.5	33.1
2007-03-13	839710.0	111525.0	220011.0	612658.0	520131.0	94578.0	78619.0	25.1	20.6	37.4	31.7
2007-03-20	904322.0	117492.0	241742.0	641817.0	544870.0	131463.0	104160.0	26.4	23.5	38.0	34.4
2007-03-27	951656.0	134625.0	267333.0	674172.0	575068.0	133717.0	100113.0	25.3	27.9	34.8	39.4
2007-04-03	944919.0	158078.0	294857.0	635059.0	558832.0	144137.0	83585.0	23.2	31.9	33.2	43.1
2007-04-10	995382.0	154498.0	314144.0	681904.0	575891.0	145952.0	92319.0	21.9	28.6	32.7	40.0
2007-04-17	995567.0	153733.0	294875.0	689907.0	602499.0	138000.0	84266.0	19.9	29.9	30.7	41.0
2007-04-24	1018643.0	162876.0	353097.0	711351.0	572829.0	135704.0	84005.0	22.2	29.9	32.0	42.8
2007-05-01	1105577.0	163010.0	402710.0	766780.0	579108.0	145112.0	93084.0	19.6	27.9	28.3	41.9
2007-05-08	1094562.0	185069.0	444088.0	738855.0	530770.0	140635.0	89701.0	18.4	25.0	27.1	38.2
2007-05-15	1137955.0	196453.0	450043.0	757503.0	562974.0	147363.0	88302.0	17.9	24.6	26.6	38.1
2007-05-22	1233003.0	198266.0	379075.0	759522.0	711196.0	209110.0	76627.0	15.8	25.1	22.6	37.5
2007-05-29	1160945.0	184755.0	342076.0	709248.0	597727.0	198206.0	152406.0	16.4	24.5	23.3	38.3
2007-06-05	997991.0	159589.0	305963.0	682916.0	578143.0	140694.0	99093.0	20.1	29.0	29.8	45.4
2007-06-12	981004.0	165567.0	285570.0	651808.0	584413.0	148354.0	95746.0	21.2	33.2	31.4	49.3
2007-06-19	948914.0	170099.0	244937.0	641204.0	607558.0	126944.0	85752.0	21.1	33.8	30.7	48.2
2007-06-26	954980.0	207509.0	220250.0	616110.0	631499.0	119156.0	91026.0	19.9	29.1	29.2	46.9
2007-07-03	991318.0	216063.0	241971.0	641085.0	650830.0	122623.0	86970.0	19.8	32.4	29.1	48.0
2007-07-10	1000761.0	208901.0	241901.0	653189.0	652061.0	126503.0	94631.0	20.9	32.5	30.1	48.4
2007-07-17	1010272.0	226781.0	252637.0	648138.0	658234.0	120660.0	84708.0	20.5	33.9	28.6	50.2
2007-07-24	1041227.0	236840.0	230782.0	654933.0	677427.0	125330.0	108894.0	20.7	33.2	28.7	50.0
2007-07-31	1037964.0	188629.0	221015.0	687009.0	692802.0	144222.0	106043.0	20.5	30.3	28.0	46.0
2007-08-07	1059028.0	189059.0	263558.0	699021.0	661800.0	141416.0	104138.0	16.1	27.8	23.8	42.1
2007-08-14	1009656.0	175267.0	252836.0	679909.0	638206.0	127476.0	91610.0	12.7	27.5	19.9	41.2
2007-08-21	955165.0	226450.0	180792.0	582322.0	633080.0	128117.0	123017.0	13.9	24.8	21.7	40.7
2007-08-28	967368.0	228605.0	180206.0	596753.0	666418.0	125712.0	104446.0	13.1	30.1	21.9	44.0
2007-09-04	951184.0	244068.0	198202.0	573552.0	622957.0	121270.0	117731.0	13.4	29.5	21.8	44.0
2007-09-11	891736.0	181599.0	150715.0	573723.0	615297.0	119908.0	109218.0	15.6	32.0	23.6	44.1
2007-09-18	879656.0	184002.0	170036.0	556735.0	598519.0	130494.0	102676.0	14.4	33.4	22.1	46.8
2007-09-25	923957.0	211653.0	207045.0	574312.0	604574.0	131795.0	106141.0	13.6	37.5	21.6	47.3
2007-10-02	909363.0	200997.0	205704.0	558259.0	587377.0	143279.0	109454.0	12.8	38.3	21.4	47.9
2007-10-09	969587.0	234061.0	216892.0	586383.0	638264.0	139860.0	105148.0	12.7	38.6	21.5	48.0
2007-10-16	1037318.0	239605.0	251501.0	643633.0	690694.0	144316.0	85359.0	13.4	37.5	21.8	49.5
2007-10-23	1007564.0	229716.0	234184.0	627012.0	662779.0	142676.0	102441.0	13.8	37.3	22.4	48.3
2007-10-30	1018908.0	248213.0	238429.0	630286.0	673561.0	132142.0	98651.0	13.5	36.7	22.8	47.6
2007-11-06	1073747.0	268127.0	269816.0	661187.0	696414.0	136322.0	99406.0	14.8	39.8	24.0	49.8
2007-11-13	1038928.0	252462.0	225604.0	647129.0	680437.0	127607.0	121157.0	16.4	39.2	26.5	47.2
2007-11-20	1031693.0	253381.0	192267.0	622595.0	690549.0	132447.0	125607.0	15.2	38.7	23.9	46.4
2007-11-27	1091138.0	319369.0	190325.0	619467.0	741028.0	123451.0	130934.0	16.7	36.0	25.9	43.3
2007-12-04	995457.0	337963.0	176072.0	522021.0	667745.0	112037.0	128204.0	17.7	36.3	26.5	43.1
2007-12-11	1012950.0	322875.0	191734.0	541710.0	689591.0	127851.0	111111.0	17.1	34.5	26.4	42.9
2007-12-18	1002717.0	276184.0	158870.0	585722.0	729558.0	120848.0	94326.0	16.6	37.6	26.4	45.1
2007-12-24	1002403.0	275939.0	170275.0	599779.0	719172.0	111128.0	97399.0	16.8	38.1	25.9	46.0
2007-12-31	983075.0	254304.0	166251.0	596663.0	709888.0	115923.0	90751.0	14.8	39.1	23.8	46.8
2008-01-08	1036600.0	259314.0	177362.0	625464.0	749624.0	138525.0	96317.0	15.1	40.4	24.4	46.6
2008-01-15	1071141.0	317979.0	177732.0	583554.0	774444.0	155613.0	104970.0	18.0	44.2	27.8	49.8
2008-01-22	1222563.0	277410.0	189218.0	746047.0	726092.0	181793.0	289940.0	15.7	36.3	26.5	41.3
2008-01-29	1186881.0	302636.0	332457.0	741841.0	737200.0	128125.0	102945.0	17.2	50.0	28.0	56.4
2008-02-05	1230958.0	320226.0	343039.0	751426.0	773828.0	146653.0	101438.0	15.7	49.1	25.9	55.2
2008-02-12	1302125.0	357672.0	347096.0	793840.0	830766.0	137845.0	111495.0	15.2	47.8	26.4	54.0
2008-02-19	1330394.0	365983.0	367365.0	804000.0	831977.0	140766.0	111407.0	13.3	47.3	24.1	55.0
2008-02-26	1367969.0	356680.0	345842.0	832936.0	849983.0	140890.0	134681.0	12.0	45.3	22.0	53.4
2008-03-04	1305218.0	331437.0	331667.0	820012.0	836552.0	130314.0	113544.0	17.2	46.6	28.3	56.5
2008-03-11	1166113.0	315439.0	241237.0	711230.0	777546.0	122741.0	130627.0	20.9	46.2	30.8	54.3
2008-03-18	1117332.0	269785.0	206380.0	703996.0	793870.0	133405.0	106936.0	22.7	45.9	32.7	54.1
2008-03-25	1147533.0	301230.0	232309.0	716995.0	789570.0	120670.0	117016.0	24.5	44.2	36.9	54.5
2008-04-01	1131638.0	273129.0	228008.0	731247.0	780359.0	116283.0	112292.0	20.0	45.0	32.3	55.4
2008-04-08	1127666.0	240756.0	219764.0	743157.0	777537.0	129814.0	116426.0	20.8	46.4	31.4	55.3
2008-04-15	1086208.0	194269.0	209288.0	745451.0	746655.0	127113.0	110890.0	23.2	49.4	33.2	58.2
2008-04-22	1116204.0	204637.0	197714.0	765740.0	782097.0	127483.0	118049.0	20.2	49.1	30.9	57.8
2008-04-29	1115804.0	195076.0	169766.0	779660.0	817179.0	122192.0	109983.0	22.3	51.8	33.2	58.5
2008-05-06	1153281.0	235081.0	169105.0	771534.0	847010.0	123770.0	114270.0	23.1	50.6	33.6	56.9
2008-05-13	1220883.0	271219.0	216534.0	809149.0	871801.0	113307.0	105340.0	21.6	51.3	32.2	58.5
2008-05-20	1165376.0	268379.0	232501.0	754369.0	797514.0	107196.0	99929.0	23.6	48.9	33.9	55.6
2008-05-27	1105372.0	246080.0	258867.0	720230.0	698088.0	101869.0	111224.0	22.7	45.5	33.2	52.4
2008-06-03	1028844.0	197230.0	256211.0	705030.0	658580.0	115831.0	103300.0	19.5	47.6	31.1	56.1
2008-06-10	964076.0	178375.0	189556.0	669320.0	648305.0	102047.0	111881.0	19.7	43.1	30.8	52.5
2008-06-17	917821.0	168756.0	144691.0	638435.0	640339.0	105504.0	127665.0	20.4	43.0	31.4	50.2
2008-06-24	1011360.0	194191.0	203375.0	706386.0	704427.0	105504.0	98279.0	19.4	41.2	29.7	50.6
2008-07-01	930966.0	173949.0	194519.0	638383.0	629797.0	112946.0	100962.0	21.0	38.0	30.9	47.7
2008-07-08	919134.0	194245.0	218256.0	597692.0	607521.0	122649.0	88809.0	20.7	38.0	30.1	48.1
2008-07-15	896831.0	178878.0	217273.0	594397.0	581606.0	116866.0	91262.0	21.3	34.1	31.1	45.7
2008-07-22	865506.0	154779.0	202130.0	597609.0	570992.0	107011.0	86277.0	22.9	28.9	31.8	40.7
2008-07-29	878069.0	147747.0	205813.0	612657.0	577477.0	110982.0	88096.0	24.7	27.2	32.3	37.9
2008-08-05	891937.0	137381.0	206595.0	634909.0	588404.0	112266.0	89557.0	24.6	26.6	32.7	38.5
2008-08-12	900614.0	155714.0	230265.0	616353.0	573066.0	117971.0	86707.0	24.0	31.0	32.9	42.8
2008-08-19	930109.0	176384.0	199037.0	610136.0	608268.0	121415.0	100630.0	23.2	26.7	31.9	37.7
2008-08-26	964583.0	186965.0	190266.0	623128.0	625956.0	132134.0	126005.0	21.0	22.0	29.6	33.7
2008-09-02	950574.0	190239.0	173860.0	617737.0	646993.0	123689.0	110812.0	20.3	23.6	29.1	34.2
2008-09-09	835361.0	172749.0	164151.0	530595.0	569732.0	125365.0	94826.0	20.8	25.8	30.8	37.1
2008-09-16	792636.0	140595.0	164951.0	520477.0	501952.0	124803.0	118972.0	21.4	26.4	31.0	34.9
2008-09-23	695462.0	126408.0	120862.0	445763.0	471904.0	116036.0	95441.0	17.5	27.7	27.4	36.1
2008-09-30	711182.0	131550.0	156991.0	464492.0	466873.0	108592.0	80770.0	15.3	29.4	25.8	37.6
2008-10-07	749812.0	147867.0	144248.0	484172.0	506699.0	113368.0	94460.0	14.1	23.8	21.8	31.7
2008-10-14	742479.0	155231.0	130536.0	463383.0	501082.0	118602.0	105598.0	14.7	22.5	25.0	31.4
2008-10-21	724682.0	163925.0	139286.0	448326.0	483310.0	106498.0	96153.0	15.4	20.8	25.6	32.9
2008-10-28	732540.0	162238.0	147785.0	444040.0	469512.0	121470.0	110451.0	16.3	24.0	26.4	35.0
2008-11-04	706797.0	139877.0	136087.0	448087.0	466742.0	113464.0	98599.0	18.9	22.0	27.9	32.7
2008-11-11	697737.0	139106.0	127586.0	451359.0	473917.0	97111.0	86073.0	18.9	22.2	27.4	32.9
2008-11-18	672319.0	124602.0	137278.0	439079.0	435785.0	100100.0	90718.0	19.8	23.9	28.2	33.4
2008-11-25	561912.0	94600.0	104500.0	358231.0	346852.0	101334.0	102813.0	17.3	14.8	24.6	20.7
2008-12-02	496148.0	69881.0	86837.0	331919.0	310104.0	88838.0	93697.0	18.1	15.7	25.5	22.8
2008-12-09	474926.0	60192.0	53237.0	331153.0	337186.0	78325.0	79247.0	18.3	22.1	25.3	28.4
2008-12-16	514582.0	67532.0	78200.0	369002.0	361221.0	75302.0	72415.0	24.7	23.1	31.6	30.5
2008-12-22	520153.0	62679.0	77692.0	383025.0	363385.0	72761.0	77388.0	29.7	23.6	37.3	30.9
2008-12-30	524976.0	60518.0	82387.0	378234.0	360401.0	80727.0	76691.0	28.6	23.2	35.7	30.4
2009-01-06	505555.0	65909.0	89138.0	370623.0	346361.0	67146.0	68179.0	27.1	21.9	34.4	29.6
2009-01-13	522840.0	66377.0	82397.0	370307.0	363986.0	84127.0	74428.0	25.1	23.0	32.7	31.1
2009-01-20	506711.0	73459.0	70672.0	338742.0	359743.0	91136.0	72922.0	20.0	25.6	27.0	33.9
2009-01-27	489159.0	73275.0	65240.0	327926.0	349289.0	84470.0	71142.0	18.3	26.6	25.5	35.2
2009-02-03	476250.0	67561.0	58577.0	319253.0	340253.0	86353.0	74337.0	16.5	24.4	23.9	33.6
2009-02-10	494841.0	65773.0	62024.0	335768.0	355898.0	90204.0	73823.0	16.6	26.1	24.2	34.6
2009-02-17	510682.0	79083.0	60627.0	336787.0	368294.0	91729.0	78678.0	14.5	28.6	22.8	37.1
2009-02-24	483487.0	81030.0	62653.0	326566.0	357046.0	55788.0	43685.0	13.9	26.9	22.7	35.7
2009-03-03	484160.0	83724.0	65242.0	297407.0	334729.0	93396.0	74556.0	14.2	28.8	23.2	38.4
2009-03-10	451240.0	80718.0	55336.0	288944.0	331149.0	78017.0	61194.0	14.2	30.1	23.3	39.2
2009-03-17	468718.0	86528.0	47066.0	297196.0	343557.0	82211.0	75312.0	15.0	28.6	24.2	37.1
2009-03-24	491366.0	101264.0	54867.0	302714.0	354266.0	83899.0	78744.0	15.3	27.9	25.9	37.1
2009-03-31	503851.0	107449.0	56092.0	294890.0	367300.0	97603.0	76550.0	12.9	27.7	23.2	37.0
2009-04-07	496836.0	107865.0	57964.0	295647.0	363334.0	89147.0	71361.0	14.2	28.9	25.4	38.1
2009-04-14	496294.0	90533.0	57069.0	307607.0	361049.0	94527.0	74549.0	14.3	28.3	25.6	38.4
2009-04-21	483906.0	75787.0	53570.0	314791.0	340703.0	88410.0	84715.0	13.1	23.0	22.2	31.8
2009-04-28	471135.0	62291.0	54297.0	304655.0	324736.0	98552.0	86465.0	13.7	24.1	23.8	33.3
2009-05-05	473002.0	78574.0	48690.0	291395.0	327637.0	100275.0	93917.0	14.4	21.6	23.2	30.9
2009-05-12	501897.0	97297.0	57679.0	302642.0	351377.0	98789.0	89672.0	16.1	20.5	24.8	31.1
2009-05-19	546236.0	124008.0	44124.0	299726.0	384456.0	104770.0	99924.0	15.6	20.5	25.7	31.3
2009-05-26	568515.0	124181.0	47908.0	305914.0	382438.0	112153.0	111902.0	17.0	24.7	28.2	34.6
2009-06-02	503527.0	124261.0	53106.0	260447.0	344291.0	105536.0	92847.0	19.6	21.7	30.3	33.0
2009-06-09	547294.0	128358.0	45475.0	327681.0	395499.0	86562.0	101627.0	22.8	23.0	33.4	36.1
2009-06-16	535074.0	118825.0	63371.0	326304.0	360788.0	81240.0	102210.0	23.1	21.4	33.1	33.0
2009-06-23	552828.0	133413.0	56453.0	329943.0	391078.0	85891.0	101716.0	23.0	23.3	33.5	35.7
2009-06-30	549393.0	134483.0	55678.0	322952.0	389469.0	85129.0	97417.0	23.3	21.3	33.7	33.4
2009-07-07	585200.0	153648.0	47713.0	319050.0	428721.0	105737.0	102001.0	22.1	26.3	32.3	37.5
2009-07-14	626652.0	169320.0	48590.0	342844.0	477368.0	106293.0	92499.0	22.3	29.8	31.9	40.6
2009-07-21	664388.0	211355.0	61958.0	344755.0	492594.0	101865.0	103423.0	23.4	27.6	33.3	38.4
2009-07-28	664844.0	214132.0	56980.0	342950.0	498067.0	101625.0	103660.0	23.8	27.4	34.3	38.5
2009-08-04	657248.0	196191.0	61367.0	358817.0	485223.0	92433.0	100851.0	25.6	25.1	35.1	36.2
2009-08-11	730016.0	204118.0	62449.0	433625.0	543036.0	78294.0	110552.0	27.9	27.6	36.5	38.0
2009-08-18	780881.0	229284.0	71243.0	448645.0	585788.0	81194.0	102092.0	26.7	28.0	35.0	37.4
2009-08-25	795124.0	254566.0	82626.0	434961.0	600734.0	90530.0	96697.0	23.7	25.3	32.9	34.8
2009-09-01	741640.0	263389.0	86684.0	372079.0	526986.0	97651.0	119449.0	25.5	24.8	34.3	32.8
2009-09-08	778059.0	320391.0	103455.0	355094.0	551495.0	93064.0	113599.0	24.6	23.7	34.4	31.1
2009-09-15	769320.0	295999.0	93510.0	368944.0	545955.0	91971.0	117449.0	24.5	23.9	34.0	30.9
2009-09-22	771785.0	319932.0	112748.0	348732.0	529980.0	91073.0	117009.0	24.7	23.9	33.7	30.9
2009-09-29	803459.0	307229.0	137731.0	388811.0	535821.0	94487.0	116975.0	28.5	22.8	38.3	29.8
2009-10-06	876398.0	300980.0	142968.0	464134.0	589182.0	102491.0	135455.0	30.8	21.1	42.7	27.9
2009-10-13	902617.0	306667.0	163213.0	497337.0	604951.0	85105.0	120945.0	32.3	20.9	45.0	27.5
2009-10-20	998741.0	336157.0	156275.0	558983.0	707033.0	89112.0	120944.0	36.3	23.3	47.4	29.7
2009-10-27	993816.0	324765.0	159772.0	561019.0	687762.0	88896.0	127146.0	37.4	22.7	48.3	29.6
2009-11-03	1000307.0	318835.0	166700.0	551793.0	669561.0	107103.0	141470.0	34.8	20.7	45.5	27.2
2009-11-09	1057377.0	383413.0	161597.0	570330.0	756560.0	88747.0	124333.0	35.6	27.1	46.1	33.2
2009-11-17	1095883.0	392533.0	175957.0	586685.0	767061.0	103621.0	139821.0	35.4	23.6	45.9	29.5
2009-11-24	1085681.0	389638.0	175006.0	572827.0	734445.0	101021.0	154035.0	34.8	19.9	45.1	25.2
2009-12-01	989075.0	363565.0	149685.0	502997.0	679774.0	86487.0	123590.0	37.0	20.1	48.2	25.8
2009-12-08	939952.0	371694.0	166803.0	470083.0	638332.0	82836.0	119478.0	38.8	21.0	49.9	26.9
2009-12-15	908514.0	333757.0	154989.0	472487.0	617783.0	89142.0	122614.0	38.9	21.6	48.6	27.7
2009-12-22	886037.0	334292.0	138885.0	460380.0	614998.0	82143.0	122932.0	40.2	22.3	49.6	28.6
2009-12-29	853762.0	288266.0	134545.0	468526.0	590012.0	79798.0	112033.0	39.0	22.4	46.9	28.9
2010-01-05	833027.0	238142.0	146596.0	475619.0	538157.0	90302.0	119310.0	38.3	18.7	45.5	25.1
2010-01-12	880999.0	281919.0	141606.0	486603.0	583948.0	88300.0	131268.0	37.5	19.0	45.1	25.2
2010-01-19	905230.0	277002.0	140750.0	503685.0	601585.0	89550.0	127902.0	33.4	18.7	41.6	24.8
2010-01-26	908516.0	281038.0	136743.0	497857.0	608604.0	89578.0	123126.0	33.0	17.2	40.2	22.8
2010-02-02	974817.0	319078.0	150171.0	522110.0	669616.0	93981.0	115382.0	32.3	19.0	39.0	24.4
2010-02-09	995263.0	331530.0	127545.0	527934.0	705050.0	92606.0	119475.0	32.1	19.2	40.2	24.7
2010-02-16	1010873.0	321275.0	136650.0	543694.0	700200.0	97561.0	125680.0	30.5	17.6	38.3	22.9
2010-02-23	984639.0	269250.0	134177.0	579266.0	687854.0	114303.0	140788.0	29.8	17.3	37.2	22.8
2010-03-02	918987.0	267206.0	126813.0	527435.0	636227.0	94022.0	125623.0	29.3	17.7	37.8	24.1
2010-03-09	875781.0	253741.0	132538.0	503771.0	595942.0	94050.0	123082.0	31.9	16.6	40.8	23.4
2010-03-16	885033.0	239258.0	155880.0	526738.0	580106.0	93536.0	123546.0	36.3	20.1	45.8	26.3
2010-03-23	889888.0	205341.0	150666.0	553257.0	580658.0	97550.0	124824.0	36.5	18.4	45.0	24.8
2010-03-30	906656.0	246403.0	165811.0	555353.0	584733.0	91538.0	142750.0	39.8	18.3	48.6	25.3
2010-04-06	975192.0	272352.0	189057.0	586501.0	633838.0	94276.0	130234.0	38.5	18.7	46.4	25.8
2010-04-13	987944.0	279018.0	209753.0	597868.0	637144.0	93111.0	123100.0	38.9	17.1	47.9	24.7
2010-04-20	1042774.0	333972.0	219563.0	593089.0	669863.0	97005.0	134640.0	38.4	17.0	48.8	24.4
2010-04-27	1022883.0	285043.0	208566.0	610654.0	651142.0	107812.0	143801.0	38.5	16.5	48.4	24.4
2010-05-04	1098115.0	292504.0	244840.0	665359.0	653227.0	102867.0	162663.0	41.8	16.6	50.0	23.0
2010-05-11	1014918.0	281093.0	210127.0	591042.0	629395.0	106193.0	138806.0	44.6	17.2	53.5	24.1
2010-05-18	1026850.0	263494.0	183712.0	599833.0	655119.0	104612.0	129108.0	43.2	16.7	51.3	24.0
2010-05-25	985918.0	234466.0	186472.0	576660.0	607356.0	110390.0	127688.0	45.5	15.3	52.6	22.5
2010-06-01	928154.0	241751.0	186354.0	552627.0	590183.0	111973.0	129814.0	45.7	14.9	53.6	22.2
2010-06-08	887452.0	217562.0	178681.0	540396.0	556047.0	99688.0	122918.0	44.0	12.9	53.3	20.2
2010-06-15	884456.0	213227.0	172308.0	539860.0	557873.0	101592.0	124498.0	44.1	12.1	53.3	19.8
2010-06-22	908750.0	238136.0	187638.0	548462.0	575688.0	99009.0	122281.0	42.9	13.6	52.0	21.4
2010-06-29	900951.0	227191.0	205923.0	555132.0	544609.0	94031.0	125822.0	42.7	12.0	51.3	19.4
2010-07-06	870380.0	171413.0	205679.0	574856.0	521003.0	100584.0	120171.0	38.4	11.6	47.2	19.5
2010-07-13	837816.0	166801.0	206154.0	558162.0	497651.0	101198.0	122356.0	40.1	13.0	49.3	21.2
2010-07-20	861922.0	175625.0	203783.0	575995.0	527091.0	100599.0	121345.0	38.7	13.4	48.4	21.2
2010-07-27	801340.0	167993.0	192293.0	515392.0	481164.0	102940.0	112868.0	30.7	10.4	40.7	17.2
2010-08-03	800398.0	183800.0	193886.0	510345.0	501060.0	83821.0	83020.0	24.1	10.5	37.5	19.0
2010-08-10	829947.0	198885.0	183591.0	501770.0	515806.0	114390.0	115648.0	21.0	10.8	32.9	18.5
2010-08-17	822184.0	197600.0	189921.0	497434.0	505026.0	110847.0	110934.0	21.3	13.9	32.2	22.0
2010-08-24	832020.0	197231.0	189616.0	486791.0	495210.0	125587.0	124783.0	17.4	13.6	28.0	20.8
2010-08-31	720003.0	147302.0	157161.0	446214.0	439399.0	118490.0	115446.0	17.3	17.0	27.2	24.5
2010-09-07	673971.0	127686.0	154755.0	427396.0	410825.0	114416.0	103918.0	18.3	18.5	27.6	26.8
2010-09-14	705082.0	124737.0	181091.0	469028.0	404579.0	107944.0	116039.0	18.7	17.7	30.0	26.3
2010-09-21	721699.0	167742.0	163809.0	438232.0	435238.0	110071.0	116998.0	20.1	17.8	30.5	25.5
2010-09-28	723573.0	177224.0	147410.0	425507.0	456011.0	114470.0	113780.0	17.6	17.6	27.8	25.3
2010-10-05	733189.0	204531.0	129414.0	412987.0	484797.0	108949.0	112256.0	17.1	16.6	26.4	25.7
2010-10-12	740994.0	191147.0	129094.0	428295.0	483829.0	113781.0	120300.0	15.9	17.9	25.5	26.9
2010-10-19	735205.0	208383.0	127788.0	411341.0	488200.0	108504.0	112240.0	16.0	18.2	25.2	26.2
2010-10-26	725063.0	180571.0	130244.0	419259.0	472516.0	114112.0	111182.0	16.7	20.7	26.1	28.8
2010-11-02	718350.0	179455.0	138593.0	412429.0	466762.0	115627.0	102156.0	16.4	20.2	25.4	27.1
2010-11-09	731140.0	151266.0	162391.0	453428.0	448092.0	113301.0	107512.0	22.8	17.3	33.6	25.6
2010-11-16	689507.0	105182.0	140324.0	459753.0	425432.0	107832.0	107011.0	24.6	17.3	33.6	26.2
2010-11-23	742159.0	88321.0	139637.0	518051.0	463702.0	108671.0	111704.0	21.0	15.6	29.6	23.3
2010-11-30	678768.0	102520.0	133614.0	465404.0	430458.0	101542.0	105394.0	22.7	19.5	33.2	26.9
2010-12-07	664692.0	91590.0	121089.0	465774.0	437566.0	102639.0	101348.0	24.3	20.9	32.5	28.7
2010-12-14	655916.0	71836.0	126602.0	498040.0	415210.0	79257.0	107321.0	27.5	20.8	36.8	29.5
2010-12-21	683291.0	74143.0	140064.0	528423.0	423521.0	75240.0	114221.0	24.8	20.2	37.2	29.1
2010-12-28	646445.0	66147.0	109945.0	496277.0	405958.0	81191.0	127712.0	28.1	19.4	40.0	28.5
2011-01-04	645108.0	76669.0	119970.0	483550.0	401223.0	82479.0	121505.0	28.8	18.9	40.7	28.1
2011-01-11	686782.0	104685.0	134930.0	482710.0	419986.0	93568.0	126047.0	26.8	15.1	38.3	24.6
2011-01-18	720652.0	140021.0	129154.0	473746.0	457297.0	102118.0	129434.0	25.8	13.2	35.9	21.9
2011-01-25	743230.0	141718.0	120940.0	488948.0	484812.0	102937.0	127851.0	26.2	13.9	36.1	22.3
2011-02-01	796113.0	201168.0	136375.0	481564.0	519333.0	102842.0	129866.0	26.1	12.6	35.0	21.0
2011-02-08	865626.0	150446.0	184889.0	612957.0	531049.0	92106.0	139571.0	25.3	15.6	34.2	24.2
2011-02-15	928551.0	180645.0	215731.0	640204.0	546281.0	87570.0	146407.0	32.0	15.2	42.0	23.9
2011-02-22	987414.0	198026.0	233419.0	662180.0	578460.0	102424.0	150751.0	30.3	16.8	42.4	25.3
2011-03-01	885521.0	168728.0	193804.0	607203.0	539532.0	91890.0	134485.0	24.3	18.7	36.4	27.1
2011-03-08	868953.0	201928.0	150148.0	564021.0	569673.0	93509.0	139637.0	24.3	17.0	34.7	25.8
2011-03-15	882677.0	222457.0	165108.0	545405.0	576613.0	105359.0	131500.0	23.7	15.0	34.3	23.0
2011-03-22	902429.0	259593.0	158616.0	525044.0	599717.0	107667.0	133971.0	25.6	15.4	36.1	22.6
2011-03-29	893796.0	237503.0	136359.0	548169.0	607653.0	102312.0	143972.0	25.0	16.7	33.9	23.9
2011-04-05	971656.0	184022.0	178712.0	685347.0	626832.0	95376.0	159201.0	26.5	16.4	38.3	23.6
2011-04-12	1035323.0	255109.0	180859.0	685757.0	683331.0	84849.0	161525.0	31.3	16.5	43.0	23.6
2011-04-19	1054794.0	306785.0	171309.0	636232.0	708630.0	97855.0	160933.0	29.6	17.4	40.9	25.1
2011-04-26	1057084.0	338554.0	159934.0	593210.0	726965.0	108395.0	153260.0	26.4	18.1	37.6	25.6
2011-05-03	1067052.0	373285.0	151381.0	562149.0	733403.0	113098.0	163748.0	23.8	16.5	33.3	23.3
2011-05-10	1046874.0	368407.0	149805.0	545214.0	720970.0	114520.0	157366.0	23.8	15.9	33.1	22.6
2011-05-17	1060067.0	354569.0	145215.0	562687.0	720191.0	120441.0	172291.0	23.0	14.0	31.9	20.5
2011-05-24	1103772.0	370257.0	156099.0	588569.0	759364.0	119411.0	162774.0	26.8	14.8	36.8	21.8
2011-05-31	1046815.0	361170.0	157376.0	535659.0	699065.0	120755.0	161143.0	25.3	15.2	36.6	22.2
2011-06-07	1014910.0	376016.0	181127.0	504102.0	654437.0	116487.0	161041.0	23.4	10.8	34.9	18.5
2011-06-14	1008464.0	364423.0	164964.0	504977.0	666117.0	123874.0	162193.0	23.6	11.6	34.9	20.8
2011-06-21	1049964.0	310637.0	196285.0	610791.0	687788.0	113919.0	151274.0	23.6	11.0	36.8	19.6
2011-06-28	1026198.0	251445.0	188969.0	653677.0	673905.0	106284.0	148532.0	26.0	11.3	39.9	20.9
2011-07-05	987654.0	237343.0	183621.0	632699.0	642453.0	104813.0	148781.0	25.8	11.6	39.8	19.7
2011-07-12	996320.0	232230.0	207207.0	652290.0	636409.0	99966.0	140870.0	24.1	11.6	38.7	20.4
2011-07-19	1022805.0	210640.0	203446.0	694466.0	658147.0	106245.0	149758.0	25.0	11.3	39.2	19.7
2011-07-26	1032458.0	221181.0	207814.0	696505.0	668424.0	101557.0	143005.0	27.8	11.2	39.7	19.8
2011-08-02	1040881.0	258877.0	195003.0	661757.0	700554.0	107385.0	132462.0	27.7	16.5	40.8	25.3
2011-08-09	1022415.0	246750.0	186848.0	651467.0	688212.0	110197.0	133354.0	24.8	13.6	38.7	22.2
2011-08-16	974709.0	206052.0	183830.0	644039.0	657447.0	109268.0	118082.0	25.6	16.0	39.6	23.0
2011-08-23	956796.0	209565.0	183568.0	616139.0	628916.0	112545.0	125765.0	23.5	17.2	37.8	24.0
2011-08-30	887138.0	183434.0	167416.0	537364.0	545356.0	126936.0	134962.0	20.1	15.5	30.4	22.3
2011-09-06	770286.0	150556.0	184599.0	482958.0	449687.0	119898.0	119126.0	23.4	10.5	31.2	17.9
2011-09-13	751824.0	167457.0	171663.0	456346.0	441887.0	108021.0	118274.0	23.1	10.8	31.8	18.1
2011-09-20	780592.0	235207.0	172653.0	421983.0	471163.0	103948.0	117322.0	28.4	11.6	37.7	19.5
2011-09-27	759332.0	217767.0	179041.0	412727.0	442098.0	109426.0	118781.0	27.5	11.3	36.2	19.8
2011-10-04	735257.0	203527.0	178081.0	410477.0	410456.0	104473.0	129940.0	27.3	12.5	36.4	21.1
2011-10-11	698321.0	214265.0	177828.0	372493.0	391880.0	95751.0	112801.0	25.5	15.1	35.7	22.5
2011-10-18	702756.0	218117.0	169415.0	369521.0	409768.0	100181.0	108636.0	26.4	14.8	35.9	23.2
2011-10-25	723030.0	226541.0	168075.0	370869.0	426761.0	108314.0	110888.0	27.6	14.4	36.1	23.1
2011-11-01	712419.0	198786.0	139344.0	386940.0	447828.0	106529.0	105083.0	26.8	15.4	34.3	23.9
2011-11-08	769822.0	237082.0	129624.0	404456.0	511412.0	107590.0	108092.0	24.7	17.8	32.2	27.3
2011-11-15	758953.0	226329.0	138692.0	409427.0	493266.0	101771.0	105569.0	27.1	16.4	35.7	24.9
2011-11-22	755378.0	191248.0	164618.0	440474.0	461052.0	106506.0	112558.0	27.3	16.1	36.5	24.2
2011-11-29	740797.0	183825.0	145117.0	426505.0	475489.0	109777.0	99501.0	27.1	14.3	34.8	22.0
2011-12-06	669366.0	162022.0	113871.0	402092.0	448889.0	100383.0	101737.0	27.8	13.8	35.8	21.3
2011-12-13	720971.0	213555.0	119062.0	389836.0	487095.0	103016.0	100250.0	27.0	17.4	38.4	25.3
2011-12-20	717198.0	196548.0	120280.0	397874.0	487770.0	108323.0	94695.0	27.8	20.0	38.0	27.3
2011-12-27	691704.0	172800.0	127800.0	402513.0	452656.0	107190.0	102047.0	27.6	18.7	37.0	26.7
2012-01-03	697412.0	160598.0	142127.0	420341.0	448086.0	111253.0	101979.0	26.7	18.9	37.5	27.1
2012-01-10	678937.0	162169.0	138001.0	402444.0	429955.0	109189.0	105846.0	26.6	18.1	36.1	25.5
2012-01-17	787412.0	302564.0	143210.0	358915.0	536352.0	119787.0	101704.0	21.4	19.6	32.5	26.6
2012-01-24	845260.0	295674.0	137186.0	420283.0	600194.0	122337.0	100914.0	21.4	22.5	35.0	30.2
2012-01-31	934666.0	325551.0	125394.0	477158.0	703566.0	123739.0	97488.0	19.0	30.0	32.2	37.0
2012-02-07	926616.0	293345.0	120736.0	509766.0	698410.0	113553.0	97518.0	18.9	30.8	32.5	39.0
2012-02-14	892123.0	229684.0	138653.0	534752.0	637022.0	117559.0	106320.0	20.4	31.1	32.0	39.1
2012-02-21	860803.0	189195.0	162464.0	543800.0	578449.0	113919.0	106001.0	20.6	27.7	34.5	36.2
2012-02-28	928498.0	193066.0	167879.0	588531.0	622111.0	127435.0	119042.0	17.4	24.6	30.2	35.4
2012-03-06	851489.0	202543.0	138964.0	522650.0	585754.0	107995.0	108470.0	18.3	28.6	30.6	37.3
2012-03-13	827665.0	180492.0	166033.0	528526.0	528027.0	96172.0	111130.0	20.7	25.9	34.7	34.2
2012-03-20	843092.0	162179.0	195327.0	564912.0	508552.0	95774.0	118986.0	25.3	29.9	36.3	35.8
2012-03-27	816724.0	149608.0	212297.0	573439.0	479667.0	81648.0	112731.0	23.3	32.3	37.6	37.5
2012-04-03	785415.0	170780.0	197680.0	513136.0	465838.0	91122.0	111520.0	20.1	27.0	30.9	34.4
2012-04-10	790264.0	187433.0	198678.0	499331.0	477102.0	95180.0	106164.0	21.1	21.6	33.1	29.9
2012-04-17	829439.0	208666.0	181963.0	500067.0	540800.0	113509.0	99479.0	20.7	21.4	30.9	31.0
2012-04-24	917755.0	281955.0	182042.0	512098.0	622986.0	114553.0	103578.0	19.1	25.6	29.1	35.9
2012-05-01	953779.0	330094.0	189203.0	494643.0	655265.0	119361.0	99630.0	19.9	26.4	29.2	36.5
2012-05-08	997915.0	349335.0	211067.0	518805.0	681691.0	118147.0	93529.0	20.2	28.5	28.9	38.3
2012-05-15	1015401.0	351400.0	242425.0	531003.0	663322.0	120661.0	97317.0	20.2	28.1	30.4	40.7
2012-05-22	962943.0	294460.0	233805.0	534010.0	615096.0	123074.0	102643.0	17.5	29.6	26.6	41.4
2012-05-29	948559.0	273270.0	193829.0	526059.0	630899.0	130501.0	105102.0	17.8	31.4	27.1	42.4
2012-06-05	974385.0	271589.0	147326.0	539985.0	705507.0	139984.0	98725.0	15.5	32.7	23.3	40.9
2012-06-12	980758.0	242790.0	181645.0	586902.0	703203.0	133222.0	78066.0	14.5	31.5	23.8	40.1
2012-06-19	912151.0	218013.0	181519.0	542205.0	632120.0	132074.0	78653.0	14.1	32.5	23.2	41.3
2012-06-26	884142.0	217795.0	203718.0	535973.0	587680.0	114518.0	76888.0	14.3	31.0	22.4	41.1
2012-07-03	795701.0	191437.0	174694.0	468690.0	522370.0	125743.0	88806.0	15.2	36.2	22.7	43.0
2012-07-10	868165.0	259064.0	198039.0	476833.0	576325.0	125378.0	86911.0	18.9	37.5	27.2	43.8
2012-07-17	991502.0	344798.0	175928.0	495875.0	719135.0	130671.0	76281.0	15.7	35.8	24.5	42.9
2012-07-24	1017880.0	355224.0	162189.0	508705.0	759311.0	131937.0	74366.0	15.6	37.9	24.0	44.7
2012-07-31	1062819.0	388533.0	153725.0	517197.0	806163.0	136592.0	82434.0	15.6	35.2	23.8	42.4
2012-08-07	1037702.0	365317.0	154919.0	517786.0	786631.0	134082.0	75635.0	16.5	33.7	25.0	40.8
2012-08-14	1012471.0	327482.0	178366.0	534892.0	729632.0	124434.0	78810.0	17.5	33.6	26.4	41.4
2012-08-21	1004408.0	315414.0	146664.0	538948.0	745180.0	120501.0	83019.0	16.7	32.7	25.9	40.2
2012-08-28	974362.0	267557.0	142796.0	540311.0	706128.0	134869.0	93813.0	16.1	32.0	26.8	40.7
2012-09-04	1012922.0	319601.0	175491.0	535641.0	740415.0	134070.0	73406.0	16.0	30.7	26.7	40.1
2012-09-11	985900.0	312902.0	204663.0	529348.0	680672.0	121980.0	78895.0	16.4	30.2	27.6	40.4
2012-09-18	948758.0	302281.0	184727.0	496267.0	664732.0	126618.0	75707.0	19.2	28.6	30.4	39.6
2012-09-25	960648.0	315324.0	220981.0	497352.0	643473.0	135778.0	84000.0	18.2	31.2	27.0	42.3
2012-10-02	921816.0	314563.0	214198.0	455920.0	614595.0	136986.0	78676.0	16.4	33.2	25.3	44.4
2012-10-09	928235.0	302317.0	220381.0	473587.0	612957.0	138898.0	81464.0	15.9	32.6	25.5	43.8
2012-10-16	952587.0	292106.0	245936.0	510489.0	613737.0	136539.0	79461.0	16.8	32.7	24.8	43.4
2012-10-23	981147.0	251027.0	256573.0	566263.0	584924.0	150886.0	126679.0	13.0	28.5	22.8	36.3
2012-10-30	952256.0	247803.0	251048.0	576971.0	592564.0	116816.0	97978.0	15.0	30.4	25.0	41.2
2012-11-06	963711.0	255582.0	251437.0	571808.0	603195.0	120736.0	93494.0	16.8	31.2	25.9	41.7
2012-11-13	1037462.0	280009.0	275134.0	605040.0	657326.0	131027.0	83616.0	13.3	32.2	23.0	43.3
2012-11-20	1093732.0	336453.0	253943.0	582371.0	731591.0	143930.0	77220.0	12.4	34.3	21.4	45.8
2012-11-27	1089316.0	283691.0	255508.0	590341.0	675774.0	165958.0	108708.0	12.8	33.5	21.9	41.6
2012-12-04	996272.0	270580.0	256581.0	563928.0	631098.0	137573.0	84402.0	13.9	34.3	22.6	43.1
2012-12-11	984794.0	274896.0	214505.0	552214.0	661450.0	132906.0	84061.0	14.7	36.1	23.3	46.5
2012-12-18	1057716.0	365711.0	197089.0	541324.0	760734.0	129521.0	78733.0	16.5	38.4	26.4	49.5
2012-12-24	1042855.0	327703.0	171419.0	561695.0	768098.0	130883.0	80764.0	16.3	36.8	25.6	47.4
2012-12-31	1034323.0	337820.0	174275.0	547583.0	762902.0	126495.0	74721.0	16.8	36.3	25.5	48.1
2013-01-08	962831.0	280994.0	151374.0	543953.0	707030.0	115751.0	82294.0	17.7	34.4	28.1	44.9
2013-01-15	1014787.0	306532.0	182682.0	562708.0	735193.0	126238.0	77603.0	18.4	32.3	28.3	43.0
2013-01-22	992934.0	300329.0	189124.0	546735.0	708518.0	123950.0	73372.0	18.1	29.4	29.1	41.4
2013-01-29	979644.0	289139.0	192757.0	551020.0	665946.0	108736.0	90192.0	19.6	27.3	30.9	37.3
2013-02-05	1057234.0	273120.0	221907.0	615110.0	705326.0	120403.0	81400.0	23.5	26.4	35.5	35.7
2013-02-12	1033502.0	297265.0	200703.0	560872.0	704095.0	124718.0	78057.0	18.7	25.4	30.8	34.5
2013-02-19	1017032.0	264749.0	205829.0	577889.0	678979.0	124816.0	82646.0	20.0	24.3	31.7	33.9
2013-02-26	1147023.0	340013.0	200037.0	593528.0	786494.0	163335.0	110345.0	20.6	24.2	31.8	33.6
2013-03-05	1076495.0	353674.0	190295.0	547575.0	780068.0	144142.0	75028.0	21.7	26.0	32.6	35.6
2013-03-12	1023851.0	329017.0	183487.0	536158.0	729848.0	130751.0	82591.0	19.0	29.1	31.5	39.9
2013-03-19	937169.0	314855.0	177947.0	467654.0	652264.0	126708.0	79006.0	19.5	27.9	29.1	38.8
2013-03-26	942861.0	311211.0	159605.0	480782.0	686872.0	131661.0	77177.0	19.3	27.2	30.5	38.6
2013-04-02	911422.0	274580.0	152639.0	477122.0	674651.0	139118.0	63530.0	17.0	26.9	27.1	38.0
2013-04-09	916035.0	297516.0	156984.0	453387.0	651686.0	140019.0	82252.0	15.8	24.6	25.3	37.0
2013-04-16	896362.0	258284.0	185614.0	474834.0	596151.0	138472.0	89825.0	16.4	24.7	26.1	35.9
2013-04-23	907014.0	242807.0	187227.0	496408.0	605413.0	139396.0	85971.0	13.3	24.3	22.5	36.1
2013-04-30	952444.0	269534.0	222903.0	520064.0	613948.0	132468.0	85215.0	16.7	23.0	24.9	34.6
2013-05-07	947214.0	262248.0	218822.0	516900.0	602454.0	135827.0	93699.0	17.8	20.6	25.8	32.1
2013-05-14	927590.0	244058.0	208874.0	518652.0	601444.0	131717.0	84109.0	18.1	21.8	25.6	34.0
2013-05-21	905133.0	221970.0	204390.0	515538.0	569179.0	126516.0	90455.0	19.5	22.3	27.8	33.0
2013-05-28	1085288.0	195768.0	212905.0	674980.0	716714.0	158181.0	99310.0	15.7	16.9	21.4	26.0
2013-06-04	869462.0	157383.0	190991.0	599466.0	574892.0	103027.0	93993.0	19.0	19.1	28.7	29.0
2013-06-11	818887.0	174024.0	176157.0	537848.0	533031.0	98867.0	101551.0	19.1	23.1	28.8	33.1
2013-06-18	799151.0	203250.0	177761.0	496052.0	521922.0	94366.0	93985.0	23.8	23.6	32.8	34.2
2013-06-25	790523.0	199939.0	209751.0	495231.0	469211.0	87359.0	103567.0	24.2	23.3	34.9	31.3
2013-07-02	769295.0	207592.0	193284.0	494874.0	484661.0	61039.0	85560.0	26.1	23.5	37.2	33.9
2013-07-09	767550.0	172680.0	160963.0	499710.0	487557.0	89449.0	113319.0	26.0	25.1	38.0	34.4
2013-07-16	783842.0	174935.0	166720.0	515366.0	501975.0	89148.0	110754.0	25.1	26.0	37.4	34.4
2013-07-23	810349.0	204199.0	172204.0	499697.0	531437.0	103597.0	103852.0	24.4	27.5	37.1	36.2
2013-07-30	824928.0	202785.0	156877.0	519666.0	579600.0	99362.0	85336.0	20.7	30.3	33.3	38.7
2013-08-06	846112.0	207108.0	151118.0	533931.0	594721.0	101391.0	96591.0	20.9	30.8	33.2	39.2
2013-08-13	865723.0	208770.0	158252.0	549224.0	600037.0	102558.0	102263.0	21.5	30.7	32.8	38.2
2013-08-20	880986.0	223572.0	173200.0	545230.0	592629.0	101033.0	104006.0	19.7	29.7	30.3	37.2
2013-08-27	891667.0	178253.0	150538.0	568514.0	579371.0	105854.0	122712.0	18.7	27.2	29.2	33.3
2013-09-03	817707.0	160231.0	153911.0	538596.0	517388.0	90394.0	117922.0	20.2	27.5	29.4	33.7
2013-09-10	861967.0	139014.0	167687.0	612732.0	549638.0	92034.0	126455.0	20.3	27.3	31.8	34.8
2013-09-17	865602.0	131785.0	178005.0	636147.0	554686.0	86019.0	121260.0	21.1	28.6	34.2	36.2
2013-09-24	867434.0	149770.0	168948.0	613616.0	573612.0	93986.0	114812.0	24.7	27.9	34.7	36.1
2013-10-01	916057.0	180779.0	186449.0	622281.0	609661.0	105196.0	112146.0	26.8	26.5	35.2	35.8
2013-10-08	935959.0	183019.0	206760.0	641509.0	619024.0	105074.0	103818.0	26.8	25.7	36.2	33.6
2013-10-15	926439.0	170351.0	202626.0	652940.0	614770.0	97681.0	103576.0	29.2	25.9	38.1	33.8
2013-10-22	928366.0	177857.0	190923.0	634773.0	626691.0	108246.0	103262.0	27.6	27.3	36.5	35.5
2013-10-29	945836.0	179573.0	192393.0	652545.0	643643.0	106128.0	102210.0	27.5	26.3	36.8	34.7
2013-11-05	961104.0	227287.0	216596.0	622193.0	631279.0	105380.0	106985.0	22.9	25.0	33.4	34.1
2013-11-12	959408.0	228571.0	199921.0	611576.0	648043.0	109699.0	101882.0	23.0	25.9	34.9	36.2
2013-11-19	997416.0	234093.0	200082.0	627087.0	668950.0	112547.0	104695.0	21.2	24.1	33.5	34.5
2013-11-26	1013980.0	232054.0	178964.0	624058.0	692354.0	126126.0	110920.0	19.3	21.1	28.4	30.9
2013-12-03	1001894.0	246265.0	184121.0	627756.0	704664.0	112870.0	98106.0	17.0	21.4	27.0	31.3
2013-12-10	910418.0	236618.0	165285.0	556139.0	636341.0	109467.0	100598.0	16.4	20.6	25.2	31.3
2013-12-17	836620.0	205044.0	172903.0	516021.0	552583.0	106224.0	101803.0	16.4	18.2	25.7	29.0
2013-12-24	803307.0	202903.0	168344.0	492983.0	524007.0	98751.0	102286.0	15.7	22.9	25.7	34.1
2014-01-07	780431.0	147206.0	155230.0	526234.0	513996.0	98005.0	102219.0	15.4	27.6	25.1	38.7
2014-01-14	814206.0	147456.0	178682.0	563576.0	522165.0	94894.0	105079.0	15.6	24.6	24.4	33.4
2014-01-21	913256.0	159515.0	164485.0	636805.0	622394.0	104685.0	114126.0	17.8	25.3	27.3	35.6
2014-01-28	939319.0	168083.0	172262.0	647741.0	637472.0	109888.0	115978.0	20.0	25.3	29.0	35.3
2014-02-04	909895.0	179596.0	156030.0	596384.0	633579.0	119299.0	105670.0	14.9	22.7	21.9	34.1
2014-02-11	895617.0	177497.0	154213.0	590344.0	624637.0	110689.0	99680.0	13.9	20.3	21.1	29.7
2014-02-18	914268.0	174779.0	175439.0	606890.0	610615.0	112761.0	108376.0	15.9	21.4	23.7	30.4
2014-02-25	1019477.0	194414.0	184424.0	667033.0	679033.0	120839.0	118829.0	12.7	20.5	20.2	28.6
2014-03-04	903554.0	197047.0	171897.0	567491.0	600598.0	113597.0	105640.0	11.2	23.4	18.7	32.4
2014-03-11	924744.0	179549.0	167073.0	614816.0	621411.0	106654.0	112535.0	14.2	25.1	22.4	34.0
2014-03-18	911996.0	176433.0	173296.0	613551.0	609743.0	104084.0	111029.0	17.3	23.0	25.1	32.0
2014-03-25	992558.0	178226.0	183820.0	704965.0	671964.0	92974.0	120381.0	24.9	20.8	33.2	30.1
2014-04-01	1024119.0	170913.0	219417.0	740080.0	657234.0	97507.0	131849.0	28.7	18.7	36.1	28.5
2014-04-08	1057788.0	151313.0	239406.0	791738.0	680380.0	97989.0	121254.0	33.0	19.3	39.7	28.4
2014-04-15	1084492.0	182158.0	234741.0	779910.0	714296.0	106835.0	119866.0	30.2	19.4	36.5	27.9
2014-04-22	1079143.0	187788.0	227479.0	770805.0	713845.0	103187.0	120456.0	29.6	17.9	37.0	26.3
2014-04-29	1113788.0	193466.0	220619.0	794020.0	751996.0	109148.0	124019.0	28.1	18.3	37.0	27.0
2014-05-06	1122220.0	200364.0	214713.0	791574.0	751429.0	111051.0	136847.0	25.8	17.3	36.8	26.5
2014-05-13	1133955.0	225137.0	202397.0	777294.0	776847.0	109799.0	132986.0	26.5	17.6	35.4	26.7
2014-05-20	1191576.0	249528.0	212366.0	787310.0	800982.0	124077.0	147567.0	22.6	17.8	31.2	27.4
2014-05-27	1202909.0	254691.0	200955.0	775438.0	800497.0	115297.0	143974.0	22.3	17.4	30.7	26.6
2014-06-03	1098179.0	253965.0	196135.0	716395.0	743102.0	110879.0	142002.0	21.1	19.4	30.5	29.3
2014-06-10	1046943.0	206613.0	182329.0	715553.0	706092.0	100675.0	134420.0	23.6	21.1	33.5	30.3
2014-06-17	1041295.0	203975.0	230548.0	715721.0	658073.0	106469.0	137544.0	26.7	19.5	36.9	27.9
2014-06-24	1040201.0	213156.0	232556.0	728714.0	652532.0	89088.0	145870.0	30.2	20.4	41.3	29.5
2014-07-01	1098153.0	221386.0	214424.0	767070.0	736329.0	98442.0	136145.0	29.6	20.0	39.8	29.8
2014-07-08	1099416.0	207652.0	221372.0	785953.0	720848.0	94354.0	145739.0	30.7	18.6	41.0	28.1
2014-07-15	1151056.0	233128.0	240407.0	810856.0	751005.0	92514.0	145086.0	32.0	20.8	42.6	29.9
2014-07-22	1182481.0	240367.0	259144.0	823892.0	760065.0	95195.0	140245.0	30.5	21.2	42.0	30.4
2014-07-29	1264544.0	360418.0	268631.0	790736.0	844778.0	98000.0	135745.0	29.8	21.0	42.2	29.6
2014-08-05	1329810.0	338333.0	259028.0	861546.0	897808.0	98110.0	141153.0	29.3	21.0	41.9	29.8
2014-08-12	1336947.0	335345.0	250202.0	849808.0	918446.0	111002.0	127507.0	31.6	21.5	43.0	30.5
2014-08-19	1449941.0	358650.0	258570.0	923280.0	993673.0	111918.0	141605.0	31.9	21.7	42.9	30.0
2014-08-26	1516062.0	376490.0	332147.0	961656.0	960516.0	116420.0	161903.0	32.1	21.0	42.2	30.9
2014-09-02	1377870.0	365760.0	311735.0	851821.0	871980.0	112355.0	146221.0	33.5	23.5	44.5	33.3
2014-09-09	1399671.0	335749.0	344285.0	935496.0	872696.0	102299.0	156563.0	30.9	24.9	42.6	36.4
2014-09-16	1561498.0	382296.0	479106.0	1057083.0	912679.0	103290.0	150884.0	32.6	28.1	44.0	40.9
2014-09-23	1679072.0	409143.0	569570.0	1142030.0	933115.0	104938.0	153426.0	34.0	27.3	45.5	42.4
2014-09-30	1612005.0	404392.0	542770.0	1083948.0	897845.0	103197.0	150922.0	31.1	28.5	43.4	43.1
2014-10-07	1514157.0	357946.0	436784.0	1012946.0	871841.0	115487.0	177754.0	27.3	26.1	39.3	41.4
2014-10-14	1432246.0	365249.0	353862.0	939928.0	908007.0	111368.0	154676.0	27.7	29.0	39.2	41.8
2014-10-21	1402485.0	343638.0	357712.0	932952.0	895470.0	110216.0	133624.0	26.8	25.4	38.1	38.5
2014-10-28	1384211.0	349211.0	328604.0	911233.0	906946.0	109606.0	134500.0	27.4	27.2	36.9	40.1
2014-11-04	1324430.0	315488.0	311980.0	886200.0	854285.0	103759.0	139182.0	28.8	28.0	37.4	41.0
2014-11-11	1397740.0	311284.0	344576.0	938748.0	873123.0	120824.0	153157.0	28.8	26.2	38.7	38.9
2014-11-18	1496963.0	329410.0	352594.0	1021003.0	958836.0	104196.0	143179.0	29.0	27.4	39.5	39.3
2014-11-25	1450584.0	318171.0	342438.0	994988.0	922522.0	97085.0	145284.0	30.7	26.1	41.4	38.1
2014-12-02	1378098.0	292802.0	340840.0	945795.0	857330.0	111372.0	151799.0	30.7	27.8	43.1	38.4
2014-12-09	1322937.0	265623.0	338420.0	934968.0	811305.0	99512.0	150378.0	30.3	29.0	42.2	37.9
2014-12-16	1270979.0	248970.0	314211.0	906312.0	786580.0	97094.0	151585.0	30.2	30.3	41.7	39.2
2014-12-23	1236594.0	259740.0	306627.0	867851.0	763059.0	91017.0	148922.0	28.4	31.2	40.1	40.1
2014-12-30	1243240.0	262168.0	306051.0	875439.0	770863.0	89903.0	150596.0	27.8	31.0	39.9	40.2
2015-01-06	1246072.0	260259.0	315664.0	873835.0	760755.0	94080.0	151755.0	27.4	31.0	40.2	40.1
2015-01-13	1248137.0	266284.0	306080.0	859258.0	766672.0	100298.0	153088.0	26.5	31.2	40.1	40.3
2015-01-20	1257868.0	296851.0	303865.0	840494.0	784864.0	97485.0	146101.0	25.0	31.0	37.6	39.5
2015-01-27	1305032.0	333732.0	293312.0	840185.0	843683.0	105933.0	142855.0	22.1	30.0	35.2	38.6
2015-02-03	1349569.0	301116.0	303724.0	909738.0	863282.0	105190.0	149038.0	20.9	29.0	33.6	37.1
2015-02-10	1437444.0	283113.0	309953.0	991280.0	910931.0	105014.0	158523.0	25.9	27.2	36.8	34.9
2015-02-17	1588668.0	338527.0	345173.0	1084432.0	1022457.0	98160.0	153489.0	25.3	25.0	37.0	32.7
2015-02-24	1541644.0	317972.0	341804.0	1071232.0	999521.0	120272.0	168151.0	24.7	23.7	36.0	31.5
2015-03-03	1346664.0	314784.0	347191.0	902498.0	825134.0	104294.0	149251.0	25.4	26.5	39.9	34.6
2015-03-10	1333673.0	334203.0	337966.0	869322.0	823823.0	108002.0	149738.0	30.4	25.6	44.4	34.2
2015-03-17	1323440.0	357684.0	338161.0	849693.0	834740.0	96493.0	130969.0	30.2	26.2	42.3	34.9
2015-03-24	1370178.0	403026.0	312507.0	841489.0	894809.0	107547.0	144746.0	30.7	30.1	41.6	38.1
2015-03-31	1353836.0	412984.0	274016.0	801209.0	902290.0	118782.0	156669.0	27.1	30.3	38.0	38.4
2015-04-07	1333541.0	404393.0	279017.0	789879.0	885815.0	118585.0	148025.0	27.0	30.9	38.6	39.0
2015-04-14	1378217.0	451455.0	293309.0	780772.0	914491.0	126393.0	150820.0	24.9	29.9	36.7	37.8
2015-04-21	1399619.0	462376.0	283545.0	794650.0	938212.0	122938.0	158207.0	24.6	29.3	36.9	37.1
2015-04-28	1424553.0	457653.0	284158.0	821320.0	957755.0	126027.0	163087.0	23.0	29.1	36.0	36.9
2015-05-05	1409790.0	449167.0	279869.0	826884.0	956150.0	116886.0	156918.0	25.0	29.3	37.4	37.1
2015-05-12	1347942.0	392533.0	277840.0	803932.0	881654.0	112056.0	149027.0	26.5	23.1	37.2	31.1
2015-05-19	1361772.0	384837.0	284301.0	796290.0	863544.0	120012.0	153294.0	23.9	19.5	34.4	28.1
2015-05-26	1434553.0	424600.0	261692.0	822156.0	933952.0	130388.0	181500.0	21.6	18.1	32.6	26.2
2015-06-02	1175522.0	417133.0	258585.0	621156.0	748317.0	117272.0	148659.0	20.9	22.0	33.7	31.0
2015-06-09	1152271.0	353325.0	284539.0	663703.0	700636.0	111435.0	143288.0	21.6	21.6	33.5	30.1
2015-06-16	1206050.0	397642.0	266918.0	676393.0	765556.0	106267.0	147828.0	23.2	20.6	33.5	29.5
2015-06-23	1203020.0	395994.0	283906.0	660041.0	748526.0	117409.0	141012.0	20.9	20.8	32.5	29.6
2015-06-30	1190195.0	428853.0	285020.0	619506.0	736695.0	114033.0	140677.0	21.1	21.1	34.3	29.2
2015-07-07	1224094.0	449144.0	277773.0	630749.0	775596.0	117783.0	144307.0	20.8	22.4	33.9	31.5
2015-07-14	1281826.0	432624.0	318180.0	699191.0	786694.0	123663.0	150604.0	18.9	21.7	32.8	29.5
2015-07-21	1298790.0	439923.0	323600.0	721365.0	802838.0	111055.0	145905.0	21.1	21.2	34.7	28.9
2015-07-28	1309009.0	439378.0	319735.0	727999.0	814651.0	113657.0	146648.0	20.2	21.0	33.0	29.2
2015-08-04	1348611.0	422744.0	324483.0	783042.0	849117.0	114051.0	146237.0	22.1	20.4	34.5	28.7
2015-08-11	1392222.0	475108.0	312234.0	777282.0	902525.0	112484.0	150115.0	22.6	18.4	34.0	26.5
2015-08-18	1381230.0	428393.0	319549.0	819171.0	889831.0	108869.0	147053.0	21.5	18.7	33.4	27.1
2015-08-25	1363711.0	400477.0	258159.0	796154.0	906267.0	134198.0	166403.0	20.5	18.5	31.6	26.7
2015-09-01	1219722.0	352681.0	242273.0	719191.0	813902.0	127207.0	142904.0	19.3	20.4	32.0	28.9
2015-09-08	1148962.0	319547.0	261490.0	681869.0	721763.0	120174.0	138337.0	20.3	18.9	34.0	26.8
2015-09-15	1148345.0	306595.0	280916.0	693718.0	712391.0	123272.0	130278.0	20.8	18.8	33.4	27.0
2015-09-22	1109767.0	297774.0	268449.0	673671.0	697170.0	112211.0	118037.0	20.9	19.8	32.1	27.3
2015-09-29	1129092.0	297556.0	269686.0	684220.0	696171.0	121082.0	137001.0	21.7	16.6	32.0	24.2
2015-10-06	1080510.0	273308.0	267735.0	668210.0	658497.0	119836.0	135122.0	23.4	17.4	34.2	25.4
2015-10-13	1107222.0	281951.0	284733.0	684770.0	671464.0	124084.0	134608.0	21.7	17.6	33.2	25.6
2015-10-20	1098788.0	275497.0	282945.0	679832.0	663080.0	125092.0	134396.0	22.4	17.4	32.8	26.6
2015-10-27	1170353.0	313618.0	295443.0	707849.0	717111.0	126487.0	135400.0	23.6	17.3	33.9	25.3
2015-11-03	1119439.0	256341.0	286899.0	715463.0	666940.0	125219.0	143184.0	23.1	16.7	31.8	23.8
2015-11-10	1117238.0	227732.0	253378.0	752199.0	692576.0	117152.0	151129.0	22.3	16.2	31.1	23.6
2015-11-17	1076953.0	185241.0	239006.0	747699.0	659905.0	119819.0	153848.0	22.9	16.3	30.9	23.5
2015-11-24	1054858.0	176935.0	245211.0	702168.0	597773.0	135071.0	171190.0	21.3	15.4	29.5	22.6
2015-12-01	983589.0	173796.0	244398.0	667231.0	564567.0	118292.0	150354.0	20.4	16.7	28.6	25.0
2015-12-08	970634.0	145669.0	260271.0	696931.0	539827.0	102657.0	145159.0	20.8	17.3	29.8	25.3
2015-12-15	999413.0	168614.0	268280.0	708135.0	572126.0	102625.0	138968.0	22.3	16.6	31.3	24.7
2015-12-22	988551.0	168133.0	286394.0	695069.0	543603.0	103465.0	136670.0	21.5	16.3	33.1	24.2
2015-12-29	1017227.0	190824.0	295720.0	707107.0	557422.0	98741.0	143530.0	21.2	15.7	33.9	23.7
2016-01-05	1031431.0	203699.0	309760.0	703569.0	559921.0	105138.0	142725.0	19.7	15.6	31.9	23.9
2016-01-12	1035069.0	151770.0	277942.0	754442.0	592940.0	105441.0	140771.0	22.0	17.2	35.8	25.3
2016-01-19	1035664.0	132824.0	273981.0	773868.0	595108.0	105319.0	142922.0	22.4	16.1	35.0	24.3
2016-01-26	1074285.0	127495.0	247252.0	802727.0	642293.0	111916.0	152593.0	25.3	16.7	36.2	25.9
2016-02-02	1130156.0	159686.0	222684.0	816485.0	722044.0	117054.0	148497.0	25.1	17.0	34.1	26.7
2016-02-09	1203130.0	173298.0	251744.0	860751.0	757968.0	125325.0	149662.0	23.6	16.0	32.1	25.5
2016-02-16	1206908.0	176602.0	241801.0	860144.0	764873.0	126568.0	156640.0	22.4	15.9	30.8	25.2
2016-02-23	1149530.0	193479.0	241686.0	775961.0	715345.0	145058.0	157467.0	22.1	16.9	29.5	25.9
2016-03-01	1068941.0	190051.0	228093.0	736508.0	664937.0	115855.0	149384.0	22.6	16.1	32.0	24.7
2016-03-08	982783.0	137303.0	199593.0	705948.0	617481.0	116408.0	142585.0	23.5	16.9	34.3	26.1
2016-03-15	919026.0	120816.0	191098.0	660562.0	563860.0	114961.0	141381.0	24.4	17.2	34.2	26.9
2016-03-22	925103.0	100700.0	212590.0	692022.0	544130.0	110424.0	146426.0	24.6	15.5	35.1	25.6
2016-03-29	942425.0	93050.0	206761.0	712510.0	562301.0	110734.0	147232.0	25.1	16.8	35.7	24.9
2016-04-05	992726.0	109345.0	206830.0	734211.0	621575.0	124162.0	139313.0	25.8	18.9	36.3	28.2
2016-04-12	1006000.0	119457.0	191260.0	733218.0	638410.0	125979.0	148984.0	26.7	19.0	37.2	28.5
2016-04-19	1032914.0	122403.0	207528.0	761088.0	645284.0	123186.0	153865.0	26.9	17.9	37.5	27.0
2016-04-26	1054485.0	140848.0	236932.0	766790.0	641934.0	120875.0	149647.0	27.0	18.1	35.9	26.9
2016-05-03	1056867.0	136737.0	240134.0	769664.0	639760.0	120321.0	146828.0	27.3	18.5	36.7	26.3
2016-05-10	1115828.0	148367.0	238711.0	806970.0	691642.0	118648.0	143632.0	26.1	18.2	35.7	26.9
2016-05-17	1132109.0	139843.0	260433.0	822572.0	664989.0	118067.0	155060.0	24.2	17.9	33.7	26.4
2016-05-24	1181337.0	134661.0	282091.0	854753.0	660833.0	125187.0	171677.0	22.0	15.5	30.8	22.5
2016-05-31	1004111.0	106972.0	299769.0	733875.0	523688.0	124309.0	141699.0	23.3	20.0	31.6	27.4
2016-06-07	970520.0	97427.0	304154.0	724007.0	491058.0	118405.0	144627.0	26.1	22.0	35.0	28.7
2016-06-14	1013844.0	249425.0	271326.0	624949.0	575904.0	112247.0	139391.0	27.7	19.0	36.0	26.3
2016-06-21	1017570.0	272094.0	236239.0	596167.0	616731.0	126251.0	141542.0	26.4	20.1	35.0	28.0
2016-06-28	987060.0	242122.0	228191.0	600754.0	602067.0	117567.0	130185.0	25.0	20.4	33.8	27.6
2016-07-05	1101281.0	340652.0	240745.0	599988.0	692316.0	132843.0	140422.0	28.4	20.2	37.7	27.8
2016-07-12	1027668.0	268046.0	229768.0	606285.0	627658.0	120204.0	137109.0	22.6	21.1	31.0	27.5
2016-07-19	1034188.0	246578.0	236070.0	639832.0	634015.0	123205.0	139530.0	22.4	20.1	30.5	28.6
2016-07-26	1064585.0	257223.0	264130.0	651962.0	625931.0	124170.0	143294.0	20.5	19.3	28.3	27.6
2016-08-02	1093965.0	297291.0	249205.0	646937.0	673203.0	115926.0	137746.0	22.6	18.5	31.4	26.0
2016-08-09	1104567.0	309017.0	219064.0	629336.0	692188.0	114524.0	141625.0	21.6	16.6	31.3	23.9
2016-08-16	1113280.0	283085.0	221310.0	666593.0	697590.0	114411.0	145189.0	21.7	16.2	30.0	23.6
2016-08-23	1143449.0	293463.0	224491.0	661480.0	703340.0	123555.0	150667.0	18.9	16.4	27.5	24.3
2016-08-30	1110272.0	287116.0	221531.0	659183.0	689722.0	113672.0	148718.0	17.7	17.0	26.6	25.0
2016-09-06	1047916.0	258845.0	230004.0	636870.0	636491.0	115112.0	144332.0	19.0	17.2	27.8	25.0
2016-09-13	973142.0	236606.0	200519.0	583037.0	583040.0	115234.0	151318.0	16.8	18.4	26.3	25.6
2016-09-20	965720.0	220033.0	188513.0	585409.0	593972.0	116747.0	139704.0	17.3	19.8	26.1	26.3
2016-09-27	1018599.0	233741.0	177254.0	625220.0	653053.0	116798.0	145452.0	18.4	18.7	27.9	25.5
2016-10-04	1109419.0	225902.0	201852.0	722290.0	721937.0	121423.0	145826.0	23.4	22.7	31.8	29.6
2016-10-11	1272772.0	208565.0	228456.0	863259.0	809418.0	116450.0	150400.0	20.4	26.2	27.3	32.6
2016-10-18	1306267.0	199092.0	217959.0	904078.0	839700.0	109025.0	154536.0	21.8	25.1	29.1	33.2
2016-10-25	1247861.0	223428.0	198939.0	852396.0	823721.0	105203.0	158367.0	24.3	26.0	32.9	35.1
2016-11-01	1260953.0	219148.0	197570.0	835878.0	816363.0	115209.0	156302.0	19.8	25.7	28.6	34.8
2016-11-08	1209807.0	294459.0	207501.0	749702.0	797885.0	115108.0	153883.0	18.7	24.2	28.2	31.3
2016-11-15	1174568.0	244731.0	227578.0	762552.0	729343.0	106862.0	157224.0	17.5	22.4	27.6	29.6
2016-11-22	1192407.0	180702.0	207111.0	781071.0	710712.0	116634.0	160584.0	14.1	22.3	22.4	28.3
2016-11-29	1157658.0	184060.0	197522.0	761514.0	693313.0	102022.0	156761.0	15.3	23.7	23.9	29.5
2016-12-06	1162331.0	196880.0	210632.0	772766.0	710931.0	101163.0	149246.0	13.5	24.3	22.1	29.8
2016-12-13	1139451.0	196729.0	209079.0	767013.0	704721.0	97753.0	147695.0	15.7	24.2	25.7	31.1
2016-12-20	1121234.0	205529.0	230651.0	749390.0	659599.0	97697.0	162366.0	16.4	24.3	27.2	31.1
2016-12-27	1136039.0	198067.0	230256.0	773935.0	679811.0	97156.0	159091.0	15.8	24.2	27.2	31.5
2017-01-03	1140716.0	192341.0	241739.0	769097.0	675411.0	108400.0	152688.0	14.5	24.9	25.6	32.4
2017-01-10	1185935.0	238528.0	253031.0	781531.0	700742.0	96812.0	163098.0	14.4	21.6	26.2	30.2
2017-01-17	1173061.0	240683.0	235869.0	768733.0	717653.0	102749.0	158643.0	14.8	20.0	27.4	28.4
2017-01-24	1252240.0	257664.0	260025.0	826939.0	775135.0	106348.0	155791.0	14.5	21.5	26.2	30.7
2017-01-31	1321853.0	270907.0	239603.0	885012.0	858399.0	104489.0	162406.0	14.7	25.4	25.2	34.2
