2012-08-07	14803.0	913.0	6022.0	12784.0	7860.0	243.0	58.0	54.3	52.2	61.7	63.3
2012-08-14	19038.0	2920.0	7773.0	14066.0	9309.0	860.0	764.0	42.7	53.7	58.0	59.2
2012-08-21	20533.0	2442.0	9240.0	16232.0	9465.0	310.0	279.0	45.0	50.1	59.6	58.3
2012-08-28	25277.0	2598.0	13017.0	20840.0	10509.0	225.0	137.0	36.7	55.1	58.4	63.2
2012-09-04	25762.0	2824.0	16011.0	21202.0	8110.0	329.0	234.0	52.9	63.2	71.1	74.9
2012-09-11	29719.0	3504.0	19271.0	24766.0	9018.0	172.0	153.0	52.8	65.2	70.6	76.3
2012-09-18	37020.0	3268.0	18661.0	30851.0	15501.0	1016.0	973.0	43.1	52.8	57.1	61.1
2012-09-25	40631.0	3387.0	18833.0	34483.0	19066.0	215.0	186.0	48.1	56.1	61.0	67.0
2012-10-02	35129.0	1319.0	17743.0	31153.0	14788.0	280.0	221.0	50.2	56.9	64.2	68.2
2012-10-09	39104.0	2082.0	19557.0	34548.0	17183.0	312.0	202.0	46.7	51.1	59.7	67.1
2012-10-16	42550.0	967.0	19661.0	37087.0	19212.0	2229.0	1410.0	46.7	49.3	58.4	62.8
2012-10-23	42096.0	2098.0	17902.0	35844.0	19795.0	2141.0	2386.0	55.4	47.0	67.6	62.9
2012-10-30	41910.0	1776.0	19153.0	37267.0	19646.0	648.0	892.0	52.5	49.2	64.2	64.4
2012-11-06	37550.0	1124.0	20661.0	33355.0	13503.0	1134.0	1449.0	50.2	53.5	67.9	67.6
2012-11-13	40079.0	1591.0	22933.0	35843.0	14516.0	380.0	365.0	48.3	55.8	65.1	70.8
2012-11-20	40392.0	1163.0	9848.0	36289.0	27625.0	701.0	680.0	51.0	58.3	70.1	71.9
2012-11-27	43458.0	874.0	11787.0	39452.0	28918.0	1250.0	871.0	48.4	55.5	66.4	69.8
2012-12-04	39408.0	1039.0	11399.0	36247.0	25898.0	830.0	819.0	46.4	49.2	64.1	65.9
2012-12-11	42959.0	1075.0	12361.0	39786.0	28534.0	742.0	708.0	50.7	51.5	66.6	69.6
2012-12-18	50485.0	3275.0	15306.0	42635.0	30824.0	732.0	512.0	40.5	41.9	59.4	61.5
2012-12-24	51857.0	3520.0	11667.0	43989.0	35948.0	530.0	424.0	41.0	45.0	60.1	61.6
2012-12-31	53253.0	3545.0	11838.0	45600.0	37378.0	639.0	568.0	42.7	45.3	62.6	62.4
2013-01-08	51755.0	3649.0	12625.0	43081.0	34111.0	800.0	794.0	46.2	49.8	62.2	66.3
2013-01-15	55463.0	1723.0	13712.0	47521.0	35315.0	744.0	961.0	39.7	44.7	53.9	59.6
2013-01-22	48292.0	2626.0	14145.0	43371.0	31937.0	608.0	523.0	47.9	39.7	64.1	61.0
2013-01-29	46096.0	952.0	7848.0	41841.0	34688.0	790.0	1047.0	48.5	41.5	64.0	55.0
2013-02-05	41798.0	3537.0	6180.0	34360.0	31568.0	1550.0	1699.0	47.3	39.0	64.4	55.3
2013-02-12	48476.0	4165.0	6976.0	40839.0	38077.0	1060.0	1011.0	47.8	39.5	61.5	52.9
2013-02-19	50274.0	4119.0	7640.0	42402.0	38835.0	1083.0	1129.0	48.1	42.6	63.1	55.0
2013-02-26	52393.0	2691.0	7723.0	44451.0	39567.0	1167.0	1019.0	48.5	45.4	66.6	59.2
2013-03-05	51036.0	1538.0	9149.0	46476.0	38624.0	1377.0	1618.0	53.5	40.3	67.6	58.5
2013-03-12	52174.0	1893.0	6215.0	47176.0	42680.0	1397.0	1571.0	55.6	44.8	69.6	60.3
2013-03-19	52619.0	1297.0	6207.0	47953.0	42913.0	1772.0	1902.0	50.9	46.3	65.0	59.9
2013-03-26	53878.0	1767.0	5327.0	48782.0	45078.0	1491.0	1635.0	49.0	44.7	63.5	59.3
2013-04-02	42218.0	1702.0	4428.0	36653.0	33620.0	1726.0	2033.0	51.7	45.7	68.0	62.2
2013-04-09	51727.0	2426.0	4399.0	45127.0	42919.0	2008.0	2243.0	45.9	42.4	65.6	57.6
2013-04-16	53478.0	3056.0	4271.0	47466.0	46342.0	460.0	369.0	46.0	48.9	66.0	63.3
2013-04-23	55437.0	3133.0	5347.0	47172.0	47354.0	2769.0	373.0	39.1	48.3	58.7	61.3
2013-04-30	59034.0	2171.0	8706.0	53849.0	47185.0	29.0	158.0	49.9	45.9	64.6	59.4
2013-05-07	51220.0	1572.0	7904.0	47570.0	41266.0	42.0	14.0	60.6	39.3	74.0	57.5
2013-05-14	54185.0	1862.0	8161.0	50105.0	43759.0	95.0	142.0	48.7	45.7	64.1	58.6
2013-05-21	54819.0	1833.0	7049.0	50527.0	45199.0	75.0	187.0	46.9	43.6	64.0	56.1
2013-05-28	55502.0	1557.0	7441.0	50853.0	44975.0	55.0	49.0	43.8	38.3	61.2	53.2
2013-06-04	48606.0	1725.0	5765.0	43859.0	39833.0	40.0	26.0	46.1	43.7	64.6	57.3
2013-06-11	50517.0	1597.0	6188.0	45214.0	40572.0	136.0	187.0	49.8	41.9	63.2	56.7
2013-06-18	50915.0	1859.0	5191.0	45310.0	41930.0	196.0	244.0	52.5	44.0	64.1	54.6
2013-06-25	51110.0	1949.0	5993.0	45379.0	41144.0	14.0	205.0	57.5	43.6	67.0	54.4
2013-07-02	34058.0	2609.0	4405.0	28846.0	26990.0	7.0	67.0	43.8	34.1	59.0	49.1
2013-07-09	34143.0	2860.0	4650.0	27245.0	25403.0	1566.0	1618.0	42.3	31.0	56.3	47.2
2013-07-16	34656.0	2858.0	6332.0	28992.0	25624.0	690.0	584.0	40.9	34.2	55.4	48.6
2013-07-23	34762.0	2963.0	6074.0	29405.0	26312.0	234.0	216.0	40.9	35.3	58.7	50.4
2013-07-30	34904.0	3239.0	5950.0	29431.0	26699.0	8.0	29.0	43.4	40.5	62.6	56.3
2013-08-06	31231.0	2119.0	5847.0	26932.0	23179.0	41.0	66.0	42.6	41.9	57.5	56.0
2013-08-13	40863.0	2688.0	5868.0	35595.0	32368.0	24.0	71.0	35.1	35.3	46.6	45.4
2013-08-20	39198.0	2364.0	5422.0	34008.0	30903.0	84.0	131.0	37.7	39.7	47.3	47.6
2013-08-27	39840.0	2770.0	5175.0	34385.0	31902.0	79.0	157.0	36.9	40.3	47.0	48.2
2013-09-03	31534.0	2123.0	3554.0	27300.0	25853.0	72.0	88.0	41.7	43.7	51.8	53.6
2013-09-10	33544.0	1716.0	4507.0	29321.0	26514.0	72.0	88.0	47.6	44.3	56.4	54.1
2013-09-17	32848.0	2432.0	3531.0	27140.0	26544.0	591.0	88.0	40.7	38.8	48.0	46.9
2013-09-24	34937.0	2599.0	4146.0	29406.0	27847.0	62.0	74.0	34.5	36.8	42.9	44.8
2013-10-01	26184.0	3841.0	3022.0	19986.0	20505.0	156.0	456.0	33.0	44.2	46.0	52.8
2013-10-08	28525.0	3079.0	2641.0	23336.0	23833.0	83.0	24.0	35.6	44.1	48.4	55.7
2013-10-15	32853.0	3194.0	4054.0	27710.0	26850.0	33.0	33.0	50.1	52.7	62.0	65.0
2013-10-22	34870.0	1976.0	6321.0	30134.0	25746.0	63.0	106.0	53.0	35.3	64.7	52.2
2013-10-29	39865.0	2852.0	5498.0	33776.0	31079.0	14.0	65.0	60.5	41.4	67.5	56.0
2013-11-05	40438.0	2166.0	4997.0	34860.0	31963.0	0.0	66.0	79.1	47.2	84.0	63.9
2013-11-12	46967.0	2118.0	4945.0	41180.0	38281.0	23.0	95.0	76.3	46.3	79.5	59.9
2013-11-19	57306.0	2586.0	4070.0	49735.0	48260.0	14.0	5.0	74.3	46.3	79.0	61.2
2013-11-26	63923.0	2663.0	4734.0	56436.0	54362.0	2.0	5.0	75.2	46.7	79.5	61.3
2013-12-03	44868.0	1768.0	3802.0	38555.0	36511.0	293.0	303.0	65.3	42.5	69.8	55.1
2013-12-10	49457.0	1630.0	4363.0	43410.0	40656.0	283.0	304.0	69.2	42.9	73.6	55.5
2013-12-17	51769.0	1383.0	5059.0	45787.0	42209.0	332.0	234.0	67.4	40.0	71.1	54.3
2013-12-24	54731.0	1312.0	6005.0	48769.0	44125.0	304.0	255.0	71.1	37.1	73.5	55.5
2014-01-07	46220.0	1204.0	4566.0	39956.0	36594.0	1264.0	1264.0	69.5	44.6	72.5	64.2
2014-01-14	47263.0	966.0	5296.0	41714.0	37384.0	1300.0	1300.0	72.2	39.7	77.3	59.9
2014-01-21	46720.0	1365.0	5412.0	41874.0	37798.0	666.0	695.0	70.9	37.9	77.5	60.9
2014-01-28	48703.0	1851.0	5091.0	43234.0	39964.0	44.0	74.0	70.0	39.8	77.6	60.1
2014-02-04	38016.0	2505.0	3894.0	32553.0	31084.0	20.0	100.0	42.5	27.2	48.8	43.3
2014-02-11	46717.0	3107.0	4785.0	40748.0	39070.0	40.0	40.0	40.6	26.5	47.8	45.0
2014-02-18	45919.0	2524.0	5218.0	41103.0	38189.0	117.0	337.0	41.3	36.6	51.7	51.2
2014-02-25	49530.0	3376.0	6222.0	44608.0	41593.0	101.0	270.0	41.1	32.6	49.5	47.3
2014-03-04	43785.0	2019.0	5655.0	39745.0	36596.0	774.0	287.0	50.4	37.7	56.5	52.0
2014-03-11	54607.0	1582.0	7695.0	50934.0	44610.0	30.0	241.0	57.1	33.9	61.3	49.1
2014-03-18	66778.0	1566.0	8097.0	62871.0	56129.0	30.0	241.0	46.7	27.9	50.0	40.1
2014-03-25	77485.0	1233.0	9317.0	73349.0	65054.0	30.0	241.0	47.6	29.6	50.2	41.7
2014-04-01	53975.0	1077.0	7089.0	50858.0	44668.0	5.0	183.0	40.8	34.3	50.6	48.4
2014-04-08	64992.0	1328.0	11787.0	61118.0	50481.0	5.0	183.0	42.6	30.5	50.4	46.6
2014-04-15	71497.0	1558.0	12574.0	67313.0	56191.0	74.0	180.0	39.8	26.9	47.2	43.0
2014-04-22	73405.0	1073.0	13216.0	69328.0	57205.0	250.0	230.0	36.8	27.5	44.4	39.7
2014-04-29	79330.0	1167.0	11815.0	75039.0	64211.0	0.0	180.0	34.3	25.3	41.1	36.5
2014-05-06	66176.0	825.0	13573.0	63040.0	50232.0	100.0	160.0	57.7	34.8	60.2	48.2
2014-05-13	70261.0	694.0	14429.0	67338.0	53425.0	0.0	178.0	58.8	32.0	60.8	45.4
2014-05-20	73799.0	478.0	11346.0	70884.0	55963.0	0.0	4053.0	57.5	26.6	59.0	39.0
2014-05-27	75410.0	528.0	14885.0	72473.0	57928.0	0.0	188.0	60.3	27.4	61.4	40.9
2014-06-03	81039.0	495.0	15824.0	77904.0	62400.0	16.0	191.0	65.5	26.0	65.8	40.3
