2016-02-09	20437.0	4489.0	6700.0	14148.0	11321.0	0.0	616.0	46.9	40.5	50.8	47.3
2016-02-16	22829.0	4781.0	7806.0	15150.0	11509.0	0.0	616.0	43.6	37.5	50.4	45.3
2016-02-23	25791.0	4967.0	8786.0	17692.0	13257.0	0.0	616.0	39.6	44.0	49.3	48.6
2016-03-01	20409.0	3416.0	5458.0	14232.0	11584.0	94.0	700.0	46.1	45.0	54.1	51.0
2016-03-08	20335.0	3868.0	5476.0	14183.0	12575.0	0.0	0.0	35.3	41.0	48.4	50.9
2016-03-15	21669.0	3862.0	4704.0	15065.0	14175.0	21.0	69.0	32.7	35.0	43.1	42.7
2016-03-22	22527.0	3283.0	7111.0	15859.0	11983.0	193.0	241.0	42.2	42.9	50.6	50.2
2016-03-29	18538.0	1668.0	2761.0	14014.0	12837.0	51.0	135.0	41.7	36.6	46.6	44.2
2016-04-05	19268.0	1748.0	3790.0	14513.0	12387.0	189.0	273.0	41.8	33.8	46.7	43.5
2016-04-12	20803.0	3666.0	3980.0	13746.0	13338.0	37.0	131.0	36.5	36.9	46.3	45.3
2016-04-19	22668.0	3469.0	3631.0	15450.0	15194.0	0.0	94.0	39.0	39.8	47.3	46.0
2016-04-26	42062.0	6458.0	7545.0	18021.0	15382.0	12973.0	14525.0	21.2	21.7	27.6	28.1
2016-05-03	20802.0	4007.0	1801.0	13113.0	15319.0	209.0	209.0	33.8	41.1	42.5	44.1
2016-05-10	22253.0	3909.0	1648.0	13846.0	16107.0	0.0	0.0	31.0	36.0	38.8	39.1
2016-05-17	23058.0	3996.0	1947.0	14240.0	16289.0	21.0	21.0	29.0	34.1	37.2	38.5
2016-05-24	23123.0	4013.0	2589.0	14347.0	15771.0	0.0	0.0	28.9	33.0	36.4	38.1
2016-05-31	21756.0	3792.0	2173.0	14183.0	15802.0	0.0	0.0	31.5	38.2	40.6	43.6
2016-06-07	25476.0	4940.0	2374.0	16613.0	19179.0	0.0	0.0	30.1	35.2	39.4	40.4
2016-06-14	25203.0	4786.0	2376.0	16121.0	18531.0	0.0	0.0	30.2	35.4	39.9	40.5
2016-06-21	26642.0	5347.0	2891.0	16926.0	19382.0	0.0	0.0	32.8	37.7	41.2	42.9
2016-06-28	24639.0	4848.0	1617.0	15757.0	18988.0	158.0	158.0	29.6	35.9	39.2	40.5
2016-07-05	25580.0	4749.0	2048.0	16383.0	19084.0	450.0	450.0	28.4	32.4	37.2	37.9
2016-07-12	28834.0	6800.0	1628.0	17675.0	22847.0	44.0	44.0	28.1	36.3	39.3	41.6
2016-07-19	29651.0	6827.0	1336.0	17692.0	23183.0	0.0	0.0	27.9	36.7	38.6	40.7
2016-07-26	50316.0	8847.0	8514.0	22591.0	23045.0	12614.0	12493.0	23.5	25.6	32.1	34.1
2016-08-02	31067.0	6349.0	4430.0	20311.0	22172.0	0.0	58.0	30.6	27.4	38.9	35.8
2016-08-09	31729.0	6103.0	4674.0	20855.0	22279.0	36.0	41.0	30.4	26.9	38.4	35.4
2016-08-16	34194.0	6209.0	5900.0	22851.0	23155.0	200.0	205.0	29.2	27.6	38.1	35.2
2016-08-23	34038.0	6463.0	6118.0	22788.0	23128.0	3.0	8.0	30.0	27.1	38.7	35.2
2016-08-30	30364.0	7373.0	5087.0	19705.0	21986.0	0.0	5.0	46.3	43.2	52.7	53.0
2016-09-06	32226.0	7182.0	5249.0	20981.0	22909.0	519.0	524.0	44.4	40.6	50.4	50.0
2016-09-13	35316.0	7379.0	5893.0	23881.0	25370.0	8.0	5.0	39.7	34.4	45.0	43.9
2016-09-20	35277.0	7752.0	6399.0	23634.0	24985.0	176.0	178.0	43.8	37.7	49.6	48.1
2016-09-27	38629.0	8774.0	6026.0	25735.0	25883.0	0.0	2600.0	32.8	28.4	42.9	36.7
2016-10-04	28779.0	8037.0	466.0	18032.0	25669.0	66.0	0.0	41.4	51.8	49.9	53.9
2016-10-11	30615.0	8025.0	583.0	19289.0	26722.0	0.0	9.0	39.9	48.3	47.2	50.5
2016-10-18	32435.0	6260.0	915.0	20776.0	26055.0	0.0	66.0	28.5	37.7	36.3	40.2
2016-10-25	31848.0	6561.0	686.0	20088.0	25963.0	0.0	0.0	30.6	39.8	38.2	41.8
2016-11-01	29826.0	5405.0	1019.0	19267.0	23720.0	150.0	83.0	32.8	36.0	38.0	39.4
2016-11-08	31124.0	4800.0	1130.0	20124.0	23861.0	150.0	83.0	28.9	32.5	33.5	35.4
2016-11-15	32348.0	4083.0	1386.0	21866.0	24630.0	150.0	83.0	28.1	30.7	33.1	34.0
2016-11-22	32422.0	4161.0	1169.0	21613.0	24816.0	293.0	82.0	27.3	31.7	32.6	35.1
2016-11-29	29683.0	3645.0	2150.0	20607.0	22243.0	167.0	26.0	33.3	35.3	39.1	39.4
2016-12-06	31503.0	4225.0	3858.0	22531.0	23039.0	235.0	94.0	41.1	41.7	47.6	46.6
2016-12-13	32868.0	3344.0	3476.0	24180.0	24189.0	168.0	27.0	37.7	38.1	43.9	42.3
2016-12-20	33452.0	3357.0	3594.0	24720.0	24624.0	167.0	26.0	36.1	36.4	42.0	40.6
2016-12-27	85076.0	11574.0	4592.0	29888.0	23101.0	40577.0	54346.0	25.3	13.4	30.8	16.0
2017-01-03	25532.0	5535.0	700.0	17639.0	22522.0	240.0	192.0	58.2	65.4	64.6	67.8
2017-01-10	28685.0	5202.0	1067.0	19938.0	24121.0	725.0	677.0	53.9	58.6	59.4	61.1
2017-01-17	30513.0	6567.0	879.0	20884.0	26609.0	272.0	235.0	54.2	60.3	60.2	62.8
2017-01-24	30022.0	6897.0	1812.0	20450.0	25364.0	88.0	259.0	52.8	58.2	58.8	62.0
2017-01-31	30462.0	7342.0	1286.0	20299.0	26231.0	93.0	217.0	49.5	57.3	56.8	60.6
