2014-08-26	18813.0	357.0	925.0	17845.0	16234.0	611.0	1654.0	55.0	76.8	80.9	88.4
2014-09-16	13659.0	544.0	0.0	10312.0	11599.0	1806.0	1063.0	44.5	71.6	61.0	80.0
2014-09-23	18344.0	387.0	509.0	16107.0	16051.0	810.0	744.0	54.3	77.1	71.2	87.2
2014-10-21	14559.0	425.0	691.0	10399.0	12107.0	2336.0	362.0	47.8	57.1	66.7	81.1
2014-10-28	18411.0	458.0	1.0	15358.0	15059.0	400.0	1156.0	49.9	65.2	67.3	80.6
2014-11-25	21223.0	1700.0	0.0	18794.0	20168.0	729.0	1055.0	42.8	80.8	66.6	90.2
2014-12-23	17824.0	867.0	0.0	15620.0	16651.0	1337.0	1173.0	52.4	86.1	77.3	91.0
2015-01-27	24595.0	1548.0	438.0	22724.0	23516.0	323.0	641.0	45.7	86.6	75.0	96.5
2015-02-24	18774.0	870.0	983.0	17644.0	17233.0	260.0	558.0	48.2	82.2	69.9	94.3
2015-03-24	16602.0	800.0	2.0	14183.0	15209.0	715.0	487.0	54.4	68.0	69.5	80.1
2015-04-28	22814.0	526.0	451.0	21143.0	21440.0	1145.0	923.0	53.6	74.8	76.6	92.5
2015-05-26	18628.0	427.0	429.0	17390.0	17793.0	811.0	406.0	54.5	79.9	74.8	92.5
